Generación,Media,Mejor,Peor,Cruzas,Mutaciones,Inversiones,Costo,Permutación
1,2.04679e-06,2.20721e-06,1.87964e-06,50,100,100,453060,9 0 1 5 2 4 6 13 10 14 3 7 11 12 8 
2,2.0474e-06,2.20721e-06,1.89816e-06,50,100,100,453060,9 0 1 5 2 4 6 13 10 14 3 7 11 12 8 
3,2.05397e-06,2.21346e-06,1.91987e-06,50,100,100,451780,3 8 5 7 0 12 10 2 13 1 4 14 6 9 11 
4,2.05642e-06,2.26649e-06,1.90112e-06,50,100,100,441210,8 10 2 7 0 3 6 5 14 13 4 9 1 11 12 
5,2.0467e-06,2.26649e-06,1.89767e-06,50,100,100,441210,8 10 2 7 0 3 6 5 14 13 4 9 1 11 12 
6,2.05419e-06,2.26649e-06,1.87764e-06,50,100,100,441210,8 10 2 7 0 3 6 5 14 13 4 9 1 11 12 
7,2.04785e-06,2.26649e-06,1.90742e-06,50,100,100,441210,8 10 2 7 0 3 6 5 14 13 4 9 1 11 12 
8,2.04177e-06,2.26649e-06,1.88185e-06,50,100,100,441210,8 10 2 7 0 3 6 5 14 13 4 9 1 11 12 
9,2.04912e-06,2.28937e-06,1.91753e-06,50,100,100,436800,2 3 0 6 5 11 14 8 1 13 4 12 7 10 9 
10,2.03995e-06,2.28937e-06,1.90899e-06,50,100,100,436800,2 3 0 6 5 11 14 8 1 13 4 12 7 10 9 
11,2.04606e-06,2.28937e-06,1.90725e-06,50,100,100,436800,2 3 0 6 5 11 14 8 1 13 4 12 7 10 9 
12,2.04676e-06,2.28937e-06,1.91304e-06,50,100,100,436800,2 3 0 6 5 11 14 8 1 13 4 12 7 10 9 
13,2.05684e-06,2.28937e-06,1.92157e-06,50,100,100,436800,2 3 0 6 5 11 14 8 1 13 4 12 7 10 9 
14,2.06087e-06,2.28937e-06,1.85951e-06,50,100,100,436800,2 3 0 6 5 11 14 8 1 13 4 12 7 10 9 
15,2.06567e-06,2.28937e-06,1.92475e-06,50,100,100,436800,2 3 0 6 5 11 14 8 1 13 4 12 7 10 9 
16,2.06615e-06,2.29932e-06,1.91235e-06,50,100,100,434910,3 2 0 7 5 6 4 11 9 14 8 1 13 12 10 
17,2.067e-06,2.29932e-06,1.93908e-06,50,100,100,434910,3 2 0 7 5 6 4 11 9 14 8 1 13 12 10 
18,2.06022e-06,2.29932e-06,1.94919e-06,50,100,100,434910,3 2 0 7 5 6 4 11 9 14 8 1 13 12 10 
19,2.05745e-06,2.29932e-06,1.88684e-06,50,100,100,434910,3 2 0 7 5 6 4 11 9 14 8 1 13 12 10 
20,2.04721e-06,2.29932e-06,1.92238e-06,50,100,100,434910,3 2 0 7 5 6 4 11 9 14 8 1 13 12 10 
21,2.05343e-06,2.29932e-06,1.88811e-06,50,100,100,434910,3 2 0 7 5 6 4 11 9 14 8 1 13 12 10 
22,2.0458e-06,2.29932e-06,1.91223e-06,50,100,100,434910,3 2 0 7 5 6 4 11 9 14 8 1 13 12 10 
23,2.04079e-06,2.29932e-06,1.91302e-06,50,100,100,434910,3 2 0 7 5 6 4 11 9 14 8 1 13 12 10 
24,2.05114e-06,2.29932e-06,1.91051e-06,50,100,100,434910,3 2 0 7 5 6 4 11 9 14 8 1 13 12 10 
25,2.07078e-06,2.29932e-06,1.91206e-06,50,100,100,434910,3 2 0 7 5 6 4 11 9 14 8 1 13 12 10 
26,2.05087e-06,2.29932e-06,1.90876e-06,50,100,100,434910,3 2 0 7 5 6 4 11 9 14 8 1 13 12 10 
27,2.06178e-06,2.29932e-06,1.9176e-06,50,100,100,434910,3 2 0 7 5 6 4 11 9 14 8 1 13 12 10 
28,2.05069e-06,2.30585e-06,1.89202e-06,50,100,100,433678,7 1 5 8 3 2 6 14 11 4 9 10 0 13 12 
29,2.06024e-06,2.30585e-06,1.93378e-06,50,100,100,433678,7 1 5 8 3 2 6 14 11 4 9 10 0 13 12 
30,2.05584e-06,2.30585e-06,1.93852e-06,50,100,100,433678,7 1 5 8 3 2 6 14 11 4 9 10 0 13 12 
31,2.04782e-06,2.30585e-06,1.90523e-06,50,100,100,433678,7 1 5 8 3 2 6 14 11 4 9 10 0 13 12 
32,2.05487e-06,2.30585e-06,1.88251e-06,50,100,100,433678,7 1 5 8 3 2 6 14 11 4 9 10 0 13 12 
33,2.0709e-06,2.30667e-06,1.90279e-06,50,100,100,433524,2 4 6 0 7 8 9 3 5 1 14 13 10 12 11 
34,2.06842e-06,2.31752e-06,1.92525e-06,50,100,100,431494,9 1 14 0 13 10 3 8 11 4 2 7 6 5 12 
35,2.0688e-06,2.31752e-06,1.89433e-06,50,100,100,431494,9 1 14 0 13 10 3 8 11 4 2 7 6 5 12 
36,2.06021e-06,2.31752e-06,1.92765e-06,50,100,100,431494,9 1 14 0 13 10 3 8 11 4 2 7 6 5 12 
37,2.07183e-06,2.31752e-06,1.91146e-06,50,100,100,431494,9 1 14 0 13 10 3 8 11 4 2 7 6 5 12 
38,2.05405e-06,2.31752e-06,1.86559e-06,50,100,100,431494,9 1 14 0 13 10 3 8 11 4 2 7 6 5 12 
39,2.06246e-06,2.31752e-06,1.92834e-06,50,100,100,431494,9 1 14 0 13 10 3 8 11 4 2 7 6 5 12 
40,2.04646e-06,2.31752e-06,1.92472e-06,50,100,100,431494,9 1 14 0 13 10 3 8 11 4 2 7 6 5 12 
41,2.05355e-06,2.31752e-06,1.87957e-06,50,100,100,431494,9 1 14 0 13 10 3 8 11 4 2 7 6 5 12 
42,2.04657e-06,2.31752e-06,1.90437e-06,50,100,100,431494,9 1 14 0 13 10 3 8 11 4 2 7 6 5 12 
43,2.06809e-06,2.31799e-06,1.91787e-06,50,100,100,431408,14 1 7 9 13 0 3 8 11 4 2 10 6 5 12 
44,2.05742e-06,2.31799e-06,1.9181e-06,50,100,100,431408,14 1 7 9 13 0 3 8 11 4 2 10 6 5 12 
45,2.05771e-06,2.31799e-06,1.90379e-06,50,100,100,431408,14 1 7 9 13 0 3 8 11 4 2 10 6 5 12 
46,2.05607e-06,2.31799e-06,1.89369e-06,50,100,100,431408,14 1 7 9 13 0 3 8 11 4 2 10 6 5 12 
47,2.06727e-06,2.31799e-06,1.93322e-06,50,100,100,431408,14 1 7 9 13 0 3 8 11 4 2 10 6 5 12 
48,2.04326e-06,2.31799e-06,1.88505e-06,50,100,100,431408,14 1 7 9 13 0 3 8 11 4 2 10 6 5 12 
49,2.04602e-06,2.31799e-06,1.92707e-06,50,100,100,431408,14 1 7 9 13 0 3 8 11 4 2 10 6 5 12 
50,2.06936e-06,2.37673e-06,1.91349e-06,50,100,100,420746,8 1 7 9 13 0 3 4 11 14 2 10 6 5 12 
51,2.07074e-06,2.37673e-06,1.90977e-06,50,100,100,420746,8 1 7 9 13 0 3 4 11 14 2 10 6 5 12 
52,2.06714e-06,2.37673e-06,1.9151e-06,50,100,100,420746,8 1 7 9 13 0 3 4 11 14 2 10 6 5 12 
53,2.05772e-06,2.37673e-06,1.93066e-06,50,100,100,420746,8 1 7 9 13 0 3 4 11 14 2 10 6 5 12 
54,2.06008e-06,2.37673e-06,1.88483e-06,50,100,100,420746,8 1 7 9 13 0 3 4 11 14 2 10 6 5 12 
55,2.05517e-06,2.37673e-06,1.904e-06,50,100,100,420746,8 1 7 9 13 0 3 4 11 14 2 10 6 5 12 
56,2.05965e-06,2.37673e-06,1.91087e-06,50,100,100,420746,8 1 7 9 13 0 3 4 11 14 2 10 6 5 12 
57,2.0653e-06,2.37673e-06,1.93313e-06,50,100,100,420746,8 1 7 9 13 0 3 4 11 14 2 10 6 5 12 
58,2.07292e-06,2.37673e-06,1.94808e-06,50,100,100,420746,8 1 7 9 13 0 3 4 11 14 2 10 6 5 12 
59,2.05585e-06,2.37673e-06,1.91993e-06,50,100,100,420746,8 1 7 9 13 0 3 4 11 14 2 10 6 5 12 
60,2.06885e-06,2.37673e-06,1.90112e-06,50,100,100,420746,8 1 7 9 13 0 3 4 11 14 2 10 6 5 12 
61,2.07562e-06,2.37673e-06,1.9301e-06,50,100,100,420746,8 1 7 9 13 0 3 4 11 14 2 10 6 5 12 
62,2.0651e-06,2.37673e-06,1.91599e-06,50,100,100,420746,8 1 7 9 13 0 3 4 11 14 2 10 6 5 12 
63,2.05672e-06,2.37673e-06,1.87845e-06,50,100,100,420746,8 1 7 9 13 0 3 4 11 14 2 10 6 5 12 
64,2.06865e-06,2.37673e-06,1.90807e-06,50,100,100,420746,8 1 7 9 13 0 3 4 11 14 2 10 6 5 12 
65,2.06885e-06,2.37673e-06,1.92472e-06,50,100,100,420746,8 1 7 9 13 0 3 4 11 14 2 10 6 5 12 
66,2.06142e-06,2.38149e-06,1.89534e-06,50,100,100,419904,8 6 7 0 13 4 1 10 3 2 5 14 11 12 9 
67,2.06285e-06,2.38149e-06,1.90511e-06,50,100,100,419904,8 6 7 0 13 4 1 10 3 2 5 14 11 12 9 
68,2.05369e-06,2.38149e-06,1.89741e-06,50,100,100,419904,8 6 7 0 13 4 1 10 3 2 5 14 11 12 9 
69,2.06065e-06,2.38149e-06,1.90791e-06,50,100,100,419904,8 6 7 0 13 4 1 10 3 2 5 14 11 12 9 
70,2.06153e-06,2.38149e-06,1.92465e-06,50,100,100,419904,8 6 7 0 13 4 1 10 3 2 5 14 11 12 9 
71,2.07564e-06,2.38149e-06,1.92172e-06,50,100,100,419904,8 6 7 0 13 4 1 10 3 2 5 14 11 12 9 
72,2.07332e-06,2.38149e-06,1.95369e-06,50,100,100,419904,8 6 7 0 13 4 1 10 3 2 5 14 11 12 9 
73,2.07153e-06,2.38149e-06,1.93899e-06,50,100,100,419904,8 6 7 0 13 4 1 10 3 2 5 14 11 12 9 
74,2.06744e-06,2.38149e-06,1.90836e-06,50,100,100,419904,8 6 7 0 13 4 1 10 3 2 5 14 11 12 9 
75,2.06358e-06,2.38149e-06,1.92378e-06,50,100,100,419904,8 6 7 0 13 4 1 10 3 2 5 14 11 12 9 
76,2.07053e-06,2.38149e-06,1.91049e-06,50,100,100,419904,8 6 7 0 13 4 1 10 3 2 5 14 11 12 9 
77,2.06759e-06,2.38149e-06,1.91895e-06,50,100,100,419904,8 6 7 0 13 4 1 10 3 2 5 14 11 12 9 
78,2.05841e-06,2.38149e-06,1.89881e-06,50,100,100,419904,8 6 7 0 13 4 1 10 3 2 5 14 11 12 9 
79,2.05906e-06,2.38149e-06,1.91314e-06,50,100,100,419904,8 6 7 0 13 4 1 10 3 2 5 14 11 12 9 
80,2.06096e-06,2.38149e-06,1.93647e-06,50,100,100,419904,8 6 7 0 13 4 1 10 3 2 5 14 11 12 9 
81,2.05346e-06,2.38149e-06,1.9267e-06,50,100,100,419904,8 6 7 0 13 4 1 10 3 2 5 14 11 12 9 
82,2.05872e-06,2.38149e-06,1.89299e-06,50,100,100,419904,8 6 7 0 13 4 1 10 3 2 5 14 11 12 9 
83,2.05737e-06,2.38149e-06,1.90847e-06,50,100,100,419904,8 6 7 0 13 4 1 10 3 2 5 14 11 12 9 
84,2.07215e-06,2.38149e-06,1.91155e-06,50,100,100,419904,8 6 7 0 13 4 1 10 3 2 5 14 11 12 9 
85,2.07564e-06,2.38149e-06,1.92913e-06,50,100,100,419904,8 6 7 0 13 4 1 10 3 2 5 14 11 12 9 
86,2.06957e-06,2.38149e-06,1.91285e-06,50,100,100,419904,8 6 7 0 13 4 1 10 3 2 5 14 11 12 9 
87,2.05648e-06,2.38149e-06,1.87165e-06,50,100,100,419904,8 6 7 0 13 4 1 10 3 2 5 14 11 12 9 
88,2.06603e-06,2.38149e-06,1.90399e-06,50,100,100,419904,8 6 7 0 13 4 1 10 3 2 5 14 11 12 9 
89,2.05439e-06,2.38149e-06,1.91039e-06,50,100,100,419904,8 6 7 0 13 4 1 10 3 2 5 14 11 12 9 
90,2.0666e-06,2.38149e-06,1.91365e-06,50,100,100,419904,8 6 7 0 13 4 1 10 3 2 5 14 11 12 9 
91,2.06991e-06,2.38149e-06,1.92537e-06,50,100,100,419904,8 6 7 0 13 4 1 10 3 2 5 14 11 12 9 
92,2.0692e-06,2.38149e-06,1.88767e-06,50,100,100,419904,8 6 7 0 13 4 1 10 3 2 5 14 11 12 9 
93,2.04967e-06,2.38149e-06,1.9014e-06,50,100,100,419904,8 6 7 0 13 4 1 10 3 2 5 14 11 12 9 
94,2.05547e-06,2.38149e-06,1.89323e-06,50,100,100,419904,8 6 7 0 13 4 1 10 3 2 5 14 11 12 9 
95,2.05954e-06,2.38149e-06,1.92375e-06,50,100,100,419904,8 6 7 0 13 4 1 10 3 2 5 14 11 12 9 
96,2.06533e-06,2.38149e-06,1.90639e-06,50,100,100,419904,8 6 7 0 13 4 1 10 3 2 5 14 11 12 9 
97,2.06311e-06,2.38149e-06,1.90925e-06,50,100,100,419904,8 6 7 0 13 4 1 10 3 2 5 14 11 12 9 
98,2.06035e-06,2.38149e-06,1.90158e-06,50,100,100,419904,8 6 7 0 13 4 1 10 3 2 5 14 11 12 9 
99,2.07486e-06,2.38149e-06,1.93772e-06,50,100,100,419904,8 6 7 0 13 4 1 10 3 2 5 14 11 12 9 
100,2.07107e-06,2.38149e-06,1.89886e-06,50,100,100,419904,8 6 7 0 13 4 1 10 3 2 5 14 11 12 9 
101,2.0659e-06,2.38149e-06,1.91833e-06,50,100,100,419904,8 6 7 0 13 4 1 10 3 2 5 14 11 12 9 
102,2.06867e-06,2.38149e-06,1.89194e-06,50,100,100,419904,8 6 7 0 13 4 1 10 3 2 5 14 11 12 9 
103,2.06812e-06,2.38149e-06,1.91776e-06,50,100,100,419904,8 6 7 0 13 4 1 10 3 2 5 14 11 12 9 
104,2.06923e-06,2.38149e-06,1.90391e-06,50,100,100,419904,8 6 7 0 13 4 1 10 3 2 5 14 11 12 9 
105,2.06872e-06,2.38149e-06,1.9084e-06,50,100,100,419904,8 6 7 0 13 4 1 10 3 2 5 14 11 12 9 
106,2.06953e-06,2.38149e-06,1.90652e-06,50,100,100,419904,8 6 7 0 13 4 1 10 3 2 5 14 11 12 9 
107,2.06954e-06,2.38149e-06,1.90802e-06,50,100,100,419904,8 6 7 0 13 4 1 10 3 2 5 14 11 12 9 
108,2.05266e-06,2.38149e-06,1.92725e-06,50,100,100,419904,8 6 7 0 13 4 1 10 3 2 5 14 11 12 9 
109,2.04856e-06,2.38149e-06,1.87824e-06,50,100,100,419904,8 6 7 0 13 4 1 10 3 2 5 14 11 12 9 
110,2.06237e-06,2.38149e-06,1.91833e-06,50,100,100,419904,8 6 7 0 13 4 1 10 3 2 5 14 11 12 9 
111,2.05666e-06,2.38149e-06,1.89722e-06,50,100,100,419904,8 6 7 0 13 4 1 10 3 2 5 14 11 12 9 
112,2.05122e-06,2.38149e-06,1.88542e-06,50,100,100,419904,8 6 7 0 13 4 1 10 3 2 5 14 11 12 9 
113,2.06267e-06,2.38149e-06,1.87887e-06,50,100,100,419904,8 6 7 0 13 4 1 10 3 2 5 14 11 12 9 
114,2.06535e-06,2.38149e-06,1.92267e-06,50,100,100,419904,8 6 7 0 13 4 1 10 3 2 5 14 11 12 9 
115,2.06501e-06,2.38149e-06,1.91743e-06,50,100,100,419904,8 6 7 0 13 4 1 10 3 2 5 14 11 12 9 
116,2.06086e-06,2.38149e-06,1.92109e-06,50,100,100,419904,8 6 7 0 13 4 1 10 3 2 5 14 11 12 9 
117,2.0643e-06,2.38149e-06,1.90248e-06,50,100,100,419904,8 6 7 0 13 4 1 10 3 2 5 14 11 12 9 
118,2.05708e-06,2.38149e-06,1.93497e-06,50,100,100,419904,8 6 7 0 13 4 1 10 3 2 5 14 11 12 9 
119,2.05272e-06,2.38149e-06,1.91865e-06,50,100,100,419904,8 6 7 0 13 4 1 10 3 2 5 14 11 12 9 
120,2.0635e-06,2.38149e-06,1.92656e-06,50,100,100,419904,8 6 7 0 13 4 1 10 3 2 5 14 11 12 9 
121,2.05701e-06,2.38149e-06,1.90647e-06,50,100,100,419904,8 6 7 0 13 4 1 10 3 2 5 14 11 12 9 
122,2.06535e-06,2.38149e-06,1.91296e-06,50,100,100,419904,8 6 7 0 13 4 1 10 3 2 5 14 11 12 9 
123,2.06943e-06,2.38149e-06,1.87119e-06,50,100,100,419904,8 6 7 0 13 4 1 10 3 2 5 14 11 12 9 
124,2.06056e-06,2.38149e-06,1.92313e-06,50,100,100,419904,8 6 7 0 13 4 1 10 3 2 5 14 11 12 9 
125,2.05748e-06,2.38149e-06,1.91161e-06,50,100,100,419904,8 6 7 0 13 4 1 10 3 2 5 14 11 12 9 
126,2.06976e-06,2.38149e-06,1.92531e-06,50,100,100,419904,8 6 7 0 13 4 1 10 3 2 5 14 11 12 9 
127,2.06936e-06,2.38149e-06,1.91125e-06,50,100,100,419904,8 6 7 0 13 4 1 10 3 2 5 14 11 12 9 
128,2.06397e-06,2.38149e-06,1.91957e-06,50,100,100,419904,8 6 7 0 13 4 1 10 3 2 5 14 11 12 9 
129,2.08745e-06,2.38149e-06,1.91321e-06,50,100,100,419904,8 6 7 0 13 4 1 10 3 2 5 14 11 12 9 
130,2.09017e-06,2.38149e-06,1.9177e-06,50,100,100,419904,8 6 7 0 13 4 1 10 3 2 5 14 11 12 9 
131,2.06104e-06,2.38149e-06,1.90244e-06,50,100,100,419904,8 6 7 0 13 4 1 10 3 2 5 14 11 12 9 
132,2.06008e-06,2.38149e-06,1.93196e-06,50,100,100,419904,8 6 7 0 13 4 1 10 3 2 5 14 11 12 9 
133,2.07202e-06,2.38149e-06,1.91189e-06,50,100,100,419904,8 6 7 0 13 4 1 10 3 2 5 14 11 12 9 
134,2.06876e-06,2.38149e-06,1.93533e-06,50,100,100,419904,8 6 7 0 13 4 1 10 3 2 5 14 11 12 9 
135,2.06634e-06,2.38149e-06,1.90743e-06,50,100,100,419904,8 6 7 0 13 4 1 10 3 2 5 14 11 12 9 
136,2.06797e-06,2.38149e-06,1.92209e-06,50,100,100,419904,8 6 7 0 13 4 1 10 3 2 5 14 11 12 9 
137,2.06504e-06,2.38149e-06,1.88482e-06,50,100,100,419904,8 6 7 0 13 4 1 10 3 2 5 14 11 12 9 
138,2.05112e-06,2.38149e-06,1.90652e-06,50,100,100,419904,8 6 7 0 13 4 1 10 3 2 5 14 11 12 9 
139,2.0562e-06,2.38149e-06,1.91817e-06,50,100,100,419904,8 6 7 0 13 4 1 10 3 2 5 14 11 12 9 
140,2.05732e-06,2.38149e-06,1.90083e-06,50,100,100,419904,8 6 7 0 13 4 1 10 3 2 5 14 11 12 9 
141,2.05365e-06,2.38149e-06,1.92893e-06,50,100,100,419904,8 6 7 0 13 4 1 10 3 2 5 14 11 12 9 
142,2.05959e-06,2.38149e-06,1.91739e-06,50,100,100,419904,8 6 7 0 13 4 1 10 3 2 5 14 11 12 9 
143,2.05875e-06,2.38149e-06,1.92844e-06,50,100,100,419904,8 6 7 0 13 4 1 10 3 2 5 14 11 12 9 
144,2.06068e-06,2.38149e-06,1.91476e-06,50,100,100,419904,8 6 7 0 13 4 1 10 3 2 5 14 11 12 9 
145,2.0647e-06,2.38149e-06,1.94186e-06,50,100,100,419904,8 6 7 0 13 4 1 10 3 2 5 14 11 12 9 
146,2.05932e-06,2.38149e-06,1.92331e-06,50,100,100,419904,8 6 7 0 13 4 1 10 3 2 5 14 11 12 9 
147,2.05397e-06,2.38149e-06,1.90791e-06,50,100,100,419904,8 6 7 0 13 4 1 10 3 2 5 14 11 12 9 
148,2.06509e-06,2.38149e-06,1.90574e-06,50,100,100,419904,8 6 7 0 13 4 1 10 3 2 5 14 11 12 9 
149,2.06162e-06,2.38149e-06,1.91205e-06,50,100,100,419904,8 6 7 0 13 4 1 10 3 2 5 14 11 12 9 
150,2.06967e-06,2.38149e-06,1.9236e-06,50,100,100,419904,8 6 7 0 13 4 1 10 3 2 5 14 11 12 9 
151,2.06906e-06,2.38149e-06,1.87945e-06,50,100,100,419904,8 6 7 0 13 4 1 10 3 2 5 14 11 12 9 
152,2.06474e-06,2.38149e-06,1.90504e-06,50,100,100,419904,8 6 7 0 13 4 1 10 3 2 5 14 11 12 9 
153,2.07461e-06,2.38149e-06,1.91897e-06,50,100,100,419904,8 6 7 0 13 4 1 10 3 2 5 14 11 12 9 
154,2.08156e-06,2.38149e-06,1.91295e-06,50,100,100,419904,8 6 7 0 13 4 1 10 3 2 5 14 11 12 9 
155,2.06193e-06,2.38149e-06,1.93448e-06,50,100,100,419904,8 6 7 0 13 4 1 10 3 2 5 14 11 12 9 
156,2.06133e-06,2.38149e-06,1.90922e-06,50,100,100,419904,8 6 7 0 13 4 1 10 3 2 5 14 11 12 9 
157,2.06742e-06,2.38149e-06,1.90149e-06,50,100,100,419904,8 6 7 0 13 4 1 10 3 2 5 14 11 12 9 
158,2.05585e-06,2.38149e-06,1.89869e-06,50,100,100,419904,8 6 7 0 13 4 1 10 3 2 5 14 11 12 9 
159,2.0578e-06,2.38149e-06,1.92771e-06,50,100,100,419904,8 6 7 0 13 4 1 10 3 2 5 14 11 12 9 
160,2.06812e-06,2.38149e-06,1.93887e-06,50,100,100,419904,8 6 7 0 13 4 1 10 3 2 5 14 11 12 9 
161,2.06576e-06,2.38149e-06,1.92636e-06,50,100,100,419904,8 6 7 0 13 4 1 10 3 2 5 14 11 12 9 
162,2.0721e-06,2.38149e-06,1.89394e-06,50,100,100,419904,8 6 7 0 13 4 1 10 3 2 5 14 11 12 9 
163,2.06328e-06,2.38149e-06,1.92885e-06,50,100,100,419904,8 6 7 0 13 4 1 10 3 2 5 14 11 12 9 
164,2.05318e-06,2.38149e-06,1.85736e-06,50,100,100,419904,8 6 7 0 13 4 1 10 3 2 5 14 11 12 9 
165,2.06321e-06,2.38149e-06,1.89646e-06,50,100,100,419904,8 6 7 0 13 4 1 10 3 2 5 14 11 12 9 
166,2.06922e-06,2.38149e-06,1.90941e-06,50,100,100,419904,8 6 7 0 13 4 1 10 3 2 5 14 11 12 9 
167,2.05633e-06,2.38149e-06,1.93385e-06,50,100,100,419904,8 6 7 0 13 4 1 10 3 2 5 14 11 12 9 
168,2.06728e-06,2.38149e-06,1.92844e-06,50,100,100,419904,8 6 7 0 13 4 1 10 3 2 5 14 11 12 9 
169,2.06359e-06,2.38149e-06,1.93157e-06,50,100,100,419904,8 6 7 0 13 4 1 10 3 2 5 14 11 12 9 
170,2.0602e-06,2.38149e-06,1.90716e-06,50,100,100,419904,8 6 7 0 13 4 1 10 3 2 5 14 11 12 9 
171,2.06226e-06,2.38149e-06,1.91173e-06,50,100,100,419904,8 6 7 0 13 4 1 10 3 2 5 14 11 12 9 
172,2.05895e-06,2.38149e-06,1.91878e-06,50,100,100,419904,8 6 7 0 13 4 1 10 3 2 5 14 11 12 9 
173,2.06375e-06,2.38149e-06,1.92222e-06,50,100,100,419904,8 6 7 0 13 4 1 10 3 2 5 14 11 12 9 
174,2.07515e-06,2.38149e-06,1.92097e-06,50,100,100,419904,8 6 7 0 13 4 1 10 3 2 5 14 11 12 9 
175,2.06276e-06,2.38149e-06,1.91127e-06,50,100,100,419904,8 6 7 0 13 4 1 10 3 2 5 14 11 12 9 
176,2.06632e-06,2.38149e-06,1.8677e-06,50,100,100,419904,8 6 7 0 13 4 1 10 3 2 5 14 11 12 9 
177,2.06559e-06,2.38149e-06,1.92172e-06,50,100,100,419904,8 6 7 0 13 4 1 10 3 2 5 14 11 12 9 
178,2.06808e-06,2.38149e-06,1.90682e-06,50,100,100,419904,8 6 7 0 13 4 1 10 3 2 5 14 11 12 9 
179,2.06667e-06,2.38149e-06,1.87933e-06,50,100,100,419904,8 6 7 0 13 4 1 10 3 2 5 14 11 12 9 
180,2.06314e-06,2.38149e-06,1.92833e-06,50,100,100,419904,8 6 7 0 13 4 1 10 3 2 5 14 11 12 9 
181,2.06216e-06,2.38149e-06,1.90221e-06,50,100,100,419904,8 6 7 0 13 4 1 10 3 2 5 14 11 12 9 
182,2.05567e-06,2.38149e-06,1.93422e-06,50,100,100,419904,8 6 7 0 13 4 1 10 3 2 5 14 11 12 9 
183,2.06642e-06,2.38149e-06,1.90209e-06,50,100,100,419904,8 6 7 0 13 4 1 10 3 2 5 14 11 12 9 
184,2.07484e-06,2.38149e-06,1.92246e-06,50,100,100,419904,8 6 7 0 13 4 1 10 3 2 5 14 11 12 9 
185,2.08474e-06,2.38149e-06,1.94768e-06,50,100,100,419904,8 6 7 0 13 4 1 10 3 2 5 14 11 12 9 
186,2.0736e-06,2.38149e-06,1.9184e-06,50,100,100,419904,8 6 7 0 13 4 1 10 3 2 5 14 11 12 9 
187,2.06289e-06,2.38149e-06,1.92886e-06,50,100,100,419904,8 6 7 0 13 4 1 10 3 2 5 14 11 12 9 
188,2.08192e-06,2.38149e-06,1.90715e-06,50,100,100,419904,8 6 7 0 13 4 1 10 3 2 5 14 11 12 9 
189,2.07475e-06,2.38149e-06,1.9063e-06,50,100,100,419904,8 6 7 0 13 4 1 10 3 2 5 14 11 12 9 
190,2.07767e-06,2.38149e-06,1.95479e-06,50,100,100,419904,8 6 7 0 13 4 1 10 3 2 5 14 11 12 9 
191,2.06638e-06,2.38149e-06,1.91706e-06,50,100,100,419904,8 6 7 0 13 4 1 10 3 2 5 14 11 12 9 
192,2.06336e-06,2.38149e-06,1.92089e-06,50,100,100,419904,8 6 7 0 13 4 1 10 3 2 5 14 11 12 9 
193,2.0575e-06,2.38149e-06,1.90398e-06,50,100,100,419904,8 6 7 0 13 4 1 10 3 2 5 14 11 12 9 
194,2.0666e-06,2.38149e-06,1.94451e-06,50,100,100,419904,8 6 7 0 13 4 1 10 3 2 5 14 11 12 9 
195,2.06765e-06,2.38149e-06,1.90429e-06,50,100,100,419904,8 6 7 0 13 4 1 10 3 2 5 14 11 12 9 
196,2.06406e-06,2.38149e-06,1.90368e-06,50,100,100,419904,8 6 7 0 13 4 1 10 3 2 5 14 11 12 9 
197,2.06822e-06,2.38149e-06,1.90342e-06,50,100,100,419904,8 6 7 0 13 4 1 10 3 2 5 14 11 12 9 
198,2.06114e-06,2.38149e-06,1.88984e-06,50,100,100,419904,8 6 7 0 13 4 1 10 3 2 5 14 11 12 9 
199,2.06851e-06,2.38149e-06,1.9219e-06,50,100,100,419904,8 6 7 0 13 4 1 10 3 2 5 14 11 12 9 
200,2.06154e-06,2.38149e-06,1.93455e-06,50,100,100,419904,8 6 7 0 13 4 1 10 3 2 5 14 11 12 9 
201,2.06146e-06,2.38149e-06,1.93236e-06,50,100,100,419904,8 6 7 0 13 4 1 10 3 2 5 14 11 12 9 
202,2.06029e-06,2.38149e-06,1.93615e-06,50,100,100,419904,8 6 7 0 13 4 1 10 3 2 5 14 11 12 9 
203,2.05874e-06,2.38149e-06,1.91378e-06,50,100,100,419904,8 6 7 0 13 4 1 10 3 2 5 14 11 12 9 
204,2.06709e-06,2.38149e-06,1.91751e-06,50,100,100,419904,8 6 7 0 13 4 1 10 3 2 5 14 11 12 9 
205,2.05789e-06,2.38149e-06,1.93571e-06,50,100,100,419904,8 6 7 0 13 4 1 10 3 2 5 14 11 12 9 
206,2.06997e-06,2.38149e-06,1.93982e-06,50,100,100,419904,8 6 7 0 13 4 1 10 3 2 5 14 11 12 9 
207,2.06876e-06,2.38149e-06,1.93368e-06,50,100,100,419904,8 6 7 0 13 4 1 10 3 2 5 14 11 12 9 
208,2.06116e-06,2.38149e-06,1.92468e-06,50,100,100,419904,8 6 7 0 13 4 1 10 3 2 5 14 11 12 9 
209,2.05652e-06,2.38149e-06,1.94111e-06,50,100,100,419904,8 6 7 0 13 4 1 10 3 2 5 14 11 12 9 
210,2.05454e-06,2.38149e-06,1.91362e-06,50,100,100,419904,8 6 7 0 13 4 1 10 3 2 5 14 11 12 9 
211,2.05788e-06,2.38149e-06,1.91453e-06,50,100,100,419904,8 6 7 0 13 4 1 10 3 2 5 14 11 12 9 
212,2.06486e-06,2.38149e-06,1.90925e-06,50,100,100,419904,8 6 7 0 13 4 1 10 3 2 5 14 11 12 9 
213,2.06075e-06,2.38149e-06,1.9222e-06,50,100,100,419904,8 6 7 0 13 4 1 10 3 2 5 14 11 12 9 
214,2.05987e-06,2.38149e-06,1.89531e-06,50,100,100,419904,8 6 7 0 13 4 1 10 3 2 5 14 11 12 9 
215,2.05778e-06,2.38149e-06,1.91087e-06,50,100,100,419904,8 6 7 0 13 4 1 10 3 2 5 14 11 12 9 
216,2.05937e-06,2.38149e-06,1.90635e-06,50,100,100,419904,8 6 7 0 13 4 1 10 3 2 5 14 11 12 9 
217,2.06763e-06,2.38149e-06,1.91371e-06,50,100,100,419904,8 6 7 0 13 4 1 10 3 2 5 14 11 12 9 
218,2.07194e-06,2.38149e-06,1.93797e-06,50,100,100,419904,8 6 7 0 13 4 1 10 3 2 5 14 11 12 9 
219,2.06503e-06,2.38149e-06,1.91212e-06,50,100,100,419904,8 6 7 0 13 4 1 10 3 2 5 14 11 12 9 
220,2.08304e-06,2.38149e-06,1.95106e-06,50,100,100,419904,8 6 7 0 13 4 1 10 3 2 5 14 11 12 9 
221,2.06782e-06,2.38149e-06,1.91613e-06,50,100,100,419904,8 6 7 0 13 4 1 10 3 2 5 14 11 12 9 
222,2.06243e-06,2.38149e-06,1.91515e-06,50,100,100,419904,8 6 7 0 13 4 1 10 3 2 5 14 11 12 9 
223,2.05014e-06,2.38149e-06,1.92039e-06,50,100,100,419904,8 6 7 0 13 4 1 10 3 2 5 14 11 12 9 
224,2.06491e-06,2.38149e-06,1.94418e-06,50,100,100,419904,8 6 7 0 13 4 1 10 3 2 5 14 11 12 9 
225,2.0699e-06,2.38149e-06,1.94226e-06,50,100,100,419904,8 6 7 0 13 4 1 10 3 2 5 14 11 12 9 
226,2.07442e-06,2.38149e-06,1.92854e-06,50,100,100,419904,8 6 7 0 13 4 1 10 3 2 5 14 11 12 9 
227,2.05809e-06,2.38149e-06,1.90523e-06,50,100,100,419904,8 6 7 0 13 4 1 10 3 2 5 14 11 12 9 
228,2.05532e-06,2.38149e-06,1.92539e-06,50,100,100,419904,8 6 7 0 13 4 1 10 3 2 5 14 11 12 9 
229,2.06285e-06,2.38149e-06,1.92259e-06,50,100,100,419904,8 6 7 0 13 4 1 10 3 2 5 14 11 12 9 
230,2.061e-06,2.38149e-06,1.92127e-06,50,100,100,419904,8 6 7 0 13 4 1 10 3 2 5 14 11 12 9 
231,2.07275e-06,2.38149e-06,1.89264e-06,50,100,100,419904,8 6 7 0 13 4 1 10 3 2 5 14 11 12 9 
232,2.06999e-06,2.38149e-06,1.93966e-06,50,100,100,419904,8 6 7 0 13 4 1 10 3 2 5 14 11 12 9 
233,2.05965e-06,2.38149e-06,1.92739e-06,50,100,100,419904,8 6 7 0 13 4 1 10 3 2 5 14 11 12 9 
234,2.0651e-06,2.38149e-06,1.92664e-06,50,100,100,419904,8 6 7 0 13 4 1 10 3 2 5 14 11 12 9 
235,2.06033e-06,2.38149e-06,1.88443e-06,50,100,100,419904,8 6 7 0 13 4 1 10 3 2 5 14 11 12 9 
236,2.06485e-06,2.38149e-06,1.91018e-06,50,100,100,419904,8 6 7 0 13 4 1 10 3 2 5 14 11 12 9 
237,2.06694e-06,2.38149e-06,1.92045e-06,50,100,100,419904,8 6 7 0 13 4 1 10 3 2 5 14 11 12 9 
238,2.05546e-06,2.38149e-06,1.90803e-06,50,100,100,419904,8 6 7 0 13 4 1 10 3 2 5 14 11 12 9 
239,2.06753e-06,2.38149e-06,1.93048e-06,50,100,100,419904,8 6 7 0 13 4 1 10 3 2 5 14 11 12 9 
240,2.05547e-06,2.38149e-06,1.89686e-06,50,100,100,419904,8 6 7 0 13 4 1 10 3 2 5 14 11 12 9 
241,2.05998e-06,2.38149e-06,1.90733e-06,50,100,100,419904,8 6 7 0 13 4 1 10 3 2 5 14 11 12 9 
242,2.05287e-06,2.38149e-06,1.90593e-06,50,100,100,419904,8 6 7 0 13 4 1 10 3 2 5 14 11 12 9 
243,2.05468e-06,2.38149e-06,1.86546e-06,50,100,100,419904,8 6 7 0 13 4 1 10 3 2 5 14 11 12 9 
244,2.05868e-06,2.38149e-06,1.89322e-06,50,100,100,419904,8 6 7 0 13 4 1 10 3 2 5 14 11 12 9 
245,2.06273e-06,2.38149e-06,1.91855e-06,50,100,100,419904,8 6 7 0 13 4 1 10 3 2 5 14 11 12 9 
246,2.0552e-06,2.38149e-06,1.92844e-06,50,100,100,419904,8 6 7 0 13 4 1 10 3 2 5 14 11 12 9 
247,2.06574e-06,2.38149e-06,1.9332e-06,50,100,100,419904,8 6 7 0 13 4 1 10 3 2 5 14 11 12 9 
248,2.05827e-06,2.38149e-06,1.91943e-06,50,100,100,419904,8 6 7 0 13 4 1 10 3 2 5 14 11 12 9 
249,2.07451e-06,2.38149e-06,1.92615e-06,50,100,100,419904,8 6 7 0 13 4 1 10 3 2 5 14 11 12 9 
250,2.08177e-06,2.38149e-06,1.9148e-06,50,100,100,419904,8 6 7 0 13 4 1 10 3 2 5 14 11 12 9 
251,2.0681e-06,2.38149e-06,1.92277e-06,50,100,100,419904,8 6 7 0 13 4 1 10 3 2 5 14 11 12 9 
252,2.07543e-06,2.38149e-06,1.92575e-06,50,100,100,419904,8 6 7 0 13 4 1 10 3 2 5 14 11 12 9 
253,2.06404e-06,2.38149e-06,1.92022e-06,50,100,100,419904,8 6 7 0 13 4 1 10 3 2 5 14 11 12 9 
254,2.06256e-06,2.38149e-06,1.90282e-06,50,100,100,419904,8 6 7 0 13 4 1 10 3 2 5 14 11 12 9 
255,2.06743e-06,2.38149e-06,1.93496e-06,50,100,100,419904,8 6 7 0 13 4 1 10 3 2 5 14 11 12 9 
256,2.0573e-06,2.38149e-06,1.92002e-06,50,100,100,419904,8 6 7 0 13 4 1 10 3 2 5 14 11 12 9 
257,2.05981e-06,2.38149e-06,1.91726e-06,50,100,100,419904,8 6 7 0 13 4 1 10 3 2 5 14 11 12 9 
258,2.06599e-06,2.38149e-06,1.88636e-06,50,100,100,419904,8 6 7 0 13 4 1 10 3 2 5 14 11 12 9 
259,2.06181e-06,2.38149e-06,1.94159e-06,50,100,100,419904,8 6 7 0 13 4 1 10 3 2 5 14 11 12 9 
260,2.05618e-06,2.38149e-06,1.9175e-06,50,100,100,419904,8 6 7 0 13 4 1 10 3 2 5 14 11 12 9 
261,2.07008e-06,2.38149e-06,1.93042e-06,50,100,100,419904,8 6 7 0 13 4 1 10 3 2 5 14 11 12 9 
262,2.05927e-06,2.38149e-06,1.86632e-06,50,100,100,419904,8 6 7 0 13 4 1 10 3 2 5 14 11 12 9 
263,2.06163e-06,2.38149e-06,1.88616e-06,50,100,100,419904,8 6 7 0 13 4 1 10 3 2 5 14 11 12 9 
264,2.05487e-06,2.38149e-06,1.8943e-06,50,100,100,419904,8 6 7 0 13 4 1 10 3 2 5 14 11 12 9 
265,2.05165e-06,2.38149e-06,1.86068e-06,50,100,100,419904,8 6 7 0 13 4 1 10 3 2 5 14 11 12 9 
266,2.06666e-06,2.38149e-06,1.93149e-06,50,100,100,419904,8 6 7 0 13 4 1 10 3 2 5 14 11 12 9 
267,2.06888e-06,2.38149e-06,1.91626e-06,50,100,100,419904,8 6 7 0 13 4 1 10 3 2 5 14 11 12 9 
268,2.07558e-06,2.38149e-06,1.91133e-06,50,100,100,419904,8 6 7 0 13 4 1 10 3 2 5 14 11 12 9 
269,2.06674e-06,2.38149e-06,1.90879e-06,50,100,100,419904,8 6 7 0 13 4 1 10 3 2 5 14 11 12 9 
270,2.08448e-06,2.38149e-06,1.91449e-06,50,100,100,419904,8 6 7 0 13 4 1 10 3 2 5 14 11 12 9 
271,2.06111e-06,2.38149e-06,1.89431e-06,50,100,100,419904,8 6 7 0 13 4 1 10 3 2 5 14 11 12 9 
272,2.06156e-06,2.38149e-06,1.90965e-06,50,100,100,419904,8 6 7 0 13 4 1 10 3 2 5 14 11 12 9 
273,2.07081e-06,2.38149e-06,1.92239e-06,50,100,100,419904,8 6 7 0 13 4 1 10 3 2 5 14 11 12 9 
274,2.07475e-06,2.38149e-06,1.92651e-06,50,100,100,419904,8 6 7 0 13 4 1 10 3 2 5 14 11 12 9 
275,2.0646e-06,2.38149e-06,1.92803e-06,50,100,100,419904,8 6 7 0 13 4 1 10 3 2 5 14 11 12 9 
276,2.06089e-06,2.38149e-06,1.92041e-06,50,100,100,419904,8 6 7 0 13 4 1 10 3 2 5 14 11 12 9 
277,2.07597e-06,2.38149e-06,1.90521e-06,50,100,100,419904,8 6 7 0 13 4 1 10 3 2 5 14 11 12 9 
278,2.0654e-06,2.38149e-06,1.91648e-06,50,100,100,419904,8 6 7 0 13 4 1 10 3 2 5 14 11 12 9 
279,2.06593e-06,2.38149e-06,1.91888e-06,50,100,100,419904,8 6 7 0 13 4 1 10 3 2 5 14 11 12 9 
280,2.07307e-06,2.38149e-06,1.94899e-06,50,100,100,419904,8 6 7 0 13 4 1 10 3 2 5 14 11 12 9 
281,2.05917e-06,2.38149e-06,1.92995e-06,50,100,100,419904,8 6 7 0 13 4 1 10 3 2 5 14 11 12 9 
282,2.06242e-06,2.38149e-06,1.90512e-06,50,100,100,419904,8 6 7 0 13 4 1 10 3 2 5 14 11 12 9 
283,2.0671e-06,2.38149e-06,1.92669e-06,50,100,100,419904,8 6 7 0 13 4 1 10 3 2 5 14 11 12 9 
284,2.07377e-06,2.38149e-06,1.9301e-06,50,100,100,419904,8 6 7 0 13 4 1 10 3 2 5 14 11 12 9 
285,2.06819e-06,2.38149e-06,1.91849e-06,50,100,100,419904,8 6 7 0 13 4 1 10 3 2 5 14 11 12 9 
286,2.05561e-06,2.38149e-06,1.93828e-06,50,100,100,419904,8 6 7 0 13 4 1 10 3 2 5 14 11 12 9 
287,2.0596e-06,2.38149e-06,1.90751e-06,50,100,100,419904,8 6 7 0 13 4 1 10 3 2 5 14 11 12 9 
288,2.04699e-06,2.38149e-06,1.90386e-06,50,100,100,419904,8 6 7 0 13 4 1 10 3 2 5 14 11 12 9 
289,2.05988e-06,2.38149e-06,1.89718e-06,50,100,100,419904,8 6 7 0 13 4 1 10 3 2 5 14 11 12 9 
290,2.06314e-06,2.38149e-06,1.94359e-06,50,100,100,419904,8 6 7 0 13 4 1 10 3 2 5 14 11 12 9 
291,2.05878e-06,2.38149e-06,1.89598e-06,50,100,100,419904,8 6 7 0 13 4 1 10 3 2 5 14 11 12 9 
292,2.07308e-06,2.38149e-06,1.94549e-06,50,100,100,419904,8 6 7 0 13 4 1 10 3 2 5 14 11 12 9 
293,2.05608e-06,2.38149e-06,1.91323e-06,50,100,100,419904,8 6 7 0 13 4 1 10 3 2 5 14 11 12 9 
294,2.04636e-06,2.38149e-06,1.90093e-06,50,100,100,419904,8 6 7 0 13 4 1 10 3 2 5 14 11 12 9 
295,2.0522e-06,2.38149e-06,1.89099e-06,50,100,100,419904,8 6 7 0 13 4 1 10 3 2 5 14 11 12 9 
296,2.06363e-06,2.38149e-06,1.89111e-06,50,100,100,419904,8 6 7 0 13 4 1 10 3 2 5 14 11 12 9 
297,2.06119e-06,2.38149e-06,1.92163e-06,50,100,100,419904,8 6 7 0 13 4 1 10 3 2 5 14 11 12 9 
298,2.06922e-06,2.38149e-06,1.91746e-06,50,100,100,419904,8 6 7 0 13 4 1 10 3 2 5 14 11 12 9 
299,2.06831e-06,2.38149e-06,1.91714e-06,50,100,100,419904,8 6 7 0 13 4 1 10 3 2 5 14 11 12 9 
300,2.07e-06,2.38149e-06,1.91836e-06,50,100,100,419904,8 6 7 0 13 4 1 10 3 2 5 14 11 12 9 
301,2.0713e-06,2.38149e-06,1.91469e-06,50,100,100,419904,8 6 7 0 13 4 1 10 3 2 5 14 11 12 9 
302,2.07128e-06,2.38149e-06,1.92754e-06,50,100,100,419904,8 6 7 0 13 4 1 10 3 2 5 14 11 12 9 
303,2.05624e-06,2.38149e-06,1.89002e-06,50,100,100,419904,8 6 7 0 13 4 1 10 3 2 5 14 11 12 9 
304,2.07e-06,2.38149e-06,1.94626e-06,50,100,100,419904,8 6 7 0 13 4 1 10 3 2 5 14 11 12 9 
305,2.07804e-06,2.38149e-06,1.90687e-06,50,100,100,419904,8 6 7 0 13 4 1 10 3 2 5 14 11 12 9 
306,2.08108e-06,2.38149e-06,1.90659e-06,50,100,100,419904,8 6 7 0 13 4 1 10 3 2 5 14 11 12 9 
307,2.0687e-06,2.38149e-06,1.9148e-06,50,100,100,419904,8 6 7 0 13 4 1 10 3 2 5 14 11 12 9 
308,2.07216e-06,2.38149e-06,1.93781e-06,50,100,100,419904,8 6 7 0 13 4 1 10 3 2 5 14 11 12 9 
309,2.05919e-06,2.38149e-06,1.9192e-06,50,100,100,419904,8 6 7 0 13 4 1 10 3 2 5 14 11 12 9 
310,2.06511e-06,2.38149e-06,1.93648e-06,50,100,100,419904,8 6 7 0 13 4 1 10 3 2 5 14 11 12 9 
311,2.06215e-06,2.38149e-06,1.90099e-06,50,100,100,419904,8 6 7 0 13 4 1 10 3 2 5 14 11 12 9 
312,2.05836e-06,2.38149e-06,1.90003e-06,50,100,100,419904,8 6 7 0 13 4 1 10 3 2 5 14 11 12 9 
313,2.07289e-06,2.38149e-06,1.8993e-06,50,100,100,419904,8 6 7 0 13 4 1 10 3 2 5 14 11 12 9 
314,2.07391e-06,2.38149e-06,1.93105e-06,50,100,100,419904,8 6 7 0 13 4 1 10 3 2 5 14 11 12 9 
315,2.07768e-06,2.38149e-06,1.93316e-06,50,100,100,419904,8 6 7 0 13 4 1 10 3 2 5 14 11 12 9 
316,2.06874e-06,2.38149e-06,1.92663e-06,50,100,100,419904,8 6 7 0 13 4 1 10 3 2 5 14 11 12 9 
317,2.05674e-06,2.38149e-06,1.9179e-06,50,100,100,419904,8 6 7 0 13 4 1 10 3 2 5 14 11 12 9 
318,2.06963e-06,2.38149e-06,1.87838e-06,50,100,100,419904,8 6 7 0 13 4 1 10 3 2 5 14 11 12 9 
319,2.0688e-06,2.38149e-06,1.92404e-06,50,100,100,419904,8 6 7 0 13 4 1 10 3 2 5 14 11 12 9 
320,2.07282e-06,2.38149e-06,1.9122e-06,50,100,100,419904,8 6 7 0 13 4 1 10 3 2 5 14 11 12 9 
321,2.05565e-06,2.38149e-06,1.91576e-06,50,100,100,419904,8 6 7 0 13 4 1 10 3 2 5 14 11 12 9 
322,2.05981e-06,2.38149e-06,1.86731e-06,50,100,100,419904,8 6 7 0 13 4 1 10 3 2 5 14 11 12 9 
323,2.07104e-06,2.38149e-06,1.9336e-06,50,100,100,419904,8 6 7 0 13 4 1 10 3 2 5 14 11 12 9 
324,2.07469e-06,2.38149e-06,1.92425e-06,50,100,100,419904,8 6 7 0 13 4 1 10 3 2 5 14 11 12 9 
325,2.05286e-06,2.38149e-06,1.93103e-06,50,100,100,419904,8 6 7 0 13 4 1 10 3 2 5 14 11 12 9 
326,2.06342e-06,2.38149e-06,1.92886e-06,50,100,100,419904,8 6 7 0 13 4 1 10 3 2 5 14 11 12 9 
327,2.05927e-06,2.38149e-06,1.86414e-06,50,100,100,419904,8 6 7 0 13 4 1 10 3 2 5 14 11 12 9 
328,2.04992e-06,2.38149e-06,1.86416e-06,50,100,100,419904,8 6 7 0 13 4 1 10 3 2 5 14 11 12 9 
329,2.05739e-06,2.38149e-06,1.92879e-06,50,100,100,419904,8 6 7 0 13 4 1 10 3 2 5 14 11 12 9 
330,2.06482e-06,2.38149e-06,1.93801e-06,50,100,100,419904,8 6 7 0 13 4 1 10 3 2 5 14 11 12 9 
331,2.04951e-06,2.38149e-06,1.92653e-06,50,100,100,419904,8 6 7 0 13 4 1 10 3 2 5 14 11 12 9 
332,2.04852e-06,2.38149e-06,1.87345e-06,50,100,100,419904,8 6 7 0 13 4 1 10 3 2 5 14 11 12 9 
333,2.06529e-06,2.38149e-06,1.91761e-06,50,100,100,419904,8 6 7 0 13 4 1 10 3 2 5 14 11 12 9 
334,2.06211e-06,2.38149e-06,1.92666e-06,50,100,100,419904,8 6 7 0 13 4 1 10 3 2 5 14 11 12 9 
335,2.07619e-06,2.38149e-06,1.95606e-06,50,100,100,419904,8 6 7 0 13 4 1 10 3 2 5 14 11 12 9 
336,2.07248e-06,2.38149e-06,1.93077e-06,50,100,100,419904,8 6 7 0 13 4 1 10 3 2 5 14 11 12 9 
337,2.07386e-06,2.38149e-06,1.89519e-06,50,100,100,419904,8 6 7 0 13 4 1 10 3 2 5 14 11 12 9 
338,2.07573e-06,2.41059e-06,1.90436e-06,50,100,100,414836,8 6 7 0 13 4 1 10 3 2 5 11 14 12 9 
339,2.05967e-06,2.41059e-06,1.94472e-06,50,100,100,414836,8 6 7 0 13 4 1 10 3 2 5 11 14 12 9 
340,2.06816e-06,2.41059e-06,1.92641e-06,50,100,100,414836,8 6 7 0 13 4 1 10 3 2 5 11 14 12 9 
341,2.07174e-06,2.41059e-06,1.95369e-06,50,100,100,414836,8 6 7 0 13 4 1 10 3 2 5 11 14 12 9 
342,2.06296e-06,2.41059e-06,1.94824e-06,50,100,100,414836,8 6 7 0 13 4 1 10 3 2 5 11 14 12 9 
343,2.06196e-06,2.41059e-06,1.88215e-06,50,100,100,414836,8 6 7 0 13 4 1 10 3 2 5 11 14 12 9 
344,2.06375e-06,2.41059e-06,1.91318e-06,50,100,100,414836,8 6 7 0 13 4 1 10 3 2 5 11 14 12 9 
345,2.06838e-06,2.41059e-06,1.93056e-06,50,100,100,414836,8 6 7 0 13 4 1 10 3 2 5 11 14 12 9 
346,2.06239e-06,2.41059e-06,1.90769e-06,50,100,100,414836,8 6 7 0 13 4 1 10 3 2 5 11 14 12 9 
347,2.07407e-06,2.41059e-06,1.919e-06,50,100,100,414836,8 6 7 0 13 4 1 10 3 2 5 11 14 12 9 
348,2.0673e-06,2.41059e-06,1.87357e-06,50,100,100,414836,8 6 7 0 13 4 1 10 3 2 5 11 14 12 9 
349,2.06814e-06,2.41059e-06,1.9367e-06,50,100,100,414836,8 6 7 0 13 4 1 10 3 2 5 11 14 12 9 
350,2.06315e-06,2.41059e-06,1.92161e-06,50,100,100,414836,8 6 7 0 13 4 1 10 3 2 5 11 14 12 9 
351,2.064e-06,2.41059e-06,1.91054e-06,50,100,100,414836,8 6 7 0 13 4 1 10 3 2 5 11 14 12 9 
352,2.0615e-06,2.41059e-06,1.90987e-06,50,100,100,414836,8 6 7 0 13 4 1 10 3 2 5 11 14 12 9 
353,2.06381e-06,2.41059e-06,1.8933e-06,50,100,100,414836,8 6 7 0 13 4 1 10 3 2 5 11 14 12 9 
354,2.06248e-06,2.41059e-06,1.92949e-06,50,100,100,414836,8 6 7 0 13 4 1 10 3 2 5 11 14 12 9 
355,2.07084e-06,2.41059e-06,1.92068e-06,50,100,100,414836,8 6 7 0 13 4 1 10 3 2 5 11 14 12 9 
356,2.07006e-06,2.41059e-06,1.89567e-06,50,100,100,414836,8 6 7 0 13 4 1 10 3 2 5 11 14 12 9 
357,2.05654e-06,2.41059e-06,1.91606e-06,50,100,100,414836,8 6 7 0 13 4 1 10 3 2 5 11 14 12 9 
358,2.06485e-06,2.41059e-06,1.90441e-06,50,100,100,414836,8 6 7 0 13 4 1 10 3 2 5 11 14 12 9 
359,2.07976e-06,2.41059e-06,1.93856e-06,50,100,100,414836,8 6 7 0 13 4 1 10 3 2 5 11 14 12 9 
360,2.06249e-06,2.41059e-06,1.8898e-06,50,100,100,414836,8 6 7 0 13 4 1 10 3 2 5 11 14 12 9 
361,2.06777e-06,2.41059e-06,1.93185e-06,50,100,100,414836,8 6 7 0 13 4 1 10 3 2 5 11 14 12 9 
362,2.05926e-06,2.41059e-06,1.90928e-06,50,100,100,414836,8 6 7 0 13 4 1 10 3 2 5 11 14 12 9 
363,2.07355e-06,2.41059e-06,1.9536e-06,50,100,100,414836,8 6 7 0 13 4 1 10 3 2 5 11 14 12 9 
364,2.07329e-06,2.41059e-06,1.91174e-06,50,100,100,414836,8 6 7 0 13 4 1 10 3 2 5 11 14 12 9 
365,2.06621e-06,2.41059e-06,1.91878e-06,50,100,100,414836,8 6 7 0 13 4 1 10 3 2 5 11 14 12 9 
366,2.06729e-06,2.41059e-06,1.91491e-06,50,100,100,414836,8 6 7 0 13 4 1 10 3 2 5 11 14 12 9 
367,2.05947e-06,2.41059e-06,1.89054e-06,50,100,100,414836,8 6 7 0 13 4 1 10 3 2 5 11 14 12 9 
368,2.066e-06,2.41059e-06,1.91064e-06,50,100,100,414836,8 6 7 0 13 4 1 10 3 2 5 11 14 12 9 
369,2.06604e-06,2.41059e-06,1.92081e-06,50,100,100,414836,8 6 7 0 13 4 1 10 3 2 5 11 14 12 9 
370,2.075e-06,2.41059e-06,1.89906e-06,50,100,100,414836,8 6 7 0 13 4 1 10 3 2 5 11 14 12 9 
371,2.06612e-06,2.41059e-06,1.91198e-06,50,100,100,414836,8 6 7 0 13 4 1 10 3 2 5 11 14 12 9 
372,2.07406e-06,2.41059e-06,1.90614e-06,50,100,100,414836,8 6 7 0 13 4 1 10 3 2 5 11 14 12 9 
373,2.07096e-06,2.41059e-06,1.81444e-06,50,100,100,414836,8 6 7 0 13 4 1 10 3 2 5 11 14 12 9 
374,2.07023e-06,2.41059e-06,1.902e-06,50,100,100,414836,8 6 7 0 13 4 1 10 3 2 5 11 14 12 9 
375,2.07254e-06,2.41059e-06,1.92035e-06,50,100,100,414836,8 6 7 0 13 4 1 10 3 2 5 11 14 12 9 
376,2.06651e-06,2.41059e-06,1.88103e-06,50,100,100,414836,8 6 7 0 13 4 1 10 3 2 5 11 14 12 9 
377,2.07177e-06,2.41059e-06,1.91589e-06,50,100,100,414836,8 6 7 0 13 4 1 10 3 2 5 11 14 12 9 
378,2.0716e-06,2.41059e-06,1.86877e-06,50,100,100,414836,8 6 7 0 13 4 1 10 3 2 5 11 14 12 9 
379,2.07147e-06,2.41059e-06,1.90117e-06,50,100,100,414836,8 6 7 0 13 4 1 10 3 2 5 11 14 12 9 
380,2.07044e-06,2.41059e-06,1.93311e-06,50,100,100,414836,8 6 7 0 13 4 1 10 3 2 5 11 14 12 9 
381,2.06391e-06,2.41059e-06,1.92438e-06,50,100,100,414836,8 6 7 0 13 4 1 10 3 2 5 11 14 12 9 
382,2.06654e-06,2.41059e-06,1.89474e-06,50,100,100,414836,8 6 7 0 13 4 1 10 3 2 5 11 14 12 9 
383,2.05679e-06,2.41059e-06,1.89457e-06,50,100,100,414836,8 6 7 0 13 4 1 10 3 2 5 11 14 12 9 
384,2.0475e-06,2.41059e-06,1.94358e-06,50,100,100,414836,8 6 7 0 13 4 1 10 3 2 5 11 14 12 9 
385,2.06289e-06,2.41059e-06,1.93862e-06,50,100,100,414836,8 6 7 0 13 4 1 10 3 2 5 11 14 12 9 
386,2.05254e-06,2.41059e-06,1.88221e-06,50,100,100,414836,8 6 7 0 13 4 1 10 3 2 5 11 14 12 9 
387,2.05029e-06,2.41059e-06,1.92647e-06,50,100,100,414836,8 6 7 0 13 4 1 10 3 2 5 11 14 12 9 
388,2.06413e-06,2.41059e-06,1.9025e-06,50,100,100,414836,8 6 7 0 13 4 1 10 3 2 5 11 14 12 9 
389,2.07104e-06,2.41059e-06,1.92131e-06,50,100,100,414836,8 6 7 0 13 4 1 10 3 2 5 11 14 12 9 
390,2.07258e-06,2.41059e-06,1.93512e-06,50,100,100,414836,8 6 7 0 13 4 1 10 3 2 5 11 14 12 9 
391,2.0796e-06,2.41059e-06,1.94048e-06,50,100,100,414836,8 6 7 0 13 4 1 10 3 2 5 11 14 12 9 
392,2.06113e-06,2.41059e-06,1.92832e-06,50,100,100,414836,8 6 7 0 13 4 1 10 3 2 5 11 14 12 9 
393,2.05372e-06,2.41059e-06,1.92656e-06,50,100,100,414836,8 6 7 0 13 4 1 10 3 2 5 11 14 12 9 
394,2.0569e-06,2.41059e-06,1.90184e-06,50,100,100,414836,8 6 7 0 13 4 1 10 3 2 5 11 14 12 9 
395,2.05112e-06,2.41059e-06,1.88397e-06,50,100,100,414836,8 6 7 0 13 4 1 10 3 2 5 11 14 12 9 
396,2.05372e-06,2.41059e-06,1.92786e-06,50,100,100,414836,8 6 7 0 13 4 1 10 3 2 5 11 14 12 9 
397,2.05766e-06,2.41059e-06,1.89549e-06,50,100,100,414836,8 6 7 0 13 4 1 10 3 2 5 11 14 12 9 
398,2.05276e-06,2.41059e-06,1.88997e-06,50,100,100,414836,8 6 7 0 13 4 1 10 3 2 5 11 14 12 9 
399,2.06914e-06,2.41059e-06,1.94509e-06,50,100,100,414836,8 6 7 0 13 4 1 10 3 2 5 11 14 12 9 
400,2.06216e-06,2.41059e-06,1.91257e-06,50,100,100,414836,8 6 7 0 13 4 1 10 3 2 5 11 14 12 9 
401,2.06371e-06,2.41059e-06,1.91705e-06,50,100,100,414836,8 6 7 0 13 4 1 10 3 2 5 11 14 12 9 
402,2.05381e-06,2.41059e-06,1.91513e-06,50,100,100,414836,8 6 7 0 13 4 1 10 3 2 5 11 14 12 9 
403,2.05483e-06,2.41059e-06,1.91804e-06,50,100,100,414836,8 6 7 0 13 4 1 10 3 2 5 11 14 12 9 
404,2.05418e-06,2.41059e-06,1.91529e-06,50,100,100,414836,8 6 7 0 13 4 1 10 3 2 5 11 14 12 9 
405,2.05495e-06,2.41059e-06,1.86876e-06,50,100,100,414836,8 6 7 0 13 4 1 10 3 2 5 11 14 12 9 
406,2.05394e-06,2.41059e-06,1.87332e-06,50,100,100,414836,8 6 7 0 13 4 1 10 3 2 5 11 14 12 9 
407,2.05567e-06,2.41059e-06,1.88999e-06,50,100,100,414836,8 6 7 0 13 4 1 10 3 2 5 11 14 12 9 
408,2.06937e-06,2.41059e-06,1.88814e-06,50,100,100,414836,8 6 7 0 13 4 1 10 3 2 5 11 14 12 9 
409,2.06516e-06,2.41059e-06,1.91182e-06,50,100,100,414836,8 6 7 0 13 4 1 10 3 2 5 11 14 12 9 
410,2.05026e-06,2.41059e-06,1.91636e-06,50,100,100,414836,8 6 7 0 13 4 1 10 3 2 5 11 14 12 9 
411,2.05753e-06,2.41059e-06,1.86117e-06,50,100,100,414836,8 6 7 0 13 4 1 10 3 2 5 11 14 12 9 
412,2.06653e-06,2.41059e-06,1.93257e-06,50,100,100,414836,8 6 7 0 13 4 1 10 3 2 5 11 14 12 9 
413,2.0685e-06,2.41059e-06,1.92655e-06,50,100,100,414836,8 6 7 0 13 4 1 10 3 2 5 11 14 12 9 
414,2.05994e-06,2.41059e-06,1.86818e-06,50,100,100,414836,8 6 7 0 13 4 1 10 3 2 5 11 14 12 9 
415,2.05989e-06,2.41059e-06,1.92532e-06,50,100,100,414836,8 6 7 0 13 4 1 10 3 2 5 11 14 12 9 
416,2.06127e-06,2.41059e-06,1.92975e-06,50,100,100,414836,8 6 7 0 13 4 1 10 3 2 5 11 14 12 9 
417,2.06403e-06,2.41059e-06,1.92246e-06,50,100,100,414836,8 6 7 0 13 4 1 10 3 2 5 11 14 12 9 
418,2.06612e-06,2.41059e-06,1.92221e-06,50,100,100,414836,8 6 7 0 13 4 1 10 3 2 5 11 14 12 9 
419,2.06042e-06,2.41059e-06,1.90372e-06,50,100,100,414836,8 6 7 0 13 4 1 10 3 2 5 11 14 12 9 
420,2.06578e-06,2.41059e-06,1.9218e-06,50,100,100,414836,8 6 7 0 13 4 1 10 3 2 5 11 14 12 9 
421,2.05866e-06,2.41059e-06,1.90196e-06,50,100,100,414836,8 6 7 0 13 4 1 10 3 2 5 11 14 12 9 
422,2.06278e-06,2.41059e-06,1.89071e-06,50,100,100,414836,8 6 7 0 13 4 1 10 3 2 5 11 14 12 9 
423,2.06329e-06,2.41059e-06,1.91537e-06,50,100,100,414836,8 6 7 0 13 4 1 10 3 2 5 11 14 12 9 
424,2.06045e-06,2.41059e-06,1.89971e-06,50,100,100,414836,8 6 7 0 13 4 1 10 3 2 5 11 14 12 9 
425,2.06458e-06,2.41059e-06,1.91057e-06,50,100,100,414836,8 6 7 0 13 4 1 10 3 2 5 11 14 12 9 
426,2.06631e-06,2.41059e-06,1.90914e-06,50,100,100,414836,8 6 7 0 13 4 1 10 3 2 5 11 14 12 9 
427,2.06432e-06,2.41059e-06,1.90376e-06,50,100,100,414836,8 6 7 0 13 4 1 10 3 2 5 11 14 12 9 
428,2.06984e-06,2.41059e-06,1.89501e-06,50,100,100,414836,8 6 7 0 13 4 1 10 3 2 5 11 14 12 9 
429,2.06147e-06,2.41059e-06,1.91145e-06,50,100,100,414836,8 6 7 0 13 4 1 10 3 2 5 11 14 12 9 
430,2.06368e-06,2.41059e-06,1.92688e-06,50,100,100,414836,8 6 7 0 13 4 1 10 3 2 5 11 14 12 9 
431,2.05308e-06,2.41059e-06,1.8971e-06,50,100,100,414836,8 6 7 0 13 4 1 10 3 2 5 11 14 12 9 
432,2.05316e-06,2.41059e-06,1.91684e-06,50,100,100,414836,8 6 7 0 13 4 1 10 3 2 5 11 14 12 9 
433,2.05328e-06,2.41059e-06,1.91145e-06,50,100,100,414836,8 6 7 0 13 4 1 10 3 2 5 11 14 12 9 
434,2.06257e-06,2.41059e-06,1.87611e-06,50,100,100,414836,8 6 7 0 13 4 1 10 3 2 5 11 14 12 9 
435,2.04667e-06,2.41059e-06,1.92817e-06,50,100,100,414836,8 6 7 0 13 4 1 10 3 2 5 11 14 12 9 
436,2.06241e-06,2.41059e-06,1.91681e-06,50,100,100,414836,8 6 7 0 13 4 1 10 3 2 5 11 14 12 9 
437,2.05805e-06,2.41059e-06,1.89872e-06,50,100,100,414836,8 6 7 0 13 4 1 10 3 2 5 11 14 12 9 
438,2.05373e-06,2.41059e-06,1.88759e-06,50,100,100,414836,8 6 7 0 13 4 1 10 3 2 5 11 14 12 9 
439,2.0725e-06,2.41059e-06,1.9136e-06,50,100,100,414836,8 6 7 0 13 4 1 10 3 2 5 11 14 12 9 
440,2.05426e-06,2.41059e-06,1.90243e-06,50,100,100,414836,8 6 7 0 13 4 1 10 3 2 5 11 14 12 9 
441,2.04952e-06,2.41059e-06,1.92281e-06,50,100,100,414836,8 6 7 0 13 4 1 10 3 2 5 11 14 12 9 
442,2.0584e-06,2.41059e-06,1.93018e-06,50,100,100,414836,8 6 7 0 13 4 1 10 3 2 5 11 14 12 9 
443,2.05968e-06,2.41059e-06,1.91612e-06,50,100,100,414836,8 6 7 0 13 4 1 10 3 2 5 11 14 12 9 
444,2.05314e-06,2.41059e-06,1.90127e-06,50,100,100,414836,8 6 7 0 13 4 1 10 3 2 5 11 14 12 9 
445,2.04891e-06,2.41059e-06,1.87256e-06,50,100,100,414836,8 6 7 0 13 4 1 10 3 2 5 11 14 12 9 
446,2.06296e-06,2.4168e-06,1.9272e-06,50,100,100,413770,8 6 7 0 13 4 1 10 3 2 11 5 14 12 9 
447,2.07233e-06,2.4168e-06,1.92613e-06,50,100,100,413770,8 6 7 0 13 4 1 10 3 2 11 5 14 12 9 
448,2.06467e-06,2.46719e-06,1.91743e-06,50,100,100,405318,8 5 7 0 13 4 1 10 3 2 11 6 14 12 9 
449,2.07272e-06,2.46719e-06,1.89558e-06,50,100,100,405318,8 5 7 0 13 4 1 10 3 2 11 6 14 12 9 
450,2.05613e-06,2.46719e-06,1.87979e-06,50,100,100,405318,8 5 7 0 13 4 1 10 3 2 11 6 14 12 9 
451,2.06015e-06,2.46719e-06,1.914e-06,50,100,100,405318,8 5 7 0 13 4 1 10 3 2 11 6 14 12 9 
452,2.05703e-06,2.46719e-06,1.89103e-06,50,100,100,405318,8 5 7 0 13 4 1 10 3 2 11 6 14 12 9 
453,2.0631e-06,2.46719e-06,1.92027e-06,50,100,100,405318,8 5 7 0 13 4 1 10 3 2 11 6 14 12 9 
454,2.0629e-06,2.46719e-06,1.92624e-06,50,100,100,405318,8 5 7 0 13 4 1 10 3 2 11 6 14 12 9 
455,2.06616e-06,2.46719e-06,1.91765e-06,50,100,100,405318,8 5 7 0 13 4 1 10 3 2 11 6 14 12 9 
456,2.06466e-06,2.46719e-06,1.91238e-06,50,100,100,405318,8 5 7 0 13 4 1 10 3 2 11 6 14 12 9 
457,2.06226e-06,2.46719e-06,1.87661e-06,50,100,100,405318,8 5 7 0 13 4 1 10 3 2 11 6 14 12 9 
458,2.05313e-06,2.46719e-06,1.90188e-06,50,100,100,405318,8 5 7 0 13 4 1 10 3 2 11 6 14 12 9 
459,2.0612e-06,2.46719e-06,1.89109e-06,50,100,100,405318,8 5 7 0 13 4 1 10 3 2 11 6 14 12 9 
460,2.06285e-06,2.46719e-06,1.9211e-06,50,100,100,405318,8 5 7 0 13 4 1 10 3 2 11 6 14 12 9 
461,2.04205e-06,2.46719e-06,1.89622e-06,50,100,100,405318,8 5 7 0 13 4 1 10 3 2 11 6 14 12 9 
462,2.05849e-06,2.46719e-06,1.9114e-06,50,100,100,405318,8 5 7 0 13 4 1 10 3 2 11 6 14 12 9 
463,2.05937e-06,2.46719e-06,1.88479e-06,50,100,100,405318,8 5 7 0 13 4 1 10 3 2 11 6 14 12 9 
464,2.05486e-06,2.46719e-06,1.89804e-06,50,100,100,405318,8 5 7 0 13 4 1 10 3 2 11 6 14 12 9 
465,2.05744e-06,2.46719e-06,1.87958e-06,50,100,100,405318,8 5 7 0 13 4 1 10 3 2 11 6 14 12 9 
466,2.05944e-06,2.46719e-06,1.90399e-06,50,100,100,405318,8 5 7 0 13 4 1 10 3 2 11 6 14 12 9 
467,2.05977e-06,2.46719e-06,1.8864e-06,50,100,100,405318,8 5 7 0 13 4 1 10 3 2 11 6 14 12 9 
468,2.04569e-06,2.46719e-06,1.91659e-06,50,100,100,405318,8 5 7 0 13 4 1 10 3 2 11 6 14 12 9 
469,2.06557e-06,2.46719e-06,1.92994e-06,50,100,100,405318,8 5 7 0 13 4 1 10 3 2 11 6 14 12 9 
470,2.07388e-06,2.46719e-06,1.93348e-06,50,100,100,405318,8 5 7 0 13 4 1 10 3 2 11 6 14 12 9 
471,2.06511e-06,2.46719e-06,1.92905e-06,50,100,100,405318,8 5 7 0 13 4 1 10 3 2 11 6 14 12 9 
472,2.06241e-06,2.46719e-06,1.91115e-06,50,100,100,405318,8 5 7 0 13 4 1 10 3 2 11 6 14 12 9 
473,2.05398e-06,2.46719e-06,1.90656e-06,50,100,100,405318,8 5 7 0 13 4 1 10 3 2 11 6 14 12 9 
474,2.06529e-06,2.46719e-06,1.90814e-06,50,100,100,405318,8 5 7 0 13 4 1 10 3 2 11 6 14 12 9 
475,2.05899e-06,2.46719e-06,1.91143e-06,50,100,100,405318,8 5 7 0 13 4 1 10 3 2 11 6 14 12 9 
476,2.06472e-06,2.46719e-06,1.90313e-06,50,100,100,405318,8 5 7 0 13 4 1 10 3 2 11 6 14 12 9 
477,2.05268e-06,2.46719e-06,1.89514e-06,50,100,100,405318,8 5 7 0 13 4 1 10 3 2 11 6 14 12 9 
478,2.05823e-06,2.46719e-06,1.91865e-06,50,100,100,405318,8 5 7 0 13 4 1 10 3 2 11 6 14 12 9 
479,2.07304e-06,2.46719e-06,1.92476e-06,50,100,100,405318,8 5 7 0 13 4 1 10 3 2 11 6 14 12 9 
480,2.0713e-06,2.46719e-06,1.93703e-06,50,100,100,405318,8 5 7 0 13 4 1 10 3 2 11 6 14 12 9 
481,2.06107e-06,2.46719e-06,1.93005e-06,50,100,100,405318,8 5 7 0 13 4 1 10 3 2 11 6 14 12 9 
482,2.05612e-06,2.46719e-06,1.89994e-06,50,100,100,405318,8 5 7 0 13 4 1 10 3 2 11 6 14 12 9 
483,2.05268e-06,2.46719e-06,1.90554e-06,50,100,100,405318,8 5 7 0 13 4 1 10 3 2 11 6 14 12 9 
484,2.06469e-06,2.46719e-06,1.94676e-06,50,100,100,405318,8 5 7 0 13 4 1 10 3 2 11 6 14 12 9 
485,2.06831e-06,2.46719e-06,1.8951e-06,50,100,100,405318,8 5 7 0 13 4 1 10 3 2 11 6 14 12 9 
486,2.06379e-06,2.46719e-06,1.89727e-06,50,100,100,405318,8 5 7 0 13 4 1 10 3 2 11 6 14 12 9 
487,2.04422e-06,2.46719e-06,1.90136e-06,50,100,100,405318,8 5 7 0 13 4 1 10 3 2 11 6 14 12 9 
488,2.05328e-06,2.46719e-06,1.91866e-06,50,100,100,405318,8 5 7 0 13 4 1 10 3 2 11 6 14 12 9 
489,2.0723e-06,2.46719e-06,1.92621e-06,50,100,100,405318,8 5 7 0 13 4 1 10 3 2 11 6 14 12 9 
490,2.06244e-06,2.46719e-06,1.90015e-06,50,100,100,405318,8 5 7 0 13 4 1 10 3 2 11 6 14 12 9 
491,2.0649e-06,2.46719e-06,1.94257e-06,50,100,100,405318,8 5 7 0 13 4 1 10 3 2 11 6 14 12 9 
492,2.06347e-06,2.46719e-06,1.90027e-06,50,100,100,405318,8 5 7 0 13 4 1 10 3 2 11 6 14 12 9 
493,2.06491e-06,2.46719e-06,1.90026e-06,50,100,100,405318,8 5 7 0 13 4 1 10 3 2 11 6 14 12 9 
494,2.06744e-06,2.46719e-06,1.91637e-06,50,100,100,405318,8 5 7 0 13 4 1 10 3 2 11 6 14 12 9 
495,2.0669e-06,2.46719e-06,1.9107e-06,50,100,100,405318,8 5 7 0 13 4 1 10 3 2 11 6 14 12 9 
496,2.0758e-06,2.46719e-06,1.94149e-06,50,100,100,405318,8 5 7 0 13 4 1 10 3 2 11 6 14 12 9 
497,2.06443e-06,2.46719e-06,1.90037e-06,50,100,100,405318,8 5 7 0 13 4 1 10 3 2 11 6 14 12 9 
498,2.08205e-06,2.46719e-06,1.89902e-06,50,100,100,405318,8 5 7 0 13 4 1 10 3 2 11 6 14 12 9 
499,2.07253e-06,2.46719e-06,1.92378e-06,50,100,100,405318,8 5 7 0 13 4 1 10 3 2 11 6 14 12 9 
500,2.07029e-06,2.46719e-06,1.90428e-06,50,100,100,405318,8 5 7 0 13 4 1 10 3 2 11 6 14 12 9 
501,2.05695e-06,2.46719e-06,1.92335e-06,50,100,100,405318,8 5 7 0 13 4 1 10 3 2 11 6 14 12 9 
502,2.07251e-06,2.46719e-06,1.87876e-06,50,100,100,405318,8 5 7 0 13 4 1 10 3 2 11 6 14 12 9 
503,2.07579e-06,2.46719e-06,1.90832e-06,50,100,100,405318,8 5 7 0 13 4 1 10 3 2 11 6 14 12 9 
504,2.07731e-06,2.46719e-06,1.89543e-06,50,100,100,405318,8 5 7 0 13 4 1 10 3 2 11 6 14 12 9 
505,2.05846e-06,2.46719e-06,1.89098e-06,50,100,100,405318,8 5 7 0 13 4 1 10 3 2 11 6 14 12 9 
506,2.07058e-06,2.46719e-06,1.92593e-06,50,100,100,405318,8 5 7 0 13 4 1 10 3 2 11 6 14 12 9 
507,2.06946e-06,2.46719e-06,1.89335e-06,50,100,100,405318,8 5 7 0 13 4 1 10 3 2 11 6 14 12 9 
508,2.06837e-06,2.46719e-06,1.91124e-06,50,100,100,405318,8 5 7 0 13 4 1 10 3 2 11 6 14 12 9 
509,2.06205e-06,2.46719e-06,1.91326e-06,50,100,100,405318,8 5 7 0 13 4 1 10 3 2 11 6 14 12 9 
510,2.06367e-06,2.46719e-06,1.93776e-06,50,100,100,405318,8 5 7 0 13 4 1 10 3 2 11 6 14 12 9 
511,2.06647e-06,2.46719e-06,1.93305e-06,50,100,100,405318,8 5 7 0 13 4 1 10 3 2 11 6 14 12 9 
512,2.06827e-06,2.46719e-06,1.91512e-06,50,100,100,405318,8 5 7 0 13 4 1 10 3 2 11 6 14 12 9 
513,2.08596e-06,2.46719e-06,1.92727e-06,50,100,100,405318,8 5 7 0 13 4 1 10 3 2 11 6 14 12 9 
514,2.07374e-06,2.46719e-06,1.91174e-06,50,100,100,405318,8 5 7 0 13 4 1 10 3 2 11 6 14 12 9 
515,2.0657e-06,2.46719e-06,1.92735e-06,50,100,100,405318,8 5 7 0 13 4 1 10 3 2 11 6 14 12 9 
516,2.06874e-06,2.46719e-06,1.8969e-06,50,100,100,405318,8 5 7 0 13 4 1 10 3 2 11 6 14 12 9 
517,2.0543e-06,2.46719e-06,1.88888e-06,50,100,100,405318,8 5 7 0 13 4 1 10 3 2 11 6 14 12 9 
518,2.07202e-06,2.46719e-06,1.91527e-06,50,100,100,405318,8 5 7 0 13 4 1 10 3 2 11 6 14 12 9 
519,2.07357e-06,2.46719e-06,1.92412e-06,50,100,100,405318,8 5 7 0 13 4 1 10 3 2 11 6 14 12 9 
520,2.08622e-06,2.46719e-06,1.93783e-06,50,100,100,405318,8 5 7 0 13 4 1 10 3 2 11 6 14 12 9 
521,2.06025e-06,2.46719e-06,1.90282e-06,50,100,100,405318,8 5 7 0 13 4 1 10 3 2 11 6 14 12 9 
522,2.06283e-06,2.46719e-06,1.93381e-06,50,100,100,405318,8 5 7 0 13 4 1 10 3 2 11 6 14 12 9 
523,2.07197e-06,2.46719e-06,1.93283e-06,50,100,100,405318,8 5 7 0 13 4 1 10 3 2 11 6 14 12 9 
524,2.07401e-06,2.46719e-06,1.8839e-06,50,100,100,405318,8 5 7 0 13 4 1 10 3 2 11 6 14 12 9 
525,2.06217e-06,2.46719e-06,1.93166e-06,50,100,100,405318,8 5 7 0 13 4 1 10 3 2 11 6 14 12 9 
526,2.06447e-06,2.46719e-06,1.90507e-06,50,100,100,405318,8 5 7 0 13 4 1 10 3 2 11 6 14 12 9 
527,2.07516e-06,2.46719e-06,1.93237e-06,50,100,100,405318,8 5 7 0 13 4 1 10 3 2 11 6 14 12 9 
528,2.05789e-06,2.46719e-06,1.91229e-06,50,100,100,405318,8 5 7 0 13 4 1 10 3 2 11 6 14 12 9 
529,2.05011e-06,2.46719e-06,1.91202e-06,50,100,100,405318,8 5 7 0 13 4 1 10 3 2 11 6 14 12 9 
530,2.06516e-06,2.46719e-06,1.90298e-06,50,100,100,405318,8 5 7 0 13 4 1 10 3 2 11 6 14 12 9 
531,2.05849e-06,2.46719e-06,1.90362e-06,50,100,100,405318,8 5 7 0 13 4 1 10 3 2 11 6 14 12 9 
532,2.05499e-06,2.46719e-06,1.92315e-06,50,100,100,405318,8 5 7 0 13 4 1 10 3 2 11 6 14 12 9 
533,2.06066e-06,2.46719e-06,1.86839e-06,50,100,100,405318,8 5 7 0 13 4 1 10 3 2 11 6 14 12 9 
534,2.05853e-06,2.46719e-06,1.90944e-06,50,100,100,405318,8 5 7 0 13 4 1 10 3 2 11 6 14 12 9 
535,2.07053e-06,2.46719e-06,1.94473e-06,50,100,100,405318,8 5 7 0 13 4 1 10 3 2 11 6 14 12 9 
536,2.07912e-06,2.46719e-06,1.93809e-06,50,100,100,405318,8 5 7 0 13 4 1 10 3 2 11 6 14 12 9 
537,2.08033e-06,2.46719e-06,1.93295e-06,50,100,100,405318,8 5 7 0 13 4 1 10 3 2 11 6 14 12 9 
538,2.06925e-06,2.46719e-06,1.90093e-06,50,100,100,405318,8 5 7 0 13 4 1 10 3 2 11 6 14 12 9 
539,2.07343e-06,2.46719e-06,1.91047e-06,50,100,100,405318,8 5 7 0 13 4 1 10 3 2 11 6 14 12 9 
540,2.07535e-06,2.46719e-06,1.92844e-06,50,100,100,405318,8 5 7 0 13 4 1 10 3 2 11 6 14 12 9 
541,2.07806e-06,2.46719e-06,1.94921e-06,50,100,100,405318,8 5 7 0 13 4 1 10 3 2 11 6 14 12 9 
542,2.06788e-06,2.46719e-06,1.91096e-06,50,100,100,405318,8 5 7 0 13 4 1 10 3 2 11 6 14 12 9 
543,2.06824e-06,2.46719e-06,1.89904e-06,50,100,100,405318,8 5 7 0 13 4 1 10 3 2 11 6 14 12 9 
544,2.06335e-06,2.46719e-06,1.918e-06,50,100,100,405318,8 5 7 0 13 4 1 10 3 2 11 6 14 12 9 
545,2.05971e-06,2.46719e-06,1.88591e-06,50,100,100,405318,8 5 7 0 13 4 1 10 3 2 11 6 14 12 9 
546,2.06115e-06,2.46719e-06,1.92446e-06,50,100,100,405318,8 5 7 0 13 4 1 10 3 2 11 6 14 12 9 
547,2.0551e-06,2.46719e-06,1.90449e-06,50,100,100,405318,8 5 7 0 13 4 1 10 3 2 11 6 14 12 9 
548,2.06567e-06,2.46719e-06,1.92794e-06,50,100,100,405318,8 5 7 0 13 4 1 10 3 2 11 6 14 12 9 
549,2.06011e-06,2.46719e-06,1.8763e-06,50,100,100,405318,8 5 7 0 13 4 1 10 3 2 11 6 14 12 9 
550,2.06655e-06,2.46719e-06,1.9189e-06,50,100,100,405318,8 5 7 0 13 4 1 10 3 2 11 6 14 12 9 
551,2.07735e-06,2.46719e-06,1.92552e-06,50,100,100,405318,8 5 7 0 13 4 1 10 3 2 11 6 14 12 9 
552,2.07975e-06,2.46719e-06,1.92734e-06,50,100,100,405318,8 5 7 0 13 4 1 10 3 2 11 6 14 12 9 
553,2.06709e-06,2.46719e-06,1.93022e-06,50,100,100,405318,8 5 7 0 13 4 1 10 3 2 11 6 14 12 9 
554,2.0614e-06,2.46719e-06,1.90132e-06,50,100,100,405318,8 5 7 0 13 4 1 10 3 2 11 6 14 12 9 
555,2.07331e-06,2.46719e-06,1.92636e-06,50,100,100,405318,8 5 7 0 13 4 1 10 3 2 11 6 14 12 9 
556,2.07719e-06,2.46719e-06,1.92612e-06,50,100,100,405318,8 5 7 0 13 4 1 10 3 2 11 6 14 12 9 
557,2.06497e-06,2.46719e-06,1.9164e-06,50,100,100,405318,8 5 7 0 13 4 1 10 3 2 11 6 14 12 9 
558,2.05955e-06,2.46719e-06,1.9269e-06,50,100,100,405318,8 5 7 0 13 4 1 10 3 2 11 6 14 12 9 
559,2.05552e-06,2.46719e-06,1.93038e-06,50,100,100,405318,8 5 7 0 13 4 1 10 3 2 11 6 14 12 9 
560,2.0639e-06,2.46719e-06,1.90195e-06,50,100,100,405318,8 5 7 0 13 4 1 10 3 2 11 6 14 12 9 
561,2.06458e-06,2.46719e-06,1.89917e-06,50,100,100,405318,8 5 7 0 13 4 1 10 3 2 11 6 14 12 9 
562,2.06576e-06,2.46719e-06,1.87509e-06,50,100,100,405318,8 5 7 0 13 4 1 10 3 2 11 6 14 12 9 
563,2.08035e-06,2.46719e-06,1.89774e-06,50,100,100,405318,8 5 7 0 13 4 1 10 3 2 11 6 14 12 9 
564,2.06893e-06,2.46719e-06,1.93827e-06,50,100,100,405318,8 5 7 0 13 4 1 10 3 2 11 6 14 12 9 
565,2.0637e-06,2.46719e-06,1.92347e-06,50,100,100,405318,8 5 7 0 13 4 1 10 3 2 11 6 14 12 9 
566,2.06843e-06,2.46719e-06,1.94001e-06,50,100,100,405318,8 5 7 0 13 4 1 10 3 2 11 6 14 12 9 
567,2.05851e-06,2.46719e-06,1.89607e-06,50,100,100,405318,8 5 7 0 13 4 1 10 3 2 11 6 14 12 9 
568,2.05703e-06,2.46719e-06,1.87431e-06,50,100,100,405318,8 5 7 0 13 4 1 10 3 2 11 6 14 12 9 
569,2.0579e-06,2.46719e-06,1.90823e-06,50,100,100,405318,8 5 7 0 13 4 1 10 3 2 11 6 14 12 9 
570,2.05422e-06,2.46719e-06,1.88259e-06,50,100,100,405318,8 5 7 0 13 4 1 10 3 2 11 6 14 12 9 
571,2.05472e-06,2.46719e-06,1.91901e-06,50,100,100,405318,8 5 7 0 13 4 1 10 3 2 11 6 14 12 9 
572,2.05977e-06,2.46719e-06,1.89633e-06,50,100,100,405318,8 5 7 0 13 4 1 10 3 2 11 6 14 12 9 
573,2.07117e-06,2.46719e-06,1.94005e-06,50,100,100,405318,8 5 7 0 13 4 1 10 3 2 11 6 14 12 9 
574,2.05395e-06,2.46719e-06,1.88463e-06,50,100,100,405318,8 5 7 0 13 4 1 10 3 2 11 6 14 12 9 
575,2.0588e-06,2.46719e-06,1.89539e-06,50,100,100,405318,8 5 7 0 13 4 1 10 3 2 11 6 14 12 9 
576,2.06968e-06,2.46719e-06,1.92356e-06,50,100,100,405318,8 5 7 0 13 4 1 10 3 2 11 6 14 12 9 
577,2.05987e-06,2.46719e-06,1.88724e-06,50,100,100,405318,8 5 7 0 13 4 1 10 3 2 11 6 14 12 9 
578,2.07155e-06,2.46719e-06,1.91444e-06,50,100,100,405318,8 5 7 0 13 4 1 10 3 2 11 6 14 12 9 
579,2.06289e-06,2.46719e-06,1.91025e-06,50,100,100,405318,8 5 7 0 13 4 1 10 3 2 11 6 14 12 9 
580,2.06897e-06,2.46719e-06,1.91127e-06,50,100,100,405318,8 5 7 0 13 4 1 10 3 2 11 6 14 12 9 
581,2.06964e-06,2.46719e-06,1.9276e-06,50,100,100,405318,8 5 7 0 13 4 1 10 3 2 11 6 14 12 9 
582,2.063e-06,2.46719e-06,1.89098e-06,50,100,100,405318,8 5 7 0 13 4 1 10 3 2 11 6 14 12 9 
583,2.05967e-06,2.46719e-06,1.90061e-06,50,100,100,405318,8 5 7 0 13 4 1 10 3 2 11 6 14 12 9 
584,2.06894e-06,2.46719e-06,1.90737e-06,50,100,100,405318,8 5 7 0 13 4 1 10 3 2 11 6 14 12 9 
585,2.06292e-06,2.46719e-06,1.90031e-06,50,100,100,405318,8 5 7 0 13 4 1 10 3 2 11 6 14 12 9 
586,2.06037e-06,2.46719e-06,1.88733e-06,50,100,100,405318,8 5 7 0 13 4 1 10 3 2 11 6 14 12 9 
587,2.06211e-06,2.46719e-06,1.89732e-06,50,100,100,405318,8 5 7 0 13 4 1 10 3 2 11 6 14 12 9 
588,2.06022e-06,2.46719e-06,1.91012e-06,50,100,100,405318,8 5 7 0 13 4 1 10 3 2 11 6 14 12 9 
589,2.06397e-06,2.46719e-06,1.91701e-06,50,100,100,405318,8 5 7 0 13 4 1 10 3 2 11 6 14 12 9 
590,2.06684e-06,2.46719e-06,1.92866e-06,50,100,100,405318,8 5 7 0 13 4 1 10 3 2 11 6 14 12 9 
591,2.05759e-06,2.46719e-06,1.91474e-06,50,100,100,405318,8 5 7 0 13 4 1 10 3 2 11 6 14 12 9 
592,2.06338e-06,2.46719e-06,1.92461e-06,50,100,100,405318,8 5 7 0 13 4 1 10 3 2 11 6 14 12 9 
593,2.05568e-06,2.46719e-06,1.91375e-06,50,100,100,405318,8 5 7 0 13 4 1 10 3 2 11 6 14 12 9 
594,2.05746e-06,2.46719e-06,1.91743e-06,50,100,100,405318,8 5 7 0 13 4 1 10 3 2 11 6 14 12 9 
595,2.06829e-06,2.46719e-06,1.91364e-06,50,100,100,405318,8 5 7 0 13 4 1 10 3 2 11 6 14 12 9 
596,2.07e-06,2.46719e-06,1.9007e-06,50,100,100,405318,8 5 7 0 13 4 1 10 3 2 11 6 14 12 9 
597,2.055e-06,2.46719e-06,1.92013e-06,50,100,100,405318,8 5 7 0 13 4 1 10 3 2 11 6 14 12 9 
598,2.06309e-06,2.46719e-06,1.90945e-06,50,100,100,405318,8 5 7 0 13 4 1 10 3 2 11 6 14 12 9 
599,2.07021e-06,2.46719e-06,1.88975e-06,50,100,100,405318,8 5 7 0 13 4 1 10 3 2 11 6 14 12 9 
600,2.06192e-06,2.46719e-06,1.92853e-06,50,100,100,405318,8 5 7 0 13 4 1 10 3 2 11 6 14 12 9 
601,2.07629e-06,2.46719e-06,1.88774e-06,50,100,100,405318,8 5 7 0 13 4 1 10 3 2 11 6 14 12 9 
602,2.06536e-06,2.46719e-06,1.90917e-06,50,100,100,405318,8 5 7 0 13 4 1 10 3 2 11 6 14 12 9 
603,2.05776e-06,2.46719e-06,1.89372e-06,50,100,100,405318,8 5 7 0 13 4 1 10 3 2 11 6 14 12 9 
604,2.04697e-06,2.46719e-06,1.88227e-06,50,100,100,405318,8 5 7 0 13 4 1 10 3 2 11 6 14 12 9 
605,2.06686e-06,2.46719e-06,1.92944e-06,50,100,100,405318,8 5 7 0 13 4 1 10 3 2 11 6 14 12 9 
606,2.07449e-06,2.46719e-06,1.89567e-06,50,100,100,405318,8 5 7 0 13 4 1 10 3 2 11 6 14 12 9 
607,2.07172e-06,2.46719e-06,1.92123e-06,50,100,100,405318,8 5 7 0 13 4 1 10 3 2 11 6 14 12 9 
608,2.08494e-06,2.46719e-06,1.91874e-06,50,100,100,405318,8 5 7 0 13 4 1 10 3 2 11 6 14 12 9 
609,2.08033e-06,2.46719e-06,1.91187e-06,50,100,100,405318,8 5 7 0 13 4 1 10 3 2 11 6 14 12 9 
610,2.07906e-06,2.46719e-06,1.89391e-06,50,100,100,405318,8 5 7 0 13 4 1 10 3 2 11 6 14 12 9 
611,2.06871e-06,2.46719e-06,1.92728e-06,50,100,100,405318,8 5 7 0 13 4 1 10 3 2 11 6 14 12 9 
612,2.04791e-06,2.46719e-06,1.87883e-06,50,100,100,405318,8 5 7 0 13 4 1 10 3 2 11 6 14 12 9 
613,2.06363e-06,2.46719e-06,1.91183e-06,50,100,100,405318,8 5 7 0 13 4 1 10 3 2 11 6 14 12 9 
614,2.06836e-06,2.46719e-06,1.91198e-06,50,100,100,405318,8 5 7 0 13 4 1 10 3 2 11 6 14 12 9 
615,2.07106e-06,2.46719e-06,1.86945e-06,50,100,100,405318,8 5 7 0 13 4 1 10 3 2 11 6 14 12 9 
616,2.05828e-06,2.46719e-06,1.91671e-06,50,100,100,405318,8 5 7 0 13 4 1 10 3 2 11 6 14 12 9 
617,2.06994e-06,2.46719e-06,1.88771e-06,50,100,100,405318,8 5 7 0 13 4 1 10 3 2 11 6 14 12 9 
618,2.07727e-06,2.46719e-06,1.91916e-06,50,100,100,405318,8 5 7 0 13 4 1 10 3 2 11 6 14 12 9 
619,2.06994e-06,2.46719e-06,1.92288e-06,50,100,100,405318,8 5 7 0 13 4 1 10 3 2 11 6 14 12 9 
620,2.07475e-06,2.46719e-06,1.92823e-06,50,100,100,405318,8 5 7 0 13 4 1 10 3 2 11 6 14 12 9 
621,2.06909e-06,2.46719e-06,1.90828e-06,50,100,100,405318,8 5 7 0 13 4 1 10 3 2 11 6 14 12 9 
622,2.05834e-06,2.46719e-06,1.90474e-06,50,100,100,405318,8 5 7 0 13 4 1 10 3 2 11 6 14 12 9 
623,2.06114e-06,2.46719e-06,1.91609e-06,50,100,100,405318,8 5 7 0 13 4 1 10 3 2 11 6 14 12 9 
624,2.05968e-06,2.46719e-06,1.92867e-06,50,100,100,405318,8 5 7 0 13 4 1 10 3 2 11 6 14 12 9 
625,2.06667e-06,2.46719e-06,1.92128e-06,50,100,100,405318,8 5 7 0 13 4 1 10 3 2 11 6 14 12 9 
626,2.05633e-06,2.46719e-06,1.91384e-06,50,100,100,405318,8 5 7 0 13 4 1 10 3 2 11 6 14 12 9 
627,2.07544e-06,2.46719e-06,1.90752e-06,50,100,100,405318,8 5 7 0 13 4 1 10 3 2 11 6 14 12 9 
628,2.07497e-06,2.46719e-06,1.87111e-06,50,100,100,405318,8 5 7 0 13 4 1 10 3 2 11 6 14 12 9 
629,2.05926e-06,2.46719e-06,1.9003e-06,50,100,100,405318,8 5 7 0 13 4 1 10 3 2 11 6 14 12 9 
630,2.06929e-06,2.46719e-06,1.9131e-06,50,100,100,405318,8 5 7 0 13 4 1 10 3 2 11 6 14 12 9 
631,2.06549e-06,2.46719e-06,1.93067e-06,50,100,100,405318,8 5 7 0 13 4 1 10 3 2 11 6 14 12 9 
632,2.07714e-06,2.46719e-06,1.94274e-06,50,100,100,405318,8 5 7 0 13 4 1 10 3 2 11 6 14 12 9 
633,2.06533e-06,2.46719e-06,1.8811e-06,50,100,100,405318,8 5 7 0 13 4 1 10 3 2 11 6 14 12 9 
634,2.05508e-06,2.46719e-06,1.90435e-06,50,100,100,405318,8 5 7 0 13 4 1 10 3 2 11 6 14 12 9 
635,2.05918e-06,2.46719e-06,1.88909e-06,50,100,100,405318,8 5 7 0 13 4 1 10 3 2 11 6 14 12 9 
636,2.05995e-06,2.46719e-06,1.89956e-06,50,100,100,405318,8 5 7 0 13 4 1 10 3 2 11 6 14 12 9 
637,2.05137e-06,2.46719e-06,1.93792e-06,50,100,100,405318,8 5 7 0 13 4 1 10 3 2 11 6 14 12 9 
638,2.05128e-06,2.46719e-06,1.89174e-06,50,100,100,405318,8 5 7 0 13 4 1 10 3 2 11 6 14 12 9 
639,2.05775e-06,2.46719e-06,1.92397e-06,50,100,100,405318,8 5 7 0 13 4 1 10 3 2 11 6 14 12 9 
640,2.05305e-06,2.46719e-06,1.91021e-06,50,100,100,405318,8 5 7 0 13 4 1 10 3 2 11 6 14 12 9 
641,2.04981e-06,2.46719e-06,1.91204e-06,50,100,100,405318,8 5 7 0 13 4 1 10 3 2 11 6 14 12 9 
642,2.07694e-06,2.46719e-06,1.90809e-06,50,100,100,405318,8 5 7 0 13 4 1 10 3 2 11 6 14 12 9 
643,2.0704e-06,2.46719e-06,1.92355e-06,50,100,100,405318,8 5 7 0 13 4 1 10 3 2 11 6 14 12 9 
644,2.06734e-06,2.46719e-06,1.92672e-06,50,100,100,405318,8 5 7 0 13 4 1 10 3 2 11 6 14 12 9 
645,2.06873e-06,2.46719e-06,1.91995e-06,50,100,100,405318,8 5 7 0 13 4 1 10 3 2 11 6 14 12 9 
646,2.06983e-06,2.46719e-06,1.92858e-06,50,100,100,405318,8 5 7 0 13 4 1 10 3 2 11 6 14 12 9 
647,2.06005e-06,2.46719e-06,1.89865e-06,50,100,100,405318,8 5 7 0 13 4 1 10 3 2 11 6 14 12 9 
648,2.05388e-06,2.46719e-06,1.91087e-06,50,100,100,405318,8 5 7 0 13 4 1 10 3 2 11 6 14 12 9 
649,2.06946e-06,2.46719e-06,1.90736e-06,50,100,100,405318,8 5 7 0 13 4 1 10 3 2 11 6 14 12 9 
650,2.0809e-06,2.46719e-06,1.8862e-06,50,100,100,405318,8 5 7 0 13 4 1 10 3 2 11 6 14 12 9 
651,2.08321e-06,2.46719e-06,1.92441e-06,50,100,100,405318,8 5 7 0 13 4 1 10 3 2 11 6 14 12 9 
652,2.0824e-06,2.46719e-06,1.92967e-06,50,100,100,405318,8 5 7 0 13 4 1 10 3 2 11 6 14 12 9 
653,2.07151e-06,2.46719e-06,1.94628e-06,50,100,100,405318,8 5 7 0 13 4 1 10 3 2 11 6 14 12 9 
654,2.07021e-06,2.46719e-06,1.89141e-06,50,100,100,405318,8 5 7 0 13 4 1 10 3 2 11 6 14 12 9 
655,2.07212e-06,2.46719e-06,1.90382e-06,50,100,100,405318,8 5 7 0 13 4 1 10 3 2 11 6 14 12 9 
656,2.06621e-06,2.46719e-06,1.91158e-06,50,100,100,405318,8 5 7 0 13 4 1 10 3 2 11 6 14 12 9 
657,2.06285e-06,2.46719e-06,1.92074e-06,50,100,100,405318,8 5 7 0 13 4 1 10 3 2 11 6 14 12 9 
658,2.07305e-06,2.46719e-06,1.92119e-06,50,100,100,405318,8 5 7 0 13 4 1 10 3 2 11 6 14 12 9 
659,2.0683e-06,2.46719e-06,1.95253e-06,50,100,100,405318,8 5 7 0 13 4 1 10 3 2 11 6 14 12 9 
660,2.06126e-06,2.46719e-06,1.92628e-06,50,100,100,405318,8 5 7 0 13 4 1 10 3 2 11 6 14 12 9 
661,2.07561e-06,2.46719e-06,1.89725e-06,50,100,100,405318,8 5 7 0 13 4 1 10 3 2 11 6 14 12 9 
662,2.05943e-06,2.46719e-06,1.90914e-06,50,100,100,405318,8 5 7 0 13 4 1 10 3 2 11 6 14 12 9 
663,2.07083e-06,2.46719e-06,1.90562e-06,50,100,100,405318,8 5 7 0 13 4 1 10 3 2 11 6 14 12 9 
664,2.05457e-06,2.46719e-06,1.88986e-06,50,100,100,405318,8 5 7 0 13 4 1 10 3 2 11 6 14 12 9 
665,2.05785e-06,2.46719e-06,1.87481e-06,50,100,100,405318,8 5 7 0 13 4 1 10 3 2 11 6 14 12 9 
666,2.06937e-06,2.46719e-06,1.95054e-06,50,100,100,405318,8 5 7 0 13 4 1 10 3 2 11 6 14 12 9 
667,2.06709e-06,2.46719e-06,1.92957e-06,50,100,100,405318,8 5 7 0 13 4 1 10 3 2 11 6 14 12 9 
668,2.07155e-06,2.46719e-06,1.92989e-06,50,100,100,405318,8 5 7 0 13 4 1 10 3 2 11 6 14 12 9 
669,2.0764e-06,2.46719e-06,1.91623e-06,50,100,100,405318,8 5 7 0 13 4 1 10 3 2 11 6 14 12 9 
670,2.05984e-06,2.46719e-06,1.91849e-06,50,100,100,405318,8 5 7 0 13 4 1 10 3 2 11 6 14 12 9 
671,2.06329e-06,2.46719e-06,1.91948e-06,50,100,100,405318,8 5 7 0 13 4 1 10 3 2 11 6 14 12 9 
672,2.07088e-06,2.46719e-06,1.91375e-06,50,100,100,405318,8 5 7 0 13 4 1 10 3 2 11 6 14 12 9 
673,2.06006e-06,2.46719e-06,1.90232e-06,50,100,100,405318,8 5 7 0 13 4 1 10 3 2 11 6 14 12 9 
674,2.05525e-06,2.46719e-06,1.9127e-06,50,100,100,405318,8 5 7 0 13 4 1 10 3 2 11 6 14 12 9 
675,2.07405e-06,2.46719e-06,1.86175e-06,50,100,100,405318,8 5 7 0 13 4 1 10 3 2 11 6 14 12 9 
676,2.06754e-06,2.46719e-06,1.9003e-06,50,100,100,405318,8 5 7 0 13 4 1 10 3 2 11 6 14 12 9 
677,2.06374e-06,2.46719e-06,1.90013e-06,50,100,100,405318,8 5 7 0 13 4 1 10 3 2 11 6 14 12 9 
678,2.06481e-06,2.47237e-06,1.89638e-06,50,100,100,404470,8 5 7 0 13 4 1 6 3 2 10 11 14 12 9 
679,2.07215e-06,2.47237e-06,1.9071e-06,50,100,100,404470,8 5 7 0 13 4 1 6 3 2 10 11 14 12 9 
680,2.06503e-06,2.47237e-06,1.90152e-06,50,100,100,404470,8 5 7 0 13 4 1 6 3 2 10 11 14 12 9 
681,2.06909e-06,2.47237e-06,1.92688e-06,50,100,100,404470,8 5 7 0 13 4 1 6 3 2 10 11 14 12 9 
682,2.05577e-06,2.47237e-06,1.90487e-06,50,100,100,404470,8 5 7 0 13 4 1 6 3 2 10 11 14 12 9 
683,2.07119e-06,2.47237e-06,1.91196e-06,50,100,100,404470,8 5 7 0 13 4 1 6 3 2 10 11 14 12 9 
684,2.06222e-06,2.47237e-06,1.91526e-06,50,100,100,404470,8 5 7 0 13 4 1 6 3 2 10 11 14 12 9 
685,2.06449e-06,2.47237e-06,1.92662e-06,50,100,100,404470,8 5 7 0 13 4 1 6 3 2 10 11 14 12 9 
686,2.0724e-06,2.47237e-06,1.93964e-06,50,100,100,404470,8 5 7 0 13 4 1 6 3 2 10 11 14 12 9 
687,2.0773e-06,2.47237e-06,1.93096e-06,50,100,100,404470,8 5 7 0 13 4 1 6 3 2 10 11 14 12 9 
688,2.06581e-06,2.47237e-06,1.921e-06,50,100,100,404470,8 5 7 0 13 4 1 6 3 2 10 11 14 12 9 
689,2.06774e-06,2.47237e-06,1.91232e-06,50,100,100,404470,8 5 7 0 13 4 1 6 3 2 10 11 14 12 9 
690,2.06296e-06,2.47237e-06,1.912e-06,50,100,100,404470,8 5 7 0 13 4 1 6 3 2 10 11 14 12 9 
691,2.07429e-06,2.47237e-06,1.92912e-06,50,100,100,404470,8 5 7 0 13 4 1 6 3 2 10 11 14 12 9 
692,2.06493e-06,2.47237e-06,1.89582e-06,50,100,100,404470,8 5 7 0 13 4 1 6 3 2 10 11 14 12 9 
693,2.07199e-06,2.47237e-06,1.91021e-06,50,100,100,404470,8 5 7 0 13 4 1 6 3 2 10 11 14 12 9 
694,2.06037e-06,2.47237e-06,1.9003e-06,50,100,100,404470,8 5 7 0 13 4 1 6 3 2 10 11 14 12 9 
695,2.06674e-06,2.47237e-06,1.89945e-06,50,100,100,404470,8 5 7 0 13 4 1 6 3 2 10 11 14 12 9 
696,2.07145e-06,2.47237e-06,1.94583e-06,50,100,100,404470,8 5 7 0 13 4 1 6 3 2 10 11 14 12 9 
697,2.07686e-06,2.47237e-06,1.90634e-06,50,100,100,404470,8 5 7 0 13 4 1 6 3 2 10 11 14 12 9 
698,2.06563e-06,2.47237e-06,1.9129e-06,50,100,100,404470,8 5 7 0 13 4 1 6 3 2 10 11 14 12 9 
699,2.06687e-06,2.47237e-06,1.89508e-06,50,100,100,404470,8 5 7 0 13 4 1 6 3 2 10 11 14 12 9 
700,2.05275e-06,2.47237e-06,1.92384e-06,50,100,100,404470,8 5 7 0 13 4 1 6 3 2 10 11 14 12 9 
701,2.06725e-06,2.47237e-06,1.9322e-06,50,100,100,404470,8 5 7 0 13 4 1 6 3 2 10 11 14 12 9 
702,2.06571e-06,2.47237e-06,1.92231e-06,50,100,100,404470,8 5 7 0 13 4 1 6 3 2 10 11 14 12 9 
703,2.06113e-06,2.47237e-06,1.91359e-06,50,100,100,404470,8 5 7 0 13 4 1 6 3 2 10 11 14 12 9 
704,2.06488e-06,2.47237e-06,1.87863e-06,50,100,100,404470,8 5 7 0 13 4 1 6 3 2 10 11 14 12 9 
705,2.0725e-06,2.47237e-06,1.90473e-06,50,100,100,404470,8 5 7 0 13 4 1 6 3 2 10 11 14 12 9 
706,2.05659e-06,2.47237e-06,1.92699e-06,50,100,100,404470,8 5 7 0 13 4 1 6 3 2 10 11 14 12 9 
707,2.06094e-06,2.47237e-06,1.91296e-06,50,100,100,404470,8 5 7 0 13 4 1 6 3 2 10 11 14 12 9 
708,2.05959e-06,2.47237e-06,1.89368e-06,50,100,100,404470,8 5 7 0 13 4 1 6 3 2 10 11 14 12 9 
709,2.06683e-06,2.47237e-06,1.93245e-06,50,100,100,404470,8 5 7 0 13 4 1 6 3 2 10 11 14 12 9 
710,2.06895e-06,2.47237e-06,1.89021e-06,50,100,100,404470,8 5 7 0 13 4 1 6 3 2 10 11 14 12 9 
711,2.05628e-06,2.47237e-06,1.90908e-06,50,100,100,404470,8 5 7 0 13 4 1 6 3 2 10 11 14 12 9 
712,2.0663e-06,2.47237e-06,1.90288e-06,50,100,100,404470,8 5 7 0 13 4 1 6 3 2 10 11 14 12 9 
713,2.07155e-06,2.47237e-06,1.90597e-06,50,100,100,404470,8 5 7 0 13 4 1 6 3 2 10 11 14 12 9 
714,2.06747e-06,2.47237e-06,1.92075e-06,50,100,100,404470,8 5 7 0 13 4 1 6 3 2 10 11 14 12 9 
715,2.06176e-06,2.47237e-06,1.91115e-06,50,100,100,404470,8 5 7 0 13 4 1 6 3 2 10 11 14 12 9 
716,2.07213e-06,2.47237e-06,1.92529e-06,50,100,100,404470,8 5 7 0 13 4 1 6 3 2 10 11 14 12 9 
717,2.0744e-06,2.47237e-06,1.91906e-06,50,100,100,404470,8 5 7 0 13 4 1 6 3 2 10 11 14 12 9 
718,2.07167e-06,2.47237e-06,1.91385e-06,50,100,100,404470,8 5 7 0 13 4 1 6 3 2 10 11 14 12 9 
719,2.07617e-06,2.47237e-06,1.93569e-06,50,100,100,404470,8 5 7 0 13 4 1 6 3 2 10 11 14 12 9 
720,2.07113e-06,2.47237e-06,1.92618e-06,50,100,100,404470,8 5 7 0 13 4 1 6 3 2 10 11 14 12 9 
721,2.06916e-06,2.47237e-06,1.92135e-06,50,100,100,404470,8 5 7 0 13 4 1 6 3 2 10 11 14 12 9 
722,2.0685e-06,2.47237e-06,1.92579e-06,50,100,100,404470,8 5 7 0 13 4 1 6 3 2 10 11 14 12 9 
723,2.05971e-06,2.47237e-06,1.91126e-06,50,100,100,404470,8 5 7 0 13 4 1 6 3 2 10 11 14 12 9 
724,2.06047e-06,2.47237e-06,1.89051e-06,50,100,100,404470,8 5 7 0 13 4 1 6 3 2 10 11 14 12 9 
725,2.06724e-06,2.47237e-06,1.88799e-06,50,100,100,404470,8 5 7 0 13 4 1 6 3 2 10 11 14 12 9 
726,2.06103e-06,2.47237e-06,1.91584e-06,50,100,100,404470,8 5 7 0 13 4 1 6 3 2 10 11 14 12 9 
727,2.06704e-06,2.47237e-06,1.91439e-06,50,100,100,404470,8 5 7 0 13 4 1 6 3 2 10 11 14 12 9 
728,2.06608e-06,2.47237e-06,1.90673e-06,50,100,100,404470,8 5 7 0 13 4 1 6 3 2 10 11 14 12 9 
729,2.06047e-06,2.47237e-06,1.91442e-06,50,100,100,404470,8 5 7 0 13 4 1 6 3 2 10 11 14 12 9 
730,2.05663e-06,2.47237e-06,1.9417e-06,50,100,100,404470,8 5 7 0 13 4 1 6 3 2 10 11 14 12 9 
731,2.06204e-06,2.47237e-06,1.89817e-06,50,100,100,404470,8 5 7 0 13 4 1 6 3 2 10 11 14 12 9 
732,2.06918e-06,2.47237e-06,1.91869e-06,50,100,100,404470,8 5 7 0 13 4 1 6 3 2 10 11 14 12 9 
733,2.07319e-06,2.47237e-06,1.92103e-06,50,100,100,404470,8 5 7 0 13 4 1 6 3 2 10 11 14 12 9 
734,2.0632e-06,2.47237e-06,1.88911e-06,50,100,100,404470,8 5 7 0 13 4 1 6 3 2 10 11 14 12 9 
735,2.07047e-06,2.47237e-06,1.89764e-06,50,100,100,404470,8 5 7 0 13 4 1 6 3 2 10 11 14 12 9 
736,2.08089e-06,2.47237e-06,1.93867e-06,50,100,100,404470,8 5 7 0 13 4 1 6 3 2 10 11 14 12 9 
737,2.06385e-06,2.47237e-06,1.93809e-06,50,100,100,404470,8 5 7 0 13 4 1 6 3 2 10 11 14 12 9 
738,2.06048e-06,2.47237e-06,1.91884e-06,50,100,100,404470,8 5 7 0 13 4 1 6 3 2 10 11 14 12 9 
739,2.06978e-06,2.47237e-06,1.91555e-06,50,100,100,404470,8 5 7 0 13 4 1 6 3 2 10 11 14 12 9 
740,2.05876e-06,2.47237e-06,1.881e-06,50,100,100,404470,8 5 7 0 13 4 1 6 3 2 10 11 14 12 9 
741,2.06598e-06,2.47237e-06,1.90114e-06,50,100,100,404470,8 5 7 0 13 4 1 6 3 2 10 11 14 12 9 
742,2.0728e-06,2.47237e-06,1.90477e-06,50,100,100,404470,8 5 7 0 13 4 1 6 3 2 10 11 14 12 9 
743,2.07802e-06,2.47237e-06,1.91993e-06,50,100,100,404470,8 5 7 0 13 4 1 6 3 2 10 11 14 12 9 
744,2.06553e-06,2.47237e-06,1.9113e-06,50,100,100,404470,8 5 7 0 13 4 1 6 3 2 10 11 14 12 9 
745,2.07237e-06,2.47237e-06,1.9364e-06,50,100,100,404470,8 5 7 0 13 4 1 6 3 2 10 11 14 12 9 
746,2.06827e-06,2.47237e-06,1.9225e-06,50,100,100,404470,8 5 7 0 13 4 1 6 3 2 10 11 14 12 9 
747,2.07265e-06,2.47237e-06,1.9093e-06,50,100,100,404470,8 5 7 0 13 4 1 6 3 2 10 11 14 12 9 
748,2.05742e-06,2.47237e-06,1.90929e-06,50,100,100,404470,8 5 7 0 13 4 1 6 3 2 10 11 14 12 9 
749,2.07139e-06,2.47237e-06,1.90506e-06,50,100,100,404470,8 5 7 0 13 4 1 6 3 2 10 11 14 12 9 
750,2.06793e-06,2.47237e-06,1.92453e-06,50,100,100,404470,8 5 7 0 13 4 1 6 3 2 10 11 14 12 9 
751,2.07069e-06,2.47237e-06,1.91218e-06,50,100,100,404470,8 5 7 0 13 4 1 6 3 2 10 11 14 12 9 
752,2.07478e-06,2.47237e-06,1.90817e-06,50,100,100,404470,8 5 7 0 13 4 1 6 3 2 10 11 14 12 9 
753,2.07699e-06,2.47237e-06,1.93321e-06,50,100,100,404470,8 5 7 0 13 4 1 6 3 2 10 11 14 12 9 
754,2.06871e-06,2.47237e-06,1.9132e-06,50,100,100,404470,8 5 7 0 13 4 1 6 3 2 10 11 14 12 9 
755,2.07816e-06,2.47237e-06,1.93838e-06,50,100,100,404470,8 5 7 0 13 4 1 6 3 2 10 11 14 12 9 
756,2.0783e-06,2.47276e-06,1.88032e-06,50,100,100,404406,8 5 7 0 13 4 1 6 3 11 10 2 14 12 9 
757,2.07024e-06,2.47276e-06,1.89705e-06,50,100,100,404406,8 5 7 0 13 4 1 6 3 11 10 2 14 12 9 
758,2.07594e-06,2.47276e-06,1.93671e-06,50,100,100,404406,8 5 7 0 13 4 1 6 3 11 10 2 14 12 9 
759,2.07603e-06,2.47276e-06,1.91168e-06,50,100,100,404406,8 5 7 0 13 4 1 6 3 11 10 2 14 12 9 
760,2.06972e-06,2.47276e-06,1.93672e-06,50,100,100,404406,8 5 7 0 13 4 1 6 3 11 10 2 14 12 9 
761,2.08713e-06,2.47276e-06,1.94637e-06,50,100,100,404406,8 5 7 0 13 4 1 6 3 11 10 2 14 12 9 
762,2.06849e-06,2.47276e-06,1.91216e-06,50,100,100,404406,8 5 7 0 13 4 1 6 3 11 10 2 14 12 9 
763,2.07122e-06,2.47276e-06,1.92773e-06,50,100,100,404406,8 5 7 0 13 4 1 6 3 11 10 2 14 12 9 
764,2.06933e-06,2.47276e-06,1.93391e-06,50,100,100,404406,8 5 7 0 13 4 1 6 3 11 10 2 14 12 9 
765,2.07043e-06,2.47276e-06,1.92557e-06,50,100,100,404406,8 5 7 0 13 4 1 6 3 11 10 2 14 12 9 
766,2.07124e-06,2.47276e-06,1.92955e-06,50,100,100,404406,8 5 7 0 13 4 1 6 3 11 10 2 14 12 9 
767,2.06739e-06,2.47276e-06,1.90932e-06,50,100,100,404406,8 5 7 0 13 4 1 6 3 11 10 2 14 12 9 
768,2.07446e-06,2.47276e-06,1.92754e-06,50,100,100,404406,8 5 7 0 13 4 1 6 3 11 10 2 14 12 9 
769,2.07457e-06,2.47276e-06,1.91992e-06,50,100,100,404406,8 5 7 0 13 4 1 6 3 11 10 2 14 12 9 
770,2.07506e-06,2.47276e-06,1.95547e-06,50,100,100,404406,8 5 7 0 13 4 1 6 3 11 10 2 14 12 9 
771,2.0673e-06,2.47276e-06,1.93067e-06,50,100,100,404406,8 5 7 0 13 4 1 6 3 11 10 2 14 12 9 
772,2.08372e-06,2.47276e-06,1.92581e-06,50,100,100,404406,8 5 7 0 13 4 1 6 3 11 10 2 14 12 9 
773,2.07214e-06,2.47276e-06,1.91917e-06,50,100,100,404406,8 5 7 0 13 4 1 6 3 11 10 2 14 12 9 
774,2.07546e-06,2.47276e-06,1.92476e-06,50,100,100,404406,8 5 7 0 13 4 1 6 3 11 10 2 14 12 9 
775,2.06083e-06,2.47276e-06,1.89143e-06,50,100,100,404406,8 5 7 0 13 4 1 6 3 11 10 2 14 12 9 
776,2.07166e-06,2.47276e-06,1.88676e-06,50,100,100,404406,8 5 7 0 13 4 1 6 3 11 10 2 14 12 9 
777,2.06672e-06,2.47276e-06,1.91256e-06,50,100,100,404406,8 5 7 0 13 4 1 6 3 11 10 2 14 12 9 
778,2.05484e-06,2.47276e-06,1.92038e-06,50,100,100,404406,8 5 7 0 13 4 1 6 3 11 10 2 14 12 9 
779,2.06952e-06,2.47276e-06,1.91429e-06,50,100,100,404406,8 5 7 0 13 4 1 6 3 11 10 2 14 12 9 
780,2.08245e-06,2.47276e-06,1.90654e-06,50,100,100,404406,8 5 7 0 13 4 1 6 3 11 10 2 14 12 9 
781,2.08902e-06,2.47276e-06,1.9342e-06,50,100,100,404406,8 5 7 0 13 4 1 6 3 11 10 2 14 12 9 
782,2.06327e-06,2.47276e-06,1.90895e-06,50,100,100,404406,8 5 7 0 13 4 1 6 3 11 10 2 14 12 9 
783,2.07109e-06,2.47276e-06,1.92384e-06,50,100,100,404406,8 5 7 0 13 4 1 6 3 11 10 2 14 12 9 
784,2.07262e-06,2.47276e-06,1.93377e-06,50,100,100,404406,8 5 7 0 13 4 1 6 3 11 10 2 14 12 9 
785,2.06561e-06,2.47276e-06,1.87116e-06,50,100,100,404406,8 5 7 0 13 4 1 6 3 11 10 2 14 12 9 
786,2.06782e-06,2.47276e-06,1.91727e-06,50,100,100,404406,8 5 7 0 13 4 1 6 3 11 10 2 14 12 9 
787,2.07446e-06,2.47276e-06,1.89106e-06,50,100,100,404406,8 5 7 0 13 4 1 6 3 11 10 2 14 12 9 
788,2.07534e-06,2.47276e-06,1.92766e-06,50,100,100,404406,8 5 7 0 13 4 1 6 3 11 10 2 14 12 9 
789,2.06296e-06,2.47276e-06,1.92198e-06,50,100,100,404406,8 5 7 0 13 4 1 6 3 11 10 2 14 12 9 
790,2.06834e-06,2.47276e-06,1.89162e-06,50,100,100,404406,8 5 7 0 13 4 1 6 3 11 10 2 14 12 9 
791,2.07556e-06,2.47276e-06,1.8792e-06,50,100,100,404406,8 5 7 0 13 4 1 6 3 11 10 2 14 12 9 
792,2.06175e-06,2.47276e-06,1.92863e-06,50,100,100,404406,8 5 7 0 13 4 1 6 3 11 10 2 14 12 9 
793,2.06083e-06,2.47276e-06,1.92317e-06,50,100,100,404406,8 5 7 0 13 4 1 6 3 11 10 2 14 12 9 
794,2.07398e-06,2.47276e-06,1.92661e-06,50,100,100,404406,8 5 7 0 13 4 1 6 3 11 10 2 14 12 9 
795,2.07776e-06,2.47276e-06,1.9333e-06,50,100,100,404406,8 5 7 0 13 4 1 6 3 11 10 2 14 12 9 
796,2.07331e-06,2.47276e-06,1.9223e-06,50,100,100,404406,8 5 7 0 13 4 1 6 3 11 10 2 14 12 9 
797,2.07415e-06,2.47276e-06,1.91998e-06,50,100,100,404406,8 5 7 0 13 4 1 6 3 11 10 2 14 12 9 
798,2.07446e-06,2.47276e-06,1.91321e-06,50,100,100,404406,8 5 7 0 13 4 1 6 3 11 10 2 14 12 9 
799,2.07243e-06,2.47276e-06,1.93877e-06,50,100,100,404406,8 5 7 0 13 4 1 6 3 11 10 2 14 12 9 
800,2.06577e-06,2.47276e-06,1.88411e-06,50,100,100,404406,8 5 7 0 13 4 1 6 3 11 10 2 14 12 9 
801,2.0827e-06,2.47276e-06,1.89564e-06,50,100,100,404406,8 5 7 0 13 4 1 6 3 11 10 2 14 12 9 
802,2.06487e-06,2.47276e-06,1.9191e-06,50,100,100,404406,8 5 7 0 13 4 1 6 3 11 10 2 14 12 9 
803,2.06321e-06,2.47276e-06,1.88916e-06,50,100,100,404406,8 5 7 0 13 4 1 6 3 11 10 2 14 12 9 
804,2.06888e-06,2.47276e-06,1.94004e-06,50,100,100,404406,8 5 7 0 13 4 1 6 3 11 10 2 14 12 9 
805,2.06184e-06,2.47276e-06,1.91799e-06,50,100,100,404406,8 5 7 0 13 4 1 6 3 11 10 2 14 12 9 
806,2.06077e-06,2.47276e-06,1.94004e-06,50,100,100,404406,8 5 7 0 13 4 1 6 3 11 10 2 14 12 9 
807,2.0648e-06,2.47276e-06,1.92291e-06,50,100,100,404406,8 5 7 0 13 4 1 6 3 11 10 2 14 12 9 
808,2.05254e-06,2.47276e-06,1.89801e-06,50,100,100,404406,8 5 7 0 13 4 1 6 3 11 10 2 14 12 9 
809,2.05941e-06,2.47276e-06,1.91851e-06,50,100,100,404406,8 5 7 0 13 4 1 6 3 11 10 2 14 12 9 
810,2.06835e-06,2.47276e-06,1.89126e-06,50,100,100,404406,8 5 7 0 13 4 1 6 3 11 10 2 14 12 9 
811,2.06495e-06,2.47276e-06,1.91612e-06,50,100,100,404406,8 5 7 0 13 4 1 6 3 11 10 2 14 12 9 
812,2.06805e-06,2.47276e-06,1.89374e-06,50,100,100,404406,8 5 7 0 13 4 1 6 3 11 10 2 14 12 9 
813,2.06883e-06,2.47276e-06,1.91998e-06,50,100,100,404406,8 5 7 0 13 4 1 6 3 11 10 2 14 12 9 
814,2.05497e-06,2.47276e-06,1.95872e-06,50,100,100,404406,8 5 7 0 13 4 1 6 3 11 10 2 14 12 9 
815,2.07583e-06,2.47276e-06,1.92623e-06,50,100,100,404406,8 5 7 0 13 4 1 6 3 11 10 2 14 12 9 
816,2.0817e-06,2.47276e-06,1.92197e-06,50,100,100,404406,8 5 7 0 13 4 1 6 3 11 10 2 14 12 9 
817,2.07398e-06,2.47276e-06,1.93533e-06,50,100,100,404406,8 5 7 0 13 4 1 6 3 11 10 2 14 12 9 
818,2.07336e-06,2.47276e-06,1.89489e-06,50,100,100,404406,8 5 7 0 13 4 1 6 3 11 10 2 14 12 9 
819,2.07795e-06,2.47276e-06,1.92458e-06,50,100,100,404406,8 5 7 0 13 4 1 6 3 11 10 2 14 12 9 
820,2.06487e-06,2.47276e-06,1.91846e-06,50,100,100,404406,8 5 7 0 13 4 1 6 3 11 10 2 14 12 9 
821,2.06912e-06,2.47276e-06,1.91852e-06,50,100,100,404406,8 5 7 0 13 4 1 6 3 11 10 2 14 12 9 
822,2.06349e-06,2.47276e-06,1.90756e-06,50,100,100,404406,8 5 7 0 13 4 1 6 3 11 10 2 14 12 9 
823,2.05171e-06,2.47276e-06,1.89284e-06,50,100,100,404406,8 5 7 0 13 4 1 6 3 11 10 2 14 12 9 
824,2.06787e-06,2.47276e-06,1.9391e-06,50,100,100,404406,8 5 7 0 13 4 1 6 3 11 10 2 14 12 9 
825,2.0678e-06,2.47276e-06,1.92244e-06,50,100,100,404406,8 5 7 0 13 4 1 6 3 11 10 2 14 12 9 
826,2.08767e-06,2.47276e-06,1.92591e-06,50,100,100,404406,8 5 7 0 13 4 1 6 3 11 10 2 14 12 9 
827,2.07608e-06,2.47276e-06,1.92688e-06,50,100,100,404406,8 5 7 0 13 4 1 6 3 11 10 2 14 12 9 
828,2.07958e-06,2.47276e-06,1.91555e-06,50,100,100,404406,8 5 7 0 13 4 1 6 3 11 10 2 14 12 9 
829,2.08475e-06,2.47276e-06,1.92662e-06,50,100,100,404406,8 5 7 0 13 4 1 6 3 11 10 2 14 12 9 
830,2.06519e-06,2.47276e-06,1.9207e-06,50,100,100,404406,8 5 7 0 13 4 1 6 3 11 10 2 14 12 9 
831,2.06202e-06,2.47276e-06,1.88527e-06,50,100,100,404406,8 5 7 0 13 4 1 6 3 11 10 2 14 12 9 
832,2.06686e-06,2.47276e-06,1.87937e-06,50,100,100,404406,8 5 7 0 13 4 1 6 3 11 10 2 14 12 9 
833,2.06936e-06,2.47276e-06,1.95016e-06,50,100,100,404406,8 5 7 0 13 4 1 6 3 11 10 2 14 12 9 
834,2.06709e-06,2.47276e-06,1.93397e-06,50,100,100,404406,8 5 7 0 13 4 1 6 3 11 10 2 14 12 9 
835,2.05958e-06,2.47276e-06,1.92576e-06,50,100,100,404406,8 5 7 0 13 4 1 6 3 11 10 2 14 12 9 
836,2.07381e-06,2.47276e-06,1.90026e-06,50,100,100,404406,8 5 7 0 13 4 1 6 3 11 10 2 14 12 9 
837,2.06354e-06,2.47276e-06,1.85797e-06,50,100,100,404406,8 5 7 0 13 4 1 6 3 11 10 2 14 12 9 
838,2.06662e-06,2.47276e-06,1.91142e-06,50,100,100,404406,8 5 7 0 13 4 1 6 3 11 10 2 14 12 9 
839,2.06357e-06,2.47276e-06,1.91646e-06,50,100,100,404406,8 5 7 0 13 4 1 6 3 11 10 2 14 12 9 
840,2.06405e-06,2.47276e-06,1.92254e-06,50,100,100,404406,8 5 7 0 13 4 1 6 3 11 10 2 14 12 9 
841,2.06217e-06,2.47276e-06,1.91457e-06,50,100,100,404406,8 5 7 0 13 4 1 6 3 11 10 2 14 12 9 
842,2.07002e-06,2.47276e-06,1.93353e-06,50,100,100,404406,8 5 7 0 13 4 1 6 3 11 10 2 14 12 9 
843,2.07059e-06,2.47276e-06,1.91488e-06,50,100,100,404406,8 5 7 0 13 4 1 6 3 11 10 2 14 12 9 
844,2.07491e-06,2.47276e-06,1.89734e-06,50,100,100,404406,8 5 7 0 13 4 1 6 3 11 10 2 14 12 9 
845,2.06464e-06,2.47276e-06,1.92322e-06,50,100,100,404406,8 5 7 0 13 4 1 6 3 11 10 2 14 12 9 
846,2.05903e-06,2.47276e-06,1.90843e-06,50,100,100,404406,8 5 7 0 13 4 1 6 3 11 10 2 14 12 9 
847,2.05668e-06,2.47276e-06,1.91902e-06,50,100,100,404406,8 5 7 0 13 4 1 6 3 11 10 2 14 12 9 
848,2.0458e-06,2.47276e-06,1.92056e-06,50,100,100,404406,8 5 7 0 13 4 1 6 3 11 10 2 14 12 9 
849,2.05454e-06,2.47276e-06,1.88633e-06,50,100,100,404406,8 5 7 0 13 4 1 6 3 11 10 2 14 12 9 
850,2.06277e-06,2.47276e-06,1.90301e-06,50,100,100,404406,8 5 7 0 13 4 1 6 3 11 10 2 14 12 9 
851,2.07187e-06,2.47276e-06,1.88385e-06,50,100,100,404406,8 5 7 0 13 4 1 6 3 11 10 2 14 12 9 
852,2.07348e-06,2.47276e-06,1.94313e-06,50,100,100,404406,8 5 7 0 13 4 1 6 3 11 10 2 14 12 9 
853,2.0748e-06,2.47276e-06,1.93368e-06,50,100,100,404406,8 5 7 0 13 4 1 6 3 11 10 2 14 12 9 
854,2.0762e-06,2.47276e-06,1.93353e-06,50,100,100,404406,8 5 7 0 13 4 1 6 3 11 10 2 14 12 9 
855,2.05959e-06,2.47276e-06,1.9315e-06,50,100,100,404406,8 5 7 0 13 4 1 6 3 11 10 2 14 12 9 
856,2.07107e-06,2.47276e-06,1.89286e-06,50,100,100,404406,8 5 7 0 13 4 1 6 3 11 10 2 14 12 9 
857,2.05624e-06,2.47276e-06,1.89727e-06,50,100,100,404406,8 5 7 0 13 4 1 6 3 11 10 2 14 12 9 
858,2.06414e-06,2.47276e-06,1.93085e-06,50,100,100,404406,8 5 7 0 13 4 1 6 3 11 10 2 14 12 9 
859,2.06547e-06,2.47276e-06,1.91802e-06,50,100,100,404406,8 5 7 0 13 4 1 6 3 11 10 2 14 12 9 
860,2.06246e-06,2.47276e-06,1.91368e-06,50,100,100,404406,8 5 7 0 13 4 1 6 3 11 10 2 14 12 9 
861,2.0504e-06,2.47276e-06,1.88752e-06,50,100,100,404406,8 5 7 0 13 4 1 6 3 11 10 2 14 12 9 
862,2.05538e-06,2.47276e-06,1.91422e-06,50,100,100,404406,8 5 7 0 13 4 1 6 3 11 10 2 14 12 9 
863,2.05333e-06,2.47276e-06,1.88707e-06,50,100,100,404406,8 5 7 0 13 4 1 6 3 11 10 2 14 12 9 
864,2.05724e-06,2.47276e-06,1.89931e-06,50,100,100,404406,8 5 7 0 13 4 1 6 3 11 10 2 14 12 9 
865,2.06455e-06,2.47276e-06,1.89534e-06,50,100,100,404406,8 5 7 0 13 4 1 6 3 11 10 2 14 12 9 
866,2.0565e-06,2.47276e-06,1.92221e-06,50,100,100,404406,8 5 7 0 13 4 1 6 3 11 10 2 14 12 9 
867,2.07661e-06,2.47276e-06,1.94955e-06,50,100,100,404406,8 5 7 0 13 4 1 6 3 11 10 2 14 12 9 
868,2.06608e-06,2.47276e-06,1.90458e-06,50,100,100,404406,8 5 7 0 13 4 1 6 3 11 10 2 14 12 9 
869,2.07026e-06,2.47276e-06,1.91272e-06,50,100,100,404406,8 5 7 0 13 4 1 6 3 11 10 2 14 12 9 
870,2.07835e-06,2.47276e-06,1.89813e-06,50,100,100,404406,8 5 7 0 13 4 1 6 3 11 10 2 14 12 9 
871,2.07211e-06,2.47276e-06,1.91069e-06,50,100,100,404406,8 5 7 0 13 4 1 6 3 11 10 2 14 12 9 
872,2.0798e-06,2.47276e-06,1.9148e-06,50,100,100,404406,8 5 7 0 13 4 1 6 3 11 10 2 14 12 9 
873,2.07149e-06,2.47276e-06,1.91525e-06,50,100,100,404406,8 5 7 0 13 4 1 6 3 11 10 2 14 12 9 
874,2.07028e-06,2.47276e-06,1.93542e-06,50,100,100,404406,8 5 7 0 13 4 1 6 3 11 10 2 14 12 9 
875,2.0581e-06,2.47276e-06,1.91601e-06,50,100,100,404406,8 5 7 0 13 4 1 6 3 11 10 2 14 12 9 
876,2.07178e-06,2.47276e-06,1.93692e-06,50,100,100,404406,8 5 7 0 13 4 1 6 3 11 10 2 14 12 9 
877,2.0734e-06,2.47276e-06,1.88358e-06,50,100,100,404406,8 5 7 0 13 4 1 6 3 11 10 2 14 12 9 
878,2.07991e-06,2.47276e-06,1.93095e-06,50,100,100,404406,8 5 7 0 13 4 1 6 3 11 10 2 14 12 9 
879,2.06221e-06,2.47276e-06,1.90973e-06,50,100,100,404406,8 5 7 0 13 4 1 6 3 11 10 2 14 12 9 
880,2.07604e-06,2.47276e-06,1.92148e-06,50,100,100,404406,8 5 7 0 13 4 1 6 3 11 10 2 14 12 9 
881,2.07366e-06,2.47276e-06,1.92146e-06,50,100,100,404406,8 5 7 0 13 4 1 6 3 11 10 2 14 12 9 
882,2.07435e-06,2.47276e-06,1.92753e-06,50,100,100,404406,8 5 7 0 13 4 1 6 3 11 10 2 14 12 9 
883,2.07075e-06,2.47276e-06,1.91043e-06,50,100,100,404406,8 5 7 0 13 4 1 6 3 11 10 2 14 12 9 
884,2.08584e-06,2.47276e-06,1.93265e-06,50,100,100,404406,8 5 7 0 13 4 1 6 3 11 10 2 14 12 9 
885,2.07386e-06,2.47276e-06,1.87825e-06,50,100,100,404406,8 5 7 0 13 4 1 6 3 11 10 2 14 12 9 
886,2.07108e-06,2.47276e-06,1.93074e-06,50,100,100,404406,8 5 7 0 13 4 1 6 3 11 10 2 14 12 9 
887,2.05979e-06,2.47276e-06,1.8518e-06,50,100,100,404406,8 5 7 0 13 4 1 6 3 11 10 2 14 12 9 
888,2.06119e-06,2.47276e-06,1.90792e-06,50,100,100,404406,8 5 7 0 13 4 1 6 3 11 10 2 14 12 9 
889,2.08342e-06,2.47276e-06,1.92636e-06,50,100,100,404406,8 5 7 0 13 4 1 6 3 11 10 2 14 12 9 
890,2.05321e-06,2.47276e-06,1.86075e-06,50,100,100,404406,8 5 7 0 13 4 1 6 3 11 10 2 14 12 9 
891,2.06283e-06,2.47276e-06,1.88953e-06,50,100,100,404406,8 5 7 0 13 4 1 6 3 11 10 2 14 12 9 
892,2.06584e-06,2.47276e-06,1.91034e-06,50,100,100,404406,8 5 7 0 13 4 1 6 3 11 10 2 14 12 9 
893,2.06274e-06,2.47276e-06,1.90277e-06,50,100,100,404406,8 5 7 0 13 4 1 6 3 11 10 2 14 12 9 
894,2.05547e-06,2.47276e-06,1.94623e-06,50,100,100,404406,8 5 7 0 13 4 1 6 3 11 10 2 14 12 9 
895,2.05274e-06,2.47276e-06,1.90563e-06,50,100,100,404406,8 5 7 0 13 4 1 6 3 11 10 2 14 12 9 
896,2.05833e-06,2.47276e-06,1.9293e-06,50,100,100,404406,8 5 7 0 13 4 1 6 3 11 10 2 14 12 9 
897,2.0619e-06,2.47276e-06,1.88919e-06,50,100,100,404406,8 5 7 0 13 4 1 6 3 11 10 2 14 12 9 
898,2.05065e-06,2.47276e-06,1.89008e-06,50,100,100,404406,8 5 7 0 13 4 1 6 3 11 10 2 14 12 9 
899,2.05789e-06,2.47276e-06,1.89291e-06,50,100,100,404406,8 5 7 0 13 4 1 6 3 11 10 2 14 12 9 
900,2.05842e-06,2.47276e-06,1.90822e-06,50,100,100,404406,8 5 7 0 13 4 1 6 3 11 10 2 14 12 9 
901,2.06198e-06,2.47276e-06,1.88913e-06,50,100,100,404406,8 5 7 0 13 4 1 6 3 11 10 2 14 12 9 
902,2.05746e-06,2.47276e-06,1.90276e-06,50,100,100,404406,8 5 7 0 13 4 1 6 3 11 10 2 14 12 9 
903,2.05465e-06,2.47276e-06,1.93825e-06,50,100,100,404406,8 5 7 0 13 4 1 6 3 11 10 2 14 12 9 
904,2.06396e-06,2.47276e-06,1.94411e-06,50,100,100,404406,8 5 7 0 13 4 1 6 3 11 10 2 14 12 9 
905,2.05715e-06,2.47276e-06,1.87949e-06,50,100,100,404406,8 5 7 0 13 4 1 6 3 11 10 2 14 12 9 
906,2.05546e-06,2.47276e-06,1.9167e-06,50,100,100,404406,8 5 7 0 13 4 1 6 3 11 10 2 14 12 9 
907,2.05492e-06,2.47276e-06,1.87794e-06,50,100,100,404406,8 5 7 0 13 4 1 6 3 11 10 2 14 12 9 
908,2.05007e-06,2.47276e-06,1.90615e-06,50,100,100,404406,8 5 7 0 13 4 1 6 3 11 10 2 14 12 9 
909,2.05327e-06,2.47276e-06,1.8946e-06,50,100,100,404406,8 5 7 0 13 4 1 6 3 11 10 2 14 12 9 
910,2.05711e-06,2.47276e-06,1.87673e-06,50,100,100,404406,8 5 7 0 13 4 1 6 3 11 10 2 14 12 9 
911,2.06866e-06,2.47276e-06,1.90834e-06,50,100,100,404406,8 5 7 0 13 4 1 6 3 11 10 2 14 12 9 
912,2.07285e-06,2.47276e-06,1.92861e-06,50,100,100,404406,8 5 7 0 13 4 1 6 3 11 10 2 14 12 9 
913,2.06845e-06,2.47276e-06,1.9197e-06,50,100,100,404406,8 5 7 0 13 4 1 6 3 11 10 2 14 12 9 
914,2.06247e-06,2.47276e-06,1.8817e-06,50,100,100,404406,8 5 7 0 13 4 1 6 3 11 10 2 14 12 9 
915,2.0574e-06,2.47276e-06,1.85018e-06,50,100,100,404406,8 5 7 0 13 4 1 6 3 11 10 2 14 12 9 
916,2.06182e-06,2.47276e-06,1.90657e-06,50,100,100,404406,8 5 7 0 13 4 1 6 3 11 10 2 14 12 9 
917,2.07005e-06,2.47276e-06,1.91498e-06,50,100,100,404406,8 5 7 0 13 4 1 6 3 11 10 2 14 12 9 
918,2.06425e-06,2.47276e-06,1.91927e-06,50,100,100,404406,8 5 7 0 13 4 1 6 3 11 10 2 14 12 9 
919,2.06456e-06,2.47276e-06,1.91584e-06,50,100,100,404406,8 5 7 0 13 4 1 6 3 11 10 2 14 12 9 
920,2.08042e-06,2.47276e-06,1.91456e-06,50,100,100,404406,8 5 7 0 13 4 1 6 3 11 10 2 14 12 9 
921,2.06808e-06,2.47276e-06,1.92524e-06,50,100,100,404406,8 5 7 0 13 4 1 6 3 11 10 2 14 12 9 
922,2.05837e-06,2.47276e-06,1.93101e-06,50,100,100,404406,8 5 7 0 13 4 1 6 3 11 10 2 14 12 9 
923,2.06104e-06,2.47276e-06,1.89777e-06,50,100,100,404406,8 5 7 0 13 4 1 6 3 11 10 2 14 12 9 
924,2.05853e-06,2.47276e-06,1.91266e-06,50,100,100,404406,8 5 7 0 13 4 1 6 3 11 10 2 14 12 9 
925,2.06492e-06,2.47276e-06,1.87406e-06,50,100,100,404406,8 5 7 0 13 4 1 6 3 11 10 2 14 12 9 
926,2.07062e-06,2.47276e-06,1.90693e-06,50,100,100,404406,8 5 7 0 13 4 1 6 3 11 10 2 14 12 9 
927,2.06192e-06,2.47276e-06,1.9159e-06,50,100,100,404406,8 5 7 0 13 4 1 6 3 11 10 2 14 12 9 
928,2.06625e-06,2.47276e-06,1.89906e-06,50,100,100,404406,8 5 7 0 13 4 1 6 3 11 10 2 14 12 9 
929,2.06908e-06,2.47276e-06,1.91361e-06,50,100,100,404406,8 5 7 0 13 4 1 6 3 11 10 2 14 12 9 
930,2.07861e-06,2.47276e-06,1.93907e-06,50,100,100,404406,8 5 7 0 13 4 1 6 3 11 10 2 14 12 9 
931,2.07983e-06,2.47276e-06,1.92369e-06,50,100,100,404406,8 5 7 0 13 4 1 6 3 11 10 2 14 12 9 
932,2.08123e-06,2.47276e-06,1.94677e-06,50,100,100,404406,8 5 7 0 13 4 1 6 3 11 10 2 14 12 9 
933,2.06917e-06,2.47276e-06,1.93577e-06,50,100,100,404406,8 5 7 0 13 4 1 6 3 11 10 2 14 12 9 
934,2.05796e-06,2.47276e-06,1.86053e-06,50,100,100,404406,8 5 7 0 13 4 1 6 3 11 10 2 14 12 9 
935,2.07691e-06,2.47276e-06,1.89677e-06,50,100,100,404406,8 5 7 0 13 4 1 6 3 11 10 2 14 12 9 
936,2.07896e-06,2.47276e-06,1.93379e-06,50,100,100,404406,8 5 7 0 13 4 1 6 3 11 10 2 14 12 9 
937,2.08523e-06,2.47276e-06,1.92476e-06,50,100,100,404406,8 5 7 0 13 4 1 6 3 11 10 2 14 12 9 
938,2.07695e-06,2.47276e-06,1.9231e-06,50,100,100,404406,8 5 7 0 13 4 1 6 3 11 10 2 14 12 9 
939,2.07561e-06,2.47276e-06,1.90078e-06,50,100,100,404406,8 5 7 0 13 4 1 6 3 11 10 2 14 12 9 
940,2.08988e-06,2.47276e-06,1.94508e-06,50,100,100,404406,8 5 7 0 13 4 1 6 3 11 10 2 14 12 9 
941,2.07161e-06,2.47276e-06,1.92559e-06,50,100,100,404406,8 5 7 0 13 4 1 6 3 11 10 2 14 12 9 
942,2.07494e-06,2.47276e-06,1.95482e-06,50,100,100,404406,8 5 7 0 13 4 1 6 3 11 10 2 14 12 9 
943,2.06968e-06,2.47276e-06,1.91437e-06,50,100,100,404406,8 5 7 0 13 4 1 6 3 11 10 2 14 12 9 
944,2.09607e-06,2.47276e-06,1.91318e-06,50,100,100,404406,8 5 7 0 13 4 1 6 3 11 10 2 14 12 9 
945,2.08066e-06,2.47276e-06,1.91236e-06,50,100,100,404406,8 5 7 0 13 4 1 6 3 11 10 2 14 12 9 
946,2.08828e-06,2.47276e-06,1.91557e-06,50,100,100,404406,8 5 7 0 13 4 1 6 3 11 10 2 14 12 9 
947,2.07152e-06,2.47276e-06,1.91751e-06,50,100,100,404406,8 5 7 0 13 4 1 6 3 11 10 2 14 12 9 
948,2.06284e-06,2.47276e-06,1.91121e-06,50,100,100,404406,8 5 7 0 13 4 1 6 3 11 10 2 14 12 9 
949,2.06542e-06,2.47276e-06,1.93183e-06,50,100,100,404406,8 5 7 0 13 4 1 6 3 11 10 2 14 12 9 
950,2.06717e-06,2.47276e-06,1.91597e-06,50,100,100,404406,8 5 7 0 13 4 1 6 3 11 10 2 14 12 9 
951,2.07085e-06,2.47276e-06,1.92182e-06,50,100,100,404406,8 5 7 0 13 4 1 6 3 11 10 2 14 12 9 
952,2.06667e-06,2.47276e-06,1.93028e-06,50,100,100,404406,8 5 7 0 13 4 1 6 3 11 10 2 14 12 9 
953,2.07483e-06,2.47276e-06,1.91378e-06,50,100,100,404406,8 5 7 0 13 4 1 6 3 11 10 2 14 12 9 
954,2.0699e-06,2.47276e-06,1.89519e-06,50,100,100,404406,8 5 7 0 13 4 1 6 3 11 10 2 14 12 9 
955,2.07065e-06,2.47276e-06,1.91179e-06,50,100,100,404406,8 5 7 0 13 4 1 6 3 11 10 2 14 12 9 
956,2.07502e-06,2.47276e-06,1.9054e-06,50,100,100,404406,8 5 7 0 13 4 1 6 3 11 10 2 14 12 9 
957,2.07036e-06,2.47276e-06,1.92818e-06,50,100,100,404406,8 5 7 0 13 4 1 6 3 11 10 2 14 12 9 
958,2.06346e-06,2.47276e-06,1.9134e-06,50,100,100,404406,8 5 7 0 13 4 1 6 3 11 10 2 14 12 9 
959,2.07633e-06,2.47276e-06,1.91395e-06,50,100,100,404406,8 5 7 0 13 4 1 6 3 11 10 2 14 12 9 
960,2.08554e-06,2.47276e-06,1.92462e-06,50,100,100,404406,8 5 7 0 13 4 1 6 3 11 10 2 14 12 9 
961,2.07756e-06,2.47276e-06,1.94026e-06,50,100,100,404406,8 5 7 0 13 4 1 6 3 11 10 2 14 12 9 
962,2.07066e-06,2.47276e-06,1.92767e-06,50,100,100,404406,8 5 7 0 13 4 1 6 3 11 10 2 14 12 9 
963,2.07166e-06,2.47276e-06,1.90324e-06,50,100,100,404406,8 5 7 0 13 4 1 6 3 11 10 2 14 12 9 
964,2.07628e-06,2.47276e-06,1.91104e-06,50,100,100,404406,8 5 7 0 13 4 1 6 3 11 10 2 14 12 9 
965,2.07447e-06,2.47276e-06,1.93048e-06,50,100,100,404406,8 5 7 0 13 4 1 6 3 11 10 2 14 12 9 
966,2.07222e-06,2.47276e-06,1.9196e-06,50,100,100,404406,8 5 7 0 13 4 1 6 3 11 10 2 14 12 9 
967,2.06064e-06,2.47276e-06,1.91069e-06,50,100,100,404406,8 5 7 0 13 4 1 6 3 11 10 2 14 12 9 
968,2.06348e-06,2.47276e-06,1.88189e-06,50,100,100,404406,8 5 7 0 13 4 1 6 3 11 10 2 14 12 9 
969,2.06501e-06,2.47276e-06,1.90005e-06,50,100,100,404406,8 5 7 0 13 4 1 6 3 11 10 2 14 12 9 
970,2.07603e-06,2.47276e-06,1.92959e-06,50,100,100,404406,8 5 7 0 13 4 1 6 3 11 10 2 14 12 9 
971,2.07189e-06,2.47276e-06,1.92626e-06,50,100,100,404406,8 5 7 0 13 4 1 6 3 11 10 2 14 12 9 
972,2.07263e-06,2.47276e-06,1.92441e-06,50,100,100,404406,8 5 7 0 13 4 1 6 3 11 10 2 14 12 9 
973,2.06041e-06,2.47276e-06,1.94794e-06,50,100,100,404406,8 5 7 0 13 4 1 6 3 11 10 2 14 12 9 
974,2.0607e-06,2.47276e-06,1.917e-06,50,100,100,404406,8 5 7 0 13 4 1 6 3 11 10 2 14 12 9 
975,2.06481e-06,2.47276e-06,1.89699e-06,50,100,100,404406,8 5 7 0 13 4 1 6 3 11 10 2 14 12 9 
976,2.0645e-06,2.47276e-06,1.89729e-06,50,100,100,404406,8 5 7 0 13 4 1 6 3 11 10 2 14 12 9 
977,2.06205e-06,2.47276e-06,1.91815e-06,50,100,100,404406,8 5 7 0 13 4 1 6 3 11 10 2 14 12 9 
978,2.05646e-06,2.47276e-06,1.87556e-06,50,100,100,404406,8 5 7 0 13 4 1 6 3 11 10 2 14 12 9 
979,2.05209e-06,2.47276e-06,1.91416e-06,50,100,100,404406,8 5 7 0 13 4 1 6 3 11 10 2 14 12 9 
980,2.05574e-06,2.47276e-06,1.934e-06,50,100,100,404406,8 5 7 0 13 4 1 6 3 11 10 2 14 12 9 
981,2.06759e-06,2.47276e-06,1.90883e-06,50,100,100,404406,8 5 7 0 13 4 1 6 3 11 10 2 14 12 9 
982,2.06575e-06,2.47276e-06,1.93785e-06,50,100,100,404406,8 5 7 0 13 4 1 6 3 11 10 2 14 12 9 
983,2.05884e-06,2.47276e-06,1.89769e-06,50,100,100,404406,8 5 7 0 13 4 1 6 3 11 10 2 14 12 9 
984,2.07053e-06,2.47276e-06,1.89028e-06,50,100,100,404406,8 5 7 0 13 4 1 6 3 11 10 2 14 12 9 
985,2.05831e-06,2.47276e-06,1.9143e-06,50,100,100,404406,8 5 7 0 13 4 1 6 3 11 10 2 14 12 9 
986,2.06064e-06,2.47276e-06,1.90615e-06,50,100,100,404406,8 5 7 0 13 4 1 6 3 11 10 2 14 12 9 
987,2.05896e-06,2.47276e-06,1.92135e-06,50,100,100,404406,8 5 7 0 13 4 1 6 3 11 10 2 14 12 9 
988,2.07002e-06,2.47276e-06,1.89594e-06,50,100,100,404406,8 5 7 0 13 4 1 6 3 11 10 2 14 12 9 
989,2.049e-06,2.47276e-06,1.85115e-06,50,100,100,404406,8 5 7 0 13 4 1 6 3 11 10 2 14 12 9 
990,2.06298e-06,2.47276e-06,1.90854e-06,50,100,100,404406,8 5 7 0 13 4 1 6 3 11 10 2 14 12 9 
991,2.06659e-06,2.47276e-06,1.89663e-06,50,100,100,404406,8 5 7 0 13 4 1 6 3 11 10 2 14 12 9 
992,2.05754e-06,2.47276e-06,1.91007e-06,50,100,100,404406,8 5 7 0 13 4 1 6 3 11 10 2 14 12 9 
993,2.06091e-06,2.47276e-06,1.89881e-06,50,100,100,404406,8 5 7 0 13 4 1 6 3 11 10 2 14 12 9 
994,2.07135e-06,2.47276e-06,1.90457e-06,50,100,100,404406,8 5 7 0 13 4 1 6 3 11 10 2 14 12 9 
995,2.05905e-06,2.47276e-06,1.90613e-06,50,100,100,404406,8 5 7 0 13 4 1 6 3 11 10 2 14 12 9 
996,2.0541e-06,2.47276e-06,1.90978e-06,50,100,100,404406,8 5 7 0 13 4 1 6 3 11 10 2 14 12 9 
997,2.06124e-06,2.47276e-06,1.92118e-06,50,100,100,404406,8 5 7 0 13 4 1 6 3 11 10 2 14 12 9 
998,2.0634e-06,2.47276e-06,1.90729e-06,50,100,100,404406,8 5 7 0 13 4 1 6 3 11 10 2 14 12 9 
999,2.07352e-06,2.47276e-06,1.91183e-06,50,100,100,404406,8 5 7 0 13 4 1 6 3 11 10 2 14 12 9 
