Generación,Media,Mejor,Peor,Cruzas,Mutaciones,Inversiones,Costo,Permutación
1,2.04891e-06,2.26262e-06,1.90468e-06,50,100,100,441964,9 13 12 3 14 1 11 5 7 8 6 4 2 10 0 
2,2.04392e-06,2.26262e-06,1.91454e-06,50,100,100,441964,9 13 12 3 14 1 11 5 7 8 6 4 2 10 0 
3,2.05154e-06,2.26262e-06,1.91653e-06,50,100,100,441964,9 13 12 3 14 1 11 5 7 8 6 4 2 10 0 
4,2.05261e-06,2.26262e-06,1.88191e-06,50,100,100,441964,9 13 12 3 14 1 11 5 7 8 6 4 2 10 0 
5,2.05625e-06,2.26262e-06,1.89758e-06,50,100,100,441964,9 13 12 3 14 1 11 5 7 8 6 4 2 10 0 
6,2.05359e-06,2.26262e-06,1.90474e-06,50,100,100,441964,9 13 12 3 14 1 11 5 7 8 6 4 2 10 0 
7,2.06324e-06,2.31049e-06,1.91548e-06,50,100,100,432808,1 14 11 4 13 0 3 2 5 9 7 8 6 10 12 
8,2.05246e-06,2.31049e-06,1.89616e-06,50,100,100,432808,1 14 11 4 13 0 3 2 5 9 7 8 6 10 12 
9,2.0583e-06,2.31049e-06,1.91592e-06,50,100,100,432808,1 14 11 4 13 0 3 2 5 9 7 8 6 10 12 
10,2.0682e-06,2.31049e-06,1.90857e-06,50,100,100,432808,1 14 11 4 13 0 3 2 5 9 7 8 6 10 12 
11,2.05914e-06,2.31049e-06,1.89086e-06,50,100,100,432808,1 14 11 4 13 0 3 2 5 9 7 8 6 10 12 
12,2.0534e-06,2.31049e-06,1.90849e-06,50,100,100,432808,1 14 11 4 13 0 3 2 5 9 7 8 6 10 12 
13,2.05434e-06,2.31049e-06,1.90348e-06,50,100,100,432808,1 14 11 4 13 0 3 2 5 9 7 8 6 10 12 
14,2.06548e-06,2.33601e-06,1.93521e-06,50,100,100,428080,5 14 11 12 2 1 4 8 3 0 10 6 7 13 9 
15,2.06864e-06,2.33601e-06,1.92624e-06,50,100,100,428080,5 14 11 12 2 1 4 8 3 0 10 6 7 13 9 
16,2.05384e-06,2.33601e-06,1.88297e-06,50,100,100,428080,5 14 11 12 2 1 4 8 3 0 10 6 7 13 9 
17,2.05824e-06,2.33601e-06,1.91057e-06,50,100,100,428080,5 14 11 12 2 1 4 8 3 0 10 6 7 13 9 
18,2.05896e-06,2.3696e-06,1.88576e-06,50,100,100,422012,11 0 1 7 9 10 4 2 8 12 13 14 6 3 5 
19,2.05457e-06,2.3696e-06,1.90969e-06,50,100,100,422012,11 0 1 7 9 10 4 2 8 12 13 14 6 3 5 
20,2.06728e-06,2.3696e-06,1.92661e-06,50,100,100,422012,11 0 1 7 9 10 4 2 8 12 13 14 6 3 5 
21,2.05864e-06,2.3696e-06,1.92954e-06,50,100,100,422012,11 0 1 7 9 10 4 2 8 12 13 14 6 3 5 
22,2.05298e-06,2.3696e-06,1.90435e-06,50,100,100,422012,11 0 1 7 9 10 4 2 8 12 13 14 6 3 5 
23,2.06497e-06,2.3696e-06,1.89837e-06,50,100,100,422012,11 0 1 7 9 10 4 2 8 12 13 14 6 3 5 
24,2.06131e-06,2.3696e-06,1.93104e-06,50,100,100,422012,11 0 1 7 9 10 4 2 8 12 13 14 6 3 5 
25,2.0731e-06,2.37062e-06,1.92734e-06,50,100,100,421830,1 3 11 5 7 4 6 0 2 14 13 9 8 10 12 
26,2.06333e-06,2.37062e-06,1.90866e-06,50,100,100,421830,1 3 11 5 7 4 6 0 2 14 13 9 8 10 12 
27,2.05586e-06,2.37062e-06,1.93256e-06,50,100,100,421830,1 3 11 5 7 4 6 0 2 14 13 9 8 10 12 
28,2.05504e-06,2.37062e-06,1.90151e-06,50,100,100,421830,1 3 11 5 7 4 6 0 2 14 13 9 8 10 12 
29,2.06377e-06,2.37062e-06,1.89741e-06,50,100,100,421830,1 3 11 5 7 4 6 0 2 14 13 9 8 10 12 
30,2.05554e-06,2.37062e-06,1.88034e-06,50,100,100,421830,1 3 11 5 7 4 6 0 2 14 13 9 8 10 12 
31,2.05172e-06,2.37062e-06,1.90049e-06,50,100,100,421830,1 3 11 5 7 4 6 0 2 14 13 9 8 10 12 
32,2.06796e-06,2.37062e-06,1.89673e-06,50,100,100,421830,1 3 11 5 7 4 6 0 2 14 13 9 8 10 12 
33,2.06717e-06,2.37062e-06,1.90561e-06,50,100,100,421830,1 3 11 5 7 4 6 0 2 14 13 9 8 10 12 
34,2.05932e-06,2.37062e-06,1.89103e-06,50,100,100,421830,1 3 11 5 7 4 6 0 2 14 13 9 8 10 12 
35,2.06624e-06,2.37062e-06,1.89979e-06,50,100,100,421830,1 3 11 5 7 4 6 0 2 14 13 9 8 10 12 
36,2.0677e-06,2.37062e-06,1.90429e-06,50,100,100,421830,1 3 11 5 7 4 6 0 2 14 13 9 8 10 12 
37,2.07269e-06,2.37062e-06,1.9176e-06,50,100,100,421830,1 3 11 5 7 4 6 0 2 14 13 9 8 10 12 
38,2.06287e-06,2.37062e-06,1.91828e-06,50,100,100,421830,1 3 11 5 7 4 6 0 2 14 13 9 8 10 12 
39,2.07254e-06,2.37062e-06,1.91079e-06,50,100,100,421830,1 3 11 5 7 4 6 0 2 14 13 9 8 10 12 
40,2.06557e-06,2.37062e-06,1.93148e-06,50,100,100,421830,1 3 11 5 7 4 6 0 2 14 13 9 8 10 12 
41,2.08108e-06,2.37062e-06,1.88292e-06,50,100,100,421830,1 3 11 5 7 4 6 0 2 14 13 9 8 10 12 
42,2.0642e-06,2.37062e-06,1.92198e-06,50,100,100,421830,1 3 11 5 7 4 6 0 2 14 13 9 8 10 12 
43,2.06553e-06,2.37062e-06,1.91499e-06,50,100,100,421830,1 3 11 5 7 4 6 0 2 14 13 9 8 10 12 
44,2.0672e-06,2.37062e-06,1.92414e-06,50,100,100,421830,1 3 11 5 7 4 6 0 2 14 13 9 8 10 12 
45,2.06807e-06,2.37062e-06,1.90633e-06,50,100,100,421830,1 3 11 5 7 4 6 0 2 14 13 9 8 10 12 
46,2.05937e-06,2.37062e-06,1.91327e-06,50,100,100,421830,1 3 11 5 7 4 6 0 2 14 13 9 8 10 12 
47,2.06281e-06,2.37062e-06,1.91913e-06,50,100,100,421830,1 3 11 5 7 4 6 0 2 14 13 9 8 10 12 
48,2.062e-06,2.37062e-06,1.88413e-06,50,100,100,421830,1 3 11 5 7 4 6 0 2 14 13 9 8 10 12 
49,2.08287e-06,2.37062e-06,1.91605e-06,50,100,100,421830,1 3 11 5 7 4 6 0 2 14 13 9 8 10 12 
50,2.07394e-06,2.37062e-06,1.91293e-06,50,100,100,421830,1 3 11 5 7 4 6 0 2 14 13 9 8 10 12 
51,2.08362e-06,2.37062e-06,1.93092e-06,50,100,100,421830,1 3 11 5 7 4 6 0 2 14 13 9 8 10 12 
52,2.09571e-06,2.37062e-06,1.93118e-06,50,100,100,421830,1 3 11 5 7 4 6 0 2 14 13 9 8 10 12 
53,2.08721e-06,2.37062e-06,1.94806e-06,50,100,100,421830,1 3 11 5 7 4 6 0 2 14 13 9 8 10 12 
54,2.08764e-06,2.37062e-06,1.90429e-06,50,100,100,421830,1 3 11 5 7 4 6 0 2 14 13 9 8 10 12 
55,2.09314e-06,2.37062e-06,1.93091e-06,50,100,100,421830,1 3 11 5 7 4 6 0 2 14 13 9 8 10 12 
56,2.08699e-06,2.37062e-06,1.9165e-06,50,100,100,421830,1 3 11 5 7 4 6 0 2 14 13 9 8 10 12 
57,2.082e-06,2.37062e-06,1.91076e-06,50,100,100,421830,1 3 11 5 7 4 6 0 2 14 13 9 8 10 12 
58,2.07923e-06,2.37062e-06,1.92905e-06,50,100,100,421830,1 3 11 5 7 4 6 0 2 14 13 9 8 10 12 
59,2.06489e-06,2.37062e-06,1.90775e-06,50,100,100,421830,1 3 11 5 7 4 6 0 2 14 13 9 8 10 12 
60,2.07778e-06,2.37062e-06,1.9187e-06,50,100,100,421830,1 3 11 5 7 4 6 0 2 14 13 9 8 10 12 
61,2.09236e-06,2.37062e-06,1.89985e-06,50,100,100,421830,1 3 11 5 7 4 6 0 2 14 13 9 8 10 12 
62,2.09186e-06,2.37062e-06,1.88243e-06,50,100,100,421830,1 3 11 5 7 4 6 0 2 14 13 9 8 10 12 
63,2.09385e-06,2.37062e-06,1.95011e-06,50,100,100,421830,1 3 11 5 7 4 6 0 2 14 13 9 8 10 12 
64,2.08928e-06,2.37062e-06,1.90705e-06,50,100,100,421830,1 3 11 5 7 4 6 0 2 14 13 9 8 10 12 
65,2.07966e-06,2.37062e-06,1.91243e-06,50,100,100,421830,1 3 11 5 7 4 6 0 2 14 13 9 8 10 12 
66,2.07096e-06,2.37062e-06,1.91553e-06,50,100,100,421830,1 3 11 5 7 4 6 0 2 14 13 9 8 10 12 
67,2.06928e-06,2.37062e-06,1.89639e-06,50,100,100,421830,1 3 11 5 7 4 6 0 2 14 13 9 8 10 12 
68,2.075e-06,2.37062e-06,1.90233e-06,50,100,100,421830,1 3 11 5 7 4 6 0 2 14 13 9 8 10 12 
69,2.07807e-06,2.37062e-06,1.90333e-06,50,100,100,421830,1 3 11 5 7 4 6 0 2 14 13 9 8 10 12 
70,2.07035e-06,2.37062e-06,1.92581e-06,50,100,100,421830,1 3 11 5 7 4 6 0 2 14 13 9 8 10 12 
71,2.06395e-06,2.37062e-06,1.89897e-06,50,100,100,421830,1 3 11 5 7 4 6 0 2 14 13 9 8 10 12 
72,2.06706e-06,2.37062e-06,1.90914e-06,50,100,100,421830,1 3 11 5 7 4 6 0 2 14 13 9 8 10 12 
73,2.06561e-06,2.37062e-06,1.92521e-06,50,100,100,421830,1 3 11 5 7 4 6 0 2 14 13 9 8 10 12 
74,2.06602e-06,2.37062e-06,1.93028e-06,50,100,100,421830,1 3 11 5 7 4 6 0 2 14 13 9 8 10 12 
75,2.06276e-06,2.37062e-06,1.87266e-06,50,100,100,421830,1 3 11 5 7 4 6 0 2 14 13 9 8 10 12 
76,2.06349e-06,2.37062e-06,1.90564e-06,50,100,100,421830,1 3 11 5 7 4 6 0 2 14 13 9 8 10 12 
77,2.07077e-06,2.37062e-06,1.89229e-06,50,100,100,421830,1 3 11 5 7 4 6 0 2 14 13 9 8 10 12 
78,2.07304e-06,2.37062e-06,1.88196e-06,50,100,100,421830,1 3 11 5 7 4 6 0 2 14 13 9 8 10 12 
79,2.07532e-06,2.37062e-06,1.95835e-06,50,100,100,421830,1 3 11 5 7 4 6 0 2 14 13 9 8 10 12 
80,2.07036e-06,2.37062e-06,1.91895e-06,50,100,100,421830,1 3 11 5 7 4 6 0 2 14 13 9 8 10 12 
81,2.08281e-06,2.37062e-06,1.93323e-06,50,100,100,421830,1 3 11 5 7 4 6 0 2 14 13 9 8 10 12 
82,2.08289e-06,2.37062e-06,1.89282e-06,50,100,100,421830,1 3 11 5 7 4 6 0 2 14 13 9 8 10 12 
83,2.08025e-06,2.37062e-06,1.89967e-06,50,100,100,421830,1 3 11 5 7 4 6 0 2 14 13 9 8 10 12 
84,2.06665e-06,2.37062e-06,1.92469e-06,50,100,100,421830,1 3 11 5 7 4 6 0 2 14 13 9 8 10 12 
85,2.07587e-06,2.37062e-06,1.92182e-06,50,100,100,421830,1 3 11 5 7 4 6 0 2 14 13 9 8 10 12 
86,2.07054e-06,2.37062e-06,1.93466e-06,50,100,100,421830,1 3 11 5 7 4 6 0 2 14 13 9 8 10 12 
87,2.0778e-06,2.37062e-06,1.91777e-06,50,100,100,421830,1 3 11 5 7 4 6 0 2 14 13 9 8 10 12 
88,2.06539e-06,2.37062e-06,1.9246e-06,50,100,100,421830,1 3 11 5 7 4 6 0 2 14 13 9 8 10 12 
89,2.08378e-06,2.37062e-06,1.9326e-06,50,100,100,421830,1 3 11 5 7 4 6 0 2 14 13 9 8 10 12 
90,2.06156e-06,2.37062e-06,1.86136e-06,50,100,100,421830,1 3 11 5 7 4 6 0 2 14 13 9 8 10 12 
91,2.06522e-06,2.37062e-06,1.93807e-06,50,100,100,421830,1 3 11 5 7 4 6 0 2 14 13 9 8 10 12 
92,2.06031e-06,2.37062e-06,1.9328e-06,50,100,100,421830,1 3 11 5 7 4 6 0 2 14 13 9 8 10 12 
93,2.064e-06,2.37062e-06,1.91144e-06,50,100,100,421830,1 3 11 5 7 4 6 0 2 14 13 9 8 10 12 
94,2.065e-06,2.37062e-06,1.92406e-06,50,100,100,421830,1 3 11 5 7 4 6 0 2 14 13 9 8 10 12 
95,2.0651e-06,2.37062e-06,1.93462e-06,50,100,100,421830,1 3 11 5 7 4 6 0 2 14 13 9 8 10 12 
96,2.06386e-06,2.37062e-06,1.92982e-06,50,100,100,421830,1 3 11 5 7 4 6 0 2 14 13 9 8 10 12 
97,2.06555e-06,2.37062e-06,1.88875e-06,50,100,100,421830,1 3 11 5 7 4 6 0 2 14 13 9 8 10 12 
98,2.06762e-06,2.37062e-06,1.92453e-06,50,100,100,421830,1 3 11 5 7 4 6 0 2 14 13 9 8 10 12 
99,2.06055e-06,2.37062e-06,1.91548e-06,50,100,100,421830,1 3 11 5 7 4 6 0 2 14 13 9 8 10 12 
100,2.07043e-06,2.37062e-06,1.92741e-06,50,100,100,421830,1 3 11 5 7 4 6 0 2 14 13 9 8 10 12 
101,2.06606e-06,2.37062e-06,1.90498e-06,50,100,100,421830,1 3 11 5 7 4 6 0 2 14 13 9 8 10 12 
102,2.07621e-06,2.37062e-06,1.88113e-06,50,100,100,421830,1 3 11 5 7 4 6 0 2 14 13 9 8 10 12 
103,2.08073e-06,2.37062e-06,1.9267e-06,50,100,100,421830,1 3 11 5 7 4 6 0 2 14 13 9 8 10 12 
104,2.071e-06,2.37062e-06,1.89703e-06,50,100,100,421830,1 3 11 5 7 4 6 0 2 14 13 9 8 10 12 
105,2.07985e-06,2.37062e-06,1.90863e-06,50,100,100,421830,1 3 11 5 7 4 6 0 2 14 13 9 8 10 12 
106,2.07288e-06,2.37062e-06,1.91022e-06,50,100,100,421830,1 3 11 5 7 4 6 0 2 14 13 9 8 10 12 
107,2.06416e-06,2.37062e-06,1.9138e-06,50,100,100,421830,1 3 11 5 7 4 6 0 2 14 13 9 8 10 12 
108,2.08707e-06,2.37199e-06,1.92395e-06,50,100,100,421586,1 3 11 5 7 4 6 9 2 14 13 0 8 10 12 
109,2.06531e-06,2.37199e-06,1.90733e-06,50,100,100,421586,1 3 11 5 7 4 6 9 2 14 13 0 8 10 12 
110,2.06152e-06,2.37199e-06,1.93613e-06,50,100,100,421586,1 3 11 5 7 4 6 9 2 14 13 0 8 10 12 
111,2.0589e-06,2.37199e-06,1.89721e-06,50,100,100,421586,1 3 11 5 7 4 6 9 2 14 13 0 8 10 12 
112,2.07912e-06,2.37199e-06,1.91447e-06,50,100,100,421586,1 3 11 5 7 4 6 9 2 14 13 0 8 10 12 
113,2.08047e-06,2.37199e-06,1.92277e-06,50,100,100,421586,1 3 11 5 7 4 6 9 2 14 13 0 8 10 12 
114,2.06525e-06,2.37199e-06,1.92396e-06,50,100,100,421586,1 3 11 5 7 4 6 9 2 14 13 0 8 10 12 
115,2.0682e-06,2.37199e-06,1.89053e-06,50,100,100,421586,1 3 11 5 7 4 6 9 2 14 13 0 8 10 12 
116,2.09081e-06,2.37199e-06,1.93618e-06,50,100,100,421586,1 3 11 5 7 4 6 9 2 14 13 0 8 10 12 
117,2.07238e-06,2.37199e-06,1.9094e-06,50,100,100,421586,1 3 11 5 7 4 6 9 2 14 13 0 8 10 12 
118,2.09056e-06,2.37199e-06,1.91743e-06,50,100,100,421586,1 3 11 5 7 4 6 9 2 14 13 0 8 10 12 
119,2.08221e-06,2.37199e-06,1.91013e-06,50,100,100,421586,1 3 11 5 7 4 6 9 2 14 13 0 8 10 12 
120,2.08181e-06,2.37199e-06,1.89288e-06,50,100,100,421586,1 3 11 5 7 4 6 9 2 14 13 0 8 10 12 
121,2.08239e-06,2.37199e-06,1.91565e-06,50,100,100,421586,1 3 11 5 7 4 6 9 2 14 13 0 8 10 12 
122,2.07277e-06,2.37199e-06,1.88645e-06,50,100,100,421586,1 3 11 5 7 4 6 9 2 14 13 0 8 10 12 
123,2.07867e-06,2.37199e-06,1.92489e-06,50,100,100,421586,1 3 11 5 7 4 6 9 2 14 13 0 8 10 12 
124,2.07609e-06,2.37199e-06,1.89795e-06,50,100,100,421586,1 3 11 5 7 4 6 9 2 14 13 0 8 10 12 
125,2.07797e-06,2.37199e-06,1.91812e-06,50,100,100,421586,1 3 11 5 7 4 6 9 2 14 13 0 8 10 12 
126,2.07282e-06,2.37199e-06,1.92486e-06,50,100,100,421586,1 3 11 5 7 4 6 9 2 14 13 0 8 10 12 
127,2.07107e-06,2.37199e-06,1.93226e-06,50,100,100,421586,1 3 11 5 7 4 6 9 2 14 13 0 8 10 12 
128,2.07072e-06,2.38899e-06,1.93072e-06,50,100,100,418586,1 3 11 5 7 4 6 9 2 13 14 0 8 10 12 
129,2.06727e-06,2.38899e-06,1.88961e-06,50,100,100,418586,1 3 11 5 7 4 6 9 2 13 14 0 8 10 12 
130,2.0704e-06,2.38899e-06,1.93022e-06,50,100,100,418586,1 3 11 5 7 4 6 9 2 13 14 0 8 10 12 
131,2.0649e-06,2.38899e-06,1.89361e-06,50,100,100,418586,1 3 11 5 7 4 6 9 2 13 14 0 8 10 12 
132,2.07033e-06,2.38899e-06,1.90224e-06,50,100,100,418586,1 3 11 5 7 4 6 9 2 13 14 0 8 10 12 
133,2.07468e-06,2.38899e-06,1.87588e-06,50,100,100,418586,1 3 11 5 7 4 6 9 2 13 14 0 8 10 12 
134,2.07039e-06,2.38899e-06,1.89807e-06,50,100,100,418586,1 3 11 5 7 4 6 9 2 13 14 0 8 10 12 
135,2.06432e-06,2.38899e-06,1.8997e-06,50,100,100,418586,1 3 11 5 7 4 6 9 2 13 14 0 8 10 12 
136,2.07367e-06,2.38899e-06,1.91756e-06,50,100,100,418586,1 3 11 5 7 4 6 9 2 13 14 0 8 10 12 
137,2.06364e-06,2.38899e-06,1.92288e-06,50,100,100,418586,1 3 11 5 7 4 6 9 2 13 14 0 8 10 12 
138,2.06268e-06,2.38899e-06,1.91131e-06,50,100,100,418586,1 3 11 5 7 4 6 9 2 13 14 0 8 10 12 
139,2.08096e-06,2.38899e-06,1.95111e-06,50,100,100,418586,1 3 11 5 7 4 6 9 2 13 14 0 8 10 12 
140,2.06444e-06,2.38899e-06,1.9282e-06,50,100,100,418586,1 3 11 5 7 4 6 9 2 13 14 0 8 10 12 
141,2.06135e-06,2.38899e-06,1.89844e-06,50,100,100,418586,1 3 11 5 7 4 6 9 2 13 14 0 8 10 12 
142,2.06256e-06,2.38899e-06,1.92325e-06,50,100,100,418586,1 3 11 5 7 4 6 9 2 13 14 0 8 10 12 
143,2.07183e-06,2.38899e-06,1.92086e-06,50,100,100,418586,1 3 11 5 7 4 6 9 2 13 14 0 8 10 12 
144,2.06742e-06,2.38899e-06,1.92371e-06,50,100,100,418586,1 3 11 5 7 4 6 9 2 13 14 0 8 10 12 
145,2.07181e-06,2.38899e-06,1.92381e-06,50,100,100,418586,1 3 11 5 7 4 6 9 2 13 14 0 8 10 12 
146,2.08112e-06,2.38899e-06,1.91392e-06,50,100,100,418586,1 3 11 5 7 4 6 9 2 13 14 0 8 10 12 
147,2.06565e-06,2.38899e-06,1.94165e-06,50,100,100,418586,1 3 11 5 7 4 6 9 2 13 14 0 8 10 12 
148,2.05977e-06,2.38899e-06,1.89192e-06,50,100,100,418586,1 3 11 5 7 4 6 9 2 13 14 0 8 10 12 
149,2.05322e-06,2.38899e-06,1.94523e-06,50,100,100,418586,1 3 11 5 7 4 6 9 2 13 14 0 8 10 12 
150,2.0616e-06,2.38899e-06,1.9069e-06,50,100,100,418586,1 3 11 5 7 4 6 9 2 13 14 0 8 10 12 
151,2.07366e-06,2.38899e-06,1.90319e-06,50,100,100,418586,1 3 11 5 7 4 6 9 2 13 14 0 8 10 12 
152,2.0519e-06,2.38899e-06,1.89021e-06,50,100,100,418586,1 3 11 5 7 4 6 9 2 13 14 0 8 10 12 
153,2.06082e-06,2.38899e-06,1.93628e-06,50,100,100,418586,1 3 11 5 7 4 6 9 2 13 14 0 8 10 12 
154,2.05906e-06,2.38899e-06,1.92605e-06,50,100,100,418586,1 3 11 5 7 4 6 9 2 13 14 0 8 10 12 
155,2.07254e-06,2.38899e-06,1.9269e-06,50,100,100,418586,1 3 11 5 7 4 6 9 2 13 14 0 8 10 12 
156,2.05999e-06,2.38899e-06,1.91035e-06,50,100,100,418586,1 3 11 5 7 4 6 9 2 13 14 0 8 10 12 
157,2.06533e-06,2.38899e-06,1.88027e-06,50,100,100,418586,1 3 11 5 7 4 6 9 2 13 14 0 8 10 12 
158,2.05074e-06,2.38899e-06,1.91615e-06,50,100,100,418586,1 3 11 5 7 4 6 9 2 13 14 0 8 10 12 
159,2.05765e-06,2.38899e-06,1.91054e-06,50,100,100,418586,1 3 11 5 7 4 6 9 2 13 14 0 8 10 12 
160,2.06417e-06,2.38899e-06,1.90245e-06,50,100,100,418586,1 3 11 5 7 4 6 9 2 13 14 0 8 10 12 
161,2.06442e-06,2.38899e-06,1.93209e-06,50,100,100,418586,1 3 11 5 7 4 6 9 2 13 14 0 8 10 12 
162,2.06667e-06,2.38899e-06,1.91066e-06,50,100,100,418586,1 3 11 5 7 4 6 9 2 13 14 0 8 10 12 
163,2.05791e-06,2.38899e-06,1.92544e-06,50,100,100,418586,1 3 11 5 7 4 6 9 2 13 14 0 8 10 12 
164,2.07081e-06,2.38899e-06,1.9209e-06,50,100,100,418586,1 3 11 5 7 4 6 9 2 13 14 0 8 10 12 
165,2.0656e-06,2.38899e-06,1.89824e-06,50,100,100,418586,1 3 11 5 7 4 6 9 2 13 14 0 8 10 12 
166,2.0664e-06,2.38899e-06,1.92154e-06,50,100,100,418586,1 3 11 5 7 4 6 9 2 13 14 0 8 10 12 
167,2.07305e-06,2.38899e-06,1.89103e-06,50,100,100,418586,1 3 11 5 7 4 6 9 2 13 14 0 8 10 12 
168,2.07765e-06,2.38899e-06,1.88971e-06,50,100,100,418586,1 3 11 5 7 4 6 9 2 13 14 0 8 10 12 
169,2.06752e-06,2.38899e-06,1.93418e-06,50,100,100,418586,1 3 11 5 7 4 6 9 2 13 14 0 8 10 12 
170,2.07051e-06,2.38899e-06,1.94919e-06,50,100,100,418586,1 3 11 5 7 4 6 9 2 13 14 0 8 10 12 
171,2.06797e-06,2.38899e-06,1.89787e-06,50,100,100,418586,1 3 11 5 7 4 6 9 2 13 14 0 8 10 12 
172,2.06526e-06,2.38899e-06,1.95166e-06,50,100,100,418586,1 3 11 5 7 4 6 9 2 13 14 0 8 10 12 
173,2.05626e-06,2.38899e-06,1.92265e-06,50,100,100,418586,1 3 11 5 7 4 6 9 2 13 14 0 8 10 12 
174,2.05938e-06,2.38899e-06,1.92105e-06,50,100,100,418586,1 3 11 5 7 4 6 9 2 13 14 0 8 10 12 
175,2.0636e-06,2.38899e-06,1.89721e-06,50,100,100,418586,1 3 11 5 7 4 6 9 2 13 14 0 8 10 12 
176,2.06311e-06,2.38899e-06,1.92415e-06,50,100,100,418586,1 3 11 5 7 4 6 9 2 13 14 0 8 10 12 
177,2.05576e-06,2.38899e-06,1.90458e-06,50,100,100,418586,1 3 11 5 7 4 6 9 2 13 14 0 8 10 12 
178,2.05385e-06,2.38899e-06,1.88184e-06,50,100,100,418586,1 3 11 5 7 4 6 9 2 13 14 0 8 10 12 
179,2.0689e-06,2.38899e-06,1.9369e-06,50,100,100,418586,1 3 11 5 7 4 6 9 2 13 14 0 8 10 12 
180,2.06441e-06,2.38899e-06,1.92585e-06,50,100,100,418586,1 3 11 5 7 4 6 9 2 13 14 0 8 10 12 
181,2.05561e-06,2.38899e-06,1.92919e-06,50,100,100,418586,1 3 11 5 7 4 6 9 2 13 14 0 8 10 12 
182,2.07216e-06,2.38899e-06,1.95377e-06,50,100,100,418586,1 3 11 5 7 4 6 9 2 13 14 0 8 10 12 
183,2.05421e-06,2.38899e-06,1.8787e-06,50,100,100,418586,1 3 11 5 7 4 6 9 2 13 14 0 8 10 12 
184,2.05693e-06,2.38899e-06,1.92662e-06,50,100,100,418586,1 3 11 5 7 4 6 9 2 13 14 0 8 10 12 
185,2.06233e-06,2.38899e-06,1.88893e-06,50,100,100,418586,1 3 11 5 7 4 6 9 2 13 14 0 8 10 12 
186,2.04842e-06,2.38899e-06,1.89645e-06,50,100,100,418586,1 3 11 5 7 4 6 9 2 13 14 0 8 10 12 
187,2.0554e-06,2.38899e-06,1.89891e-06,50,100,100,418586,1 3 11 5 7 4 6 9 2 13 14 0 8 10 12 
188,2.062e-06,2.38899e-06,1.91918e-06,50,100,100,418586,1 3 11 5 7 4 6 9 2 13 14 0 8 10 12 
189,2.07814e-06,2.38899e-06,1.94593e-06,50,100,100,418586,1 3 11 5 7 4 6 9 2 13 14 0 8 10 12 
190,2.05478e-06,2.38899e-06,1.87842e-06,50,100,100,418586,1 3 11 5 7 4 6 9 2 13 14 0 8 10 12 
191,2.05677e-06,2.38899e-06,1.88606e-06,50,100,100,418586,1 3 11 5 7 4 6 9 2 13 14 0 8 10 12 
192,2.06317e-06,2.38899e-06,1.91722e-06,50,100,100,418586,1 3 11 5 7 4 6 9 2 13 14 0 8 10 12 
193,2.07317e-06,2.38899e-06,1.91331e-06,50,100,100,418586,1 3 11 5 7 4 6 9 2 13 14 0 8 10 12 
194,2.05767e-06,2.38899e-06,1.90339e-06,50,100,100,418586,1 3 11 5 7 4 6 9 2 13 14 0 8 10 12 
195,2.06138e-06,2.38899e-06,1.92797e-06,50,100,100,418586,1 3 11 5 7 4 6 9 2 13 14 0 8 10 12 
196,2.06319e-06,2.38899e-06,1.92924e-06,50,100,100,418586,1 3 11 5 7 4 6 9 2 13 14 0 8 10 12 
197,2.0623e-06,2.38899e-06,1.91725e-06,50,100,100,418586,1 3 11 5 7 4 6 9 2 13 14 0 8 10 12 
198,2.06731e-06,2.38899e-06,1.87096e-06,50,100,100,418586,1 3 11 5 7 4 6 9 2 13 14 0 8 10 12 
199,2.05698e-06,2.38899e-06,1.90368e-06,50,100,100,418586,1 3 11 5 7 4 6 9 2 13 14 0 8 10 12 
200,2.05525e-06,2.38899e-06,1.89651e-06,50,100,100,418586,1 3 11 5 7 4 6 9 2 13 14 0 8 10 12 
201,2.06235e-06,2.38899e-06,1.89475e-06,50,100,100,418586,1 3 11 5 7 4 6 9 2 13 14 0 8 10 12 
202,2.06029e-06,2.38899e-06,1.91026e-06,50,100,100,418586,1 3 11 5 7 4 6 9 2 13 14 0 8 10 12 
203,2.0551e-06,2.38899e-06,1.90532e-06,50,100,100,418586,1 3 11 5 7 4 6 9 2 13 14 0 8 10 12 
204,2.07224e-06,2.38899e-06,1.92257e-06,50,100,100,418586,1 3 11 5 7 4 6 9 2 13 14 0 8 10 12 
205,2.07573e-06,2.38899e-06,1.91239e-06,50,100,100,418586,1 3 11 5 7 4 6 9 2 13 14 0 8 10 12 
206,2.07635e-06,2.38899e-06,1.91932e-06,50,100,100,418586,1 3 11 5 7 4 6 9 2 13 14 0 8 10 12 
207,2.06878e-06,2.38899e-06,1.89345e-06,50,100,100,418586,1 3 11 5 7 4 6 9 2 13 14 0 8 10 12 
208,2.06487e-06,2.38899e-06,1.88189e-06,50,100,100,418586,1 3 11 5 7 4 6 9 2 13 14 0 8 10 12 
209,2.06454e-06,2.38899e-06,1.92413e-06,50,100,100,418586,1 3 11 5 7 4 6 9 2 13 14 0 8 10 12 
210,2.08456e-06,2.38923e-06,1.93121e-06,50,100,100,418544,1 11 14 5 3 4 6 9 2 7 13 0 8 10 12 
211,2.06997e-06,2.38923e-06,1.93995e-06,50,100,100,418544,1 11 14 5 3 4 6 9 2 7 13 0 8 10 12 
212,2.07067e-06,2.38923e-06,1.90522e-06,50,100,100,418544,1 11 14 5 3 4 6 9 2 7 13 0 8 10 12 
213,2.09192e-06,2.38923e-06,1.90147e-06,50,100,100,418544,1 11 14 5 3 4 6 9 2 7 13 0 8 10 12 
214,2.08674e-06,2.38923e-06,1.94275e-06,50,100,100,418544,1 11 14 5 3 4 6 9 2 7 13 0 8 10 12 
215,2.07102e-06,2.38923e-06,1.89122e-06,50,100,100,418544,1 11 14 5 3 4 6 9 2 7 13 0 8 10 12 
216,2.06793e-06,2.38923e-06,1.92061e-06,50,100,100,418544,1 11 14 5 3 4 6 9 2 7 13 0 8 10 12 
217,2.07239e-06,2.38923e-06,1.90061e-06,50,100,100,418544,1 11 14 5 3 4 6 9 2 7 13 0 8 10 12 
218,2.08243e-06,2.38923e-06,1.93614e-06,50,100,100,418544,1 11 14 5 3 4 6 9 2 7 13 0 8 10 12 
219,2.08505e-06,2.38923e-06,1.92799e-06,50,100,100,418544,1 11 14 5 3 4 6 9 2 7 13 0 8 10 12 
220,2.06751e-06,2.38923e-06,1.89262e-06,50,100,100,418544,1 11 14 5 3 4 6 9 2 7 13 0 8 10 12 
221,2.06792e-06,2.38923e-06,1.90595e-06,50,100,100,418544,1 11 14 5 3 4 6 9 2 7 13 0 8 10 12 
222,2.07532e-06,2.38923e-06,1.93633e-06,50,100,100,418544,1 11 14 5 3 4 6 9 2 7 13 0 8 10 12 
223,2.07518e-06,2.38923e-06,1.92049e-06,50,100,100,418544,1 11 14 5 3 4 6 9 2 7 13 0 8 10 12 
224,2.05855e-06,2.38923e-06,1.92772e-06,50,100,100,418544,1 11 14 5 3 4 6 9 2 7 13 0 8 10 12 
225,2.05052e-06,2.38923e-06,1.9225e-06,50,100,100,418544,1 11 14 5 3 4 6 9 2 7 13 0 8 10 12 
226,2.05896e-06,2.38923e-06,1.91489e-06,50,100,100,418544,1 11 14 5 3 4 6 9 2 7 13 0 8 10 12 
227,2.05892e-06,2.38923e-06,1.90327e-06,50,100,100,418544,1 11 14 5 3 4 6 9 2 7 13 0 8 10 12 
228,2.06364e-06,2.38923e-06,1.92567e-06,50,100,100,418544,1 11 14 5 3 4 6 9 2 7 13 0 8 10 12 
229,2.07042e-06,2.38923e-06,1.92386e-06,50,100,100,418544,1 11 14 5 3 4 6 9 2 7 13 0 8 10 12 
230,2.07226e-06,2.38923e-06,1.91731e-06,50,100,100,418544,1 11 14 5 3 4 6 9 2 7 13 0 8 10 12 
231,2.07551e-06,2.38923e-06,1.88553e-06,50,100,100,418544,1 11 14 5 3 4 6 9 2 7 13 0 8 10 12 
232,2.07925e-06,2.38923e-06,1.91637e-06,50,100,100,418544,1 11 14 5 3 4 6 9 2 7 13 0 8 10 12 
233,2.07396e-06,2.38923e-06,1.91566e-06,50,100,100,418544,1 11 14 5 3 4 6 9 2 7 13 0 8 10 12 
234,2.07014e-06,2.38923e-06,1.90041e-06,50,100,100,418544,1 11 14 5 3 4 6 9 2 7 13 0 8 10 12 
235,2.0821e-06,2.38923e-06,1.94513e-06,50,100,100,418544,1 11 14 5 3 4 6 9 2 7 13 0 8 10 12 
236,2.07008e-06,2.38923e-06,1.92925e-06,50,100,100,418544,1 11 14 5 3 4 6 9 2 7 13 0 8 10 12 
237,2.06343e-06,2.38923e-06,1.9268e-06,50,100,100,418544,1 11 14 5 3 4 6 9 2 7 13 0 8 10 12 
238,2.07301e-06,2.38923e-06,1.93325e-06,50,100,100,418544,1 11 14 5 3 4 6 9 2 7 13 0 8 10 12 
239,2.06789e-06,2.38923e-06,1.91047e-06,50,100,100,418544,1 11 14 5 3 4 6 9 2 7 13 0 8 10 12 
240,2.06609e-06,2.38923e-06,1.92741e-06,50,100,100,418544,1 11 14 5 3 4 6 9 2 7 13 0 8 10 12 
241,2.06692e-06,2.38923e-06,1.90591e-06,50,100,100,418544,1 11 14 5 3 4 6 9 2 7 13 0 8 10 12 
242,2.07664e-06,2.38923e-06,1.90352e-06,50,100,100,418544,1 11 14 5 3 4 6 9 2 7 13 0 8 10 12 
243,2.06817e-06,2.38923e-06,1.93051e-06,50,100,100,418544,1 11 14 5 3 4 6 9 2 7 13 0 8 10 12 
244,2.0756e-06,2.38923e-06,1.9312e-06,50,100,100,418544,1 11 14 5 3 4 6 9 2 7 13 0 8 10 12 
245,2.07814e-06,2.38923e-06,1.95324e-06,50,100,100,418544,1 11 14 5 3 4 6 9 2 7 13 0 8 10 12 
246,2.07774e-06,2.38923e-06,1.90039e-06,50,100,100,418544,1 11 14 5 3 4 6 9 2 7 13 0 8 10 12 
247,2.08532e-06,2.38923e-06,1.93068e-06,50,100,100,418544,1 11 14 5 3 4 6 9 2 7 13 0 8 10 12 
248,2.06682e-06,2.38923e-06,1.93609e-06,50,100,100,418544,1 11 14 5 3 4 6 9 2 7 13 0 8 10 12 
249,2.05537e-06,2.38923e-06,1.89536e-06,50,100,100,418544,1 11 14 5 3 4 6 9 2 7 13 0 8 10 12 
250,2.06228e-06,2.38923e-06,1.9452e-06,50,100,100,418544,1 11 14 5 3 4 6 9 2 7 13 0 8 10 12 
251,2.06382e-06,2.38923e-06,1.89178e-06,50,100,100,418544,1 11 14 5 3 4 6 9 2 7 13 0 8 10 12 
252,2.07234e-06,2.38923e-06,1.91014e-06,50,100,100,418544,1 11 14 5 3 4 6 9 2 7 13 0 8 10 12 
253,2.08624e-06,2.38923e-06,1.88897e-06,50,100,100,418544,1 11 14 5 3 4 6 9 2 7 13 0 8 10 12 
254,2.06477e-06,2.38923e-06,1.88534e-06,50,100,100,418544,1 11 14 5 3 4 6 9 2 7 13 0 8 10 12 
255,2.06751e-06,2.38923e-06,1.91232e-06,50,100,100,418544,1 11 14 5 3 4 6 9 2 7 13 0 8 10 12 
256,2.06532e-06,2.38923e-06,1.88829e-06,50,100,100,418544,1 11 14 5 3 4 6 9 2 7 13 0 8 10 12 
257,2.07913e-06,2.38923e-06,1.93627e-06,50,100,100,418544,1 11 14 5 3 4 6 9 2 7 13 0 8 10 12 
258,2.06345e-06,2.38923e-06,1.93431e-06,50,100,100,418544,1 11 14 5 3 4 6 9 2 7 13 0 8 10 12 
259,2.07003e-06,2.38923e-06,1.90901e-06,50,100,100,418544,1 11 14 5 3 4 6 9 2 7 13 0 8 10 12 
260,2.09157e-06,2.38923e-06,1.90751e-06,50,100,100,418544,1 11 14 5 3 4 6 9 2 7 13 0 8 10 12 
261,2.07816e-06,2.38923e-06,1.90769e-06,50,100,100,418544,1 11 14 5 3 4 6 9 2 7 13 0 8 10 12 
262,2.08313e-06,2.38923e-06,1.91683e-06,50,100,100,418544,1 11 14 5 3 4 6 9 2 7 13 0 8 10 12 
263,2.06894e-06,2.38923e-06,1.9281e-06,50,100,100,418544,1 11 14 5 3 4 6 9 2 7 13 0 8 10 12 
264,2.06467e-06,2.38923e-06,1.89392e-06,50,100,100,418544,1 11 14 5 3 4 6 9 2 7 13 0 8 10 12 
265,2.05259e-06,2.38923e-06,1.91551e-06,50,100,100,418544,1 11 14 5 3 4 6 9 2 7 13 0 8 10 12 
266,2.04887e-06,2.38923e-06,1.87348e-06,50,100,100,418544,1 11 14 5 3 4 6 9 2 7 13 0 8 10 12 
267,2.06065e-06,2.38923e-06,1.93548e-06,50,100,100,418544,1 11 14 5 3 4 6 9 2 7 13 0 8 10 12 
268,2.06835e-06,2.38923e-06,1.87247e-06,50,100,100,418544,1 11 14 5 3 4 6 9 2 7 13 0 8 10 12 
269,2.06964e-06,2.38923e-06,1.93039e-06,50,100,100,418544,1 11 14 5 3 4 6 9 2 7 13 0 8 10 12 
270,2.06133e-06,2.38923e-06,1.91634e-06,50,100,100,418544,1 11 14 5 3 4 6 9 2 7 13 0 8 10 12 
271,2.06639e-06,2.38923e-06,1.89851e-06,50,100,100,418544,1 11 14 5 3 4 6 9 2 7 13 0 8 10 12 
272,2.06425e-06,2.38923e-06,1.90908e-06,50,100,100,418544,1 11 14 5 3 4 6 9 2 7 13 0 8 10 12 
273,2.06113e-06,2.38923e-06,1.91764e-06,50,100,100,418544,1 11 14 5 3 4 6 9 2 7 13 0 8 10 12 
274,2.06469e-06,2.38923e-06,1.91221e-06,50,100,100,418544,1 11 14 5 3 4 6 9 2 7 13 0 8 10 12 
275,2.06815e-06,2.38923e-06,1.92127e-06,50,100,100,418544,1 11 14 5 3 4 6 9 2 7 13 0 8 10 12 
276,2.05027e-06,2.38923e-06,1.91197e-06,50,100,100,418544,1 11 14 5 3 4 6 9 2 7 13 0 8 10 12 
277,2.05438e-06,2.38923e-06,1.91594e-06,50,100,100,418544,1 11 14 5 3 4 6 9 2 7 13 0 8 10 12 
278,2.05599e-06,2.38923e-06,1.90553e-06,50,100,100,418544,1 11 14 5 3 4 6 9 2 7 13 0 8 10 12 
279,2.05413e-06,2.38923e-06,1.88186e-06,50,100,100,418544,1 11 14 5 3 4 6 9 2 7 13 0 8 10 12 
280,2.05089e-06,2.38923e-06,1.90327e-06,50,100,100,418544,1 11 14 5 3 4 6 9 2 7 13 0 8 10 12 
281,2.06139e-06,2.38923e-06,1.91411e-06,50,100,100,418544,1 11 14 5 3 4 6 9 2 7 13 0 8 10 12 
282,2.0589e-06,2.38923e-06,1.92304e-06,50,100,100,418544,1 11 14 5 3 4 6 9 2 7 13 0 8 10 12 
283,2.06562e-06,2.38923e-06,1.90506e-06,50,100,100,418544,1 11 14 5 3 4 6 9 2 7 13 0 8 10 12 
284,2.05682e-06,2.38923e-06,1.90748e-06,50,100,100,418544,1 11 14 5 3 4 6 9 2 7 13 0 8 10 12 
285,2.05643e-06,2.38923e-06,1.92044e-06,50,100,100,418544,1 11 14 5 3 4 6 9 2 7 13 0 8 10 12 
286,2.04755e-06,2.38923e-06,1.91325e-06,50,100,100,418544,1 11 14 5 3 4 6 9 2 7 13 0 8 10 12 
287,2.05334e-06,2.38923e-06,1.89474e-06,50,100,100,418544,1 11 14 5 3 4 6 9 2 7 13 0 8 10 12 
288,2.07544e-06,2.38923e-06,1.93399e-06,50,100,100,418544,1 11 14 5 3 4 6 9 2 7 13 0 8 10 12 
289,2.07407e-06,2.38923e-06,1.91744e-06,50,100,100,418544,1 11 14 5 3 4 6 9 2 7 13 0 8 10 12 
290,2.07792e-06,2.38923e-06,1.91679e-06,50,100,100,418544,1 11 14 5 3 4 6 9 2 7 13 0 8 10 12 
291,2.10002e-06,2.38923e-06,1.91649e-06,50,100,100,418544,1 11 14 5 3 4 6 9 2 7 13 0 8 10 12 
292,2.0752e-06,2.38923e-06,1.90446e-06,50,100,100,418544,1 11 14 5 3 4 6 9 2 7 13 0 8 10 12 
293,2.07428e-06,2.38923e-06,1.92749e-06,50,100,100,418544,1 11 14 5 3 4 6 9 2 7 13 0 8 10 12 
294,2.07013e-06,2.38923e-06,1.91935e-06,50,100,100,418544,1 11 14 5 3 4 6 9 2 7 13 0 8 10 12 
295,2.08287e-06,2.38923e-06,1.9453e-06,50,100,100,418544,1 11 14 5 3 4 6 9 2 7 13 0 8 10 12 
296,2.08337e-06,2.38923e-06,1.89739e-06,50,100,100,418544,1 11 14 5 3 4 6 9 2 7 13 0 8 10 12 
297,2.08336e-06,2.38923e-06,1.93282e-06,50,100,100,418544,1 11 14 5 3 4 6 9 2 7 13 0 8 10 12 
298,2.07025e-06,2.38923e-06,1.9059e-06,50,100,100,418544,1 11 14 5 3 4 6 9 2 7 13 0 8 10 12 
299,2.07104e-06,2.38923e-06,1.91945e-06,50,100,100,418544,1 11 14 5 3 4 6 9 2 7 13 0 8 10 12 
300,2.07012e-06,2.38923e-06,1.89919e-06,50,100,100,418544,1 11 14 5 3 4 6 9 2 7 13 0 8 10 12 
301,2.07038e-06,2.38923e-06,1.91311e-06,50,100,100,418544,1 11 14 5 3 4 6 9 2 7 13 0 8 10 12 
302,2.06482e-06,2.38923e-06,1.89714e-06,50,100,100,418544,1 11 14 5 3 4 6 9 2 7 13 0 8 10 12 
303,2.0662e-06,2.38923e-06,1.92118e-06,50,100,100,418544,1 11 14 5 3 4 6 9 2 7 13 0 8 10 12 
304,2.07563e-06,2.38923e-06,1.91226e-06,50,100,100,418544,1 11 14 5 3 4 6 9 2 7 13 0 8 10 12 
305,2.08215e-06,2.38923e-06,1.9034e-06,50,100,100,418544,1 11 14 5 3 4 6 9 2 7 13 0 8 10 12 
306,2.07601e-06,2.38923e-06,1.94427e-06,50,100,100,418544,1 11 14 5 3 4 6 9 2 7 13 0 8 10 12 
307,2.06709e-06,2.38923e-06,1.90222e-06,50,100,100,418544,1 11 14 5 3 4 6 9 2 7 13 0 8 10 12 
308,2.06688e-06,2.38923e-06,1.93065e-06,50,100,100,418544,1 11 14 5 3 4 6 9 2 7 13 0 8 10 12 
309,2.0794e-06,2.38923e-06,1.90539e-06,50,100,100,418544,1 11 14 5 3 4 6 9 2 7 13 0 8 10 12 
310,2.06661e-06,2.38923e-06,1.9429e-06,50,100,100,418544,1 11 14 5 3 4 6 9 2 7 13 0 8 10 12 
311,2.07219e-06,2.38923e-06,1.93667e-06,50,100,100,418544,1 11 14 5 3 4 6 9 2 7 13 0 8 10 12 
312,2.0736e-06,2.38923e-06,1.93899e-06,50,100,100,418544,1 11 14 5 3 4 6 9 2 7 13 0 8 10 12 
313,2.04946e-06,2.38923e-06,1.91184e-06,50,100,100,418544,1 11 14 5 3 4 6 9 2 7 13 0 8 10 12 
314,2.06963e-06,2.38923e-06,1.93065e-06,50,100,100,418544,1 11 14 5 3 4 6 9 2 7 13 0 8 10 12 
315,2.07086e-06,2.38923e-06,1.9456e-06,50,100,100,418544,1 11 14 5 3 4 6 9 2 7 13 0 8 10 12 
316,2.06086e-06,2.38923e-06,1.88694e-06,50,100,100,418544,1 11 14 5 3 4 6 9 2 7 13 0 8 10 12 
317,2.05973e-06,2.38923e-06,1.93818e-06,50,100,100,418544,1 11 14 5 3 4 6 9 2 7 13 0 8 10 12 
318,2.06929e-06,2.38923e-06,1.9432e-06,50,100,100,418544,1 11 14 5 3 4 6 9 2 7 13 0 8 10 12 
319,2.06672e-06,2.38923e-06,1.90315e-06,50,100,100,418544,1 11 14 5 3 4 6 9 2 7 13 0 8 10 12 
320,2.05549e-06,2.38923e-06,1.90767e-06,50,100,100,418544,1 11 14 5 3 4 6 9 2 7 13 0 8 10 12 
321,2.05863e-06,2.38923e-06,1.91702e-06,50,100,100,418544,1 11 14 5 3 4 6 9 2 7 13 0 8 10 12 
322,2.06362e-06,2.38923e-06,1.92304e-06,50,100,100,418544,1 11 14 5 3 4 6 9 2 7 13 0 8 10 12 
323,2.07723e-06,2.38923e-06,1.90458e-06,50,100,100,418544,1 11 14 5 3 4 6 9 2 7 13 0 8 10 12 
324,2.07079e-06,2.38923e-06,1.93732e-06,50,100,100,418544,1 11 14 5 3 4 6 9 2 7 13 0 8 10 12 
325,2.06232e-06,2.38923e-06,1.89166e-06,50,100,100,418544,1 11 14 5 3 4 6 9 2 7 13 0 8 10 12 
326,2.06168e-06,2.38923e-06,1.87526e-06,50,100,100,418544,1 11 14 5 3 4 6 9 2 7 13 0 8 10 12 
327,2.06691e-06,2.38923e-06,1.911e-06,50,100,100,418544,1 11 14 5 3 4 6 9 2 7 13 0 8 10 12 
328,2.05607e-06,2.38923e-06,1.9155e-06,50,100,100,418544,1 11 14 5 3 4 6 9 2 7 13 0 8 10 12 
329,2.07078e-06,2.38923e-06,1.90697e-06,50,100,100,418544,1 11 14 5 3 4 6 9 2 7 13 0 8 10 12 
330,2.05956e-06,2.38923e-06,1.90062e-06,50,100,100,418544,1 11 14 5 3 4 6 9 2 7 13 0 8 10 12 
331,2.05822e-06,2.38923e-06,1.89164e-06,50,100,100,418544,1 11 14 5 3 4 6 9 2 7 13 0 8 10 12 
332,2.05928e-06,2.38923e-06,1.9293e-06,50,100,100,418544,1 11 14 5 3 4 6 9 2 7 13 0 8 10 12 
333,2.06391e-06,2.38923e-06,1.9257e-06,50,100,100,418544,1 11 14 5 3 4 6 9 2 7 13 0 8 10 12 
334,2.06027e-06,2.38923e-06,1.91617e-06,50,100,100,418544,1 11 14 5 3 4 6 9 2 7 13 0 8 10 12 
335,2.05151e-06,2.38923e-06,1.9103e-06,50,100,100,418544,1 11 14 5 3 4 6 9 2 7 13 0 8 10 12 
336,2.06434e-06,2.38923e-06,1.91579e-06,50,100,100,418544,1 11 14 5 3 4 6 9 2 7 13 0 8 10 12 
337,2.07236e-06,2.38923e-06,1.91035e-06,50,100,100,418544,1 11 14 5 3 4 6 9 2 7 13 0 8 10 12 
338,2.0613e-06,2.38923e-06,1.91255e-06,50,100,100,418544,1 11 14 5 3 4 6 9 2 7 13 0 8 10 12 
339,2.06318e-06,2.38923e-06,1.87905e-06,50,100,100,418544,1 11 14 5 3 4 6 9 2 7 13 0 8 10 12 
340,2.06179e-06,2.38923e-06,1.89709e-06,50,100,100,418544,1 11 14 5 3 4 6 9 2 7 13 0 8 10 12 
341,2.04739e-06,2.38923e-06,1.89274e-06,50,100,100,418544,1 11 14 5 3 4 6 9 2 7 13 0 8 10 12 
342,2.0575e-06,2.38923e-06,1.88514e-06,50,100,100,418544,1 11 14 5 3 4 6 9 2 7 13 0 8 10 12 
343,2.06444e-06,2.38923e-06,1.92966e-06,50,100,100,418544,1 11 14 5 3 4 6 9 2 7 13 0 8 10 12 
344,2.05589e-06,2.38923e-06,1.92523e-06,50,100,100,418544,1 11 14 5 3 4 6 9 2 7 13 0 8 10 12 
345,2.06e-06,2.38923e-06,1.91162e-06,50,100,100,418544,1 11 14 5 3 4 6 9 2 7 13 0 8 10 12 
346,2.06793e-06,2.38923e-06,1.92284e-06,50,100,100,418544,1 11 14 5 3 4 6 9 2 7 13 0 8 10 12 
347,2.06388e-06,2.38923e-06,1.89931e-06,50,100,100,418544,1 11 14 5 3 4 6 9 2 7 13 0 8 10 12 
348,2.07015e-06,2.38923e-06,1.90631e-06,50,100,100,418544,1 11 14 5 3 4 6 9 2 7 13 0 8 10 12 
349,2.0754e-06,2.38923e-06,1.91774e-06,50,100,100,418544,1 11 14 5 3 4 6 9 2 7 13 0 8 10 12 
350,2.0669e-06,2.38923e-06,1.92572e-06,50,100,100,418544,1 11 14 5 3 4 6 9 2 7 13 0 8 10 12 
351,2.06847e-06,2.38923e-06,1.91503e-06,50,100,100,418544,1 11 14 5 3 4 6 9 2 7 13 0 8 10 12 
352,2.07701e-06,2.38923e-06,1.93512e-06,50,100,100,418544,1 11 14 5 3 4 6 9 2 7 13 0 8 10 12 
353,2.07754e-06,2.38923e-06,1.92826e-06,50,100,100,418544,1 11 14 5 3 4 6 9 2 7 13 0 8 10 12 
354,2.06866e-06,2.38923e-06,1.92054e-06,50,100,100,418544,1 11 14 5 3 4 6 9 2 7 13 0 8 10 12 
355,2.0651e-06,2.38923e-06,1.90935e-06,50,100,100,418544,1 11 14 5 3 4 6 9 2 7 13 0 8 10 12 
356,2.05427e-06,2.38923e-06,1.91892e-06,50,100,100,418544,1 11 14 5 3 4 6 9 2 7 13 0 8 10 12 
357,2.05043e-06,2.38923e-06,1.90376e-06,50,100,100,418544,1 11 14 5 3 4 6 9 2 7 13 0 8 10 12 
358,2.05721e-06,2.38923e-06,1.92287e-06,50,100,100,418544,1 11 14 5 3 4 6 9 2 7 13 0 8 10 12 
359,2.04779e-06,2.38923e-06,1.91859e-06,50,100,100,418544,1 11 14 5 3 4 6 9 2 7 13 0 8 10 12 
360,2.06527e-06,2.38923e-06,1.91765e-06,50,100,100,418544,1 11 14 5 3 4 6 9 2 7 13 0 8 10 12 
361,2.05359e-06,2.38923e-06,1.91552e-06,50,100,100,418544,1 11 14 5 3 4 6 9 2 7 13 0 8 10 12 
362,2.05601e-06,2.38923e-06,1.86792e-06,50,100,100,418544,1 11 14 5 3 4 6 9 2 7 13 0 8 10 12 
363,2.05827e-06,2.38923e-06,1.88355e-06,50,100,100,418544,1 11 14 5 3 4 6 9 2 7 13 0 8 10 12 
364,2.06075e-06,2.38923e-06,1.89966e-06,50,100,100,418544,1 11 14 5 3 4 6 9 2 7 13 0 8 10 12 
365,2.06739e-06,2.38923e-06,1.93439e-06,50,100,100,418544,1 11 14 5 3 4 6 9 2 7 13 0 8 10 12 
366,2.07529e-06,2.38923e-06,1.91091e-06,50,100,100,418544,1 11 14 5 3 4 6 9 2 7 13 0 8 10 12 
367,2.06523e-06,2.38923e-06,1.88633e-06,50,100,100,418544,1 11 14 5 3 4 6 9 2 7 13 0 8 10 12 
368,2.06899e-06,2.38923e-06,1.88013e-06,50,100,100,418544,1 11 14 5 3 4 6 9 2 7 13 0 8 10 12 
369,2.06799e-06,2.38923e-06,1.90876e-06,50,100,100,418544,1 11 14 5 3 4 6 9 2 7 13 0 8 10 12 
370,2.06865e-06,2.38923e-06,1.90267e-06,50,100,100,418544,1 11 14 5 3 4 6 9 2 7 13 0 8 10 12 
371,2.0723e-06,2.38923e-06,1.93085e-06,50,100,100,418544,1 11 14 5 3 4 6 9 2 7 13 0 8 10 12 
372,2.07462e-06,2.38923e-06,1.8948e-06,50,100,100,418544,1 11 14 5 3 4 6 9 2 7 13 0 8 10 12 
373,2.07328e-06,2.38923e-06,1.90118e-06,50,100,100,418544,1 11 14 5 3 4 6 9 2 7 13 0 8 10 12 
374,2.0723e-06,2.38923e-06,1.91149e-06,50,100,100,418544,1 11 14 5 3 4 6 9 2 7 13 0 8 10 12 
375,2.08898e-06,2.38923e-06,1.94588e-06,50,100,100,418544,1 11 14 5 3 4 6 9 2 7 13 0 8 10 12 
376,2.05702e-06,2.38923e-06,1.92759e-06,50,100,100,418544,1 11 14 5 3 4 6 9 2 7 13 0 8 10 12 
377,2.05835e-06,2.38923e-06,1.90702e-06,50,100,100,418544,1 11 14 5 3 4 6 9 2 7 13 0 8 10 12 
378,2.06469e-06,2.38923e-06,1.91668e-06,50,100,100,418544,1 11 14 5 3 4 6 9 2 7 13 0 8 10 12 
379,2.0647e-06,2.38923e-06,1.92293e-06,50,100,100,418544,1 11 14 5 3 4 6 9 2 7 13 0 8 10 12 
380,2.06815e-06,2.38923e-06,1.90579e-06,50,100,100,418544,1 11 14 5 3 4 6 9 2 7 13 0 8 10 12 
381,2.07276e-06,2.38923e-06,1.89479e-06,50,100,100,418544,1 11 14 5 3 4 6 9 2 7 13 0 8 10 12 
382,2.06633e-06,2.38923e-06,1.92588e-06,50,100,100,418544,1 11 14 5 3 4 6 9 2 7 13 0 8 10 12 
383,2.06632e-06,2.38923e-06,1.90729e-06,50,100,100,418544,1 11 14 5 3 4 6 9 2 7 13 0 8 10 12 
384,2.06125e-06,2.38923e-06,1.90281e-06,50,100,100,418544,1 11 14 5 3 4 6 9 2 7 13 0 8 10 12 
385,2.0711e-06,2.38923e-06,1.89066e-06,50,100,100,418544,1 11 14 5 3 4 6 9 2 7 13 0 8 10 12 
386,2.06677e-06,2.38923e-06,1.91595e-06,50,100,100,418544,1 11 14 5 3 4 6 9 2 7 13 0 8 10 12 
387,2.05576e-06,2.38923e-06,1.91326e-06,50,100,100,418544,1 11 14 5 3 4 6 9 2 7 13 0 8 10 12 
388,2.05779e-06,2.38923e-06,1.93102e-06,50,100,100,418544,1 11 14 5 3 4 6 9 2 7 13 0 8 10 12 
389,2.06793e-06,2.38923e-06,1.92934e-06,50,100,100,418544,1 11 14 5 3 4 6 9 2 7 13 0 8 10 12 
390,2.06294e-06,2.38923e-06,1.9058e-06,50,100,100,418544,1 11 14 5 3 4 6 9 2 7 13 0 8 10 12 
391,2.07162e-06,2.38923e-06,1.92006e-06,50,100,100,418544,1 11 14 5 3 4 6 9 2 7 13 0 8 10 12 
392,2.06546e-06,2.38923e-06,1.94214e-06,50,100,100,418544,1 11 14 5 3 4 6 9 2 7 13 0 8 10 12 
393,2.05815e-06,2.38923e-06,1.90901e-06,50,100,100,418544,1 11 14 5 3 4 6 9 2 7 13 0 8 10 12 
394,2.07466e-06,2.38923e-06,1.92812e-06,50,100,100,418544,1 11 14 5 3 4 6 9 2 7 13 0 8 10 12 
395,2.07577e-06,2.38923e-06,1.92129e-06,50,100,100,418544,1 11 14 5 3 4 6 9 2 7 13 0 8 10 12 
396,2.07601e-06,2.38923e-06,1.95546e-06,50,100,100,418544,1 11 14 5 3 4 6 9 2 7 13 0 8 10 12 
397,2.06418e-06,2.38923e-06,1.92145e-06,50,100,100,418544,1 11 14 5 3 4 6 9 2 7 13 0 8 10 12 
398,2.05844e-06,2.38923e-06,1.89764e-06,50,100,100,418544,1 11 14 5 3 4 6 9 2 7 13 0 8 10 12 
399,2.05571e-06,2.38923e-06,1.9107e-06,50,100,100,418544,1 11 14 5 3 4 6 9 2 7 13 0 8 10 12 
400,2.06553e-06,2.38923e-06,1.91334e-06,50,100,100,418544,1 11 14 5 3 4 6 9 2 7 13 0 8 10 12 
401,2.07172e-06,2.38923e-06,1.90541e-06,50,100,100,418544,1 11 14 5 3 4 6 9 2 7 13 0 8 10 12 
402,2.06792e-06,2.38923e-06,1.928e-06,50,100,100,418544,1 11 14 5 3 4 6 9 2 7 13 0 8 10 12 
403,2.08363e-06,2.38923e-06,1.93671e-06,50,100,100,418544,1 11 14 5 3 4 6 9 2 7 13 0 8 10 12 
404,2.07113e-06,2.38923e-06,1.92383e-06,50,100,100,418544,1 11 14 5 3 4 6 9 2 7 13 0 8 10 12 
405,2.07508e-06,2.38923e-06,1.93761e-06,50,100,100,418544,1 11 14 5 3 4 6 9 2 7 13 0 8 10 12 
406,2.07415e-06,2.38923e-06,1.8947e-06,50,100,100,418544,1 11 14 5 3 4 6 9 2 7 13 0 8 10 12 
407,2.06404e-06,2.38923e-06,1.92506e-06,50,100,100,418544,1 11 14 5 3 4 6 9 2 7 13 0 8 10 12 
408,2.05778e-06,2.38923e-06,1.89601e-06,50,100,100,418544,1 11 14 5 3 4 6 9 2 7 13 0 8 10 12 
409,2.06246e-06,2.38923e-06,1.90566e-06,50,100,100,418544,1 11 14 5 3 4 6 9 2 7 13 0 8 10 12 
410,2.06446e-06,2.38923e-06,1.9217e-06,50,100,100,418544,1 11 14 5 3 4 6 9 2 7 13 0 8 10 12 
411,2.06594e-06,2.38923e-06,1.93592e-06,50,100,100,418544,1 11 14 5 3 4 6 9 2 7 13 0 8 10 12 
412,2.06248e-06,2.38923e-06,1.90675e-06,50,100,100,418544,1 11 14 5 3 4 6 9 2 7 13 0 8 10 12 
413,2.07812e-06,2.38923e-06,1.89246e-06,50,100,100,418544,1 11 14 5 3 4 6 9 2 7 13 0 8 10 12 
414,2.07637e-06,2.38923e-06,1.90371e-06,50,100,100,418544,1 11 14 5 3 4 6 9 2 7 13 0 8 10 12 
415,2.07193e-06,2.38923e-06,1.92497e-06,50,100,100,418544,1 11 14 5 3 4 6 9 2 7 13 0 8 10 12 
416,2.06409e-06,2.38923e-06,1.89369e-06,50,100,100,418544,1 11 14 5 3 4 6 9 2 7 13 0 8 10 12 
417,2.07175e-06,2.38923e-06,1.91478e-06,50,100,100,418544,1 11 14 5 3 4 6 9 2 7 13 0 8 10 12 
418,2.08071e-06,2.38923e-06,1.92788e-06,50,100,100,418544,1 11 14 5 3 4 6 9 2 7 13 0 8 10 12 
419,2.05715e-06,2.38923e-06,1.88456e-06,50,100,100,418544,1 11 14 5 3 4 6 9 2 7 13 0 8 10 12 
420,2.0657e-06,2.38923e-06,1.89282e-06,50,100,100,418544,1 11 14 5 3 4 6 9 2 7 13 0 8 10 12 
421,2.06597e-06,2.38923e-06,1.91249e-06,50,100,100,418544,1 11 14 5 3 4 6 9 2 7 13 0 8 10 12 
422,2.06631e-06,2.40338e-06,1.92439e-06,50,100,100,416080,1 11 13 0 3 4 6 9 14 2 7 5 8 10 12 
423,2.07318e-06,2.40338e-06,1.91801e-06,50,100,100,416080,1 11 13 0 3 4 6 9 14 2 7 5 8 10 12 
424,2.0697e-06,2.40338e-06,1.9066e-06,50,100,100,416080,1 11 13 0 3 4 6 9 14 2 7 5 8 10 12 
425,2.06152e-06,2.40338e-06,1.91622e-06,50,100,100,416080,1 11 13 0 3 4 6 9 14 2 7 5 8 10 12 
426,2.0623e-06,2.40338e-06,1.90116e-06,50,100,100,416080,1 11 13 0 3 4 6 9 14 2 7 5 8 10 12 
427,2.06432e-06,2.40338e-06,1.88532e-06,50,100,100,416080,1 11 13 0 3 4 6 9 14 2 7 5 8 10 12 
428,2.06866e-06,2.40338e-06,1.92742e-06,50,100,100,416080,1 11 13 0 3 4 6 9 14 2 7 5 8 10 12 
429,2.06365e-06,2.40338e-06,1.9205e-06,50,100,100,416080,1 11 13 0 3 4 6 9 14 2 7 5 8 10 12 
430,2.06779e-06,2.40338e-06,1.91937e-06,50,100,100,416080,1 11 13 0 3 4 6 9 14 2 7 5 8 10 12 
431,2.07888e-06,2.40338e-06,1.91809e-06,50,100,100,416080,1 11 13 0 3 4 6 9 14 2 7 5 8 10 12 
432,2.06027e-06,2.40338e-06,1.89568e-06,50,100,100,416080,1 11 13 0 3 4 6 9 14 2 7 5 8 10 12 
433,2.07023e-06,2.40338e-06,1.93013e-06,50,100,100,416080,1 11 13 0 3 4 6 9 14 2 7 5 8 10 12 
434,2.07434e-06,2.40338e-06,1.9374e-06,50,100,100,416080,1 11 13 0 3 4 6 9 14 2 7 5 8 10 12 
435,2.0607e-06,2.40338e-06,1.93519e-06,50,100,100,416080,1 11 13 0 3 4 6 9 14 2 7 5 8 10 12 
436,2.06228e-06,2.40338e-06,1.92998e-06,50,100,100,416080,1 11 13 0 3 4 6 9 14 2 7 5 8 10 12 
437,2.0643e-06,2.40338e-06,1.91443e-06,50,100,100,416080,1 11 13 0 3 4 6 9 14 2 7 5 8 10 12 
438,2.06289e-06,2.40338e-06,1.88873e-06,50,100,100,416080,1 11 13 0 3 4 6 9 14 2 7 5 8 10 12 
439,2.06387e-06,2.40338e-06,1.90672e-06,50,100,100,416080,1 11 13 0 3 4 6 9 14 2 7 5 8 10 12 
440,2.06374e-06,2.40338e-06,1.94657e-06,50,100,100,416080,1 11 13 0 3 4 6 9 14 2 7 5 8 10 12 
441,2.07903e-06,2.40338e-06,1.93715e-06,50,100,100,416080,1 11 13 0 3 4 6 9 14 2 7 5 8 10 12 
442,2.07666e-06,2.40338e-06,1.95119e-06,50,100,100,416080,1 11 13 0 3 4 6 9 14 2 7 5 8 10 12 
443,2.07181e-06,2.40338e-06,1.91108e-06,50,100,100,416080,1 11 13 0 3 4 6 9 14 2 7 5 8 10 12 
444,2.07976e-06,2.40338e-06,1.89958e-06,50,100,100,416080,1 11 13 0 3 4 6 9 14 2 7 5 8 10 12 
445,2.07859e-06,2.40338e-06,1.93195e-06,50,100,100,416080,1 11 13 0 3 4 6 9 14 2 7 5 8 10 12 
446,2.08419e-06,2.40338e-06,1.92876e-06,50,100,100,416080,1 11 13 0 3 4 6 9 14 2 7 5 8 10 12 
447,2.08826e-06,2.40338e-06,1.91497e-06,50,100,100,416080,1 11 13 0 3 4 6 9 14 2 7 5 8 10 12 
448,2.08269e-06,2.40338e-06,1.93827e-06,50,100,100,416080,1 11 13 0 3 4 6 9 14 2 7 5 8 10 12 
449,2.07446e-06,2.40338e-06,1.90968e-06,50,100,100,416080,1 11 13 0 3 4 6 9 14 2 7 5 8 10 12 
450,2.08711e-06,2.40338e-06,1.94407e-06,50,100,100,416080,1 11 13 0 3 4 6 9 14 2 7 5 8 10 12 
451,2.0798e-06,2.40338e-06,1.9067e-06,50,100,100,416080,1 11 13 0 3 4 6 9 14 2 7 5 8 10 12 
452,2.08192e-06,2.40338e-06,1.91353e-06,50,100,100,416080,1 11 13 0 3 4 6 9 14 2 7 5 8 10 12 
453,2.07992e-06,2.40338e-06,1.93133e-06,50,100,100,416080,1 11 13 0 3 4 6 9 14 2 7 5 8 10 12 
454,2.07023e-06,2.40338e-06,1.8985e-06,50,100,100,416080,1 11 13 0 3 4 6 9 14 2 7 5 8 10 12 
455,2.08207e-06,2.40338e-06,1.95654e-06,50,100,100,416080,1 11 13 0 3 4 6 9 14 2 7 5 8 10 12 
456,2.08607e-06,2.40338e-06,1.91166e-06,50,100,100,416080,1 11 13 0 3 4 6 9 14 2 7 5 8 10 12 
457,2.07302e-06,2.40338e-06,1.93928e-06,50,100,100,416080,1 11 13 0 3 4 6 9 14 2 7 5 8 10 12 
458,2.08802e-06,2.40338e-06,1.92929e-06,50,100,100,416080,1 11 13 0 3 4 6 9 14 2 7 5 8 10 12 
459,2.08563e-06,2.40338e-06,1.93124e-06,50,100,100,416080,1 11 13 0 3 4 6 9 14 2 7 5 8 10 12 
460,2.08627e-06,2.40338e-06,1.90124e-06,50,100,100,416080,1 11 13 0 3 4 6 9 14 2 7 5 8 10 12 
461,2.08766e-06,2.40338e-06,1.9201e-06,50,100,100,416080,1 11 13 0 3 4 6 9 14 2 7 5 8 10 12 
462,2.06286e-06,2.40338e-06,1.90298e-06,50,100,100,416080,1 11 13 0 3 4 6 9 14 2 7 5 8 10 12 
463,2.07802e-06,2.40338e-06,1.91997e-06,50,100,100,416080,1 11 13 0 3 4 6 9 14 2 7 5 8 10 12 
464,2.07034e-06,2.40338e-06,1.92722e-06,50,100,100,416080,1 11 13 0 3 4 6 9 14 2 7 5 8 10 12 
465,2.07037e-06,2.40338e-06,1.91272e-06,50,100,100,416080,1 11 13 0 3 4 6 9 14 2 7 5 8 10 12 
466,2.07306e-06,2.40338e-06,1.91479e-06,50,100,100,416080,1 11 13 0 3 4 6 9 14 2 7 5 8 10 12 
467,2.07903e-06,2.40338e-06,1.91925e-06,50,100,100,416080,1 11 13 0 3 4 6 9 14 2 7 5 8 10 12 
468,2.07774e-06,2.40338e-06,1.96605e-06,50,100,100,416080,1 11 13 0 3 4 6 9 14 2 7 5 8 10 12 
469,2.07951e-06,2.40338e-06,1.90743e-06,50,100,100,416080,1 11 13 0 3 4 6 9 14 2 7 5 8 10 12 
470,2.0717e-06,2.40338e-06,1.91801e-06,50,100,100,416080,1 11 13 0 3 4 6 9 14 2 7 5 8 10 12 
471,2.06279e-06,2.40338e-06,1.8921e-06,50,100,100,416080,1 11 13 0 3 4 6 9 14 2 7 5 8 10 12 
472,2.07978e-06,2.40338e-06,1.90874e-06,50,100,100,416080,1 11 13 0 3 4 6 9 14 2 7 5 8 10 12 
473,2.07904e-06,2.40338e-06,1.88282e-06,50,100,100,416080,1 11 13 0 3 4 6 9 14 2 7 5 8 10 12 
474,2.08513e-06,2.40338e-06,1.90458e-06,50,100,100,416080,1 11 13 0 3 4 6 9 14 2 7 5 8 10 12 
475,2.08005e-06,2.40338e-06,1.95125e-06,50,100,100,416080,1 11 13 0 3 4 6 9 14 2 7 5 8 10 12 
476,2.09142e-06,2.40338e-06,1.92307e-06,50,100,100,416080,1 11 13 0 3 4 6 9 14 2 7 5 8 10 12 
477,2.0865e-06,2.40338e-06,1.9491e-06,50,100,100,416080,1 11 13 0 3 4 6 9 14 2 7 5 8 10 12 
478,2.08652e-06,2.40338e-06,1.92001e-06,50,100,100,416080,1 11 13 0 3 4 6 9 14 2 7 5 8 10 12 
479,2.08096e-06,2.40338e-06,1.90358e-06,50,100,100,416080,1 11 13 0 3 4 6 9 14 2 7 5 8 10 12 
480,2.08739e-06,2.40338e-06,1.93387e-06,50,100,100,416080,1 11 13 0 3 4 6 9 14 2 7 5 8 10 12 
481,2.08971e-06,2.40338e-06,1.93092e-06,50,100,100,416080,1 11 13 0 3 4 6 9 14 2 7 5 8 10 12 
482,2.09183e-06,2.40338e-06,1.92097e-06,50,100,100,416080,1 11 13 0 3 4 6 9 14 2 7 5 8 10 12 
483,2.07646e-06,2.40338e-06,1.89931e-06,50,100,100,416080,1 11 13 0 3 4 6 9 14 2 7 5 8 10 12 
484,2.07414e-06,2.40338e-06,1.90899e-06,50,100,100,416080,1 11 13 0 3 4 6 9 14 2 7 5 8 10 12 
485,2.07475e-06,2.40338e-06,1.93694e-06,50,100,100,416080,1 11 13 0 3 4 6 9 14 2 7 5 8 10 12 
486,2.07323e-06,2.40338e-06,1.92673e-06,50,100,100,416080,1 11 13 0 3 4 6 9 14 2 7 5 8 10 12 
487,2.0867e-06,2.40338e-06,1.87866e-06,50,100,100,416080,1 11 13 0 3 4 6 9 14 2 7 5 8 10 12 
488,2.08698e-06,2.40338e-06,1.90713e-06,50,100,100,416080,1 11 13 0 3 4 6 9 14 2 7 5 8 10 12 
489,2.07551e-06,2.40338e-06,1.92813e-06,50,100,100,416080,1 11 13 0 3 4 6 9 14 2 7 5 8 10 12 
490,2.08149e-06,2.40338e-06,1.91736e-06,50,100,100,416080,1 11 13 0 3 4 6 9 14 2 7 5 8 10 12 
491,2.07217e-06,2.40338e-06,1.91621e-06,50,100,100,416080,1 11 13 0 3 4 6 9 14 2 7 5 8 10 12 
492,2.07385e-06,2.40338e-06,1.90098e-06,50,100,100,416080,1 11 13 0 3 4 6 9 14 2 7 5 8 10 12 
493,2.08106e-06,2.40338e-06,1.91783e-06,50,100,100,416080,1 11 13 0 3 4 6 9 14 2 7 5 8 10 12 
494,2.08025e-06,2.40338e-06,1.91645e-06,50,100,100,416080,1 11 13 0 3 4 6 9 14 2 7 5 8 10 12 
495,2.07763e-06,2.40338e-06,1.92902e-06,50,100,100,416080,1 11 13 0 3 4 6 9 14 2 7 5 8 10 12 
496,2.07469e-06,2.40338e-06,1.90087e-06,50,100,100,416080,1 11 13 0 3 4 6 9 14 2 7 5 8 10 12 
497,2.08888e-06,2.40338e-06,1.93901e-06,50,100,100,416080,1 11 13 0 3 4 6 9 14 2 7 5 8 10 12 
498,2.08789e-06,2.40338e-06,1.90256e-06,50,100,100,416080,1 11 13 0 3 4 6 9 14 2 7 5 8 10 12 
499,2.07394e-06,2.40338e-06,1.90739e-06,50,100,100,416080,1 11 13 0 3 4 6 9 14 2 7 5 8 10 12 
500,2.09118e-06,2.40338e-06,1.889e-06,50,100,100,416080,1 11 13 0 3 4 6 9 14 2 7 5 8 10 12 
501,2.09523e-06,2.40338e-06,1.93685e-06,50,100,100,416080,1 11 13 0 3 4 6 9 14 2 7 5 8 10 12 
502,2.10428e-06,2.40338e-06,1.9691e-06,50,100,100,416080,1 11 13 0 3 4 6 9 14 2 7 5 8 10 12 
503,2.07293e-06,2.40338e-06,1.87958e-06,50,100,100,416080,1 11 13 0 3 4 6 9 14 2 7 5 8 10 12 
504,2.07989e-06,2.40338e-06,1.91014e-06,50,100,100,416080,1 11 13 0 3 4 6 9 14 2 7 5 8 10 12 
505,2.06734e-06,2.40338e-06,1.89121e-06,50,100,100,416080,1 11 13 0 3 4 6 9 14 2 7 5 8 10 12 
506,2.07249e-06,2.40338e-06,1.91321e-06,50,100,100,416080,1 11 13 0 3 4 6 9 14 2 7 5 8 10 12 
507,2.0807e-06,2.40338e-06,1.90082e-06,50,100,100,416080,1 11 13 0 3 4 6 9 14 2 7 5 8 10 12 
508,2.07391e-06,2.40338e-06,1.91996e-06,50,100,100,416080,1 11 13 0 3 4 6 9 14 2 7 5 8 10 12 
509,2.06849e-06,2.40338e-06,1.90939e-06,50,100,100,416080,1 11 13 0 3 4 6 9 14 2 7 5 8 10 12 
510,2.0721e-06,2.40338e-06,1.90424e-06,50,100,100,416080,1 11 13 0 3 4 6 9 14 2 7 5 8 10 12 
511,2.07136e-06,2.40338e-06,1.93077e-06,50,100,100,416080,1 11 13 0 3 4 6 9 14 2 7 5 8 10 12 
512,2.07105e-06,2.40338e-06,1.91302e-06,50,100,100,416080,1 11 13 0 3 4 6 9 14 2 7 5 8 10 12 
513,2.07418e-06,2.40338e-06,1.89454e-06,50,100,100,416080,1 11 13 0 3 4 6 9 14 2 7 5 8 10 12 
514,2.06907e-06,2.40338e-06,1.91936e-06,50,100,100,416080,1 11 13 0 3 4 6 9 14 2 7 5 8 10 12 
515,2.06209e-06,2.40338e-06,1.92325e-06,50,100,100,416080,1 11 13 0 3 4 6 9 14 2 7 5 8 10 12 
516,2.04919e-06,2.40338e-06,1.90446e-06,50,100,100,416080,1 11 13 0 3 4 6 9 14 2 7 5 8 10 12 
517,2.05901e-06,2.40338e-06,1.89469e-06,50,100,100,416080,1 11 13 0 3 4 6 9 14 2 7 5 8 10 12 
518,2.07809e-06,2.40338e-06,1.91414e-06,50,100,100,416080,1 11 13 0 3 4 6 9 14 2 7 5 8 10 12 
519,2.05957e-06,2.40338e-06,1.9261e-06,50,100,100,416080,1 11 13 0 3 4 6 9 14 2 7 5 8 10 12 
520,2.05756e-06,2.40338e-06,1.94604e-06,50,100,100,416080,1 11 13 0 3 4 6 9 14 2 7 5 8 10 12 
521,2.07885e-06,2.40338e-06,1.91704e-06,50,100,100,416080,1 11 13 0 3 4 6 9 14 2 7 5 8 10 12 
522,2.07672e-06,2.40338e-06,1.91208e-06,50,100,100,416080,1 11 13 0 3 4 6 9 14 2 7 5 8 10 12 
523,2.07755e-06,2.40338e-06,1.91455e-06,50,100,100,416080,1 11 13 0 3 4 6 9 14 2 7 5 8 10 12 
524,2.0779e-06,2.40338e-06,1.9313e-06,50,100,100,416080,1 11 13 0 3 4 6 9 14 2 7 5 8 10 12 
525,2.07962e-06,2.40338e-06,1.9368e-06,50,100,100,416080,1 11 13 0 3 4 6 9 14 2 7 5 8 10 12 
526,2.07727e-06,2.40338e-06,1.94064e-06,50,100,100,416080,1 11 13 0 3 4 6 9 14 2 7 5 8 10 12 
527,2.08003e-06,2.40338e-06,1.94003e-06,50,100,100,416080,1 11 13 0 3 4 6 9 14 2 7 5 8 10 12 
528,2.08031e-06,2.40338e-06,1.90785e-06,50,100,100,416080,1 11 13 0 3 4 6 9 14 2 7 5 8 10 12 
529,2.06989e-06,2.40338e-06,1.89937e-06,50,100,100,416080,1 11 13 0 3 4 6 9 14 2 7 5 8 10 12 
530,2.07415e-06,2.40338e-06,1.92315e-06,50,100,100,416080,1 11 13 0 3 4 6 9 14 2 7 5 8 10 12 
531,2.06478e-06,2.40338e-06,1.93867e-06,50,100,100,416080,1 11 13 0 3 4 6 9 14 2 7 5 8 10 12 
532,2.0755e-06,2.40338e-06,1.93059e-06,50,100,100,416080,1 11 13 0 3 4 6 9 14 2 7 5 8 10 12 
533,2.07593e-06,2.40338e-06,1.88454e-06,50,100,100,416080,1 11 13 0 3 4 6 9 14 2 7 5 8 10 12 
534,2.07277e-06,2.40338e-06,1.92396e-06,50,100,100,416080,1 11 13 0 3 4 6 9 14 2 7 5 8 10 12 
535,2.05908e-06,2.40338e-06,1.87459e-06,50,100,100,416080,1 11 13 0 3 4 6 9 14 2 7 5 8 10 12 
536,2.06555e-06,2.40338e-06,1.90649e-06,50,100,100,416080,1 11 13 0 3 4 6 9 14 2 7 5 8 10 12 
537,2.05863e-06,2.40338e-06,1.92745e-06,50,100,100,416080,1 11 13 0 3 4 6 9 14 2 7 5 8 10 12 
538,2.06988e-06,2.40338e-06,1.92879e-06,50,100,100,416080,1 11 13 0 3 4 6 9 14 2 7 5 8 10 12 
539,2.06085e-06,2.40338e-06,1.87946e-06,50,100,100,416080,1 11 13 0 3 4 6 9 14 2 7 5 8 10 12 
540,2.08296e-06,2.40338e-06,1.92802e-06,50,100,100,416080,1 11 13 0 3 4 6 9 14 2 7 5 8 10 12 
541,2.06976e-06,2.40338e-06,1.91103e-06,50,100,100,416080,1 11 13 0 3 4 6 9 14 2 7 5 8 10 12 
542,2.06917e-06,2.40338e-06,1.89473e-06,50,100,100,416080,1 11 13 0 3 4 6 9 14 2 7 5 8 10 12 
543,2.06596e-06,2.40338e-06,1.89671e-06,50,100,100,416080,1 11 13 0 3 4 6 9 14 2 7 5 8 10 12 
544,2.07596e-06,2.40338e-06,1.9377e-06,50,100,100,416080,1 11 13 0 3 4 6 9 14 2 7 5 8 10 12 
545,2.06077e-06,2.40338e-06,1.91213e-06,50,100,100,416080,1 11 13 0 3 4 6 9 14 2 7 5 8 10 12 
546,2.06534e-06,2.40338e-06,1.86593e-06,50,100,100,416080,1 11 13 0 3 4 6 9 14 2 7 5 8 10 12 
547,2.06998e-06,2.40338e-06,1.89534e-06,50,100,100,416080,1 11 13 0 3 4 6 9 14 2 7 5 8 10 12 
548,2.05939e-06,2.40338e-06,1.93153e-06,50,100,100,416080,1 11 13 0 3 4 6 9 14 2 7 5 8 10 12 
549,2.06466e-06,2.40338e-06,1.87658e-06,50,100,100,416080,1 11 13 0 3 4 6 9 14 2 7 5 8 10 12 
550,2.07072e-06,2.40338e-06,1.91595e-06,50,100,100,416080,1 11 13 0 3 4 6 9 14 2 7 5 8 10 12 
551,2.05501e-06,2.40338e-06,1.91902e-06,50,100,100,416080,1 11 13 0 3 4 6 9 14 2 7 5 8 10 12 
552,2.07296e-06,2.40338e-06,1.92478e-06,50,100,100,416080,1 11 13 0 3 4 6 9 14 2 7 5 8 10 12 
553,2.08051e-06,2.40338e-06,1.92401e-06,50,100,100,416080,1 11 13 0 3 4 6 9 14 2 7 5 8 10 12 
554,2.07442e-06,2.40338e-06,1.92404e-06,50,100,100,416080,1 11 13 0 3 4 6 9 14 2 7 5 8 10 12 
555,2.06216e-06,2.40338e-06,1.90713e-06,50,100,100,416080,1 11 13 0 3 4 6 9 14 2 7 5 8 10 12 
556,2.0488e-06,2.40338e-06,1.89558e-06,50,100,100,416080,1 11 13 0 3 4 6 9 14 2 7 5 8 10 12 
557,2.07138e-06,2.40908e-06,1.89664e-06,50,100,100,415096,1 11 2 0 7 4 6 9 14 3 13 5 8 10 12 
558,2.06891e-06,2.40908e-06,1.93203e-06,50,100,100,415096,1 11 2 0 7 4 6 9 14 3 13 5 8 10 12 
559,2.06579e-06,2.40908e-06,1.91615e-06,50,100,100,415096,1 11 2 0 7 4 6 9 14 3 13 5 8 10 12 
560,2.06616e-06,2.40908e-06,1.88975e-06,50,100,100,415096,1 11 2 0 7 4 6 9 14 3 13 5 8 10 12 
561,2.07387e-06,2.40908e-06,1.92115e-06,50,100,100,415096,1 11 2 0 7 4 6 9 14 3 13 5 8 10 12 
562,2.05124e-06,2.40908e-06,1.91577e-06,50,100,100,415096,1 11 2 0 7 4 6 9 14 3 13 5 8 10 12 
563,2.06371e-06,2.40908e-06,1.91595e-06,50,100,100,415096,1 11 2 0 7 4 6 9 14 3 13 5 8 10 12 
564,2.06223e-06,2.40908e-06,1.87435e-06,50,100,100,415096,1 11 2 0 7 4 6 9 14 3 13 5 8 10 12 
565,2.05476e-06,2.40908e-06,1.89345e-06,50,100,100,415096,1 11 2 0 7 4 6 9 14 3 13 5 8 10 12 
566,2.06564e-06,2.40908e-06,1.90663e-06,50,100,100,415096,1 11 2 0 7 4 6 9 14 3 13 5 8 10 12 
567,2.0438e-06,2.40908e-06,1.88525e-06,50,100,100,415096,1 11 2 0 7 4 6 9 14 3 13 5 8 10 12 
568,2.06885e-06,2.40908e-06,1.94529e-06,50,100,100,415096,1 11 2 0 7 4 6 9 14 3 13 5 8 10 12 
569,2.07097e-06,2.40908e-06,1.90772e-06,50,100,100,415096,1 11 2 0 7 4 6 9 14 3 13 5 8 10 12 
570,2.07599e-06,2.40908e-06,1.88948e-06,50,100,100,415096,1 11 2 0 7 4 6 9 14 3 13 5 8 10 12 
571,2.07367e-06,2.40908e-06,1.87765e-06,50,100,100,415096,1 11 2 0 7 4 6 9 14 3 13 5 8 10 12 
572,2.05711e-06,2.40908e-06,1.90211e-06,50,100,100,415096,1 11 2 0 7 4 6 9 14 3 13 5 8 10 12 
573,2.07461e-06,2.40908e-06,1.91673e-06,50,100,100,415096,1 11 2 0 7 4 6 9 14 3 13 5 8 10 12 
574,2.08022e-06,2.40908e-06,1.90282e-06,50,100,100,415096,1 11 2 0 7 4 6 9 14 3 13 5 8 10 12 
575,2.06948e-06,2.40908e-06,1.91128e-06,50,100,100,415096,1 11 2 0 7 4 6 9 14 3 13 5 8 10 12 
576,2.06653e-06,2.40908e-06,1.94162e-06,50,100,100,415096,1 11 2 0 7 4 6 9 14 3 13 5 8 10 12 
577,2.075e-06,2.40908e-06,1.93176e-06,50,100,100,415096,1 11 2 0 7 4 6 9 14 3 13 5 8 10 12 
578,2.08463e-06,2.40908e-06,1.91131e-06,50,100,100,415096,1 11 2 0 7 4 6 9 14 3 13 5 8 10 12 
579,2.0674e-06,2.40908e-06,1.89953e-06,50,100,100,415096,1 11 2 0 7 4 6 9 14 3 13 5 8 10 12 
580,2.06579e-06,2.40908e-06,1.9272e-06,50,100,100,415096,1 11 2 0 7 4 6 9 14 3 13 5 8 10 12 
581,2.06181e-06,2.40908e-06,1.91881e-06,50,100,100,415096,1 11 2 0 7 4 6 9 14 3 13 5 8 10 12 
582,2.07148e-06,2.40908e-06,1.91144e-06,50,100,100,415096,1 11 2 0 7 4 6 9 14 3 13 5 8 10 12 
583,2.06452e-06,2.40908e-06,1.89912e-06,50,100,100,415096,1 11 2 0 7 4 6 9 14 3 13 5 8 10 12 
584,2.05761e-06,2.40908e-06,1.91479e-06,50,100,100,415096,1 11 2 0 7 4 6 9 14 3 13 5 8 10 12 
585,2.06302e-06,2.40908e-06,1.92578e-06,50,100,100,415096,1 11 2 0 7 4 6 9 14 3 13 5 8 10 12 
586,2.06544e-06,2.40908e-06,1.92212e-06,50,100,100,415096,1 11 2 0 7 4 6 9 14 3 13 5 8 10 12 
587,2.0633e-06,2.40908e-06,1.905e-06,50,100,100,415096,1 11 2 0 7 4 6 9 14 3 13 5 8 10 12 
588,2.07275e-06,2.40908e-06,1.91645e-06,50,100,100,415096,1 11 2 0 7 4 6 9 14 3 13 5 8 10 12 
589,2.07135e-06,2.40908e-06,1.92664e-06,50,100,100,415096,1 11 2 0 7 4 6 9 14 3 13 5 8 10 12 
590,2.05666e-06,2.40908e-06,1.91895e-06,50,100,100,415096,1 11 2 0 7 4 6 9 14 3 13 5 8 10 12 
591,2.04885e-06,2.40908e-06,1.87311e-06,50,100,100,415096,1 11 2 0 7 4 6 9 14 3 13 5 8 10 12 
592,2.06677e-06,2.40908e-06,1.89096e-06,50,100,100,415096,1 11 2 0 7 4 6 9 14 3 13 5 8 10 12 
593,2.05748e-06,2.40908e-06,1.90341e-06,50,100,100,415096,1 11 2 0 7 4 6 9 14 3 13 5 8 10 12 
594,2.06748e-06,2.40908e-06,1.90593e-06,50,100,100,415096,1 11 2 0 7 4 6 9 14 3 13 5 8 10 12 
595,2.07165e-06,2.40908e-06,1.93339e-06,50,100,100,415096,1 11 2 0 7 4 6 9 14 3 13 5 8 10 12 
596,2.07541e-06,2.40908e-06,1.89682e-06,50,100,100,415096,1 11 2 0 7 4 6 9 14 3 13 5 8 10 12 
597,2.06414e-06,2.40908e-06,1.91222e-06,50,100,100,415096,1 11 2 0 7 4 6 9 14 3 13 5 8 10 12 
598,2.07356e-06,2.40908e-06,1.91552e-06,50,100,100,415096,1 11 2 0 7 4 6 9 14 3 13 5 8 10 12 
599,2.0605e-06,2.40908e-06,1.91595e-06,50,100,100,415096,1 11 2 0 7 4 6 9 14 3 13 5 8 10 12 
600,2.06903e-06,2.40908e-06,1.9135e-06,50,100,100,415096,1 11 2 0 7 4 6 9 14 3 13 5 8 10 12 
601,2.0644e-06,2.40908e-06,1.89001e-06,50,100,100,415096,1 11 2 0 7 4 6 9 14 3 13 5 8 10 12 
602,2.06574e-06,2.40908e-06,1.90361e-06,50,100,100,415096,1 11 2 0 7 4 6 9 14 3 13 5 8 10 12 
603,2.06342e-06,2.40908e-06,1.89549e-06,50,100,100,415096,1 11 2 0 7 4 6 9 14 3 13 5 8 10 12 
604,2.07137e-06,2.40908e-06,1.95911e-06,50,100,100,415096,1 11 2 0 7 4 6 9 14 3 13 5 8 10 12 
605,2.06994e-06,2.40908e-06,1.90231e-06,50,100,100,415096,1 11 2 0 7 4 6 9 14 3 13 5 8 10 12 
606,2.05774e-06,2.40908e-06,1.85089e-06,50,100,100,415096,1 11 2 0 7 4 6 9 14 3 13 5 8 10 12 
607,2.06504e-06,2.40908e-06,1.8866e-06,50,100,100,415096,1 11 2 0 7 4 6 9 14 3 13 5 8 10 12 
608,2.07058e-06,2.40908e-06,1.92902e-06,50,100,100,415096,1 11 2 0 7 4 6 9 14 3 13 5 8 10 12 
609,2.07046e-06,2.40908e-06,1.93712e-06,50,100,100,415096,1 11 2 0 7 4 6 9 14 3 13 5 8 10 12 
610,2.06282e-06,2.40908e-06,1.92421e-06,50,100,100,415096,1 11 2 0 7 4 6 9 14 3 13 5 8 10 12 
611,2.06265e-06,2.40908e-06,1.91287e-06,50,100,100,415096,1 11 2 0 7 4 6 9 14 3 13 5 8 10 12 
612,2.05147e-06,2.40908e-06,1.91427e-06,50,100,100,415096,1 11 2 0 7 4 6 9 14 3 13 5 8 10 12 
613,2.05935e-06,2.40908e-06,1.92239e-06,50,100,100,415096,1 11 2 0 7 4 6 9 14 3 13 5 8 10 12 
614,2.05791e-06,2.40908e-06,1.9093e-06,50,100,100,415096,1 11 2 0 7 4 6 9 14 3 13 5 8 10 12 
615,2.04665e-06,2.40908e-06,1.86366e-06,50,100,100,415096,1 11 2 0 7 4 6 9 14 3 13 5 8 10 12 
616,2.04958e-06,2.40908e-06,1.91905e-06,50,100,100,415096,1 11 2 0 7 4 6 9 14 3 13 5 8 10 12 
617,2.05614e-06,2.40908e-06,1.93139e-06,50,100,100,415096,1 11 2 0 7 4 6 9 14 3 13 5 8 10 12 
618,2.06347e-06,2.40908e-06,1.93101e-06,50,100,100,415096,1 11 2 0 7 4 6 9 14 3 13 5 8 10 12 
619,2.05968e-06,2.40908e-06,1.88894e-06,50,100,100,415096,1 11 2 0 7 4 6 9 14 3 13 5 8 10 12 
620,2.06374e-06,2.40908e-06,1.90571e-06,50,100,100,415096,1 11 2 0 7 4 6 9 14 3 13 5 8 10 12 
621,2.06904e-06,2.40908e-06,1.91723e-06,50,100,100,415096,1 11 2 0 7 4 6 9 14 3 13 5 8 10 12 
622,2.06525e-06,2.40908e-06,1.92713e-06,50,100,100,415096,1 11 2 0 7 4 6 9 14 3 13 5 8 10 12 
623,2.0626e-06,2.40908e-06,1.91079e-06,50,100,100,415096,1 11 2 0 7 4 6 9 14 3 13 5 8 10 12 
624,2.05821e-06,2.40908e-06,1.9169e-06,50,100,100,415096,1 11 2 0 7 4 6 9 14 3 13 5 8 10 12 
625,2.06842e-06,2.40908e-06,1.92715e-06,50,100,100,415096,1 11 2 0 7 4 6 9 14 3 13 5 8 10 12 
626,2.05846e-06,2.40908e-06,1.92851e-06,50,100,100,415096,1 11 2 0 7 4 6 9 14 3 13 5 8 10 12 
627,2.06331e-06,2.40908e-06,1.91268e-06,50,100,100,415096,1 11 2 0 7 4 6 9 14 3 13 5 8 10 12 
628,2.07274e-06,2.40908e-06,1.89716e-06,50,100,100,415096,1 11 2 0 7 4 6 9 14 3 13 5 8 10 12 
629,2.0714e-06,2.40908e-06,1.93045e-06,50,100,100,415096,1 11 2 0 7 4 6 9 14 3 13 5 8 10 12 
630,2.08481e-06,2.40908e-06,1.93503e-06,50,100,100,415096,1 11 2 0 7 4 6 9 14 3 13 5 8 10 12 
631,2.06488e-06,2.40908e-06,1.8997e-06,50,100,100,415096,1 11 2 0 7 4 6 9 14 3 13 5 8 10 12 
632,2.06751e-06,2.40908e-06,1.93224e-06,50,100,100,415096,1 11 2 0 7 4 6 9 14 3 13 5 8 10 12 
633,2.05925e-06,2.40908e-06,1.92405e-06,50,100,100,415096,1 11 2 0 7 4 6 9 14 3 13 5 8 10 12 
634,2.06206e-06,2.40908e-06,1.94247e-06,50,100,100,415096,1 11 2 0 7 4 6 9 14 3 13 5 8 10 12 
635,2.07488e-06,2.40908e-06,1.93217e-06,50,100,100,415096,1 11 2 0 7 4 6 9 14 3 13 5 8 10 12 
636,2.06886e-06,2.40908e-06,1.90472e-06,50,100,100,415096,1 11 2 0 7 4 6 9 14 3 13 5 8 10 12 
637,2.07994e-06,2.40908e-06,1.97083e-06,50,100,100,415096,1 11 2 0 7 4 6 9 14 3 13 5 8 10 12 
638,2.06713e-06,2.40908e-06,1.90042e-06,50,100,100,415096,1 11 2 0 7 4 6 9 14 3 13 5 8 10 12 
639,2.07185e-06,2.40908e-06,1.93375e-06,50,100,100,415096,1 11 2 0 7 4 6 9 14 3 13 5 8 10 12 
640,2.07367e-06,2.40908e-06,1.92615e-06,50,100,100,415096,1 11 2 0 7 4 6 9 14 3 13 5 8 10 12 
641,2.07568e-06,2.40908e-06,1.91326e-06,50,100,100,415096,1 11 2 0 7 4 6 9 14 3 13 5 8 10 12 
642,2.07135e-06,2.40908e-06,1.91972e-06,50,100,100,415096,1 11 2 0 7 4 6 9 14 3 13 5 8 10 12 
643,2.05907e-06,2.40908e-06,1.90489e-06,50,100,100,415096,1 11 2 0 7 4 6 9 14 3 13 5 8 10 12 
644,2.05661e-06,2.40908e-06,1.90759e-06,50,100,100,415096,1 11 2 0 7 4 6 9 14 3 13 5 8 10 12 
645,2.07471e-06,2.42612e-06,1.91651e-06,50,100,100,412180,1 11 13 0 7 4 6 9 2 3 14 5 8 10 12 
646,2.06783e-06,2.42612e-06,1.926e-06,50,100,100,412180,1 11 13 0 7 4 6 9 2 3 14 5 8 10 12 
647,2.06292e-06,2.42612e-06,1.8865e-06,50,100,100,412180,1 11 13 0 7 4 6 9 2 3 14 5 8 10 12 
648,2.07076e-06,2.42612e-06,1.90618e-06,50,100,100,412180,1 11 13 0 7 4 6 9 2 3 14 5 8 10 12 
649,2.07215e-06,2.42612e-06,1.94543e-06,50,100,100,412180,1 11 13 0 7 4 6 9 2 3 14 5 8 10 12 
650,2.07019e-06,2.42612e-06,1.93872e-06,50,100,100,412180,1 11 13 0 7 4 6 9 2 3 14 5 8 10 12 
651,2.07845e-06,2.42612e-06,1.93091e-06,50,100,100,412180,1 11 13 0 7 4 6 9 2 3 14 5 8 10 12 
652,2.07173e-06,2.42612e-06,1.92478e-06,50,100,100,412180,1 11 13 0 7 4 6 9 2 3 14 5 8 10 12 
653,2.06819e-06,2.42612e-06,1.88419e-06,50,100,100,412180,1 11 13 0 7 4 6 9 2 3 14 5 8 10 12 
654,2.06423e-06,2.42612e-06,1.86604e-06,50,100,100,412180,1 11 13 0 7 4 6 9 2 3 14 5 8 10 12 
655,2.06736e-06,2.42612e-06,1.94405e-06,50,100,100,412180,1 11 13 0 7 4 6 9 2 3 14 5 8 10 12 
656,2.06272e-06,2.42612e-06,1.88695e-06,50,100,100,412180,1 11 13 0 7 4 6 9 2 3 14 5 8 10 12 
657,2.05843e-06,2.42612e-06,1.89014e-06,50,100,100,412180,1 11 13 0 7 4 6 9 2 3 14 5 8 10 12 
658,2.06373e-06,2.42612e-06,1.93821e-06,50,100,100,412180,1 11 13 0 7 4 6 9 2 3 14 5 8 10 12 
659,2.07583e-06,2.42612e-06,1.93699e-06,50,100,100,412180,1 11 13 0 7 4 6 9 2 3 14 5 8 10 12 
660,2.06592e-06,2.42612e-06,1.89917e-06,50,100,100,412180,1 11 13 0 7 4 6 9 2 3 14 5 8 10 12 
661,2.08023e-06,2.42612e-06,1.95023e-06,50,100,100,412180,1 11 13 0 7 4 6 9 2 3 14 5 8 10 12 
662,2.08265e-06,2.42612e-06,1.91541e-06,50,100,100,412180,1 11 13 0 7 4 6 9 2 3 14 5 8 10 12 
663,2.07856e-06,2.42612e-06,1.96303e-06,50,100,100,412180,1 11 13 0 7 4 6 9 2 3 14 5 8 10 12 
664,2.08278e-06,2.42612e-06,1.91257e-06,50,100,100,412180,1 11 13 0 7 4 6 9 2 3 14 5 8 10 12 
665,2.08008e-06,2.42612e-06,1.92854e-06,50,100,100,412180,1 11 13 0 7 4 6 9 2 3 14 5 8 10 12 
666,2.06384e-06,2.42612e-06,1.94127e-06,50,100,100,412180,1 11 13 0 7 4 6 9 2 3 14 5 8 10 12 
667,2.0716e-06,2.42612e-06,1.94263e-06,50,100,100,412180,1 11 13 0 7 4 6 9 2 3 14 5 8 10 12 
668,2.07392e-06,2.42612e-06,1.93173e-06,50,100,100,412180,1 11 13 0 7 4 6 9 2 3 14 5 8 10 12 
669,2.08221e-06,2.42612e-06,1.89924e-06,50,100,100,412180,1 11 13 0 7 4 6 9 2 3 14 5 8 10 12 
670,2.07417e-06,2.42612e-06,1.93174e-06,50,100,100,412180,1 11 13 0 7 4 6 9 2 3 14 5 8 10 12 
671,2.0755e-06,2.42612e-06,1.90928e-06,50,100,100,412180,1 11 13 0 7 4 6 9 2 3 14 5 8 10 12 
672,2.07714e-06,2.42612e-06,1.90615e-06,50,100,100,412180,1 11 13 0 7 4 6 9 2 3 14 5 8 10 12 
673,2.05931e-06,2.42612e-06,1.88495e-06,50,100,100,412180,1 11 13 0 7 4 6 9 2 3 14 5 8 10 12 
674,2.06709e-06,2.42612e-06,1.92931e-06,50,100,100,412180,1 11 13 0 7 4 6 9 2 3 14 5 8 10 12 
675,2.05557e-06,2.42612e-06,1.85463e-06,50,100,100,412180,1 11 13 0 7 4 6 9 2 3 14 5 8 10 12 
676,2.05737e-06,2.42612e-06,1.89826e-06,50,100,100,412180,1 11 13 0 7 4 6 9 2 3 14 5 8 10 12 
677,2.06382e-06,2.42612e-06,1.94266e-06,50,100,100,412180,1 11 13 0 7 4 6 9 2 3 14 5 8 10 12 
678,2.06542e-06,2.42612e-06,1.90797e-06,50,100,100,412180,1 11 13 0 7 4 6 9 2 3 14 5 8 10 12 
679,2.06094e-06,2.42612e-06,1.89637e-06,50,100,100,412180,1 11 13 0 7 4 6 9 2 3 14 5 8 10 12 
680,2.06217e-06,2.42612e-06,1.92745e-06,50,100,100,412180,1 11 13 0 7 4 6 9 2 3 14 5 8 10 12 
681,2.06045e-06,2.42612e-06,1.89594e-06,50,100,100,412180,1 11 13 0 7 4 6 9 2 3 14 5 8 10 12 
682,2.05514e-06,2.42612e-06,1.91287e-06,50,100,100,412180,1 11 13 0 7 4 6 9 2 3 14 5 8 10 12 
683,2.05823e-06,2.42612e-06,1.89351e-06,50,100,100,412180,1 11 13 0 7 4 6 9 2 3 14 5 8 10 12 
684,2.06204e-06,2.42612e-06,1.91359e-06,50,100,100,412180,1 11 13 0 7 4 6 9 2 3 14 5 8 10 12 
685,2.0531e-06,2.42612e-06,1.9336e-06,50,100,100,412180,1 11 13 0 7 4 6 9 2 3 14 5 8 10 12 
686,2.05574e-06,2.42612e-06,1.91201e-06,50,100,100,412180,1 11 13 0 7 4 6 9 2 3 14 5 8 10 12 
687,2.07771e-06,2.42612e-06,1.88948e-06,50,100,100,412180,1 11 13 0 7 4 6 9 2 3 14 5 8 10 12 
688,2.0614e-06,2.42612e-06,1.90266e-06,50,100,100,412180,1 11 13 0 7 4 6 9 2 3 14 5 8 10 12 
689,2.07872e-06,2.42612e-06,1.92229e-06,50,100,100,412180,1 11 13 0 7 4 6 9 2 3 14 5 8 10 12 
690,2.06997e-06,2.42612e-06,1.89909e-06,50,100,100,412180,1 11 13 0 7 4 6 9 2 3 14 5 8 10 12 
691,2.05927e-06,2.42612e-06,1.89709e-06,50,100,100,412180,1 11 13 0 7 4 6 9 2 3 14 5 8 10 12 
692,2.05487e-06,2.42612e-06,1.92708e-06,50,100,100,412180,1 11 13 0 7 4 6 9 2 3 14 5 8 10 12 
693,2.06671e-06,2.42612e-06,1.89562e-06,50,100,100,412180,1 11 13 0 7 4 6 9 2 3 14 5 8 10 12 
694,2.06366e-06,2.42612e-06,1.93051e-06,50,100,100,412180,1 11 13 0 7 4 6 9 2 3 14 5 8 10 12 
695,2.07213e-06,2.42612e-06,1.90793e-06,50,100,100,412180,1 11 13 0 7 4 6 9 2 3 14 5 8 10 12 
696,2.07921e-06,2.42612e-06,1.93307e-06,50,100,100,412180,1 11 13 0 7 4 6 9 2 3 14 5 8 10 12 
697,2.08385e-06,2.42612e-06,1.95437e-06,50,100,100,412180,1 11 13 0 7 4 6 9 2 3 14 5 8 10 12 
698,2.07796e-06,2.42612e-06,1.96028e-06,50,100,100,412180,1 11 13 0 7 4 6 9 2 3 14 5 8 10 12 
699,2.0732e-06,2.42612e-06,1.88511e-06,50,100,100,412180,1 11 13 0 7 4 6 9 2 3 14 5 8 10 12 
700,2.07748e-06,2.42612e-06,1.90956e-06,50,100,100,412180,1 11 13 0 7 4 6 9 2 3 14 5 8 10 12 
701,2.06457e-06,2.42612e-06,1.89408e-06,50,100,100,412180,1 11 13 0 7 4 6 9 2 3 14 5 8 10 12 
702,2.06924e-06,2.42612e-06,1.95266e-06,50,100,100,412180,1 11 13 0 7 4 6 9 2 3 14 5 8 10 12 
703,2.06307e-06,2.42612e-06,1.93089e-06,50,100,100,412180,1 11 13 0 7 4 6 9 2 3 14 5 8 10 12 
704,2.0644e-06,2.42612e-06,1.88207e-06,50,100,100,412180,1 11 13 0 7 4 6 9 2 3 14 5 8 10 12 
705,2.07193e-06,2.42612e-06,1.93539e-06,50,100,100,412180,1 11 13 0 7 4 6 9 2 3 14 5 8 10 12 
706,2.0684e-06,2.42612e-06,1.91484e-06,50,100,100,412180,1 11 13 0 7 4 6 9 2 3 14 5 8 10 12 
707,2.06215e-06,2.42612e-06,1.89901e-06,50,100,100,412180,1 11 13 0 7 4 6 9 2 3 14 5 8 10 12 
708,2.06069e-06,2.42612e-06,1.90587e-06,50,100,100,412180,1 11 13 0 7 4 6 9 2 3 14 5 8 10 12 
709,2.06893e-06,2.42612e-06,1.8754e-06,50,100,100,412180,1 11 13 0 7 4 6 9 2 3 14 5 8 10 12 
710,2.06563e-06,2.42612e-06,1.92089e-06,50,100,100,412180,1 11 13 0 7 4 6 9 2 3 14 5 8 10 12 
711,2.06572e-06,2.42612e-06,1.93133e-06,50,100,100,412180,1 11 13 0 7 4 6 9 2 3 14 5 8 10 12 
712,2.0676e-06,2.42612e-06,1.90596e-06,50,100,100,412180,1 11 13 0 7 4 6 9 2 3 14 5 8 10 12 
713,2.06665e-06,2.42612e-06,1.92165e-06,50,100,100,412180,1 11 13 0 7 4 6 9 2 3 14 5 8 10 12 
714,2.06564e-06,2.42612e-06,1.9114e-06,50,100,100,412180,1 11 13 0 7 4 6 9 2 3 14 5 8 10 12 
715,2.06971e-06,2.42612e-06,1.89331e-06,50,100,100,412180,1 11 13 0 7 4 6 9 2 3 14 5 8 10 12 
716,2.07017e-06,2.42612e-06,1.91759e-06,50,100,100,412180,1 11 13 0 7 4 6 9 2 3 14 5 8 10 12 
717,2.06763e-06,2.42612e-06,1.94265e-06,50,100,100,412180,1 11 13 0 7 4 6 9 2 3 14 5 8 10 12 
718,2.07264e-06,2.42612e-06,1.91247e-06,50,100,100,412180,1 11 13 0 7 4 6 9 2 3 14 5 8 10 12 
719,2.07293e-06,2.42612e-06,1.94122e-06,50,100,100,412180,1 11 13 0 7 4 6 9 2 3 14 5 8 10 12 
720,2.07401e-06,2.42612e-06,1.93411e-06,50,100,100,412180,1 11 13 0 7 4 6 9 2 3 14 5 8 10 12 
721,2.06682e-06,2.42612e-06,1.89893e-06,50,100,100,412180,1 11 13 0 7 4 6 9 2 3 14 5 8 10 12 
722,2.054e-06,2.42612e-06,1.90722e-06,50,100,100,412180,1 11 13 0 7 4 6 9 2 3 14 5 8 10 12 
723,2.06734e-06,2.42612e-06,1.9243e-06,50,100,100,412180,1 11 13 0 7 4 6 9 2 3 14 5 8 10 12 
724,2.06038e-06,2.42612e-06,1.89903e-06,50,100,100,412180,1 11 13 0 7 4 6 9 2 3 14 5 8 10 12 
725,2.06555e-06,2.42612e-06,1.89659e-06,50,100,100,412180,1 11 13 0 7 4 6 9 2 3 14 5 8 10 12 
726,2.07481e-06,2.42612e-06,1.92847e-06,50,100,100,412180,1 11 13 0 7 4 6 9 2 3 14 5 8 10 12 
727,2.07812e-06,2.42612e-06,1.90278e-06,50,100,100,412180,1 11 13 0 7 4 6 9 2 3 14 5 8 10 12 
728,2.0824e-06,2.42612e-06,1.91017e-06,50,100,100,412180,1 11 13 0 7 4 6 9 2 3 14 5 8 10 12 
729,2.06162e-06,2.42612e-06,1.91113e-06,50,100,100,412180,1 11 13 0 7 4 6 9 2 3 14 5 8 10 12 
730,2.05677e-06,2.42612e-06,1.91871e-06,50,100,100,412180,1 11 13 0 7 4 6 9 2 3 14 5 8 10 12 
731,2.06145e-06,2.42612e-06,1.91566e-06,50,100,100,412180,1 11 13 0 7 4 6 9 2 3 14 5 8 10 12 
732,2.07253e-06,2.42612e-06,1.91396e-06,50,100,100,412180,1 11 13 0 7 4 6 9 2 3 14 5 8 10 12 
733,2.06455e-06,2.42612e-06,1.91281e-06,50,100,100,412180,1 11 13 0 7 4 6 9 2 3 14 5 8 10 12 
734,2.06377e-06,2.42612e-06,1.8747e-06,50,100,100,412180,1 11 13 0 7 4 6 9 2 3 14 5 8 10 12 
735,2.07028e-06,2.42612e-06,1.87929e-06,50,100,100,412180,1 11 13 0 7 4 6 9 2 3 14 5 8 10 12 
736,2.07029e-06,2.42612e-06,1.90433e-06,50,100,100,412180,1 11 13 0 7 4 6 9 2 3 14 5 8 10 12 
737,2.07098e-06,2.42612e-06,1.93664e-06,50,100,100,412180,1 11 13 0 7 4 6 9 2 3 14 5 8 10 12 
738,2.06965e-06,2.42612e-06,1.92555e-06,50,100,100,412180,1 11 13 0 7 4 6 9 2 3 14 5 8 10 12 
739,2.07136e-06,2.42612e-06,1.90371e-06,50,100,100,412180,1 11 13 0 7 4 6 9 2 3 14 5 8 10 12 
740,2.07724e-06,2.42612e-06,1.93301e-06,50,100,100,412180,1 11 13 0 7 4 6 9 2 3 14 5 8 10 12 
741,2.08006e-06,2.42612e-06,1.96321e-06,50,100,100,412180,1 11 13 0 7 4 6 9 2 3 14 5 8 10 12 
742,2.07464e-06,2.42612e-06,1.93764e-06,50,100,100,412180,1 11 13 0 7 4 6 9 2 3 14 5 8 10 12 
743,2.07453e-06,2.42612e-06,1.94465e-06,50,100,100,412180,1 11 13 0 7 4 6 9 2 3 14 5 8 10 12 
744,2.07165e-06,2.42612e-06,1.89701e-06,50,100,100,412180,1 11 13 0 7 4 6 9 2 3 14 5 8 10 12 
745,2.0482e-06,2.42612e-06,1.89912e-06,50,100,100,412180,1 11 13 0 7 4 6 9 2 3 14 5 8 10 12 
746,2.05572e-06,2.42612e-06,1.89742e-06,50,100,100,412180,1 11 13 0 7 4 6 9 2 3 14 5 8 10 12 
747,2.06941e-06,2.42612e-06,1.92889e-06,50,100,100,412180,1 11 13 0 7 4 6 9 2 3 14 5 8 10 12 
748,2.05908e-06,2.42612e-06,1.88675e-06,50,100,100,412180,1 11 13 0 7 4 6 9 2 3 14 5 8 10 12 
749,2.07303e-06,2.42612e-06,1.91239e-06,50,100,100,412180,1 11 13 0 7 4 6 9 2 3 14 5 8 10 12 
750,2.06868e-06,2.42612e-06,1.91812e-06,50,100,100,412180,1 11 13 0 7 4 6 9 2 3 14 5 8 10 12 
751,2.07207e-06,2.42612e-06,1.95863e-06,50,100,100,412180,1 11 13 0 7 4 6 9 2 3 14 5 8 10 12 
752,2.07372e-06,2.42612e-06,1.90296e-06,50,100,100,412180,1 11 13 0 7 4 6 9 2 3 14 5 8 10 12 
753,2.07389e-06,2.42612e-06,1.92154e-06,50,100,100,412180,1 11 13 0 7 4 6 9 2 3 14 5 8 10 12 
754,2.07388e-06,2.42612e-06,1.92566e-06,50,100,100,412180,1 11 13 0 7 4 6 9 2 3 14 5 8 10 12 
755,2.0672e-06,2.42612e-06,1.93237e-06,50,100,100,412180,1 11 13 0 7 4 6 9 2 3 14 5 8 10 12 
756,2.06363e-06,2.42612e-06,1.91599e-06,50,100,100,412180,1 11 13 0 7 4 6 9 2 3 14 5 8 10 12 
757,2.07594e-06,2.42612e-06,1.93839e-06,50,100,100,412180,1 11 13 0 7 4 6 9 2 3 14 5 8 10 12 
758,2.06873e-06,2.42612e-06,1.93283e-06,50,100,100,412180,1 11 13 0 7 4 6 9 2 3 14 5 8 10 12 
759,2.06008e-06,2.42612e-06,1.92701e-06,50,100,100,412180,1 11 13 0 7 4 6 9 2 3 14 5 8 10 12 
760,2.07042e-06,2.42612e-06,1.90185e-06,50,100,100,412180,1 11 13 0 7 4 6 9 2 3 14 5 8 10 12 
761,2.08349e-06,2.42612e-06,1.91739e-06,50,100,100,412180,1 11 13 0 7 4 6 9 2 3 14 5 8 10 12 
762,2.0669e-06,2.42612e-06,1.90524e-06,50,100,100,412180,1 11 13 0 7 4 6 9 2 3 14 5 8 10 12 
763,2.07268e-06,2.42612e-06,1.92957e-06,50,100,100,412180,1 11 13 0 7 4 6 9 2 3 14 5 8 10 12 
764,2.07369e-06,2.42612e-06,1.956e-06,50,100,100,412180,1 11 13 0 7 4 6 9 2 3 14 5 8 10 12 
765,2.06893e-06,2.42612e-06,1.92844e-06,50,100,100,412180,1 11 13 0 7 4 6 9 2 3 14 5 8 10 12 
766,2.06852e-06,2.42612e-06,1.93802e-06,50,100,100,412180,1 11 13 0 7 4 6 9 2 3 14 5 8 10 12 
767,2.05231e-06,2.42612e-06,1.89581e-06,50,100,100,412180,1 11 13 0 7 4 6 9 2 3 14 5 8 10 12 
768,2.06772e-06,2.42612e-06,1.88559e-06,50,100,100,412180,1 11 13 0 7 4 6 9 2 3 14 5 8 10 12 
769,2.0692e-06,2.42612e-06,1.91546e-06,50,100,100,412180,1 11 13 0 7 4 6 9 2 3 14 5 8 10 12 
770,2.05227e-06,2.42612e-06,1.88886e-06,50,100,100,412180,1 11 13 0 7 4 6 9 2 3 14 5 8 10 12 
771,2.0644e-06,2.42612e-06,1.88368e-06,50,100,100,412180,1 11 13 0 7 4 6 9 2 3 14 5 8 10 12 
772,2.06252e-06,2.42612e-06,1.91472e-06,50,100,100,412180,1 11 13 0 7 4 6 9 2 3 14 5 8 10 12 
773,2.06443e-06,2.42612e-06,1.89643e-06,50,100,100,412180,1 11 13 0 7 4 6 9 2 3 14 5 8 10 12 
774,2.0671e-06,2.42612e-06,1.90096e-06,50,100,100,412180,1 11 13 0 7 4 6 9 2 3 14 5 8 10 12 
775,2.07411e-06,2.42612e-06,1.94049e-06,50,100,100,412180,1 11 13 0 7 4 6 9 2 3 14 5 8 10 12 
776,2.07053e-06,2.42612e-06,1.89555e-06,50,100,100,412180,1 11 13 0 7 4 6 9 2 3 14 5 8 10 12 
777,2.07346e-06,2.42612e-06,1.93989e-06,50,100,100,412180,1 11 13 0 7 4 6 9 2 3 14 5 8 10 12 
778,2.07341e-06,2.42612e-06,1.92211e-06,50,100,100,412180,1 11 13 0 7 4 6 9 2 3 14 5 8 10 12 
779,2.06586e-06,2.42612e-06,1.92911e-06,50,100,100,412180,1 11 13 0 7 4 6 9 2 3 14 5 8 10 12 
780,2.06026e-06,2.42612e-06,1.87856e-06,50,100,100,412180,1 11 13 0 7 4 6 9 2 3 14 5 8 10 12 
781,2.05877e-06,2.42612e-06,1.94583e-06,50,100,100,412180,1 11 13 0 7 4 6 9 2 3 14 5 8 10 12 
782,2.06052e-06,2.42612e-06,1.94085e-06,50,100,100,412180,1 11 13 0 7 4 6 9 2 3 14 5 8 10 12 
783,2.0585e-06,2.42612e-06,1.91504e-06,50,100,100,412180,1 11 13 0 7 4 6 9 2 3 14 5 8 10 12 
784,2.05433e-06,2.42612e-06,1.8826e-06,50,100,100,412180,1 11 13 0 7 4 6 9 2 3 14 5 8 10 12 
785,2.05434e-06,2.42612e-06,1.91865e-06,50,100,100,412180,1 11 13 0 7 4 6 9 2 3 14 5 8 10 12 
786,2.0592e-06,2.42612e-06,1.87348e-06,50,100,100,412180,1 11 13 0 7 4 6 9 2 3 14 5 8 10 12 
787,2.06205e-06,2.42612e-06,1.90559e-06,50,100,100,412180,1 11 13 0 7 4 6 9 2 3 14 5 8 10 12 
788,2.06745e-06,2.42612e-06,1.9342e-06,50,100,100,412180,1 11 13 0 7 4 6 9 2 3 14 5 8 10 12 
789,2.05956e-06,2.42612e-06,1.92053e-06,50,100,100,412180,1 11 13 0 7 4 6 9 2 3 14 5 8 10 12 
790,2.05994e-06,2.42612e-06,1.90131e-06,50,100,100,412180,1 11 13 0 7 4 6 9 2 3 14 5 8 10 12 
791,2.06343e-06,2.42612e-06,1.92478e-06,50,100,100,412180,1 11 13 0 7 4 6 9 2 3 14 5 8 10 12 
792,2.06249e-06,2.42612e-06,1.94012e-06,50,100,100,412180,1 11 13 0 7 4 6 9 2 3 14 5 8 10 12 
793,2.06728e-06,2.42612e-06,1.91749e-06,50,100,100,412180,1 11 13 0 7 4 6 9 2 3 14 5 8 10 12 
794,2.05871e-06,2.42612e-06,1.90876e-06,50,100,100,412180,1 11 13 0 7 4 6 9 2 3 14 5 8 10 12 
795,2.06133e-06,2.42612e-06,1.91138e-06,50,100,100,412180,1 11 13 0 7 4 6 9 2 3 14 5 8 10 12 
796,2.07177e-06,2.42612e-06,1.90549e-06,50,100,100,412180,1 11 13 0 7 4 6 9 2 3 14 5 8 10 12 
797,2.06095e-06,2.42612e-06,1.9128e-06,50,100,100,412180,1 11 13 0 7 4 6 9 2 3 14 5 8 10 12 
798,2.07023e-06,2.42612e-06,1.92187e-06,50,100,100,412180,1 11 13 0 7 4 6 9 2 3 14 5 8 10 12 
799,2.06877e-06,2.42612e-06,1.91215e-06,50,100,100,412180,1 11 13 0 7 4 6 9 2 3 14 5 8 10 12 
800,2.05897e-06,2.42612e-06,1.89419e-06,50,100,100,412180,1 11 13 0 7 4 6 9 2 3 14 5 8 10 12 
801,2.06861e-06,2.42612e-06,1.91712e-06,50,100,100,412180,1 11 13 0 7 4 6 9 2 3 14 5 8 10 12 
802,2.07149e-06,2.42612e-06,1.92446e-06,50,100,100,412180,1 11 13 0 7 4 6 9 2 3 14 5 8 10 12 
803,2.07743e-06,2.42612e-06,1.90922e-06,50,100,100,412180,1 11 13 0 7 4 6 9 2 3 14 5 8 10 12 
804,2.0637e-06,2.42612e-06,1.91999e-06,50,100,100,412180,1 11 13 0 7 4 6 9 2 3 14 5 8 10 12 
805,2.07491e-06,2.42612e-06,1.94866e-06,50,100,100,412180,1 11 13 0 7 4 6 9 2 3 14 5 8 10 12 
806,2.07835e-06,2.42612e-06,1.91701e-06,50,100,100,412180,1 11 13 0 7 4 6 9 2 3 14 5 8 10 12 
807,2.07929e-06,2.42612e-06,1.93224e-06,50,100,100,412180,1 11 13 0 7 4 6 9 2 3 14 5 8 10 12 
808,2.08304e-06,2.42612e-06,1.93021e-06,50,100,100,412180,1 11 13 0 7 4 6 9 2 3 14 5 8 10 12 
809,2.07766e-06,2.42612e-06,1.93289e-06,50,100,100,412180,1 11 13 0 7 4 6 9 2 3 14 5 8 10 12 
810,2.08277e-06,2.42612e-06,1.91934e-06,50,100,100,412180,1 11 13 0 7 4 6 9 2 3 14 5 8 10 12 
811,2.07231e-06,2.42612e-06,1.9221e-06,50,100,100,412180,1 11 13 0 7 4 6 9 2 3 14 5 8 10 12 
812,2.06449e-06,2.42612e-06,1.92576e-06,50,100,100,412180,1 11 13 0 7 4 6 9 2 3 14 5 8 10 12 
813,2.06058e-06,2.42612e-06,1.87467e-06,50,100,100,412180,1 11 13 0 7 4 6 9 2 3 14 5 8 10 12 
814,2.05988e-06,2.42612e-06,1.90221e-06,50,100,100,412180,1 11 13 0 7 4 6 9 2 3 14 5 8 10 12 
815,2.06684e-06,2.42612e-06,1.88466e-06,50,100,100,412180,1 11 13 0 7 4 6 9 2 3 14 5 8 10 12 
816,2.058e-06,2.42612e-06,1.89567e-06,50,100,100,412180,1 11 13 0 7 4 6 9 2 3 14 5 8 10 12 
817,2.06637e-06,2.42612e-06,1.94209e-06,50,100,100,412180,1 11 13 0 7 4 6 9 2 3 14 5 8 10 12 
818,2.05073e-06,2.42612e-06,1.93777e-06,50,100,100,412180,1 11 13 0 7 4 6 9 2 3 14 5 8 10 12 
819,2.06939e-06,2.42612e-06,1.94159e-06,50,100,100,412180,1 11 13 0 7 4 6 9 2 3 14 5 8 10 12 
820,2.0604e-06,2.42612e-06,1.90358e-06,50,100,100,412180,1 11 13 0 7 4 6 9 2 3 14 5 8 10 12 
821,2.05446e-06,2.42612e-06,1.92072e-06,50,100,100,412180,1 11 13 0 7 4 6 9 2 3 14 5 8 10 12 
822,2.05906e-06,2.42612e-06,1.8926e-06,50,100,100,412180,1 11 13 0 7 4 6 9 2 3 14 5 8 10 12 
823,2.06785e-06,2.42612e-06,1.936e-06,50,100,100,412180,1 11 13 0 7 4 6 9 2 3 14 5 8 10 12 
824,2.07469e-06,2.42612e-06,1.87202e-06,50,100,100,412180,1 11 13 0 7 4 6 9 2 3 14 5 8 10 12 
825,2.0781e-06,2.42612e-06,1.9037e-06,50,100,100,412180,1 11 13 0 7 4 6 9 2 3 14 5 8 10 12 
826,2.08101e-06,2.42612e-06,1.93941e-06,50,100,100,412180,1 11 13 0 7 4 6 9 2 3 14 5 8 10 12 
827,2.06993e-06,2.42612e-06,1.89773e-06,50,100,100,412180,1 11 13 0 7 4 6 9 2 3 14 5 8 10 12 
828,2.06708e-06,2.42612e-06,1.89794e-06,50,100,100,412180,1 11 13 0 7 4 6 9 2 3 14 5 8 10 12 
829,2.07397e-06,2.42612e-06,1.92338e-06,50,100,100,412180,1 11 13 0 7 4 6 9 2 3 14 5 8 10 12 
830,2.0757e-06,2.42612e-06,1.90471e-06,50,100,100,412180,1 11 13 0 7 4 6 9 2 3 14 5 8 10 12 
831,2.07631e-06,2.42612e-06,1.9095e-06,50,100,100,412180,1 11 13 0 7 4 6 9 2 3 14 5 8 10 12 
832,2.06023e-06,2.42612e-06,1.91057e-06,50,100,100,412180,1 11 13 0 7 4 6 9 2 3 14 5 8 10 12 
833,2.06549e-06,2.42612e-06,1.91954e-06,50,100,100,412180,1 11 13 0 7 4 6 9 2 3 14 5 8 10 12 
834,2.06535e-06,2.42612e-06,1.89685e-06,50,100,100,412180,1 11 13 0 7 4 6 9 2 3 14 5 8 10 12 
835,2.06249e-06,2.42612e-06,1.91746e-06,50,100,100,412180,1 11 13 0 7 4 6 9 2 3 14 5 8 10 12 
836,2.0656e-06,2.42612e-06,1.93539e-06,50,100,100,412180,1 11 13 0 7 4 6 9 2 3 14 5 8 10 12 
837,2.07391e-06,2.42612e-06,1.89221e-06,50,100,100,412180,1 11 13 0 7 4 6 9 2 3 14 5 8 10 12 
838,2.06918e-06,2.42612e-06,1.92527e-06,50,100,100,412180,1 11 13 0 7 4 6 9 2 3 14 5 8 10 12 
839,2.06533e-06,2.42612e-06,1.89868e-06,50,100,100,412180,1 11 13 0 7 4 6 9 2 3 14 5 8 10 12 
840,2.05769e-06,2.42612e-06,1.90928e-06,50,100,100,412180,1 11 13 0 7 4 6 9 2 3 14 5 8 10 12 
841,2.06802e-06,2.42612e-06,1.91958e-06,50,100,100,412180,1 11 13 0 7 4 6 9 2 3 14 5 8 10 12 
842,2.0771e-06,2.42612e-06,1.90451e-06,50,100,100,412180,1 11 13 0 7 4 6 9 2 3 14 5 8 10 12 
843,2.06841e-06,2.42612e-06,1.91634e-06,50,100,100,412180,1 11 13 0 7 4 6 9 2 3 14 5 8 10 12 
844,2.08376e-06,2.42612e-06,1.9509e-06,50,100,100,412180,1 11 13 0 7 4 6 9 2 3 14 5 8 10 12 
845,2.07287e-06,2.42612e-06,1.92682e-06,50,100,100,412180,1 11 13 0 7 4 6 9 2 3 14 5 8 10 12 
846,2.06876e-06,2.42612e-06,1.91485e-06,50,100,100,412180,1 11 13 0 7 4 6 9 2 3 14 5 8 10 12 
847,2.07231e-06,2.42612e-06,1.89886e-06,50,100,100,412180,1 11 13 0 7 4 6 9 2 3 14 5 8 10 12 
848,2.0815e-06,2.42612e-06,1.91527e-06,50,100,100,412180,1 11 13 0 7 4 6 9 2 3 14 5 8 10 12 
849,2.06433e-06,2.42612e-06,1.9082e-06,50,100,100,412180,1 11 13 0 7 4 6 9 2 3 14 5 8 10 12 
850,2.06609e-06,2.42612e-06,1.90903e-06,50,100,100,412180,1 11 13 0 7 4 6 9 2 3 14 5 8 10 12 
851,2.063e-06,2.42612e-06,1.92688e-06,50,100,100,412180,1 11 13 0 7 4 6 9 2 3 14 5 8 10 12 
852,2.06352e-06,2.42612e-06,1.89108e-06,50,100,100,412180,1 11 13 0 7 4 6 9 2 3 14 5 8 10 12 
853,2.06895e-06,2.42612e-06,1.93642e-06,50,100,100,412180,1 11 13 0 7 4 6 9 2 3 14 5 8 10 12 
854,2.08061e-06,2.42612e-06,1.90271e-06,50,100,100,412180,1 11 13 0 7 4 6 9 2 3 14 5 8 10 12 
855,2.06725e-06,2.42612e-06,1.91049e-06,50,100,100,412180,1 11 13 0 7 4 6 9 2 3 14 5 8 10 12 
856,2.07339e-06,2.42612e-06,1.92627e-06,50,100,100,412180,1 11 13 0 7 4 6 9 2 3 14 5 8 10 12 
857,2.07916e-06,2.42612e-06,1.9336e-06,50,100,100,412180,1 11 13 0 7 4 6 9 2 3 14 5 8 10 12 
858,2.0812e-06,2.42612e-06,1.93433e-06,50,100,100,412180,1 11 13 0 7 4 6 9 2 3 14 5 8 10 12 
859,2.06009e-06,2.42612e-06,1.90527e-06,50,100,100,412180,1 11 13 0 7 4 6 9 2 3 14 5 8 10 12 
860,2.06398e-06,2.42612e-06,1.91498e-06,50,100,100,412180,1 11 13 0 7 4 6 9 2 3 14 5 8 10 12 
861,2.08057e-06,2.42612e-06,1.92715e-06,50,100,100,412180,1 11 13 0 7 4 6 9 2 3 14 5 8 10 12 
862,2.06613e-06,2.42612e-06,1.92156e-06,50,100,100,412180,1 11 13 0 7 4 6 9 2 3 14 5 8 10 12 
863,2.07346e-06,2.42612e-06,1.91362e-06,50,100,100,412180,1 11 13 0 7 4 6 9 2 3 14 5 8 10 12 
864,2.07201e-06,2.42612e-06,1.91587e-06,50,100,100,412180,1 11 13 0 7 4 6 9 2 3 14 5 8 10 12 
865,2.09411e-06,2.42612e-06,1.93292e-06,50,100,100,412180,1 11 13 0 7 4 6 9 2 3 14 5 8 10 12 
866,2.07606e-06,2.42612e-06,1.9268e-06,50,100,100,412180,1 11 13 0 7 4 6 9 2 3 14 5 8 10 12 
867,2.0709e-06,2.42612e-06,1.89003e-06,50,100,100,412180,1 11 13 0 7 4 6 9 2 3 14 5 8 10 12 
868,2.07082e-06,2.42612e-06,1.91926e-06,50,100,100,412180,1 11 13 0 7 4 6 9 2 3 14 5 8 10 12 
869,2.07044e-06,2.42612e-06,1.92015e-06,50,100,100,412180,1 11 13 0 7 4 6 9 2 3 14 5 8 10 12 
870,2.07609e-06,2.42612e-06,1.9433e-06,50,100,100,412180,1 11 13 0 7 4 6 9 2 3 14 5 8 10 12 
871,2.07087e-06,2.42612e-06,1.93098e-06,50,100,100,412180,1 11 13 0 7 4 6 9 2 3 14 5 8 10 12 
872,2.0763e-06,2.42612e-06,1.94489e-06,50,100,100,412180,1 11 13 0 7 4 6 9 2 3 14 5 8 10 12 
873,2.07895e-06,2.42612e-06,1.93721e-06,50,100,100,412180,1 11 13 0 7 4 6 9 2 3 14 5 8 10 12 
874,2.07335e-06,2.42612e-06,1.90997e-06,50,100,100,412180,1 11 13 0 7 4 6 9 2 3 14 5 8 10 12 
875,2.0679e-06,2.42612e-06,1.95563e-06,50,100,100,412180,1 11 13 0 7 4 6 9 2 3 14 5 8 10 12 
876,2.06509e-06,2.42612e-06,1.9001e-06,50,100,100,412180,1 11 13 0 7 4 6 9 2 3 14 5 8 10 12 
877,2.06981e-06,2.42612e-06,1.92856e-06,50,100,100,412180,1 11 13 0 7 4 6 9 2 3 14 5 8 10 12 
878,2.08006e-06,2.42612e-06,1.90593e-06,50,100,100,412180,1 11 13 0 7 4 6 9 2 3 14 5 8 10 12 
879,2.08301e-06,2.42612e-06,1.91065e-06,50,100,100,412180,1 11 13 0 7 4 6 9 2 3 14 5 8 10 12 
880,2.07131e-06,2.42612e-06,1.91143e-06,50,100,100,412180,1 11 13 0 7 4 6 9 2 3 14 5 8 10 12 
881,2.06048e-06,2.42612e-06,1.93203e-06,50,100,100,412180,1 11 13 0 7 4 6 9 2 3 14 5 8 10 12 
882,2.07529e-06,2.42612e-06,1.93441e-06,50,100,100,412180,1 11 13 0 7 4 6 9 2 3 14 5 8 10 12 
883,2.0744e-06,2.42612e-06,1.86692e-06,50,100,100,412180,1 11 13 0 7 4 6 9 2 3 14 5 8 10 12 
884,2.0725e-06,2.42612e-06,1.96397e-06,50,100,100,412180,1 11 13 0 7 4 6 9 2 3 14 5 8 10 12 
885,2.07641e-06,2.42612e-06,1.94802e-06,50,100,100,412180,1 11 13 0 7 4 6 9 2 3 14 5 8 10 12 
886,2.06742e-06,2.42612e-06,1.89539e-06,50,100,100,412180,1 11 13 0 7 4 6 9 2 3 14 5 8 10 12 
887,2.07195e-06,2.42612e-06,1.90581e-06,50,100,100,412180,1 11 13 0 7 4 6 9 2 3 14 5 8 10 12 
888,2.07125e-06,2.42612e-06,1.91955e-06,50,100,100,412180,1 11 13 0 7 4 6 9 2 3 14 5 8 10 12 
889,2.0707e-06,2.42612e-06,1.91813e-06,50,100,100,412180,1 11 13 0 7 4 6 9 2 3 14 5 8 10 12 
890,2.07414e-06,2.42612e-06,1.92255e-06,50,100,100,412180,1 11 13 0 7 4 6 9 2 3 14 5 8 10 12 
891,2.07173e-06,2.42612e-06,1.94117e-06,50,100,100,412180,1 11 13 0 7 4 6 9 2 3 14 5 8 10 12 
892,2.07796e-06,2.42612e-06,1.93574e-06,50,100,100,412180,1 11 13 0 7 4 6 9 2 3 14 5 8 10 12 
893,2.07921e-06,2.42612e-06,1.93372e-06,50,100,100,412180,1 11 13 0 7 4 6 9 2 3 14 5 8 10 12 
894,2.07397e-06,2.42612e-06,1.91651e-06,50,100,100,412180,1 11 13 0 7 4 6 9 2 3 14 5 8 10 12 
895,2.06648e-06,2.42612e-06,1.95354e-06,50,100,100,412180,1 11 13 0 7 4 6 9 2 3 14 5 8 10 12 
896,2.06936e-06,2.42612e-06,1.93121e-06,50,100,100,412180,1 11 13 0 7 4 6 9 2 3 14 5 8 10 12 
897,2.06778e-06,2.42612e-06,1.9139e-06,50,100,100,412180,1 11 13 0 7 4 6 9 2 3 14 5 8 10 12 
898,2.07127e-06,2.42612e-06,1.87938e-06,50,100,100,412180,1 11 13 0 7 4 6 9 2 3 14 5 8 10 12 
899,2.07618e-06,2.42612e-06,1.94968e-06,50,100,100,412180,1 11 13 0 7 4 6 9 2 3 14 5 8 10 12 
900,2.07664e-06,2.42612e-06,1.92103e-06,50,100,100,412180,1 11 13 0 7 4 6 9 2 3 14 5 8 10 12 
901,2.06627e-06,2.42612e-06,1.92086e-06,50,100,100,412180,1 11 13 0 7 4 6 9 2 3 14 5 8 10 12 
902,2.06353e-06,2.42612e-06,1.9336e-06,50,100,100,412180,1 11 13 0 7 4 6 9 2 3 14 5 8 10 12 
903,2.06119e-06,2.42612e-06,1.89101e-06,50,100,100,412180,1 11 13 0 7 4 6 9 2 3 14 5 8 10 12 
904,2.06873e-06,2.42612e-06,1.91391e-06,50,100,100,412180,1 11 13 0 7 4 6 9 2 3 14 5 8 10 12 
905,2.07422e-06,2.42612e-06,1.92327e-06,50,100,100,412180,1 11 13 0 7 4 6 9 2 3 14 5 8 10 12 
906,2.05731e-06,2.42612e-06,1.92548e-06,50,100,100,412180,1 11 13 0 7 4 6 9 2 3 14 5 8 10 12 
907,2.05691e-06,2.42612e-06,1.88504e-06,50,100,100,412180,1 11 13 0 7 4 6 9 2 3 14 5 8 10 12 
908,2.08304e-06,2.42612e-06,1.92253e-06,50,100,100,412180,1 11 13 0 7 4 6 9 2 3 14 5 8 10 12 
909,2.07883e-06,2.42612e-06,1.92612e-06,50,100,100,412180,1 11 13 0 7 4 6 9 2 3 14 5 8 10 12 
910,2.06445e-06,2.42612e-06,1.89593e-06,50,100,100,412180,1 11 13 0 7 4 6 9 2 3 14 5 8 10 12 
911,2.05923e-06,2.42612e-06,1.89703e-06,50,100,100,412180,1 11 13 0 7 4 6 9 2 3 14 5 8 10 12 
912,2.06453e-06,2.42612e-06,1.90753e-06,50,100,100,412180,1 11 13 0 7 4 6 9 2 3 14 5 8 10 12 
913,2.06471e-06,2.42612e-06,1.93827e-06,50,100,100,412180,1 11 13 0 7 4 6 9 2 3 14 5 8 10 12 
914,2.06319e-06,2.42612e-06,1.9053e-06,50,100,100,412180,1 11 13 0 7 4 6 9 2 3 14 5 8 10 12 
915,2.06509e-06,2.42612e-06,1.89038e-06,50,100,100,412180,1 11 13 0 7 4 6 9 2 3 14 5 8 10 12 
916,2.07282e-06,2.42612e-06,1.95615e-06,50,100,100,412180,1 11 13 0 7 4 6 9 2 3 14 5 8 10 12 
917,2.06839e-06,2.42612e-06,1.9213e-06,50,100,100,412180,1 11 13 0 7 4 6 9 2 3 14 5 8 10 12 
918,2.07122e-06,2.42612e-06,1.921e-06,50,100,100,412180,1 11 13 0 7 4 6 9 2 3 14 5 8 10 12 
919,2.07665e-06,2.42612e-06,1.93125e-06,50,100,100,412180,1 11 13 0 7 4 6 9 2 3 14 5 8 10 12 
920,2.06115e-06,2.42612e-06,1.90724e-06,50,100,100,412180,1 11 13 0 7 4 6 9 2 3 14 5 8 10 12 
921,2.06358e-06,2.42612e-06,1.91e-06,50,100,100,412180,1 11 13 0 7 4 6 9 2 3 14 5 8 10 12 
922,2.06323e-06,2.42612e-06,1.93882e-06,50,100,100,412180,1 11 13 0 7 4 6 9 2 3 14 5 8 10 12 
923,2.06365e-06,2.42612e-06,1.89558e-06,50,100,100,412180,1 11 13 0 7 4 6 9 2 3 14 5 8 10 12 
924,2.07294e-06,2.42612e-06,1.88799e-06,50,100,100,412180,1 11 13 0 7 4 6 9 2 3 14 5 8 10 12 
925,2.05321e-06,2.42612e-06,1.88576e-06,50,100,100,412180,1 11 13 0 7 4 6 9 2 3 14 5 8 10 12 
926,2.06558e-06,2.42612e-06,1.91052e-06,50,100,100,412180,1 11 13 0 7 4 6 9 2 3 14 5 8 10 12 
927,2.06473e-06,2.42612e-06,1.88861e-06,50,100,100,412180,1 11 13 0 7 4 6 9 2 3 14 5 8 10 12 
928,2.06352e-06,2.42612e-06,1.87732e-06,50,100,100,412180,1 11 13 0 7 4 6 9 2 3 14 5 8 10 12 
929,2.06207e-06,2.42612e-06,1.94482e-06,50,100,100,412180,1 11 13 0 7 4 6 9 2 3 14 5 8 10 12 
930,2.07354e-06,2.42612e-06,1.91003e-06,50,100,100,412180,1 11 13 0 7 4 6 9 2 3 14 5 8 10 12 
931,2.06806e-06,2.42612e-06,1.92045e-06,50,100,100,412180,1 11 13 0 7 4 6 9 2 3 14 5 8 10 12 
932,2.06212e-06,2.42612e-06,1.9414e-06,50,100,100,412180,1 11 13 0 7 4 6 9 2 3 14 5 8 10 12 
933,2.06475e-06,2.42612e-06,1.92098e-06,50,100,100,412180,1 11 13 0 7 4 6 9 2 3 14 5 8 10 12 
934,2.06833e-06,2.42612e-06,1.94097e-06,50,100,100,412180,1 11 13 0 7 4 6 9 2 3 14 5 8 10 12 
935,2.07007e-06,2.42612e-06,1.90342e-06,50,100,100,412180,1 11 13 0 7 4 6 9 2 3 14 5 8 10 12 
936,2.06948e-06,2.42612e-06,1.87295e-06,50,100,100,412180,1 11 13 0 7 4 6 9 2 3 14 5 8 10 12 
937,2.06755e-06,2.42612e-06,1.91238e-06,50,100,100,412180,1 11 13 0 7 4 6 9 2 3 14 5 8 10 12 
938,2.07342e-06,2.42612e-06,1.9062e-06,50,100,100,412180,1 11 13 0 7 4 6 9 2 3 14 5 8 10 12 
939,2.06576e-06,2.42612e-06,1.93653e-06,50,100,100,412180,1 11 13 0 7 4 6 9 2 3 14 5 8 10 12 
940,2.08021e-06,2.42612e-06,1.93058e-06,50,100,100,412180,1 11 13 0 7 4 6 9 2 3 14 5 8 10 12 
941,2.06575e-06,2.42612e-06,1.87201e-06,50,100,100,412180,1 11 13 0 7 4 6 9 2 3 14 5 8 10 12 
942,2.07998e-06,2.42612e-06,1.9382e-06,50,100,100,412180,1 11 13 0 7 4 6 9 2 3 14 5 8 10 12 
943,2.06282e-06,2.42612e-06,1.89654e-06,50,100,100,412180,1 11 13 0 7 4 6 9 2 3 14 5 8 10 12 
944,2.07737e-06,2.42612e-06,1.91968e-06,50,100,100,412180,1 11 13 0 7 4 6 9 2 3 14 5 8 10 12 
945,2.07486e-06,2.42612e-06,1.91356e-06,50,100,100,412180,1 11 13 0 7 4 6 9 2 3 14 5 8 10 12 
946,2.05465e-06,2.42612e-06,1.90872e-06,50,100,100,412180,1 11 13 0 7 4 6 9 2 3 14 5 8 10 12 
947,2.05808e-06,2.42612e-06,1.92905e-06,50,100,100,412180,1 11 13 0 7 4 6 9 2 3 14 5 8 10 12 
948,2.07814e-06,2.42612e-06,1.92524e-06,50,100,100,412180,1 11 13 0 7 4 6 9 2 3 14 5 8 10 12 
949,2.07889e-06,2.42612e-06,1.90368e-06,50,100,100,412180,1 11 13 0 7 4 6 9 2 3 14 5 8 10 12 
950,2.09124e-06,2.42612e-06,1.93716e-06,50,100,100,412180,1 11 13 0 7 4 6 9 2 3 14 5 8 10 12 
951,2.07372e-06,2.42612e-06,1.92409e-06,50,100,100,412180,1 11 13 0 7 4 6 9 2 3 14 5 8 10 12 
952,2.06574e-06,2.42612e-06,1.90505e-06,50,100,100,412180,1 11 13 0 7 4 6 9 2 3 14 5 8 10 12 
953,2.058e-06,2.42612e-06,1.88137e-06,50,100,100,412180,1 11 13 0 7 4 6 9 2 3 14 5 8 10 12 
954,2.06894e-06,2.42612e-06,1.88324e-06,50,100,100,412180,1 11 13 0 7 4 6 9 2 3 14 5 8 10 12 
955,2.06524e-06,2.42612e-06,1.92102e-06,50,100,100,412180,1 11 13 0 7 4 6 9 2 3 14 5 8 10 12 
956,2.06345e-06,2.42612e-06,1.90911e-06,50,100,100,412180,1 11 13 0 7 4 6 9 2 3 14 5 8 10 12 
957,2.07134e-06,2.42612e-06,1.91131e-06,50,100,100,412180,1 11 13 0 7 4 6 9 2 3 14 5 8 10 12 
958,2.06371e-06,2.42612e-06,1.89272e-06,50,100,100,412180,1 11 13 0 7 4 6 9 2 3 14 5 8 10 12 
959,2.07223e-06,2.42612e-06,1.9194e-06,50,100,100,412180,1 11 13 0 7 4 6 9 2 3 14 5 8 10 12 
960,2.07196e-06,2.42612e-06,1.91988e-06,50,100,100,412180,1 11 13 0 7 4 6 9 2 3 14 5 8 10 12 
961,2.05945e-06,2.42612e-06,1.8938e-06,50,100,100,412180,1 11 13 0 7 4 6 9 2 3 14 5 8 10 12 
962,2.07633e-06,2.42612e-06,1.92676e-06,50,100,100,412180,1 11 13 0 7 4 6 9 2 3 14 5 8 10 12 
963,2.06819e-06,2.42612e-06,1.89807e-06,50,100,100,412180,1 11 13 0 7 4 6 9 2 3 14 5 8 10 12 
964,2.06274e-06,2.42612e-06,1.91336e-06,50,100,100,412180,1 11 13 0 7 4 6 9 2 3 14 5 8 10 12 
965,2.05867e-06,2.42612e-06,1.92007e-06,50,100,100,412180,1 11 13 0 7 4 6 9 2 3 14 5 8 10 12 
966,2.0618e-06,2.42612e-06,1.9067e-06,50,100,100,412180,1 11 13 0 7 4 6 9 2 3 14 5 8 10 12 
967,2.06296e-06,2.42612e-06,1.93297e-06,50,100,100,412180,1 11 13 0 7 4 6 9 2 3 14 5 8 10 12 
968,2.06861e-06,2.42612e-06,1.92771e-06,50,100,100,412180,1 11 13 0 7 4 6 9 2 3 14 5 8 10 12 
969,2.06062e-06,2.42612e-06,1.9187e-06,50,100,100,412180,1 11 13 0 7 4 6 9 2 3 14 5 8 10 12 
970,2.04159e-06,2.42612e-06,1.90633e-06,50,100,100,412180,1 11 13 0 7 4 6 9 2 3 14 5 8 10 12 
971,2.06758e-06,2.42612e-06,1.89967e-06,50,100,100,412180,1 11 13 0 7 4 6 9 2 3 14 5 8 10 12 
972,2.0669e-06,2.42612e-06,1.91389e-06,50,100,100,412180,1 11 13 0 7 4 6 9 2 3 14 5 8 10 12 
973,2.06918e-06,2.42612e-06,1.93258e-06,50,100,100,412180,1 11 13 0 7 4 6 9 2 3 14 5 8 10 12 
974,2.0705e-06,2.42612e-06,1.90884e-06,50,100,100,412180,1 11 13 0 7 4 6 9 2 3 14 5 8 10 12 
975,2.08745e-06,2.42612e-06,1.95592e-06,50,100,100,412180,1 11 13 0 7 4 6 9 2 3 14 5 8 10 12 
976,2.07672e-06,2.42612e-06,1.92143e-06,50,100,100,412180,1 11 13 0 7 4 6 9 2 3 14 5 8 10 12 
977,2.06772e-06,2.42612e-06,1.89159e-06,50,100,100,412180,1 11 13 0 7 4 6 9 2 3 14 5 8 10 12 
978,2.07681e-06,2.42612e-06,1.93384e-06,50,100,100,412180,1 11 13 0 7 4 6 9 2 3 14 5 8 10 12 
979,2.06553e-06,2.42612e-06,1.91164e-06,50,100,100,412180,1 11 13 0 7 4 6 9 2 3 14 5 8 10 12 
980,2.06545e-06,2.42612e-06,1.89929e-06,50,100,100,412180,1 11 13 0 7 4 6 9 2 3 14 5 8 10 12 
981,2.06754e-06,2.42612e-06,1.92876e-06,50,100,100,412180,1 11 13 0 7 4 6 9 2 3 14 5 8 10 12 
982,2.08054e-06,2.42612e-06,1.94186e-06,50,100,100,412180,1 11 13 0 7 4 6 9 2 3 14 5 8 10 12 
983,2.06414e-06,2.42612e-06,1.91862e-06,50,100,100,412180,1 11 13 0 7 4 6 9 2 3 14 5 8 10 12 
984,2.07417e-06,2.42612e-06,1.91485e-06,50,100,100,412180,1 11 13 0 7 4 6 9 2 3 14 5 8 10 12 
985,2.07642e-06,2.42612e-06,1.92232e-06,50,100,100,412180,1 11 13 0 7 4 6 9 2 3 14 5 8 10 12 
986,2.06527e-06,2.42612e-06,1.92141e-06,50,100,100,412180,1 11 13 0 7 4 6 9 2 3 14 5 8 10 12 
987,2.06374e-06,2.42612e-06,1.90445e-06,50,100,100,412180,1 11 13 0 7 4 6 9 2 3 14 5 8 10 12 
988,2.07066e-06,2.42612e-06,1.91811e-06,50,100,100,412180,1 11 13 0 7 4 6 9 2 3 14 5 8 10 12 
989,2.05198e-06,2.42612e-06,1.85095e-06,50,100,100,412180,1 11 13 0 7 4 6 9 2 3 14 5 8 10 12 
990,2.0478e-06,2.42612e-06,1.90091e-06,50,100,100,412180,1 11 13 0 7 4 6 9 2 3 14 5 8 10 12 
991,2.05672e-06,2.42612e-06,1.889e-06,50,100,100,412180,1 11 13 0 7 4 6 9 2 3 14 5 8 10 12 
992,2.06808e-06,2.42612e-06,1.90432e-06,50,100,100,412180,1 11 13 0 7 4 6 9 2 3 14 5 8 10 12 
993,2.05208e-06,2.42612e-06,1.91084e-06,50,100,100,412180,1 11 13 0 7 4 6 9 2 3 14 5 8 10 12 
994,2.0591e-06,2.42612e-06,1.9134e-06,50,100,100,412180,1 11 13 0 7 4 6 9 2 3 14 5 8 10 12 
995,2.07547e-06,2.42612e-06,1.90368e-06,50,100,100,412180,1 11 13 0 7 4 6 9 2 3 14 5 8 10 12 
996,2.0693e-06,2.42612e-06,1.88451e-06,50,100,100,412180,1 11 13 0 7 4 6 9 2 3 14 5 8 10 12 
997,2.07761e-06,2.42612e-06,1.90413e-06,50,100,100,412180,1 11 13 0 7 4 6 9 2 3 14 5 8 10 12 
998,2.0748e-06,2.42612e-06,1.92595e-06,50,100,100,412180,1 11 13 0 7 4 6 9 2 3 14 5 8 10 12 
999,2.06396e-06,2.42612e-06,1.89467e-06,50,100,100,412180,1 11 13 0 7 4 6 9 2 3 14 5 8 10 12 
