Generación,Media,Mejor,Peor,Cruzas,Mutaciones,Inversiones,Costo,Permutación
1,2.04262e-06,2.20966e-06,1.89362e-06,50,100,100,452558,12 1 5 8 11 0 3 7 2 9 6 14 4 10 13 
2,2.03977e-06,2.22697e-06,1.8949e-06,50,100,100,449040,11 13 3 5 2 10 9 4 6 12 8 0 14 7 1 
3,2.05732e-06,2.31511e-06,1.92822e-06,50,100,100,431944,1 8 14 5 0 3 10 13 9 2 11 6 7 12 4 
4,2.05931e-06,2.31511e-06,1.93348e-06,50,100,100,431944,1 8 14 5 0 3 10 13 9 2 11 6 7 12 4 
5,2.05374e-06,2.31511e-06,1.90532e-06,50,100,100,431944,1 8 14 5 0 3 10 13 9 2 11 6 7 12 4 
6,2.04396e-06,2.31511e-06,1.9125e-06,50,100,100,431944,1 8 14 5 0 3 10 13 9 2 11 6 7 12 4 
7,2.05974e-06,2.31511e-06,1.91073e-06,50,100,100,431944,1 8 14 5 0 3 10 13 9 2 11 6 7 12 4 
8,2.046e-06,2.31511e-06,1.90705e-06,50,100,100,431944,1 8 14 5 0 3 10 13 9 2 11 6 7 12 4 
9,2.05345e-06,2.32045e-06,1.88279e-06,50,100,100,430950,1 8 12 5 14 3 10 4 0 9 2 6 11 13 7 
10,2.06474e-06,2.32045e-06,1.91258e-06,50,100,100,430950,1 8 12 5 14 3 10 4 0 9 2 6 11 13 7 
11,2.06896e-06,2.32045e-06,1.95064e-06,50,100,100,430950,1 8 12 5 14 3 10 4 0 9 2 6 11 13 7 
12,2.05962e-06,2.32045e-06,1.91979e-06,50,100,100,430950,1 8 12 5 14 3 10 4 0 9 2 6 11 13 7 
13,2.06578e-06,2.32045e-06,1.91835e-06,50,100,100,430950,1 8 12 5 14 3 10 4 0 9 2 6 11 13 7 
14,2.07651e-06,2.32045e-06,1.90718e-06,50,100,100,430950,1 8 12 5 14 3 10 4 0 9 2 6 11 13 7 
15,2.07452e-06,2.32045e-06,1.89508e-06,50,100,100,430950,1 8 12 5 14 3 10 4 0 9 2 6 11 13 7 
16,2.05683e-06,2.32045e-06,1.92651e-06,50,100,100,430950,1 8 12 5 14 3 10 4 0 9 2 6 11 13 7 
17,2.0658e-06,2.32045e-06,1.91448e-06,50,100,100,430950,1 8 12 5 14 3 10 4 0 9 2 6 11 13 7 
18,2.0626e-06,2.32045e-06,1.89834e-06,50,100,100,430950,1 8 12 5 14 3 10 4 0 9 2 6 11 13 7 
19,2.05957e-06,2.32045e-06,1.88473e-06,50,100,100,430950,1 8 12 5 14 3 10 4 0 9 2 6 11 13 7 
20,2.0532e-06,2.32045e-06,1.91617e-06,50,100,100,430950,1 8 12 5 14 3 10 4 0 9 2 6 11 13 7 
21,2.05921e-06,2.32045e-06,1.93048e-06,50,100,100,430950,1 8 12 5 14 3 10 4 0 9 2 6 11 13 7 
22,2.05582e-06,2.32045e-06,1.87882e-06,50,100,100,430950,1 8 12 5 14 3 10 4 0 9 2 6 11 13 7 
23,2.06865e-06,2.32045e-06,1.89147e-06,50,100,100,430950,1 8 12 5 14 3 10 4 0 9 2 6 11 13 7 
24,2.06354e-06,2.32045e-06,1.93613e-06,50,100,100,430950,1 8 12 5 14 3 10 4 0 9 2 6 11 13 7 
25,2.07125e-06,2.32045e-06,1.91644e-06,50,100,100,430950,1 8 12 5 14 3 10 4 0 9 2 6 11 13 7 
26,2.06211e-06,2.32045e-06,1.93683e-06,50,100,100,430950,1 8 12 5 14 3 10 4 0 9 2 6 11 13 7 
27,2.05866e-06,2.32045e-06,1.91991e-06,50,100,100,430950,1 8 12 5 14 3 10 4 0 9 2 6 11 13 7 
28,2.05551e-06,2.32045e-06,1.93151e-06,50,100,100,430950,1 8 12 5 14 3 10 4 0 9 2 6 11 13 7 
29,2.04683e-06,2.32045e-06,1.91574e-06,50,100,100,430950,1 8 12 5 14 3 10 4 0 9 2 6 11 13 7 
30,2.04316e-06,2.32045e-06,1.83082e-06,50,100,100,430950,1 8 12 5 14 3 10 4 0 9 2 6 11 13 7 
31,2.05715e-06,2.32045e-06,1.86378e-06,50,100,100,430950,1 8 12 5 14 3 10 4 0 9 2 6 11 13 7 
32,2.07876e-06,2.32829e-06,1.91442e-06,50,100,100,429498,10 5 13 0 7 11 3 4 14 2 12 8 6 1 9 
33,2.07322e-06,2.32829e-06,1.92907e-06,50,100,100,429498,10 5 13 0 7 11 3 4 14 2 12 8 6 1 9 
34,2.06485e-06,2.32829e-06,1.90092e-06,50,100,100,429498,10 5 13 0 7 11 3 4 14 2 12 8 6 1 9 
35,2.06916e-06,2.32829e-06,1.90661e-06,50,100,100,429498,10 5 13 0 7 11 3 4 14 2 12 8 6 1 9 
36,2.06896e-06,2.32829e-06,1.89775e-06,50,100,100,429498,10 5 13 0 7 11 3 4 14 2 12 8 6 1 9 
37,2.05923e-06,2.32829e-06,1.9276e-06,50,100,100,429498,10 5 13 0 7 11 3 4 14 2 12 8 6 1 9 
38,2.05654e-06,2.32829e-06,1.87017e-06,50,100,100,429498,10 5 13 0 7 11 3 4 14 2 12 8 6 1 9 
39,2.0601e-06,2.32829e-06,1.90734e-06,50,100,100,429498,10 5 13 0 7 11 3 4 14 2 12 8 6 1 9 
40,2.06988e-06,2.32829e-06,1.91565e-06,50,100,100,429498,10 5 13 0 7 11 3 4 14 2 12 8 6 1 9 
41,2.05576e-06,2.32829e-06,1.88258e-06,50,100,100,429498,10 5 13 0 7 11 3 4 14 2 12 8 6 1 9 
42,2.06473e-06,2.32829e-06,1.90569e-06,50,100,100,429498,10 5 13 0 7 11 3 4 14 2 12 8 6 1 9 
43,2.05987e-06,2.32829e-06,1.88163e-06,50,100,100,429498,10 5 13 0 7 11 3 4 14 2 12 8 6 1 9 
44,2.06751e-06,2.32829e-06,1.90628e-06,50,100,100,429498,10 5 13 0 7 11 3 4 14 2 12 8 6 1 9 
45,2.0723e-06,2.32829e-06,1.91376e-06,50,100,100,429498,10 5 13 0 7 11 3 4 14 2 12 8 6 1 9 
46,2.0499e-06,2.32829e-06,1.911e-06,50,100,100,429498,10 5 13 0 7 11 3 4 14 2 12 8 6 1 9 
47,2.05076e-06,2.32829e-06,1.8796e-06,50,100,100,429498,10 5 13 0 7 11 3 4 14 2 12 8 6 1 9 
48,2.05283e-06,2.32829e-06,1.90411e-06,50,100,100,429498,10 5 13 0 7 11 3 4 14 2 12 8 6 1 9 
49,2.05315e-06,2.32829e-06,1.90218e-06,50,100,100,429498,10 5 13 0 7 11 3 4 14 2 12 8 6 1 9 
50,2.07551e-06,2.32829e-06,1.91422e-06,50,100,100,429498,10 5 13 0 7 11 3 4 14 2 12 8 6 1 9 
51,2.0633e-06,2.32829e-06,1.90286e-06,50,100,100,429498,10 5 13 0 7 11 3 4 14 2 12 8 6 1 9 
52,2.06626e-06,2.32829e-06,1.92217e-06,50,100,100,429498,10 5 13 0 7 11 3 4 14 2 12 8 6 1 9 
53,2.0596e-06,2.32829e-06,1.91879e-06,50,100,100,429498,10 5 13 0 7 11 3 4 14 2 12 8 6 1 9 
54,2.05164e-06,2.32829e-06,1.93595e-06,50,100,100,429498,10 5 13 0 7 11 3 4 14 2 12 8 6 1 9 
55,2.05221e-06,2.32829e-06,1.88542e-06,50,100,100,429498,10 5 13 0 7 11 3 4 14 2 12 8 6 1 9 
56,2.05293e-06,2.32829e-06,1.90041e-06,50,100,100,429498,10 5 13 0 7 11 3 4 14 2 12 8 6 1 9 
57,2.06243e-06,2.32829e-06,1.91169e-06,50,100,100,429498,10 5 13 0 7 11 3 4 14 2 12 8 6 1 9 
58,2.067e-06,2.32829e-06,1.93827e-06,50,100,100,429498,10 5 13 0 7 11 3 4 14 2 12 8 6 1 9 
59,2.07084e-06,2.32829e-06,1.89969e-06,50,100,100,429498,10 5 13 0 7 11 3 4 14 2 12 8 6 1 9 
60,2.04251e-06,2.32829e-06,1.88542e-06,50,100,100,429498,10 5 13 0 7 11 3 4 14 2 12 8 6 1 9 
61,2.04658e-06,2.32829e-06,1.92108e-06,50,100,100,429498,10 5 13 0 7 11 3 4 14 2 12 8 6 1 9 
62,2.06047e-06,2.32829e-06,1.9137e-06,50,100,100,429498,10 5 13 0 7 11 3 4 14 2 12 8 6 1 9 
63,2.07039e-06,2.32829e-06,1.91252e-06,50,100,100,429498,10 5 13 0 7 11 3 4 14 2 12 8 6 1 9 
64,2.06148e-06,2.32829e-06,1.93458e-06,50,100,100,429498,10 5 13 0 7 11 3 4 14 2 12 8 6 1 9 
65,2.05219e-06,2.32829e-06,1.93841e-06,50,100,100,429498,10 5 13 0 7 11 3 4 14 2 12 8 6 1 9 
66,2.05714e-06,2.32829e-06,1.9053e-06,50,100,100,429498,10 5 13 0 7 11 3 4 14 2 12 8 6 1 9 
67,2.06599e-06,2.32829e-06,1.90271e-06,50,100,100,429498,10 5 13 0 7 11 3 4 14 2 12 8 6 1 9 
68,2.06797e-06,2.32829e-06,1.88091e-06,50,100,100,429498,10 5 13 0 7 11 3 4 14 2 12 8 6 1 9 
69,2.07203e-06,2.32829e-06,1.91911e-06,50,100,100,429498,10 5 13 0 7 11 3 4 14 2 12 8 6 1 9 
70,2.06221e-06,2.32829e-06,1.91036e-06,50,100,100,429498,10 5 13 0 7 11 3 4 14 2 12 8 6 1 9 
71,2.06875e-06,2.32829e-06,1.91656e-06,50,100,100,429498,10 5 13 0 7 11 3 4 14 2 12 8 6 1 9 
72,2.0517e-06,2.32885e-06,1.93114e-06,50,100,100,429396,10 14 13 0 7 11 3 4 5 2 12 1 6 8 9 
73,2.04894e-06,2.32885e-06,1.89097e-06,50,100,100,429396,10 14 13 0 7 11 3 4 5 2 12 1 6 8 9 
74,2.06117e-06,2.32885e-06,1.87109e-06,50,100,100,429396,10 14 13 0 7 11 3 4 5 2 12 1 6 8 9 
75,2.06015e-06,2.32885e-06,1.89752e-06,50,100,100,429396,10 14 13 0 7 11 3 4 5 2 12 1 6 8 9 
76,2.06734e-06,2.32885e-06,1.91322e-06,50,100,100,429396,10 14 13 0 7 11 3 4 5 2 12 1 6 8 9 
77,2.05989e-06,2.33654e-06,1.90126e-06,50,100,100,427982,10 7 13 3 12 0 4 2 5 1 14 6 9 8 11 
78,2.06249e-06,2.33654e-06,1.92725e-06,50,100,100,427982,10 7 13 3 12 0 4 2 5 1 14 6 9 8 11 
79,2.05703e-06,2.33654e-06,1.93562e-06,50,100,100,427982,10 7 13 3 12 0 4 2 5 1 14 6 9 8 11 
80,2.06341e-06,2.33654e-06,1.9025e-06,50,100,100,427982,10 7 13 3 12 0 4 2 5 1 14 6 9 8 11 
81,2.07054e-06,2.33654e-06,1.92142e-06,50,100,100,427982,10 7 13 3 12 0 4 2 5 1 14 6 9 8 11 
82,2.05937e-06,2.33654e-06,1.91934e-06,50,100,100,427982,10 7 13 3 12 0 4 2 5 1 14 6 9 8 11 
83,2.04637e-06,2.33654e-06,1.88608e-06,50,100,100,427982,10 7 13 3 12 0 4 2 5 1 14 6 9 8 11 
84,2.05887e-06,2.33654e-06,1.89249e-06,50,100,100,427982,10 7 13 3 12 0 4 2 5 1 14 6 9 8 11 
85,2.05399e-06,2.33654e-06,1.88542e-06,50,100,100,427982,10 7 13 3 12 0 4 2 5 1 14 6 9 8 11 
86,2.05526e-06,2.33654e-06,1.91609e-06,50,100,100,427982,10 7 13 3 12 0 4 2 5 1 14 6 9 8 11 
87,2.05515e-06,2.33654e-06,1.91706e-06,50,100,100,427982,10 7 13 3 12 0 4 2 5 1 14 6 9 8 11 
88,2.05984e-06,2.33654e-06,1.91218e-06,50,100,100,427982,10 7 13 3 12 0 4 2 5 1 14 6 9 8 11 
89,2.07744e-06,2.33654e-06,1.93709e-06,50,100,100,427982,10 7 13 3 12 0 4 2 5 1 14 6 9 8 11 
90,2.04997e-06,2.33654e-06,1.88747e-06,50,100,100,427982,10 7 13 3 12 0 4 2 5 1 14 6 9 8 11 
91,2.05763e-06,2.33654e-06,1.92565e-06,50,100,100,427982,10 7 13 3 12 0 4 2 5 1 14 6 9 8 11 
92,2.07197e-06,2.33654e-06,1.91937e-06,50,100,100,427982,10 7 13 3 12 0 4 2 5 1 14 6 9 8 11 
93,2.06118e-06,2.33654e-06,1.87875e-06,50,100,100,427982,10 7 13 3 12 0 4 2 5 1 14 6 9 8 11 
94,2.06597e-06,2.33654e-06,1.91481e-06,50,100,100,427982,10 7 13 3 12 0 4 2 5 1 14 6 9 8 11 
95,2.06988e-06,2.33654e-06,1.91634e-06,50,100,100,427982,10 7 13 3 12 0 4 2 5 1 14 6 9 8 11 
96,2.07165e-06,2.33654e-06,1.89657e-06,50,100,100,427982,10 7 13 3 12 0 4 2 5 1 14 6 9 8 11 
97,2.04252e-06,2.33654e-06,1.87789e-06,50,100,100,427982,10 7 13 3 12 0 4 2 5 1 14 6 9 8 11 
98,2.06332e-06,2.33654e-06,1.90614e-06,50,100,100,427982,10 7 13 3 12 0 4 2 5 1 14 6 9 8 11 
99,2.04764e-06,2.33654e-06,1.88946e-06,50,100,100,427982,10 7 13 3 12 0 4 2 5 1 14 6 9 8 11 
100,2.04546e-06,2.33654e-06,1.91034e-06,50,100,100,427982,10 7 13 3 12 0 4 2 5 1 14 6 9 8 11 
101,2.05321e-06,2.33654e-06,1.92566e-06,50,100,100,427982,10 7 13 3 12 0 4 2 5 1 14 6 9 8 11 
102,2.07144e-06,2.33654e-06,1.88941e-06,50,100,100,427982,10 7 13 3 12 0 4 2 5 1 14 6 9 8 11 
103,2.06005e-06,2.33654e-06,1.90809e-06,50,100,100,427982,10 7 13 3 12 0 4 2 5 1 14 6 9 8 11 
104,2.05446e-06,2.33654e-06,1.91811e-06,50,100,100,427982,10 7 13 3 12 0 4 2 5 1 14 6 9 8 11 
105,2.04994e-06,2.33654e-06,1.92221e-06,50,100,100,427982,10 7 13 3 12 0 4 2 5 1 14 6 9 8 11 
106,2.03968e-06,2.33654e-06,1.91892e-06,50,100,100,427982,10 7 13 3 12 0 4 2 5 1 14 6 9 8 11 
107,2.04825e-06,2.33654e-06,1.87006e-06,50,100,100,427982,10 7 13 3 12 0 4 2 5 1 14 6 9 8 11 
108,2.05414e-06,2.33654e-06,1.91275e-06,50,100,100,427982,10 7 13 3 12 0 4 2 5 1 14 6 9 8 11 
109,2.05346e-06,2.33654e-06,1.92398e-06,50,100,100,427982,10 7 13 3 12 0 4 2 5 1 14 6 9 8 11 
110,2.05396e-06,2.33654e-06,1.88867e-06,50,100,100,427982,10 7 13 3 12 0 4 2 5 1 14 6 9 8 11 
111,2.05655e-06,2.33654e-06,1.85866e-06,50,100,100,427982,10 7 13 3 12 0 4 2 5 1 14 6 9 8 11 
112,2.0689e-06,2.33654e-06,1.90357e-06,50,100,100,427982,10 7 13 3 12 0 4 2 5 1 14 6 9 8 11 
113,2.05584e-06,2.33654e-06,1.87914e-06,50,100,100,427982,10 7 13 3 12 0 4 2 5 1 14 6 9 8 11 
114,2.05573e-06,2.33654e-06,1.9037e-06,50,100,100,427982,10 7 13 3 12 0 4 2 5 1 14 6 9 8 11 
115,2.04663e-06,2.33654e-06,1.90645e-06,50,100,100,427982,10 7 13 3 12 0 4 2 5 1 14 6 9 8 11 
116,2.05628e-06,2.33654e-06,1.89376e-06,50,100,100,427982,10 7 13 3 12 0 4 2 5 1 14 6 9 8 11 
117,2.06869e-06,2.33654e-06,1.93938e-06,50,100,100,427982,10 7 13 3 12 0 4 2 5 1 14 6 9 8 11 
118,2.06327e-06,2.33654e-06,1.90122e-06,50,100,100,427982,10 7 13 3 12 0 4 2 5 1 14 6 9 8 11 
119,2.06981e-06,2.33654e-06,1.91065e-06,50,100,100,427982,10 7 13 3 12 0 4 2 5 1 14 6 9 8 11 
120,2.06939e-06,2.33654e-06,1.9215e-06,50,100,100,427982,10 7 13 3 12 0 4 2 5 1 14 6 9 8 11 
121,2.05323e-06,2.33654e-06,1.91586e-06,50,100,100,427982,10 7 13 3 12 0 4 2 5 1 14 6 9 8 11 
122,2.06529e-06,2.33654e-06,1.93237e-06,50,100,100,427982,10 7 13 3 12 0 4 2 5 1 14 6 9 8 11 
123,2.06407e-06,2.33654e-06,1.90397e-06,50,100,100,427982,10 7 13 3 12 0 4 2 5 1 14 6 9 8 11 
124,2.06672e-06,2.33654e-06,1.92626e-06,50,100,100,427982,10 7 13 3 12 0 4 2 5 1 14 6 9 8 11 
125,2.0579e-06,2.33654e-06,1.87842e-06,50,100,100,427982,10 7 13 3 12 0 4 2 5 1 14 6 9 8 11 
126,2.07097e-06,2.33654e-06,1.90174e-06,50,100,100,427982,10 7 13 3 12 0 4 2 5 1 14 6 9 8 11 
127,2.06923e-06,2.33654e-06,1.94871e-06,50,100,100,427982,10 7 13 3 12 0 4 2 5 1 14 6 9 8 11 
128,2.05846e-06,2.33654e-06,1.91738e-06,50,100,100,427982,10 7 13 3 12 0 4 2 5 1 14 6 9 8 11 
129,2.0573e-06,2.33654e-06,1.91927e-06,50,100,100,427982,10 7 13 3 12 0 4 2 5 1 14 6 9 8 11 
130,2.06239e-06,2.34337e-06,1.90506e-06,50,100,100,426734,3 10 7 9 12 0 4 2 5 1 8 13 6 14 11 
131,2.06116e-06,2.34337e-06,1.91993e-06,50,100,100,426734,3 10 7 9 12 0 4 2 5 1 8 13 6 14 11 
132,2.06578e-06,2.34337e-06,1.89776e-06,50,100,100,426734,3 10 7 9 12 0 4 2 5 1 8 13 6 14 11 
133,2.06831e-06,2.34337e-06,1.88743e-06,50,100,100,426734,3 10 7 9 12 0 4 2 5 1 8 13 6 14 11 
134,2.05967e-06,2.34337e-06,1.90413e-06,50,100,100,426734,3 10 7 9 12 0 4 2 5 1 8 13 6 14 11 
135,2.05645e-06,2.34337e-06,1.93112e-06,50,100,100,426734,3 10 7 9 12 0 4 2 5 1 8 13 6 14 11 
136,2.062e-06,2.34337e-06,1.9426e-06,50,100,100,426734,3 10 7 9 12 0 4 2 5 1 8 13 6 14 11 
137,2.05528e-06,2.34337e-06,1.92045e-06,50,100,100,426734,3 10 7 9 12 0 4 2 5 1 8 13 6 14 11 
138,2.06794e-06,2.34337e-06,1.91318e-06,50,100,100,426734,3 10 7 9 12 0 4 2 5 1 8 13 6 14 11 
139,2.06242e-06,2.34337e-06,1.91912e-06,50,100,100,426734,3 10 7 9 12 0 4 2 5 1 8 13 6 14 11 
140,2.06815e-06,2.34337e-06,1.91582e-06,50,100,100,426734,3 10 7 9 12 0 4 2 5 1 8 13 6 14 11 
141,2.06025e-06,2.34337e-06,1.92572e-06,50,100,100,426734,3 10 7 9 12 0 4 2 5 1 8 13 6 14 11 
142,2.07294e-06,2.34337e-06,1.93116e-06,50,100,100,426734,3 10 7 9 12 0 4 2 5 1 8 13 6 14 11 
143,2.04738e-06,2.34337e-06,1.92455e-06,50,100,100,426734,3 10 7 9 12 0 4 2 5 1 8 13 6 14 11 
144,2.05364e-06,2.34337e-06,1.93912e-06,50,100,100,426734,3 10 7 9 12 0 4 2 5 1 8 13 6 14 11 
145,2.06519e-06,2.34337e-06,1.91859e-06,50,100,100,426734,3 10 7 9 12 0 4 2 5 1 8 13 6 14 11 
146,2.06866e-06,2.34337e-06,1.9026e-06,50,100,100,426734,3 10 7 9 12 0 4 2 5 1 8 13 6 14 11 
147,2.05838e-06,2.34337e-06,1.91881e-06,50,100,100,426734,3 10 7 9 12 0 4 2 5 1 8 13 6 14 11 
148,2.06102e-06,2.34337e-06,1.92633e-06,50,100,100,426734,3 10 7 9 12 0 4 2 5 1 8 13 6 14 11 
149,2.07292e-06,2.34337e-06,1.92452e-06,50,100,100,426734,3 10 7 9 12 0 4 2 5 1 8 13 6 14 11 
150,2.06907e-06,2.34906e-06,1.9288e-06,50,100,100,425702,1 12 13 4 10 6 14 2 9 8 5 3 7 0 11 
151,2.05952e-06,2.34906e-06,1.87233e-06,50,100,100,425702,1 12 13 4 10 6 14 2 9 8 5 3 7 0 11 
152,2.04818e-06,2.34906e-06,1.85398e-06,50,100,100,425702,1 12 13 4 10 6 14 2 9 8 5 3 7 0 11 
153,2.05041e-06,2.34906e-06,1.91584e-06,50,100,100,425702,1 12 13 4 10 6 14 2 9 8 5 3 7 0 11 
154,2.06588e-06,2.34906e-06,1.9259e-06,50,100,100,425702,1 12 13 4 10 6 14 2 9 8 5 3 7 0 11 
155,2.05413e-06,2.34906e-06,1.91326e-06,50,100,100,425702,1 12 13 4 10 6 14 2 9 8 5 3 7 0 11 
156,2.04504e-06,2.34906e-06,1.89333e-06,50,100,100,425702,1 12 13 4 10 6 14 2 9 8 5 3 7 0 11 
157,2.05118e-06,2.34906e-06,1.90607e-06,50,100,100,425702,1 12 13 4 10 6 14 2 9 8 5 3 7 0 11 
158,2.06445e-06,2.34906e-06,1.93171e-06,50,100,100,425702,1 12 13 4 10 6 14 2 9 8 5 3 7 0 11 
159,2.0781e-06,2.35478e-06,1.92876e-06,50,100,100,424668,1 0 4 13 10 6 14 2 9 8 5 3 7 12 11 
160,2.07539e-06,2.35478e-06,1.93218e-06,50,100,100,424668,1 0 4 13 10 6 14 2 9 8 5 3 7 12 11 
161,2.06908e-06,2.35478e-06,1.91993e-06,50,100,100,424668,1 0 4 13 10 6 14 2 9 8 5 3 7 12 11 
162,2.05469e-06,2.35478e-06,1.88302e-06,50,100,100,424668,1 0 4 13 10 6 14 2 9 8 5 3 7 12 11 
163,2.06011e-06,2.35478e-06,1.89617e-06,50,100,100,424668,1 0 4 13 10 6 14 2 9 8 5 3 7 12 11 
164,2.06217e-06,2.35478e-06,1.92424e-06,50,100,100,424668,1 0 4 13 10 6 14 2 9 8 5 3 7 12 11 
165,2.07193e-06,2.35478e-06,1.90372e-06,50,100,100,424668,1 0 4 13 10 6 14 2 9 8 5 3 7 12 11 
166,2.07385e-06,2.35478e-06,1.88497e-06,50,100,100,424668,1 0 4 13 10 6 14 2 9 8 5 3 7 12 11 
167,2.05957e-06,2.35478e-06,1.91574e-06,50,100,100,424668,1 0 4 13 10 6 14 2 9 8 5 3 7 12 11 
168,2.06384e-06,2.35478e-06,1.92561e-06,50,100,100,424668,1 0 4 13 10 6 14 2 9 8 5 3 7 12 11 
169,2.07251e-06,2.35478e-06,1.90782e-06,50,100,100,424668,1 0 4 13 10 6 14 2 9 8 5 3 7 12 11 
170,2.05562e-06,2.35478e-06,1.89032e-06,50,100,100,424668,1 0 4 13 10 6 14 2 9 8 5 3 7 12 11 
171,2.05896e-06,2.35478e-06,1.9041e-06,50,100,100,424668,1 0 4 13 10 6 14 2 9 8 5 3 7 12 11 
172,2.07347e-06,2.35478e-06,1.91739e-06,50,100,100,424668,1 0 4 13 10 6 14 2 9 8 5 3 7 12 11 
173,2.05678e-06,2.35478e-06,1.89528e-06,50,100,100,424668,1 0 4 13 10 6 14 2 9 8 5 3 7 12 11 
174,2.05671e-06,2.35478e-06,1.92614e-06,50,100,100,424668,1 0 4 13 10 6 14 2 9 8 5 3 7 12 11 
175,2.06735e-06,2.35478e-06,1.89461e-06,50,100,100,424668,1 0 4 13 10 6 14 2 9 8 5 3 7 12 11 
176,2.06285e-06,2.35478e-06,1.89959e-06,50,100,100,424668,1 0 4 13 10 6 14 2 9 8 5 3 7 12 11 
177,2.07627e-06,2.35478e-06,1.90433e-06,50,100,100,424668,1 0 4 13 10 6 14 2 9 8 5 3 7 12 11 
178,2.07425e-06,2.35478e-06,1.94947e-06,50,100,100,424668,1 0 4 13 10 6 14 2 9 8 5 3 7 12 11 
179,2.0757e-06,2.35478e-06,1.91634e-06,50,100,100,424668,1 0 4 13 10 6 14 2 9 8 5 3 7 12 11 
180,2.06464e-06,2.35478e-06,1.91335e-06,50,100,100,424668,1 0 4 13 10 6 14 2 9 8 5 3 7 12 11 
181,2.07101e-06,2.35478e-06,1.9165e-06,50,100,100,424668,1 0 4 13 10 6 14 2 9 8 5 3 7 12 11 
182,2.0797e-06,2.35478e-06,1.91241e-06,50,100,100,424668,1 0 4 13 10 6 14 2 9 8 5 3 7 12 11 
183,2.06499e-06,2.35478e-06,1.93276e-06,50,100,100,424668,1 0 4 13 10 6 14 2 9 8 5 3 7 12 11 
184,2.06293e-06,2.35478e-06,1.93236e-06,50,100,100,424668,1 0 4 13 10 6 14 2 9 8 5 3 7 12 11 
185,2.06501e-06,2.35478e-06,1.92239e-06,50,100,100,424668,1 0 4 13 10 6 14 2 9 8 5 3 7 12 11 
186,2.07082e-06,2.35478e-06,1.91638e-06,50,100,100,424668,1 0 4 13 10 6 14 2 9 8 5 3 7 12 11 
187,2.06399e-06,2.35478e-06,1.89353e-06,50,100,100,424668,1 0 4 13 10 6 14 2 9 8 5 3 7 12 11 
188,2.07793e-06,2.35478e-06,1.88815e-06,50,100,100,424668,1 0 4 13 10 6 14 2 9 8 5 3 7 12 11 
189,2.08313e-06,2.35478e-06,1.92663e-06,50,100,100,424668,1 0 4 13 10 6 14 2 9 8 5 3 7 12 11 
190,2.08206e-06,2.35478e-06,1.89114e-06,50,100,100,424668,1 0 4 13 10 6 14 2 9 8 5 3 7 12 11 
191,2.06542e-06,2.35478e-06,1.93276e-06,50,100,100,424668,1 0 4 13 10 6 14 2 9 8 5 3 7 12 11 
192,2.06509e-06,2.35478e-06,1.90647e-06,50,100,100,424668,1 0 4 13 10 6 14 2 9 8 5 3 7 12 11 
193,2.08604e-06,2.35478e-06,1.92409e-06,50,100,100,424668,1 0 4 13 10 6 14 2 9 8 5 3 7 12 11 
194,2.08605e-06,2.35478e-06,1.92722e-06,50,100,100,424668,1 0 4 13 10 6 14 2 9 8 5 3 7 12 11 
195,2.07539e-06,2.35478e-06,1.93077e-06,50,100,100,424668,1 0 4 13 10 6 14 2 9 8 5 3 7 12 11 
196,2.07773e-06,2.35478e-06,1.9222e-06,50,100,100,424668,1 0 4 13 10 6 14 2 9 8 5 3 7 12 11 
197,2.0791e-06,2.35478e-06,1.92886e-06,50,100,100,424668,1 0 4 13 10 6 14 2 9 8 5 3 7 12 11 
198,2.0818e-06,2.35478e-06,1.94968e-06,50,100,100,424668,1 0 4 13 10 6 14 2 9 8 5 3 7 12 11 
199,2.07841e-06,2.35478e-06,1.92535e-06,50,100,100,424668,1 0 4 13 10 6 14 2 9 8 5 3 7 12 11 
200,2.06689e-06,2.35478e-06,1.9301e-06,50,100,100,424668,1 0 4 13 10 6 14 2 9 8 5 3 7 12 11 
201,2.06114e-06,2.35478e-06,1.8903e-06,50,100,100,424668,1 0 4 13 10 6 14 2 9 8 5 3 7 12 11 
202,2.0645e-06,2.35478e-06,1.9143e-06,50,100,100,424668,1 0 4 13 10 6 14 2 9 8 5 3 7 12 11 
203,2.06965e-06,2.35478e-06,1.94975e-06,50,100,100,424668,1 0 4 13 10 6 14 2 9 8 5 3 7 12 11 
204,2.06228e-06,2.35478e-06,1.92722e-06,50,100,100,424668,1 0 4 13 10 6 14 2 9 8 5 3 7 12 11 
205,2.05769e-06,2.35478e-06,1.93695e-06,50,100,100,424668,1 0 4 13 10 6 14 2 9 8 5 3 7 12 11 
206,2.06104e-06,2.35478e-06,1.9207e-06,50,100,100,424668,1 0 4 13 10 6 14 2 9 8 5 3 7 12 11 
207,2.07279e-06,2.35478e-06,1.82794e-06,50,100,100,424668,1 0 4 13 10 6 14 2 9 8 5 3 7 12 11 
208,2.07052e-06,2.35478e-06,1.89633e-06,50,100,100,424668,1 0 4 13 10 6 14 2 9 8 5 3 7 12 11 
209,2.06146e-06,2.35478e-06,1.90519e-06,50,100,100,424668,1 0 4 13 10 6 14 2 9 8 5 3 7 12 11 
210,2.0821e-06,2.35478e-06,1.95224e-06,50,100,100,424668,1 0 4 13 10 6 14 2 9 8 5 3 7 12 11 
211,2.06109e-06,2.35478e-06,1.89294e-06,50,100,100,424668,1 0 4 13 10 6 14 2 9 8 5 3 7 12 11 
212,2.06575e-06,2.35478e-06,1.89925e-06,50,100,100,424668,1 0 4 13 10 6 14 2 9 8 5 3 7 12 11 
213,2.08003e-06,2.35478e-06,1.94184e-06,50,100,100,424668,1 0 4 13 10 6 14 2 9 8 5 3 7 12 11 
214,2.07589e-06,2.35478e-06,1.91304e-06,50,100,100,424668,1 0 4 13 10 6 14 2 9 8 5 3 7 12 11 
215,2.0702e-06,2.35478e-06,1.8716e-06,50,100,100,424668,1 0 4 13 10 6 14 2 9 8 5 3 7 12 11 
216,2.06749e-06,2.35478e-06,1.91128e-06,50,100,100,424668,1 0 4 13 10 6 14 2 9 8 5 3 7 12 11 
217,2.08271e-06,2.35478e-06,1.95073e-06,50,100,100,424668,1 0 4 13 10 6 14 2 9 8 5 3 7 12 11 
218,2.08296e-06,2.36892e-06,1.92529e-06,50,100,100,422132,1 0 4 13 10 6 14 8 9 2 5 3 7 12 11 
219,2.07909e-06,2.36892e-06,1.93358e-06,50,100,100,422132,1 0 4 13 10 6 14 8 9 2 5 3 7 12 11 
220,2.07549e-06,2.36892e-06,1.92278e-06,50,100,100,422132,1 0 4 13 10 6 14 8 9 2 5 3 7 12 11 
221,2.0797e-06,2.36892e-06,1.93093e-06,50,100,100,422132,1 0 4 13 10 6 14 8 9 2 5 3 7 12 11 
222,2.07881e-06,2.36892e-06,1.93903e-06,50,100,100,422132,1 0 4 13 10 6 14 8 9 2 5 3 7 12 11 
223,2.07003e-06,2.36892e-06,1.92969e-06,50,100,100,422132,1 0 4 13 10 6 14 8 9 2 5 3 7 12 11 
224,2.06942e-06,2.36892e-06,1.94093e-06,50,100,100,422132,1 0 4 13 10 6 14 8 9 2 5 3 7 12 11 
225,2.07925e-06,2.36892e-06,1.8862e-06,50,100,100,422132,1 0 4 13 10 6 14 8 9 2 5 3 7 12 11 
226,2.07581e-06,2.36892e-06,1.93224e-06,50,100,100,422132,1 0 4 13 10 6 14 8 9 2 5 3 7 12 11 
227,2.07708e-06,2.36892e-06,1.9451e-06,50,100,100,422132,1 0 4 13 10 6 14 8 9 2 5 3 7 12 11 
228,2.08071e-06,2.36892e-06,1.91949e-06,50,100,100,422132,1 0 4 13 10 6 14 8 9 2 5 3 7 12 11 
229,2.0695e-06,2.36892e-06,1.91834e-06,50,100,100,422132,1 0 4 13 10 6 14 8 9 2 5 3 7 12 11 
230,2.06182e-06,2.36892e-06,1.91392e-06,50,100,100,422132,1 0 4 13 10 6 14 8 9 2 5 3 7 12 11 
231,2.0749e-06,2.36892e-06,1.92838e-06,50,100,100,422132,1 0 4 13 10 6 14 8 9 2 5 3 7 12 11 
232,2.06485e-06,2.36892e-06,1.94969e-06,50,100,100,422132,1 0 4 13 10 6 14 8 9 2 5 3 7 12 11 
233,2.06876e-06,2.36892e-06,1.8836e-06,50,100,100,422132,1 0 4 13 10 6 14 8 9 2 5 3 7 12 11 
234,2.05893e-06,2.36892e-06,1.91356e-06,50,100,100,422132,1 0 4 13 10 6 14 8 9 2 5 3 7 12 11 
235,2.06603e-06,2.36892e-06,1.92857e-06,50,100,100,422132,1 0 4 13 10 6 14 8 9 2 5 3 7 12 11 
236,2.06761e-06,2.36892e-06,1.90085e-06,50,100,100,422132,1 0 4 13 10 6 14 8 9 2 5 3 7 12 11 
237,2.0508e-06,2.36892e-06,1.89182e-06,50,100,100,422132,1 0 4 13 10 6 14 8 9 2 5 3 7 12 11 
238,2.05743e-06,2.36892e-06,1.90437e-06,50,100,100,422132,1 0 4 13 10 6 14 8 9 2 5 3 7 12 11 
239,2.06042e-06,2.36892e-06,1.91878e-06,50,100,100,422132,1 0 4 13 10 6 14 8 9 2 5 3 7 12 11 
240,2.05963e-06,2.36892e-06,1.9109e-06,50,100,100,422132,1 0 4 13 10 6 14 8 9 2 5 3 7 12 11 
241,2.06566e-06,2.36892e-06,1.91712e-06,50,100,100,422132,1 0 4 13 10 6 14 8 9 2 5 3 7 12 11 
242,2.07471e-06,2.36892e-06,1.8898e-06,50,100,100,422132,1 0 4 13 10 6 14 8 9 2 5 3 7 12 11 
243,2.06493e-06,2.36892e-06,1.91441e-06,50,100,100,422132,1 0 4 13 10 6 14 8 9 2 5 3 7 12 11 
244,2.07458e-06,2.36892e-06,1.90692e-06,50,100,100,422132,1 0 4 13 10 6 14 8 9 2 5 3 7 12 11 
245,2.0701e-06,2.36892e-06,1.92375e-06,50,100,100,422132,1 0 4 13 10 6 14 8 9 2 5 3 7 12 11 
246,2.07112e-06,2.36892e-06,1.93505e-06,50,100,100,422132,1 0 4 13 10 6 14 8 9 2 5 3 7 12 11 
247,2.07471e-06,2.36892e-06,1.92722e-06,50,100,100,422132,1 0 4 13 10 6 14 8 9 2 5 3 7 12 11 
248,2.06633e-06,2.36892e-06,1.89935e-06,50,100,100,422132,1 0 4 13 10 6 14 8 9 2 5 3 7 12 11 
249,2.06466e-06,2.36892e-06,1.94522e-06,50,100,100,422132,1 0 4 13 10 6 14 8 9 2 5 3 7 12 11 
250,2.07306e-06,2.36892e-06,1.92804e-06,50,100,100,422132,1 0 4 13 10 6 14 8 9 2 5 3 7 12 11 
251,2.07596e-06,2.36892e-06,1.92856e-06,50,100,100,422132,1 0 4 13 10 6 14 8 9 2 5 3 7 12 11 
252,2.067e-06,2.36892e-06,1.93913e-06,50,100,100,422132,1 0 4 13 10 6 14 8 9 2 5 3 7 12 11 
253,2.07783e-06,2.36892e-06,1.93088e-06,50,100,100,422132,1 0 4 13 10 6 14 8 9 2 5 3 7 12 11 
254,2.06576e-06,2.36892e-06,1.90161e-06,50,100,100,422132,1 0 4 13 10 6 14 8 9 2 5 3 7 12 11 
255,2.05892e-06,2.36892e-06,1.89448e-06,50,100,100,422132,1 0 4 13 10 6 14 8 9 2 5 3 7 12 11 
256,2.07146e-06,2.36892e-06,1.93179e-06,50,100,100,422132,1 0 4 13 10 6 14 8 9 2 5 3 7 12 11 
257,2.07828e-06,2.36892e-06,1.92826e-06,50,100,100,422132,1 0 4 13 10 6 14 8 9 2 5 3 7 12 11 
258,2.05276e-06,2.36892e-06,1.89136e-06,50,100,100,422132,1 0 4 13 10 6 14 8 9 2 5 3 7 12 11 
259,2.07366e-06,2.36892e-06,1.92048e-06,50,100,100,422132,1 0 4 13 10 6 14 8 9 2 5 3 7 12 11 
260,2.07505e-06,2.36892e-06,1.95761e-06,50,100,100,422132,1 0 4 13 10 6 14 8 9 2 5 3 7 12 11 
261,2.05097e-06,2.36892e-06,1.90459e-06,50,100,100,422132,1 0 4 13 10 6 14 8 9 2 5 3 7 12 11 
262,2.07911e-06,2.36892e-06,1.92024e-06,50,100,100,422132,1 0 4 13 10 6 14 8 9 2 5 3 7 12 11 
263,2.07601e-06,2.36892e-06,1.87907e-06,50,100,100,422132,1 0 4 13 10 6 14 8 9 2 5 3 7 12 11 
264,2.07468e-06,2.36892e-06,1.93353e-06,50,100,100,422132,1 0 4 13 10 6 14 8 9 2 5 3 7 12 11 
265,2.06496e-06,2.36892e-06,1.90692e-06,50,100,100,422132,1 0 4 13 10 6 14 8 9 2 5 3 7 12 11 
266,2.05805e-06,2.36892e-06,1.91356e-06,50,100,100,422132,1 0 4 13 10 6 14 8 9 2 5 3 7 12 11 
267,2.05465e-06,2.36892e-06,1.89761e-06,50,100,100,422132,1 0 4 13 10 6 14 8 9 2 5 3 7 12 11 
268,2.06086e-06,2.36892e-06,1.91819e-06,50,100,100,422132,1 0 4 13 10 6 14 8 9 2 5 3 7 12 11 
269,2.06496e-06,2.36892e-06,1.90244e-06,50,100,100,422132,1 0 4 13 10 6 14 8 9 2 5 3 7 12 11 
270,2.06518e-06,2.36892e-06,1.91916e-06,50,100,100,422132,1 0 4 13 10 6 14 8 9 2 5 3 7 12 11 
271,2.06971e-06,2.36892e-06,1.89188e-06,50,100,100,422132,1 0 4 13 10 6 14 8 9 2 5 3 7 12 11 
272,2.07497e-06,2.36892e-06,1.93988e-06,50,100,100,422132,1 0 4 13 10 6 14 8 9 2 5 3 7 12 11 
273,2.07388e-06,2.36892e-06,1.95377e-06,50,100,100,422132,1 0 4 13 10 6 14 8 9 2 5 3 7 12 11 
274,2.06865e-06,2.36892e-06,1.91427e-06,50,100,100,422132,1 0 4 13 10 6 14 8 9 2 5 3 7 12 11 
275,2.07188e-06,2.37021e-06,1.89282e-06,50,100,100,421902,0 7 8 9 1 2 10 6 3 5 14 13 4 11 12 
276,2.07722e-06,2.37021e-06,1.92584e-06,50,100,100,421902,0 7 8 9 1 2 10 6 3 5 14 13 4 11 12 
277,2.0739e-06,2.37021e-06,1.93672e-06,50,100,100,421902,0 7 8 9 1 2 10 6 3 5 14 13 4 11 12 
278,2.07142e-06,2.37021e-06,1.88841e-06,50,100,100,421902,0 7 8 9 1 2 10 6 3 5 14 13 4 11 12 
279,2.07578e-06,2.37021e-06,1.90569e-06,50,100,100,421902,0 7 8 9 1 2 10 6 3 5 14 13 4 11 12 
280,2.05969e-06,2.37021e-06,1.91352e-06,50,100,100,421902,0 7 8 9 1 2 10 6 3 5 14 13 4 11 12 
281,2.06752e-06,2.37021e-06,1.92304e-06,50,100,100,421902,0 7 8 9 1 2 10 6 3 5 14 13 4 11 12 
282,2.0623e-06,2.37021e-06,1.90804e-06,50,100,100,421902,0 7 8 9 1 2 10 6 3 5 14 13 4 11 12 
283,2.06063e-06,2.37021e-06,1.90135e-06,50,100,100,421902,0 7 8 9 1 2 10 6 3 5 14 13 4 11 12 
284,2.06047e-06,2.37021e-06,1.92442e-06,50,100,100,421902,0 7 8 9 1 2 10 6 3 5 14 13 4 11 12 
285,2.05851e-06,2.37021e-06,1.94042e-06,50,100,100,421902,0 7 8 9 1 2 10 6 3 5 14 13 4 11 12 
286,2.06779e-06,2.37021e-06,1.89801e-06,50,100,100,421902,0 7 8 9 1 2 10 6 3 5 14 13 4 11 12 
287,2.05574e-06,2.37021e-06,1.93818e-06,50,100,100,421902,0 7 8 9 1 2 10 6 3 5 14 13 4 11 12 
288,2.05317e-06,2.37149e-06,1.88483e-06,50,100,100,421674,0 7 2 9 1 3 10 6 5 8 14 13 4 11 12 
289,2.06625e-06,2.37149e-06,1.91938e-06,50,100,100,421674,0 7 2 9 1 3 10 6 5 8 14 13 4 11 12 
290,2.07082e-06,2.37149e-06,1.92265e-06,50,100,100,421674,0 7 2 9 1 3 10 6 5 8 14 13 4 11 12 
291,2.06739e-06,2.37149e-06,1.92695e-06,50,100,100,421674,0 7 2 9 1 3 10 6 5 8 14 13 4 11 12 
292,2.05831e-06,2.37149e-06,1.92003e-06,50,100,100,421674,0 7 2 9 1 3 10 6 5 8 14 13 4 11 12 
293,2.06803e-06,2.37149e-06,1.91135e-06,50,100,100,421674,0 7 2 9 1 3 10 6 5 8 14 13 4 11 12 
294,2.05736e-06,2.37149e-06,1.90119e-06,50,100,100,421674,0 7 2 9 1 3 10 6 5 8 14 13 4 11 12 
295,2.06841e-06,2.37149e-06,1.92466e-06,50,100,100,421674,0 7 2 9 1 3 10 6 5 8 14 13 4 11 12 
296,2.04826e-06,2.37149e-06,1.87718e-06,50,100,100,421674,0 7 2 9 1 3 10 6 5 8 14 13 4 11 12 
297,2.05591e-06,2.37149e-06,1.91056e-06,50,100,100,421674,0 7 2 9 1 3 10 6 5 8 14 13 4 11 12 
298,2.06201e-06,2.37149e-06,1.94684e-06,50,100,100,421674,0 7 2 9 1 3 10 6 5 8 14 13 4 11 12 
299,2.06491e-06,2.37149e-06,1.90628e-06,50,100,100,421674,0 7 2 9 1 3 10 6 5 8 14 13 4 11 12 
300,2.05916e-06,2.37149e-06,1.91704e-06,50,100,100,421674,0 7 2 9 1 3 10 6 5 8 14 13 4 11 12 
301,2.04516e-06,2.37149e-06,1.91914e-06,50,100,100,421674,0 7 2 9 1 3 10 6 5 8 14 13 4 11 12 
302,2.05293e-06,2.37149e-06,1.89198e-06,50,100,100,421674,0 7 2 9 1 3 10 6 5 8 14 13 4 11 12 
303,2.06147e-06,2.37149e-06,1.88603e-06,50,100,100,421674,0 7 2 9 1 3 10 6 5 8 14 13 4 11 12 
304,2.07382e-06,2.37149e-06,1.93578e-06,50,100,100,421674,0 7 2 9 1 3 10 6 5 8 14 13 4 11 12 
305,2.06821e-06,2.37149e-06,1.91485e-06,50,100,100,421674,0 7 2 9 1 3 10 6 5 8 14 13 4 11 12 
306,2.06393e-06,2.37149e-06,1.93564e-06,50,100,100,421674,0 7 2 9 1 3 10 6 5 8 14 13 4 11 12 
307,2.06173e-06,2.37149e-06,1.93735e-06,50,100,100,421674,0 7 2 9 1 3 10 6 5 8 14 13 4 11 12 
308,2.06043e-06,2.37149e-06,1.91029e-06,50,100,100,421674,0 7 2 9 1 3 10 6 5 8 14 13 4 11 12 
309,2.06082e-06,2.37149e-06,1.92747e-06,50,100,100,421674,0 7 2 9 1 3 10 6 5 8 14 13 4 11 12 
310,2.05963e-06,2.37149e-06,1.93079e-06,50,100,100,421674,0 7 2 9 1 3 10 6 5 8 14 13 4 11 12 
311,2.05927e-06,2.37149e-06,1.91018e-06,50,100,100,421674,0 7 2 9 1 3 10 6 5 8 14 13 4 11 12 
312,2.08007e-06,2.37149e-06,1.91696e-06,50,100,100,421674,0 7 2 9 1 3 10 6 5 8 14 13 4 11 12 
313,2.06471e-06,2.37149e-06,1.91141e-06,50,100,100,421674,0 7 2 9 1 3 10 6 5 8 14 13 4 11 12 
314,2.06241e-06,2.37149e-06,1.90902e-06,50,100,100,421674,0 7 2 9 1 3 10 6 5 8 14 13 4 11 12 
315,2.07184e-06,2.37149e-06,1.93027e-06,50,100,100,421674,0 7 2 9 1 3 10 6 5 8 14 13 4 11 12 
316,2.06668e-06,2.37149e-06,1.93897e-06,50,100,100,421674,0 7 2 9 1 3 10 6 5 8 14 13 4 11 12 
317,2.07079e-06,2.37149e-06,1.93595e-06,50,100,100,421674,0 7 2 9 1 3 10 6 5 8 14 13 4 11 12 
318,2.06174e-06,2.37149e-06,1.91659e-06,50,100,100,421674,0 7 2 9 1 3 10 6 5 8 14 13 4 11 12 
319,2.05669e-06,2.37149e-06,1.92755e-06,50,100,100,421674,0 7 2 9 1 3 10 6 5 8 14 13 4 11 12 
320,2.07138e-06,2.37149e-06,1.92097e-06,50,100,100,421674,0 7 2 9 1 3 10 6 5 8 14 13 4 11 12 
321,2.07483e-06,2.37149e-06,1.89343e-06,50,100,100,421674,0 7 2 9 1 3 10 6 5 8 14 13 4 11 12 
322,2.06609e-06,2.37149e-06,1.89062e-06,50,100,100,421674,0 7 2 9 1 3 10 6 5 8 14 13 4 11 12 
323,2.05713e-06,2.37149e-06,1.88892e-06,50,100,100,421674,0 7 2 9 1 3 10 6 5 8 14 13 4 11 12 
324,2.0541e-06,2.37149e-06,1.89852e-06,50,100,100,421674,0 7 2 9 1 3 10 6 5 8 14 13 4 11 12 
325,2.05831e-06,2.37149e-06,1.89627e-06,50,100,100,421674,0 7 2 9 1 3 10 6 5 8 14 13 4 11 12 
326,2.05546e-06,2.37149e-06,1.93295e-06,50,100,100,421674,0 7 2 9 1 3 10 6 5 8 14 13 4 11 12 
327,2.06486e-06,2.37149e-06,1.8971e-06,50,100,100,421674,0 7 2 9 1 3 10 6 5 8 14 13 4 11 12 
328,2.06738e-06,2.37149e-06,1.92284e-06,50,100,100,421674,0 7 2 9 1 3 10 6 5 8 14 13 4 11 12 
329,2.0651e-06,2.37149e-06,1.92052e-06,50,100,100,421674,0 7 2 9 1 3 10 6 5 8 14 13 4 11 12 
330,2.07107e-06,2.37149e-06,1.8819e-06,50,100,100,421674,0 7 2 9 1 3 10 6 5 8 14 13 4 11 12 
331,2.06336e-06,2.37149e-06,1.9294e-06,50,100,100,421674,0 7 2 9 1 3 10 6 5 8 14 13 4 11 12 
332,2.05828e-06,2.37149e-06,1.92351e-06,50,100,100,421674,0 7 2 9 1 3 10 6 5 8 14 13 4 11 12 
333,2.05274e-06,2.37149e-06,1.89078e-06,50,100,100,421674,0 7 2 9 1 3 10 6 5 8 14 13 4 11 12 
334,2.05184e-06,2.37149e-06,1.88263e-06,50,100,100,421674,0 7 2 9 1 3 10 6 5 8 14 13 4 11 12 
335,2.04114e-06,2.37149e-06,1.92466e-06,50,100,100,421674,0 7 2 9 1 3 10 6 5 8 14 13 4 11 12 
336,2.04442e-06,2.37149e-06,1.89782e-06,50,100,100,421674,0 7 2 9 1 3 10 6 5 8 14 13 4 11 12 
337,2.06865e-06,2.37149e-06,1.89994e-06,50,100,100,421674,0 7 2 9 1 3 10 6 5 8 14 13 4 11 12 
338,2.06968e-06,2.37149e-06,1.91323e-06,50,100,100,421674,0 7 2 9 1 3 10 6 5 8 14 13 4 11 12 
339,2.0778e-06,2.37149e-06,1.90437e-06,50,100,100,421674,0 7 2 9 1 3 10 6 5 8 14 13 4 11 12 
340,2.07384e-06,2.37149e-06,1.92914e-06,50,100,100,421674,0 7 2 9 1 3 10 6 5 8 14 13 4 11 12 
341,2.06858e-06,2.37149e-06,1.89459e-06,50,100,100,421674,0 7 2 9 1 3 10 6 5 8 14 13 4 11 12 
342,2.07199e-06,2.37149e-06,1.92004e-06,50,100,100,421674,0 7 2 9 1 3 10 6 5 8 14 13 4 11 12 
343,2.07027e-06,2.37149e-06,1.91139e-06,50,100,100,421674,0 7 2 9 1 3 10 6 5 8 14 13 4 11 12 
344,2.06574e-06,2.37149e-06,1.89262e-06,50,100,100,421674,0 7 2 9 1 3 10 6 5 8 14 13 4 11 12 
345,2.06058e-06,2.37149e-06,1.89106e-06,50,100,100,421674,0 7 2 9 1 3 10 6 5 8 14 13 4 11 12 
346,2.07351e-06,2.37149e-06,1.93298e-06,50,100,100,421674,0 7 2 9 1 3 10 6 5 8 14 13 4 11 12 
347,2.07081e-06,2.37149e-06,1.94572e-06,50,100,100,421674,0 7 2 9 1 3 10 6 5 8 14 13 4 11 12 
348,2.07883e-06,2.37149e-06,1.9259e-06,50,100,100,421674,0 7 2 9 1 3 10 6 5 8 14 13 4 11 12 
349,2.06061e-06,2.37149e-06,1.9163e-06,50,100,100,421674,0 7 2 9 1 3 10 6 5 8 14 13 4 11 12 
350,2.06221e-06,2.37149e-06,1.93655e-06,50,100,100,421674,0 7 2 9 1 3 10 6 5 8 14 13 4 11 12 
351,2.06474e-06,2.37149e-06,1.93118e-06,50,100,100,421674,0 7 2 9 1 3 10 6 5 8 14 13 4 11 12 
352,2.064e-06,2.37149e-06,1.93143e-06,50,100,100,421674,0 7 2 9 1 3 10 6 5 8 14 13 4 11 12 
353,2.06913e-06,2.37149e-06,1.88879e-06,50,100,100,421674,0 7 2 9 1 3 10 6 5 8 14 13 4 11 12 
354,2.06883e-06,2.37149e-06,1.90974e-06,50,100,100,421674,0 7 2 9 1 3 10 6 5 8 14 13 4 11 12 
355,2.07743e-06,2.37149e-06,1.94455e-06,50,100,100,421674,0 7 2 9 1 3 10 6 5 8 14 13 4 11 12 
356,2.06836e-06,2.37149e-06,1.91046e-06,50,100,100,421674,0 7 2 9 1 3 10 6 5 8 14 13 4 11 12 
357,2.06608e-06,2.37149e-06,1.93782e-06,50,100,100,421674,0 7 2 9 1 3 10 6 5 8 14 13 4 11 12 
358,2.05882e-06,2.37149e-06,1.92359e-06,50,100,100,421674,0 7 2 9 1 3 10 6 5 8 14 13 4 11 12 
359,2.06695e-06,2.37149e-06,1.91624e-06,50,100,100,421674,0 7 2 9 1 3 10 6 5 8 14 13 4 11 12 
360,2.08252e-06,2.37149e-06,1.93622e-06,50,100,100,421674,0 7 2 9 1 3 10 6 5 8 14 13 4 11 12 
361,2.07318e-06,2.37149e-06,1.92073e-06,50,100,100,421674,0 7 2 9 1 3 10 6 5 8 14 13 4 11 12 
362,2.06712e-06,2.37149e-06,1.90426e-06,50,100,100,421674,0 7 2 9 1 3 10 6 5 8 14 13 4 11 12 
363,2.06788e-06,2.37149e-06,1.90357e-06,50,100,100,421674,0 7 2 9 1 3 10 6 5 8 14 13 4 11 12 
364,2.06547e-06,2.37149e-06,1.90313e-06,50,100,100,421674,0 7 2 9 1 3 10 6 5 8 14 13 4 11 12 
365,2.06124e-06,2.37149e-06,1.91687e-06,50,100,100,421674,0 7 2 9 1 3 10 6 5 8 14 13 4 11 12 
366,2.0604e-06,2.37149e-06,1.90949e-06,50,100,100,421674,0 7 2 9 1 3 10 6 5 8 14 13 4 11 12 
367,2.05476e-06,2.37149e-06,1.89711e-06,50,100,100,421674,0 7 2 9 1 3 10 6 5 8 14 13 4 11 12 
368,2.0533e-06,2.37149e-06,1.91488e-06,50,100,100,421674,0 7 2 9 1 3 10 6 5 8 14 13 4 11 12 
369,2.06591e-06,2.37149e-06,1.93727e-06,50,100,100,421674,0 7 2 9 1 3 10 6 5 8 14 13 4 11 12 
370,2.05945e-06,2.37149e-06,1.92747e-06,50,100,100,421674,0 7 2 9 1 3 10 6 5 8 14 13 4 11 12 
371,2.04916e-06,2.37149e-06,1.88963e-06,50,100,100,421674,0 7 2 9 1 3 10 6 5 8 14 13 4 11 12 
372,2.05447e-06,2.37149e-06,1.91517e-06,50,100,100,421674,0 7 2 9 1 3 10 6 5 8 14 13 4 11 12 
373,2.06062e-06,2.37149e-06,1.88769e-06,50,100,100,421674,0 7 2 9 1 3 10 6 5 8 14 13 4 11 12 
374,2.06486e-06,2.37149e-06,1.94076e-06,50,100,100,421674,0 7 2 9 1 3 10 6 5 8 14 13 4 11 12 
375,2.05525e-06,2.37149e-06,1.90235e-06,50,100,100,421674,0 7 2 9 1 3 10 6 5 8 14 13 4 11 12 
376,2.05418e-06,2.37149e-06,1.89028e-06,50,100,100,421674,0 7 2 9 1 3 10 6 5 8 14 13 4 11 12 
377,2.0651e-06,2.37149e-06,1.92007e-06,50,100,100,421674,0 7 2 9 1 3 10 6 5 8 14 13 4 11 12 
378,2.06877e-06,2.37149e-06,1.93142e-06,50,100,100,421674,0 7 2 9 1 3 10 6 5 8 14 13 4 11 12 
379,2.07133e-06,2.37149e-06,1.88891e-06,50,100,100,421674,0 7 2 9 1 3 10 6 5 8 14 13 4 11 12 
380,2.07776e-06,2.37149e-06,1.9558e-06,50,100,100,421674,0 7 2 9 1 3 10 6 5 8 14 13 4 11 12 
381,2.07902e-06,2.37149e-06,1.88249e-06,50,100,100,421674,0 7 2 9 1 3 10 6 5 8 14 13 4 11 12 
382,2.08648e-06,2.37149e-06,1.95034e-06,50,100,100,421674,0 7 2 9 1 3 10 6 5 8 14 13 4 11 12 
383,2.06322e-06,2.37149e-06,1.90099e-06,50,100,100,421674,0 7 2 9 1 3 10 6 5 8 14 13 4 11 12 
384,2.0564e-06,2.37149e-06,1.90438e-06,50,100,100,421674,0 7 2 9 1 3 10 6 5 8 14 13 4 11 12 
385,2.04813e-06,2.37149e-06,1.89048e-06,50,100,100,421674,0 7 2 9 1 3 10 6 5 8 14 13 4 11 12 
386,2.06294e-06,2.37149e-06,1.92971e-06,50,100,100,421674,0 7 2 9 1 3 10 6 5 8 14 13 4 11 12 
387,2.0539e-06,2.37149e-06,1.90461e-06,50,100,100,421674,0 7 2 9 1 3 10 6 5 8 14 13 4 11 12 
388,2.06012e-06,2.37149e-06,1.86066e-06,50,100,100,421674,0 7 2 9 1 3 10 6 5 8 14 13 4 11 12 
389,2.06815e-06,2.37149e-06,1.90116e-06,50,100,100,421674,0 7 2 9 1 3 10 6 5 8 14 13 4 11 12 
390,2.06551e-06,2.37149e-06,1.92182e-06,50,100,100,421674,0 7 2 9 1 3 10 6 5 8 14 13 4 11 12 
391,2.07461e-06,2.37149e-06,1.9076e-06,50,100,100,421674,0 7 2 9 1 3 10 6 5 8 14 13 4 11 12 
392,2.06625e-06,2.37149e-06,1.93441e-06,50,100,100,421674,0 7 2 9 1 3 10 6 5 8 14 13 4 11 12 
393,2.07451e-06,2.37149e-06,1.92744e-06,50,100,100,421674,0 7 2 9 1 3 10 6 5 8 14 13 4 11 12 
394,2.06764e-06,2.37149e-06,1.92599e-06,50,100,100,421674,0 7 2 9 1 3 10 6 5 8 14 13 4 11 12 
395,2.0609e-06,2.37149e-06,1.88555e-06,50,100,100,421674,0 7 2 9 1 3 10 6 5 8 14 13 4 11 12 
396,2.06314e-06,2.37149e-06,1.92174e-06,50,100,100,421674,0 7 2 9 1 3 10 6 5 8 14 13 4 11 12 
397,2.06918e-06,2.37149e-06,1.93007e-06,50,100,100,421674,0 7 2 9 1 3 10 6 5 8 14 13 4 11 12 
398,2.06228e-06,2.37149e-06,1.89963e-06,50,100,100,421674,0 7 2 9 1 3 10 6 5 8 14 13 4 11 12 
399,2.05223e-06,2.37149e-06,1.87929e-06,50,100,100,421674,0 7 2 9 1 3 10 6 5 8 14 13 4 11 12 
400,2.07198e-06,2.37149e-06,1.92495e-06,50,100,100,421674,0 7 2 9 1 3 10 6 5 8 14 13 4 11 12 
401,2.06066e-06,2.37149e-06,1.92398e-06,50,100,100,421674,0 7 2 9 1 3 10 6 5 8 14 13 4 11 12 
402,2.04425e-06,2.37149e-06,1.91118e-06,50,100,100,421674,0 7 2 9 1 3 10 6 5 8 14 13 4 11 12 
403,2.05515e-06,2.37149e-06,1.91049e-06,50,100,100,421674,0 7 2 9 1 3 10 6 5 8 14 13 4 11 12 
404,2.06108e-06,2.37149e-06,1.9226e-06,50,100,100,421674,0 7 2 9 1 3 10 6 5 8 14 13 4 11 12 
405,2.06487e-06,2.37149e-06,1.89956e-06,50,100,100,421674,0 7 2 9 1 3 10 6 5 8 14 13 4 11 12 
406,2.06711e-06,2.4029e-06,1.92651e-06,50,100,100,416162,0 11 9 8 1 3 10 6 2 5 14 13 4 7 12 
407,2.07251e-06,2.4029e-06,1.88795e-06,50,100,100,416162,0 11 9 8 1 3 10 6 2 5 14 13 4 7 12 
408,2.07245e-06,2.4029e-06,1.91915e-06,50,100,100,416162,0 11 9 8 1 3 10 6 2 5 14 13 4 7 12 
409,2.06127e-06,2.4029e-06,1.90588e-06,50,100,100,416162,0 11 9 8 1 3 10 6 2 5 14 13 4 7 12 
410,2.07052e-06,2.4029e-06,1.90014e-06,50,100,100,416162,0 11 9 8 1 3 10 6 2 5 14 13 4 7 12 
411,2.06028e-06,2.4029e-06,1.93976e-06,50,100,100,416162,0 11 9 8 1 3 10 6 2 5 14 13 4 7 12 
412,2.05627e-06,2.4029e-06,1.91229e-06,50,100,100,416162,0 11 9 8 1 3 10 6 2 5 14 13 4 7 12 
413,2.06392e-06,2.4029e-06,1.93947e-06,50,100,100,416162,0 11 9 8 1 3 10 6 2 5 14 13 4 7 12 
414,2.06176e-06,2.4029e-06,1.89343e-06,50,100,100,416162,0 11 9 8 1 3 10 6 2 5 14 13 4 7 12 
415,2.068e-06,2.4029e-06,1.9404e-06,50,100,100,416162,0 11 9 8 1 3 10 6 2 5 14 13 4 7 12 
416,2.08098e-06,2.4029e-06,1.94598e-06,50,100,100,416162,0 11 9 8 1 3 10 6 2 5 14 13 4 7 12 
417,2.07332e-06,2.4029e-06,1.89665e-06,50,100,100,416162,0 11 9 8 1 3 10 6 2 5 14 13 4 7 12 
418,2.07088e-06,2.4029e-06,1.89898e-06,50,100,100,416162,0 11 9 8 1 3 10 6 2 5 14 13 4 7 12 
419,2.06292e-06,2.4029e-06,1.92241e-06,50,100,100,416162,0 11 9 8 1 3 10 6 2 5 14 13 4 7 12 
420,2.06401e-06,2.4029e-06,1.91527e-06,50,100,100,416162,0 11 9 8 1 3 10 6 2 5 14 13 4 7 12 
421,2.06313e-06,2.4029e-06,1.89603e-06,50,100,100,416162,0 11 9 8 1 3 10 6 2 5 14 13 4 7 12 
422,2.05313e-06,2.4029e-06,1.90158e-06,50,100,100,416162,0 11 9 8 1 3 10 6 2 5 14 13 4 7 12 
423,2.06293e-06,2.4029e-06,1.92282e-06,50,100,100,416162,0 11 9 8 1 3 10 6 2 5 14 13 4 7 12 
424,2.06741e-06,2.4029e-06,1.88341e-06,50,100,100,416162,0 11 9 8 1 3 10 6 2 5 14 13 4 7 12 
425,2.06863e-06,2.48479e-06,1.90725e-06,50,100,100,402448,0 11 14 8 1 3 10 6 2 5 9 13 4 7 12 
426,2.06774e-06,2.48479e-06,1.89168e-06,50,100,100,402448,0 11 14 8 1 3 10 6 2 5 9 13 4 7 12 
427,2.07036e-06,2.48479e-06,1.92799e-06,50,100,100,402448,0 11 14 8 1 3 10 6 2 5 9 13 4 7 12 
428,2.07466e-06,2.48479e-06,1.90742e-06,50,100,100,402448,0 11 14 8 1 3 10 6 2 5 9 13 4 7 12 
429,2.07875e-06,2.48479e-06,1.96194e-06,50,100,100,402448,0 11 14 8 1 3 10 6 2 5 9 13 4 7 12 
430,2.07175e-06,2.48479e-06,1.92509e-06,50,100,100,402448,0 11 14 8 1 3 10 6 2 5 9 13 4 7 12 
431,2.06382e-06,2.48479e-06,1.90267e-06,50,100,100,402448,0 11 14 8 1 3 10 6 2 5 9 13 4 7 12 
432,2.06341e-06,2.48479e-06,1.90239e-06,50,100,100,402448,0 11 14 8 1 3 10 6 2 5 9 13 4 7 12 
433,2.07063e-06,2.48479e-06,1.89327e-06,50,100,100,402448,0 11 14 8 1 3 10 6 2 5 9 13 4 7 12 
434,2.07869e-06,2.48479e-06,1.93625e-06,50,100,100,402448,0 11 14 8 1 3 10 6 2 5 9 13 4 7 12 
435,2.07347e-06,2.48479e-06,1.94941e-06,50,100,100,402448,0 11 14 8 1 3 10 6 2 5 9 13 4 7 12 
436,2.07025e-06,2.48479e-06,1.90743e-06,50,100,100,402448,0 11 14 8 1 3 10 6 2 5 9 13 4 7 12 
437,2.07253e-06,2.48479e-06,1.89058e-06,50,100,100,402448,0 11 14 8 1 3 10 6 2 5 9 13 4 7 12 
438,2.0679e-06,2.48479e-06,1.92229e-06,50,100,100,402448,0 11 14 8 1 3 10 6 2 5 9 13 4 7 12 
439,2.07785e-06,2.48479e-06,1.93972e-06,50,100,100,402448,0 11 14 8 1 3 10 6 2 5 9 13 4 7 12 
440,2.07406e-06,2.48479e-06,1.91051e-06,50,100,100,402448,0 11 14 8 1 3 10 6 2 5 9 13 4 7 12 
441,2.07864e-06,2.48479e-06,1.93589e-06,50,100,100,402448,0 11 14 8 1 3 10 6 2 5 9 13 4 7 12 
442,2.07409e-06,2.48479e-06,1.90593e-06,50,100,100,402448,0 11 14 8 1 3 10 6 2 5 9 13 4 7 12 
443,2.08486e-06,2.48479e-06,1.91848e-06,50,100,100,402448,0 11 14 8 1 3 10 6 2 5 9 13 4 7 12 
444,2.07762e-06,2.48479e-06,1.94739e-06,50,100,100,402448,0 11 14 8 1 3 10 6 2 5 9 13 4 7 12 
445,2.06959e-06,2.48479e-06,1.89703e-06,50,100,100,402448,0 11 14 8 1 3 10 6 2 5 9 13 4 7 12 
446,2.06266e-06,2.48479e-06,1.90139e-06,50,100,100,402448,0 11 14 8 1 3 10 6 2 5 9 13 4 7 12 
447,2.07248e-06,2.48479e-06,1.89544e-06,50,100,100,402448,0 11 14 8 1 3 10 6 2 5 9 13 4 7 12 
448,2.07133e-06,2.48479e-06,1.87806e-06,50,100,100,402448,0 11 14 8 1 3 10 6 2 5 9 13 4 7 12 
449,2.06548e-06,2.48479e-06,1.92722e-06,50,100,100,402448,0 11 14 8 1 3 10 6 2 5 9 13 4 7 12 
450,2.06667e-06,2.48479e-06,1.91809e-06,50,100,100,402448,0 11 14 8 1 3 10 6 2 5 9 13 4 7 12 
451,2.06637e-06,2.48479e-06,1.94033e-06,50,100,100,402448,0 11 14 8 1 3 10 6 2 5 9 13 4 7 12 
452,2.08048e-06,2.48479e-06,1.95596e-06,50,100,100,402448,0 11 14 8 1 3 10 6 2 5 9 13 4 7 12 
453,2.07552e-06,2.48479e-06,1.90162e-06,50,100,100,402448,0 11 14 8 1 3 10 6 2 5 9 13 4 7 12 
454,2.0629e-06,2.48479e-06,1.89976e-06,50,100,100,402448,0 11 14 8 1 3 10 6 2 5 9 13 4 7 12 
455,2.05523e-06,2.48479e-06,1.93032e-06,50,100,100,402448,0 11 14 8 1 3 10 6 2 5 9 13 4 7 12 
456,2.0655e-06,2.48479e-06,1.90936e-06,50,100,100,402448,0 11 14 8 1 3 10 6 2 5 9 13 4 7 12 
457,2.07187e-06,2.48479e-06,1.90239e-06,50,100,100,402448,0 11 14 8 1 3 10 6 2 5 9 13 4 7 12 
458,2.06247e-06,2.48479e-06,1.9306e-06,50,100,100,402448,0 11 14 8 1 3 10 6 2 5 9 13 4 7 12 
459,2.05402e-06,2.48479e-06,1.89442e-06,50,100,100,402448,0 11 14 8 1 3 10 6 2 5 9 13 4 7 12 
460,2.06067e-06,2.48479e-06,1.8944e-06,50,100,100,402448,0 11 14 8 1 3 10 6 2 5 9 13 4 7 12 
461,2.06788e-06,2.48479e-06,1.90379e-06,50,100,100,402448,0 11 14 8 1 3 10 6 2 5 9 13 4 7 12 
462,2.07265e-06,2.48479e-06,1.91832e-06,50,100,100,402448,0 11 14 8 1 3 10 6 2 5 9 13 4 7 12 
463,2.07863e-06,2.48479e-06,1.92744e-06,50,100,100,402448,0 11 14 8 1 3 10 6 2 5 9 13 4 7 12 
464,2.06791e-06,2.48479e-06,1.90634e-06,50,100,100,402448,0 11 14 8 1 3 10 6 2 5 9 13 4 7 12 
465,2.06983e-06,2.48479e-06,1.89175e-06,50,100,100,402448,0 11 14 8 1 3 10 6 2 5 9 13 4 7 12 
466,2.07173e-06,2.48479e-06,1.91081e-06,50,100,100,402448,0 11 14 8 1 3 10 6 2 5 9 13 4 7 12 
467,2.0711e-06,2.48479e-06,1.9075e-06,50,100,100,402448,0 11 14 8 1 3 10 6 2 5 9 13 4 7 12 
468,2.06576e-06,2.48479e-06,1.8962e-06,50,100,100,402448,0 11 14 8 1 3 10 6 2 5 9 13 4 7 12 
469,2.07672e-06,2.48479e-06,1.90819e-06,50,100,100,402448,0 11 14 8 1 3 10 6 2 5 9 13 4 7 12 
470,2.07449e-06,2.48479e-06,1.92308e-06,50,100,100,402448,0 11 14 8 1 3 10 6 2 5 9 13 4 7 12 
471,2.07545e-06,2.48479e-06,1.90877e-06,50,100,100,402448,0 11 14 8 1 3 10 6 2 5 9 13 4 7 12 
472,2.07708e-06,2.48479e-06,1.91001e-06,50,100,100,402448,0 11 14 8 1 3 10 6 2 5 9 13 4 7 12 
473,2.08012e-06,2.48479e-06,1.9157e-06,50,100,100,402448,0 11 14 8 1 3 10 6 2 5 9 13 4 7 12 
474,2.05522e-06,2.48479e-06,1.91055e-06,50,100,100,402448,0 11 14 8 1 3 10 6 2 5 9 13 4 7 12 
475,2.07093e-06,2.48479e-06,1.9347e-06,50,100,100,402448,0 11 14 8 1 3 10 6 2 5 9 13 4 7 12 
476,2.06358e-06,2.48479e-06,1.90361e-06,50,100,100,402448,0 11 14 8 1 3 10 6 2 5 9 13 4 7 12 
477,2.0719e-06,2.48479e-06,1.92879e-06,50,100,100,402448,0 11 14 8 1 3 10 6 2 5 9 13 4 7 12 
478,2.08029e-06,2.48479e-06,1.90276e-06,50,100,100,402448,0 11 14 8 1 3 10 6 2 5 9 13 4 7 12 
479,2.07722e-06,2.48479e-06,1.92303e-06,50,100,100,402448,0 11 14 8 1 3 10 6 2 5 9 13 4 7 12 
480,2.06873e-06,2.48479e-06,1.8987e-06,50,100,100,402448,0 11 14 8 1 3 10 6 2 5 9 13 4 7 12 
481,2.07284e-06,2.48479e-06,1.89991e-06,50,100,100,402448,0 11 14 8 1 3 10 6 2 5 9 13 4 7 12 
482,2.07043e-06,2.48479e-06,1.89323e-06,50,100,100,402448,0 11 14 8 1 3 10 6 2 5 9 13 4 7 12 
483,2.07957e-06,2.48479e-06,1.92376e-06,50,100,100,402448,0 11 14 8 1 3 10 6 2 5 9 13 4 7 12 
484,2.07586e-06,2.48479e-06,1.90105e-06,50,100,100,402448,0 11 14 8 1 3 10 6 2 5 9 13 4 7 12 
485,2.0745e-06,2.48479e-06,1.9271e-06,50,100,100,402448,0 11 14 8 1 3 10 6 2 5 9 13 4 7 12 
486,2.07296e-06,2.48479e-06,1.94906e-06,50,100,100,402448,0 11 14 8 1 3 10 6 2 5 9 13 4 7 12 
487,2.06938e-06,2.48479e-06,1.90277e-06,50,100,100,402448,0 11 14 8 1 3 10 6 2 5 9 13 4 7 12 
488,2.05753e-06,2.48479e-06,1.91014e-06,50,100,100,402448,0 11 14 8 1 3 10 6 2 5 9 13 4 7 12 
489,2.06798e-06,2.48479e-06,1.94293e-06,50,100,100,402448,0 11 14 8 1 3 10 6 2 5 9 13 4 7 12 
490,2.06024e-06,2.48479e-06,1.94464e-06,50,100,100,402448,0 11 14 8 1 3 10 6 2 5 9 13 4 7 12 
491,2.06696e-06,2.48479e-06,1.89384e-06,50,100,100,402448,0 11 14 8 1 3 10 6 2 5 9 13 4 7 12 
492,2.0626e-06,2.48479e-06,1.88236e-06,50,100,100,402448,0 11 14 8 1 3 10 6 2 5 9 13 4 7 12 
493,2.07165e-06,2.48479e-06,1.90174e-06,50,100,100,402448,0 11 14 8 1 3 10 6 2 5 9 13 4 7 12 
494,2.0538e-06,2.48479e-06,1.86813e-06,50,100,100,402448,0 11 14 8 1 3 10 6 2 5 9 13 4 7 12 
495,2.07157e-06,2.48479e-06,1.88791e-06,50,100,100,402448,0 11 14 8 1 3 10 6 2 5 9 13 4 7 12 
496,2.07045e-06,2.48479e-06,1.9219e-06,50,100,100,402448,0 11 14 8 1 3 10 6 2 5 9 13 4 7 12 
497,2.05829e-06,2.48479e-06,1.9093e-06,50,100,100,402448,0 11 14 8 1 3 10 6 2 5 9 13 4 7 12 
498,2.07131e-06,2.48479e-06,1.91106e-06,50,100,100,402448,0 11 14 8 1 3 10 6 2 5 9 13 4 7 12 
499,2.06009e-06,2.48479e-06,1.90044e-06,50,100,100,402448,0 11 14 8 1 3 10 6 2 5 9 13 4 7 12 
500,2.06267e-06,2.48479e-06,1.93926e-06,50,100,100,402448,0 11 14 8 1 3 10 6 2 5 9 13 4 7 12 
501,2.06642e-06,2.48479e-06,1.93966e-06,50,100,100,402448,0 11 14 8 1 3 10 6 2 5 9 13 4 7 12 
502,2.06764e-06,2.48479e-06,1.91536e-06,50,100,100,402448,0 11 14 8 1 3 10 6 2 5 9 13 4 7 12 
503,2.06526e-06,2.48479e-06,1.90253e-06,50,100,100,402448,0 11 14 8 1 3 10 6 2 5 9 13 4 7 12 
504,2.06716e-06,2.48479e-06,1.89531e-06,50,100,100,402448,0 11 14 8 1 3 10 6 2 5 9 13 4 7 12 
505,2.06662e-06,2.48479e-06,1.92619e-06,50,100,100,402448,0 11 14 8 1 3 10 6 2 5 9 13 4 7 12 
506,2.06048e-06,2.48479e-06,1.89427e-06,50,100,100,402448,0 11 14 8 1 3 10 6 2 5 9 13 4 7 12 
507,2.07075e-06,2.48479e-06,1.90143e-06,50,100,100,402448,0 11 14 8 1 3 10 6 2 5 9 13 4 7 12 
508,2.07503e-06,2.48479e-06,1.92633e-06,50,100,100,402448,0 11 14 8 1 3 10 6 2 5 9 13 4 7 12 
509,2.07309e-06,2.48479e-06,1.90823e-06,50,100,100,402448,0 11 14 8 1 3 10 6 2 5 9 13 4 7 12 
510,2.06878e-06,2.48479e-06,1.94922e-06,50,100,100,402448,0 11 14 8 1 3 10 6 2 5 9 13 4 7 12 
511,2.06257e-06,2.48479e-06,1.92052e-06,50,100,100,402448,0 11 14 8 1 3 10 6 2 5 9 13 4 7 12 
512,2.06253e-06,2.48479e-06,1.92205e-06,50,100,100,402448,0 11 14 8 1 3 10 6 2 5 9 13 4 7 12 
513,2.06854e-06,2.48479e-06,1.88876e-06,50,100,100,402448,0 11 14 8 1 3 10 6 2 5 9 13 4 7 12 
514,2.04502e-06,2.48479e-06,1.8674e-06,50,100,100,402448,0 11 14 8 1 3 10 6 2 5 9 13 4 7 12 
515,2.05831e-06,2.48479e-06,1.90559e-06,50,100,100,402448,0 11 14 8 1 3 10 6 2 5 9 13 4 7 12 
516,2.05307e-06,2.48479e-06,1.90318e-06,50,100,100,402448,0 11 14 8 1 3 10 6 2 5 9 13 4 7 12 
517,2.05351e-06,2.48479e-06,1.88701e-06,50,100,100,402448,0 11 14 8 1 3 10 6 2 5 9 13 4 7 12 
518,2.05995e-06,2.48479e-06,1.90901e-06,50,100,100,402448,0 11 14 8 1 3 10 6 2 5 9 13 4 7 12 
519,2.06806e-06,2.48479e-06,1.9085e-06,50,100,100,402448,0 11 14 8 1 3 10 6 2 5 9 13 4 7 12 
520,2.06325e-06,2.48479e-06,1.89948e-06,50,100,100,402448,0 11 14 8 1 3 10 6 2 5 9 13 4 7 12 
521,2.05944e-06,2.48479e-06,1.89721e-06,50,100,100,402448,0 11 14 8 1 3 10 6 2 5 9 13 4 7 12 
522,2.05611e-06,2.48479e-06,1.91473e-06,50,100,100,402448,0 11 14 8 1 3 10 6 2 5 9 13 4 7 12 
523,2.07252e-06,2.48479e-06,1.90506e-06,50,100,100,402448,0 11 14 8 1 3 10 6 2 5 9 13 4 7 12 
524,2.06947e-06,2.48479e-06,1.91999e-06,50,100,100,402448,0 11 14 8 1 3 10 6 2 5 9 13 4 7 12 
525,2.05571e-06,2.48479e-06,1.90487e-06,50,100,100,402448,0 11 14 8 1 3 10 6 2 5 9 13 4 7 12 
526,2.06757e-06,2.48479e-06,1.94596e-06,50,100,100,402448,0 11 14 8 1 3 10 6 2 5 9 13 4 7 12 
527,2.06135e-06,2.48479e-06,1.92731e-06,50,100,100,402448,0 11 14 8 1 3 10 6 2 5 9 13 4 7 12 
528,2.05919e-06,2.48479e-06,1.90227e-06,50,100,100,402448,0 11 14 8 1 3 10 6 2 5 9 13 4 7 12 
529,2.06782e-06,2.48479e-06,1.94107e-06,50,100,100,402448,0 11 14 8 1 3 10 6 2 5 9 13 4 7 12 
530,2.05892e-06,2.48479e-06,1.92454e-06,50,100,100,402448,0 11 14 8 1 3 10 6 2 5 9 13 4 7 12 
531,2.06594e-06,2.48479e-06,1.93212e-06,50,100,100,402448,0 11 14 8 1 3 10 6 2 5 9 13 4 7 12 
532,2.06722e-06,2.48479e-06,1.86237e-06,50,100,100,402448,0 11 14 8 1 3 10 6 2 5 9 13 4 7 12 
533,2.05563e-06,2.48479e-06,1.92204e-06,50,100,100,402448,0 11 14 8 1 3 10 6 2 5 9 13 4 7 12 
534,2.06314e-06,2.48479e-06,1.92708e-06,50,100,100,402448,0 11 14 8 1 3 10 6 2 5 9 13 4 7 12 
535,2.06946e-06,2.48479e-06,1.92949e-06,50,100,100,402448,0 11 14 8 1 3 10 6 2 5 9 13 4 7 12 
536,2.0654e-06,2.48479e-06,1.90016e-06,50,100,100,402448,0 11 14 8 1 3 10 6 2 5 9 13 4 7 12 
537,2.0527e-06,2.48479e-06,1.91801e-06,50,100,100,402448,0 11 14 8 1 3 10 6 2 5 9 13 4 7 12 
538,2.05705e-06,2.48479e-06,1.88677e-06,50,100,100,402448,0 11 14 8 1 3 10 6 2 5 9 13 4 7 12 
539,2.03741e-06,2.48479e-06,1.90132e-06,50,100,100,402448,0 11 14 8 1 3 10 6 2 5 9 13 4 7 12 
540,2.04456e-06,2.48479e-06,1.90081e-06,50,100,100,402448,0 11 14 8 1 3 10 6 2 5 9 13 4 7 12 
541,2.05802e-06,2.48479e-06,1.90931e-06,50,100,100,402448,0 11 14 8 1 3 10 6 2 5 9 13 4 7 12 
542,2.05444e-06,2.48479e-06,1.89286e-06,50,100,100,402448,0 11 14 8 1 3 10 6 2 5 9 13 4 7 12 
543,2.05257e-06,2.48479e-06,1.88929e-06,50,100,100,402448,0 11 14 8 1 3 10 6 2 5 9 13 4 7 12 
544,2.05799e-06,2.48479e-06,1.93827e-06,50,100,100,402448,0 11 14 8 1 3 10 6 2 5 9 13 4 7 12 
545,2.05407e-06,2.48479e-06,1.94504e-06,50,100,100,402448,0 11 14 8 1 3 10 6 2 5 9 13 4 7 12 
546,2.05003e-06,2.48479e-06,1.92021e-06,50,100,100,402448,0 11 14 8 1 3 10 6 2 5 9 13 4 7 12 
547,2.05449e-06,2.48479e-06,1.88813e-06,50,100,100,402448,0 11 14 8 1 3 10 6 2 5 9 13 4 7 12 
548,2.07095e-06,2.48479e-06,1.91868e-06,50,100,100,402448,0 11 14 8 1 3 10 6 2 5 9 13 4 7 12 
549,2.06308e-06,2.48479e-06,1.89688e-06,50,100,100,402448,0 11 14 8 1 3 10 6 2 5 9 13 4 7 12 
550,2.06632e-06,2.48479e-06,1.94197e-06,50,100,100,402448,0 11 14 8 1 3 10 6 2 5 9 13 4 7 12 
551,2.06442e-06,2.48479e-06,1.9272e-06,50,100,100,402448,0 11 14 8 1 3 10 6 2 5 9 13 4 7 12 
552,2.07117e-06,2.48479e-06,1.91445e-06,50,100,100,402448,0 11 14 8 1 3 10 6 2 5 9 13 4 7 12 
553,2.07547e-06,2.48479e-06,1.8891e-06,50,100,100,402448,0 11 14 8 1 3 10 6 2 5 9 13 4 7 12 
554,2.06626e-06,2.48479e-06,1.88026e-06,50,100,100,402448,0 11 14 8 1 3 10 6 2 5 9 13 4 7 12 
555,2.0646e-06,2.48479e-06,1.92319e-06,50,100,100,402448,0 11 14 8 1 3 10 6 2 5 9 13 4 7 12 
556,2.06481e-06,2.48479e-06,1.91623e-06,50,100,100,402448,0 11 14 8 1 3 10 6 2 5 9 13 4 7 12 
557,2.07053e-06,2.48479e-06,1.89475e-06,50,100,100,402448,0 11 14 8 1 3 10 6 2 5 9 13 4 7 12 
558,2.07046e-06,2.48479e-06,1.92422e-06,50,100,100,402448,0 11 14 8 1 3 10 6 2 5 9 13 4 7 12 
559,2.07443e-06,2.48479e-06,1.88227e-06,50,100,100,402448,0 11 14 8 1 3 10 6 2 5 9 13 4 7 12 
560,2.07842e-06,2.48479e-06,1.88795e-06,50,100,100,402448,0 11 14 8 1 3 10 6 2 5 9 13 4 7 12 
561,2.07502e-06,2.48479e-06,1.93025e-06,50,100,100,402448,0 11 14 8 1 3 10 6 2 5 9 13 4 7 12 
562,2.06056e-06,2.48479e-06,1.87905e-06,50,100,100,402448,0 11 14 8 1 3 10 6 2 5 9 13 4 7 12 
563,2.05291e-06,2.48479e-06,1.93496e-06,50,100,100,402448,0 11 14 8 1 3 10 6 2 5 9 13 4 7 12 
564,2.0603e-06,2.48479e-06,1.92329e-06,50,100,100,402448,0 11 14 8 1 3 10 6 2 5 9 13 4 7 12 
565,2.05234e-06,2.48479e-06,1.90416e-06,50,100,100,402448,0 11 14 8 1 3 10 6 2 5 9 13 4 7 12 
566,2.0631e-06,2.48479e-06,1.91351e-06,50,100,100,402448,0 11 14 8 1 3 10 6 2 5 9 13 4 7 12 
567,2.07552e-06,2.48479e-06,1.93528e-06,50,100,100,402448,0 11 14 8 1 3 10 6 2 5 9 13 4 7 12 
568,2.0541e-06,2.48479e-06,1.88354e-06,50,100,100,402448,0 11 14 8 1 3 10 6 2 5 9 13 4 7 12 
569,2.05414e-06,2.48479e-06,1.885e-06,50,100,100,402448,0 11 14 8 1 3 10 6 2 5 9 13 4 7 12 
570,2.06771e-06,2.48479e-06,1.86276e-06,50,100,100,402448,0 11 14 8 1 3 10 6 2 5 9 13 4 7 12 
571,2.06985e-06,2.48479e-06,1.9385e-06,50,100,100,402448,0 11 14 8 1 3 10 6 2 5 9 13 4 7 12 
572,2.05671e-06,2.48479e-06,1.92894e-06,50,100,100,402448,0 11 14 8 1 3 10 6 2 5 9 13 4 7 12 
573,2.06351e-06,2.48479e-06,1.8973e-06,50,100,100,402448,0 11 14 8 1 3 10 6 2 5 9 13 4 7 12 
574,2.0599e-06,2.48479e-06,1.90653e-06,50,100,100,402448,0 11 14 8 1 3 10 6 2 5 9 13 4 7 12 
575,2.04564e-06,2.48479e-06,1.90385e-06,50,100,100,402448,0 11 14 8 1 3 10 6 2 5 9 13 4 7 12 
576,2.05658e-06,2.48479e-06,1.89788e-06,50,100,100,402448,0 11 14 8 1 3 10 6 2 5 9 13 4 7 12 
577,2.05177e-06,2.48479e-06,1.91502e-06,50,100,100,402448,0 11 14 8 1 3 10 6 2 5 9 13 4 7 12 
578,2.06027e-06,2.48479e-06,1.86347e-06,50,100,100,402448,0 11 14 8 1 3 10 6 2 5 9 13 4 7 12 
579,2.05825e-06,2.48479e-06,1.9265e-06,50,100,100,402448,0 11 14 8 1 3 10 6 2 5 9 13 4 7 12 
580,2.06162e-06,2.48479e-06,1.93703e-06,50,100,100,402448,0 11 14 8 1 3 10 6 2 5 9 13 4 7 12 
581,2.0719e-06,2.48479e-06,1.92251e-06,50,100,100,402448,0 11 14 8 1 3 10 6 2 5 9 13 4 7 12 
582,2.06066e-06,2.48479e-06,1.88105e-06,50,100,100,402448,0 11 14 8 1 3 10 6 2 5 9 13 4 7 12 
583,2.07479e-06,2.48479e-06,1.91851e-06,50,100,100,402448,0 11 14 8 1 3 10 6 2 5 9 13 4 7 12 
584,2.07233e-06,2.48479e-06,1.92072e-06,50,100,100,402448,0 11 14 8 1 3 10 6 2 5 9 13 4 7 12 
585,2.07619e-06,2.48479e-06,1.92856e-06,50,100,100,402448,0 11 14 8 1 3 10 6 2 5 9 13 4 7 12 
586,2.07733e-06,2.48479e-06,1.90021e-06,50,100,100,402448,0 11 14 8 1 3 10 6 2 5 9 13 4 7 12 
587,2.06531e-06,2.48479e-06,1.92732e-06,50,100,100,402448,0 11 14 8 1 3 10 6 2 5 9 13 4 7 12 
588,2.06652e-06,2.48479e-06,1.91836e-06,50,100,100,402448,0 11 14 8 1 3 10 6 2 5 9 13 4 7 12 
589,2.06908e-06,2.48479e-06,1.91743e-06,50,100,100,402448,0 11 14 8 1 3 10 6 2 5 9 13 4 7 12 
590,2.06027e-06,2.48479e-06,1.88786e-06,50,100,100,402448,0 11 14 8 1 3 10 6 2 5 9 13 4 7 12 
591,2.06692e-06,2.48479e-06,1.91881e-06,50,100,100,402448,0 11 14 8 1 3 10 6 2 5 9 13 4 7 12 
592,2.07534e-06,2.48479e-06,1.89295e-06,50,100,100,402448,0 11 14 8 1 3 10 6 2 5 9 13 4 7 12 
593,2.07279e-06,2.48479e-06,1.91912e-06,50,100,100,402448,0 11 14 8 1 3 10 6 2 5 9 13 4 7 12 
594,2.06175e-06,2.48479e-06,1.93508e-06,50,100,100,402448,0 11 14 8 1 3 10 6 2 5 9 13 4 7 12 
595,2.06484e-06,2.48479e-06,1.94428e-06,50,100,100,402448,0 11 14 8 1 3 10 6 2 5 9 13 4 7 12 
596,2.06977e-06,2.48479e-06,1.90123e-06,50,100,100,402448,0 11 14 8 1 3 10 6 2 5 9 13 4 7 12 
597,2.05779e-06,2.48479e-06,1.90783e-06,50,100,100,402448,0 11 14 8 1 3 10 6 2 5 9 13 4 7 12 
598,2.06239e-06,2.48479e-06,1.89682e-06,50,100,100,402448,0 11 14 8 1 3 10 6 2 5 9 13 4 7 12 
599,2.06068e-06,2.48479e-06,1.93014e-06,50,100,100,402448,0 11 14 8 1 3 10 6 2 5 9 13 4 7 12 
600,2.05741e-06,2.48479e-06,1.88067e-06,50,100,100,402448,0 11 14 8 1 3 10 6 2 5 9 13 4 7 12 
601,2.06962e-06,2.48479e-06,1.92343e-06,50,100,100,402448,0 11 14 8 1 3 10 6 2 5 9 13 4 7 12 
602,2.07146e-06,2.48479e-06,1.94446e-06,50,100,100,402448,0 11 14 8 1 3 10 6 2 5 9 13 4 7 12 
603,2.06113e-06,2.48479e-06,1.90655e-06,50,100,100,402448,0 11 14 8 1 3 10 6 2 5 9 13 4 7 12 
604,2.07024e-06,2.48479e-06,1.93029e-06,50,100,100,402448,0 11 14 8 1 3 10 6 2 5 9 13 4 7 12 
605,2.05783e-06,2.48479e-06,1.92601e-06,50,100,100,402448,0 11 14 8 1 3 10 6 2 5 9 13 4 7 12 
606,2.06441e-06,2.48479e-06,1.91488e-06,50,100,100,402448,0 11 14 8 1 3 10 6 2 5 9 13 4 7 12 
607,2.06292e-06,2.48479e-06,1.89831e-06,50,100,100,402448,0 11 14 8 1 3 10 6 2 5 9 13 4 7 12 
608,2.07377e-06,2.48479e-06,1.93466e-06,50,100,100,402448,0 11 14 8 1 3 10 6 2 5 9 13 4 7 12 
609,2.07505e-06,2.48479e-06,1.9258e-06,50,100,100,402448,0 11 14 8 1 3 10 6 2 5 9 13 4 7 12 
610,2.06005e-06,2.48479e-06,1.86991e-06,50,100,100,402448,0 11 14 8 1 3 10 6 2 5 9 13 4 7 12 
611,2.06447e-06,2.48479e-06,1.91996e-06,50,100,100,402448,0 11 14 8 1 3 10 6 2 5 9 13 4 7 12 
612,2.07393e-06,2.48479e-06,1.91831e-06,50,100,100,402448,0 11 14 8 1 3 10 6 2 5 9 13 4 7 12 
613,2.06748e-06,2.48479e-06,1.93422e-06,50,100,100,402448,0 11 14 8 1 3 10 6 2 5 9 13 4 7 12 
614,2.06717e-06,2.48479e-06,1.90921e-06,50,100,100,402448,0 11 14 8 1 3 10 6 2 5 9 13 4 7 12 
615,2.06317e-06,2.48479e-06,1.9139e-06,50,100,100,402448,0 11 14 8 1 3 10 6 2 5 9 13 4 7 12 
616,2.06208e-06,2.48479e-06,1.90942e-06,50,100,100,402448,0 11 14 8 1 3 10 6 2 5 9 13 4 7 12 
617,2.05962e-06,2.48479e-06,1.89924e-06,50,100,100,402448,0 11 14 8 1 3 10 6 2 5 9 13 4 7 12 
618,2.0623e-06,2.48479e-06,1.92855e-06,50,100,100,402448,0 11 14 8 1 3 10 6 2 5 9 13 4 7 12 
619,2.07425e-06,2.48479e-06,1.91731e-06,50,100,100,402448,0 11 14 8 1 3 10 6 2 5 9 13 4 7 12 
620,2.06786e-06,2.48479e-06,1.92569e-06,50,100,100,402448,0 11 14 8 1 3 10 6 2 5 9 13 4 7 12 
621,2.06134e-06,2.48479e-06,1.88971e-06,50,100,100,402448,0 11 14 8 1 3 10 6 2 5 9 13 4 7 12 
622,2.06585e-06,2.48479e-06,1.89809e-06,50,100,100,402448,0 11 14 8 1 3 10 6 2 5 9 13 4 7 12 
623,2.06704e-06,2.48479e-06,1.90373e-06,50,100,100,402448,0 11 14 8 1 3 10 6 2 5 9 13 4 7 12 
624,2.07452e-06,2.48479e-06,1.89095e-06,50,100,100,402448,0 11 14 8 1 3 10 6 2 5 9 13 4 7 12 
625,2.08059e-06,2.48479e-06,1.93548e-06,50,100,100,402448,0 11 14 8 1 3 10 6 2 5 9 13 4 7 12 
626,2.07531e-06,2.48479e-06,1.92404e-06,50,100,100,402448,0 11 14 8 1 3 10 6 2 5 9 13 4 7 12 
627,2.06536e-06,2.48479e-06,1.93051e-06,50,100,100,402448,0 11 14 8 1 3 10 6 2 5 9 13 4 7 12 
628,2.06352e-06,2.48479e-06,1.90304e-06,50,100,100,402448,0 11 14 8 1 3 10 6 2 5 9 13 4 7 12 
629,2.06451e-06,2.48479e-06,1.91935e-06,50,100,100,402448,0 11 14 8 1 3 10 6 2 5 9 13 4 7 12 
630,2.07705e-06,2.48479e-06,1.93286e-06,50,100,100,402448,0 11 14 8 1 3 10 6 2 5 9 13 4 7 12 
631,2.05695e-06,2.48479e-06,1.91185e-06,50,100,100,402448,0 11 14 8 1 3 10 6 2 5 9 13 4 7 12 
632,2.06019e-06,2.48479e-06,1.93224e-06,50,100,100,402448,0 11 14 8 1 3 10 6 2 5 9 13 4 7 12 
633,2.04759e-06,2.48479e-06,1.93245e-06,50,100,100,402448,0 11 14 8 1 3 10 6 2 5 9 13 4 7 12 
634,2.0593e-06,2.48479e-06,1.87998e-06,50,100,100,402448,0 11 14 8 1 3 10 6 2 5 9 13 4 7 12 
635,2.06594e-06,2.48479e-06,1.91606e-06,50,100,100,402448,0 11 14 8 1 3 10 6 2 5 9 13 4 7 12 
636,2.07659e-06,2.48479e-06,1.90946e-06,50,100,100,402448,0 11 14 8 1 3 10 6 2 5 9 13 4 7 12 
637,2.06878e-06,2.48479e-06,1.92552e-06,50,100,100,402448,0 11 14 8 1 3 10 6 2 5 9 13 4 7 12 
638,2.07675e-06,2.48479e-06,1.90801e-06,50,100,100,402448,0 11 14 8 1 3 10 6 2 5 9 13 4 7 12 
639,2.06752e-06,2.48479e-06,1.91386e-06,50,100,100,402448,0 11 14 8 1 3 10 6 2 5 9 13 4 7 12 
640,2.06991e-06,2.48479e-06,1.91782e-06,50,100,100,402448,0 11 14 8 1 3 10 6 2 5 9 13 4 7 12 
641,2.06491e-06,2.48479e-06,1.91299e-06,50,100,100,402448,0 11 14 8 1 3 10 6 2 5 9 13 4 7 12 
642,2.06366e-06,2.48479e-06,1.89506e-06,50,100,100,402448,0 11 14 8 1 3 10 6 2 5 9 13 4 7 12 
643,2.0523e-06,2.48479e-06,1.89646e-06,50,100,100,402448,0 11 14 8 1 3 10 6 2 5 9 13 4 7 12 
644,2.0633e-06,2.48479e-06,1.88246e-06,50,100,100,402448,0 11 14 8 1 3 10 6 2 5 9 13 4 7 12 
645,2.05426e-06,2.48479e-06,1.902e-06,50,100,100,402448,0 11 14 8 1 3 10 6 2 5 9 13 4 7 12 
646,2.06758e-06,2.48479e-06,1.90879e-06,50,100,100,402448,0 11 14 8 1 3 10 6 2 5 9 13 4 7 12 
647,2.06126e-06,2.48479e-06,1.91488e-06,50,100,100,402448,0 11 14 8 1 3 10 6 2 5 9 13 4 7 12 
648,2.06582e-06,2.48479e-06,1.955e-06,50,100,100,402448,0 11 14 8 1 3 10 6 2 5 9 13 4 7 12 
649,2.06614e-06,2.48479e-06,1.89946e-06,50,100,100,402448,0 11 14 8 1 3 10 6 2 5 9 13 4 7 12 
650,2.05432e-06,2.48479e-06,1.89956e-06,50,100,100,402448,0 11 14 8 1 3 10 6 2 5 9 13 4 7 12 
651,2.06227e-06,2.48479e-06,1.89888e-06,50,100,100,402448,0 11 14 8 1 3 10 6 2 5 9 13 4 7 12 
652,2.06603e-06,2.48479e-06,1.88203e-06,50,100,100,402448,0 11 14 8 1 3 10 6 2 5 9 13 4 7 12 
653,2.06882e-06,2.48479e-06,1.93741e-06,50,100,100,402448,0 11 14 8 1 3 10 6 2 5 9 13 4 7 12 
654,2.06006e-06,2.48479e-06,1.93692e-06,50,100,100,402448,0 11 14 8 1 3 10 6 2 5 9 13 4 7 12 
655,2.04902e-06,2.48479e-06,1.90641e-06,50,100,100,402448,0 11 14 8 1 3 10 6 2 5 9 13 4 7 12 
656,2.06507e-06,2.48479e-06,1.95405e-06,50,100,100,402448,0 11 14 8 1 3 10 6 2 5 9 13 4 7 12 
657,2.05963e-06,2.48479e-06,1.88678e-06,50,100,100,402448,0 11 14 8 1 3 10 6 2 5 9 13 4 7 12 
658,2.06642e-06,2.48479e-06,1.90637e-06,50,100,100,402448,0 11 14 8 1 3 10 6 2 5 9 13 4 7 12 
659,2.07354e-06,2.48479e-06,1.91626e-06,50,100,100,402448,0 11 14 8 1 3 10 6 2 5 9 13 4 7 12 
660,2.05597e-06,2.48479e-06,1.92068e-06,50,100,100,402448,0 11 14 8 1 3 10 6 2 5 9 13 4 7 12 
661,2.05153e-06,2.48479e-06,1.89498e-06,50,100,100,402448,0 11 14 8 1 3 10 6 2 5 9 13 4 7 12 
662,2.06196e-06,2.48479e-06,1.91096e-06,50,100,100,402448,0 11 14 8 1 3 10 6 2 5 9 13 4 7 12 
663,2.05117e-06,2.48479e-06,1.92987e-06,50,100,100,402448,0 11 14 8 1 3 10 6 2 5 9 13 4 7 12 
664,2.05392e-06,2.48479e-06,1.90805e-06,50,100,100,402448,0 11 14 8 1 3 10 6 2 5 9 13 4 7 12 
665,2.05803e-06,2.48479e-06,1.87872e-06,50,100,100,402448,0 11 14 8 1 3 10 6 2 5 9 13 4 7 12 
666,2.06322e-06,2.48479e-06,1.9212e-06,50,100,100,402448,0 11 14 8 1 3 10 6 2 5 9 13 4 7 12 
667,2.05996e-06,2.48479e-06,1.90886e-06,50,100,100,402448,0 11 14 8 1 3 10 6 2 5 9 13 4 7 12 
668,2.06084e-06,2.48479e-06,1.91054e-06,50,100,100,402448,0 11 14 8 1 3 10 6 2 5 9 13 4 7 12 
669,2.05119e-06,2.48479e-06,1.89273e-06,50,100,100,402448,0 11 14 8 1 3 10 6 2 5 9 13 4 7 12 
670,2.05224e-06,2.48479e-06,1.92495e-06,50,100,100,402448,0 11 14 8 1 3 10 6 2 5 9 13 4 7 12 
671,2.05662e-06,2.48479e-06,1.9021e-06,50,100,100,402448,0 11 14 8 1 3 10 6 2 5 9 13 4 7 12 
672,2.05538e-06,2.48655e-06,1.91716e-06,50,100,100,402162,0 7 14 8 1 3 10 6 2 5 9 13 4 11 12 
673,2.07582e-06,2.48655e-06,1.91485e-06,50,100,100,402162,0 7 14 8 1 3 10 6 2 5 9 13 4 11 12 
674,2.07071e-06,2.48655e-06,1.91566e-06,50,100,100,402162,0 7 14 8 1 3 10 6 2 5 9 13 4 11 12 
675,2.05965e-06,2.48655e-06,1.90781e-06,50,100,100,402162,0 7 14 8 1 3 10 6 2 5 9 13 4 11 12 
676,2.06169e-06,2.48655e-06,1.9195e-06,50,100,100,402162,0 7 14 8 1 3 10 6 2 5 9 13 4 11 12 
677,2.07148e-06,2.48655e-06,1.92525e-06,50,100,100,402162,0 7 14 8 1 3 10 6 2 5 9 13 4 11 12 
678,2.06255e-06,2.48655e-06,1.93648e-06,50,100,100,402162,0 7 14 8 1 3 10 6 2 5 9 13 4 11 12 
679,2.05666e-06,2.48655e-06,1.89087e-06,50,100,100,402162,0 7 14 8 1 3 10 6 2 5 9 13 4 11 12 
680,2.0553e-06,2.48655e-06,1.91537e-06,50,100,100,402162,0 7 14 8 1 3 10 6 2 5 9 13 4 11 12 
681,2.06988e-06,2.48655e-06,1.94423e-06,50,100,100,402162,0 7 14 8 1 3 10 6 2 5 9 13 4 11 12 
682,2.07496e-06,2.48655e-06,1.94266e-06,50,100,100,402162,0 7 14 8 1 3 10 6 2 5 9 13 4 11 12 
683,2.06357e-06,2.48655e-06,1.91713e-06,50,100,100,402162,0 7 14 8 1 3 10 6 2 5 9 13 4 11 12 
684,2.06441e-06,2.48655e-06,1.9053e-06,50,100,100,402162,0 7 14 8 1 3 10 6 2 5 9 13 4 11 12 
685,2.06798e-06,2.48655e-06,1.90034e-06,50,100,100,402162,0 7 14 8 1 3 10 6 2 5 9 13 4 11 12 
686,2.05544e-06,2.48655e-06,1.91163e-06,50,100,100,402162,0 7 14 8 1 3 10 6 2 5 9 13 4 11 12 
687,2.05893e-06,2.48655e-06,1.92006e-06,50,100,100,402162,0 7 14 8 1 3 10 6 2 5 9 13 4 11 12 
688,2.0502e-06,2.48655e-06,1.89815e-06,50,100,100,402162,0 7 14 8 1 3 10 6 2 5 9 13 4 11 12 
689,2.04242e-06,2.48655e-06,1.90949e-06,50,100,100,402162,0 7 14 8 1 3 10 6 2 5 9 13 4 11 12 
690,2.04524e-06,2.48655e-06,1.90946e-06,50,100,100,402162,0 7 14 8 1 3 10 6 2 5 9 13 4 11 12 
691,2.05919e-06,2.48655e-06,1.86339e-06,50,100,100,402162,0 7 14 8 1 3 10 6 2 5 9 13 4 11 12 
692,2.06338e-06,2.48655e-06,1.91091e-06,50,100,100,402162,0 7 14 8 1 3 10 6 2 5 9 13 4 11 12 
693,2.08088e-06,2.48655e-06,1.89918e-06,50,100,100,402162,0 7 14 8 1 3 10 6 2 5 9 13 4 11 12 
694,2.0641e-06,2.48655e-06,1.91259e-06,50,100,100,402162,0 7 14 8 1 3 10 6 2 5 9 13 4 11 12 
695,2.0585e-06,2.48655e-06,1.94348e-06,50,100,100,402162,0 7 14 8 1 3 10 6 2 5 9 13 4 11 12 
696,2.04907e-06,2.48655e-06,1.90628e-06,50,100,100,402162,0 7 14 8 1 3 10 6 2 5 9 13 4 11 12 
697,2.05066e-06,2.48655e-06,1.87379e-06,50,100,100,402162,0 7 14 8 1 3 10 6 2 5 9 13 4 11 12 
698,2.058e-06,2.48655e-06,1.91304e-06,50,100,100,402162,0 7 14 8 1 3 10 6 2 5 9 13 4 11 12 
699,2.06856e-06,2.48655e-06,1.90924e-06,50,100,100,402162,0 7 14 8 1 3 10 6 2 5 9 13 4 11 12 
700,2.06852e-06,2.48655e-06,1.91138e-06,50,100,100,402162,0 7 14 8 1 3 10 6 2 5 9 13 4 11 12 
701,2.06528e-06,2.48655e-06,1.90895e-06,50,100,100,402162,0 7 14 8 1 3 10 6 2 5 9 13 4 11 12 
702,2.06463e-06,2.48655e-06,1.91997e-06,50,100,100,402162,0 7 14 8 1 3 10 6 2 5 9 13 4 11 12 
703,2.05649e-06,2.48655e-06,1.91323e-06,50,100,100,402162,0 7 14 8 1 3 10 6 2 5 9 13 4 11 12 
704,2.05847e-06,2.48655e-06,1.92114e-06,50,100,100,402162,0 7 14 8 1 3 10 6 2 5 9 13 4 11 12 
705,2.0624e-06,2.48655e-06,1.92061e-06,50,100,100,402162,0 7 14 8 1 3 10 6 2 5 9 13 4 11 12 
706,2.07225e-06,2.48655e-06,1.9153e-06,50,100,100,402162,0 7 14 8 1 3 10 6 2 5 9 13 4 11 12 
707,2.06229e-06,2.48655e-06,1.92814e-06,50,100,100,402162,0 7 14 8 1 3 10 6 2 5 9 13 4 11 12 
708,2.074e-06,2.48655e-06,1.91689e-06,50,100,100,402162,0 7 14 8 1 3 10 6 2 5 9 13 4 11 12 
709,2.06532e-06,2.48655e-06,1.89041e-06,50,100,100,402162,0 7 14 8 1 3 10 6 2 5 9 13 4 11 12 
710,2.06682e-06,2.48655e-06,1.92795e-06,50,100,100,402162,0 7 14 8 1 3 10 6 2 5 9 13 4 11 12 
711,2.07371e-06,2.48655e-06,1.93089e-06,50,100,100,402162,0 7 14 8 1 3 10 6 2 5 9 13 4 11 12 
712,2.05837e-06,2.48655e-06,1.88734e-06,50,100,100,402162,0 7 14 8 1 3 10 6 2 5 9 13 4 11 12 
713,2.05273e-06,2.48655e-06,1.91302e-06,50,100,100,402162,0 7 14 8 1 3 10 6 2 5 9 13 4 11 12 
714,2.06913e-06,2.48655e-06,1.90203e-06,50,100,100,402162,0 7 14 8 1 3 10 6 2 5 9 13 4 11 12 
715,2.05346e-06,2.48655e-06,1.87104e-06,50,100,100,402162,0 7 14 8 1 3 10 6 2 5 9 13 4 11 12 
716,2.05791e-06,2.48655e-06,1.91091e-06,50,100,100,402162,0 7 14 8 1 3 10 6 2 5 9 13 4 11 12 
717,2.06351e-06,2.48655e-06,1.88187e-06,50,100,100,402162,0 7 14 8 1 3 10 6 2 5 9 13 4 11 12 
718,2.05995e-06,2.48655e-06,1.89318e-06,50,100,100,402162,0 7 14 8 1 3 10 6 2 5 9 13 4 11 12 
719,2.06333e-06,2.48655e-06,1.90543e-06,50,100,100,402162,0 7 14 8 1 3 10 6 2 5 9 13 4 11 12 
720,2.05309e-06,2.48655e-06,1.88317e-06,50,100,100,402162,0 7 14 8 1 3 10 6 2 5 9 13 4 11 12 
721,2.04854e-06,2.48655e-06,1.88411e-06,50,100,100,402162,0 7 14 8 1 3 10 6 2 5 9 13 4 11 12 
722,2.04776e-06,2.48655e-06,1.91839e-06,50,100,100,402162,0 7 14 8 1 3 10 6 2 5 9 13 4 11 12 
723,2.05998e-06,2.48655e-06,1.90984e-06,50,100,100,402162,0 7 14 8 1 3 10 6 2 5 9 13 4 11 12 
724,2.05442e-06,2.48655e-06,1.90582e-06,50,100,100,402162,0 7 14 8 1 3 10 6 2 5 9 13 4 11 12 
725,2.05409e-06,2.48655e-06,1.91549e-06,50,100,100,402162,0 7 14 8 1 3 10 6 2 5 9 13 4 11 12 
726,2.0566e-06,2.48655e-06,1.9071e-06,50,100,100,402162,0 7 14 8 1 3 10 6 2 5 9 13 4 11 12 
727,2.07134e-06,2.48655e-06,1.92083e-06,50,100,100,402162,0 7 14 8 1 3 10 6 2 5 9 13 4 11 12 
728,2.05882e-06,2.48655e-06,1.90581e-06,50,100,100,402162,0 7 14 8 1 3 10 6 2 5 9 13 4 11 12 
729,2.05845e-06,2.48655e-06,1.89023e-06,50,100,100,402162,0 7 14 8 1 3 10 6 2 5 9 13 4 11 12 
730,2.066e-06,2.48655e-06,1.91201e-06,50,100,100,402162,0 7 14 8 1 3 10 6 2 5 9 13 4 11 12 
731,2.08137e-06,2.48655e-06,1.93551e-06,50,100,100,402162,0 7 14 8 1 3 10 6 2 5 9 13 4 11 12 
732,2.06847e-06,2.48655e-06,1.94696e-06,50,100,100,402162,0 7 14 8 1 3 10 6 2 5 9 13 4 11 12 
733,2.05442e-06,2.48655e-06,1.91165e-06,50,100,100,402162,0 7 14 8 1 3 10 6 2 5 9 13 4 11 12 
734,2.06067e-06,2.48655e-06,1.93577e-06,50,100,100,402162,0 7 14 8 1 3 10 6 2 5 9 13 4 11 12 
735,2.06814e-06,2.48655e-06,1.86851e-06,50,100,100,402162,0 7 14 8 1 3 10 6 2 5 9 13 4 11 12 
736,2.06307e-06,2.48655e-06,1.89685e-06,50,100,100,402162,0 7 14 8 1 3 10 6 2 5 9 13 4 11 12 
737,2.05834e-06,2.48655e-06,1.92601e-06,50,100,100,402162,0 7 14 8 1 3 10 6 2 5 9 13 4 11 12 
738,2.05696e-06,2.48655e-06,1.95766e-06,50,100,100,402162,0 7 14 8 1 3 10 6 2 5 9 13 4 11 12 
739,2.06665e-06,2.48655e-06,1.92392e-06,50,100,100,402162,0 7 14 8 1 3 10 6 2 5 9 13 4 11 12 
740,2.05243e-06,2.48655e-06,1.92213e-06,50,100,100,402162,0 7 14 8 1 3 10 6 2 5 9 13 4 11 12 
741,2.0588e-06,2.48655e-06,1.88633e-06,50,100,100,402162,0 7 14 8 1 3 10 6 2 5 9 13 4 11 12 
742,2.06164e-06,2.48655e-06,1.87379e-06,50,100,100,402162,0 7 14 8 1 3 10 6 2 5 9 13 4 11 12 
743,2.07673e-06,2.48655e-06,1.91421e-06,50,100,100,402162,0 7 14 8 1 3 10 6 2 5 9 13 4 11 12 
744,2.06673e-06,2.48655e-06,1.94972e-06,50,100,100,402162,0 7 14 8 1 3 10 6 2 5 9 13 4 11 12 
745,2.06661e-06,2.48655e-06,1.93019e-06,50,100,100,402162,0 7 14 8 1 3 10 6 2 5 9 13 4 11 12 
746,2.05341e-06,2.48655e-06,1.91071e-06,50,100,100,402162,0 7 14 8 1 3 10 6 2 5 9 13 4 11 12 
747,2.07466e-06,2.48655e-06,1.95269e-06,50,100,100,402162,0 7 14 8 1 3 10 6 2 5 9 13 4 11 12 
748,2.06609e-06,2.48655e-06,1.89076e-06,50,100,100,402162,0 7 14 8 1 3 10 6 2 5 9 13 4 11 12 
749,2.07235e-06,2.48655e-06,1.91442e-06,50,100,100,402162,0 7 14 8 1 3 10 6 2 5 9 13 4 11 12 
750,2.0762e-06,2.48655e-06,1.92093e-06,50,100,100,402162,0 7 14 8 1 3 10 6 2 5 9 13 4 11 12 
751,2.05527e-06,2.48655e-06,1.89852e-06,50,100,100,402162,0 7 14 8 1 3 10 6 2 5 9 13 4 11 12 
752,2.0553e-06,2.48655e-06,1.9223e-06,50,100,100,402162,0 7 14 8 1 3 10 6 2 5 9 13 4 11 12 
753,2.0661e-06,2.48655e-06,1.94506e-06,50,100,100,402162,0 7 14 8 1 3 10 6 2 5 9 13 4 11 12 
754,2.06749e-06,2.48655e-06,1.88793e-06,50,100,100,402162,0 7 14 8 1 3 10 6 2 5 9 13 4 11 12 
755,2.05677e-06,2.48655e-06,1.89951e-06,50,100,100,402162,0 7 14 8 1 3 10 6 2 5 9 13 4 11 12 
756,2.06789e-06,2.48655e-06,1.90426e-06,50,100,100,402162,0 7 14 8 1 3 10 6 2 5 9 13 4 11 12 
757,2.07206e-06,2.48655e-06,1.93416e-06,50,100,100,402162,0 7 14 8 1 3 10 6 2 5 9 13 4 11 12 
758,2.07082e-06,2.48655e-06,1.9219e-06,50,100,100,402162,0 7 14 8 1 3 10 6 2 5 9 13 4 11 12 
759,2.08148e-06,2.48655e-06,1.93047e-06,50,100,100,402162,0 7 14 8 1 3 10 6 2 5 9 13 4 11 12 
760,2.07827e-06,2.48655e-06,1.91024e-06,50,100,100,402162,0 7 14 8 1 3 10 6 2 5 9 13 4 11 12 
761,2.06519e-06,2.48655e-06,1.88951e-06,50,100,100,402162,0 7 14 8 1 3 10 6 2 5 9 13 4 11 12 
762,2.05617e-06,2.48655e-06,1.892e-06,50,100,100,402162,0 7 14 8 1 3 10 6 2 5 9 13 4 11 12 
763,2.07456e-06,2.48655e-06,1.91918e-06,50,100,100,402162,0 7 14 8 1 3 10 6 2 5 9 13 4 11 12 
764,2.06407e-06,2.48655e-06,1.93148e-06,50,100,100,402162,0 7 14 8 1 3 10 6 2 5 9 13 4 11 12 
765,2.06074e-06,2.48655e-06,1.90146e-06,50,100,100,402162,0 7 14 8 1 3 10 6 2 5 9 13 4 11 12 
766,2.06168e-06,2.48655e-06,1.90917e-06,50,100,100,402162,0 7 14 8 1 3 10 6 2 5 9 13 4 11 12 
767,2.07006e-06,2.48655e-06,1.919e-06,50,100,100,402162,0 7 14 8 1 3 10 6 2 5 9 13 4 11 12 
768,2.06557e-06,2.48655e-06,1.90937e-06,50,100,100,402162,0 7 14 8 1 3 10 6 2 5 9 13 4 11 12 
769,2.07605e-06,2.48655e-06,1.93046e-06,50,100,100,402162,0 7 14 8 1 3 10 6 2 5 9 13 4 11 12 
770,2.07514e-06,2.48655e-06,1.92896e-06,50,100,100,402162,0 7 14 8 1 3 10 6 2 5 9 13 4 11 12 
771,2.06856e-06,2.48655e-06,1.9128e-06,50,100,100,402162,0 7 14 8 1 3 10 6 2 5 9 13 4 11 12 
772,2.06246e-06,2.48655e-06,1.902e-06,50,100,100,402162,0 7 14 8 1 3 10 6 2 5 9 13 4 11 12 
773,2.07341e-06,2.48655e-06,1.91035e-06,50,100,100,402162,0 7 14 8 1 3 10 6 2 5 9 13 4 11 12 
774,2.07578e-06,2.48655e-06,1.93718e-06,50,100,100,402162,0 7 14 8 1 3 10 6 2 5 9 13 4 11 12 
775,2.05429e-06,2.48655e-06,1.91039e-06,50,100,100,402162,0 7 14 8 1 3 10 6 2 5 9 13 4 11 12 
776,2.06212e-06,2.48655e-06,1.91837e-06,50,100,100,402162,0 7 14 8 1 3 10 6 2 5 9 13 4 11 12 
777,2.06975e-06,2.48655e-06,1.93508e-06,50,100,100,402162,0 7 14 8 1 3 10 6 2 5 9 13 4 11 12 
778,2.07133e-06,2.48655e-06,1.93263e-06,50,100,100,402162,0 7 14 8 1 3 10 6 2 5 9 13 4 11 12 
779,2.06236e-06,2.48655e-06,1.91384e-06,50,100,100,402162,0 7 14 8 1 3 10 6 2 5 9 13 4 11 12 
780,2.06743e-06,2.48655e-06,1.91932e-06,50,100,100,402162,0 7 14 8 1 3 10 6 2 5 9 13 4 11 12 
781,2.06178e-06,2.48655e-06,1.89152e-06,50,100,100,402162,0 7 14 8 1 3 10 6 2 5 9 13 4 11 12 
782,2.05947e-06,2.48655e-06,1.86632e-06,50,100,100,402162,0 7 14 8 1 3 10 6 2 5 9 13 4 11 12 
783,2.07003e-06,2.48655e-06,1.89505e-06,50,100,100,402162,0 7 14 8 1 3 10 6 2 5 9 13 4 11 12 
784,2.06786e-06,2.48655e-06,1.92873e-06,50,100,100,402162,0 7 14 8 1 3 10 6 2 5 9 13 4 11 12 
785,2.07584e-06,2.48655e-06,1.88367e-06,50,100,100,402162,0 7 14 8 1 3 10 6 2 5 9 13 4 11 12 
786,2.06602e-06,2.48655e-06,1.9006e-06,50,100,100,402162,0 7 14 8 1 3 10 6 2 5 9 13 4 11 12 
787,2.07147e-06,2.48655e-06,1.92529e-06,50,100,100,402162,0 7 14 8 1 3 10 6 2 5 9 13 4 11 12 
788,2.06666e-06,2.48655e-06,1.91174e-06,50,100,100,402162,0 7 14 8 1 3 10 6 2 5 9 13 4 11 12 
789,2.05809e-06,2.48655e-06,1.89898e-06,50,100,100,402162,0 7 14 8 1 3 10 6 2 5 9 13 4 11 12 
790,2.07735e-06,2.48655e-06,1.9227e-06,50,100,100,402162,0 7 14 8 1 3 10 6 2 5 9 13 4 11 12 
791,2.07108e-06,2.48655e-06,1.90527e-06,50,100,100,402162,0 7 14 8 1 3 10 6 2 5 9 13 4 11 12 
792,2.06895e-06,2.48655e-06,1.89631e-06,50,100,100,402162,0 7 14 8 1 3 10 6 2 5 9 13 4 11 12 
793,2.05954e-06,2.48655e-06,1.91973e-06,50,100,100,402162,0 7 14 8 1 3 10 6 2 5 9 13 4 11 12 
794,2.06458e-06,2.48655e-06,1.9022e-06,50,100,100,402162,0 7 14 8 1 3 10 6 2 5 9 13 4 11 12 
795,2.07773e-06,2.48655e-06,1.9284e-06,50,100,100,402162,0 7 14 8 1 3 10 6 2 5 9 13 4 11 12 
796,2.06194e-06,2.48655e-06,1.91877e-06,50,100,100,402162,0 7 14 8 1 3 10 6 2 5 9 13 4 11 12 
797,2.07398e-06,2.48655e-06,1.92156e-06,50,100,100,402162,0 7 14 8 1 3 10 6 2 5 9 13 4 11 12 
798,2.06728e-06,2.48655e-06,1.89098e-06,50,100,100,402162,0 7 14 8 1 3 10 6 2 5 9 13 4 11 12 
799,2.05344e-06,2.48655e-06,1.92628e-06,50,100,100,402162,0 7 14 8 1 3 10 6 2 5 9 13 4 11 12 
800,2.06858e-06,2.48655e-06,1.89932e-06,50,100,100,402162,0 7 14 8 1 3 10 6 2 5 9 13 4 11 12 
801,2.07188e-06,2.48655e-06,1.93038e-06,50,100,100,402162,0 7 14 8 1 3 10 6 2 5 9 13 4 11 12 
802,2.07327e-06,2.48655e-06,1.90316e-06,50,100,100,402162,0 7 14 8 1 3 10 6 2 5 9 13 4 11 12 
803,2.07309e-06,2.48655e-06,1.93216e-06,50,100,100,402162,0 7 14 8 1 3 10 6 2 5 9 13 4 11 12 
804,2.06043e-06,2.48655e-06,1.91592e-06,50,100,100,402162,0 7 14 8 1 3 10 6 2 5 9 13 4 11 12 
805,2.0686e-06,2.48655e-06,1.91802e-06,50,100,100,402162,0 7 14 8 1 3 10 6 2 5 9 13 4 11 12 
806,2.06597e-06,2.48655e-06,1.91858e-06,50,100,100,402162,0 7 14 8 1 3 10 6 2 5 9 13 4 11 12 
807,2.06626e-06,2.48655e-06,1.90547e-06,50,100,100,402162,0 7 14 8 1 3 10 6 2 5 9 13 4 11 12 
808,2.0691e-06,2.48655e-06,1.92527e-06,50,100,100,402162,0 7 14 8 1 3 10 6 2 5 9 13 4 11 12 
809,2.05181e-06,2.48655e-06,1.85396e-06,50,100,100,402162,0 7 14 8 1 3 10 6 2 5 9 13 4 11 12 
810,2.05973e-06,2.48655e-06,1.90773e-06,50,100,100,402162,0 7 14 8 1 3 10 6 2 5 9 13 4 11 12 
811,2.05838e-06,2.48655e-06,1.93379e-06,50,100,100,402162,0 7 14 8 1 3 10 6 2 5 9 13 4 11 12 
812,2.072e-06,2.48655e-06,1.90976e-06,50,100,100,402162,0 7 14 8 1 3 10 6 2 5 9 13 4 11 12 
813,2.07201e-06,2.48655e-06,1.91828e-06,50,100,100,402162,0 7 14 8 1 3 10 6 2 5 9 13 4 11 12 
814,2.06575e-06,2.48655e-06,1.89898e-06,50,100,100,402162,0 7 14 8 1 3 10 6 2 5 9 13 4 11 12 
815,2.07803e-06,2.48655e-06,1.90246e-06,50,100,100,402162,0 7 14 8 1 3 10 6 2 5 9 13 4 11 12 
816,2.07489e-06,2.48655e-06,1.914e-06,50,100,100,402162,0 7 14 8 1 3 10 6 2 5 9 13 4 11 12 
817,2.08098e-06,2.48655e-06,1.90739e-06,50,100,100,402162,0 7 14 8 1 3 10 6 2 5 9 13 4 11 12 
818,2.06153e-06,2.48655e-06,1.93784e-06,50,100,100,402162,0 7 14 8 1 3 10 6 2 5 9 13 4 11 12 
819,2.06591e-06,2.48655e-06,1.87076e-06,50,100,100,402162,0 7 14 8 1 3 10 6 2 5 9 13 4 11 12 
820,2.0623e-06,2.48655e-06,1.91137e-06,50,100,100,402162,0 7 14 8 1 3 10 6 2 5 9 13 4 11 12 
821,2.06197e-06,2.48655e-06,1.88873e-06,50,100,100,402162,0 7 14 8 1 3 10 6 2 5 9 13 4 11 12 
822,2.06185e-06,2.48655e-06,1.9454e-06,50,100,100,402162,0 7 14 8 1 3 10 6 2 5 9 13 4 11 12 
823,2.05641e-06,2.48655e-06,1.88414e-06,50,100,100,402162,0 7 14 8 1 3 10 6 2 5 9 13 4 11 12 
824,2.05294e-06,2.48655e-06,1.92375e-06,50,100,100,402162,0 7 14 8 1 3 10 6 2 5 9 13 4 11 12 
825,2.04601e-06,2.48655e-06,1.90851e-06,50,100,100,402162,0 7 14 8 1 3 10 6 2 5 9 13 4 11 12 
826,2.05419e-06,2.48655e-06,1.86293e-06,50,100,100,402162,0 7 14 8 1 3 10 6 2 5 9 13 4 11 12 
827,2.07154e-06,2.48655e-06,1.92636e-06,50,100,100,402162,0 7 14 8 1 3 10 6 2 5 9 13 4 11 12 
828,2.06056e-06,2.48655e-06,1.92165e-06,50,100,100,402162,0 7 14 8 1 3 10 6 2 5 9 13 4 11 12 
829,2.05704e-06,2.48655e-06,1.89919e-06,50,100,100,402162,0 7 14 8 1 3 10 6 2 5 9 13 4 11 12 
830,2.05481e-06,2.48655e-06,1.91169e-06,50,100,100,402162,0 7 14 8 1 3 10 6 2 5 9 13 4 11 12 
831,2.06456e-06,2.48655e-06,1.90653e-06,50,100,100,402162,0 7 14 8 1 3 10 6 2 5 9 13 4 11 12 
832,2.0692e-06,2.48655e-06,1.91522e-06,50,100,100,402162,0 7 14 8 1 3 10 6 2 5 9 13 4 11 12 
833,2.07336e-06,2.48655e-06,1.91449e-06,50,100,100,402162,0 7 14 8 1 3 10 6 2 5 9 13 4 11 12 
834,2.06025e-06,2.48655e-06,1.93353e-06,50,100,100,402162,0 7 14 8 1 3 10 6 2 5 9 13 4 11 12 
835,2.05841e-06,2.48655e-06,1.86353e-06,50,100,100,402162,0 7 14 8 1 3 10 6 2 5 9 13 4 11 12 
836,2.05695e-06,2.48655e-06,1.90994e-06,50,100,100,402162,0 7 14 8 1 3 10 6 2 5 9 13 4 11 12 
837,2.06611e-06,2.48655e-06,1.92742e-06,50,100,100,402162,0 7 14 8 1 3 10 6 2 5 9 13 4 11 12 
838,2.07038e-06,2.48655e-06,1.88678e-06,50,100,100,402162,0 7 14 8 1 3 10 6 2 5 9 13 4 11 12 
839,2.06915e-06,2.48655e-06,1.92358e-06,50,100,100,402162,0 7 14 8 1 3 10 6 2 5 9 13 4 11 12 
840,2.07195e-06,2.48655e-06,1.91097e-06,50,100,100,402162,0 7 14 8 1 3 10 6 2 5 9 13 4 11 12 
841,2.06292e-06,2.48655e-06,1.90061e-06,50,100,100,402162,0 7 14 8 1 3 10 6 2 5 9 13 4 11 12 
842,2.07229e-06,2.48655e-06,1.84566e-06,50,100,100,402162,0 7 14 8 1 3 10 6 2 5 9 13 4 11 12 
843,2.07139e-06,2.48655e-06,1.92394e-06,50,100,100,402162,0 7 14 8 1 3 10 6 2 5 9 13 4 11 12 
844,2.07104e-06,2.48655e-06,1.92953e-06,50,100,100,402162,0 7 14 8 1 3 10 6 2 5 9 13 4 11 12 
845,2.06027e-06,2.48655e-06,1.92803e-06,50,100,100,402162,0 7 14 8 1 3 10 6 2 5 9 13 4 11 12 
846,2.06324e-06,2.48655e-06,1.88891e-06,50,100,100,402162,0 7 14 8 1 3 10 6 2 5 9 13 4 11 12 
847,2.06691e-06,2.48655e-06,1.91047e-06,50,100,100,402162,0 7 14 8 1 3 10 6 2 5 9 13 4 11 12 
848,2.06558e-06,2.48655e-06,1.93204e-06,50,100,100,402162,0 7 14 8 1 3 10 6 2 5 9 13 4 11 12 
849,2.07442e-06,2.48655e-06,1.94809e-06,50,100,100,402162,0 7 14 8 1 3 10 6 2 5 9 13 4 11 12 
850,2.05703e-06,2.48655e-06,1.92495e-06,50,100,100,402162,0 7 14 8 1 3 10 6 2 5 9 13 4 11 12 
851,2.05679e-06,2.48655e-06,1.91895e-06,50,100,100,402162,0 7 14 8 1 3 10 6 2 5 9 13 4 11 12 
852,2.04748e-06,2.48655e-06,1.91258e-06,50,100,100,402162,0 7 14 8 1 3 10 6 2 5 9 13 4 11 12 
853,2.05786e-06,2.48655e-06,1.90195e-06,50,100,100,402162,0 7 14 8 1 3 10 6 2 5 9 13 4 11 12 
854,2.07316e-06,2.48655e-06,1.91832e-06,50,100,100,402162,0 7 14 8 1 3 10 6 2 5 9 13 4 11 12 
855,2.059e-06,2.48655e-06,1.9208e-06,50,100,100,402162,0 7 14 8 1 3 10 6 2 5 9 13 4 11 12 
856,2.05828e-06,2.48655e-06,1.90408e-06,50,100,100,402162,0 7 14 8 1 3 10 6 2 5 9 13 4 11 12 
857,2.05276e-06,2.48655e-06,1.90971e-06,50,100,100,402162,0 7 14 8 1 3 10 6 2 5 9 13 4 11 12 
858,2.05847e-06,2.48655e-06,1.92214e-06,50,100,100,402162,0 7 14 8 1 3 10 6 2 5 9 13 4 11 12 
859,2.06487e-06,2.48655e-06,1.89442e-06,50,100,100,402162,0 7 14 8 1 3 10 6 2 5 9 13 4 11 12 
860,2.06157e-06,2.48655e-06,1.9141e-06,50,100,100,402162,0 7 14 8 1 3 10 6 2 5 9 13 4 11 12 
861,2.0544e-06,2.48655e-06,1.89862e-06,50,100,100,402162,0 7 14 8 1 3 10 6 2 5 9 13 4 11 12 
862,2.05715e-06,2.48655e-06,1.91787e-06,50,100,100,402162,0 7 14 8 1 3 10 6 2 5 9 13 4 11 12 
863,2.05642e-06,2.48655e-06,1.91127e-06,50,100,100,402162,0 7 14 8 1 3 10 6 2 5 9 13 4 11 12 
864,2.05411e-06,2.48655e-06,1.91389e-06,50,100,100,402162,0 7 14 8 1 3 10 6 2 5 9 13 4 11 12 
865,2.05615e-06,2.48655e-06,1.93038e-06,50,100,100,402162,0 7 14 8 1 3 10 6 2 5 9 13 4 11 12 
866,2.06189e-06,2.48655e-06,1.89769e-06,50,100,100,402162,0 7 14 8 1 3 10 6 2 5 9 13 4 11 12 
867,2.06392e-06,2.48655e-06,1.89445e-06,50,100,100,402162,0 7 14 8 1 3 10 6 2 5 9 13 4 11 12 
868,2.04736e-06,2.48655e-06,1.90613e-06,50,100,100,402162,0 7 14 8 1 3 10 6 2 5 9 13 4 11 12 
869,2.05312e-06,2.48655e-06,1.88867e-06,50,100,100,402162,0 7 14 8 1 3 10 6 2 5 9 13 4 11 12 
870,2.06874e-06,2.48655e-06,1.92699e-06,50,100,100,402162,0 7 14 8 1 3 10 6 2 5 9 13 4 11 12 
871,2.04818e-06,2.48655e-06,1.91054e-06,50,100,100,402162,0 7 14 8 1 3 10 6 2 5 9 13 4 11 12 
872,2.05551e-06,2.48655e-06,1.90893e-06,50,100,100,402162,0 7 14 8 1 3 10 6 2 5 9 13 4 11 12 
873,2.05854e-06,2.48655e-06,1.91544e-06,50,100,100,402162,0 7 14 8 1 3 10 6 2 5 9 13 4 11 12 
874,2.05323e-06,2.48655e-06,1.88722e-06,50,100,100,402162,0 7 14 8 1 3 10 6 2 5 9 13 4 11 12 
875,2.0692e-06,2.48655e-06,1.91179e-06,50,100,100,402162,0 7 14 8 1 3 10 6 2 5 9 13 4 11 12 
876,2.07016e-06,2.48655e-06,1.94132e-06,50,100,100,402162,0 7 14 8 1 3 10 6 2 5 9 13 4 11 12 
877,2.0674e-06,2.48655e-06,1.92261e-06,50,100,100,402162,0 7 14 8 1 3 10 6 2 5 9 13 4 11 12 
878,2.0662e-06,2.48655e-06,1.92114e-06,50,100,100,402162,0 7 14 8 1 3 10 6 2 5 9 13 4 11 12 
879,2.0653e-06,2.48655e-06,1.92083e-06,50,100,100,402162,0 7 14 8 1 3 10 6 2 5 9 13 4 11 12 
880,2.06833e-06,2.48655e-06,1.92226e-06,50,100,100,402162,0 7 14 8 1 3 10 6 2 5 9 13 4 11 12 
881,2.07056e-06,2.48655e-06,1.90099e-06,50,100,100,402162,0 7 14 8 1 3 10 6 2 5 9 13 4 11 12 
882,2.06382e-06,2.48655e-06,1.91848e-06,50,100,100,402162,0 7 14 8 1 3 10 6 2 5 9 13 4 11 12 
883,2.06722e-06,2.48655e-06,1.91096e-06,50,100,100,402162,0 7 14 8 1 3 10 6 2 5 9 13 4 11 12 
884,2.06372e-06,2.48655e-06,1.9206e-06,50,100,100,402162,0 7 14 8 1 3 10 6 2 5 9 13 4 11 12 
885,2.05493e-06,2.48655e-06,1.8565e-06,50,100,100,402162,0 7 14 8 1 3 10 6 2 5 9 13 4 11 12 
886,2.06508e-06,2.48655e-06,1.91177e-06,50,100,100,402162,0 7 14 8 1 3 10 6 2 5 9 13 4 11 12 
887,2.05903e-06,2.48655e-06,1.90474e-06,50,100,100,402162,0 7 14 8 1 3 10 6 2 5 9 13 4 11 12 
888,2.0616e-06,2.48655e-06,1.92019e-06,50,100,100,402162,0 7 14 8 1 3 10 6 2 5 9 13 4 11 12 
889,2.06899e-06,2.48655e-06,1.92766e-06,50,100,100,402162,0 7 14 8 1 3 10 6 2 5 9 13 4 11 12 
890,2.06178e-06,2.48655e-06,1.85292e-06,50,100,100,402162,0 7 14 8 1 3 10 6 2 5 9 13 4 11 12 
891,2.06587e-06,2.48655e-06,1.92748e-06,50,100,100,402162,0 7 14 8 1 3 10 6 2 5 9 13 4 11 12 
892,2.06648e-06,2.48655e-06,1.92513e-06,50,100,100,402162,0 7 14 8 1 3 10 6 2 5 9 13 4 11 12 
893,2.06143e-06,2.48655e-06,1.90559e-06,50,100,100,402162,0 7 14 8 1 3 10 6 2 5 9 13 4 11 12 
894,2.0644e-06,2.48655e-06,1.92682e-06,50,100,100,402162,0 7 14 8 1 3 10 6 2 5 9 13 4 11 12 
895,2.06533e-06,2.48655e-06,1.89788e-06,50,100,100,402162,0 7 14 8 1 3 10 6 2 5 9 13 4 11 12 
896,2.05066e-06,2.48655e-06,1.92787e-06,50,100,100,402162,0 7 14 8 1 3 10 6 2 5 9 13 4 11 12 
897,2.05472e-06,2.48655e-06,1.90376e-06,50,100,100,402162,0 7 14 8 1 3 10 6 2 5 9 13 4 11 12 
898,2.06583e-06,2.48655e-06,1.92794e-06,50,100,100,402162,0 7 14 8 1 3 10 6 2 5 9 13 4 11 12 
899,2.06605e-06,2.48655e-06,1.91072e-06,50,100,100,402162,0 7 14 8 1 3 10 6 2 5 9 13 4 11 12 
900,2.07166e-06,2.48655e-06,1.91318e-06,50,100,100,402162,0 7 14 8 1 3 10 6 2 5 9 13 4 11 12 
901,2.08268e-06,2.48655e-06,1.92538e-06,50,100,100,402162,0 7 14 8 1 3 10 6 2 5 9 13 4 11 12 
902,2.0793e-06,2.48655e-06,1.93061e-06,50,100,100,402162,0 7 14 8 1 3 10 6 2 5 9 13 4 11 12 
903,2.06755e-06,2.48655e-06,1.91809e-06,50,100,100,402162,0 7 14 8 1 3 10 6 2 5 9 13 4 11 12 
904,2.07135e-06,2.48655e-06,1.92988e-06,50,100,100,402162,0 7 14 8 1 3 10 6 2 5 9 13 4 11 12 
905,2.06801e-06,2.48655e-06,1.94158e-06,50,100,100,402162,0 7 14 8 1 3 10 6 2 5 9 13 4 11 12 
906,2.06787e-06,2.48655e-06,1.91323e-06,50,100,100,402162,0 7 14 8 1 3 10 6 2 5 9 13 4 11 12 
907,2.06452e-06,2.48655e-06,1.91309e-06,50,100,100,402162,0 7 14 8 1 3 10 6 2 5 9 13 4 11 12 
908,2.06467e-06,2.48655e-06,1.89465e-06,50,100,100,402162,0 7 14 8 1 3 10 6 2 5 9 13 4 11 12 
909,2.07288e-06,2.48655e-06,1.89408e-06,50,100,100,402162,0 7 14 8 1 3 10 6 2 5 9 13 4 11 12 
910,2.06466e-06,2.48655e-06,1.93183e-06,50,100,100,402162,0 7 14 8 1 3 10 6 2 5 9 13 4 11 12 
911,2.07083e-06,2.48655e-06,1.94132e-06,50,100,100,402162,0 7 14 8 1 3 10 6 2 5 9 13 4 11 12 
912,2.07921e-06,2.48655e-06,1.91322e-06,50,100,100,402162,0 7 14 8 1 3 10 6 2 5 9 13 4 11 12 
913,2.0568e-06,2.48655e-06,1.93221e-06,50,100,100,402162,0 7 14 8 1 3 10 6 2 5 9 13 4 11 12 
914,2.06655e-06,2.48655e-06,1.90596e-06,50,100,100,402162,0 7 14 8 1 3 10 6 2 5 9 13 4 11 12 
915,2.07524e-06,2.48655e-06,1.90888e-06,50,100,100,402162,0 7 14 8 1 3 10 6 2 5 9 13 4 11 12 
916,2.06516e-06,2.48655e-06,1.9233e-06,50,100,100,402162,0 7 14 8 1 3 10 6 2 5 9 13 4 11 12 
917,2.07092e-06,2.48655e-06,1.92836e-06,50,100,100,402162,0 7 14 8 1 3 10 6 2 5 9 13 4 11 12 
918,2.06992e-06,2.48655e-06,1.90078e-06,50,100,100,402162,0 7 14 8 1 3 10 6 2 5 9 13 4 11 12 
919,2.06928e-06,2.48655e-06,1.92202e-06,50,100,100,402162,0 7 14 8 1 3 10 6 2 5 9 13 4 11 12 
920,2.07155e-06,2.48655e-06,1.93655e-06,50,100,100,402162,0 7 14 8 1 3 10 6 2 5 9 13 4 11 12 
921,2.06784e-06,2.48655e-06,1.90219e-06,50,100,100,402162,0 7 14 8 1 3 10 6 2 5 9 13 4 11 12 
922,2.06137e-06,2.48655e-06,1.88608e-06,50,100,100,402162,0 7 14 8 1 3 10 6 2 5 9 13 4 11 12 
923,2.07336e-06,2.48655e-06,1.92128e-06,50,100,100,402162,0 7 14 8 1 3 10 6 2 5 9 13 4 11 12 
924,2.07495e-06,2.48655e-06,1.90697e-06,50,100,100,402162,0 7 14 8 1 3 10 6 2 5 9 13 4 11 12 
925,2.07032e-06,2.48655e-06,1.92801e-06,50,100,100,402162,0 7 14 8 1 3 10 6 2 5 9 13 4 11 12 
926,2.07912e-06,2.48655e-06,1.92783e-06,50,100,100,402162,0 7 14 8 1 3 10 6 2 5 9 13 4 11 12 
927,2.07854e-06,2.48655e-06,1.93898e-06,50,100,100,402162,0 7 14 8 1 3 10 6 2 5 9 13 4 11 12 
928,2.07325e-06,2.48655e-06,1.91263e-06,50,100,100,402162,0 7 14 8 1 3 10 6 2 5 9 13 4 11 12 
929,2.07783e-06,2.48655e-06,1.94604e-06,50,100,100,402162,0 7 14 8 1 3 10 6 2 5 9 13 4 11 12 
930,2.0745e-06,2.48655e-06,1.91382e-06,50,100,100,402162,0 7 14 8 1 3 10 6 2 5 9 13 4 11 12 
931,2.07337e-06,2.48655e-06,1.90736e-06,50,100,100,402162,0 7 14 8 1 3 10 6 2 5 9 13 4 11 12 
932,2.06199e-06,2.48655e-06,1.93083e-06,50,100,100,402162,0 7 14 8 1 3 10 6 2 5 9 13 4 11 12 
933,2.0635e-06,2.48655e-06,1.9164e-06,50,100,100,402162,0 7 14 8 1 3 10 6 2 5 9 13 4 11 12 
934,2.05995e-06,2.48655e-06,1.93681e-06,50,100,100,402162,0 7 14 8 1 3 10 6 2 5 9 13 4 11 12 
935,2.05634e-06,2.48655e-06,1.91062e-06,50,100,100,402162,0 7 14 8 1 3 10 6 2 5 9 13 4 11 12 
936,2.07512e-06,2.48655e-06,1.93494e-06,50,100,100,402162,0 7 14 8 1 3 10 6 2 5 9 13 4 11 12 
937,2.07505e-06,2.48655e-06,1.91458e-06,50,100,100,402162,0 7 14 8 1 3 10 6 2 5 9 13 4 11 12 
938,2.06928e-06,2.48655e-06,1.92233e-06,50,100,100,402162,0 7 14 8 1 3 10 6 2 5 9 13 4 11 12 
939,2.07002e-06,2.48655e-06,1.91571e-06,50,100,100,402162,0 7 14 8 1 3 10 6 2 5 9 13 4 11 12 
940,2.05569e-06,2.48655e-06,1.90141e-06,50,100,100,402162,0 7 14 8 1 3 10 6 2 5 9 13 4 11 12 
941,2.0636e-06,2.48655e-06,1.87847e-06,50,100,100,402162,0 7 14 8 1 3 10 6 2 5 9 13 4 11 12 
942,2.06465e-06,2.48655e-06,1.89151e-06,50,100,100,402162,0 7 14 8 1 3 10 6 2 5 9 13 4 11 12 
943,2.07322e-06,2.48655e-06,1.88309e-06,50,100,100,402162,0 7 14 8 1 3 10 6 2 5 9 13 4 11 12 
944,2.06321e-06,2.48655e-06,1.8733e-06,50,100,100,402162,0 7 14 8 1 3 10 6 2 5 9 13 4 11 12 
945,2.0666e-06,2.48655e-06,1.86157e-06,50,100,100,402162,0 7 14 8 1 3 10 6 2 5 9 13 4 11 12 
946,2.06773e-06,2.48655e-06,1.90292e-06,50,100,100,402162,0 7 14 8 1 3 10 6 2 5 9 13 4 11 12 
947,2.08021e-06,2.48655e-06,1.93819e-06,50,100,100,402162,0 7 14 8 1 3 10 6 2 5 9 13 4 11 12 
948,2.07756e-06,2.48655e-06,1.93338e-06,50,100,100,402162,0 7 14 8 1 3 10 6 2 5 9 13 4 11 12 
949,2.07012e-06,2.48655e-06,1.92103e-06,50,100,100,402162,0 7 14 8 1 3 10 6 2 5 9 13 4 11 12 
950,2.07608e-06,2.48655e-06,1.94309e-06,50,100,100,402162,0 7 14 8 1 3 10 6 2 5 9 13 4 11 12 
951,2.07616e-06,2.48655e-06,1.94e-06,50,100,100,402162,0 7 14 8 1 3 10 6 2 5 9 13 4 11 12 
952,2.07573e-06,2.48655e-06,1.93767e-06,50,100,100,402162,0 7 14 8 1 3 10 6 2 5 9 13 4 11 12 
953,2.07408e-06,2.48655e-06,1.91734e-06,50,100,100,402162,0 7 14 8 1 3 10 6 2 5 9 13 4 11 12 
954,2.0974e-06,2.48655e-06,1.94392e-06,50,100,100,402162,0 7 14 8 1 3 10 6 2 5 9 13 4 11 12 
955,2.09541e-06,2.48655e-06,1.92751e-06,50,100,100,402162,0 7 14 8 1 3 10 6 2 5 9 13 4 11 12 
956,2.08572e-06,2.48655e-06,1.93695e-06,50,100,100,402162,0 7 14 8 1 3 10 6 2 5 9 13 4 11 12 
957,2.0804e-06,2.48655e-06,1.89504e-06,50,100,100,402162,0 7 14 8 1 3 10 6 2 5 9 13 4 11 12 
958,2.06089e-06,2.48655e-06,1.88913e-06,50,100,100,402162,0 7 14 8 1 3 10 6 2 5 9 13 4 11 12 
959,2.07253e-06,2.48655e-06,1.87826e-06,50,100,100,402162,0 7 14 8 1 3 10 6 2 5 9 13 4 11 12 
960,2.08129e-06,2.48655e-06,1.9647e-06,50,100,100,402162,0 7 14 8 1 3 10 6 2 5 9 13 4 11 12 
961,2.06639e-06,2.48655e-06,1.9269e-06,50,100,100,402162,0 7 14 8 1 3 10 6 2 5 9 13 4 11 12 
962,2.06362e-06,2.48655e-06,1.90239e-06,50,100,100,402162,0 7 14 8 1 3 10 6 2 5 9 13 4 11 12 
963,2.05794e-06,2.48655e-06,1.87912e-06,50,100,100,402162,0 7 14 8 1 3 10 6 2 5 9 13 4 11 12 
964,2.06757e-06,2.48655e-06,1.90524e-06,50,100,100,402162,0 7 14 8 1 3 10 6 2 5 9 13 4 11 12 
965,2.07855e-06,2.48655e-06,1.9431e-06,50,100,100,402162,0 7 14 8 1 3 10 6 2 5 9 13 4 11 12 
966,2.07595e-06,2.48655e-06,1.93321e-06,50,100,100,402162,0 7 14 8 1 3 10 6 2 5 9 13 4 11 12 
967,2.05913e-06,2.48655e-06,1.89217e-06,50,100,100,402162,0 7 14 8 1 3 10 6 2 5 9 13 4 11 12 
968,2.069e-06,2.48655e-06,1.89995e-06,50,100,100,402162,0 7 14 8 1 3 10 6 2 5 9 13 4 11 12 
969,2.08078e-06,2.48655e-06,1.93277e-06,50,100,100,402162,0 7 14 8 1 3 10 6 2 5 9 13 4 11 12 
970,2.07763e-06,2.48655e-06,1.92751e-06,50,100,100,402162,0 7 14 8 1 3 10 6 2 5 9 13 4 11 12 
971,2.07341e-06,2.48655e-06,1.94526e-06,50,100,100,402162,0 7 14 8 1 3 10 6 2 5 9 13 4 11 12 
972,2.06632e-06,2.48655e-06,1.90337e-06,50,100,100,402162,0 7 14 8 1 3 10 6 2 5 9 13 4 11 12 
973,2.05945e-06,2.48655e-06,1.92153e-06,50,100,100,402162,0 7 14 8 1 3 10 6 2 5 9 13 4 11 12 
974,2.05592e-06,2.48655e-06,1.892e-06,50,100,100,402162,0 7 14 8 1 3 10 6 2 5 9 13 4 11 12 
975,2.07484e-06,2.48655e-06,1.92235e-06,50,100,100,402162,0 7 14 8 1 3 10 6 2 5 9 13 4 11 12 
976,2.07001e-06,2.48655e-06,1.8907e-06,50,100,100,402162,0 7 14 8 1 3 10 6 2 5 9 13 4 11 12 
977,2.06169e-06,2.48655e-06,1.89809e-06,50,100,100,402162,0 7 14 8 1 3 10 6 2 5 9 13 4 11 12 
978,2.07151e-06,2.48655e-06,1.91092e-06,50,100,100,402162,0 7 14 8 1 3 10 6 2 5 9 13 4 11 12 
979,2.07373e-06,2.48655e-06,1.92802e-06,50,100,100,402162,0 7 14 8 1 3 10 6 2 5 9 13 4 11 12 
980,2.06512e-06,2.48655e-06,1.91337e-06,50,100,100,402162,0 7 14 8 1 3 10 6 2 5 9 13 4 11 12 
981,2.06118e-06,2.48655e-06,1.90004e-06,50,100,100,402162,0 7 14 8 1 3 10 6 2 5 9 13 4 11 12 
982,2.06709e-06,2.48655e-06,1.90783e-06,50,100,100,402162,0 7 14 8 1 3 10 6 2 5 9 13 4 11 12 
983,2.06297e-06,2.48655e-06,1.92281e-06,50,100,100,402162,0 7 14 8 1 3 10 6 2 5 9 13 4 11 12 
984,2.06891e-06,2.48655e-06,1.93767e-06,50,100,100,402162,0 7 14 8 1 3 10 6 2 5 9 13 4 11 12 
985,2.06174e-06,2.48655e-06,1.90864e-06,50,100,100,402162,0 7 14 8 1 3 10 6 2 5 9 13 4 11 12 
986,2.06843e-06,2.48655e-06,1.92225e-06,50,100,100,402162,0 7 14 8 1 3 10 6 2 5 9 13 4 11 12 
987,2.06489e-06,2.48655e-06,1.90892e-06,50,100,100,402162,0 7 14 8 1 3 10 6 2 5 9 13 4 11 12 
988,2.05611e-06,2.48655e-06,1.9116e-06,50,100,100,402162,0 7 14 8 1 3 10 6 2 5 9 13 4 11 12 
989,2.05583e-06,2.48655e-06,1.92746e-06,50,100,100,402162,0 7 14 8 1 3 10 6 2 5 9 13 4 11 12 
990,2.05728e-06,2.48655e-06,1.91834e-06,50,100,100,402162,0 7 14 8 1 3 10 6 2 5 9 13 4 11 12 
991,2.05867e-06,2.48655e-06,1.90425e-06,50,100,100,402162,0 7 14 8 1 3 10 6 2 5 9 13 4 11 12 
992,2.06102e-06,2.48655e-06,1.92139e-06,50,100,100,402162,0 7 14 8 1 3 10 6 2 5 9 13 4 11 12 
993,2.06551e-06,2.48655e-06,1.90275e-06,50,100,100,402162,0 7 14 8 1 3 10 6 2 5 9 13 4 11 12 
994,2.06959e-06,2.48655e-06,1.9395e-06,50,100,100,402162,0 7 14 8 1 3 10 6 2 5 9 13 4 11 12 
995,2.06639e-06,2.48655e-06,1.91567e-06,50,100,100,402162,0 7 14 8 1 3 10 6 2 5 9 13 4 11 12 
996,2.05933e-06,2.48655e-06,1.88727e-06,50,100,100,402162,0 7 14 8 1 3 10 6 2 5 9 13 4 11 12 
997,2.05082e-06,2.48655e-06,1.89995e-06,50,100,100,402162,0 7 14 8 1 3 10 6 2 5 9 13 4 11 12 
998,2.05977e-06,2.48655e-06,1.94232e-06,50,100,100,402162,0 7 14 8 1 3 10 6 2 5 9 13 4 11 12 
999,2.0566e-06,2.48655e-06,1.91318e-06,50,100,100,402162,0 7 14 8 1 3 10 6 2 5 9 13 4 11 12 
