Generación,Media,Mejor,Peor,Cruzas,Mutaciones,Inversiones,Costo,Permutación
1,2.04891e-06,2.21178e-06,1.92122e-06,50,100,100,452124,11 13 1 4 2 3 10 8 12 6 5 9 14 7 0 
2,2.05206e-06,2.25104e-06,1.92823e-06,50,100,100,444238,7 2 11 14 3 5 1 4 6 12 10 9 0 13 8 
3,2.07038e-06,2.25614e-06,1.92746e-06,50,100,100,443234,7 12 5 0 4 10 3 14 9 6 2 13 11 1 8 
4,2.05691e-06,2.25654e-06,1.91466e-06,50,100,100,443156,7 3 2 14 10 5 1 4 6 12 13 9 0 11 8 
5,2.05504e-06,2.25654e-06,1.91077e-06,50,100,100,443156,7 3 2 14 10 5 1 4 6 12 13 9 0 11 8 
6,2.04454e-06,2.28383e-06,1.87016e-06,50,100,100,437860,0 9 8 3 4 10 12 14 6 2 11 7 1 13 5 
7,2.04932e-06,2.28383e-06,1.90162e-06,50,100,100,437860,0 9 8 3 4 10 12 14 6 2 11 7 1 13 5 
8,2.04926e-06,2.28383e-06,1.89401e-06,50,100,100,437860,0 9 8 3 4 10 12 14 6 2 11 7 1 13 5 
9,2.04316e-06,2.28383e-06,1.90504e-06,50,100,100,437860,0 9 8 3 4 10 12 14 6 2 11 7 1 13 5 
10,2.04913e-06,2.28383e-06,1.86897e-06,50,100,100,437860,0 9 8 3 4 10 12 14 6 2 11 7 1 13 5 
11,2.05672e-06,2.28383e-06,1.93679e-06,50,100,100,437860,0 9 8 3 4 10 12 14 6 2 11 7 1 13 5 
12,2.05839e-06,2.28383e-06,1.89734e-06,50,100,100,437860,0 9 8 3 4 10 12 14 6 2 11 7 1 13 5 
13,2.06189e-06,2.28383e-06,1.92826e-06,50,100,100,437860,0 9 8 3 4 10 12 14 6 2 11 7 1 13 5 
14,2.054e-06,2.28383e-06,1.89619e-06,50,100,100,437860,0 9 8 3 4 10 12 14 6 2 11 7 1 13 5 
15,2.0527e-06,2.28383e-06,1.88451e-06,50,100,100,437860,0 9 8 3 4 10 12 14 6 2 11 7 1 13 5 
16,2.05043e-06,2.28383e-06,1.89346e-06,50,100,100,437860,0 9 8 3 4 10 12 14 6 2 11 7 1 13 5 
17,2.0566e-06,2.28383e-06,1.91745e-06,50,100,100,437860,0 9 8 3 4 10 12 14 6 2 11 7 1 13 5 
18,2.06179e-06,2.28383e-06,1.90093e-06,50,100,100,437860,0 9 8 3 4 10 12 14 6 2 11 7 1 13 5 
19,2.05973e-06,2.28655e-06,1.8974e-06,50,100,100,437340,9 12 14 2 11 6 7 13 10 3 0 1 8 4 5 
20,2.06209e-06,2.28655e-06,1.9247e-06,50,100,100,437340,9 12 14 2 11 6 7 13 10 3 0 1 8 4 5 
21,2.05765e-06,2.28655e-06,1.89166e-06,50,100,100,437340,9 12 14 2 11 6 7 13 10 3 0 1 8 4 5 
22,2.06053e-06,2.28655e-06,1.91299e-06,50,100,100,437340,9 12 14 2 11 6 7 13 10 3 0 1 8 4 5 
23,2.05509e-06,2.28655e-06,1.92873e-06,50,100,100,437340,9 12 14 2 11 6 7 13 10 3 0 1 8 4 5 
24,2.06082e-06,2.28655e-06,1.91512e-06,50,100,100,437340,9 12 14 2 11 6 7 13 10 3 0 1 8 4 5 
25,2.07002e-06,2.29159e-06,1.91876e-06,50,100,100,436378,8 10 14 9 11 6 2 13 12 3 0 1 5 4 7 
26,2.05463e-06,2.29159e-06,1.91571e-06,50,100,100,436378,8 10 14 9 11 6 2 13 12 3 0 1 5 4 7 
27,2.05685e-06,2.29159e-06,1.93455e-06,50,100,100,436378,8 10 14 9 11 6 2 13 12 3 0 1 5 4 7 
28,2.06085e-06,2.29757e-06,1.89363e-06,50,100,100,435242,8 3 0 9 10 6 2 4 14 11 7 1 13 12 5 
29,2.05545e-06,2.30382e-06,1.91095e-06,50,100,100,434060,1 3 0 8 4 6 9 7 10 11 14 2 13 12 5 
30,2.04988e-06,2.30382e-06,1.89142e-06,50,100,100,434060,1 3 0 8 4 6 9 7 10 11 14 2 13 12 5 
31,2.0488e-06,2.30382e-06,1.90185e-06,50,100,100,434060,1 3 0 8 4 6 9 7 10 11 14 2 13 12 5 
32,2.06399e-06,2.30382e-06,1.92266e-06,50,100,100,434060,1 3 0 8 4 6 9 7 10 11 14 2 13 12 5 
33,2.07448e-06,2.30382e-06,1.92542e-06,50,100,100,434060,1 3 0 8 4 6 9 7 10 11 14 2 13 12 5 
34,2.05724e-06,2.30382e-06,1.91105e-06,50,100,100,434060,1 3 0 8 4 6 9 7 10 11 14 2 13 12 5 
35,2.06153e-06,2.30382e-06,1.90219e-06,50,100,100,434060,1 3 0 8 4 6 9 7 10 11 14 2 13 12 5 
36,2.06501e-06,2.30756e-06,1.89616e-06,50,100,100,433358,4 8 0 6 7 10 3 14 9 11 5 2 1 12 13 
37,2.05615e-06,2.30756e-06,1.9191e-06,50,100,100,433358,4 8 0 6 7 10 3 14 9 11 5 2 1 12 13 
38,2.0601e-06,2.30756e-06,1.91613e-06,50,100,100,433358,4 8 0 6 7 10 3 14 9 11 5 2 1 12 13 
39,2.0656e-06,2.39122e-06,1.91621e-06,50,100,100,418196,5 0 3 7 1 2 9 6 11 10 14 13 4 8 12 
40,2.07246e-06,2.39122e-06,1.89776e-06,50,100,100,418196,5 0 3 7 1 2 9 6 11 10 14 13 4 8 12 
41,2.06379e-06,2.39122e-06,1.91845e-06,50,100,100,418196,5 0 3 7 1 2 9 6 11 10 14 13 4 8 12 
42,2.06844e-06,2.39122e-06,1.90779e-06,50,100,100,418196,5 0 3 7 1 2 9 6 11 10 14 13 4 8 12 
43,2.06433e-06,2.39122e-06,1.94439e-06,50,100,100,418196,5 0 3 7 1 2 9 6 11 10 14 13 4 8 12 
44,2.06909e-06,2.39122e-06,1.87358e-06,50,100,100,418196,5 0 3 7 1 2 9 6 11 10 14 13 4 8 12 
45,2.07074e-06,2.39122e-06,1.94387e-06,50,100,100,418196,5 0 3 7 1 2 9 6 11 10 14 13 4 8 12 
46,2.047e-06,2.39122e-06,1.90878e-06,50,100,100,418196,5 0 3 7 1 2 9 6 11 10 14 13 4 8 12 
47,2.05173e-06,2.39122e-06,1.90753e-06,50,100,100,418196,5 0 3 7 1 2 9 6 11 10 14 13 4 8 12 
48,2.05088e-06,2.39122e-06,1.93407e-06,50,100,100,418196,5 0 3 7 1 2 9 6 11 10 14 13 4 8 12 
49,2.05172e-06,2.39122e-06,1.92999e-06,50,100,100,418196,5 0 3 7 1 2 9 6 11 10 14 13 4 8 12 
50,2.05222e-06,2.39122e-06,1.92273e-06,50,100,100,418196,5 0 3 7 1 2 9 6 11 10 14 13 4 8 12 
51,2.05011e-06,2.39122e-06,1.90773e-06,50,100,100,418196,5 0 3 7 1 2 9 6 11 10 14 13 4 8 12 
52,2.04787e-06,2.39122e-06,1.90584e-06,50,100,100,418196,5 0 3 7 1 2 9 6 11 10 14 13 4 8 12 
53,2.05492e-06,2.39122e-06,1.87967e-06,50,100,100,418196,5 0 3 7 1 2 9 6 11 10 14 13 4 8 12 
54,2.04961e-06,2.39122e-06,1.91233e-06,50,100,100,418196,5 0 3 7 1 2 9 6 11 10 14 13 4 8 12 
55,2.05058e-06,2.39122e-06,1.93117e-06,50,100,100,418196,5 0 3 7 1 2 9 6 11 10 14 13 4 8 12 
56,2.06559e-06,2.39122e-06,1.91447e-06,50,100,100,418196,5 0 3 7 1 2 9 6 11 10 14 13 4 8 12 
57,2.05181e-06,2.39122e-06,1.90018e-06,50,100,100,418196,5 0 3 7 1 2 9 6 11 10 14 13 4 8 12 
58,2.04985e-06,2.39122e-06,1.90554e-06,50,100,100,418196,5 0 3 7 1 2 9 6 11 10 14 13 4 8 12 
59,2.05036e-06,2.39122e-06,1.89865e-06,50,100,100,418196,5 0 3 7 1 2 9 6 11 10 14 13 4 8 12 
60,2.07043e-06,2.39122e-06,1.91823e-06,50,100,100,418196,5 0 3 7 1 2 9 6 11 10 14 13 4 8 12 
61,2.0603e-06,2.39122e-06,1.92926e-06,50,100,100,418196,5 0 3 7 1 2 9 6 11 10 14 13 4 8 12 
62,2.04995e-06,2.39122e-06,1.92228e-06,50,100,100,418196,5 0 3 7 1 2 9 6 11 10 14 13 4 8 12 
63,2.05551e-06,2.39122e-06,1.90112e-06,50,100,100,418196,5 0 3 7 1 2 9 6 11 10 14 13 4 8 12 
64,2.05353e-06,2.39122e-06,1.88884e-06,50,100,100,418196,5 0 3 7 1 2 9 6 11 10 14 13 4 8 12 
65,2.06923e-06,2.39122e-06,1.91773e-06,50,100,100,418196,5 0 3 7 1 2 9 6 11 10 14 13 4 8 12 
66,2.08004e-06,2.39122e-06,1.92795e-06,50,100,100,418196,5 0 3 7 1 2 9 6 11 10 14 13 4 8 12 
67,2.05687e-06,2.39122e-06,1.86748e-06,50,100,100,418196,5 0 3 7 1 2 9 6 11 10 14 13 4 8 12 
68,2.0509e-06,2.39122e-06,1.89432e-06,50,100,100,418196,5 0 3 7 1 2 9 6 11 10 14 13 4 8 12 
69,2.06454e-06,2.39122e-06,1.92682e-06,50,100,100,418196,5 0 3 7 1 2 9 6 11 10 14 13 4 8 12 
70,2.06669e-06,2.39122e-06,1.88397e-06,50,100,100,418196,5 0 3 7 1 2 9 6 11 10 14 13 4 8 12 
71,2.06612e-06,2.39122e-06,1.87353e-06,50,100,100,418196,5 0 3 7 1 2 9 6 11 10 14 13 4 8 12 
72,2.04817e-06,2.39122e-06,1.88168e-06,50,100,100,418196,5 0 3 7 1 2 9 6 11 10 14 13 4 8 12 
73,2.05559e-06,2.39122e-06,1.90609e-06,50,100,100,418196,5 0 3 7 1 2 9 6 11 10 14 13 4 8 12 
74,2.05735e-06,2.39122e-06,1.92298e-06,50,100,100,418196,5 0 3 7 1 2 9 6 11 10 14 13 4 8 12 
75,2.05502e-06,2.39122e-06,1.90751e-06,50,100,100,418196,5 0 3 7 1 2 9 6 11 10 14 13 4 8 12 
76,2.06104e-06,2.39122e-06,1.89278e-06,50,100,100,418196,5 0 3 7 1 2 9 6 11 10 14 13 4 8 12 
77,2.05144e-06,2.39122e-06,1.89534e-06,50,100,100,418196,5 0 3 7 1 2 9 6 11 10 14 13 4 8 12 
78,2.07015e-06,2.39122e-06,1.91068e-06,50,100,100,418196,5 0 3 7 1 2 9 6 11 10 14 13 4 8 12 
79,2.05637e-06,2.39122e-06,1.91517e-06,50,100,100,418196,5 0 3 7 1 2 9 6 11 10 14 13 4 8 12 
80,2.04812e-06,2.39122e-06,1.88758e-06,50,100,100,418196,5 0 3 7 1 2 9 6 11 10 14 13 4 8 12 
81,2.06218e-06,2.39122e-06,1.9293e-06,50,100,100,418196,5 0 3 7 1 2 9 6 11 10 14 13 4 8 12 
82,2.06744e-06,2.39122e-06,1.92524e-06,50,100,100,418196,5 0 3 7 1 2 9 6 11 10 14 13 4 8 12 
83,2.06162e-06,2.39122e-06,1.90992e-06,50,100,100,418196,5 0 3 7 1 2 9 6 11 10 14 13 4 8 12 
84,2.06606e-06,2.39122e-06,1.91345e-06,50,100,100,418196,5 0 3 7 1 2 9 6 11 10 14 13 4 8 12 
85,2.06391e-06,2.39122e-06,1.90303e-06,50,100,100,418196,5 0 3 7 1 2 9 6 11 10 14 13 4 8 12 
86,2.05406e-06,2.39122e-06,1.91601e-06,50,100,100,418196,5 0 3 7 1 2 9 6 11 10 14 13 4 8 12 
87,2.0635e-06,2.39122e-06,1.9411e-06,50,100,100,418196,5 0 3 7 1 2 9 6 11 10 14 13 4 8 12 
88,2.07321e-06,2.39122e-06,1.91318e-06,50,100,100,418196,5 0 3 7 1 2 9 6 11 10 14 13 4 8 12 
89,2.06923e-06,2.39122e-06,1.92464e-06,50,100,100,418196,5 0 3 7 1 2 9 6 11 10 14 13 4 8 12 
90,2.05807e-06,2.39122e-06,1.86948e-06,50,100,100,418196,5 0 3 7 1 2 9 6 11 10 14 13 4 8 12 
91,2.06135e-06,2.39122e-06,1.91101e-06,50,100,100,418196,5 0 3 7 1 2 9 6 11 10 14 13 4 8 12 
92,2.06257e-06,2.39122e-06,1.93211e-06,50,100,100,418196,5 0 3 7 1 2 9 6 11 10 14 13 4 8 12 
93,2.06737e-06,2.39122e-06,1.92846e-06,50,100,100,418196,5 0 3 7 1 2 9 6 11 10 14 13 4 8 12 
94,2.07638e-06,2.39122e-06,1.89154e-06,50,100,100,418196,5 0 3 7 1 2 9 6 11 10 14 13 4 8 12 
95,2.06204e-06,2.39122e-06,1.89458e-06,50,100,100,418196,5 0 3 7 1 2 9 6 11 10 14 13 4 8 12 
96,2.06269e-06,2.39122e-06,1.94262e-06,50,100,100,418196,5 0 3 7 1 2 9 6 11 10 14 13 4 8 12 
97,2.06771e-06,2.39122e-06,1.93954e-06,50,100,100,418196,5 0 3 7 1 2 9 6 11 10 14 13 4 8 12 
98,2.05634e-06,2.39122e-06,1.93215e-06,50,100,100,418196,5 0 3 7 1 2 9 6 11 10 14 13 4 8 12 
99,2.0459e-06,2.39122e-06,1.91001e-06,50,100,100,418196,5 0 3 7 1 2 9 6 11 10 14 13 4 8 12 
100,2.05218e-06,2.39122e-06,1.92602e-06,50,100,100,418196,5 0 3 7 1 2 9 6 11 10 14 13 4 8 12 
101,2.05644e-06,2.39122e-06,1.91866e-06,50,100,100,418196,5 0 3 7 1 2 9 6 11 10 14 13 4 8 12 
102,2.05626e-06,2.39122e-06,1.89926e-06,50,100,100,418196,5 0 3 7 1 2 9 6 11 10 14 13 4 8 12 
103,2.03604e-06,2.39122e-06,1.90014e-06,50,100,100,418196,5 0 3 7 1 2 9 6 11 10 14 13 4 8 12 
104,2.05185e-06,2.39122e-06,1.86283e-06,50,100,100,418196,5 0 3 7 1 2 9 6 11 10 14 13 4 8 12 
105,2.05853e-06,2.39122e-06,1.91556e-06,50,100,100,418196,5 0 3 7 1 2 9 6 11 10 14 13 4 8 12 
106,2.06661e-06,2.39122e-06,1.90358e-06,50,100,100,418196,5 0 3 7 1 2 9 6 11 10 14 13 4 8 12 
107,2.07585e-06,2.39122e-06,1.90648e-06,50,100,100,418196,5 0 3 7 1 2 9 6 11 10 14 13 4 8 12 
108,2.052e-06,2.39122e-06,1.89253e-06,50,100,100,418196,5 0 3 7 1 2 9 6 11 10 14 13 4 8 12 
109,2.05946e-06,2.39122e-06,1.92818e-06,50,100,100,418196,5 0 3 7 1 2 9 6 11 10 14 13 4 8 12 
110,2.05054e-06,2.39122e-06,1.91649e-06,50,100,100,418196,5 0 3 7 1 2 9 6 11 10 14 13 4 8 12 
111,2.06788e-06,2.39122e-06,1.91691e-06,50,100,100,418196,5 0 3 7 1 2 9 6 11 10 14 13 4 8 12 
112,2.0656e-06,2.39122e-06,1.89276e-06,50,100,100,418196,5 0 3 7 1 2 9 6 11 10 14 13 4 8 12 
113,2.07615e-06,2.39122e-06,1.9418e-06,50,100,100,418196,5 0 3 7 1 2 9 6 11 10 14 13 4 8 12 
114,2.06701e-06,2.39122e-06,1.92906e-06,50,100,100,418196,5 0 3 7 1 2 9 6 11 10 14 13 4 8 12 
115,2.06399e-06,2.39122e-06,1.91566e-06,50,100,100,418196,5 0 3 7 1 2 9 6 11 10 14 13 4 8 12 
116,2.06038e-06,2.39122e-06,1.90767e-06,50,100,100,418196,5 0 3 7 1 2 9 6 11 10 14 13 4 8 12 
117,2.06015e-06,2.39122e-06,1.91935e-06,50,100,100,418196,5 0 3 7 1 2 9 6 11 10 14 13 4 8 12 
118,2.05524e-06,2.39122e-06,1.88606e-06,50,100,100,418196,5 0 3 7 1 2 9 6 11 10 14 13 4 8 12 
119,2.04799e-06,2.39122e-06,1.93341e-06,50,100,100,418196,5 0 3 7 1 2 9 6 11 10 14 13 4 8 12 
120,2.04356e-06,2.39122e-06,1.89474e-06,50,100,100,418196,5 0 3 7 1 2 9 6 11 10 14 13 4 8 12 
121,2.05572e-06,2.39122e-06,1.93149e-06,50,100,100,418196,5 0 3 7 1 2 9 6 11 10 14 13 4 8 12 
122,2.05454e-06,2.39122e-06,1.88494e-06,50,100,100,418196,5 0 3 7 1 2 9 6 11 10 14 13 4 8 12 
123,2.0604e-06,2.39122e-06,1.93814e-06,50,100,100,418196,5 0 3 7 1 2 9 6 11 10 14 13 4 8 12 
124,2.07422e-06,2.39122e-06,1.95609e-06,50,100,100,418196,5 0 3 7 1 2 9 6 11 10 14 13 4 8 12 
125,2.07118e-06,2.39122e-06,1.92694e-06,50,100,100,418196,5 0 3 7 1 2 9 6 11 10 14 13 4 8 12 
126,2.06022e-06,2.39122e-06,1.90122e-06,50,100,100,418196,5 0 3 7 1 2 9 6 11 10 14 13 4 8 12 
127,2.06255e-06,2.39122e-06,1.9171e-06,50,100,100,418196,5 0 3 7 1 2 9 6 11 10 14 13 4 8 12 
128,2.05165e-06,2.39122e-06,1.90684e-06,50,100,100,418196,5 0 3 7 1 2 9 6 11 10 14 13 4 8 12 
129,2.06947e-06,2.39122e-06,1.90288e-06,50,100,100,418196,5 0 3 7 1 2 9 6 11 10 14 13 4 8 12 
130,2.07287e-06,2.39122e-06,1.87901e-06,50,100,100,418196,5 0 3 7 1 2 9 6 11 10 14 13 4 8 12 
131,2.06577e-06,2.39122e-06,1.89868e-06,50,100,100,418196,5 0 3 7 1 2 9 6 11 10 14 13 4 8 12 
132,2.07109e-06,2.39122e-06,1.8938e-06,50,100,100,418196,5 0 3 7 1 2 9 6 11 10 14 13 4 8 12 
133,2.0564e-06,2.39122e-06,1.93301e-06,50,100,100,418196,5 0 3 7 1 2 9 6 11 10 14 13 4 8 12 
134,2.05584e-06,2.39122e-06,1.91043e-06,50,100,100,418196,5 0 3 7 1 2 9 6 11 10 14 13 4 8 12 
135,2.06586e-06,2.39122e-06,1.95122e-06,50,100,100,418196,5 0 3 7 1 2 9 6 11 10 14 13 4 8 12 
136,2.05967e-06,2.39122e-06,1.89142e-06,50,100,100,418196,5 0 3 7 1 2 9 6 11 10 14 13 4 8 12 
137,2.05139e-06,2.39122e-06,1.91806e-06,50,100,100,418196,5 0 3 7 1 2 9 6 11 10 14 13 4 8 12 
138,2.05708e-06,2.39122e-06,1.91739e-06,50,100,100,418196,5 0 3 7 1 2 9 6 11 10 14 13 4 8 12 
139,2.06344e-06,2.39122e-06,1.91202e-06,50,100,100,418196,5 0 3 7 1 2 9 6 11 10 14 13 4 8 12 
140,2.06974e-06,2.39122e-06,1.93354e-06,50,100,100,418196,5 0 3 7 1 2 9 6 11 10 14 13 4 8 12 
141,2.06746e-06,2.39122e-06,1.90211e-06,50,100,100,418196,5 0 3 7 1 2 9 6 11 10 14 13 4 8 12 
142,2.05581e-06,2.39122e-06,1.87365e-06,50,100,100,418196,5 0 3 7 1 2 9 6 11 10 14 13 4 8 12 
143,2.07223e-06,2.39122e-06,1.91343e-06,50,100,100,418196,5 0 3 7 1 2 9 6 11 10 14 13 4 8 12 
144,2.06726e-06,2.39122e-06,1.89717e-06,50,100,100,418196,5 0 3 7 1 2 9 6 11 10 14 13 4 8 12 
145,2.06309e-06,2.39122e-06,1.91908e-06,50,100,100,418196,5 0 3 7 1 2 9 6 11 10 14 13 4 8 12 
146,2.05968e-06,2.39122e-06,1.90791e-06,50,100,100,418196,5 0 3 7 1 2 9 6 11 10 14 13 4 8 12 
147,2.07454e-06,2.39122e-06,1.89985e-06,50,100,100,418196,5 0 3 7 1 2 9 6 11 10 14 13 4 8 12 
148,2.0558e-06,2.39122e-06,1.94509e-06,50,100,100,418196,5 0 3 7 1 2 9 6 11 10 14 13 4 8 12 
149,2.06264e-06,2.39122e-06,1.93179e-06,50,100,100,418196,5 0 3 7 1 2 9 6 11 10 14 13 4 8 12 
150,2.06306e-06,2.39122e-06,1.9125e-06,50,100,100,418196,5 0 3 7 1 2 9 6 11 10 14 13 4 8 12 
151,2.08165e-06,2.39122e-06,1.91858e-06,50,100,100,418196,5 0 3 7 1 2 9 6 11 10 14 13 4 8 12 
152,2.07703e-06,2.39122e-06,1.87217e-06,50,100,100,418196,5 0 3 7 1 2 9 6 11 10 14 13 4 8 12 
153,2.05229e-06,2.39122e-06,1.88028e-06,50,100,100,418196,5 0 3 7 1 2 9 6 11 10 14 13 4 8 12 
154,2.07407e-06,2.39122e-06,1.94198e-06,50,100,100,418196,5 0 3 7 1 2 9 6 11 10 14 13 4 8 12 
155,2.07106e-06,2.39122e-06,1.93285e-06,50,100,100,418196,5 0 3 7 1 2 9 6 11 10 14 13 4 8 12 
156,2.05816e-06,2.39122e-06,1.90416e-06,50,100,100,418196,5 0 3 7 1 2 9 6 11 10 14 13 4 8 12 
157,2.07019e-06,2.39122e-06,1.92044e-06,50,100,100,418196,5 0 3 7 1 2 9 6 11 10 14 13 4 8 12 
158,2.0591e-06,2.39122e-06,1.92931e-06,50,100,100,418196,5 0 3 7 1 2 9 6 11 10 14 13 4 8 12 
159,2.05552e-06,2.39122e-06,1.92232e-06,50,100,100,418196,5 0 3 7 1 2 9 6 11 10 14 13 4 8 12 
160,2.06374e-06,2.39122e-06,1.89934e-06,50,100,100,418196,5 0 3 7 1 2 9 6 11 10 14 13 4 8 12 
161,2.05955e-06,2.39122e-06,1.91457e-06,50,100,100,418196,5 0 3 7 1 2 9 6 11 10 14 13 4 8 12 
162,2.05879e-06,2.39122e-06,1.93084e-06,50,100,100,418196,5 0 3 7 1 2 9 6 11 10 14 13 4 8 12 
163,2.06812e-06,2.39122e-06,1.94365e-06,50,100,100,418196,5 0 3 7 1 2 9 6 11 10 14 13 4 8 12 
164,2.05826e-06,2.39122e-06,1.91779e-06,50,100,100,418196,5 0 3 7 1 2 9 6 11 10 14 13 4 8 12 
165,2.06322e-06,2.39122e-06,1.93048e-06,50,100,100,418196,5 0 3 7 1 2 9 6 11 10 14 13 4 8 12 
166,2.05164e-06,2.39122e-06,1.89212e-06,50,100,100,418196,5 0 3 7 1 2 9 6 11 10 14 13 4 8 12 
167,2.06372e-06,2.39122e-06,1.90085e-06,50,100,100,418196,5 0 3 7 1 2 9 6 11 10 14 13 4 8 12 
168,2.06194e-06,2.39122e-06,1.92978e-06,50,100,100,418196,5 0 3 7 1 2 9 6 11 10 14 13 4 8 12 
169,2.05987e-06,2.39122e-06,1.90923e-06,50,100,100,418196,5 0 3 7 1 2 9 6 11 10 14 13 4 8 12 
170,2.05549e-06,2.3964e-06,1.92912e-06,50,100,100,417292,5 11 3 7 1 2 9 6 14 10 8 0 4 13 12 
171,2.07299e-06,2.3964e-06,1.85872e-06,50,100,100,417292,5 11 3 7 1 2 9 6 14 10 8 0 4 13 12 
172,2.07772e-06,2.3964e-06,1.8935e-06,50,100,100,417292,5 11 3 7 1 2 9 6 14 10 8 0 4 13 12 
173,2.07585e-06,2.3964e-06,1.92238e-06,50,100,100,417292,5 11 3 7 1 2 9 6 14 10 8 0 4 13 12 
174,2.07438e-06,2.3964e-06,1.93665e-06,50,100,100,417292,5 11 3 7 1 2 9 6 14 10 8 0 4 13 12 
175,2.06469e-06,2.3964e-06,1.91382e-06,50,100,100,417292,5 11 3 7 1 2 9 6 14 10 8 0 4 13 12 
176,2.06099e-06,2.3964e-06,1.87692e-06,50,100,100,417292,5 11 3 7 1 2 9 6 14 10 8 0 4 13 12 
177,2.05427e-06,2.3964e-06,1.89853e-06,50,100,100,417292,5 11 3 7 1 2 9 6 14 10 8 0 4 13 12 
178,2.06623e-06,2.3964e-06,1.9232e-06,50,100,100,417292,5 11 3 7 1 2 9 6 14 10 8 0 4 13 12 
179,2.05634e-06,2.3964e-06,1.94166e-06,50,100,100,417292,5 11 3 7 1 2 9 6 14 10 8 0 4 13 12 
180,2.06405e-06,2.3964e-06,1.903e-06,50,100,100,417292,5 11 3 7 1 2 9 6 14 10 8 0 4 13 12 
181,2.0829e-06,2.3964e-06,1.93664e-06,50,100,100,417292,5 11 3 7 1 2 9 6 14 10 8 0 4 13 12 
182,2.06909e-06,2.3964e-06,1.90546e-06,50,100,100,417292,5 11 3 7 1 2 9 6 14 10 8 0 4 13 12 
183,2.07297e-06,2.3964e-06,1.91438e-06,50,100,100,417292,5 11 3 7 1 2 9 6 14 10 8 0 4 13 12 
184,2.08255e-06,2.3964e-06,1.93313e-06,50,100,100,417292,5 11 3 7 1 2 9 6 14 10 8 0 4 13 12 
185,2.06115e-06,2.3964e-06,1.92337e-06,50,100,100,417292,5 11 3 7 1 2 9 6 14 10 8 0 4 13 12 
186,2.06223e-06,2.3964e-06,1.93024e-06,50,100,100,417292,5 11 3 7 1 2 9 6 14 10 8 0 4 13 12 
187,2.06119e-06,2.3964e-06,1.92338e-06,50,100,100,417292,5 11 3 7 1 2 9 6 14 10 8 0 4 13 12 
188,2.06527e-06,2.3964e-06,1.90788e-06,50,100,100,417292,5 11 3 7 1 2 9 6 14 10 8 0 4 13 12 
189,2.07958e-06,2.3964e-06,1.9143e-06,50,100,100,417292,5 11 3 7 1 2 9 6 14 10 8 0 4 13 12 
190,2.06987e-06,2.3964e-06,1.90567e-06,50,100,100,417292,5 11 3 7 1 2 9 6 14 10 8 0 4 13 12 
191,2.06271e-06,2.3964e-06,1.92049e-06,50,100,100,417292,5 11 3 7 1 2 9 6 14 10 8 0 4 13 12 
192,2.06355e-06,2.3964e-06,1.89917e-06,50,100,100,417292,5 11 3 7 1 2 9 6 14 10 8 0 4 13 12 
193,2.06495e-06,2.3964e-06,1.92151e-06,50,100,100,417292,5 11 3 7 1 2 9 6 14 10 8 0 4 13 12 
194,2.07087e-06,2.3964e-06,1.91721e-06,50,100,100,417292,5 11 3 7 1 2 9 6 14 10 8 0 4 13 12 
195,2.07388e-06,2.3964e-06,1.92435e-06,50,100,100,417292,5 11 3 7 1 2 9 6 14 10 8 0 4 13 12 
196,2.07512e-06,2.3964e-06,1.92188e-06,50,100,100,417292,5 11 3 7 1 2 9 6 14 10 8 0 4 13 12 
197,2.07235e-06,2.3964e-06,1.93366e-06,50,100,100,417292,5 11 3 7 1 2 9 6 14 10 8 0 4 13 12 
198,2.07338e-06,2.3964e-06,1.90529e-06,50,100,100,417292,5 11 3 7 1 2 9 6 14 10 8 0 4 13 12 
199,2.0608e-06,2.3964e-06,1.897e-06,50,100,100,417292,5 11 3 7 1 2 9 6 14 10 8 0 4 13 12 
200,2.06513e-06,2.3964e-06,1.9259e-06,50,100,100,417292,5 11 3 7 1 2 9 6 14 10 8 0 4 13 12 
201,2.06681e-06,2.3964e-06,1.88437e-06,50,100,100,417292,5 11 3 7 1 2 9 6 14 10 8 0 4 13 12 
202,2.06777e-06,2.3964e-06,1.92407e-06,50,100,100,417292,5 11 3 7 1 2 9 6 14 10 8 0 4 13 12 
203,2.05841e-06,2.3964e-06,1.9265e-06,50,100,100,417292,5 11 3 7 1 2 9 6 14 10 8 0 4 13 12 
204,2.0674e-06,2.3964e-06,1.94495e-06,50,100,100,417292,5 11 3 7 1 2 9 6 14 10 8 0 4 13 12 
205,2.0675e-06,2.3964e-06,1.92469e-06,50,100,100,417292,5 11 3 7 1 2 9 6 14 10 8 0 4 13 12 
206,2.0707e-06,2.3964e-06,1.92481e-06,50,100,100,417292,5 11 3 7 1 2 9 6 14 10 8 0 4 13 12 
207,2.0664e-06,2.3964e-06,1.91557e-06,50,100,100,417292,5 11 3 7 1 2 9 6 14 10 8 0 4 13 12 
208,2.06614e-06,2.3964e-06,1.93852e-06,50,100,100,417292,5 11 3 7 1 2 9 6 14 10 8 0 4 13 12 
209,2.07453e-06,2.3964e-06,1.92115e-06,50,100,100,417292,5 11 3 7 1 2 9 6 14 10 8 0 4 13 12 
210,2.08191e-06,2.3964e-06,1.94498e-06,50,100,100,417292,5 11 3 7 1 2 9 6 14 10 8 0 4 13 12 
211,2.07661e-06,2.3964e-06,1.92073e-06,50,100,100,417292,5 11 3 7 1 2 9 6 14 10 8 0 4 13 12 
212,2.07819e-06,2.3964e-06,1.94786e-06,50,100,100,417292,5 11 3 7 1 2 9 6 14 10 8 0 4 13 12 
213,2.08002e-06,2.3964e-06,1.91157e-06,50,100,100,417292,5 11 3 7 1 2 9 6 14 10 8 0 4 13 12 
214,2.08557e-06,2.3964e-06,1.88948e-06,50,100,100,417292,5 11 3 7 1 2 9 6 14 10 8 0 4 13 12 
215,2.08398e-06,2.3964e-06,1.90653e-06,50,100,100,417292,5 11 3 7 1 2 9 6 14 10 8 0 4 13 12 
216,2.07029e-06,2.3964e-06,1.91398e-06,50,100,100,417292,5 11 3 7 1 2 9 6 14 10 8 0 4 13 12 
217,2.08158e-06,2.3964e-06,1.91249e-06,50,100,100,417292,5 11 3 7 1 2 9 6 14 10 8 0 4 13 12 
218,2.07305e-06,2.3964e-06,1.91991e-06,50,100,100,417292,5 11 3 7 1 2 9 6 14 10 8 0 4 13 12 
219,2.08622e-06,2.3964e-06,1.91831e-06,50,100,100,417292,5 11 3 7 1 2 9 6 14 10 8 0 4 13 12 
220,2.08137e-06,2.3964e-06,1.92278e-06,50,100,100,417292,5 11 3 7 1 2 9 6 14 10 8 0 4 13 12 
221,2.07344e-06,2.3964e-06,1.9404e-06,50,100,100,417292,5 11 3 7 1 2 9 6 14 10 8 0 4 13 12 
222,2.07959e-06,2.3964e-06,1.9644e-06,50,100,100,417292,5 11 3 7 1 2 9 6 14 10 8 0 4 13 12 
223,2.0826e-06,2.3964e-06,1.91472e-06,50,100,100,417292,5 11 3 7 1 2 9 6 14 10 8 0 4 13 12 
224,2.06736e-06,2.3964e-06,1.92284e-06,50,100,100,417292,5 11 3 7 1 2 9 6 14 10 8 0 4 13 12 
225,2.06646e-06,2.3964e-06,1.92114e-06,50,100,100,417292,5 11 3 7 1 2 9 6 14 10 8 0 4 13 12 
226,2.05276e-06,2.3964e-06,1.92568e-06,50,100,100,417292,5 11 3 7 1 2 9 6 14 10 8 0 4 13 12 
227,2.0576e-06,2.3964e-06,1.86763e-06,50,100,100,417292,5 11 3 7 1 2 9 6 14 10 8 0 4 13 12 
228,2.06196e-06,2.3964e-06,1.89085e-06,50,100,100,417292,5 11 3 7 1 2 9 6 14 10 8 0 4 13 12 
229,2.05931e-06,2.3964e-06,1.91337e-06,50,100,100,417292,5 11 3 7 1 2 9 6 14 10 8 0 4 13 12 
230,2.05429e-06,2.3964e-06,1.88589e-06,50,100,100,417292,5 11 3 7 1 2 9 6 14 10 8 0 4 13 12 
231,2.04357e-06,2.3964e-06,1.89901e-06,50,100,100,417292,5 11 3 7 1 2 9 6 14 10 8 0 4 13 12 
232,2.06814e-06,2.3964e-06,1.88633e-06,50,100,100,417292,5 11 3 7 1 2 9 6 14 10 8 0 4 13 12 
233,2.06834e-06,2.3964e-06,1.94688e-06,50,100,100,417292,5 11 3 7 1 2 9 6 14 10 8 0 4 13 12 
234,2.08131e-06,2.3964e-06,1.91404e-06,50,100,100,417292,5 11 3 7 1 2 9 6 14 10 8 0 4 13 12 
235,2.08584e-06,2.3964e-06,1.94723e-06,50,100,100,417292,5 11 3 7 1 2 9 6 14 10 8 0 4 13 12 
236,2.08207e-06,2.3964e-06,1.94368e-06,50,100,100,417292,5 11 3 7 1 2 9 6 14 10 8 0 4 13 12 
237,2.07309e-06,2.3964e-06,1.91046e-06,50,100,100,417292,5 11 3 7 1 2 9 6 14 10 8 0 4 13 12 
238,2.07236e-06,2.3964e-06,1.92648e-06,50,100,100,417292,5 11 3 7 1 2 9 6 14 10 8 0 4 13 12 
239,2.06327e-06,2.3964e-06,1.90175e-06,50,100,100,417292,5 11 3 7 1 2 9 6 14 10 8 0 4 13 12 
240,2.06967e-06,2.3964e-06,1.91395e-06,50,100,100,417292,5 11 3 7 1 2 9 6 14 10 8 0 4 13 12 
241,2.06049e-06,2.3964e-06,1.92082e-06,50,100,100,417292,5 11 3 7 1 2 9 6 14 10 8 0 4 13 12 
242,2.06009e-06,2.3964e-06,1.90007e-06,50,100,100,417292,5 11 3 7 1 2 9 6 14 10 8 0 4 13 12 
243,2.0742e-06,2.3964e-06,1.9278e-06,50,100,100,417292,5 11 3 7 1 2 9 6 14 10 8 0 4 13 12 
244,2.06985e-06,2.3964e-06,1.9025e-06,50,100,100,417292,5 11 3 7 1 2 9 6 14 10 8 0 4 13 12 
245,2.0706e-06,2.3964e-06,1.94583e-06,50,100,100,417292,5 11 3 7 1 2 9 6 14 10 8 0 4 13 12 
246,2.05713e-06,2.3964e-06,1.91193e-06,50,100,100,417292,5 11 3 7 1 2 9 6 14 10 8 0 4 13 12 
247,2.0613e-06,2.3964e-06,1.90871e-06,50,100,100,417292,5 11 3 7 1 2 9 6 14 10 8 0 4 13 12 
248,2.0741e-06,2.3964e-06,1.91823e-06,50,100,100,417292,5 11 3 7 1 2 9 6 14 10 8 0 4 13 12 
249,2.0666e-06,2.3964e-06,1.91068e-06,50,100,100,417292,5 11 3 7 1 2 9 6 14 10 8 0 4 13 12 
250,2.05109e-06,2.3964e-06,1.93538e-06,50,100,100,417292,5 11 3 7 1 2 9 6 14 10 8 0 4 13 12 
251,2.05921e-06,2.3964e-06,1.90809e-06,50,100,100,417292,5 11 3 7 1 2 9 6 14 10 8 0 4 13 12 
252,2.05802e-06,2.3964e-06,1.91991e-06,50,100,100,417292,5 11 3 7 1 2 9 6 14 10 8 0 4 13 12 
253,2.06965e-06,2.3964e-06,1.91671e-06,50,100,100,417292,5 11 3 7 1 2 9 6 14 10 8 0 4 13 12 
254,2.05905e-06,2.3964e-06,1.90155e-06,50,100,100,417292,5 11 3 7 1 2 9 6 14 10 8 0 4 13 12 
255,2.07106e-06,2.3964e-06,1.91802e-06,50,100,100,417292,5 11 3 7 1 2 9 6 14 10 8 0 4 13 12 
256,2.0726e-06,2.3964e-06,1.91563e-06,50,100,100,417292,5 11 3 7 1 2 9 6 14 10 8 0 4 13 12 
257,2.06854e-06,2.3964e-06,1.93093e-06,50,100,100,417292,5 11 3 7 1 2 9 6 14 10 8 0 4 13 12 
258,2.07184e-06,2.3964e-06,1.91077e-06,50,100,100,417292,5 11 3 7 1 2 9 6 14 10 8 0 4 13 12 
259,2.07193e-06,2.3964e-06,1.90732e-06,50,100,100,417292,5 11 3 7 1 2 9 6 14 10 8 0 4 13 12 
260,2.07341e-06,2.3964e-06,1.92512e-06,50,100,100,417292,5 11 3 7 1 2 9 6 14 10 8 0 4 13 12 
261,2.06698e-06,2.3964e-06,1.91977e-06,50,100,100,417292,5 11 3 7 1 2 9 6 14 10 8 0 4 13 12 
262,2.07796e-06,2.3964e-06,1.90797e-06,50,100,100,417292,5 11 3 7 1 2 9 6 14 10 8 0 4 13 12 
263,2.07422e-06,2.3964e-06,1.89865e-06,50,100,100,417292,5 11 3 7 1 2 9 6 14 10 8 0 4 13 12 
264,2.06224e-06,2.3964e-06,1.89308e-06,50,100,100,417292,5 11 3 7 1 2 9 6 14 10 8 0 4 13 12 
265,2.06521e-06,2.3964e-06,1.92722e-06,50,100,100,417292,5 11 3 7 1 2 9 6 14 10 8 0 4 13 12 
266,2.05582e-06,2.3964e-06,1.90735e-06,50,100,100,417292,5 11 3 7 1 2 9 6 14 10 8 0 4 13 12 
267,2.05665e-06,2.3964e-06,1.90403e-06,50,100,100,417292,5 11 3 7 1 2 9 6 14 10 8 0 4 13 12 
268,2.05933e-06,2.3964e-06,1.92692e-06,50,100,100,417292,5 11 3 7 1 2 9 6 14 10 8 0 4 13 12 
269,2.06055e-06,2.3964e-06,1.93042e-06,50,100,100,417292,5 11 3 7 1 2 9 6 14 10 8 0 4 13 12 
270,2.06529e-06,2.3964e-06,1.92817e-06,50,100,100,417292,5 11 3 7 1 2 9 6 14 10 8 0 4 13 12 
271,2.07475e-06,2.3964e-06,1.92966e-06,50,100,100,417292,5 11 3 7 1 2 9 6 14 10 8 0 4 13 12 
272,2.06771e-06,2.3964e-06,1.91125e-06,50,100,100,417292,5 11 3 7 1 2 9 6 14 10 8 0 4 13 12 
273,2.05766e-06,2.3964e-06,1.90437e-06,50,100,100,417292,5 11 3 7 1 2 9 6 14 10 8 0 4 13 12 
274,2.07353e-06,2.3964e-06,1.9303e-06,50,100,100,417292,5 11 3 7 1 2 9 6 14 10 8 0 4 13 12 
275,2.05869e-06,2.3964e-06,1.88002e-06,50,100,100,417292,5 11 3 7 1 2 9 6 14 10 8 0 4 13 12 
276,2.05488e-06,2.3964e-06,1.89554e-06,50,100,100,417292,5 11 3 7 1 2 9 6 14 10 8 0 4 13 12 
277,2.05114e-06,2.3964e-06,1.90133e-06,50,100,100,417292,5 11 3 7 1 2 9 6 14 10 8 0 4 13 12 
278,2.06025e-06,2.3964e-06,1.88124e-06,50,100,100,417292,5 11 3 7 1 2 9 6 14 10 8 0 4 13 12 
279,2.05539e-06,2.3964e-06,1.91805e-06,50,100,100,417292,5 11 3 7 1 2 9 6 14 10 8 0 4 13 12 
280,2.06929e-06,2.3964e-06,1.94207e-06,50,100,100,417292,5 11 3 7 1 2 9 6 14 10 8 0 4 13 12 
281,2.05772e-06,2.3964e-06,1.92424e-06,50,100,100,417292,5 11 3 7 1 2 9 6 14 10 8 0 4 13 12 
282,2.06351e-06,2.3964e-06,1.9062e-06,50,100,100,417292,5 11 3 7 1 2 9 6 14 10 8 0 4 13 12 
283,2.06994e-06,2.3964e-06,1.89838e-06,50,100,100,417292,5 11 3 7 1 2 9 6 14 10 8 0 4 13 12 
284,2.06817e-06,2.3964e-06,1.90623e-06,50,100,100,417292,5 11 3 7 1 2 9 6 14 10 8 0 4 13 12 
285,2.06609e-06,2.3964e-06,1.91962e-06,50,100,100,417292,5 11 3 7 1 2 9 6 14 10 8 0 4 13 12 
286,2.06943e-06,2.3964e-06,1.90428e-06,50,100,100,417292,5 11 3 7 1 2 9 6 14 10 8 0 4 13 12 
287,2.06488e-06,2.3964e-06,1.89404e-06,50,100,100,417292,5 11 3 7 1 2 9 6 14 10 8 0 4 13 12 
288,2.07619e-06,2.3964e-06,1.88665e-06,50,100,100,417292,5 11 3 7 1 2 9 6 14 10 8 0 4 13 12 
289,2.08177e-06,2.3964e-06,1.91847e-06,50,100,100,417292,5 11 3 7 1 2 9 6 14 10 8 0 4 13 12 
290,2.08663e-06,2.3964e-06,1.94835e-06,50,100,100,417292,5 11 3 7 1 2 9 6 14 10 8 0 4 13 12 
291,2.0684e-06,2.3964e-06,1.92774e-06,50,100,100,417292,5 11 3 7 1 2 9 6 14 10 8 0 4 13 12 
292,2.07172e-06,2.3964e-06,1.92541e-06,50,100,100,417292,5 11 3 7 1 2 9 6 14 10 8 0 4 13 12 
293,2.07273e-06,2.3964e-06,1.89096e-06,50,100,100,417292,5 11 3 7 1 2 9 6 14 10 8 0 4 13 12 
294,2.06429e-06,2.3964e-06,1.88606e-06,50,100,100,417292,5 11 3 7 1 2 9 6 14 10 8 0 4 13 12 
295,2.06676e-06,2.3964e-06,1.90915e-06,50,100,100,417292,5 11 3 7 1 2 9 6 14 10 8 0 4 13 12 
296,2.07234e-06,2.3964e-06,1.91648e-06,50,100,100,417292,5 11 3 7 1 2 9 6 14 10 8 0 4 13 12 
297,2.07985e-06,2.3964e-06,1.9139e-06,50,100,100,417292,5 11 3 7 1 2 9 6 14 10 8 0 4 13 12 
298,2.07152e-06,2.3964e-06,1.90949e-06,50,100,100,417292,5 11 3 7 1 2 9 6 14 10 8 0 4 13 12 
299,2.07632e-06,2.3964e-06,1.92927e-06,50,100,100,417292,5 11 3 7 1 2 9 6 14 10 8 0 4 13 12 
300,2.06789e-06,2.3964e-06,1.89722e-06,50,100,100,417292,5 11 3 7 1 2 9 6 14 10 8 0 4 13 12 
301,2.07236e-06,2.3964e-06,1.93565e-06,50,100,100,417292,5 11 3 7 1 2 9 6 14 10 8 0 4 13 12 
302,2.05385e-06,2.3964e-06,1.87935e-06,50,100,100,417292,5 11 3 7 1 2 9 6 14 10 8 0 4 13 12 
303,2.06053e-06,2.3964e-06,1.89136e-06,50,100,100,417292,5 11 3 7 1 2 9 6 14 10 8 0 4 13 12 
304,2.06417e-06,2.3964e-06,1.9154e-06,50,100,100,417292,5 11 3 7 1 2 9 6 14 10 8 0 4 13 12 
305,2.07178e-06,2.3964e-06,1.93146e-06,50,100,100,417292,5 11 3 7 1 2 9 6 14 10 8 0 4 13 12 
306,2.06786e-06,2.3964e-06,1.91074e-06,50,100,100,417292,5 11 3 7 1 2 9 6 14 10 8 0 4 13 12 
307,2.07998e-06,2.3964e-06,1.91872e-06,50,100,100,417292,5 11 3 7 1 2 9 6 14 10 8 0 4 13 12 
308,2.07947e-06,2.3964e-06,1.95279e-06,50,100,100,417292,5 11 3 7 1 2 9 6 14 10 8 0 4 13 12 
309,2.07803e-06,2.3964e-06,1.90436e-06,50,100,100,417292,5 11 3 7 1 2 9 6 14 10 8 0 4 13 12 
310,2.05997e-06,2.3964e-06,1.90906e-06,50,100,100,417292,5 11 3 7 1 2 9 6 14 10 8 0 4 13 12 
311,2.05242e-06,2.3964e-06,1.89477e-06,50,100,100,417292,5 11 3 7 1 2 9 6 14 10 8 0 4 13 12 
312,2.06777e-06,2.3964e-06,1.91551e-06,50,100,100,417292,5 11 3 7 1 2 9 6 14 10 8 0 4 13 12 
313,2.07389e-06,2.3964e-06,1.91833e-06,50,100,100,417292,5 11 3 7 1 2 9 6 14 10 8 0 4 13 12 
314,2.07949e-06,2.3964e-06,1.88219e-06,50,100,100,417292,5 11 3 7 1 2 9 6 14 10 8 0 4 13 12 
315,2.0823e-06,2.3964e-06,1.9116e-06,50,100,100,417292,5 11 3 7 1 2 9 6 14 10 8 0 4 13 12 
316,2.07459e-06,2.3964e-06,1.92455e-06,50,100,100,417292,5 11 3 7 1 2 9 6 14 10 8 0 4 13 12 
317,2.08076e-06,2.3964e-06,1.92981e-06,50,100,100,417292,5 11 3 7 1 2 9 6 14 10 8 0 4 13 12 
318,2.06384e-06,2.3964e-06,1.90251e-06,50,100,100,417292,5 11 3 7 1 2 9 6 14 10 8 0 4 13 12 
319,2.07894e-06,2.3964e-06,1.92793e-06,50,100,100,417292,5 11 3 7 1 2 9 6 14 10 8 0 4 13 12 
320,2.05816e-06,2.3964e-06,1.88958e-06,50,100,100,417292,5 11 3 7 1 2 9 6 14 10 8 0 4 13 12 
321,2.06418e-06,2.3964e-06,1.92309e-06,50,100,100,417292,5 11 3 7 1 2 9 6 14 10 8 0 4 13 12 
322,2.07017e-06,2.40683e-06,1.90612e-06,50,100,100,415484,5 11 3 9 1 2 7 6 14 10 8 0 4 13 12 
323,2.07608e-06,2.40683e-06,1.87994e-06,50,100,100,415484,5 11 3 9 1 2 7 6 14 10 8 0 4 13 12 
324,2.0884e-06,2.40683e-06,1.94792e-06,50,100,100,415484,5 11 3 9 1 2 7 6 14 10 8 0 4 13 12 
325,2.10029e-06,2.40683e-06,1.94701e-06,50,100,100,415484,5 11 3 9 1 2 7 6 14 10 8 0 4 13 12 
326,2.10355e-06,2.40683e-06,1.92474e-06,50,100,100,415484,5 11 3 9 1 2 7 6 14 10 8 0 4 13 12 
327,2.08725e-06,2.40683e-06,1.93339e-06,50,100,100,415484,5 11 3 9 1 2 7 6 14 10 8 0 4 13 12 
328,2.0869e-06,2.40683e-06,1.91674e-06,50,100,100,415484,5 11 3 9 1 2 7 6 14 10 8 0 4 13 12 
329,2.08868e-06,2.40683e-06,1.92896e-06,50,100,100,415484,5 11 3 9 1 2 7 6 14 10 8 0 4 13 12 
330,2.09023e-06,2.40683e-06,1.92216e-06,50,100,100,415484,5 11 3 9 1 2 7 6 14 10 8 0 4 13 12 
331,2.09443e-06,2.40683e-06,1.93051e-06,50,100,100,415484,5 11 3 9 1 2 7 6 14 10 8 0 4 13 12 
332,2.09827e-06,2.40683e-06,1.94039e-06,50,100,100,415484,5 11 3 9 1 2 7 6 14 10 8 0 4 13 12 
333,2.08941e-06,2.40683e-06,1.899e-06,50,100,100,415484,5 11 3 9 1 2 7 6 14 10 8 0 4 13 12 
334,2.09712e-06,2.40683e-06,1.96529e-06,50,100,100,415484,5 11 3 9 1 2 7 6 14 10 8 0 4 13 12 
335,2.09975e-06,2.40683e-06,1.88831e-06,50,100,100,415484,5 11 3 9 1 2 7 6 14 10 8 0 4 13 12 
336,2.09179e-06,2.40683e-06,1.92826e-06,50,100,100,415484,5 11 3 9 1 2 7 6 14 10 8 0 4 13 12 
337,2.09518e-06,2.40683e-06,1.88809e-06,50,100,100,415484,5 11 3 9 1 2 7 6 14 10 8 0 4 13 12 
338,2.10315e-06,2.40683e-06,1.94773e-06,50,100,100,415484,5 11 3 9 1 2 7 6 14 10 8 0 4 13 12 
339,2.10225e-06,2.40683e-06,1.91734e-06,50,100,100,415484,5 11 3 9 1 2 7 6 14 10 8 0 4 13 12 
340,2.11802e-06,2.40683e-06,1.91828e-06,50,100,100,415484,5 11 3 9 1 2 7 6 14 10 8 0 4 13 12 
341,2.10483e-06,2.40683e-06,1.92555e-06,50,100,100,415484,5 11 3 9 1 2 7 6 14 10 8 0 4 13 12 
342,2.09891e-06,2.40683e-06,1.94229e-06,50,100,100,415484,5 11 3 9 1 2 7 6 14 10 8 0 4 13 12 
343,2.10338e-06,2.40683e-06,1.94746e-06,50,100,100,415484,5 11 3 9 1 2 7 6 14 10 8 0 4 13 12 
344,2.10793e-06,2.40683e-06,1.95896e-06,50,100,100,415484,5 11 3 9 1 2 7 6 14 10 8 0 4 13 12 
345,2.10304e-06,2.40683e-06,1.94104e-06,50,100,100,415484,5 11 3 9 1 2 7 6 14 10 8 0 4 13 12 
346,2.1005e-06,2.42057e-06,1.90106e-06,50,100,100,413124,5 11 14 9 1 2 7 6 3 10 8 0 4 13 12 
347,2.09273e-06,2.42057e-06,1.91127e-06,50,100,100,413124,5 11 14 9 1 2 7 6 3 10 8 0 4 13 12 
348,2.0971e-06,2.42057e-06,1.9109e-06,50,100,100,413124,5 11 14 9 1 2 7 6 3 10 8 0 4 13 12 
349,2.09803e-06,2.42057e-06,1.89441e-06,50,100,100,413124,5 11 14 9 1 2 7 6 3 10 8 0 4 13 12 
350,2.07546e-06,2.42057e-06,1.88304e-06,50,100,100,413124,5 11 14 9 1 2 7 6 3 10 8 0 4 13 12 
351,2.075e-06,2.42057e-06,1.90579e-06,50,100,100,413124,5 11 14 9 1 2 7 6 3 10 8 0 4 13 12 
352,2.07653e-06,2.42057e-06,1.928e-06,50,100,100,413124,5 11 14 9 1 2 7 6 3 10 8 0 4 13 12 
353,2.09185e-06,2.42057e-06,1.92296e-06,50,100,100,413124,5 11 14 9 1 2 7 6 3 10 8 0 4 13 12 
354,2.07965e-06,2.42057e-06,1.93426e-06,50,100,100,413124,5 11 14 9 1 2 7 6 3 10 8 0 4 13 12 
355,2.07628e-06,2.42057e-06,1.89204e-06,50,100,100,413124,5 11 14 9 1 2 7 6 3 10 8 0 4 13 12 
356,2.08141e-06,2.42057e-06,1.91571e-06,50,100,100,413124,5 11 14 9 1 2 7 6 3 10 8 0 4 13 12 
357,2.08577e-06,2.42057e-06,1.93589e-06,50,100,100,413124,5 11 14 9 1 2 7 6 3 10 8 0 4 13 12 
358,2.07062e-06,2.42057e-06,1.87387e-06,50,100,100,413124,5 11 14 9 1 2 7 6 3 10 8 0 4 13 12 
359,2.07707e-06,2.42057e-06,1.90575e-06,50,100,100,413124,5 11 14 9 1 2 7 6 3 10 8 0 4 13 12 
360,2.07989e-06,2.42057e-06,1.92189e-06,50,100,100,413124,5 11 14 9 1 2 7 6 3 10 8 0 4 13 12 
361,2.07579e-06,2.42057e-06,1.91672e-06,50,100,100,413124,5 11 14 9 1 2 7 6 3 10 8 0 4 13 12 
362,2.05934e-06,2.42057e-06,1.92728e-06,50,100,100,413124,5 11 14 9 1 2 7 6 3 10 8 0 4 13 12 
363,2.06729e-06,2.42057e-06,1.95769e-06,50,100,100,413124,5 11 14 9 1 2 7 6 3 10 8 0 4 13 12 
364,2.06394e-06,2.42057e-06,1.94008e-06,50,100,100,413124,5 11 14 9 1 2 7 6 3 10 8 0 4 13 12 
365,2.06465e-06,2.42057e-06,1.91359e-06,50,100,100,413124,5 11 14 9 1 2 7 6 3 10 8 0 4 13 12 
366,2.07495e-06,2.42057e-06,1.91901e-06,50,100,100,413124,5 11 14 9 1 2 7 6 3 10 8 0 4 13 12 
367,2.07295e-06,2.42057e-06,1.92646e-06,50,100,100,413124,5 11 14 9 1 2 7 6 3 10 8 0 4 13 12 
368,2.06402e-06,2.42057e-06,1.92026e-06,50,100,100,413124,5 11 14 9 1 2 7 6 3 10 8 0 4 13 12 
369,2.07138e-06,2.42057e-06,1.92547e-06,50,100,100,413124,5 11 14 9 1 2 7 6 3 10 8 0 4 13 12 
370,2.07201e-06,2.42057e-06,1.91687e-06,50,100,100,413124,5 11 14 9 1 2 7 6 3 10 8 0 4 13 12 
371,2.06132e-06,2.42057e-06,1.92052e-06,50,100,100,413124,5 11 14 9 1 2 7 6 3 10 8 0 4 13 12 
372,2.05519e-06,2.42057e-06,1.91959e-06,50,100,100,413124,5 11 14 9 1 2 7 6 3 10 8 0 4 13 12 
373,2.05828e-06,2.42057e-06,1.91114e-06,50,100,100,413124,5 11 14 9 1 2 7 6 3 10 8 0 4 13 12 
374,2.05695e-06,2.42057e-06,1.91589e-06,50,100,100,413124,5 11 14 9 1 2 7 6 3 10 8 0 4 13 12 
375,2.07078e-06,2.42057e-06,1.90382e-06,50,100,100,413124,5 11 14 9 1 2 7 6 3 10 8 0 4 13 12 
376,2.0592e-06,2.42057e-06,1.9163e-06,50,100,100,413124,5 11 14 9 1 2 7 6 3 10 8 0 4 13 12 
377,2.05515e-06,2.42057e-06,1.91808e-06,50,100,100,413124,5 11 14 9 1 2 7 6 3 10 8 0 4 13 12 
378,2.05344e-06,2.42057e-06,1.91458e-06,50,100,100,413124,5 11 14 9 1 2 7 6 3 10 8 0 4 13 12 
379,2.05978e-06,2.42057e-06,1.92259e-06,50,100,100,413124,5 11 14 9 1 2 7 6 3 10 8 0 4 13 12 
380,2.07499e-06,2.42057e-06,1.92981e-06,50,100,100,413124,5 11 14 9 1 2 7 6 3 10 8 0 4 13 12 
381,2.07614e-06,2.42057e-06,1.94559e-06,50,100,100,413124,5 11 14 9 1 2 7 6 3 10 8 0 4 13 12 
382,2.07301e-06,2.42057e-06,1.94985e-06,50,100,100,413124,5 11 14 9 1 2 7 6 3 10 8 0 4 13 12 
383,2.0652e-06,2.42057e-06,1.91362e-06,50,100,100,413124,5 11 14 9 1 2 7 6 3 10 8 0 4 13 12 
384,2.07346e-06,2.42057e-06,1.90814e-06,50,100,100,413124,5 11 14 9 1 2 7 6 3 10 8 0 4 13 12 
385,2.07529e-06,2.42057e-06,1.90966e-06,50,100,100,413124,5 11 14 9 1 2 7 6 3 10 8 0 4 13 12 
386,2.07558e-06,2.42057e-06,1.92893e-06,50,100,100,413124,5 11 14 9 1 2 7 6 3 10 8 0 4 13 12 
387,2.07449e-06,2.42057e-06,1.93126e-06,50,100,100,413124,5 11 14 9 1 2 7 6 3 10 8 0 4 13 12 
388,2.07606e-06,2.42057e-06,1.90922e-06,50,100,100,413124,5 11 14 9 1 2 7 6 3 10 8 0 4 13 12 
389,2.07545e-06,2.42057e-06,1.94095e-06,50,100,100,413124,5 11 14 9 1 2 7 6 3 10 8 0 4 13 12 
390,2.06941e-06,2.42057e-06,1.8749e-06,50,100,100,413124,5 11 14 9 1 2 7 6 3 10 8 0 4 13 12 
391,2.08084e-06,2.42057e-06,1.90313e-06,50,100,100,413124,5 11 14 9 1 2 7 6 3 10 8 0 4 13 12 
392,2.07239e-06,2.42057e-06,1.9037e-06,50,100,100,413124,5 11 14 9 1 2 7 6 3 10 8 0 4 13 12 
393,2.07788e-06,2.42057e-06,1.91667e-06,50,100,100,413124,5 11 14 9 1 2 7 6 3 10 8 0 4 13 12 
394,2.06289e-06,2.42057e-06,1.90937e-06,50,100,100,413124,5 11 14 9 1 2 7 6 3 10 8 0 4 13 12 
395,2.08631e-06,2.42057e-06,1.90007e-06,50,100,100,413124,5 11 14 9 1 2 7 6 3 10 8 0 4 13 12 
396,2.06416e-06,2.42057e-06,1.91968e-06,50,100,100,413124,5 11 14 9 1 2 7 6 3 10 8 0 4 13 12 
397,2.06862e-06,2.42057e-06,1.90904e-06,50,100,100,413124,5 11 14 9 1 2 7 6 3 10 8 0 4 13 12 
398,2.0779e-06,2.42057e-06,1.91197e-06,50,100,100,413124,5 11 14 9 1 2 7 6 3 10 8 0 4 13 12 
399,2.06059e-06,2.42057e-06,1.92173e-06,50,100,100,413124,5 11 14 9 1 2 7 6 3 10 8 0 4 13 12 
400,2.07454e-06,2.42057e-06,1.94097e-06,50,100,100,413124,5 11 14 9 1 2 7 6 3 10 8 0 4 13 12 
401,2.05292e-06,2.42057e-06,1.88351e-06,50,100,100,413124,5 11 14 9 1 2 7 6 3 10 8 0 4 13 12 
402,2.06773e-06,2.42057e-06,1.93261e-06,50,100,100,413124,5 11 14 9 1 2 7 6 3 10 8 0 4 13 12 
403,2.05183e-06,2.42057e-06,1.91367e-06,50,100,100,413124,5 11 14 9 1 2 7 6 3 10 8 0 4 13 12 
404,2.07306e-06,2.42057e-06,1.91809e-06,50,100,100,413124,5 11 14 9 1 2 7 6 3 10 8 0 4 13 12 
405,2.07396e-06,2.42057e-06,1.89542e-06,50,100,100,413124,5 11 14 9 1 2 7 6 3 10 8 0 4 13 12 
406,2.07556e-06,2.42057e-06,1.93387e-06,50,100,100,413124,5 11 14 9 1 2 7 6 3 10 8 0 4 13 12 
407,2.07026e-06,2.42057e-06,1.92312e-06,50,100,100,413124,5 11 14 9 1 2 7 6 3 10 8 0 4 13 12 
408,2.06269e-06,2.42057e-06,1.92809e-06,50,100,100,413124,5 11 14 9 1 2 7 6 3 10 8 0 4 13 12 
409,2.06834e-06,2.42057e-06,1.93036e-06,50,100,100,413124,5 11 14 9 1 2 7 6 3 10 8 0 4 13 12 
410,2.06797e-06,2.42057e-06,1.93505e-06,50,100,100,413124,5 11 14 9 1 2 7 6 3 10 8 0 4 13 12 
411,2.06365e-06,2.42057e-06,1.89589e-06,50,100,100,413124,5 11 14 9 1 2 7 6 3 10 8 0 4 13 12 
412,2.07859e-06,2.42057e-06,1.9203e-06,50,100,100,413124,5 11 14 9 1 2 7 6 3 10 8 0 4 13 12 
413,2.07879e-06,2.42057e-06,1.90381e-06,50,100,100,413124,5 11 14 9 1 2 7 6 3 10 8 0 4 13 12 
414,2.08935e-06,2.42057e-06,1.906e-06,50,100,100,413124,5 11 14 9 1 2 7 6 3 10 8 0 4 13 12 
415,2.09682e-06,2.42057e-06,1.95609e-06,50,100,100,413124,5 11 14 9 1 2 7 6 3 10 8 0 4 13 12 
416,2.08248e-06,2.42057e-06,1.89154e-06,50,100,100,413124,5 11 14 9 1 2 7 6 3 10 8 0 4 13 12 
417,2.0734e-06,2.42057e-06,1.94315e-06,50,100,100,413124,5 11 14 9 1 2 7 6 3 10 8 0 4 13 12 
418,2.07794e-06,2.42057e-06,1.92031e-06,50,100,100,413124,5 11 14 9 1 2 7 6 3 10 8 0 4 13 12 
419,2.07144e-06,2.42057e-06,1.92882e-06,50,100,100,413124,5 11 14 9 1 2 7 6 3 10 8 0 4 13 12 
420,2.08454e-06,2.42057e-06,1.92104e-06,50,100,100,413124,5 11 14 9 1 2 7 6 3 10 8 0 4 13 12 
421,2.07596e-06,2.42057e-06,1.93929e-06,50,100,100,413124,5 11 14 9 1 2 7 6 3 10 8 0 4 13 12 
422,2.0755e-06,2.42057e-06,1.8867e-06,50,100,100,413124,5 11 14 9 1 2 7 6 3 10 8 0 4 13 12 
423,2.08287e-06,2.42057e-06,1.88859e-06,50,100,100,413124,5 11 14 9 1 2 7 6 3 10 8 0 4 13 12 
424,2.08506e-06,2.42057e-06,1.91739e-06,50,100,100,413124,5 11 14 9 1 2 7 6 3 10 8 0 4 13 12 
425,2.08265e-06,2.42057e-06,1.94235e-06,50,100,100,413124,5 11 14 9 1 2 7 6 3 10 8 0 4 13 12 
426,2.07898e-06,2.42057e-06,1.93577e-06,50,100,100,413124,5 11 14 9 1 2 7 6 3 10 8 0 4 13 12 
427,2.08778e-06,2.46425e-06,1.90815e-06,50,100,100,405802,5 11 14 7 1 2 9 6 3 10 8 0 4 13 12 
428,2.08652e-06,2.46425e-06,1.9065e-06,50,100,100,405802,5 11 14 7 1 2 9 6 3 10 8 0 4 13 12 
429,2.09157e-06,2.46425e-06,1.94336e-06,50,100,100,405802,5 11 14 7 1 2 9 6 3 10 8 0 4 13 12 
430,2.09624e-06,2.46425e-06,1.93859e-06,50,100,100,405802,5 11 14 7 1 2 9 6 3 10 8 0 4 13 12 
431,2.08539e-06,2.46425e-06,1.90889e-06,50,100,100,405802,5 11 14 7 1 2 9 6 3 10 8 0 4 13 12 
432,2.07326e-06,2.46425e-06,1.90143e-06,50,100,100,405802,5 11 14 7 1 2 9 6 3 10 8 0 4 13 12 
433,2.0743e-06,2.46425e-06,1.9096e-06,50,100,100,405802,5 11 14 7 1 2 9 6 3 10 8 0 4 13 12 
434,2.0697e-06,2.46425e-06,1.88235e-06,50,100,100,405802,5 11 14 7 1 2 9 6 3 10 8 0 4 13 12 
435,2.07643e-06,2.46425e-06,1.89078e-06,50,100,100,405802,5 11 14 7 1 2 9 6 3 10 8 0 4 13 12 
436,2.07369e-06,2.46425e-06,1.8969e-06,50,100,100,405802,5 11 14 7 1 2 9 6 3 10 8 0 4 13 12 
437,2.07298e-06,2.46425e-06,1.88286e-06,50,100,100,405802,5 11 14 7 1 2 9 6 3 10 8 0 4 13 12 
438,2.08314e-06,2.46425e-06,1.897e-06,50,100,100,405802,5 11 14 7 1 2 9 6 3 10 8 0 4 13 12 
439,2.06842e-06,2.46425e-06,1.84898e-06,50,100,100,405802,5 11 14 7 1 2 9 6 3 10 8 0 4 13 12 
440,2.06107e-06,2.46425e-06,1.93437e-06,50,100,100,405802,5 11 14 7 1 2 9 6 3 10 8 0 4 13 12 
441,2.07093e-06,2.46425e-06,1.88986e-06,50,100,100,405802,5 11 14 7 1 2 9 6 3 10 8 0 4 13 12 
442,2.0803e-06,2.46425e-06,1.92327e-06,50,100,100,405802,5 11 14 7 1 2 9 6 3 10 8 0 4 13 12 
443,2.08532e-06,2.46425e-06,1.93118e-06,50,100,100,405802,5 11 14 7 1 2 9 6 3 10 8 0 4 13 12 
444,2.07708e-06,2.46425e-06,1.92688e-06,50,100,100,405802,5 11 14 7 1 2 9 6 3 10 8 0 4 13 12 
445,2.07483e-06,2.46425e-06,1.90548e-06,50,100,100,405802,5 11 14 7 1 2 9 6 3 10 8 0 4 13 12 
446,2.0697e-06,2.46425e-06,1.91072e-06,50,100,100,405802,5 11 14 7 1 2 9 6 3 10 8 0 4 13 12 
447,2.06592e-06,2.46425e-06,1.84304e-06,50,100,100,405802,5 11 14 7 1 2 9 6 3 10 8 0 4 13 12 
448,2.05647e-06,2.46425e-06,1.90822e-06,50,100,100,405802,5 11 14 7 1 2 9 6 3 10 8 0 4 13 12 
449,2.06242e-06,2.46425e-06,1.91233e-06,50,100,100,405802,5 11 14 7 1 2 9 6 3 10 8 0 4 13 12 
450,2.05627e-06,2.46425e-06,1.90152e-06,50,100,100,405802,5 11 14 7 1 2 9 6 3 10 8 0 4 13 12 
451,2.06529e-06,2.46425e-06,1.91462e-06,50,100,100,405802,5 11 14 7 1 2 9 6 3 10 8 0 4 13 12 
452,2.0755e-06,2.46425e-06,1.90601e-06,50,100,100,405802,5 11 14 7 1 2 9 6 3 10 8 0 4 13 12 
453,2.06753e-06,2.46425e-06,1.91642e-06,50,100,100,405802,5 11 14 7 1 2 9 6 3 10 8 0 4 13 12 
454,2.06036e-06,2.46425e-06,1.90258e-06,50,100,100,405802,5 11 14 7 1 2 9 6 3 10 8 0 4 13 12 
455,2.06747e-06,2.46425e-06,1.89863e-06,50,100,100,405802,5 11 14 7 1 2 9 6 3 10 8 0 4 13 12 
456,2.06306e-06,2.46425e-06,1.91268e-06,50,100,100,405802,5 11 14 7 1 2 9 6 3 10 8 0 4 13 12 
457,2.06841e-06,2.46425e-06,1.90607e-06,50,100,100,405802,5 11 14 7 1 2 9 6 3 10 8 0 4 13 12 
458,2.06307e-06,2.46425e-06,1.89023e-06,50,100,100,405802,5 11 14 7 1 2 9 6 3 10 8 0 4 13 12 
459,2.06276e-06,2.46425e-06,1.90593e-06,50,100,100,405802,5 11 14 7 1 2 9 6 3 10 8 0 4 13 12 
460,2.06799e-06,2.46425e-06,1.88663e-06,50,100,100,405802,5 11 14 7 1 2 9 6 3 10 8 0 4 13 12 
461,2.07343e-06,2.46425e-06,1.92546e-06,50,100,100,405802,5 11 14 7 1 2 9 6 3 10 8 0 4 13 12 
462,2.06771e-06,2.46425e-06,1.90443e-06,50,100,100,405802,5 11 14 7 1 2 9 6 3 10 8 0 4 13 12 
463,2.0691e-06,2.46425e-06,1.92904e-06,50,100,100,405802,5 11 14 7 1 2 9 6 3 10 8 0 4 13 12 
464,2.06509e-06,2.46425e-06,1.91519e-06,50,100,100,405802,5 11 14 7 1 2 9 6 3 10 8 0 4 13 12 
465,2.06563e-06,2.46425e-06,1.87732e-06,50,100,100,405802,5 11 14 7 1 2 9 6 3 10 8 0 4 13 12 
466,2.07417e-06,2.46425e-06,1.91952e-06,50,100,100,405802,5 11 14 7 1 2 9 6 3 10 8 0 4 13 12 
467,2.07078e-06,2.46425e-06,1.93206e-06,50,100,100,405802,5 11 14 7 1 2 9 6 3 10 8 0 4 13 12 
468,2.0594e-06,2.46425e-06,1.90463e-06,50,100,100,405802,5 11 14 7 1 2 9 6 3 10 8 0 4 13 12 
469,2.06326e-06,2.46425e-06,1.92484e-06,50,100,100,405802,5 11 14 7 1 2 9 6 3 10 8 0 4 13 12 
470,2.06614e-06,2.46425e-06,1.94732e-06,50,100,100,405802,5 11 14 7 1 2 9 6 3 10 8 0 4 13 12 
471,2.07377e-06,2.46425e-06,1.92611e-06,50,100,100,405802,5 11 14 7 1 2 9 6 3 10 8 0 4 13 12 
472,2.06733e-06,2.46425e-06,1.9034e-06,50,100,100,405802,5 11 14 7 1 2 9 6 3 10 8 0 4 13 12 
473,2.07993e-06,2.46425e-06,1.93985e-06,50,100,100,405802,5 11 14 7 1 2 9 6 3 10 8 0 4 13 12 
474,2.07458e-06,2.46425e-06,1.94109e-06,50,100,100,405802,5 11 14 7 1 2 9 6 3 10 8 0 4 13 12 
475,2.07311e-06,2.46425e-06,1.88003e-06,50,100,100,405802,5 11 14 7 1 2 9 6 3 10 8 0 4 13 12 
476,2.06049e-06,2.46425e-06,1.89516e-06,50,100,100,405802,5 11 14 7 1 2 9 6 3 10 8 0 4 13 12 
477,2.07942e-06,2.46425e-06,1.89965e-06,50,100,100,405802,5 11 14 7 1 2 9 6 3 10 8 0 4 13 12 
478,2.08611e-06,2.46425e-06,1.93716e-06,50,100,100,405802,5 11 14 7 1 2 9 6 3 10 8 0 4 13 12 
479,2.08399e-06,2.46425e-06,1.91198e-06,50,100,100,405802,5 11 14 7 1 2 9 6 3 10 8 0 4 13 12 
480,2.08333e-06,2.46425e-06,1.91475e-06,50,100,100,405802,5 11 14 7 1 2 9 6 3 10 8 0 4 13 12 
481,2.07207e-06,2.46425e-06,1.92883e-06,50,100,100,405802,5 11 14 7 1 2 9 6 3 10 8 0 4 13 12 
482,2.06751e-06,2.46425e-06,1.90164e-06,50,100,100,405802,5 11 14 7 1 2 9 6 3 10 8 0 4 13 12 
483,2.08278e-06,2.46425e-06,1.94001e-06,50,100,100,405802,5 11 14 7 1 2 9 6 3 10 8 0 4 13 12 
484,2.08768e-06,2.46425e-06,1.93313e-06,50,100,100,405802,5 11 14 7 1 2 9 6 3 10 8 0 4 13 12 
485,2.08952e-06,2.46425e-06,1.93001e-06,50,100,100,405802,5 11 14 7 1 2 9 6 3 10 8 0 4 13 12 
486,2.07892e-06,2.46425e-06,1.9152e-06,50,100,100,405802,5 11 14 7 1 2 9 6 3 10 8 0 4 13 12 
487,2.07411e-06,2.46425e-06,1.91767e-06,50,100,100,405802,5 11 14 7 1 2 9 6 3 10 8 0 4 13 12 
488,2.0789e-06,2.46425e-06,1.94387e-06,50,100,100,405802,5 11 14 7 1 2 9 6 3 10 8 0 4 13 12 
489,2.09023e-06,2.46425e-06,1.93745e-06,50,100,100,405802,5 11 14 7 1 2 9 6 3 10 8 0 4 13 12 
490,2.08688e-06,2.46425e-06,1.89942e-06,50,100,100,405802,5 11 14 7 1 2 9 6 3 10 8 0 4 13 12 
491,2.08723e-06,2.46425e-06,1.917e-06,50,100,100,405802,5 11 14 7 1 2 9 6 3 10 8 0 4 13 12 
492,2.07883e-06,2.46425e-06,1.93505e-06,50,100,100,405802,5 11 14 7 1 2 9 6 3 10 8 0 4 13 12 
493,2.07329e-06,2.46425e-06,1.91203e-06,50,100,100,405802,5 11 14 7 1 2 9 6 3 10 8 0 4 13 12 
494,2.0801e-06,2.46425e-06,1.91352e-06,50,100,100,405802,5 11 14 7 1 2 9 6 3 10 8 0 4 13 12 
495,2.07291e-06,2.46425e-06,1.90374e-06,50,100,100,405802,5 11 14 7 1 2 9 6 3 10 8 0 4 13 12 
496,2.0789e-06,2.46425e-06,1.91274e-06,50,100,100,405802,5 11 14 7 1 2 9 6 3 10 8 0 4 13 12 
497,2.06986e-06,2.46425e-06,1.87597e-06,50,100,100,405802,5 11 14 7 1 2 9 6 3 10 8 0 4 13 12 
498,2.07571e-06,2.46425e-06,1.90644e-06,50,100,100,405802,5 11 14 7 1 2 9 6 3 10 8 0 4 13 12 
499,2.08554e-06,2.46425e-06,1.90725e-06,50,100,100,405802,5 11 14 7 1 2 9 6 3 10 8 0 4 13 12 
500,2.08433e-06,2.46425e-06,1.88084e-06,50,100,100,405802,5 11 14 7 1 2 9 6 3 10 8 0 4 13 12 
501,2.0963e-06,2.46425e-06,1.93297e-06,50,100,100,405802,5 11 14 7 1 2 9 6 3 10 8 0 4 13 12 
502,2.08668e-06,2.46425e-06,1.93114e-06,50,100,100,405802,5 11 14 7 1 2 9 6 3 10 8 0 4 13 12 
503,2.09606e-06,2.46425e-06,1.91721e-06,50,100,100,405802,5 11 14 7 1 2 9 6 3 10 8 0 4 13 12 
504,2.09312e-06,2.46425e-06,1.87487e-06,50,100,100,405802,5 11 14 7 1 2 9 6 3 10 8 0 4 13 12 
505,2.09654e-06,2.46425e-06,1.91617e-06,50,100,100,405802,5 11 14 7 1 2 9 6 3 10 8 0 4 13 12 
506,2.09431e-06,2.46425e-06,1.89237e-06,50,100,100,405802,5 11 14 7 1 2 9 6 3 10 8 0 4 13 12 
507,2.09364e-06,2.46425e-06,1.92406e-06,50,100,100,405802,5 11 14 7 1 2 9 6 3 10 8 0 4 13 12 
508,2.07554e-06,2.46425e-06,1.89969e-06,50,100,100,405802,5 11 14 7 1 2 9 6 3 10 8 0 4 13 12 
509,2.09062e-06,2.46425e-06,1.89922e-06,50,100,100,405802,5 11 14 7 1 2 9 6 3 10 8 0 4 13 12 
510,2.09614e-06,2.46425e-06,1.92004e-06,50,100,100,405802,5 11 14 7 1 2 9 6 3 10 8 0 4 13 12 
511,2.0973e-06,2.46425e-06,1.92442e-06,50,100,100,405802,5 11 14 7 1 2 9 6 3 10 8 0 4 13 12 
512,2.11483e-06,2.46425e-06,1.94209e-06,50,100,100,405802,5 11 14 7 1 2 9 6 3 10 8 0 4 13 12 
513,2.11936e-06,2.46425e-06,1.94053e-06,50,100,100,405802,5 11 14 7 1 2 9 6 3 10 8 0 4 13 12 
514,2.11845e-06,2.46425e-06,1.94672e-06,50,100,100,405802,5 11 14 7 1 2 9 6 3 10 8 0 4 13 12 
515,2.1303e-06,2.46425e-06,1.9626e-06,50,100,100,405802,5 11 14 7 1 2 9 6 3 10 8 0 4 13 12 
516,2.12653e-06,2.46425e-06,1.93056e-06,50,100,100,405802,5 11 14 7 1 2 9 6 3 10 8 0 4 13 12 
517,2.13835e-06,2.46425e-06,1.94978e-06,50,100,100,405802,5 11 14 7 1 2 9 6 3 10 8 0 4 13 12 
518,2.12952e-06,2.48106e-06,1.98391e-06,50,100,100,403052,5 11 14 7 1 3 10 6 2 9 8 0 4 13 12 
519,2.14196e-06,2.48106e-06,1.98347e-06,50,100,100,403052,5 11 14 7 1 3 10 6 2 9 8 0 4 13 12 
520,2.14233e-06,2.48106e-06,1.96369e-06,50,100,100,403052,5 11 14 7 1 3 10 6 2 9 8 0 4 13 12 
521,2.13403e-06,2.48106e-06,1.9786e-06,50,100,100,403052,5 11 14 7 1 3 10 6 2 9 8 0 4 13 12 
522,2.12594e-06,2.48106e-06,1.95382e-06,50,100,100,403052,5 11 14 7 1 3 10 6 2 9 8 0 4 13 12 
523,2.13846e-06,2.48106e-06,1.96059e-06,50,100,100,403052,5 11 14 7 1 3 10 6 2 9 8 0 4 13 12 
524,2.13199e-06,2.48106e-06,1.94266e-06,50,100,100,403052,5 11 14 7 1 3 10 6 2 9 8 0 4 13 12 
525,2.16188e-06,2.48106e-06,1.93918e-06,50,100,100,403052,5 11 14 7 1 3 10 6 2 9 8 0 4 13 12 
526,2.14491e-06,2.48106e-06,1.94739e-06,50,100,100,403052,5 11 14 7 1 3 10 6 2 9 8 0 4 13 12 
527,2.16168e-06,2.48106e-06,1.92681e-06,50,100,100,403052,5 11 14 7 1 3 10 6 2 9 8 0 4 13 12 
528,2.16729e-06,2.48106e-06,1.9803e-06,50,100,100,403052,5 11 14 7 1 3 10 6 2 9 8 0 4 13 12 
529,2.17128e-06,2.48106e-06,1.97598e-06,50,100,100,403052,5 11 14 7 1 3 10 6 2 9 8 0 4 13 12 
530,2.15854e-06,2.48106e-06,1.90025e-06,50,100,100,403052,5 11 14 7 1 3 10 6 2 9 8 0 4 13 12 
531,2.16653e-06,2.48106e-06,1.92228e-06,50,100,100,403052,5 11 14 7 1 3 10 6 2 9 8 0 4 13 12 
532,2.16918e-06,2.48106e-06,1.97426e-06,50,100,100,403052,5 11 14 7 1 3 10 6 2 9 8 0 4 13 12 
533,2.17196e-06,2.48106e-06,1.96485e-06,50,100,100,403052,5 11 14 7 1 3 10 6 2 9 8 0 4 13 12 
534,2.18554e-06,2.48106e-06,1.96309e-06,50,100,100,403052,5 11 14 7 1 3 10 6 2 9 8 0 4 13 12 
535,2.16492e-06,2.48106e-06,1.94711e-06,50,100,100,403052,5 11 14 7 1 3 10 6 2 9 8 0 4 13 12 
536,2.17924e-06,2.48106e-06,1.92682e-06,50,100,100,403052,5 11 14 7 1 3 10 6 2 9 8 0 4 13 12 
537,2.1864e-06,2.48106e-06,1.9459e-06,50,100,100,403052,5 11 14 7 1 3 10 6 2 9 8 0 4 13 12 
538,2.18107e-06,2.48106e-06,1.97058e-06,50,100,100,403052,5 11 14 7 1 3 10 6 2 9 8 0 4 13 12 
539,2.18266e-06,2.48106e-06,1.95338e-06,50,100,100,403052,5 11 14 7 1 3 10 6 2 9 8 0 4 13 12 
540,2.18225e-06,2.48106e-06,1.90475e-06,50,100,100,403052,5 11 14 7 1 3 10 6 2 9 8 0 4 13 12 
541,2.17356e-06,2.48106e-06,1.9727e-06,50,100,100,403052,5 11 14 7 1 3 10 6 2 9 8 0 4 13 12 
542,2.16924e-06,2.48106e-06,1.91717e-06,50,100,100,403052,5 11 14 7 1 3 10 6 2 9 8 0 4 13 12 
543,2.18333e-06,2.48106e-06,1.956e-06,50,100,100,403052,5 11 14 7 1 3 10 6 2 9 8 0 4 13 12 
544,2.18707e-06,2.48106e-06,1.94388e-06,50,100,100,403052,5 11 14 7 1 3 10 6 2 9 8 0 4 13 12 
545,2.18283e-06,2.48106e-06,1.94238e-06,50,100,100,403052,5 11 14 7 1 3 10 6 2 9 8 0 4 13 12 
546,2.18846e-06,2.48106e-06,1.99102e-06,50,100,100,403052,5 11 14 7 1 3 10 6 2 9 8 0 4 13 12 
547,2.1835e-06,2.48106e-06,1.92679e-06,50,100,100,403052,5 11 14 7 1 3 10 6 2 9 8 0 4 13 12 
548,2.18677e-06,2.48106e-06,1.95027e-06,50,100,100,403052,5 11 14 7 1 3 10 6 2 9 8 0 4 13 12 
549,2.1997e-06,2.48106e-06,1.96785e-06,50,100,100,403052,5 11 14 7 1 3 10 6 2 9 8 0 4 13 12 
550,2.22415e-06,2.48106e-06,1.97433e-06,50,100,100,403052,5 11 14 7 1 3 10 6 2 9 8 0 4 13 12 
551,2.22366e-06,2.48106e-06,1.94967e-06,50,100,100,403052,5 11 14 7 1 3 10 6 2 9 8 0 4 13 12 
552,2.21995e-06,2.48106e-06,1.94476e-06,50,100,100,403052,5 11 14 7 1 3 10 6 2 9 8 0 4 13 12 
553,2.24698e-06,2.50426e-06,1.97232e-06,50,100,100,399318,5 11 14 7 1 3 10 6 2 0 9 8 4 13 12 
554,2.25923e-06,2.50426e-06,1.94959e-06,50,100,100,399318,5 11 14 7 1 3 10 6 2 0 9 8 4 13 12 
555,2.26343e-06,2.50426e-06,1.94812e-06,50,100,100,399318,5 11 14 7 1 3 10 6 2 0 9 8 4 13 12 
556,2.24163e-06,2.50426e-06,1.96726e-06,50,100,100,399318,5 11 14 7 1 3 10 6 2 0 9 8 4 13 12 
557,2.2438e-06,2.50426e-06,1.94303e-06,50,100,100,399318,5 11 14 7 1 3 10 6 2 0 9 8 4 13 12 
558,2.22646e-06,2.50426e-06,1.95101e-06,50,100,100,399318,5 11 14 7 1 3 10 6 2 0 9 8 4 13 12 
559,2.22231e-06,2.50426e-06,1.95697e-06,50,100,100,399318,5 11 14 7 1 3 10 6 2 0 9 8 4 13 12 
560,2.23869e-06,2.50426e-06,1.93592e-06,50,100,100,399318,5 11 14 7 1 3 10 6 2 0 9 8 4 13 12 
561,2.23776e-06,2.50426e-06,1.96379e-06,50,100,100,399318,5 11 14 7 1 3 10 6 2 0 9 8 4 13 12 
562,2.23186e-06,2.50426e-06,1.94238e-06,50,100,100,399318,5 11 14 7 1 3 10 6 2 0 9 8 4 13 12 
563,2.25612e-06,2.50426e-06,1.96406e-06,50,100,100,399318,5 11 14 7 1 3 10 6 2 0 9 8 4 13 12 
564,2.2355e-06,2.50426e-06,1.97479e-06,50,100,100,399318,5 11 14 7 1 3 10 6 2 0 9 8 4 13 12 
565,2.24133e-06,2.50426e-06,1.98717e-06,50,100,100,399318,5 11 14 7 1 3 10 6 2 0 9 8 4 13 12 
566,2.27647e-06,2.50426e-06,1.97302e-06,50,100,100,399318,5 11 14 7 1 3 10 6 2 0 9 8 4 13 12 
567,2.2711e-06,2.50426e-06,1.97623e-06,50,100,100,399318,5 11 14 7 1 3 10 6 2 0 9 8 4 13 12 
568,2.2861e-06,2.50426e-06,1.94814e-06,50,100,100,399318,5 11 14 7 1 3 10 6 2 0 9 8 4 13 12 
569,2.25852e-06,2.50426e-06,1.96157e-06,50,100,100,399318,5 11 14 7 1 3 10 6 2 0 9 8 4 13 12 
570,2.2873e-06,2.50426e-06,1.9805e-06,50,100,100,399318,5 11 14 7 1 3 10 6 2 0 9 8 4 13 12 
571,2.26669e-06,2.50426e-06,1.94657e-06,50,100,100,399318,5 11 14 7 1 3 10 6 2 0 9 8 4 13 12 
572,2.25216e-06,2.50426e-06,1.92318e-06,50,100,100,399318,5 11 14 7 1 3 10 6 2 0 9 8 4 13 12 
573,2.22665e-06,2.50426e-06,1.93881e-06,50,100,100,399318,5 11 14 7 1 3 10 6 2 0 9 8 4 13 12 
574,2.2432e-06,2.50426e-06,1.94452e-06,50,100,100,399318,5 11 14 7 1 3 10 6 2 0 9 8 4 13 12 
575,2.25358e-06,2.50426e-06,1.94981e-06,50,100,100,399318,5 11 14 7 1 3 10 6 2 0 9 8 4 13 12 
576,2.27241e-06,2.50426e-06,1.97044e-06,50,100,100,399318,5 11 14 7 1 3 10 6 2 0 9 8 4 13 12 
577,2.28139e-06,2.50426e-06,1.98965e-06,50,100,100,399318,5 11 14 7 1 3 10 6 2 0 9 8 4 13 12 
578,2.24844e-06,2.50426e-06,1.92301e-06,50,100,100,399318,5 11 14 7 1 3 10 6 2 0 9 8 4 13 12 
579,2.22111e-06,2.50426e-06,1.94439e-06,50,100,100,399318,5 11 14 7 1 3 10 6 2 0 9 8 4 13 12 
580,2.24403e-06,2.50426e-06,1.94913e-06,50,100,100,399318,5 11 14 7 1 3 10 6 2 0 9 8 4 13 12 
581,2.23184e-06,2.50426e-06,1.97227e-06,50,100,100,399318,5 11 14 7 1 3 10 6 2 0 9 8 4 13 12 
582,2.24458e-06,2.50426e-06,1.95118e-06,50,100,100,399318,5 11 14 7 1 3 10 6 2 0 9 8 4 13 12 
583,2.26768e-06,2.50426e-06,1.98449e-06,50,100,100,399318,5 11 14 7 1 3 10 6 2 0 9 8 4 13 12 
584,2.27576e-06,2.50426e-06,1.94067e-06,50,100,100,399318,5 11 14 7 1 3 10 6 2 0 9 8 4 13 12 
585,2.2698e-06,2.50426e-06,1.97925e-06,50,100,100,399318,5 11 14 7 1 3 10 6 2 0 9 8 4 13 12 
586,2.28252e-06,2.50426e-06,2.01591e-06,50,100,100,399318,5 11 14 7 1 3 10 6 2 0 9 8 4 13 12 
587,2.26956e-06,2.50426e-06,1.97007e-06,50,100,100,399318,5 11 14 7 1 3 10 6 2 0 9 8 4 13 12 
588,2.26769e-06,2.50426e-06,1.95697e-06,50,100,100,399318,5 11 14 7 1 3 10 6 2 0 9 8 4 13 12 
589,2.24511e-06,2.50426e-06,1.95889e-06,50,100,100,399318,5 11 14 7 1 3 10 6 2 0 9 8 4 13 12 
590,2.24324e-06,2.50426e-06,1.94587e-06,50,100,100,399318,5 11 14 7 1 3 10 6 2 0 9 8 4 13 12 
591,2.25702e-06,2.50426e-06,1.94657e-06,50,100,100,399318,5 11 14 7 1 3 10 6 2 0 9 8 4 13 12 
592,2.26402e-06,2.50426e-06,1.98489e-06,50,100,100,399318,5 11 14 7 1 3 10 6 2 0 9 8 4 13 12 
593,2.2635e-06,2.50426e-06,1.96544e-06,50,100,100,399318,5 11 14 7 1 3 10 6 2 0 9 8 4 13 12 
594,2.24369e-06,2.50426e-06,1.95493e-06,50,100,100,399318,5 11 14 7 1 3 10 6 2 0 9 8 4 13 12 
595,2.246e-06,2.50426e-06,1.95697e-06,50,100,100,399318,5 11 14 7 1 3 10 6 2 0 9 8 4 13 12 
596,2.24419e-06,2.50426e-06,1.95985e-06,50,100,100,399318,5 11 14 7 1 3 10 6 2 0 9 8 4 13 12 
597,2.25817e-06,2.50426e-06,1.9658e-06,50,100,100,399318,5 11 14 7 1 3 10 6 2 0 9 8 4 13 12 
598,2.22603e-06,2.50426e-06,1.94298e-06,50,100,100,399318,5 11 14 7 1 3 10 6 2 0 9 8 4 13 12 
599,2.22751e-06,2.50426e-06,1.93869e-06,50,100,100,399318,5 11 14 7 1 3 10 6 2 0 9 8 4 13 12 
600,2.25798e-06,2.50426e-06,1.94735e-06,50,100,100,399318,5 11 14 7 1 3 10 6 2 0 9 8 4 13 12 
601,2.23832e-06,2.50426e-06,1.94442e-06,50,100,100,399318,5 11 14 7 1 3 10 6 2 0 9 8 4 13 12 
602,2.24754e-06,2.50426e-06,1.93215e-06,50,100,100,399318,5 11 14 7 1 3 10 6 2 0 9 8 4 13 12 
603,2.2457e-06,2.50426e-06,1.94757e-06,50,100,100,399318,5 11 14 7 1 3 10 6 2 0 9 8 4 13 12 
604,2.2446e-06,2.50426e-06,1.94445e-06,50,100,100,399318,5 11 14 7 1 3 10 6 2 0 9 8 4 13 12 
605,2.23353e-06,2.50426e-06,1.96967e-06,50,100,100,399318,5 11 14 7 1 3 10 6 2 0 9 8 4 13 12 
606,2.24282e-06,2.50426e-06,1.98986e-06,50,100,100,399318,5 11 14 7 1 3 10 6 2 0 9 8 4 13 12 
607,2.25497e-06,2.50426e-06,1.92866e-06,50,100,100,399318,5 11 14 7 1 3 10 6 2 0 9 8 4 13 12 
608,2.24563e-06,2.50426e-06,1.93388e-06,50,100,100,399318,5 11 14 7 1 3 10 6 2 0 9 8 4 13 12 
609,2.2373e-06,2.50426e-06,1.92834e-06,50,100,100,399318,5 11 14 7 1 3 10 6 2 0 9 8 4 13 12 
610,2.2733e-06,2.50426e-06,1.88804e-06,50,100,100,399318,5 11 14 7 1 3 10 6 2 0 9 8 4 13 12 
611,2.25575e-06,2.50426e-06,1.93897e-06,50,100,100,399318,5 11 14 7 1 3 10 6 2 0 9 8 4 13 12 
612,2.24292e-06,2.50426e-06,1.9386e-06,50,100,100,399318,5 11 14 7 1 3 10 6 2 0 9 8 4 13 12 
613,2.2825e-06,2.50426e-06,1.98238e-06,50,100,100,399318,5 11 14 7 1 3 10 6 2 0 9 8 4 13 12 
614,2.27354e-06,2.50426e-06,1.91853e-06,50,100,100,399318,5 11 14 7 1 3 10 6 2 0 9 8 4 13 12 
615,2.28859e-06,2.50426e-06,1.95093e-06,50,100,100,399318,5 11 14 7 1 3 10 6 2 0 9 8 4 13 12 
616,2.25297e-06,2.50426e-06,1.94913e-06,50,100,100,399318,5 11 14 7 1 3 10 6 2 0 9 8 4 13 12 
617,2.25636e-06,2.50426e-06,1.94083e-06,50,100,100,399318,5 11 14 7 1 3 10 6 2 0 9 8 4 13 12 
618,2.278e-06,2.50426e-06,1.93187e-06,50,100,100,399318,5 11 14 7 1 3 10 6 2 0 9 8 4 13 12 
619,2.22081e-06,2.50426e-06,1.90778e-06,50,100,100,399318,5 11 14 7 1 3 10 6 2 0 9 8 4 13 12 
620,2.2379e-06,2.50426e-06,1.92937e-06,50,100,100,399318,5 11 14 7 1 3 10 6 2 0 9 8 4 13 12 
621,2.28105e-06,2.50426e-06,1.91236e-06,50,100,100,399318,5 11 14 7 1 3 10 6 2 0 9 8 4 13 12 
622,2.2702e-06,2.50426e-06,1.92384e-06,50,100,100,399318,5 11 14 7 1 3 10 6 2 0 9 8 4 13 12 
623,2.26222e-06,2.50426e-06,1.94261e-06,50,100,100,399318,5 11 14 7 1 3 10 6 2 0 9 8 4 13 12 
624,2.26978e-06,2.50426e-06,1.97263e-06,50,100,100,399318,5 11 14 7 1 3 10 6 2 0 9 8 4 13 12 
625,2.27755e-06,2.50426e-06,1.93242e-06,50,100,100,399318,5 11 14 7 1 3 10 6 2 0 9 8 4 13 12 
626,2.26988e-06,2.50426e-06,1.90214e-06,50,100,100,399318,5 11 14 7 1 3 10 6 2 0 9 8 4 13 12 
627,2.28213e-06,2.50426e-06,1.96421e-06,50,100,100,399318,5 11 14 7 1 3 10 6 2 0 9 8 4 13 12 
628,2.29784e-06,2.50426e-06,1.99006e-06,50,100,100,399318,5 11 14 7 1 3 10 6 2 0 9 8 4 13 12 
629,2.26842e-06,2.50426e-06,1.98986e-06,50,100,100,399318,5 11 14 7 1 3 10 6 2 0 9 8 4 13 12 
630,2.27229e-06,2.50426e-06,1.94442e-06,50,100,100,399318,5 11 14 7 1 3 10 6 2 0 9 8 4 13 12 
631,2.27042e-06,2.50426e-06,1.95697e-06,50,100,100,399318,5 11 14 7 1 3 10 6 2 0 9 8 4 13 12 
632,2.25924e-06,2.50426e-06,1.95333e-06,50,100,100,399318,5 11 14 7 1 3 10 6 2 0 9 8 4 13 12 
633,2.27241e-06,2.50426e-06,1.95845e-06,50,100,100,399318,5 11 14 7 1 3 10 6 2 0 9 8 4 13 12 
634,2.27561e-06,2.50426e-06,1.9666e-06,50,100,100,399318,5 11 14 7 1 3 10 6 2 0 9 8 4 13 12 
635,2.29627e-06,2.50426e-06,1.95383e-06,50,100,100,399318,5 11 14 7 1 3 10 6 2 0 9 8 4 13 12 
636,2.28088e-06,2.50426e-06,1.97071e-06,50,100,100,399318,5 11 14 7 1 3 10 6 2 0 9 8 4 13 12 
637,2.24264e-06,2.50426e-06,1.94032e-06,50,100,100,399318,5 11 14 7 1 3 10 6 2 0 9 8 4 13 12 
638,2.23723e-06,2.50426e-06,1.97018e-06,50,100,100,399318,5 11 14 7 1 3 10 6 2 0 9 8 4 13 12 
639,2.24291e-06,2.50426e-06,1.94384e-06,50,100,100,399318,5 11 14 7 1 3 10 6 2 0 9 8 4 13 12 
640,2.24694e-06,2.50426e-06,1.93592e-06,50,100,100,399318,5 11 14 7 1 3 10 6 2 0 9 8 4 13 12 
641,2.22035e-06,2.50426e-06,1.93739e-06,50,100,100,399318,5 11 14 7 1 3 10 6 2 0 9 8 4 13 12 
642,2.23202e-06,2.50426e-06,1.94437e-06,50,100,100,399318,5 11 14 7 1 3 10 6 2 0 9 8 4 13 12 
643,2.22418e-06,2.50426e-06,1.90131e-06,50,100,100,399318,5 11 14 7 1 3 10 6 2 0 9 8 4 13 12 
644,2.24208e-06,2.50426e-06,1.92995e-06,50,100,100,399318,5 11 14 7 1 3 10 6 2 0 9 8 4 13 12 
645,2.25189e-06,2.50426e-06,1.97499e-06,50,100,100,399318,5 11 14 7 1 3 10 6 2 0 9 8 4 13 12 
646,2.23897e-06,2.50426e-06,1.9446e-06,50,100,100,399318,5 11 14 7 1 3 10 6 2 0 9 8 4 13 12 
647,2.23052e-06,2.50426e-06,1.9316e-06,50,100,100,399318,5 11 14 7 1 3 10 6 2 0 9 8 4 13 12 
648,2.22683e-06,2.50426e-06,1.93442e-06,50,100,100,399318,5 11 14 7 1 3 10 6 2 0 9 8 4 13 12 
649,2.2356e-06,2.50426e-06,1.95147e-06,50,100,100,399318,5 11 14 7 1 3 10 6 2 0 9 8 4 13 12 
650,2.238e-06,2.50426e-06,1.93619e-06,50,100,100,399318,5 11 14 7 1 3 10 6 2 0 9 8 4 13 12 
651,2.25976e-06,2.50426e-06,1.95697e-06,50,100,100,399318,5 11 14 7 1 3 10 6 2 0 9 8 4 13 12 
652,2.27184e-06,2.50426e-06,1.94753e-06,50,100,100,399318,5 11 14 7 1 3 10 6 2 0 9 8 4 13 12 
653,2.25627e-06,2.50426e-06,1.95003e-06,50,100,100,399318,5 11 14 7 1 3 10 6 2 0 9 8 4 13 12 
654,2.25612e-06,2.50426e-06,1.99373e-06,50,100,100,399318,5 11 14 7 1 3 10 6 2 0 9 8 4 13 12 
655,2.24445e-06,2.50426e-06,1.96603e-06,50,100,100,399318,5 11 14 7 1 3 10 6 2 0 9 8 4 13 12 
656,2.25654e-06,2.50426e-06,2.00952e-06,50,100,100,399318,5 11 14 7 1 3 10 6 2 0 9 8 4 13 12 
657,2.28245e-06,2.50426e-06,2.01167e-06,50,100,100,399318,5 11 14 7 1 3 10 6 2 0 9 8 4 13 12 
658,2.25098e-06,2.50426e-06,1.93884e-06,50,100,100,399318,5 11 14 7 1 3 10 6 2 0 9 8 4 13 12 
659,2.25747e-06,2.50426e-06,1.97464e-06,50,100,100,399318,5 11 14 7 1 3 10 6 2 0 9 8 4 13 12 
660,2.27072e-06,2.50426e-06,1.96186e-06,50,100,100,399318,5 11 14 7 1 3 10 6 2 0 9 8 4 13 12 
661,2.29117e-06,2.50426e-06,1.95288e-06,50,100,100,399318,5 11 14 7 1 3 10 6 2 0 9 8 4 13 12 
662,2.2979e-06,2.50426e-06,1.96833e-06,50,100,100,399318,5 11 14 7 1 3 10 6 2 0 9 8 4 13 12 
663,2.26379e-06,2.50426e-06,1.98194e-06,50,100,100,399318,5 11 14 7 1 3 10 6 2 0 9 8 4 13 12 
664,2.25135e-06,2.50426e-06,1.95697e-06,50,100,100,399318,5 11 14 7 1 3 10 6 2 0 9 8 4 13 12 
665,2.22562e-06,2.50426e-06,1.93987e-06,50,100,100,399318,5 11 14 7 1 3 10 6 2 0 9 8 4 13 12 
666,2.28078e-06,2.50426e-06,1.95815e-06,50,100,100,399318,5 11 14 7 1 3 10 6 2 0 9 8 4 13 12 
667,2.26822e-06,2.50426e-06,1.94601e-06,50,100,100,399318,5 11 14 7 1 3 10 6 2 0 9 8 4 13 12 
668,2.28577e-06,2.50426e-06,1.98497e-06,50,100,100,399318,5 11 14 7 1 3 10 6 2 0 9 8 4 13 12 
669,2.26893e-06,2.50426e-06,1.95147e-06,50,100,100,399318,5 11 14 7 1 3 10 6 2 0 9 8 4 13 12 
670,2.28572e-06,2.50426e-06,1.9373e-06,50,100,100,399318,5 11 14 7 1 3 10 6 2 0 9 8 4 13 12 
671,2.26422e-06,2.50426e-06,1.94315e-06,50,100,100,399318,5 11 14 7 1 3 10 6 2 0 9 8 4 13 12 
672,2.26437e-06,2.50426e-06,1.97083e-06,50,100,100,399318,5 11 14 7 1 3 10 6 2 0 9 8 4 13 12 
673,2.24804e-06,2.50426e-06,1.9488e-06,50,100,100,399318,5 11 14 7 1 3 10 6 2 0 9 8 4 13 12 
674,2.25964e-06,2.50426e-06,1.95697e-06,50,100,100,399318,5 11 14 7 1 3 10 6 2 0 9 8 4 13 12 
675,2.24488e-06,2.50426e-06,1.95383e-06,50,100,100,399318,5 11 14 7 1 3 10 6 2 0 9 8 4 13 12 
676,2.28614e-06,2.50426e-06,1.96019e-06,50,100,100,399318,5 11 14 7 1 3 10 6 2 0 9 8 4 13 12 
677,2.27288e-06,2.50426e-06,1.93881e-06,50,100,100,399318,5 11 14 7 1 3 10 6 2 0 9 8 4 13 12 
678,2.2671e-06,2.50426e-06,1.95586e-06,50,100,100,399318,5 11 14 7 1 3 10 6 2 0 9 8 4 13 12 
679,2.24171e-06,2.50426e-06,1.9391e-06,50,100,100,399318,5 11 14 7 1 3 10 6 2 0 9 8 4 13 12 
680,2.24899e-06,2.50426e-06,1.9536e-06,50,100,100,399318,5 11 14 7 1 3 10 6 2 0 9 8 4 13 12 
681,2.24384e-06,2.50426e-06,1.94523e-06,50,100,100,399318,5 11 14 7 1 3 10 6 2 0 9 8 4 13 12 
682,2.26174e-06,2.50426e-06,1.97037e-06,50,100,100,399318,5 11 14 7 1 3 10 6 2 0 9 8 4 13 12 
683,2.23397e-06,2.50426e-06,1.93178e-06,50,100,100,399318,5 11 14 7 1 3 10 6 2 0 9 8 4 13 12 
684,2.2406e-06,2.50426e-06,1.95467e-06,50,100,100,399318,5 11 14 7 1 3 10 6 2 0 9 8 4 13 12 
685,2.24369e-06,2.50426e-06,1.94913e-06,50,100,100,399318,5 11 14 7 1 3 10 6 2 0 9 8 4 13 12 
686,2.25477e-06,2.50426e-06,1.95697e-06,50,100,100,399318,5 11 14 7 1 3 10 6 2 0 9 8 4 13 12 
687,2.2656e-06,2.50426e-06,1.94714e-06,50,100,100,399318,5 11 14 7 1 3 10 6 2 0 9 8 4 13 12 
688,2.25769e-06,2.50426e-06,1.95697e-06,50,100,100,399318,5 11 14 7 1 3 10 6 2 0 9 8 4 13 12 
689,2.2458e-06,2.50426e-06,1.94238e-06,50,100,100,399318,5 11 14 7 1 3 10 6 2 0 9 8 4 13 12 
690,2.24533e-06,2.50426e-06,1.97227e-06,50,100,100,399318,5 11 14 7 1 3 10 6 2 0 9 8 4 13 12 
691,2.24031e-06,2.50426e-06,1.94291e-06,50,100,100,399318,5 11 14 7 1 3 10 6 2 0 9 8 4 13 12 
692,2.23655e-06,2.50426e-06,1.96553e-06,50,100,100,399318,5 11 14 7 1 3 10 6 2 0 9 8 4 13 12 
693,2.23895e-06,2.50426e-06,1.95012e-06,50,100,100,399318,5 11 14 7 1 3 10 6 2 0 9 8 4 13 12 
694,2.2286e-06,2.50426e-06,1.96662e-06,50,100,100,399318,5 11 14 7 1 3 10 6 2 0 9 8 4 13 12 
695,2.25701e-06,2.50426e-06,1.97259e-06,50,100,100,399318,5 11 14 7 1 3 10 6 2 0 9 8 4 13 12 
696,2.25849e-06,2.50426e-06,1.92786e-06,50,100,100,399318,5 11 14 7 1 3 10 6 2 0 9 8 4 13 12 
697,2.2366e-06,2.50426e-06,1.95453e-06,50,100,100,399318,5 11 14 7 1 3 10 6 2 0 9 8 4 13 12 
698,2.23682e-06,2.50426e-06,1.93392e-06,50,100,100,399318,5 11 14 7 1 3 10 6 2 0 9 8 4 13 12 
699,2.24003e-06,2.50426e-06,1.94927e-06,50,100,100,399318,5 11 14 7 1 3 10 6 2 0 9 8 4 13 12 
700,2.2781e-06,2.50426e-06,1.93833e-06,50,100,100,399318,5 11 14 7 1 3 10 6 2 0 9 8 4 13 12 
701,2.25354e-06,2.50426e-06,1.95362e-06,50,100,100,399318,5 11 14 7 1 3 10 6 2 0 9 8 4 13 12 
702,2.29346e-06,2.50426e-06,1.94442e-06,50,100,100,399318,5 11 14 7 1 3 10 6 2 0 9 8 4 13 12 
703,2.27954e-06,2.50426e-06,1.92581e-06,50,100,100,399318,5 11 14 7 1 3 10 6 2 0 9 8 4 13 12 
704,2.28897e-06,2.50426e-06,1.95227e-06,50,100,100,399318,5 11 14 7 1 3 10 6 2 0 9 8 4 13 12 
705,2.27609e-06,2.50426e-06,1.9416e-06,50,100,100,399318,5 11 14 7 1 3 10 6 2 0 9 8 4 13 12 
706,2.29327e-06,2.50426e-06,1.95383e-06,50,100,100,399318,5 11 14 7 1 3 10 6 2 0 9 8 4 13 12 
707,2.27178e-06,2.50426e-06,1.93665e-06,50,100,100,399318,5 11 14 7 1 3 10 6 2 0 9 8 4 13 12 
708,2.26317e-06,2.50426e-06,1.95697e-06,50,100,100,399318,5 11 14 7 1 3 10 6 2 0 9 8 4 13 12 
709,2.26254e-06,2.50426e-06,1.94913e-06,50,100,100,399318,5 11 14 7 1 3 10 6 2 0 9 8 4 13 12 
710,2.24469e-06,2.50426e-06,1.95696e-06,50,100,100,399318,5 11 14 7 1 3 10 6 2 0 9 8 4 13 12 
711,2.23655e-06,2.50426e-06,1.93476e-06,50,100,100,399318,5 11 14 7 1 3 10 6 2 0 9 8 4 13 12 
712,2.2681e-06,2.50426e-06,1.93301e-06,50,100,100,399318,5 11 14 7 1 3 10 6 2 0 9 8 4 13 12 
713,2.26019e-06,2.50426e-06,1.99047e-06,50,100,100,399318,5 11 14 7 1 3 10 6 2 0 9 8 4 13 12 
714,2.25307e-06,2.50426e-06,1.94967e-06,50,100,100,399318,5 11 14 7 1 3 10 6 2 0 9 8 4 13 12 
715,2.25677e-06,2.50426e-06,1.94278e-06,50,100,100,399318,5 11 14 7 1 3 10 6 2 0 9 8 4 13 12 
716,2.27395e-06,2.50426e-06,2.00597e-06,50,100,100,399318,5 11 14 7 1 3 10 6 2 0 9 8 4 13 12 
717,2.26591e-06,2.50426e-06,1.96397e-06,50,100,100,399318,5 11 14 7 1 3 10 6 2 0 9 8 4 13 12 
718,2.23808e-06,2.50426e-06,1.97263e-06,50,100,100,399318,5 11 14 7 1 3 10 6 2 0 9 8 4 13 12 
719,2.24064e-06,2.50426e-06,1.95227e-06,50,100,100,399318,5 11 14 7 1 3 10 6 2 0 9 8 4 13 12 
720,2.24853e-06,2.50426e-06,2.00036e-06,50,100,100,399318,5 11 14 7 1 3 10 6 2 0 9 8 4 13 12 
721,2.23389e-06,2.50426e-06,1.93991e-06,50,100,100,399318,5 11 14 7 1 3 10 6 2 0 9 8 4 13 12 
722,2.24537e-06,2.50426e-06,1.94315e-06,50,100,100,399318,5 11 14 7 1 3 10 6 2 0 9 8 4 13 12 
723,2.24808e-06,2.50426e-06,1.95697e-06,50,100,100,399318,5 11 14 7 1 3 10 6 2 0 9 8 4 13 12 
724,2.24369e-06,2.50426e-06,1.95922e-06,50,100,100,399318,5 11 14 7 1 3 10 6 2 0 9 8 4 13 12 
725,2.2303e-06,2.50426e-06,1.93382e-06,50,100,100,399318,5 11 14 7 1 3 10 6 2 0 9 8 4 13 12 
726,2.20146e-06,2.50426e-06,1.95697e-06,50,100,100,399318,5 11 14 7 1 3 10 6 2 0 9 8 4 13 12 
727,2.20494e-06,2.50426e-06,1.94333e-06,50,100,100,399318,5 11 14 7 1 3 10 6 2 0 9 8 4 13 12 
728,2.21589e-06,2.50426e-06,1.95868e-06,50,100,100,399318,5 11 14 7 1 3 10 6 2 0 9 8 4 13 12 
729,2.22719e-06,2.50426e-06,1.97462e-06,50,100,100,399318,5 11 14 7 1 3 10 6 2 0 9 8 4 13 12 
730,2.23018e-06,2.50426e-06,1.94973e-06,50,100,100,399318,5 11 14 7 1 3 10 6 2 0 9 8 4 13 12 
731,2.22443e-06,2.50426e-06,1.98921e-06,50,100,100,399318,5 11 14 7 1 3 10 6 2 0 9 8 4 13 12 
732,2.24169e-06,2.50426e-06,1.95791e-06,50,100,100,399318,5 11 14 7 1 3 10 6 2 0 9 8 4 13 12 
733,2.23131e-06,2.50426e-06,1.97176e-06,50,100,100,399318,5 11 14 7 1 3 10 6 2 0 9 8 4 13 12 
734,2.23709e-06,2.50426e-06,1.96578e-06,50,100,100,399318,5 11 14 7 1 3 10 6 2 0 9 8 4 13 12 
735,2.22895e-06,2.50426e-06,1.93619e-06,50,100,100,399318,5 11 14 7 1 3 10 6 2 0 9 8 4 13 12 
736,2.24412e-06,2.50426e-06,1.96104e-06,50,100,100,399318,5 11 14 7 1 3 10 6 2 0 9 8 4 13 12 
737,2.2528e-06,2.50426e-06,1.96835e-06,50,100,100,399318,5 11 14 7 1 3 10 6 2 0 9 8 4 13 12 
738,2.23792e-06,2.50426e-06,1.95862e-06,50,100,100,399318,5 11 14 7 1 3 10 6 2 0 9 8 4 13 12 
739,2.23419e-06,2.50426e-06,1.9534e-06,50,100,100,399318,5 11 14 7 1 3 10 6 2 0 9 8 4 13 12 
740,2.229e-06,2.50426e-06,1.97798e-06,50,100,100,399318,5 11 14 7 1 3 10 6 2 0 9 8 4 13 12 
741,2.22697e-06,2.50426e-06,1.97362e-06,50,100,100,399318,5 11 14 7 1 3 10 6 2 0 9 8 4 13 12 
742,2.21884e-06,2.50426e-06,1.98788e-06,50,100,100,399318,5 11 14 7 1 3 10 6 2 0 9 8 4 13 12 
743,2.225e-06,2.50426e-06,1.95434e-06,50,100,100,399318,5 11 14 7 1 3 10 6 2 0 9 8 4 13 12 
744,2.23439e-06,2.50426e-06,1.99364e-06,50,100,100,399318,5 11 14 7 1 3 10 6 2 0 9 8 4 13 12 
745,2.24216e-06,2.50426e-06,1.98121e-06,50,100,100,399318,5 11 14 7 1 3 10 6 2 0 9 8 4 13 12 
746,2.24265e-06,2.50426e-06,1.97527e-06,50,100,100,399318,5 11 14 7 1 3 10 6 2 0 9 8 4 13 12 
747,2.24328e-06,2.50426e-06,1.94252e-06,50,100,100,399318,5 11 14 7 1 3 10 6 2 0 9 8 4 13 12 
748,2.24418e-06,2.50426e-06,1.96743e-06,50,100,100,399318,5 11 14 7 1 3 10 6 2 0 9 8 4 13 12 
749,2.24165e-06,2.50426e-06,1.9344e-06,50,100,100,399318,5 11 14 7 1 3 10 6 2 0 9 8 4 13 12 
750,2.25187e-06,2.50426e-06,1.97662e-06,50,100,100,399318,5 11 14 7 1 3 10 6 2 0 9 8 4 13 12 
751,2.25553e-06,2.50426e-06,2.00778e-06,50,100,100,399318,5 11 14 7 1 3 10 6 2 0 9 8 4 13 12 
752,2.26928e-06,2.50426e-06,1.97623e-06,50,100,100,399318,5 11 14 7 1 3 10 6 2 0 9 8 4 13 12 
753,2.26253e-06,2.50426e-06,1.97874e-06,50,100,100,399318,5 11 14 7 1 3 10 6 2 0 9 8 4 13 12 
754,2.24586e-06,2.50426e-06,2.00869e-06,50,100,100,399318,5 11 14 7 1 3 10 6 2 0 9 8 4 13 12 
755,2.22906e-06,2.50426e-06,1.9539e-06,50,100,100,399318,5 11 14 7 1 3 10 6 2 0 9 8 4 13 12 
756,2.24971e-06,2.50426e-06,1.96053e-06,50,100,100,399318,5 11 14 7 1 3 10 6 2 0 9 8 4 13 12 
757,2.24661e-06,2.50426e-06,1.9615e-06,50,100,100,399318,5 11 14 7 1 3 10 6 2 0 9 8 4 13 12 
758,2.24578e-06,2.50426e-06,1.93476e-06,50,100,100,399318,5 11 14 7 1 3 10 6 2 0 9 8 4 13 12 
759,2.25459e-06,2.50426e-06,1.95053e-06,50,100,100,399318,5 11 14 7 1 3 10 6 2 0 9 8 4 13 12 
760,2.25208e-06,2.50426e-06,1.96358e-06,50,100,100,399318,5 11 14 7 1 3 10 6 2 0 9 8 4 13 12 
761,2.24342e-06,2.50426e-06,1.95348e-06,50,100,100,399318,5 11 14 7 1 3 10 6 2 0 9 8 4 13 12 
762,2.24451e-06,2.50426e-06,1.94884e-06,50,100,100,399318,5 11 14 7 1 3 10 6 2 0 9 8 4 13 12 
763,2.26143e-06,2.50426e-06,1.94692e-06,50,100,100,399318,5 11 14 7 1 3 10 6 2 0 9 8 4 13 12 
764,2.25448e-06,2.50426e-06,1.90885e-06,50,100,100,399318,5 11 14 7 1 3 10 6 2 0 9 8 4 13 12 
765,2.28107e-06,2.50426e-06,1.96731e-06,50,100,100,399318,5 11 14 7 1 3 10 6 2 0 9 8 4 13 12 
766,2.27194e-06,2.50426e-06,1.92852e-06,50,100,100,399318,5 11 14 7 1 3 10 6 2 0 9 8 4 13 12 
767,2.27456e-06,2.50426e-06,1.99872e-06,50,100,100,399318,5 11 14 7 1 3 10 6 2 0 9 8 4 13 12 
768,2.25096e-06,2.50426e-06,1.943e-06,50,100,100,399318,5 11 14 7 1 3 10 6 2 0 9 8 4 13 12 
769,2.2332e-06,2.50426e-06,1.93242e-06,50,100,100,399318,5 11 14 7 1 3 10 6 2 0 9 8 4 13 12 
770,2.24339e-06,2.50426e-06,1.95117e-06,50,100,100,399318,5 11 14 7 1 3 10 6 2 0 9 8 4 13 12 
771,2.2222e-06,2.50426e-06,1.95661e-06,50,100,100,399318,5 11 14 7 1 3 10 6 2 0 9 8 4 13 12 
772,2.2265e-06,2.50426e-06,1.95721e-06,50,100,100,399318,5 11 14 7 1 3 10 6 2 0 9 8 4 13 12 
773,2.25956e-06,2.50426e-06,1.97777e-06,50,100,100,399318,5 11 14 7 1 3 10 6 2 0 9 8 4 13 12 
774,2.26091e-06,2.50426e-06,1.97763e-06,50,100,100,399318,5 11 14 7 1 3 10 6 2 0 9 8 4 13 12 
775,2.26792e-06,2.50426e-06,1.94042e-06,50,100,100,399318,5 11 14 7 1 3 10 6 2 0 9 8 4 13 12 
776,2.26846e-06,2.50426e-06,2.01512e-06,50,100,100,399318,5 11 14 7 1 3 10 6 2 0 9 8 4 13 12 
777,2.27321e-06,2.50426e-06,1.98616e-06,50,100,100,399318,5 11 14 7 1 3 10 6 2 0 9 8 4 13 12 
778,2.26916e-06,2.50426e-06,1.94238e-06,50,100,100,399318,5 11 14 7 1 3 10 6 2 0 9 8 4 13 12 
779,2.27276e-06,2.50426e-06,1.93351e-06,50,100,100,399318,5 11 14 7 1 3 10 6 2 0 9 8 4 13 12 
780,2.26328e-06,2.50426e-06,1.94071e-06,50,100,100,399318,5 11 14 7 1 3 10 6 2 0 9 8 4 13 12 
781,2.25457e-06,2.50426e-06,1.91967e-06,50,100,100,399318,5 11 14 7 1 3 10 6 2 0 9 8 4 13 12 
782,2.24629e-06,2.50426e-06,1.93818e-06,50,100,100,399318,5 11 14 7 1 3 10 6 2 0 9 8 4 13 12 
783,2.24852e-06,2.50426e-06,1.96526e-06,50,100,100,399318,5 11 14 7 1 3 10 6 2 0 9 8 4 13 12 
784,2.2347e-06,2.50426e-06,1.9374e-06,50,100,100,399318,5 11 14 7 1 3 10 6 2 0 9 8 4 13 12 
785,2.25259e-06,2.50426e-06,1.93931e-06,50,100,100,399318,5 11 14 7 1 3 10 6 2 0 9 8 4 13 12 
786,2.2477e-06,2.50426e-06,1.88623e-06,50,100,100,399318,5 11 14 7 1 3 10 6 2 0 9 8 4 13 12 
787,2.27562e-06,2.50426e-06,1.95093e-06,50,100,100,399318,5 11 14 7 1 3 10 6 2 0 9 8 4 13 12 
788,2.26002e-06,2.50426e-06,1.97227e-06,50,100,100,399318,5 11 14 7 1 3 10 6 2 0 9 8 4 13 12 
789,2.26106e-06,2.50426e-06,1.95624e-06,50,100,100,399318,5 11 14 7 1 3 10 6 2 0 9 8 4 13 12 
790,2.26287e-06,2.50426e-06,1.98084e-06,50,100,100,399318,5 11 14 7 1 3 10 6 2 0 9 8 4 13 12 
791,2.26143e-06,2.50426e-06,1.95147e-06,50,100,100,399318,5 11 14 7 1 3 10 6 2 0 9 8 4 13 12 
792,2.24322e-06,2.50426e-06,1.94868e-06,50,100,100,399318,5 11 14 7 1 3 10 6 2 0 9 8 4 13 12 
793,2.25875e-06,2.50426e-06,1.97564e-06,50,100,100,399318,5 11 14 7 1 3 10 6 2 0 9 8 4 13 12 
794,2.26759e-06,2.50426e-06,1.95053e-06,50,100,100,399318,5 11 14 7 1 3 10 6 2 0 9 8 4 13 12 
795,2.24285e-06,2.50426e-06,1.95566e-06,50,100,100,399318,5 11 14 7 1 3 10 6 2 0 9 8 4 13 12 
796,2.21459e-06,2.50426e-06,1.91166e-06,50,100,100,399318,5 11 14 7 1 3 10 6 2 0 9 8 4 13 12 
797,2.21677e-06,2.50426e-06,1.95566e-06,50,100,100,399318,5 11 14 7 1 3 10 6 2 0 9 8 4 13 12 
798,2.23132e-06,2.50426e-06,1.97589e-06,50,100,100,399318,5 11 14 7 1 3 10 6 2 0 9 8 4 13 12 
799,2.2271e-06,2.50426e-06,1.91261e-06,50,100,100,399318,5 11 14 7 1 3 10 6 2 0 9 8 4 13 12 
800,2.24159e-06,2.50426e-06,1.90778e-06,50,100,100,399318,5 11 14 7 1 3 10 6 2 0 9 8 4 13 12 
801,2.26558e-06,2.50426e-06,1.98582e-06,50,100,100,399318,5 11 14 7 1 3 10 6 2 0 9 8 4 13 12 
802,2.25894e-06,2.50426e-06,1.92837e-06,50,100,100,399318,5 11 14 7 1 3 10 6 2 0 9 8 4 13 12 
803,2.26816e-06,2.50426e-06,1.93897e-06,50,100,100,399318,5 11 14 7 1 3 10 6 2 0 9 8 4 13 12 
804,2.25636e-06,2.50426e-06,1.97042e-06,50,100,100,399318,5 11 14 7 1 3 10 6 2 0 9 8 4 13 12 
805,2.26492e-06,2.50426e-06,1.91767e-06,50,100,100,399318,5 11 14 7 1 3 10 6 2 0 9 8 4 13 12 
806,2.2389e-06,2.50426e-06,1.96186e-06,50,100,100,399318,5 11 14 7 1 3 10 6 2 0 9 8 4 13 12 
807,2.25807e-06,2.50426e-06,1.96119e-06,50,100,100,399318,5 11 14 7 1 3 10 6 2 0 9 8 4 13 12 
808,2.2585e-06,2.50426e-06,1.94056e-06,50,100,100,399318,5 11 14 7 1 3 10 6 2 0 9 8 4 13 12 
809,2.24655e-06,2.50426e-06,1.93833e-06,50,100,100,399318,5 11 14 7 1 3 10 6 2 0 9 8 4 13 12 
810,2.23902e-06,2.50426e-06,1.94238e-06,50,100,100,399318,5 11 14 7 1 3 10 6 2 0 9 8 4 13 12 
811,2.25727e-06,2.50426e-06,1.94134e-06,50,100,100,399318,5 11 14 7 1 3 10 6 2 0 9 8 4 13 12 
812,2.2649e-06,2.50426e-06,1.94913e-06,50,100,100,399318,5 11 14 7 1 3 10 6 2 0 9 8 4 13 12 
813,2.28098e-06,2.50426e-06,1.961e-06,50,100,100,399318,5 11 14 7 1 3 10 6 2 0 9 8 4 13 12 
814,2.28354e-06,2.50426e-06,1.94598e-06,50,100,100,399318,5 11 14 7 1 3 10 6 2 0 9 8 4 13 12 
815,2.28316e-06,2.50426e-06,1.95147e-06,50,100,100,399318,5 11 14 7 1 3 10 6 2 0 9 8 4 13 12 
816,2.30716e-06,2.50426e-06,1.95568e-06,50,100,100,399318,5 11 14 7 1 3 10 6 2 0 9 8 4 13 12 
817,2.32434e-06,2.50426e-06,2.00461e-06,50,100,100,399318,5 11 14 7 1 3 10 6 2 0 9 8 4 13 12 
818,2.31441e-06,2.50426e-06,1.93512e-06,50,100,100,399318,5 11 14 7 1 3 10 6 2 0 9 8 4 13 12 
819,2.28085e-06,2.50426e-06,1.94708e-06,50,100,100,399318,5 11 14 7 1 3 10 6 2 0 9 8 4 13 12 
820,2.26073e-06,2.50426e-06,1.9618e-06,50,100,100,399318,5 11 14 7 1 3 10 6 2 0 9 8 4 13 12 
821,2.29332e-06,2.50426e-06,1.93637e-06,50,100,100,399318,5 11 14 7 1 3 10 6 2 0 9 8 4 13 12 
822,2.26888e-06,2.50426e-06,1.96528e-06,50,100,100,399318,5 11 14 7 1 3 10 6 2 0 9 8 4 13 12 
823,2.28854e-06,2.50426e-06,2.01422e-06,50,100,100,399318,5 11 14 7 1 3 10 6 2 0 9 8 4 13 12 
824,2.27687e-06,2.50426e-06,1.94007e-06,50,100,100,399318,5 11 14 7 1 3 10 6 2 0 9 8 4 13 12 
825,2.27248e-06,2.50426e-06,1.94884e-06,50,100,100,399318,5 11 14 7 1 3 10 6 2 0 9 8 4 13 12 
826,2.27972e-06,2.50426e-06,1.99861e-06,50,100,100,399318,5 11 14 7 1 3 10 6 2 0 9 8 4 13 12 
827,2.30318e-06,2.50426e-06,1.97028e-06,50,100,100,399318,5 11 14 7 1 3 10 6 2 0 9 8 4 13 12 
828,2.27766e-06,2.50426e-06,1.9529e-06,50,100,100,399318,5 11 14 7 1 3 10 6 2 0 9 8 4 13 12 
829,2.24559e-06,2.50426e-06,1.95848e-06,50,100,100,399318,5 11 14 7 1 3 10 6 2 0 9 8 4 13 12 
830,2.26318e-06,2.50426e-06,1.98968e-06,50,100,100,399318,5 11 14 7 1 3 10 6 2 0 9 8 4 13 12 
831,2.26441e-06,2.50426e-06,1.95511e-06,50,100,100,399318,5 11 14 7 1 3 10 6 2 0 9 8 4 13 12 
832,2.25958e-06,2.50426e-06,1.95697e-06,50,100,100,399318,5 11 14 7 1 3 10 6 2 0 9 8 4 13 12 
833,2.26243e-06,2.50426e-06,1.9238e-06,50,100,100,399318,5 11 14 7 1 3 10 6 2 0 9 8 4 13 12 
834,2.25316e-06,2.50426e-06,1.93327e-06,50,100,100,399318,5 11 14 7 1 3 10 6 2 0 9 8 4 13 12 
835,2.22866e-06,2.50426e-06,1.95776e-06,50,100,100,399318,5 11 14 7 1 3 10 6 2 0 9 8 4 13 12 
836,2.21928e-06,2.50426e-06,1.908e-06,50,100,100,399318,5 11 14 7 1 3 10 6 2 0 9 8 4 13 12 
837,2.23094e-06,2.50426e-06,1.89948e-06,50,100,100,399318,5 11 14 7 1 3 10 6 2 0 9 8 4 13 12 
838,2.23096e-06,2.50426e-06,1.94315e-06,50,100,100,399318,5 11 14 7 1 3 10 6 2 0 9 8 4 13 12 
839,2.23114e-06,2.50426e-06,1.9337e-06,50,100,100,399318,5 11 14 7 1 3 10 6 2 0 9 8 4 13 12 
840,2.24941e-06,2.50426e-06,1.96174e-06,50,100,100,399318,5 11 14 7 1 3 10 6 2 0 9 8 4 13 12 
841,2.22275e-06,2.50426e-06,1.92854e-06,50,100,100,399318,5 11 14 7 1 3 10 6 2 0 9 8 4 13 12 
842,2.25017e-06,2.50426e-06,1.9465e-06,50,100,100,399318,5 11 14 7 1 3 10 6 2 0 9 8 4 13 12 
843,2.25815e-06,2.50426e-06,1.9477e-06,50,100,100,399318,5 11 14 7 1 3 10 6 2 0 9 8 4 13 12 
844,2.25954e-06,2.50426e-06,1.94067e-06,50,100,100,399318,5 11 14 7 1 3 10 6 2 0 9 8 4 13 12 
845,2.27816e-06,2.50426e-06,1.93583e-06,50,100,100,399318,5 11 14 7 1 3 10 6 2 0 9 8 4 13 12 
846,2.25318e-06,2.50426e-06,1.96351e-06,50,100,100,399318,5 11 14 7 1 3 10 6 2 0 9 8 4 13 12 
847,2.22456e-06,2.50426e-06,1.89537e-06,50,100,100,399318,5 11 14 7 1 3 10 6 2 0 9 8 4 13 12 
848,2.23177e-06,2.50426e-06,1.90801e-06,50,100,100,399318,5 11 14 7 1 3 10 6 2 0 9 8 4 13 12 
849,2.23464e-06,2.50426e-06,1.95068e-06,50,100,100,399318,5 11 14 7 1 3 10 6 2 0 9 8 4 13 12 
850,2.27919e-06,2.50426e-06,1.94315e-06,50,100,100,399318,5 11 14 7 1 3 10 6 2 0 9 8 4 13 12 
851,2.26595e-06,2.50426e-06,1.95511e-06,50,100,100,399318,5 11 14 7 1 3 10 6 2 0 9 8 4 13 12 
852,2.29684e-06,2.50426e-06,1.98936e-06,50,100,100,399318,5 11 14 7 1 3 10 6 2 0 9 8 4 13 12 
853,2.30027e-06,2.50426e-06,1.97623e-06,50,100,100,399318,5 11 14 7 1 3 10 6 2 0 9 8 4 13 12 
854,2.25756e-06,2.50426e-06,1.93833e-06,50,100,100,399318,5 11 14 7 1 3 10 6 2 0 9 8 4 13 12 
855,2.24154e-06,2.50426e-06,1.93592e-06,50,100,100,399318,5 11 14 7 1 3 10 6 2 0 9 8 4 13 12 
856,2.24629e-06,2.50426e-06,1.94375e-06,50,100,100,399318,5 11 14 7 1 3 10 6 2 0 9 8 4 13 12 
857,2.25852e-06,2.50426e-06,1.96857e-06,50,100,100,399318,5 11 14 7 1 3 10 6 2 0 9 8 4 13 12 
858,2.24978e-06,2.50426e-06,1.97641e-06,50,100,100,399318,5 11 14 7 1 3 10 6 2 0 9 8 4 13 12 
859,2.2602e-06,2.50426e-06,1.99431e-06,50,100,100,399318,5 11 14 7 1 3 10 6 2 0 9 8 4 13 12 
860,2.24933e-06,2.50426e-06,1.94188e-06,50,100,100,399318,5 11 14 7 1 3 10 6 2 0 9 8 4 13 12 
861,2.23058e-06,2.50426e-06,1.94243e-06,50,100,100,399318,5 11 14 7 1 3 10 6 2 0 9 8 4 13 12 
862,2.2587e-06,2.50426e-06,1.99872e-06,50,100,100,399318,5 11 14 7 1 3 10 6 2 0 9 8 4 13 12 
863,2.24682e-06,2.50426e-06,1.96031e-06,50,100,100,399318,5 11 14 7 1 3 10 6 2 0 9 8 4 13 12 
864,2.24595e-06,2.50426e-06,1.92704e-06,50,100,100,399318,5 11 14 7 1 3 10 6 2 0 9 8 4 13 12 
865,2.23005e-06,2.50426e-06,1.8833e-06,50,100,100,399318,5 11 14 7 1 3 10 6 2 0 9 8 4 13 12 
866,2.23622e-06,2.50426e-06,1.93381e-06,50,100,100,399318,5 11 14 7 1 3 10 6 2 0 9 8 4 13 12 
867,2.25514e-06,2.50426e-06,1.99142e-06,50,100,100,399318,5 11 14 7 1 3 10 6 2 0 9 8 4 13 12 
868,2.22854e-06,2.50426e-06,1.9282e-06,50,100,100,399318,5 11 14 7 1 3 10 6 2 0 9 8 4 13 12 
869,2.22168e-06,2.50426e-06,1.95697e-06,50,100,100,399318,5 11 14 7 1 3 10 6 2 0 9 8 4 13 12 
870,2.23346e-06,2.50426e-06,1.94572e-06,50,100,100,399318,5 11 14 7 1 3 10 6 2 0 9 8 4 13 12 
871,2.21714e-06,2.50426e-06,1.93613e-06,50,100,100,399318,5 11 14 7 1 3 10 6 2 0 9 8 4 13 12 
872,2.2374e-06,2.50426e-06,1.96141e-06,50,100,100,399318,5 11 14 7 1 3 10 6 2 0 9 8 4 13 12 
873,2.26328e-06,2.50426e-06,1.96186e-06,50,100,100,399318,5 11 14 7 1 3 10 6 2 0 9 8 4 13 12 
874,2.24511e-06,2.50426e-06,1.95663e-06,50,100,100,399318,5 11 14 7 1 3 10 6 2 0 9 8 4 13 12 
875,2.25458e-06,2.50426e-06,1.97263e-06,50,100,100,399318,5 11 14 7 1 3 10 6 2 0 9 8 4 13 12 
876,2.27065e-06,2.50426e-06,1.97112e-06,50,100,100,399318,5 11 14 7 1 3 10 6 2 0 9 8 4 13 12 
877,2.26316e-06,2.50426e-06,1.94315e-06,50,100,100,399318,5 11 14 7 1 3 10 6 2 0 9 8 4 13 12 
878,2.26261e-06,2.50426e-06,1.92356e-06,50,100,100,399318,5 11 14 7 1 3 10 6 2 0 9 8 4 13 12 
879,2.23286e-06,2.50426e-06,1.90645e-06,50,100,100,399318,5 11 14 7 1 3 10 6 2 0 9 8 4 13 12 
880,2.22074e-06,2.50426e-06,1.95147e-06,50,100,100,399318,5 11 14 7 1 3 10 6 2 0 9 8 4 13 12 
881,2.23631e-06,2.50426e-06,1.96533e-06,50,100,100,399318,5 11 14 7 1 3 10 6 2 0 9 8 4 13 12 
882,2.27151e-06,2.50426e-06,1.97405e-06,50,100,100,399318,5 11 14 7 1 3 10 6 2 0 9 8 4 13 12 
883,2.26023e-06,2.50426e-06,1.93833e-06,50,100,100,399318,5 11 14 7 1 3 10 6 2 0 9 8 4 13 12 
884,2.27234e-06,2.50426e-06,1.94188e-06,50,100,100,399318,5 11 14 7 1 3 10 6 2 0 9 8 4 13 12 
885,2.26732e-06,2.50426e-06,1.94712e-06,50,100,100,399318,5 11 14 7 1 3 10 6 2 0 9 8 4 13 12 
886,2.25465e-06,2.50426e-06,1.98027e-06,50,100,100,399318,5 11 14 7 1 3 10 6 2 0 9 8 4 13 12 
887,2.23087e-06,2.50426e-06,1.94238e-06,50,100,100,399318,5 11 14 7 1 3 10 6 2 0 9 8 4 13 12 
888,2.22911e-06,2.50426e-06,1.9527e-06,50,100,100,399318,5 11 14 7 1 3 10 6 2 0 9 8 4 13 12 
889,2.20432e-06,2.50426e-06,1.95697e-06,50,100,100,399318,5 11 14 7 1 3 10 6 2 0 9 8 4 13 12 
890,2.24305e-06,2.50426e-06,1.96189e-06,50,100,100,399318,5 11 14 7 1 3 10 6 2 0 9 8 4 13 12 
891,2.23515e-06,2.50426e-06,1.90437e-06,50,100,100,399318,5 11 14 7 1 3 10 6 2 0 9 8 4 13 12 
892,2.25461e-06,2.50426e-06,1.94604e-06,50,100,100,399318,5 11 14 7 1 3 10 6 2 0 9 8 4 13 12 
893,2.25515e-06,2.50426e-06,1.98084e-06,50,100,100,399318,5 11 14 7 1 3 10 6 2 0 9 8 4 13 12 
894,2.25901e-06,2.50426e-06,1.94757e-06,50,100,100,399318,5 11 14 7 1 3 10 6 2 0 9 8 4 13 12 
895,2.25341e-06,2.50426e-06,1.94571e-06,50,100,100,399318,5 11 14 7 1 3 10 6 2 0 9 8 4 13 12 
896,2.2413e-06,2.50426e-06,1.93238e-06,50,100,100,399318,5 11 14 7 1 3 10 6 2 0 9 8 4 13 12 
897,2.24401e-06,2.50426e-06,1.94604e-06,50,100,100,399318,5 11 14 7 1 3 10 6 2 0 9 8 4 13 12 
898,2.23884e-06,2.50426e-06,1.97775e-06,50,100,100,399318,5 11 14 7 1 3 10 6 2 0 9 8 4 13 12 
899,2.22124e-06,2.50426e-06,1.96849e-06,50,100,100,399318,5 11 14 7 1 3 10 6 2 0 9 8 4 13 12 
900,2.2413e-06,2.50426e-06,1.95611e-06,50,100,100,399318,5 11 14 7 1 3 10 6 2 0 9 8 4 13 12 
901,2.2431e-06,2.50426e-06,1.96354e-06,50,100,100,399318,5 11 14 7 1 3 10 6 2 0 9 8 4 13 12 
902,2.22936e-06,2.50426e-06,1.95107e-06,50,100,100,399318,5 11 14 7 1 3 10 6 2 0 9 8 4 13 12 
903,2.23777e-06,2.50426e-06,1.98671e-06,50,100,100,399318,5 11 14 7 1 3 10 6 2 0 9 8 4 13 12 
904,2.23324e-06,2.50426e-06,1.97185e-06,50,100,100,399318,5 11 14 7 1 3 10 6 2 0 9 8 4 13 12 
905,2.23862e-06,2.50426e-06,1.97997e-06,50,100,100,399318,5 11 14 7 1 3 10 6 2 0 9 8 4 13 12 
906,2.23667e-06,2.50426e-06,1.95543e-06,50,100,100,399318,5 11 14 7 1 3 10 6 2 0 9 8 4 13 12 
907,2.23419e-06,2.50426e-06,1.94587e-06,50,100,100,399318,5 11 14 7 1 3 10 6 2 0 9 8 4 13 12 
908,2.24795e-06,2.50426e-06,1.96626e-06,50,100,100,399318,5 11 14 7 1 3 10 6 2 0 9 8 4 13 12 
909,2.23237e-06,2.50426e-06,1.95624e-06,50,100,100,399318,5 11 14 7 1 3 10 6 2 0 9 8 4 13 12 
910,2.26127e-06,2.50426e-06,1.93289e-06,50,100,100,399318,5 11 14 7 1 3 10 6 2 0 9 8 4 13 12 
911,2.24521e-06,2.50426e-06,1.95697e-06,50,100,100,399318,5 11 14 7 1 3 10 6 2 0 9 8 4 13 12 
912,2.25367e-06,2.50426e-06,1.9238e-06,50,100,100,399318,5 11 14 7 1 3 10 6 2 0 9 8 4 13 12 
913,2.25115e-06,2.50426e-06,1.96127e-06,50,100,100,399318,5 11 14 7 1 3 10 6 2 0 9 8 4 13 12 
914,2.27977e-06,2.50426e-06,1.94913e-06,50,100,100,399318,5 11 14 7 1 3 10 6 2 0 9 8 4 13 12 
915,2.27165e-06,2.50426e-06,1.9255e-06,50,100,100,399318,5 11 14 7 1 3 10 6 2 0 9 8 4 13 12 
916,2.2661e-06,2.50426e-06,1.96562e-06,50,100,100,399318,5 11 14 7 1 3 10 6 2 0 9 8 4 13 12 
917,2.26966e-06,2.50426e-06,1.93133e-06,50,100,100,399318,5 11 14 7 1 3 10 6 2 0 9 8 4 13 12 
918,2.26511e-06,2.50426e-06,1.95359e-06,50,100,100,399318,5 11 14 7 1 3 10 6 2 0 9 8 4 13 12 
919,2.25734e-06,2.50426e-06,1.95147e-06,50,100,100,399318,5 11 14 7 1 3 10 6 2 0 9 8 4 13 12 
920,2.23451e-06,2.50426e-06,1.9315e-06,50,100,100,399318,5 11 14 7 1 3 10 6 2 0 9 8 4 13 12 
921,2.23804e-06,2.50426e-06,1.97068e-06,50,100,100,399318,5 11 14 7 1 3 10 6 2 0 9 8 4 13 12 
922,2.25872e-06,2.50426e-06,1.94238e-06,50,100,100,399318,5 11 14 7 1 3 10 6 2 0 9 8 4 13 12 
923,2.23069e-06,2.50426e-06,1.94031e-06,50,100,100,399318,5 11 14 7 1 3 10 6 2 0 9 8 4 13 12 
924,2.23944e-06,2.50426e-06,1.9373e-06,50,100,100,399318,5 11 14 7 1 3 10 6 2 0 9 8 4 13 12 
925,2.24561e-06,2.50426e-06,1.98429e-06,50,100,100,399318,5 11 14 7 1 3 10 6 2 0 9 8 4 13 12 
926,2.22961e-06,2.50426e-06,1.95227e-06,50,100,100,399318,5 11 14 7 1 3 10 6 2 0 9 8 4 13 12 
927,2.24212e-06,2.50426e-06,1.97028e-06,50,100,100,399318,5 11 14 7 1 3 10 6 2 0 9 8 4 13 12 
928,2.23849e-06,2.50426e-06,1.97715e-06,50,100,100,399318,5 11 14 7 1 3 10 6 2 0 9 8 4 13 12 
929,2.23421e-06,2.50426e-06,1.98984e-06,50,100,100,399318,5 11 14 7 1 3 10 6 2 0 9 8 4 13 12 
930,2.25426e-06,2.50426e-06,1.94187e-06,50,100,100,399318,5 11 14 7 1 3 10 6 2 0 9 8 4 13 12 
931,2.22587e-06,2.50426e-06,1.96189e-06,50,100,100,399318,5 11 14 7 1 3 10 6 2 0 9 8 4 13 12 
932,2.22136e-06,2.50426e-06,1.96053e-06,50,100,100,399318,5 11 14 7 1 3 10 6 2 0 9 8 4 13 12 
933,2.21898e-06,2.50426e-06,1.93471e-06,50,100,100,399318,5 11 14 7 1 3 10 6 2 0 9 8 4 13 12 
934,2.22421e-06,2.50426e-06,1.9399e-06,50,100,100,399318,5 11 14 7 1 3 10 6 2 0 9 8 4 13 12 
935,2.22393e-06,2.50426e-06,1.98534e-06,50,100,100,399318,5 11 14 7 1 3 10 6 2 0 9 8 4 13 12 
936,2.24387e-06,2.50426e-06,1.9714e-06,50,100,100,399318,5 11 14 7 1 3 10 6 2 0 9 8 4 13 12 
937,2.22296e-06,2.50426e-06,1.9889e-06,50,100,100,399318,5 11 14 7 1 3 10 6 2 0 9 8 4 13 12 
938,2.21275e-06,2.50426e-06,1.95697e-06,50,100,100,399318,5 11 14 7 1 3 10 6 2 0 9 8 4 13 12 
939,2.21646e-06,2.50426e-06,1.94757e-06,50,100,100,399318,5 11 14 7 1 3 10 6 2 0 9 8 4 13 12 
940,2.2343e-06,2.50426e-06,2.00597e-06,50,100,100,399318,5 11 14 7 1 3 10 6 2 0 9 8 4 13 12 
941,2.23157e-06,2.50426e-06,2.0042e-06,50,100,100,399318,5 11 14 7 1 3 10 6 2 0 9 8 4 13 12 
942,2.23108e-06,2.50426e-06,1.93209e-06,50,100,100,399318,5 11 14 7 1 3 10 6 2 0 9 8 4 13 12 
943,2.22837e-06,2.50426e-06,1.95696e-06,50,100,100,399318,5 11 14 7 1 3 10 6 2 0 9 8 4 13 12 
944,2.22877e-06,2.50426e-06,1.92676e-06,50,100,100,399318,5 11 14 7 1 3 10 6 2 0 9 8 4 13 12 
945,2.23115e-06,2.50426e-06,1.91967e-06,50,100,100,399318,5 11 14 7 1 3 10 6 2 0 9 8 4 13 12 
946,2.23121e-06,2.50426e-06,1.94371e-06,50,100,100,399318,5 11 14 7 1 3 10 6 2 0 9 8 4 13 12 
947,2.26239e-06,2.50426e-06,1.95696e-06,50,100,100,399318,5 11 14 7 1 3 10 6 2 0 9 8 4 13 12 
948,2.26681e-06,2.50426e-06,1.95529e-06,50,100,100,399318,5 11 14 7 1 3 10 6 2 0 9 8 4 13 12 
949,2.25285e-06,2.50426e-06,1.95642e-06,50,100,100,399318,5 11 14 7 1 3 10 6 2 0 9 8 4 13 12 
950,2.25943e-06,2.50426e-06,1.95696e-06,50,100,100,399318,5 11 14 7 1 3 10 6 2 0 9 8 4 13 12 
951,2.26067e-06,2.50426e-06,1.91228e-06,50,100,100,399318,5 11 14 7 1 3 10 6 2 0 9 8 4 13 12 
952,2.22861e-06,2.50426e-06,1.98661e-06,50,100,100,399318,5 11 14 7 1 3 10 6 2 0 9 8 4 13 12 
953,2.21895e-06,2.50426e-06,1.928e-06,50,100,100,399318,5 11 14 7 1 3 10 6 2 0 9 8 4 13 12 
954,2.22163e-06,2.50426e-06,1.94238e-06,50,100,100,399318,5 11 14 7 1 3 10 6 2 0 9 8 4 13 12 
955,2.2273e-06,2.50426e-06,1.94037e-06,50,100,100,399318,5 11 14 7 1 3 10 6 2 0 9 8 4 13 12 
956,2.20605e-06,2.50426e-06,1.91236e-06,50,100,100,399318,5 11 14 7 1 3 10 6 2 0 9 8 4 13 12 
957,2.22643e-06,2.50426e-06,1.94778e-06,50,100,100,399318,5 11 14 7 1 3 10 6 2 0 9 8 4 13 12 
958,2.25541e-06,2.50426e-06,1.94551e-06,50,100,100,399318,5 11 14 7 1 3 10 6 2 0 9 8 4 13 12 
959,2.23988e-06,2.50426e-06,1.95167e-06,50,100,100,399318,5 11 14 7 1 3 10 6 2 0 9 8 4 13 12 
960,2.24893e-06,2.50426e-06,1.94808e-06,50,100,100,399318,5 11 14 7 1 3 10 6 2 0 9 8 4 13 12 
961,2.22963e-06,2.50426e-06,1.94245e-06,50,100,100,399318,5 11 14 7 1 3 10 6 2 0 9 8 4 13 12 
962,2.25662e-06,2.50426e-06,1.94806e-06,50,100,100,399318,5 11 14 7 1 3 10 6 2 0 9 8 4 13 12 
963,2.27432e-06,2.50426e-06,1.96015e-06,50,100,100,399318,5 11 14 7 1 3 10 6 2 0 9 8 4 13 12 
964,2.24917e-06,2.50426e-06,1.94072e-06,50,100,100,399318,5 11 14 7 1 3 10 6 2 0 9 8 4 13 12 
965,2.23161e-06,2.50426e-06,1.91261e-06,50,100,100,399318,5 11 14 7 1 3 10 6 2 0 9 8 4 13 12 
966,2.25069e-06,2.50426e-06,1.95697e-06,50,100,100,399318,5 11 14 7 1 3 10 6 2 0 9 8 4 13 12 
967,2.25426e-06,2.50426e-06,1.94757e-06,50,100,100,399318,5 11 14 7 1 3 10 6 2 0 9 8 4 13 12 
968,2.26413e-06,2.50426e-06,1.94303e-06,50,100,100,399318,5 11 14 7 1 3 10 6 2 0 9 8 4 13 12 
969,2.2554e-06,2.50426e-06,1.97385e-06,50,100,100,399318,5 11 14 7 1 3 10 6 2 0 9 8 4 13 12 
970,2.25116e-06,2.50426e-06,1.94606e-06,50,100,100,399318,5 11 14 7 1 3 10 6 2 0 9 8 4 13 12 
971,2.24265e-06,2.50426e-06,1.97246e-06,50,100,100,399318,5 11 14 7 1 3 10 6 2 0 9 8 4 13 12 
972,2.25351e-06,2.50426e-06,1.96267e-06,50,100,100,399318,5 11 14 7 1 3 10 6 2 0 9 8 4 13 12 
973,2.26618e-06,2.50426e-06,1.96267e-06,50,100,100,399318,5 11 14 7 1 3 10 6 2 0 9 8 4 13 12 
974,2.2736e-06,2.50426e-06,1.94172e-06,50,100,100,399318,5 11 14 7 1 3 10 6 2 0 9 8 4 13 12 
975,2.29231e-06,2.50426e-06,1.95616e-06,50,100,100,399318,5 11 14 7 1 3 10 6 2 0 9 8 4 13 12 
976,2.24506e-06,2.50426e-06,1.96772e-06,50,100,100,399318,5 11 14 7 1 3 10 6 2 0 9 8 4 13 12 
977,2.26143e-06,2.50426e-06,1.94963e-06,50,100,100,399318,5 11 14 7 1 3 10 6 2 0 9 8 4 13 12 
978,2.26889e-06,2.50426e-06,1.96736e-06,50,100,100,399318,5 11 14 7 1 3 10 6 2 0 9 8 4 13 12 
979,2.26228e-06,2.50426e-06,1.93198e-06,50,100,100,399318,5 11 14 7 1 3 10 6 2 0 9 8 4 13 12 
980,2.24834e-06,2.50426e-06,1.97616e-06,50,100,100,399318,5 11 14 7 1 3 10 6 2 0 9 8 4 13 12 
981,2.23747e-06,2.50426e-06,1.9397e-06,50,100,100,399318,5 11 14 7 1 3 10 6 2 0 9 8 4 13 12 
982,2.23925e-06,2.50426e-06,1.94909e-06,50,100,100,399318,5 11 14 7 1 3 10 6 2 0 9 8 4 13 12 
983,2.22723e-06,2.50426e-06,1.93569e-06,50,100,100,399318,5 11 14 7 1 3 10 6 2 0 9 8 4 13 12 
984,2.24288e-06,2.50426e-06,1.96183e-06,50,100,100,399318,5 11 14 7 1 3 10 6 2 0 9 8 4 13 12 
985,2.2685e-06,2.50426e-06,1.96311e-06,50,100,100,399318,5 11 14 7 1 3 10 6 2 0 9 8 4 13 12 
986,2.26107e-06,2.50426e-06,1.95697e-06,50,100,100,399318,5 11 14 7 1 3 10 6 2 0 9 8 4 13 12 
987,2.25536e-06,2.50426e-06,1.91792e-06,50,100,100,399318,5 11 14 7 1 3 10 6 2 0 9 8 4 13 12 
988,2.26079e-06,2.50426e-06,1.95876e-06,50,100,100,399318,5 11 14 7 1 3 10 6 2 0 9 8 4 13 12 
989,2.23105e-06,2.50426e-06,1.91429e-06,50,100,100,399318,5 11 14 7 1 3 10 6 2 0 9 8 4 13 12 
990,2.24352e-06,2.50426e-06,1.93494e-06,50,100,100,399318,5 11 14 7 1 3 10 6 2 0 9 8 4 13 12 
991,2.23789e-06,2.50426e-06,1.98378e-06,50,100,100,399318,5 11 14 7 1 3 10 6 2 0 9 8 4 13 12 
992,2.23672e-06,2.50426e-06,1.95914e-06,50,100,100,399318,5 11 14 7 1 3 10 6 2 0 9 8 4 13 12 
993,2.23585e-06,2.50426e-06,1.93254e-06,50,100,100,399318,5 11 14 7 1 3 10 6 2 0 9 8 4 13 12 
994,2.22224e-06,2.50426e-06,1.89873e-06,50,100,100,399318,5 11 14 7 1 3 10 6 2 0 9 8 4 13 12 
995,2.24124e-06,2.50426e-06,1.88668e-06,50,100,100,399318,5 11 14 7 1 3 10 6 2 0 9 8 4 13 12 
996,2.21166e-06,2.50426e-06,1.97227e-06,50,100,100,399318,5 11 14 7 1 3 10 6 2 0 9 8 4 13 12 
997,2.26744e-06,2.50426e-06,1.95632e-06,50,100,100,399318,5 11 14 7 1 3 10 6 2 0 9 8 4 13 12 
998,2.28006e-06,2.50426e-06,1.94238e-06,50,100,100,399318,5 11 14 7 1 3 10 6 2 0 9 8 4 13 12 
999,2.25181e-06,2.50426e-06,1.98191e-06,50,100,100,399318,5 11 14 7 1 3 10 6 2 0 9 8 4 13 12 
