Generación,Media,Mejor,Peor,Cruzas,Mutaciones,Inversiones,Costo,Permutación
1,2.05375e-06,2.31964e-06,1.89902e-06,50,100,100,431100,10 9 12 6 0 2 11 13 8 5 7 1 14 4 3 
2,2.0456e-06,2.31964e-06,1.89196e-06,50,100,100,431100,10 9 12 6 0 2 11 13 8 5 7 1 14 4 3 
3,2.0525e-06,2.31964e-06,1.88133e-06,50,100,100,431100,10 9 12 6 0 2 11 13 8 5 7 1 14 4 3 
4,2.03912e-06,2.31964e-06,1.92401e-06,50,100,100,431100,10 9 12 6 0 2 11 13 8 5 7 1 14 4 3 
5,2.06441e-06,2.31964e-06,1.92276e-06,50,100,100,431100,10 9 12 6 0 2 11 13 8 5 7 1 14 4 3 
6,2.05434e-06,2.31964e-06,1.90295e-06,50,100,100,431100,10 9 12 6 0 2 11 13 8 5 7 1 14 4 3 
7,2.05545e-06,2.31964e-06,1.90599e-06,50,100,100,431100,10 9 12 6 0 2 11 13 8 5 7 1 14 4 3 
8,2.05478e-06,2.31964e-06,1.91207e-06,50,100,100,431100,10 9 12 6 0 2 11 13 8 5 7 1 14 4 3 
9,2.04793e-06,2.31964e-06,1.91795e-06,50,100,100,431100,10 9 12 6 0 2 11 13 8 5 7 1 14 4 3 
10,2.04988e-06,2.31964e-06,1.88811e-06,50,100,100,431100,10 9 12 6 0 2 11 13 8 5 7 1 14 4 3 
11,2.04745e-06,2.31964e-06,1.89599e-06,50,100,100,431100,10 9 12 6 0 2 11 13 8 5 7 1 14 4 3 
12,2.04647e-06,2.31964e-06,1.89654e-06,50,100,100,431100,10 9 12 6 0 2 11 13 8 5 7 1 14 4 3 
13,2.0565e-06,2.31964e-06,1.90823e-06,50,100,100,431100,10 9 12 6 0 2 11 13 8 5 7 1 14 4 3 
14,2.06191e-06,2.31964e-06,1.90493e-06,50,100,100,431100,10 9 12 6 0 2 11 13 8 5 7 1 14 4 3 
15,2.05852e-06,2.36083e-06,1.90263e-06,50,100,100,423578,10 13 11 0 8 4 1 2 7 5 3 9 6 14 12 
16,2.04699e-06,2.36083e-06,1.92688e-06,50,100,100,423578,10 13 11 0 8 4 1 2 7 5 3 9 6 14 12 
17,2.05272e-06,2.36083e-06,1.90326e-06,50,100,100,423578,10 13 11 0 8 4 1 2 7 5 3 9 6 14 12 
18,2.06304e-06,2.36083e-06,1.88309e-06,50,100,100,423578,10 13 11 0 8 4 1 2 7 5 3 9 6 14 12 
19,2.06114e-06,2.36083e-06,1.93403e-06,50,100,100,423578,10 13 11 0 8 4 1 2 7 5 3 9 6 14 12 
20,2.04812e-06,2.36083e-06,1.88311e-06,50,100,100,423578,10 13 11 0 8 4 1 2 7 5 3 9 6 14 12 
21,2.04437e-06,2.36083e-06,1.91165e-06,50,100,100,423578,10 13 11 0 8 4 1 2 7 5 3 9 6 14 12 
22,2.06143e-06,2.36083e-06,1.92369e-06,50,100,100,423578,10 13 11 0 8 4 1 2 7 5 3 9 6 14 12 
23,2.05947e-06,2.36083e-06,1.93234e-06,50,100,100,423578,10 13 11 0 8 4 1 2 7 5 3 9 6 14 12 
24,2.05085e-06,2.36083e-06,1.90644e-06,50,100,100,423578,10 13 11 0 8 4 1 2 7 5 3 9 6 14 12 
25,2.04726e-06,2.36083e-06,1.91204e-06,50,100,100,423578,10 13 11 0 8 4 1 2 7 5 3 9 6 14 12 
26,2.0445e-06,2.36083e-06,1.88451e-06,50,100,100,423578,10 13 11 0 8 4 1 2 7 5 3 9 6 14 12 
27,2.0655e-06,2.36083e-06,1.90474e-06,50,100,100,423578,10 13 11 0 8 4 1 2 7 5 3 9 6 14 12 
28,2.07918e-06,2.36083e-06,1.93719e-06,50,100,100,423578,10 13 11 0 8 4 1 2 7 5 3 9 6 14 12 
29,2.07327e-06,2.36083e-06,1.92468e-06,50,100,100,423578,10 13 11 0 8 4 1 2 7 5 3 9 6 14 12 
30,2.06153e-06,2.36083e-06,1.86548e-06,50,100,100,423578,10 13 11 0 8 4 1 2 7 5 3 9 6 14 12 
31,2.06928e-06,2.36083e-06,1.89659e-06,50,100,100,423578,10 13 11 0 8 4 1 2 7 5 3 9 6 14 12 
32,2.06084e-06,2.36083e-06,1.8949e-06,50,100,100,423578,10 13 11 0 8 4 1 2 7 5 3 9 6 14 12 
33,2.06498e-06,2.36083e-06,1.93726e-06,50,100,100,423578,10 13 11 0 8 4 1 2 7 5 3 9 6 14 12 
34,2.06414e-06,2.36083e-06,1.92271e-06,50,100,100,423578,10 13 11 0 8 4 1 2 7 5 3 9 6 14 12 
35,2.05832e-06,2.36083e-06,1.91113e-06,50,100,100,423578,10 13 11 0 8 4 1 2 7 5 3 9 6 14 12 
36,2.06392e-06,2.36083e-06,1.927e-06,50,100,100,423578,10 13 11 0 8 4 1 2 7 5 3 9 6 14 12 
37,2.05809e-06,2.36083e-06,1.92103e-06,50,100,100,423578,10 13 11 0 8 4 1 2 7 5 3 9 6 14 12 
38,2.07235e-06,2.36083e-06,1.91904e-06,50,100,100,423578,10 13 11 0 8 4 1 2 7 5 3 9 6 14 12 
39,2.06067e-06,2.36083e-06,1.91365e-06,50,100,100,423578,10 13 11 0 8 4 1 2 7 5 3 9 6 14 12 
40,2.06794e-06,2.36083e-06,1.92227e-06,50,100,100,423578,10 13 11 0 8 4 1 2 7 5 3 9 6 14 12 
41,2.04607e-06,2.36083e-06,1.91325e-06,50,100,100,423578,10 13 11 0 8 4 1 2 7 5 3 9 6 14 12 
42,2.05726e-06,2.36083e-06,1.87128e-06,50,100,100,423578,10 13 11 0 8 4 1 2 7 5 3 9 6 14 12 
43,2.04513e-06,2.36083e-06,1.90065e-06,50,100,100,423578,10 13 11 0 8 4 1 2 7 5 3 9 6 14 12 
44,2.05079e-06,2.36083e-06,1.89259e-06,50,100,100,423578,10 13 11 0 8 4 1 2 7 5 3 9 6 14 12 
45,2.04821e-06,2.36083e-06,1.89743e-06,50,100,100,423578,10 13 11 0 8 4 1 2 7 5 3 9 6 14 12 
46,2.05856e-06,2.36083e-06,1.89763e-06,50,100,100,423578,10 13 11 0 8 4 1 2 7 5 3 9 6 14 12 
47,2.06428e-06,2.36083e-06,1.93758e-06,50,100,100,423578,10 13 11 0 8 4 1 2 7 5 3 9 6 14 12 
48,2.05235e-06,2.36083e-06,1.92962e-06,50,100,100,423578,10 13 11 0 8 4 1 2 7 5 3 9 6 14 12 
49,2.0475e-06,2.36083e-06,1.90448e-06,50,100,100,423578,10 13 11 0 8 4 1 2 7 5 3 9 6 14 12 
50,2.05146e-06,2.36083e-06,1.89162e-06,50,100,100,423578,10 13 11 0 8 4 1 2 7 5 3 9 6 14 12 
51,2.06164e-06,2.36083e-06,1.9232e-06,50,100,100,423578,10 13 11 0 8 4 1 2 7 5 3 9 6 14 12 
52,2.05974e-06,2.36083e-06,1.89969e-06,50,100,100,423578,10 13 11 0 8 4 1 2 7 5 3 9 6 14 12 
53,2.04495e-06,2.36083e-06,1.89619e-06,50,100,100,423578,10 13 11 0 8 4 1 2 7 5 3 9 6 14 12 
54,2.0547e-06,2.36083e-06,1.90979e-06,50,100,100,423578,10 13 11 0 8 4 1 2 7 5 3 9 6 14 12 
55,2.06542e-06,2.36083e-06,1.93536e-06,50,100,100,423578,10 13 11 0 8 4 1 2 7 5 3 9 6 14 12 
56,2.07284e-06,2.36083e-06,1.9205e-06,50,100,100,423578,10 13 11 0 8 4 1 2 7 5 3 9 6 14 12 
57,2.06603e-06,2.36083e-06,1.89782e-06,50,100,100,423578,10 13 11 0 8 4 1 2 7 5 3 9 6 14 12 
58,2.06599e-06,2.36083e-06,1.8982e-06,50,100,100,423578,10 13 11 0 8 4 1 2 7 5 3 9 6 14 12 
59,2.0651e-06,2.36083e-06,1.94822e-06,50,100,100,423578,10 13 11 0 8 4 1 2 7 5 3 9 6 14 12 
60,2.05674e-06,2.36083e-06,1.92133e-06,50,100,100,423578,10 13 11 0 8 4 1 2 7 5 3 9 6 14 12 
61,2.07044e-06,2.36083e-06,1.91644e-06,50,100,100,423578,10 13 11 0 8 4 1 2 7 5 3 9 6 14 12 
62,2.05575e-06,2.36083e-06,1.9104e-06,50,100,100,423578,10 13 11 0 8 4 1 2 7 5 3 9 6 14 12 
63,2.06501e-06,2.36083e-06,1.91408e-06,50,100,100,423578,10 13 11 0 8 4 1 2 7 5 3 9 6 14 12 
64,2.0663e-06,2.36083e-06,1.92117e-06,50,100,100,423578,10 13 11 0 8 4 1 2 7 5 3 9 6 14 12 
65,2.06951e-06,2.36083e-06,1.90515e-06,50,100,100,423578,10 13 11 0 8 4 1 2 7 5 3 9 6 14 12 
66,2.06926e-06,2.36083e-06,1.92406e-06,50,100,100,423578,10 13 11 0 8 4 1 2 7 5 3 9 6 14 12 
67,2.069e-06,2.36083e-06,1.91482e-06,50,100,100,423578,10 13 11 0 8 4 1 2 7 5 3 9 6 14 12 
68,2.07757e-06,2.36083e-06,1.92422e-06,50,100,100,423578,10 13 11 0 8 4 1 2 7 5 3 9 6 14 12 
69,2.06582e-06,2.3857e-06,1.90199e-06,50,100,100,419164,10 2 11 0 14 4 13 8 7 5 3 9 6 1 12 
70,2.06103e-06,2.3857e-06,1.92238e-06,50,100,100,419164,10 2 11 0 14 4 13 8 7 5 3 9 6 1 12 
71,2.07085e-06,2.3857e-06,1.90817e-06,50,100,100,419164,10 2 11 0 14 4 13 8 7 5 3 9 6 1 12 
72,2.0679e-06,2.3857e-06,1.92075e-06,50,100,100,419164,10 2 11 0 14 4 13 8 7 5 3 9 6 1 12 
73,2.05872e-06,2.3857e-06,1.91857e-06,50,100,100,419164,10 2 11 0 14 4 13 8 7 5 3 9 6 1 12 
74,2.07094e-06,2.3857e-06,1.88884e-06,50,100,100,419164,10 2 11 0 14 4 13 8 7 5 3 9 6 1 12 
75,2.05354e-06,2.3857e-06,1.9012e-06,50,100,100,419164,10 2 11 0 14 4 13 8 7 5 3 9 6 1 12 
76,2.06328e-06,2.3857e-06,1.88078e-06,50,100,100,419164,10 2 11 0 14 4 13 8 7 5 3 9 6 1 12 
77,2.0562e-06,2.3857e-06,1.89718e-06,50,100,100,419164,10 2 11 0 14 4 13 8 7 5 3 9 6 1 12 
78,2.05817e-06,2.3857e-06,1.91165e-06,50,100,100,419164,10 2 11 0 14 4 13 8 7 5 3 9 6 1 12 
79,2.06425e-06,2.3857e-06,1.89844e-06,50,100,100,419164,10 2 11 0 14 4 13 8 7 5 3 9 6 1 12 
80,2.07186e-06,2.3857e-06,1.88888e-06,50,100,100,419164,10 2 11 0 14 4 13 8 7 5 3 9 6 1 12 
81,2.07298e-06,2.3857e-06,1.87847e-06,50,100,100,419164,10 2 11 0 14 4 13 8 7 5 3 9 6 1 12 
82,2.06217e-06,2.3857e-06,1.92256e-06,50,100,100,419164,10 2 11 0 14 4 13 8 7 5 3 9 6 1 12 
83,2.06209e-06,2.3857e-06,1.90092e-06,50,100,100,419164,10 2 11 0 14 4 13 8 7 5 3 9 6 1 12 
84,2.06651e-06,2.3857e-06,1.90777e-06,50,100,100,419164,10 2 11 0 14 4 13 8 7 5 3 9 6 1 12 
85,2.05981e-06,2.3857e-06,1.89517e-06,50,100,100,419164,10 2 11 0 14 4 13 8 7 5 3 9 6 1 12 
86,2.06725e-06,2.3857e-06,1.94877e-06,50,100,100,419164,10 2 11 0 14 4 13 8 7 5 3 9 6 1 12 
87,2.08083e-06,2.3857e-06,1.922e-06,50,100,100,419164,10 2 11 0 14 4 13 8 7 5 3 9 6 1 12 
88,2.06942e-06,2.3857e-06,1.94161e-06,50,100,100,419164,10 2 11 0 14 4 13 8 7 5 3 9 6 1 12 
89,2.05596e-06,2.3857e-06,1.92138e-06,50,100,100,419164,10 2 11 0 14 4 13 8 7 5 3 9 6 1 12 
90,2.06188e-06,2.3857e-06,1.91771e-06,50,100,100,419164,10 2 11 0 14 4 13 8 7 5 3 9 6 1 12 
91,2.06289e-06,2.3857e-06,1.91966e-06,50,100,100,419164,10 2 11 0 14 4 13 8 7 5 3 9 6 1 12 
92,2.05324e-06,2.3857e-06,1.90853e-06,50,100,100,419164,10 2 11 0 14 4 13 8 7 5 3 9 6 1 12 
93,2.07094e-06,2.3857e-06,1.92989e-06,50,100,100,419164,10 2 11 0 14 4 13 8 7 5 3 9 6 1 12 
94,2.06966e-06,2.3857e-06,1.9113e-06,50,100,100,419164,10 2 11 0 14 4 13 8 7 5 3 9 6 1 12 
95,2.06123e-06,2.3857e-06,1.92908e-06,50,100,100,419164,10 2 11 0 14 4 13 8 7 5 3 9 6 1 12 
96,2.06718e-06,2.3857e-06,1.89944e-06,50,100,100,419164,10 2 11 0 14 4 13 8 7 5 3 9 6 1 12 
97,2.07318e-06,2.3857e-06,1.94619e-06,50,100,100,419164,10 2 11 0 14 4 13 8 7 5 3 9 6 1 12 
98,2.08111e-06,2.3857e-06,1.95551e-06,50,100,100,419164,10 2 11 0 14 4 13 8 7 5 3 9 6 1 12 
99,2.07881e-06,2.3857e-06,1.94458e-06,50,100,100,419164,10 2 11 0 14 4 13 8 7 5 3 9 6 1 12 
100,2.07496e-06,2.3857e-06,1.9303e-06,50,100,100,419164,10 2 11 0 14 4 13 8 7 5 3 9 6 1 12 
101,2.07591e-06,2.3857e-06,1.93174e-06,50,100,100,419164,10 2 11 0 14 4 13 8 7 5 3 9 6 1 12 
102,2.07073e-06,2.3857e-06,1.93137e-06,50,100,100,419164,10 2 11 0 14 4 13 8 7 5 3 9 6 1 12 
103,2.07357e-06,2.3857e-06,1.94715e-06,50,100,100,419164,10 2 11 0 14 4 13 8 7 5 3 9 6 1 12 
104,2.06219e-06,2.3857e-06,1.94159e-06,50,100,100,419164,10 2 11 0 14 4 13 8 7 5 3 9 6 1 12 
105,2.06458e-06,2.3857e-06,1.92076e-06,50,100,100,419164,10 2 11 0 14 4 13 8 7 5 3 9 6 1 12 
106,2.06684e-06,2.3857e-06,1.8896e-06,50,100,100,419164,10 2 11 0 14 4 13 8 7 5 3 9 6 1 12 
107,2.06386e-06,2.3857e-06,1.90631e-06,50,100,100,419164,10 2 11 0 14 4 13 8 7 5 3 9 6 1 12 
108,2.08709e-06,2.3857e-06,1.94192e-06,50,100,100,419164,10 2 11 0 14 4 13 8 7 5 3 9 6 1 12 
109,2.08179e-06,2.3857e-06,1.93574e-06,50,100,100,419164,10 2 11 0 14 4 13 8 7 5 3 9 6 1 12 
110,2.07023e-06,2.3857e-06,1.90371e-06,50,100,100,419164,10 2 11 0 14 4 13 8 7 5 3 9 6 1 12 
111,2.06662e-06,2.3857e-06,1.91924e-06,50,100,100,419164,10 2 11 0 14 4 13 8 7 5 3 9 6 1 12 
112,2.07476e-06,2.3857e-06,1.88282e-06,50,100,100,419164,10 2 11 0 14 4 13 8 7 5 3 9 6 1 12 
113,2.06822e-06,2.3857e-06,1.93323e-06,50,100,100,419164,10 2 11 0 14 4 13 8 7 5 3 9 6 1 12 
114,2.06726e-06,2.39269e-06,1.90732e-06,50,100,100,417938,10 2 11 0 14 4 13 8 7 5 3 9 1 6 12 
115,2.06533e-06,2.39269e-06,1.88692e-06,50,100,100,417938,10 2 11 0 14 4 13 8 7 5 3 9 1 6 12 
116,2.07023e-06,2.39269e-06,1.91179e-06,50,100,100,417938,10 2 11 0 14 4 13 8 7 5 3 9 1 6 12 
117,2.06249e-06,2.39269e-06,1.92664e-06,50,100,100,417938,10 2 11 0 14 4 13 8 7 5 3 9 1 6 12 
118,2.0677e-06,2.39269e-06,1.92398e-06,50,100,100,417938,10 2 11 0 14 4 13 8 7 5 3 9 1 6 12 
119,2.07225e-06,2.39269e-06,1.88169e-06,50,100,100,417938,10 2 11 0 14 4 13 8 7 5 3 9 1 6 12 
120,2.06722e-06,2.39269e-06,1.91329e-06,50,100,100,417938,10 2 11 0 14 4 13 8 7 5 3 9 1 6 12 
121,2.06704e-06,2.39269e-06,1.9049e-06,50,100,100,417938,10 2 11 0 14 4 13 8 7 5 3 9 1 6 12 
122,2.06295e-06,2.39269e-06,1.92135e-06,50,100,100,417938,10 2 11 0 14 4 13 8 7 5 3 9 1 6 12 
123,2.06789e-06,2.39269e-06,1.89562e-06,50,100,100,417938,10 2 11 0 14 4 13 8 7 5 3 9 1 6 12 
124,2.07081e-06,2.39269e-06,1.91226e-06,50,100,100,417938,10 2 11 0 14 4 13 8 7 5 3 9 1 6 12 
125,2.0714e-06,2.39269e-06,1.93612e-06,50,100,100,417938,10 2 11 0 14 4 13 8 7 5 3 9 1 6 12 
126,2.07002e-06,2.39269e-06,1.91882e-06,50,100,100,417938,10 2 11 0 14 4 13 8 7 5 3 9 1 6 12 
127,2.07077e-06,2.39269e-06,1.90636e-06,50,100,100,417938,10 2 11 0 14 4 13 8 7 5 3 9 1 6 12 
128,2.06712e-06,2.46974e-06,1.89619e-06,50,100,100,404900,10 2 11 0 14 4 9 8 7 5 3 13 1 6 12 
129,2.0701e-06,2.46974e-06,1.90634e-06,50,100,100,404900,10 2 11 0 14 4 9 8 7 5 3 13 1 6 12 
130,2.06693e-06,2.46974e-06,1.88353e-06,50,100,100,404900,10 2 11 0 14 4 9 8 7 5 3 13 1 6 12 
131,2.07899e-06,2.47847e-06,1.91685e-06,50,100,100,403474,10 2 11 0 14 4 9 8 7 5 3 13 6 1 12 
132,2.07624e-06,2.47847e-06,1.93548e-06,50,100,100,403474,10 2 11 0 14 4 9 8 7 5 3 13 6 1 12 
133,2.08471e-06,2.47847e-06,1.89759e-06,50,100,100,403474,10 2 11 0 14 4 9 8 7 5 3 13 6 1 12 
134,2.0972e-06,2.47847e-06,1.94377e-06,50,100,100,403474,10 2 11 0 14 4 9 8 7 5 3 13 6 1 12 
135,2.0932e-06,2.47847e-06,1.86526e-06,50,100,100,403474,10 2 11 0 14 4 9 8 7 5 3 13 6 1 12 
136,2.08113e-06,2.47847e-06,1.926e-06,50,100,100,403474,10 2 11 0 14 4 9 8 7 5 3 13 6 1 12 
137,2.07691e-06,2.47847e-06,1.91529e-06,50,100,100,403474,10 2 11 0 14 4 9 8 7 5 3 13 6 1 12 
138,2.07126e-06,2.47847e-06,1.91006e-06,50,100,100,403474,10 2 11 0 14 4 9 8 7 5 3 13 6 1 12 
139,2.07735e-06,2.47847e-06,1.89417e-06,50,100,100,403474,10 2 11 0 14 4 9 8 7 5 3 13 6 1 12 
140,2.08897e-06,2.47847e-06,1.93676e-06,50,100,100,403474,10 2 11 0 14 4 9 8 7 5 3 13 6 1 12 
141,2.08495e-06,2.47847e-06,1.91531e-06,50,100,100,403474,10 2 11 0 14 4 9 8 7 5 3 13 6 1 12 
142,2.07196e-06,2.47847e-06,1.92148e-06,50,100,100,403474,10 2 11 0 14 4 9 8 7 5 3 13 6 1 12 
143,2.06663e-06,2.47847e-06,1.91786e-06,50,100,100,403474,10 2 11 0 14 4 9 8 7 5 3 13 6 1 12 
144,2.0779e-06,2.47847e-06,1.93127e-06,50,100,100,403474,10 2 11 0 14 4 9 8 7 5 3 13 6 1 12 
145,2.075e-06,2.47847e-06,1.90855e-06,50,100,100,403474,10 2 11 0 14 4 9 8 7 5 3 13 6 1 12 
146,2.06487e-06,2.47847e-06,1.88722e-06,50,100,100,403474,10 2 11 0 14 4 9 8 7 5 3 13 6 1 12 
147,2.07525e-06,2.47847e-06,1.90887e-06,50,100,100,403474,10 2 11 0 14 4 9 8 7 5 3 13 6 1 12 
148,2.08812e-06,2.47847e-06,1.90474e-06,50,100,100,403474,10 2 11 0 14 4 9 8 7 5 3 13 6 1 12 
149,2.07276e-06,2.47847e-06,1.9274e-06,50,100,100,403474,10 2 11 0 14 4 9 8 7 5 3 13 6 1 12 
150,2.0788e-06,2.47847e-06,1.92499e-06,50,100,100,403474,10 2 11 0 14 4 9 8 7 5 3 13 6 1 12 
151,2.08721e-06,2.47847e-06,1.91842e-06,50,100,100,403474,10 2 11 0 14 4 9 8 7 5 3 13 6 1 12 
152,2.09124e-06,2.47847e-06,1.94398e-06,50,100,100,403474,10 2 11 0 14 4 9 8 7 5 3 13 6 1 12 
153,2.09072e-06,2.47847e-06,1.94383e-06,50,100,100,403474,10 2 11 0 14 4 9 8 7 5 3 13 6 1 12 
154,2.07477e-06,2.47847e-06,1.90006e-06,50,100,100,403474,10 2 11 0 14 4 9 8 7 5 3 13 6 1 12 
155,2.07725e-06,2.47847e-06,1.95181e-06,50,100,100,403474,10 2 11 0 14 4 9 8 7 5 3 13 6 1 12 
156,2.06475e-06,2.47847e-06,1.92336e-06,50,100,100,403474,10 2 11 0 14 4 9 8 7 5 3 13 6 1 12 
157,2.06783e-06,2.47847e-06,1.91579e-06,50,100,100,403474,10 2 11 0 14 4 9 8 7 5 3 13 6 1 12 
158,2.07308e-06,2.47847e-06,1.91786e-06,50,100,100,403474,10 2 11 0 14 4 9 8 7 5 3 13 6 1 12 
159,2.06034e-06,2.47847e-06,1.89833e-06,50,100,100,403474,10 2 11 0 14 4 9 8 7 5 3 13 6 1 12 
160,2.07806e-06,2.47847e-06,1.94871e-06,50,100,100,403474,10 2 11 0 14 4 9 8 7 5 3 13 6 1 12 
161,2.08384e-06,2.47847e-06,1.92637e-06,50,100,100,403474,10 2 11 0 14 4 9 8 7 5 3 13 6 1 12 
162,2.07975e-06,2.47847e-06,1.90812e-06,50,100,100,403474,10 2 11 0 14 4 9 8 7 5 3 13 6 1 12 
163,2.06633e-06,2.47847e-06,1.87325e-06,50,100,100,403474,10 2 11 0 14 4 9 8 7 5 3 13 6 1 12 
164,2.08389e-06,2.51012e-06,1.91261e-06,50,100,100,398386,10 2 11 0 14 4 1 8 7 9 3 13 5 6 12 
165,2.07805e-06,2.51012e-06,1.91753e-06,50,100,100,398386,10 2 11 0 14 4 1 8 7 9 3 13 5 6 12 
166,2.07919e-06,2.51012e-06,1.93065e-06,50,100,100,398386,10 2 11 0 14 4 1 8 7 9 3 13 5 6 12 
167,2.074e-06,2.51012e-06,1.88826e-06,50,100,100,398386,10 2 11 0 14 4 1 8 7 9 3 13 5 6 12 
168,2.07573e-06,2.51012e-06,1.93363e-06,50,100,100,398386,10 2 11 0 14 4 1 8 7 9 3 13 5 6 12 
169,2.07856e-06,2.51012e-06,1.8885e-06,50,100,100,398386,10 2 11 0 14 4 1 8 7 9 3 13 5 6 12 
170,2.08167e-06,2.51012e-06,1.91347e-06,50,100,100,398386,10 2 11 0 14 4 1 8 7 9 3 13 5 6 12 
171,2.0784e-06,2.51012e-06,1.9214e-06,50,100,100,398386,10 2 11 0 14 4 1 8 7 9 3 13 5 6 12 
172,2.08333e-06,2.51012e-06,1.8996e-06,50,100,100,398386,10 2 11 0 14 4 1 8 7 9 3 13 5 6 12 
173,2.07123e-06,2.51012e-06,1.94178e-06,50,100,100,398386,10 2 11 0 14 4 1 8 7 9 3 13 5 6 12 
174,2.08639e-06,2.51012e-06,1.93248e-06,50,100,100,398386,10 2 11 0 14 4 1 8 7 9 3 13 5 6 12 
175,2.08168e-06,2.51012e-06,1.94496e-06,50,100,100,398386,10 2 11 0 14 4 1 8 7 9 3 13 5 6 12 
176,2.06827e-06,2.51012e-06,1.89648e-06,50,100,100,398386,10 2 11 0 14 4 1 8 7 9 3 13 5 6 12 
177,2.07835e-06,2.51012e-06,1.90684e-06,50,100,100,398386,10 2 11 0 14 4 1 8 7 9 3 13 5 6 12 
178,2.08905e-06,2.51012e-06,1.93407e-06,50,100,100,398386,10 2 11 0 14 4 1 8 7 9 3 13 5 6 12 
179,2.09236e-06,2.51012e-06,1.93171e-06,50,100,100,398386,10 2 11 0 14 4 1 8 7 9 3 13 5 6 12 
180,2.08134e-06,2.51012e-06,1.93127e-06,50,100,100,398386,10 2 11 0 14 4 1 8 7 9 3 13 5 6 12 
181,2.08775e-06,2.51012e-06,1.92375e-06,50,100,100,398386,10 2 11 0 14 4 1 8 7 9 3 13 5 6 12 
182,2.09071e-06,2.51012e-06,1.91504e-06,50,100,100,398386,10 2 11 0 14 4 1 8 7 9 3 13 5 6 12 
183,2.10141e-06,2.51012e-06,1.93499e-06,50,100,100,398386,10 2 11 0 14 4 1 8 7 9 3 13 5 6 12 
184,2.10002e-06,2.51012e-06,1.90753e-06,50,100,100,398386,10 2 11 0 14 4 1 8 7 9 3 13 5 6 12 
185,2.10553e-06,2.51012e-06,1.87184e-06,50,100,100,398386,10 2 11 0 14 4 1 8 7 9 3 13 5 6 12 
186,2.10172e-06,2.51012e-06,1.94251e-06,50,100,100,398386,10 2 11 0 14 4 1 8 7 9 3 13 5 6 12 
187,2.10813e-06,2.51012e-06,1.87587e-06,50,100,100,398386,10 2 11 0 14 4 1 8 7 9 3 13 5 6 12 
188,2.09853e-06,2.51012e-06,1.94476e-06,50,100,100,398386,10 2 11 0 14 4 1 8 7 9 3 13 5 6 12 
189,2.10981e-06,2.51012e-06,1.90791e-06,50,100,100,398386,10 2 11 0 14 4 1 8 7 9 3 13 5 6 12 
190,2.11121e-06,2.51012e-06,1.943e-06,50,100,100,398386,10 2 11 0 14 4 1 8 7 9 3 13 5 6 12 
191,2.10082e-06,2.51012e-06,1.8987e-06,50,100,100,398386,10 2 11 0 14 4 1 8 7 9 3 13 5 6 12 
192,2.10032e-06,2.51012e-06,1.93183e-06,50,100,100,398386,10 2 11 0 14 4 1 8 7 9 3 13 5 6 12 
193,2.10034e-06,2.51012e-06,1.89687e-06,50,100,100,398386,10 2 11 0 14 4 1 8 7 9 3 13 5 6 12 
194,2.10456e-06,2.51012e-06,1.94623e-06,50,100,100,398386,10 2 11 0 14 4 1 8 7 9 3 13 5 6 12 
195,2.09153e-06,2.51012e-06,1.90222e-06,50,100,100,398386,10 2 11 0 14 4 1 8 7 9 3 13 5 6 12 
196,2.09278e-06,2.51012e-06,1.93532e-06,50,100,100,398386,10 2 11 0 14 4 1 8 7 9 3 13 5 6 12 
197,2.07562e-06,2.51012e-06,1.9167e-06,50,100,100,398386,10 2 11 0 14 4 1 8 7 9 3 13 5 6 12 
198,2.08227e-06,2.51012e-06,1.91397e-06,50,100,100,398386,10 2 11 0 14 4 1 8 7 9 3 13 5 6 12 
199,2.07396e-06,2.51012e-06,1.89091e-06,50,100,100,398386,10 2 11 0 14 4 1 8 7 9 3 13 5 6 12 
200,2.08002e-06,2.51012e-06,1.92101e-06,50,100,100,398386,10 2 11 0 14 4 1 8 7 9 3 13 5 6 12 
201,2.07511e-06,2.51012e-06,1.93805e-06,50,100,100,398386,10 2 11 0 14 4 1 8 7 9 3 13 5 6 12 
202,2.06477e-06,2.51012e-06,1.87627e-06,50,100,100,398386,10 2 11 0 14 4 1 8 7 9 3 13 5 6 12 
203,2.07091e-06,2.51012e-06,1.89985e-06,50,100,100,398386,10 2 11 0 14 4 1 8 7 9 3 13 5 6 12 
204,2.0606e-06,2.51012e-06,1.90882e-06,50,100,100,398386,10 2 11 0 14 4 1 8 7 9 3 13 5 6 12 
205,2.06242e-06,2.51012e-06,1.89144e-06,50,100,100,398386,10 2 11 0 14 4 1 8 7 9 3 13 5 6 12 
206,2.06579e-06,2.51012e-06,1.91411e-06,50,100,100,398386,10 2 11 0 14 4 1 8 7 9 3 13 5 6 12 
207,2.06796e-06,2.51012e-06,1.89365e-06,50,100,100,398386,10 2 11 0 14 4 1 8 7 9 3 13 5 6 12 
208,2.06836e-06,2.51012e-06,1.90952e-06,50,100,100,398386,10 2 11 0 14 4 1 8 7 9 3 13 5 6 12 
209,2.06454e-06,2.51012e-06,1.89513e-06,50,100,100,398386,10 2 11 0 14 4 1 8 7 9 3 13 5 6 12 
210,2.07657e-06,2.51012e-06,1.8922e-06,50,100,100,398386,10 2 11 0 14 4 1 8 7 9 3 13 5 6 12 
211,2.08472e-06,2.51012e-06,1.91745e-06,50,100,100,398386,10 2 11 0 14 4 1 8 7 9 3 13 5 6 12 
212,2.08775e-06,2.51012e-06,1.92833e-06,50,100,100,398386,10 2 11 0 14 4 1 8 7 9 3 13 5 6 12 
213,2.06492e-06,2.51012e-06,1.90708e-06,50,100,100,398386,10 2 11 0 14 4 1 8 7 9 3 13 5 6 12 
214,2.07088e-06,2.51012e-06,1.92724e-06,50,100,100,398386,10 2 11 0 14 4 1 8 7 9 3 13 5 6 12 
215,2.08122e-06,2.51012e-06,1.89633e-06,50,100,100,398386,10 2 11 0 14 4 1 8 7 9 3 13 5 6 12 
216,2.06879e-06,2.51012e-06,1.92496e-06,50,100,100,398386,10 2 11 0 14 4 1 8 7 9 3 13 5 6 12 
217,2.06925e-06,2.51012e-06,1.90508e-06,50,100,100,398386,10 2 11 0 14 4 1 8 7 9 3 13 5 6 12 
218,2.06097e-06,2.51012e-06,1.92873e-06,50,100,100,398386,10 2 11 0 14 4 1 8 7 9 3 13 5 6 12 
219,2.05832e-06,2.51012e-06,1.89618e-06,50,100,100,398386,10 2 11 0 14 4 1 8 7 9 3 13 5 6 12 
220,2.06829e-06,2.51012e-06,1.90914e-06,50,100,100,398386,10 2 11 0 14 4 1 8 7 9 3 13 5 6 12 
221,2.07829e-06,2.51012e-06,1.90504e-06,50,100,100,398386,10 2 11 0 14 4 1 8 7 9 3 13 5 6 12 
222,2.08856e-06,2.51012e-06,1.92618e-06,50,100,100,398386,10 2 11 0 14 4 1 8 7 9 3 13 5 6 12 
223,2.0856e-06,2.51012e-06,1.92964e-06,50,100,100,398386,10 2 11 0 14 4 1 8 7 9 3 13 5 6 12 
224,2.09251e-06,2.57077e-06,1.8933e-06,50,100,100,388988,10 2 11 0 14 4 1 8 7 5 3 13 9 6 12 
225,2.08605e-06,2.57077e-06,1.95259e-06,50,100,100,388988,10 2 11 0 14 4 1 8 7 5 3 13 9 6 12 
226,2.08254e-06,2.57077e-06,1.93727e-06,50,100,100,388988,10 2 11 0 14 4 1 8 7 5 3 13 9 6 12 
227,2.08501e-06,2.57077e-06,1.92401e-06,50,100,100,388988,10 2 11 0 14 4 1 8 7 5 3 13 9 6 12 
228,2.08062e-06,2.57077e-06,1.93577e-06,50,100,100,388988,10 2 11 0 14 4 1 8 7 5 3 13 9 6 12 
229,2.0799e-06,2.57077e-06,1.95514e-06,50,100,100,388988,10 2 11 0 14 4 1 8 7 5 3 13 9 6 12 
230,2.10512e-06,2.57077e-06,1.94725e-06,50,100,100,388988,10 2 11 0 14 4 1 8 7 5 3 13 9 6 12 
231,2.10224e-06,2.57077e-06,1.94262e-06,50,100,100,388988,10 2 11 0 14 4 1 8 7 5 3 13 9 6 12 
232,2.10463e-06,2.57077e-06,1.92261e-06,50,100,100,388988,10 2 11 0 14 4 1 8 7 5 3 13 9 6 12 
233,2.10967e-06,2.57077e-06,1.9159e-06,50,100,100,388988,10 2 11 0 14 4 1 8 7 5 3 13 9 6 12 
234,2.10889e-06,2.57077e-06,1.95017e-06,50,100,100,388988,10 2 11 0 14 4 1 8 7 5 3 13 9 6 12 
235,2.09953e-06,2.57077e-06,1.90154e-06,50,100,100,388988,10 2 11 0 14 4 1 8 7 5 3 13 9 6 12 
236,2.08556e-06,2.57077e-06,1.89977e-06,50,100,100,388988,10 2 11 0 14 4 1 8 7 5 3 13 9 6 12 
237,2.08521e-06,2.57077e-06,1.90519e-06,50,100,100,388988,10 2 11 0 14 4 1 8 7 5 3 13 9 6 12 
238,2.09178e-06,2.57077e-06,1.94219e-06,50,100,100,388988,10 2 11 0 14 4 1 8 7 5 3 13 9 6 12 
239,2.08197e-06,2.57077e-06,1.8895e-06,50,100,100,388988,10 2 11 0 14 4 1 8 7 5 3 13 9 6 12 
240,2.09132e-06,2.57077e-06,1.88559e-06,50,100,100,388988,10 2 11 0 14 4 1 8 7 5 3 13 9 6 12 
241,2.06993e-06,2.57077e-06,1.91787e-06,50,100,100,388988,10 2 11 0 14 4 1 8 7 5 3 13 9 6 12 
242,2.07814e-06,2.57077e-06,1.9038e-06,50,100,100,388988,10 2 11 0 14 4 1 8 7 5 3 13 9 6 12 
243,2.07572e-06,2.57077e-06,1.93776e-06,50,100,100,388988,10 2 11 0 14 4 1 8 7 5 3 13 9 6 12 
244,2.0847e-06,2.57077e-06,1.93356e-06,50,100,100,388988,10 2 11 0 14 4 1 8 7 5 3 13 9 6 12 
245,2.09514e-06,2.57077e-06,1.9515e-06,50,100,100,388988,10 2 11 0 14 4 1 8 7 5 3 13 9 6 12 
246,2.07859e-06,2.57077e-06,1.92238e-06,50,100,100,388988,10 2 11 0 14 4 1 8 7 5 3 13 9 6 12 
247,2.08107e-06,2.57077e-06,1.92853e-06,50,100,100,388988,10 2 11 0 14 4 1 8 7 5 3 13 9 6 12 
248,2.07498e-06,2.57077e-06,1.9026e-06,50,100,100,388988,10 2 11 0 14 4 1 8 7 5 3 13 9 6 12 
249,2.08748e-06,2.57077e-06,1.91105e-06,50,100,100,388988,10 2 11 0 14 4 1 8 7 5 3 13 9 6 12 
250,2.09008e-06,2.57077e-06,1.94819e-06,50,100,100,388988,10 2 11 0 14 4 1 8 7 5 3 13 9 6 12 
251,2.0972e-06,2.57077e-06,1.92131e-06,50,100,100,388988,10 2 11 0 14 4 1 8 7 5 3 13 9 6 12 
252,2.08067e-06,2.57077e-06,1.88082e-06,50,100,100,388988,10 2 11 0 14 4 1 8 7 5 3 13 9 6 12 
253,2.08508e-06,2.57077e-06,1.96248e-06,50,100,100,388988,10 2 11 0 14 4 1 8 7 5 3 13 9 6 12 
254,2.08051e-06,2.57077e-06,1.92199e-06,50,100,100,388988,10 2 11 0 14 4 1 8 7 5 3 13 9 6 12 
255,2.07628e-06,2.57077e-06,1.92085e-06,50,100,100,388988,10 2 11 0 14 4 1 8 7 5 3 13 9 6 12 
256,2.09074e-06,2.57077e-06,1.93601e-06,50,100,100,388988,10 2 11 0 14 4 1 8 7 5 3 13 9 6 12 
257,2.07471e-06,2.57077e-06,1.8657e-06,50,100,100,388988,10 2 11 0 14 4 1 8 7 5 3 13 9 6 12 
258,2.08004e-06,2.57077e-06,1.93761e-06,50,100,100,388988,10 2 11 0 14 4 1 8 7 5 3 13 9 6 12 
259,2.0621e-06,2.57077e-06,1.91375e-06,50,100,100,388988,10 2 11 0 14 4 1 8 7 5 3 13 9 6 12 
260,2.07069e-06,2.57077e-06,1.93248e-06,50,100,100,388988,10 2 11 0 14 4 1 8 7 5 3 13 9 6 12 
261,2.07247e-06,2.57077e-06,1.90802e-06,50,100,100,388988,10 2 11 0 14 4 1 8 7 5 3 13 9 6 12 
262,2.07868e-06,2.57077e-06,1.94022e-06,50,100,100,388988,10 2 11 0 14 4 1 8 7 5 3 13 9 6 12 
263,2.06604e-06,2.57077e-06,1.91612e-06,50,100,100,388988,10 2 11 0 14 4 1 8 7 5 3 13 9 6 12 
264,2.07524e-06,2.57077e-06,1.9249e-06,50,100,100,388988,10 2 11 0 14 4 1 8 7 5 3 13 9 6 12 
265,2.07698e-06,2.57077e-06,1.93203e-06,50,100,100,388988,10 2 11 0 14 4 1 8 7 5 3 13 9 6 12 
266,2.07914e-06,2.57077e-06,1.89629e-06,50,100,100,388988,10 2 11 0 14 4 1 8 7 5 3 13 9 6 12 
267,2.07082e-06,2.57077e-06,1.90464e-06,50,100,100,388988,10 2 11 0 14 4 1 8 7 5 3 13 9 6 12 
268,2.07528e-06,2.57077e-06,1.91982e-06,50,100,100,388988,10 2 11 0 14 4 1 8 7 5 3 13 9 6 12 
269,2.05382e-06,2.57077e-06,1.9108e-06,50,100,100,388988,10 2 11 0 14 4 1 8 7 5 3 13 9 6 12 
270,2.07207e-06,2.57077e-06,1.94975e-06,50,100,100,388988,10 2 11 0 14 4 1 8 7 5 3 13 9 6 12 
271,2.06285e-06,2.57077e-06,1.89839e-06,50,100,100,388988,10 2 11 0 14 4 1 8 7 5 3 13 9 6 12 
272,2.0587e-06,2.57077e-06,1.91737e-06,50,100,100,388988,10 2 11 0 14 4 1 8 7 5 3 13 9 6 12 
273,2.0698e-06,2.57077e-06,1.92275e-06,50,100,100,388988,10 2 11 0 14 4 1 8 7 5 3 13 9 6 12 
274,2.07036e-06,2.57077e-06,1.86411e-06,50,100,100,388988,10 2 11 0 14 4 1 8 7 5 3 13 9 6 12 
275,2.07106e-06,2.57077e-06,1.91661e-06,50,100,100,388988,10 2 11 0 14 4 1 8 7 5 3 13 9 6 12 
276,2.06611e-06,2.57077e-06,1.89969e-06,50,100,100,388988,10 2 11 0 14 4 1 8 7 5 3 13 9 6 12 
277,2.0553e-06,2.57077e-06,1.90809e-06,50,100,100,388988,10 2 11 0 14 4 1 8 7 5 3 13 9 6 12 
278,2.06641e-06,2.57077e-06,1.92791e-06,50,100,100,388988,10 2 11 0 14 4 1 8 7 5 3 13 9 6 12 
279,2.06577e-06,2.57077e-06,1.91114e-06,50,100,100,388988,10 2 11 0 14 4 1 8 7 5 3 13 9 6 12 
280,2.06801e-06,2.57077e-06,1.88756e-06,50,100,100,388988,10 2 11 0 14 4 1 8 7 5 3 13 9 6 12 
281,2.0601e-06,2.57077e-06,1.89927e-06,50,100,100,388988,10 2 11 0 14 4 1 8 7 5 3 13 9 6 12 
282,2.07452e-06,2.57077e-06,1.89633e-06,50,100,100,388988,10 2 11 0 14 4 1 8 7 5 3 13 9 6 12 
283,2.07356e-06,2.57077e-06,1.89904e-06,50,100,100,388988,10 2 11 0 14 4 1 8 7 5 3 13 9 6 12 
284,2.08183e-06,2.57077e-06,1.90633e-06,50,100,100,388988,10 2 11 0 14 4 1 8 7 5 3 13 9 6 12 
285,2.07834e-06,2.57077e-06,1.9254e-06,50,100,100,388988,10 2 11 0 14 4 1 8 7 5 3 13 9 6 12 
286,2.08889e-06,2.57077e-06,1.89475e-06,50,100,100,388988,10 2 11 0 14 4 1 8 7 5 3 13 9 6 12 
287,2.09664e-06,2.57077e-06,1.90018e-06,50,100,100,388988,10 2 11 0 14 4 1 8 7 5 3 13 9 6 12 
288,2.09233e-06,2.57077e-06,1.88676e-06,50,100,100,388988,10 2 11 0 14 4 1 8 7 5 3 13 9 6 12 
289,2.09389e-06,2.57077e-06,1.93896e-06,50,100,100,388988,10 2 11 0 14 4 1 8 7 5 3 13 9 6 12 
290,2.08758e-06,2.57077e-06,1.89587e-06,50,100,100,388988,10 2 11 0 14 4 1 8 7 5 3 13 9 6 12 
291,2.0806e-06,2.57077e-06,1.91902e-06,50,100,100,388988,10 2 11 0 14 4 1 8 7 5 3 13 9 6 12 
292,2.06159e-06,2.57077e-06,1.92555e-06,50,100,100,388988,10 2 11 0 14 4 1 8 7 5 3 13 9 6 12 
293,2.06969e-06,2.57077e-06,1.92851e-06,50,100,100,388988,10 2 11 0 14 4 1 8 7 5 3 13 9 6 12 
294,2.05411e-06,2.57077e-06,1.91105e-06,50,100,100,388988,10 2 11 0 14 4 1 8 7 5 3 13 9 6 12 
295,2.06873e-06,2.57077e-06,1.90333e-06,50,100,100,388988,10 2 11 0 14 4 1 8 7 5 3 13 9 6 12 
296,2.07208e-06,2.57077e-06,1.92312e-06,50,100,100,388988,10 2 11 0 14 4 1 8 7 5 3 13 9 6 12 
297,2.09133e-06,2.57077e-06,1.90882e-06,50,100,100,388988,10 2 11 0 14 4 1 8 7 5 3 13 9 6 12 
298,2.07928e-06,2.57077e-06,1.90023e-06,50,100,100,388988,10 2 11 0 14 4 1 8 7 5 3 13 9 6 12 
299,2.08359e-06,2.57077e-06,1.91615e-06,50,100,100,388988,10 2 11 0 14 4 1 8 7 5 3 13 9 6 12 
300,2.08728e-06,2.57077e-06,1.89224e-06,50,100,100,388988,10 2 11 0 14 4 1 8 7 5 3 13 9 6 12 
301,2.09152e-06,2.57077e-06,1.91243e-06,50,100,100,388988,10 2 11 0 14 4 1 8 7 5 3 13 9 6 12 
302,2.09056e-06,2.57077e-06,1.94226e-06,50,100,100,388988,10 2 11 0 14 4 1 8 7 5 3 13 9 6 12 
303,2.09893e-06,2.57077e-06,1.92175e-06,50,100,100,388988,10 2 11 0 14 4 1 8 7 5 3 13 9 6 12 
304,2.1054e-06,2.57077e-06,1.90623e-06,50,100,100,388988,10 2 11 0 14 4 1 8 7 5 3 13 9 6 12 
305,2.08889e-06,2.57077e-06,1.92818e-06,50,100,100,388988,10 2 11 0 14 4 1 8 7 5 3 13 9 6 12 
306,2.07976e-06,2.57077e-06,1.92643e-06,50,100,100,388988,10 2 11 0 14 4 1 8 7 5 3 13 9 6 12 
307,2.06688e-06,2.57077e-06,1.94654e-06,50,100,100,388988,10 2 11 0 14 4 1 8 7 5 3 13 9 6 12 
308,2.08249e-06,2.57077e-06,1.93516e-06,50,100,100,388988,10 2 11 0 14 4 1 8 7 5 3 13 9 6 12 
309,2.07588e-06,2.57077e-06,1.85271e-06,50,100,100,388988,10 2 11 0 14 4 1 8 7 5 3 13 9 6 12 
310,2.08252e-06,2.57077e-06,1.90284e-06,50,100,100,388988,10 2 11 0 14 4 1 8 7 5 3 13 9 6 12 
311,2.09766e-06,2.57077e-06,1.92712e-06,50,100,100,388988,10 2 11 0 14 4 1 8 7 5 3 13 9 6 12 
312,2.09087e-06,2.57077e-06,1.93716e-06,50,100,100,388988,10 2 11 0 14 4 1 8 7 5 3 13 9 6 12 
313,2.0956e-06,2.57077e-06,1.95523e-06,50,100,100,388988,10 2 11 0 14 4 1 8 7 5 3 13 9 6 12 
314,2.09115e-06,2.57077e-06,1.95461e-06,50,100,100,388988,10 2 11 0 14 4 1 8 7 5 3 13 9 6 12 
315,2.10043e-06,2.57077e-06,1.93002e-06,50,100,100,388988,10 2 11 0 14 4 1 8 7 5 3 13 9 6 12 
316,2.10994e-06,2.57077e-06,1.94924e-06,50,100,100,388988,10 2 11 0 14 4 1 8 7 5 3 13 9 6 12 
317,2.10931e-06,2.57077e-06,1.93274e-06,50,100,100,388988,10 2 11 0 14 4 1 8 7 5 3 13 9 6 12 
318,2.11516e-06,2.57077e-06,1.93884e-06,50,100,100,388988,10 2 11 0 14 4 1 8 7 5 3 13 9 6 12 
319,2.12193e-06,2.57077e-06,1.93157e-06,50,100,100,388988,10 2 11 0 14 4 1 8 7 5 3 13 9 6 12 
320,2.10513e-06,2.57077e-06,1.94475e-06,50,100,100,388988,10 2 11 0 14 4 1 8 7 5 3 13 9 6 12 
321,2.10492e-06,2.57077e-06,1.94325e-06,50,100,100,388988,10 2 11 0 14 4 1 8 7 5 3 13 9 6 12 
322,2.10811e-06,2.57077e-06,1.89608e-06,50,100,100,388988,10 2 11 0 14 4 1 8 7 5 3 13 9 6 12 
323,2.11382e-06,2.57077e-06,1.9361e-06,50,100,100,388988,10 2 11 0 14 4 1 8 7 5 3 13 9 6 12 
324,2.12331e-06,2.57077e-06,1.94576e-06,50,100,100,388988,10 2 11 0 14 4 1 8 7 5 3 13 9 6 12 
325,2.12097e-06,2.57077e-06,1.95453e-06,50,100,100,388988,10 2 11 0 14 4 1 8 7 5 3 13 9 6 12 
326,2.11648e-06,2.57077e-06,1.94257e-06,50,100,100,388988,10 2 11 0 14 4 1 8 7 5 3 13 9 6 12 
327,2.09452e-06,2.57077e-06,1.90396e-06,50,100,100,388988,10 2 11 0 14 4 1 8 7 5 3 13 9 6 12 
328,2.1125e-06,2.57077e-06,1.94205e-06,50,100,100,388988,10 2 11 0 14 4 1 8 7 5 3 13 9 6 12 
329,2.1128e-06,2.57077e-06,1.93029e-06,50,100,100,388988,10 2 11 0 14 4 1 8 7 5 3 13 9 6 12 
330,2.12654e-06,2.57077e-06,1.96352e-06,50,100,100,388988,10 2 11 0 14 4 1 8 7 5 3 13 9 6 12 
331,2.10898e-06,2.57077e-06,1.92603e-06,50,100,100,388988,10 2 11 0 14 4 1 8 7 5 3 13 9 6 12 
332,2.12011e-06,2.57077e-06,1.96571e-06,50,100,100,388988,10 2 11 0 14 4 1 8 7 5 3 13 9 6 12 
333,2.11979e-06,2.57077e-06,1.93614e-06,50,100,100,388988,10 2 11 0 14 4 1 8 7 5 3 13 9 6 12 
334,2.10581e-06,2.57077e-06,1.86816e-06,50,100,100,388988,10 2 11 0 14 4 1 8 7 5 3 13 9 6 12 
335,2.10192e-06,2.57077e-06,1.91162e-06,50,100,100,388988,10 2 11 0 14 4 1 8 7 5 3 13 9 6 12 
336,2.12123e-06,2.57077e-06,1.95575e-06,50,100,100,388988,10 2 11 0 14 4 1 8 7 5 3 13 9 6 12 
337,2.11168e-06,2.57077e-06,1.93977e-06,50,100,100,388988,10 2 11 0 14 4 1 8 7 5 3 13 9 6 12 
338,2.09028e-06,2.57077e-06,1.93463e-06,50,100,100,388988,10 2 11 0 14 4 1 8 7 5 3 13 9 6 12 
339,2.09175e-06,2.57077e-06,1.935e-06,50,100,100,388988,10 2 11 0 14 4 1 8 7 5 3 13 9 6 12 
340,2.09671e-06,2.57077e-06,1.91386e-06,50,100,100,388988,10 2 11 0 14 4 1 8 7 5 3 13 9 6 12 
341,2.11254e-06,2.57077e-06,1.93833e-06,50,100,100,388988,10 2 11 0 14 4 1 8 7 5 3 13 9 6 12 
342,2.12441e-06,2.57077e-06,1.91755e-06,50,100,100,388988,10 2 11 0 14 4 1 8 7 5 3 13 9 6 12 
343,2.12594e-06,2.57077e-06,1.94866e-06,50,100,100,388988,10 2 11 0 14 4 1 8 7 5 3 13 9 6 12 
344,2.12636e-06,2.57077e-06,1.94944e-06,50,100,100,388988,10 2 11 0 14 4 1 8 7 5 3 13 9 6 12 
345,2.12117e-06,2.57077e-06,1.9614e-06,50,100,100,388988,10 2 11 0 14 4 1 8 7 5 3 13 9 6 12 
346,2.12316e-06,2.57077e-06,1.90244e-06,50,100,100,388988,10 2 11 0 14 4 1 8 7 5 3 13 9 6 12 
347,2.14078e-06,2.57077e-06,1.96993e-06,50,100,100,388988,10 2 11 0 14 4 1 8 7 5 3 13 9 6 12 
348,2.13739e-06,2.57077e-06,1.95446e-06,50,100,100,388988,10 2 11 0 14 4 1 8 7 5 3 13 9 6 12 
349,2.13896e-06,2.57077e-06,1.91166e-06,50,100,100,388988,10 2 11 0 14 4 1 8 7 5 3 13 9 6 12 
350,2.13079e-06,2.57077e-06,1.96896e-06,50,100,100,388988,10 2 11 0 14 4 1 8 7 5 3 13 9 6 12 
351,2.12582e-06,2.57077e-06,1.95771e-06,50,100,100,388988,10 2 11 0 14 4 1 8 7 5 3 13 9 6 12 
352,2.11693e-06,2.57077e-06,1.9225e-06,50,100,100,388988,10 2 11 0 14 4 1 8 7 5 3 13 9 6 12 
353,2.12293e-06,2.57077e-06,1.92431e-06,50,100,100,388988,10 2 11 0 14 4 1 8 7 5 3 13 9 6 12 
354,2.10277e-06,2.57077e-06,1.8949e-06,50,100,100,388988,10 2 11 0 14 4 1 8 7 5 3 13 9 6 12 
355,2.115e-06,2.57077e-06,1.94328e-06,50,100,100,388988,10 2 11 0 14 4 1 8 7 5 3 13 9 6 12 
356,2.11842e-06,2.57077e-06,1.94953e-06,50,100,100,388988,10 2 11 0 14 4 1 8 7 5 3 13 9 6 12 
357,2.11314e-06,2.57077e-06,1.92033e-06,50,100,100,388988,10 2 11 0 14 4 1 8 7 5 3 13 9 6 12 
358,2.12171e-06,2.57077e-06,1.95827e-06,50,100,100,388988,10 2 11 0 14 4 1 8 7 5 3 13 9 6 12 
359,2.11707e-06,2.57077e-06,1.95434e-06,50,100,100,388988,10 2 11 0 14 4 1 8 7 5 3 13 9 6 12 
360,2.09067e-06,2.57077e-06,1.90135e-06,50,100,100,388988,10 2 11 0 14 4 1 8 7 5 3 13 9 6 12 
361,2.10107e-06,2.57077e-06,1.90628e-06,50,100,100,388988,10 2 11 0 14 4 1 8 7 5 3 13 9 6 12 
362,2.10247e-06,2.57077e-06,1.8999e-06,50,100,100,388988,10 2 11 0 14 4 1 8 7 5 3 13 9 6 12 
363,2.10618e-06,2.57077e-06,1.92748e-06,50,100,100,388988,10 2 11 0 14 4 1 8 7 5 3 13 9 6 12 
364,2.10734e-06,2.57077e-06,1.94909e-06,50,100,100,388988,10 2 11 0 14 4 1 8 7 5 3 13 9 6 12 
365,2.12249e-06,2.57077e-06,1.91e-06,50,100,100,388988,10 2 11 0 14 4 1 8 7 5 3 13 9 6 12 
366,2.11037e-06,2.57077e-06,1.93001e-06,50,100,100,388988,10 2 11 0 14 4 1 8 7 5 3 13 9 6 12 
367,2.1045e-06,2.57077e-06,1.92864e-06,50,100,100,388988,10 2 11 0 14 4 1 8 7 5 3 13 9 6 12 
368,2.09453e-06,2.57077e-06,1.92908e-06,50,100,100,388988,10 2 11 0 14 4 1 8 7 5 3 13 9 6 12 
369,2.1024e-06,2.57077e-06,1.95802e-06,50,100,100,388988,10 2 11 0 14 4 1 8 7 5 3 13 9 6 12 
370,2.11193e-06,2.57077e-06,1.94513e-06,50,100,100,388988,10 2 11 0 14 4 1 8 7 5 3 13 9 6 12 
371,2.10399e-06,2.57077e-06,1.91009e-06,50,100,100,388988,10 2 11 0 14 4 1 8 7 5 3 13 9 6 12 
372,2.10845e-06,2.57077e-06,1.95311e-06,50,100,100,388988,10 2 11 0 14 4 1 8 7 5 3 13 9 6 12 
373,2.12564e-06,2.57077e-06,1.94956e-06,50,100,100,388988,10 2 11 0 14 4 1 8 7 5 3 13 9 6 12 
374,2.1322e-06,2.57077e-06,1.94054e-06,50,100,100,388988,10 2 11 0 14 4 1 8 7 5 3 13 9 6 12 
375,2.12162e-06,2.57077e-06,1.92025e-06,50,100,100,388988,10 2 11 0 14 4 1 8 7 5 3 13 9 6 12 
376,2.11996e-06,2.57077e-06,1.95979e-06,50,100,100,388988,10 2 11 0 14 4 1 8 7 5 3 13 9 6 12 
377,2.12359e-06,2.57077e-06,1.90164e-06,50,100,100,388988,10 2 11 0 14 4 1 8 7 5 3 13 9 6 12 
378,2.12251e-06,2.57077e-06,1.94175e-06,50,100,100,388988,10 2 11 0 14 4 1 8 7 5 3 13 9 6 12 
379,2.13705e-06,2.57077e-06,1.90793e-06,50,100,100,388988,10 2 11 0 14 4 1 8 7 5 3 13 9 6 12 
380,2.12941e-06,2.57077e-06,1.96404e-06,50,100,100,388988,10 2 11 0 14 4 1 8 7 5 3 13 9 6 12 
381,2.11897e-06,2.57077e-06,1.91181e-06,50,100,100,388988,10 2 11 0 14 4 1 8 7 5 3 13 9 6 12 
382,2.13364e-06,2.57077e-06,1.92905e-06,50,100,100,388988,10 2 11 0 14 4 1 8 7 5 3 13 9 6 12 
383,2.133e-06,2.57077e-06,1.95622e-06,50,100,100,388988,10 2 11 0 14 4 1 8 7 5 3 13 9 6 12 
384,2.14573e-06,2.57077e-06,1.95567e-06,50,100,100,388988,10 2 11 0 14 4 1 8 7 5 3 13 9 6 12 
385,2.15103e-06,2.57077e-06,1.91915e-06,50,100,100,388988,10 2 11 0 14 4 1 8 7 5 3 13 9 6 12 
386,2.14527e-06,2.57077e-06,1.96916e-06,50,100,100,388988,10 2 11 0 14 4 1 8 7 5 3 13 9 6 12 
387,2.1629e-06,2.57077e-06,1.94016e-06,50,100,100,388988,10 2 11 0 14 4 1 8 7 5 3 13 9 6 12 
388,2.14556e-06,2.57077e-06,1.94455e-06,50,100,100,388988,10 2 11 0 14 4 1 8 7 5 3 13 9 6 12 
389,2.14405e-06,2.57077e-06,1.94557e-06,50,100,100,388988,10 2 11 0 14 4 1 8 7 5 3 13 9 6 12 
390,2.14017e-06,2.57077e-06,1.94343e-06,50,100,100,388988,10 2 11 0 14 4 1 8 7 5 3 13 9 6 12 
391,2.13086e-06,2.57077e-06,1.9281e-06,50,100,100,388988,10 2 11 0 14 4 1 8 7 5 3 13 9 6 12 
392,2.12559e-06,2.57077e-06,1.87261e-06,50,100,100,388988,10 2 11 0 14 4 1 8 7 5 3 13 9 6 12 
393,2.13892e-06,2.57077e-06,1.97705e-06,50,100,100,388988,10 2 11 0 14 4 1 8 7 5 3 13 9 6 12 
394,2.13025e-06,2.57077e-06,1.97266e-06,50,100,100,388988,10 2 11 0 14 4 1 8 7 5 3 13 9 6 12 
395,2.15241e-06,2.57077e-06,1.97336e-06,50,100,100,388988,10 2 11 0 14 4 1 8 7 5 3 13 9 6 12 
396,2.16012e-06,2.57077e-06,1.96486e-06,50,100,100,388988,10 2 11 0 14 4 1 8 7 5 3 13 9 6 12 
397,2.17479e-06,2.57077e-06,1.94887e-06,50,100,100,388988,10 2 11 0 14 4 1 8 7 5 3 13 9 6 12 
398,2.17747e-06,2.57077e-06,2.00875e-06,50,100,100,388988,10 2 11 0 14 4 1 8 7 5 3 13 9 6 12 
399,2.17887e-06,2.57077e-06,1.9931e-06,50,100,100,388988,10 2 11 0 14 4 1 8 7 5 3 13 9 6 12 
400,2.16519e-06,2.57077e-06,1.93736e-06,50,100,100,388988,10 2 11 0 14 4 1 8 7 5 3 13 9 6 12 
401,2.17241e-06,2.57077e-06,1.94411e-06,50,100,100,388988,10 2 11 0 14 4 1 8 7 5 3 13 9 6 12 
402,2.18739e-06,2.57077e-06,1.96103e-06,50,100,100,388988,10 2 11 0 14 4 1 8 7 5 3 13 9 6 12 
403,2.17966e-06,2.57077e-06,1.9773e-06,50,100,100,388988,10 2 11 0 14 4 1 8 7 5 3 13 9 6 12 
404,2.17171e-06,2.57077e-06,1.91834e-06,50,100,100,388988,10 2 11 0 14 4 1 8 7 5 3 13 9 6 12 
405,2.19431e-06,2.57077e-06,1.95311e-06,50,100,100,388988,10 2 11 0 14 4 1 8 7 5 3 13 9 6 12 
406,2.18316e-06,2.57077e-06,1.99601e-06,50,100,100,388988,10 2 11 0 14 4 1 8 7 5 3 13 9 6 12 
407,2.19307e-06,2.57077e-06,1.98971e-06,50,100,100,388988,10 2 11 0 14 4 1 8 7 5 3 13 9 6 12 
408,2.18517e-06,2.57077e-06,1.93746e-06,50,100,100,388988,10 2 11 0 14 4 1 8 7 5 3 13 9 6 12 
409,2.18944e-06,2.57077e-06,1.94883e-06,50,100,100,388988,10 2 11 0 14 4 1 8 7 5 3 13 9 6 12 
410,2.17638e-06,2.57077e-06,1.93506e-06,50,100,100,388988,10 2 11 0 14 4 1 8 7 5 3 13 9 6 12 
411,2.1798e-06,2.57077e-06,1.97098e-06,50,100,100,388988,10 2 11 0 14 4 1 8 7 5 3 13 9 6 12 
412,2.16523e-06,2.57077e-06,1.96721e-06,50,100,100,388988,10 2 11 0 14 4 1 8 7 5 3 13 9 6 12 
413,2.18981e-06,2.57077e-06,1.92584e-06,50,100,100,388988,10 2 11 0 14 4 1 8 7 5 3 13 9 6 12 
414,2.19298e-06,2.57077e-06,2.00802e-06,50,100,100,388988,10 2 11 0 14 4 1 8 7 5 3 13 9 6 12 
415,2.20197e-06,2.57077e-06,2.00078e-06,50,100,100,388988,10 2 11 0 14 4 1 8 7 5 3 13 9 6 12 
416,2.18346e-06,2.57077e-06,1.92703e-06,50,100,100,388988,10 2 11 0 14 4 1 8 7 5 3 13 9 6 12 
417,2.18874e-06,2.57077e-06,1.98134e-06,50,100,100,388988,10 2 11 0 14 4 1 8 7 5 3 13 9 6 12 
418,2.20117e-06,2.57077e-06,1.97141e-06,50,100,100,388988,10 2 11 0 14 4 1 8 7 5 3 13 9 6 12 
419,2.18985e-06,2.57077e-06,1.93465e-06,50,100,100,388988,10 2 11 0 14 4 1 8 7 5 3 13 9 6 12 
420,2.20532e-06,2.57077e-06,1.93498e-06,50,100,100,388988,10 2 11 0 14 4 1 8 7 5 3 13 9 6 12 
421,2.22623e-06,2.57077e-06,1.99378e-06,50,100,100,388988,10 2 11 0 14 4 1 8 7 5 3 13 9 6 12 
422,2.19671e-06,2.57077e-06,1.9723e-06,50,100,100,388988,10 2 11 0 14 4 1 8 7 5 3 13 9 6 12 
423,2.21802e-06,2.57077e-06,1.96999e-06,50,100,100,388988,10 2 11 0 14 4 1 8 7 5 3 13 9 6 12 
424,2.19004e-06,2.57077e-06,1.94568e-06,50,100,100,388988,10 2 11 0 14 4 1 8 7 5 3 13 9 6 12 
425,2.19962e-06,2.57077e-06,1.92506e-06,50,100,100,388988,10 2 11 0 14 4 1 8 7 5 3 13 9 6 12 
426,2.20968e-06,2.57077e-06,1.92639e-06,50,100,100,388988,10 2 11 0 14 4 1 8 7 5 3 13 9 6 12 
427,2.21503e-06,2.57077e-06,1.95344e-06,50,100,100,388988,10 2 11 0 14 4 1 8 7 5 3 13 9 6 12 
428,2.22993e-06,2.57077e-06,1.9448e-06,50,100,100,388988,10 2 11 0 14 4 1 8 7 5 3 13 9 6 12 
429,2.21111e-06,2.57077e-06,1.99047e-06,50,100,100,388988,10 2 11 0 14 4 1 8 7 5 3 13 9 6 12 
430,2.17922e-06,2.57077e-06,1.92466e-06,50,100,100,388988,10 2 11 0 14 4 1 8 7 5 3 13 9 6 12 
431,2.1885e-06,2.57077e-06,1.95653e-06,50,100,100,388988,10 2 11 0 14 4 1 8 7 5 3 13 9 6 12 
432,2.17534e-06,2.57077e-06,1.9807e-06,50,100,100,388988,10 2 11 0 14 4 1 8 7 5 3 13 9 6 12 
433,2.1896e-06,2.57077e-06,1.96031e-06,50,100,100,388988,10 2 11 0 14 4 1 8 7 5 3 13 9 6 12 
434,2.17993e-06,2.57077e-06,1.93866e-06,50,100,100,388988,10 2 11 0 14 4 1 8 7 5 3 13 9 6 12 
435,2.1817e-06,2.57077e-06,1.92136e-06,50,100,100,388988,10 2 11 0 14 4 1 8 7 5 3 13 9 6 12 
436,2.19122e-06,2.57077e-06,1.96524e-06,50,100,100,388988,10 2 11 0 14 4 1 8 7 5 3 13 9 6 12 
437,2.20647e-06,2.57077e-06,1.89772e-06,50,100,100,388988,10 2 11 0 14 4 1 8 7 5 3 13 9 6 12 
438,2.23458e-06,2.57077e-06,1.98842e-06,50,100,100,388988,10 2 11 0 14 4 1 8 7 5 3 13 9 6 12 
439,2.24692e-06,2.57077e-06,1.95534e-06,50,100,100,388988,10 2 11 0 14 4 1 8 7 5 3 13 9 6 12 
440,2.22317e-06,2.57077e-06,2.01265e-06,50,100,100,388988,10 2 11 0 14 4 1 8 7 5 3 13 9 6 12 
441,2.19468e-06,2.57077e-06,1.93616e-06,50,100,100,388988,10 2 11 0 14 4 1 8 7 5 3 13 9 6 12 
442,2.2097e-06,2.57077e-06,1.95031e-06,50,100,100,388988,10 2 11 0 14 4 1 8 7 5 3 13 9 6 12 
443,2.20312e-06,2.57077e-06,1.93861e-06,50,100,100,388988,10 2 11 0 14 4 1 8 7 5 3 13 9 6 12 
444,2.21893e-06,2.57077e-06,1.93976e-06,50,100,100,388988,10 2 11 0 14 4 1 8 7 5 3 13 9 6 12 
445,2.23888e-06,2.57077e-06,1.94513e-06,50,100,100,388988,10 2 11 0 14 4 1 8 7 5 3 13 9 6 12 
446,2.23228e-06,2.57077e-06,1.98931e-06,50,100,100,388988,10 2 11 0 14 4 1 8 7 5 3 13 9 6 12 
447,2.25635e-06,2.57077e-06,1.99514e-06,50,100,100,388988,10 2 11 0 14 4 1 8 7 5 3 13 9 6 12 
448,2.2388e-06,2.57077e-06,1.97657e-06,50,100,100,388988,10 2 11 0 14 4 1 8 7 5 3 13 9 6 12 
449,2.24278e-06,2.57077e-06,1.96264e-06,50,100,100,388988,10 2 11 0 14 4 1 8 7 5 3 13 9 6 12 
450,2.2237e-06,2.57077e-06,1.95739e-06,50,100,100,388988,10 2 11 0 14 4 1 8 7 5 3 13 9 6 12 
451,2.20329e-06,2.57077e-06,1.92208e-06,50,100,100,388988,10 2 11 0 14 4 1 8 7 5 3 13 9 6 12 
452,2.22228e-06,2.57077e-06,1.92878e-06,50,100,100,388988,10 2 11 0 14 4 1 8 7 5 3 13 9 6 12 
453,2.23742e-06,2.57077e-06,1.96137e-06,50,100,100,388988,10 2 11 0 14 4 1 8 7 5 3 13 9 6 12 
454,2.22674e-06,2.57077e-06,1.92361e-06,50,100,100,388988,10 2 11 0 14 4 1 8 7 5 3 13 9 6 12 
455,2.23262e-06,2.57077e-06,1.96073e-06,50,100,100,388988,10 2 11 0 14 4 1 8 7 5 3 13 9 6 12 
456,2.22962e-06,2.57077e-06,1.96007e-06,50,100,100,388988,10 2 11 0 14 4 1 8 7 5 3 13 9 6 12 
457,2.21194e-06,2.57077e-06,1.93918e-06,50,100,100,388988,10 2 11 0 14 4 1 8 7 5 3 13 9 6 12 
458,2.22098e-06,2.57077e-06,1.98579e-06,50,100,100,388988,10 2 11 0 14 4 1 8 7 5 3 13 9 6 12 
459,2.20193e-06,2.57077e-06,1.95319e-06,50,100,100,388988,10 2 11 0 14 4 1 8 7 5 3 13 9 6 12 
460,2.21529e-06,2.57077e-06,1.98825e-06,50,100,100,388988,10 2 11 0 14 4 1 8 7 5 3 13 9 6 12 
461,2.21013e-06,2.57077e-06,1.96115e-06,50,100,100,388988,10 2 11 0 14 4 1 8 7 5 3 13 9 6 12 
462,2.20923e-06,2.57077e-06,1.97631e-06,50,100,100,388988,10 2 11 0 14 4 1 8 7 5 3 13 9 6 12 
463,2.22907e-06,2.57077e-06,1.96307e-06,50,100,100,388988,10 2 11 0 14 4 1 8 7 5 3 13 9 6 12 
464,2.20573e-06,2.57077e-06,1.94031e-06,50,100,100,388988,10 2 11 0 14 4 1 8 7 5 3 13 9 6 12 
465,2.22473e-06,2.57077e-06,1.96992e-06,50,100,100,388988,10 2 11 0 14 4 1 8 7 5 3 13 9 6 12 
466,2.22471e-06,2.57077e-06,1.97926e-06,50,100,100,388988,10 2 11 0 14 4 1 8 7 5 3 13 9 6 12 
467,2.23197e-06,2.57077e-06,1.98718e-06,50,100,100,388988,10 2 11 0 14 4 1 8 7 5 3 13 9 6 12 
468,2.23553e-06,2.57077e-06,1.90775e-06,50,100,100,388988,10 2 11 0 14 4 1 8 7 5 3 13 9 6 12 
469,2.25026e-06,2.57077e-06,1.98106e-06,50,100,100,388988,10 2 11 0 14 4 1 8 7 5 3 13 9 6 12 
470,2.23332e-06,2.57077e-06,1.97185e-06,50,100,100,388988,10 2 11 0 14 4 1 8 7 5 3 13 9 6 12 
471,2.25288e-06,2.57077e-06,1.99813e-06,50,100,100,388988,10 2 11 0 14 4 1 8 7 5 3 13 9 6 12 
472,2.25129e-06,2.57077e-06,1.95052e-06,50,100,100,388988,10 2 11 0 14 4 1 8 7 5 3 13 9 6 12 
473,2.27241e-06,2.57077e-06,1.99483e-06,50,100,100,388988,10 2 11 0 14 4 1 8 7 5 3 13 9 6 12 
474,2.25936e-06,2.57077e-06,1.95482e-06,50,100,100,388988,10 2 11 0 14 4 1 8 7 5 3 13 9 6 12 
475,2.26758e-06,2.57077e-06,1.96696e-06,50,100,100,388988,10 2 11 0 14 4 1 8 7 5 3 13 9 6 12 
476,2.27263e-06,2.57077e-06,1.97419e-06,50,100,100,388988,10 2 11 0 14 4 1 8 7 5 3 13 9 6 12 
477,2.28121e-06,2.57077e-06,1.99938e-06,50,100,100,388988,10 2 11 0 14 4 1 8 7 5 3 13 9 6 12 
478,2.25733e-06,2.57077e-06,2.01309e-06,50,100,100,388988,10 2 11 0 14 4 1 8 7 5 3 13 9 6 12 
479,2.26073e-06,2.57077e-06,1.9626e-06,50,100,100,388988,10 2 11 0 14 4 1 8 7 5 3 13 9 6 12 
480,2.27765e-06,2.57077e-06,2.00187e-06,50,100,100,388988,10 2 11 0 14 4 1 8 7 5 3 13 9 6 12 
481,2.26548e-06,2.57077e-06,1.91789e-06,50,100,100,388988,10 2 11 0 14 4 1 8 7 5 3 13 9 6 12 
482,2.28542e-06,2.57077e-06,1.98809e-06,50,100,100,388988,10 2 11 0 14 4 1 8 7 5 3 13 9 6 12 
483,2.23773e-06,2.57077e-06,2.00742e-06,50,100,100,388988,10 2 11 0 14 4 1 8 7 5 3 13 9 6 12 
484,2.24679e-06,2.57077e-06,1.95269e-06,50,100,100,388988,10 2 11 0 14 4 1 8 7 5 3 13 9 6 12 
485,2.23655e-06,2.57077e-06,1.95395e-06,50,100,100,388988,10 2 11 0 14 4 1 8 7 5 3 13 9 6 12 
486,2.25791e-06,2.57077e-06,1.93387e-06,50,100,100,388988,10 2 11 0 14 4 1 8 7 5 3 13 9 6 12 
487,2.28607e-06,2.57077e-06,2.00198e-06,50,100,100,388988,10 2 11 0 14 4 1 8 7 5 3 13 9 6 12 
488,2.25652e-06,2.57077e-06,1.98739e-06,50,100,100,388988,10 2 11 0 14 4 1 8 7 5 3 13 9 6 12 
489,2.24498e-06,2.57077e-06,1.97988e-06,50,100,100,388988,10 2 11 0 14 4 1 8 7 5 3 13 9 6 12 
490,2.27242e-06,2.57077e-06,1.93192e-06,50,100,100,388988,10 2 11 0 14 4 1 8 7 5 3 13 9 6 12 
491,2.26666e-06,2.57077e-06,1.95399e-06,50,100,100,388988,10 2 11 0 14 4 1 8 7 5 3 13 9 6 12 
492,2.26098e-06,2.57077e-06,1.95641e-06,50,100,100,388988,10 2 11 0 14 4 1 8 7 5 3 13 9 6 12 
493,2.238e-06,2.57077e-06,1.93967e-06,50,100,100,388988,10 2 11 0 14 4 1 8 7 5 3 13 9 6 12 
494,2.23523e-06,2.57077e-06,1.94162e-06,50,100,100,388988,10 2 11 0 14 4 1 8 7 5 3 13 9 6 12 
495,2.21259e-06,2.57077e-06,1.93038e-06,50,100,100,388988,10 2 11 0 14 4 1 8 7 5 3 13 9 6 12 
496,2.20392e-06,2.57077e-06,1.93376e-06,50,100,100,388988,10 2 11 0 14 4 1 8 7 5 3 13 9 6 12 
497,2.23116e-06,2.57077e-06,1.94545e-06,50,100,100,388988,10 2 11 0 14 4 1 8 7 5 3 13 9 6 12 
498,2.20407e-06,2.57077e-06,1.98875e-06,50,100,100,388988,10 2 11 0 14 4 1 8 7 5 3 13 9 6 12 
499,2.19202e-06,2.57077e-06,1.94783e-06,50,100,100,388988,10 2 11 0 14 4 1 8 7 5 3 13 9 6 12 
500,2.21137e-06,2.57077e-06,1.95746e-06,50,100,100,388988,10 2 11 0 14 4 1 8 7 5 3 13 9 6 12 
501,2.21692e-06,2.57077e-06,1.94896e-06,50,100,100,388988,10 2 11 0 14 4 1 8 7 5 3 13 9 6 12 
502,2.23624e-06,2.57077e-06,1.95929e-06,50,100,100,388988,10 2 11 0 14 4 1 8 7 5 3 13 9 6 12 
503,2.25065e-06,2.57077e-06,1.97591e-06,50,100,100,388988,10 2 11 0 14 4 1 8 7 5 3 13 9 6 12 
504,2.24692e-06,2.57077e-06,1.92747e-06,50,100,100,388988,10 2 11 0 14 4 1 8 7 5 3 13 9 6 12 
505,2.26816e-06,2.57077e-06,1.97169e-06,50,100,100,388988,10 2 11 0 14 4 1 8 7 5 3 13 9 6 12 
506,2.27121e-06,2.57077e-06,1.98423e-06,50,100,100,388988,10 2 11 0 14 4 1 8 7 5 3 13 9 6 12 
507,2.28528e-06,2.57077e-06,1.98742e-06,50,100,100,388988,10 2 11 0 14 4 1 8 7 5 3 13 9 6 12 
508,2.26135e-06,2.57077e-06,1.97347e-06,50,100,100,388988,10 2 11 0 14 4 1 8 7 5 3 13 9 6 12 
509,2.24449e-06,2.57077e-06,1.95224e-06,50,100,100,388988,10 2 11 0 14 4 1 8 7 5 3 13 9 6 12 
510,2.2474e-06,2.57077e-06,1.94421e-06,50,100,100,388988,10 2 11 0 14 4 1 8 7 5 3 13 9 6 12 
511,2.24406e-06,2.57077e-06,1.97796e-06,50,100,100,388988,10 2 11 0 14 4 1 8 7 5 3 13 9 6 12 
512,2.2692e-06,2.57077e-06,1.96318e-06,50,100,100,388988,10 2 11 0 14 4 1 8 7 5 3 13 9 6 12 
513,2.24786e-06,2.57077e-06,1.99304e-06,50,100,100,388988,10 2 11 0 14 4 1 8 7 5 3 13 9 6 12 
514,2.28046e-06,2.57077e-06,2.00757e-06,50,100,100,388988,10 2 11 0 14 4 1 8 7 5 3 13 9 6 12 
515,2.27361e-06,2.57077e-06,1.98704e-06,50,100,100,388988,10 2 11 0 14 4 1 8 7 5 3 13 9 6 12 
516,2.30259e-06,2.57077e-06,2.03386e-06,50,100,100,388988,10 2 11 0 14 4 1 8 7 5 3 13 9 6 12 
517,2.29664e-06,2.57077e-06,1.97173e-06,50,100,100,388988,10 2 11 0 14 4 1 8 7 5 3 13 9 6 12 
518,2.26569e-06,2.57077e-06,1.98476e-06,50,100,100,388988,10 2 11 0 14 4 1 8 7 5 3 13 9 6 12 
519,2.28337e-06,2.57077e-06,1.98638e-06,50,100,100,388988,10 2 11 0 14 4 1 8 7 5 3 13 9 6 12 
520,2.28697e-06,2.57077e-06,1.95114e-06,50,100,100,388988,10 2 11 0 14 4 1 8 7 5 3 13 9 6 12 
521,2.26794e-06,2.57077e-06,1.98119e-06,50,100,100,388988,10 2 11 0 14 4 1 8 7 5 3 13 9 6 12 
522,2.28876e-06,2.57077e-06,2.00804e-06,50,100,100,388988,10 2 11 0 14 4 1 8 7 5 3 13 9 6 12 
523,2.27183e-06,2.57077e-06,1.9971e-06,50,100,100,388988,10 2 11 0 14 4 1 8 7 5 3 13 9 6 12 
524,2.28777e-06,2.57077e-06,1.94579e-06,50,100,100,388988,10 2 11 0 14 4 1 8 7 5 3 13 9 6 12 
525,2.27917e-06,2.57077e-06,1.98511e-06,50,100,100,388988,10 2 11 0 14 4 1 8 7 5 3 13 9 6 12 
526,2.28666e-06,2.57077e-06,1.93994e-06,50,100,100,388988,10 2 11 0 14 4 1 8 7 5 3 13 9 6 12 
527,2.27595e-06,2.57077e-06,1.92757e-06,50,100,100,388988,10 2 11 0 14 4 1 8 7 5 3 13 9 6 12 
528,2.2451e-06,2.57077e-06,1.95664e-06,50,100,100,388988,10 2 11 0 14 4 1 8 7 5 3 13 9 6 12 
529,2.23052e-06,2.57077e-06,1.93841e-06,50,100,100,388988,10 2 11 0 14 4 1 8 7 5 3 13 9 6 12 
530,2.27043e-06,2.57077e-06,1.96084e-06,50,100,100,388988,10 2 11 0 14 4 1 8 7 5 3 13 9 6 12 
531,2.27335e-06,2.57077e-06,1.95302e-06,50,100,100,388988,10 2 11 0 14 4 1 8 7 5 3 13 9 6 12 
532,2.28612e-06,2.57077e-06,1.95306e-06,50,100,100,388988,10 2 11 0 14 4 1 8 7 5 3 13 9 6 12 
533,2.27351e-06,2.57077e-06,1.95929e-06,50,100,100,388988,10 2 11 0 14 4 1 8 7 5 3 13 9 6 12 
534,2.28184e-06,2.57077e-06,1.9744e-06,50,100,100,388988,10 2 11 0 14 4 1 8 7 5 3 13 9 6 12 
535,2.28981e-06,2.57077e-06,1.992e-06,50,100,100,388988,10 2 11 0 14 4 1 8 7 5 3 13 9 6 12 
536,2.30065e-06,2.57077e-06,1.97445e-06,50,100,100,388988,10 2 11 0 14 4 1 8 7 5 3 13 9 6 12 
537,2.31597e-06,2.57077e-06,1.98849e-06,50,100,100,388988,10 2 11 0 14 4 1 8 7 5 3 13 9 6 12 
538,2.31195e-06,2.57077e-06,2.00156e-06,50,100,100,388988,10 2 11 0 14 4 1 8 7 5 3 13 9 6 12 
539,2.27427e-06,2.57077e-06,1.95723e-06,50,100,100,388988,10 2 11 0 14 4 1 8 7 5 3 13 9 6 12 
540,2.26849e-06,2.57077e-06,2.00373e-06,50,100,100,388988,10 2 11 0 14 4 1 8 7 5 3 13 9 6 12 
541,2.27843e-06,2.57077e-06,1.97848e-06,50,100,100,388988,10 2 11 0 14 4 1 8 7 5 3 13 9 6 12 
542,2.26745e-06,2.57077e-06,1.98219e-06,50,100,100,388988,10 2 11 0 14 4 1 8 7 5 3 13 9 6 12 
543,2.25381e-06,2.57077e-06,1.90812e-06,50,100,100,388988,10 2 11 0 14 4 1 8 7 5 3 13 9 6 12 
544,2.26111e-06,2.57077e-06,1.96843e-06,50,100,100,388988,10 2 11 0 14 4 1 8 7 5 3 13 9 6 12 
545,2.26976e-06,2.57077e-06,1.96976e-06,50,100,100,388988,10 2 11 0 14 4 1 8 7 5 3 13 9 6 12 
546,2.25262e-06,2.57077e-06,1.98301e-06,50,100,100,388988,10 2 11 0 14 4 1 8 7 5 3 13 9 6 12 
547,2.23657e-06,2.57077e-06,1.99801e-06,50,100,100,388988,10 2 11 0 14 4 1 8 7 5 3 13 9 6 12 
548,2.25453e-06,2.57077e-06,1.91848e-06,50,100,100,388988,10 2 11 0 14 4 1 8 7 5 3 13 9 6 12 
549,2.24754e-06,2.57077e-06,1.9747e-06,50,100,100,388988,10 2 11 0 14 4 1 8 7 5 3 13 9 6 12 
550,2.23256e-06,2.57077e-06,1.95423e-06,50,100,100,388988,10 2 11 0 14 4 1 8 7 5 3 13 9 6 12 
551,2.26207e-06,2.57077e-06,1.97247e-06,50,100,100,388988,10 2 11 0 14 4 1 8 7 5 3 13 9 6 12 
552,2.26551e-06,2.57077e-06,1.96e-06,50,100,100,388988,10 2 11 0 14 4 1 8 7 5 3 13 9 6 12 
553,2.24764e-06,2.57077e-06,1.95994e-06,50,100,100,388988,10 2 11 0 14 4 1 8 7 5 3 13 9 6 12 
554,2.26026e-06,2.57077e-06,1.97548e-06,50,100,100,388988,10 2 11 0 14 4 1 8 7 5 3 13 9 6 12 
555,2.26732e-06,2.57077e-06,2.00484e-06,50,100,100,388988,10 2 11 0 14 4 1 8 7 5 3 13 9 6 12 
556,2.27286e-06,2.57077e-06,1.99968e-06,50,100,100,388988,10 2 11 0 14 4 1 8 7 5 3 13 9 6 12 
557,2.25894e-06,2.57077e-06,1.96492e-06,50,100,100,388988,10 2 11 0 14 4 1 8 7 5 3 13 9 6 12 
558,2.26179e-06,2.57077e-06,1.97027e-06,50,100,100,388988,10 2 11 0 14 4 1 8 7 5 3 13 9 6 12 
559,2.25852e-06,2.57077e-06,1.96988e-06,50,100,100,388988,10 2 11 0 14 4 1 8 7 5 3 13 9 6 12 
560,2.28066e-06,2.57077e-06,1.97326e-06,50,100,100,388988,10 2 11 0 14 4 1 8 7 5 3 13 9 6 12 
561,2.28754e-06,2.57077e-06,2.00419e-06,50,100,100,388988,10 2 11 0 14 4 1 8 7 5 3 13 9 6 12 
562,2.26963e-06,2.57077e-06,1.96828e-06,50,100,100,388988,10 2 11 0 14 4 1 8 7 5 3 13 9 6 12 
563,2.24789e-06,2.57077e-06,1.92652e-06,50,100,100,388988,10 2 11 0 14 4 1 8 7 5 3 13 9 6 12 
564,2.25628e-06,2.57077e-06,1.97751e-06,50,100,100,388988,10 2 11 0 14 4 1 8 7 5 3 13 9 6 12 
565,2.26929e-06,2.57077e-06,1.89979e-06,50,100,100,388988,10 2 11 0 14 4 1 8 7 5 3 13 9 6 12 
566,2.25585e-06,2.57077e-06,1.97094e-06,50,100,100,388988,10 2 11 0 14 4 1 8 7 5 3 13 9 6 12 
567,2.26295e-06,2.57077e-06,1.978e-06,50,100,100,388988,10 2 11 0 14 4 1 8 7 5 3 13 9 6 12 
568,2.26786e-06,2.57077e-06,1.94898e-06,50,100,100,388988,10 2 11 0 14 4 1 8 7 5 3 13 9 6 12 
569,2.25731e-06,2.57077e-06,1.96593e-06,50,100,100,388988,10 2 11 0 14 4 1 8 7 5 3 13 9 6 12 
570,2.27512e-06,2.57077e-06,1.99647e-06,50,100,100,388988,10 2 11 0 14 4 1 8 7 5 3 13 9 6 12 
571,2.27377e-06,2.57077e-06,1.9616e-06,50,100,100,388988,10 2 11 0 14 4 1 8 7 5 3 13 9 6 12 
572,2.2448e-06,2.57077e-06,1.92621e-06,50,100,100,388988,10 2 11 0 14 4 1 8 7 5 3 13 9 6 12 
573,2.26447e-06,2.57077e-06,1.98553e-06,50,100,100,388988,10 2 11 0 14 4 1 8 7 5 3 13 9 6 12 
574,2.27441e-06,2.57077e-06,1.96965e-06,50,100,100,388988,10 2 11 0 14 4 1 8 7 5 3 13 9 6 12 
575,2.24588e-06,2.57077e-06,1.9698e-06,50,100,100,388988,10 2 11 0 14 4 1 8 7 5 3 13 9 6 12 
576,2.20747e-06,2.57077e-06,1.94033e-06,50,100,100,388988,10 2 11 0 14 4 1 8 7 5 3 13 9 6 12 
577,2.2168e-06,2.57077e-06,1.9471e-06,50,100,100,388988,10 2 11 0 14 4 1 8 7 5 3 13 9 6 12 
578,2.24341e-06,2.57077e-06,1.98176e-06,50,100,100,388988,10 2 11 0 14 4 1 8 7 5 3 13 9 6 12 
579,2.23082e-06,2.57077e-06,1.99185e-06,50,100,100,388988,10 2 11 0 14 4 1 8 7 5 3 13 9 6 12 
580,2.24448e-06,2.57077e-06,1.92036e-06,50,100,100,388988,10 2 11 0 14 4 1 8 7 5 3 13 9 6 12 
581,2.24665e-06,2.57077e-06,1.94604e-06,50,100,100,388988,10 2 11 0 14 4 1 8 7 5 3 13 9 6 12 
582,2.25678e-06,2.57077e-06,1.97056e-06,50,100,100,388988,10 2 11 0 14 4 1 8 7 5 3 13 9 6 12 
583,2.26513e-06,2.57077e-06,1.96627e-06,50,100,100,388988,10 2 11 0 14 4 1 8 7 5 3 13 9 6 12 
584,2.27248e-06,2.57077e-06,1.98944e-06,50,100,100,388988,10 2 11 0 14 4 1 8 7 5 3 13 9 6 12 
585,2.26138e-06,2.57077e-06,1.97917e-06,50,100,100,388988,10 2 11 0 14 4 1 8 7 5 3 13 9 6 12 
586,2.28467e-06,2.57077e-06,1.98239e-06,50,100,100,388988,10 2 11 0 14 4 1 8 7 5 3 13 9 6 12 
587,2.25262e-06,2.57077e-06,1.91138e-06,50,100,100,388988,10 2 11 0 14 4 1 8 7 5 3 13 9 6 12 
588,2.26114e-06,2.57077e-06,1.9681e-06,50,100,100,388988,10 2 11 0 14 4 1 8 7 5 3 13 9 6 12 
589,2.26654e-06,2.57077e-06,1.96643e-06,50,100,100,388988,10 2 11 0 14 4 1 8 7 5 3 13 9 6 12 
590,2.2592e-06,2.57077e-06,1.97743e-06,50,100,100,388988,10 2 11 0 14 4 1 8 7 5 3 13 9 6 12 
591,2.27371e-06,2.57077e-06,1.98259e-06,50,100,100,388988,10 2 11 0 14 4 1 8 7 5 3 13 9 6 12 
592,2.25844e-06,2.57077e-06,1.97903e-06,50,100,100,388988,10 2 11 0 14 4 1 8 7 5 3 13 9 6 12 
593,2.23978e-06,2.57077e-06,1.97973e-06,50,100,100,388988,10 2 11 0 14 4 1 8 7 5 3 13 9 6 12 
594,2.23789e-06,2.57077e-06,1.96371e-06,50,100,100,388988,10 2 11 0 14 4 1 8 7 5 3 13 9 6 12 
595,2.26372e-06,2.57077e-06,1.96828e-06,50,100,100,388988,10 2 11 0 14 4 1 8 7 5 3 13 9 6 12 
596,2.26869e-06,2.57077e-06,1.94948e-06,50,100,100,388988,10 2 11 0 14 4 1 8 7 5 3 13 9 6 12 
597,2.2662e-06,2.57077e-06,1.99726e-06,50,100,100,388988,10 2 11 0 14 4 1 8 7 5 3 13 9 6 12 
598,2.24783e-06,2.57077e-06,1.88415e-06,50,100,100,388988,10 2 11 0 14 4 1 8 7 5 3 13 9 6 12 
599,2.23737e-06,2.57077e-06,1.92454e-06,50,100,100,388988,10 2 11 0 14 4 1 8 7 5 3 13 9 6 12 
600,2.26415e-06,2.57077e-06,1.98375e-06,50,100,100,388988,10 2 11 0 14 4 1 8 7 5 3 13 9 6 12 
601,2.24379e-06,2.57077e-06,1.95562e-06,50,100,100,388988,10 2 11 0 14 4 1 8 7 5 3 13 9 6 12 
602,2.24911e-06,2.57077e-06,1.95502e-06,50,100,100,388988,10 2 11 0 14 4 1 8 7 5 3 13 9 6 12 
603,2.25952e-06,2.57077e-06,1.94274e-06,50,100,100,388988,10 2 11 0 14 4 1 8 7 5 3 13 9 6 12 
604,2.29418e-06,2.57077e-06,1.95564e-06,50,100,100,388988,10 2 11 0 14 4 1 8 7 5 3 13 9 6 12 
605,2.28439e-06,2.57077e-06,1.9639e-06,50,100,100,388988,10 2 11 0 14 4 1 8 7 5 3 13 9 6 12 
606,2.25788e-06,2.57077e-06,1.98479e-06,50,100,100,388988,10 2 11 0 14 4 1 8 7 5 3 13 9 6 12 
607,2.23564e-06,2.57077e-06,1.95303e-06,50,100,100,388988,10 2 11 0 14 4 1 8 7 5 3 13 9 6 12 
608,2.24065e-06,2.57077e-06,1.96317e-06,50,100,100,388988,10 2 11 0 14 4 1 8 7 5 3 13 9 6 12 
609,2.27386e-06,2.57077e-06,1.95769e-06,50,100,100,388988,10 2 11 0 14 4 1 8 7 5 3 13 9 6 12 
610,2.27372e-06,2.57077e-06,2.0018e-06,50,100,100,388988,10 2 11 0 14 4 1 8 7 5 3 13 9 6 12 
611,2.25694e-06,2.57077e-06,1.97145e-06,50,100,100,388988,10 2 11 0 14 4 1 8 7 5 3 13 9 6 12 
612,2.24988e-06,2.57077e-06,1.98365e-06,50,100,100,388988,10 2 11 0 14 4 1 8 7 5 3 13 9 6 12 
613,2.23071e-06,2.57077e-06,1.97011e-06,50,100,100,388988,10 2 11 0 14 4 1 8 7 5 3 13 9 6 12 
614,2.23853e-06,2.57077e-06,1.96034e-06,50,100,100,388988,10 2 11 0 14 4 1 8 7 5 3 13 9 6 12 
615,2.23445e-06,2.57077e-06,1.88876e-06,50,100,100,388988,10 2 11 0 14 4 1 8 7 5 3 13 9 6 12 
616,2.3054e-06,2.57077e-06,2.0482e-06,50,100,100,388988,10 2 11 0 14 4 1 8 7 5 3 13 9 6 12 
617,2.29394e-06,2.57077e-06,1.97108e-06,50,100,100,388988,10 2 11 0 14 4 1 8 7 5 3 13 9 6 12 
618,2.26515e-06,2.57077e-06,1.95769e-06,50,100,100,388988,10 2 11 0 14 4 1 8 7 5 3 13 9 6 12 
619,2.25719e-06,2.57077e-06,1.97555e-06,50,100,100,388988,10 2 11 0 14 4 1 8 7 5 3 13 9 6 12 
620,2.2858e-06,2.57077e-06,1.97631e-06,50,100,100,388988,10 2 11 0 14 4 1 8 7 5 3 13 9 6 12 
621,2.29235e-06,2.57077e-06,1.99335e-06,50,100,100,388988,10 2 11 0 14 4 1 8 7 5 3 13 9 6 12 
622,2.29568e-06,2.57077e-06,1.978e-06,50,100,100,388988,10 2 11 0 14 4 1 8 7 5 3 13 9 6 12 
623,2.28852e-06,2.57077e-06,2.033e-06,50,100,100,388988,10 2 11 0 14 4 1 8 7 5 3 13 9 6 12 
624,2.26707e-06,2.57077e-06,1.96448e-06,50,100,100,388988,10 2 11 0 14 4 1 8 7 5 3 13 9 6 12 
625,2.26615e-06,2.57077e-06,1.99566e-06,50,100,100,388988,10 2 11 0 14 4 1 8 7 5 3 13 9 6 12 
626,2.25529e-06,2.57077e-06,1.9409e-06,50,100,100,388988,10 2 11 0 14 4 1 8 7 5 3 13 9 6 12 
627,2.24285e-06,2.57077e-06,1.96465e-06,50,100,100,388988,10 2 11 0 14 4 1 8 7 5 3 13 9 6 12 
628,2.24929e-06,2.57077e-06,1.92742e-06,50,100,100,388988,10 2 11 0 14 4 1 8 7 5 3 13 9 6 12 
629,2.25224e-06,2.57077e-06,1.99157e-06,50,100,100,388988,10 2 11 0 14 4 1 8 7 5 3 13 9 6 12 
630,2.24892e-06,2.57077e-06,1.94882e-06,50,100,100,388988,10 2 11 0 14 4 1 8 7 5 3 13 9 6 12 
631,2.26739e-06,2.57077e-06,1.97735e-06,50,100,100,388988,10 2 11 0 14 4 1 8 7 5 3 13 9 6 12 
632,2.23054e-06,2.57077e-06,1.94956e-06,50,100,100,388988,10 2 11 0 14 4 1 8 7 5 3 13 9 6 12 
633,2.23236e-06,2.57077e-06,1.9607e-06,50,100,100,388988,10 2 11 0 14 4 1 8 7 5 3 13 9 6 12 
634,2.22647e-06,2.57077e-06,1.93539e-06,50,100,100,388988,10 2 11 0 14 4 1 8 7 5 3 13 9 6 12 
635,2.2032e-06,2.57077e-06,1.93357e-06,50,100,100,388988,10 2 11 0 14 4 1 8 7 5 3 13 9 6 12 
636,2.18986e-06,2.57077e-06,1.90148e-06,50,100,100,388988,10 2 11 0 14 4 1 8 7 5 3 13 9 6 12 
637,2.19044e-06,2.57077e-06,1.96055e-06,50,100,100,388988,10 2 11 0 14 4 1 8 7 5 3 13 9 6 12 
638,2.16498e-06,2.57077e-06,1.90067e-06,50,100,100,388988,10 2 11 0 14 4 1 8 7 5 3 13 9 6 12 
639,2.16741e-06,2.57077e-06,1.9259e-06,50,100,100,388988,10 2 11 0 14 4 1 8 7 5 3 13 9 6 12 
640,2.17895e-06,2.57077e-06,1.92405e-06,50,100,100,388988,10 2 11 0 14 4 1 8 7 5 3 13 9 6 12 
641,2.19135e-06,2.57077e-06,1.95075e-06,50,100,100,388988,10 2 11 0 14 4 1 8 7 5 3 13 9 6 12 
642,2.18252e-06,2.57077e-06,1.93005e-06,50,100,100,388988,10 2 11 0 14 4 1 8 7 5 3 13 9 6 12 
643,2.21063e-06,2.57077e-06,1.90344e-06,50,100,100,388988,10 2 11 0 14 4 1 8 7 5 3 13 9 6 12 
644,2.19504e-06,2.57077e-06,1.92484e-06,50,100,100,388988,10 2 11 0 14 4 1 8 7 5 3 13 9 6 12 
645,2.19134e-06,2.57077e-06,1.96885e-06,50,100,100,388988,10 2 11 0 14 4 1 8 7 5 3 13 9 6 12 
646,2.22753e-06,2.57077e-06,1.97123e-06,50,100,100,388988,10 2 11 0 14 4 1 8 7 5 3 13 9 6 12 
647,2.22995e-06,2.57077e-06,1.99264e-06,50,100,100,388988,10 2 11 0 14 4 1 8 7 5 3 13 9 6 12 
648,2.25156e-06,2.57077e-06,1.98944e-06,50,100,100,388988,10 2 11 0 14 4 1 8 7 5 3 13 9 6 12 
649,2.24491e-06,2.57077e-06,1.98104e-06,50,100,100,388988,10 2 11 0 14 4 1 8 7 5 3 13 9 6 12 
650,2.24315e-06,2.57077e-06,1.95543e-06,50,100,100,388988,10 2 11 0 14 4 1 8 7 5 3 13 9 6 12 
651,2.25815e-06,2.57077e-06,1.98353e-06,50,100,100,388988,10 2 11 0 14 4 1 8 7 5 3 13 9 6 12 
652,2.26071e-06,2.57077e-06,1.97731e-06,50,100,100,388988,10 2 11 0 14 4 1 8 7 5 3 13 9 6 12 
653,2.27089e-06,2.57077e-06,1.96475e-06,50,100,100,388988,10 2 11 0 14 4 1 8 7 5 3 13 9 6 12 
654,2.27596e-06,2.57077e-06,1.96304e-06,50,100,100,388988,10 2 11 0 14 4 1 8 7 5 3 13 9 6 12 
655,2.28693e-06,2.57077e-06,1.99482e-06,50,100,100,388988,10 2 11 0 14 4 1 8 7 5 3 13 9 6 12 
656,2.27494e-06,2.57077e-06,2.01106e-06,50,100,100,388988,10 2 11 0 14 4 1 8 7 5 3 13 9 6 12 
657,2.27374e-06,2.57077e-06,1.97813e-06,50,100,100,388988,10 2 11 0 14 4 1 8 7 5 3 13 9 6 12 
658,2.25146e-06,2.57077e-06,1.95209e-06,50,100,100,388988,10 2 11 0 14 4 1 8 7 5 3 13 9 6 12 
659,2.2548e-06,2.57077e-06,1.99525e-06,50,100,100,388988,10 2 11 0 14 4 1 8 7 5 3 13 9 6 12 
660,2.27846e-06,2.57077e-06,1.98297e-06,50,100,100,388988,10 2 11 0 14 4 1 8 7 5 3 13 9 6 12 
661,2.25196e-06,2.57077e-06,1.93286e-06,50,100,100,388988,10 2 11 0 14 4 1 8 7 5 3 13 9 6 12 
662,2.24803e-06,2.57077e-06,1.93485e-06,50,100,100,388988,10 2 11 0 14 4 1 8 7 5 3 13 9 6 12 
663,2.24051e-06,2.57077e-06,1.95884e-06,50,100,100,388988,10 2 11 0 14 4 1 8 7 5 3 13 9 6 12 
664,2.24895e-06,2.57077e-06,1.97956e-06,50,100,100,388988,10 2 11 0 14 4 1 8 7 5 3 13 9 6 12 
665,2.25113e-06,2.57077e-06,1.964e-06,50,100,100,388988,10 2 11 0 14 4 1 8 7 5 3 13 9 6 12 
666,2.25382e-06,2.57077e-06,1.9826e-06,50,100,100,388988,10 2 11 0 14 4 1 8 7 5 3 13 9 6 12 
667,2.24991e-06,2.57077e-06,1.98581e-06,50,100,100,388988,10 2 11 0 14 4 1 8 7 5 3 13 9 6 12 
668,2.26358e-06,2.57077e-06,2.02663e-06,50,100,100,388988,10 2 11 0 14 4 1 8 7 5 3 13 9 6 12 
669,2.27075e-06,2.57077e-06,2.04074e-06,50,100,100,388988,10 2 11 0 14 4 1 8 7 5 3 13 9 6 12 
670,2.26129e-06,2.57077e-06,1.95907e-06,50,100,100,388988,10 2 11 0 14 4 1 8 7 5 3 13 9 6 12 
671,2.25327e-06,2.57077e-06,1.99022e-06,50,100,100,388988,10 2 11 0 14 4 1 8 7 5 3 13 9 6 12 
672,2.25081e-06,2.57077e-06,1.96605e-06,50,100,100,388988,10 2 11 0 14 4 1 8 7 5 3 13 9 6 12 
673,2.25053e-06,2.57077e-06,1.99489e-06,50,100,100,388988,10 2 11 0 14 4 1 8 7 5 3 13 9 6 12 
674,2.25625e-06,2.57077e-06,1.94769e-06,50,100,100,388988,10 2 11 0 14 4 1 8 7 5 3 13 9 6 12 
675,2.25749e-06,2.57077e-06,1.95384e-06,50,100,100,388988,10 2 11 0 14 4 1 8 7 5 3 13 9 6 12 
676,2.2315e-06,2.57077e-06,1.9648e-06,50,100,100,388988,10 2 11 0 14 4 1 8 7 5 3 13 9 6 12 
677,2.2399e-06,2.57077e-06,1.95219e-06,50,100,100,388988,10 2 11 0 14 4 1 8 7 5 3 13 9 6 12 
678,2.21566e-06,2.57077e-06,1.93102e-06,50,100,100,388988,10 2 11 0 14 4 1 8 7 5 3 13 9 6 12 
679,2.20149e-06,2.57077e-06,1.94299e-06,50,100,100,388988,10 2 11 0 14 4 1 8 7 5 3 13 9 6 12 
680,2.2077e-06,2.57077e-06,1.96765e-06,50,100,100,388988,10 2 11 0 14 4 1 8 7 5 3 13 9 6 12 
681,2.21967e-06,2.57077e-06,1.96841e-06,50,100,100,388988,10 2 11 0 14 4 1 8 7 5 3 13 9 6 12 
682,2.23222e-06,2.57077e-06,1.96732e-06,50,100,100,388988,10 2 11 0 14 4 1 8 7 5 3 13 9 6 12 
683,2.2397e-06,2.57077e-06,1.98655e-06,50,100,100,388988,10 2 11 0 14 4 1 8 7 5 3 13 9 6 12 
684,2.23528e-06,2.57077e-06,1.97914e-06,50,100,100,388988,10 2 11 0 14 4 1 8 7 5 3 13 9 6 12 
685,2.2274e-06,2.57077e-06,1.95906e-06,50,100,100,388988,10 2 11 0 14 4 1 8 7 5 3 13 9 6 12 
686,2.2524e-06,2.57077e-06,1.97011e-06,50,100,100,388988,10 2 11 0 14 4 1 8 7 5 3 13 9 6 12 
687,2.25985e-06,2.57077e-06,1.96602e-06,50,100,100,388988,10 2 11 0 14 4 1 8 7 5 3 13 9 6 12 
688,2.26609e-06,2.57077e-06,1.94801e-06,50,100,100,388988,10 2 11 0 14 4 1 8 7 5 3 13 9 6 12 
689,2.28466e-06,2.57077e-06,1.96058e-06,50,100,100,388988,10 2 11 0 14 4 1 8 7 5 3 13 9 6 12 
690,2.29488e-06,2.57077e-06,2.00328e-06,50,100,100,388988,10 2 11 0 14 4 1 8 7 5 3 13 9 6 12 
691,2.26963e-06,2.57077e-06,1.99917e-06,50,100,100,388988,10 2 11 0 14 4 1 8 7 5 3 13 9 6 12 
692,2.26738e-06,2.57077e-06,2.02801e-06,50,100,100,388988,10 2 11 0 14 4 1 8 7 5 3 13 9 6 12 
693,2.23853e-06,2.57077e-06,1.95401e-06,50,100,100,388988,10 2 11 0 14 4 1 8 7 5 3 13 9 6 12 
694,2.24692e-06,2.57077e-06,1.98123e-06,50,100,100,388988,10 2 11 0 14 4 1 8 7 5 3 13 9 6 12 
695,2.21767e-06,2.57077e-06,1.9339e-06,50,100,100,388988,10 2 11 0 14 4 1 8 7 5 3 13 9 6 12 
696,2.23088e-06,2.57077e-06,1.94818e-06,50,100,100,388988,10 2 11 0 14 4 1 8 7 5 3 13 9 6 12 
697,2.24906e-06,2.57077e-06,2.00046e-06,50,100,100,388988,10 2 11 0 14 4 1 8 7 5 3 13 9 6 12 
698,2.2524e-06,2.57077e-06,1.96344e-06,50,100,100,388988,10 2 11 0 14 4 1 8 7 5 3 13 9 6 12 
699,2.24609e-06,2.57077e-06,1.99621e-06,50,100,100,388988,10 2 11 0 14 4 1 8 7 5 3 13 9 6 12 
700,2.23636e-06,2.57077e-06,1.95576e-06,50,100,100,388988,10 2 11 0 14 4 1 8 7 5 3 13 9 6 12 
701,2.25108e-06,2.57077e-06,1.95414e-06,50,100,100,388988,10 2 11 0 14 4 1 8 7 5 3 13 9 6 12 
702,2.23172e-06,2.57077e-06,1.97015e-06,50,100,100,388988,10 2 11 0 14 4 1 8 7 5 3 13 9 6 12 
703,2.21437e-06,2.57077e-06,1.94924e-06,50,100,100,388988,10 2 11 0 14 4 1 8 7 5 3 13 9 6 12 
704,2.2276e-06,2.57077e-06,1.89881e-06,50,100,100,388988,10 2 11 0 14 4 1 8 7 5 3 13 9 6 12 
705,2.24484e-06,2.57077e-06,1.93821e-06,50,100,100,388988,10 2 11 0 14 4 1 8 7 5 3 13 9 6 12 
706,2.24984e-06,2.57077e-06,2.00963e-06,50,100,100,388988,10 2 11 0 14 4 1 8 7 5 3 13 9 6 12 
707,2.21645e-06,2.57077e-06,1.9894e-06,50,100,100,388988,10 2 11 0 14 4 1 8 7 5 3 13 9 6 12 
708,2.26127e-06,2.57077e-06,1.97427e-06,50,100,100,388988,10 2 11 0 14 4 1 8 7 5 3 13 9 6 12 
709,2.28756e-06,2.57077e-06,1.93623e-06,50,100,100,388988,10 2 11 0 14 4 1 8 7 5 3 13 9 6 12 
710,2.26862e-06,2.57077e-06,1.95453e-06,50,100,100,388988,10 2 11 0 14 4 1 8 7 5 3 13 9 6 12 
711,2.28587e-06,2.57077e-06,1.98571e-06,50,100,100,388988,10 2 11 0 14 4 1 8 7 5 3 13 9 6 12 
712,2.28713e-06,2.57077e-06,1.97501e-06,50,100,100,388988,10 2 11 0 14 4 1 8 7 5 3 13 9 6 12 
713,2.29441e-06,2.57077e-06,1.95908e-06,50,100,100,388988,10 2 11 0 14 4 1 8 7 5 3 13 9 6 12 
714,2.26791e-06,2.57077e-06,2.02366e-06,50,100,100,388988,10 2 11 0 14 4 1 8 7 5 3 13 9 6 12 
715,2.28075e-06,2.57077e-06,1.96903e-06,50,100,100,388988,10 2 11 0 14 4 1 8 7 5 3 13 9 6 12 
716,2.26166e-06,2.57077e-06,1.99569e-06,50,100,100,388988,10 2 11 0 14 4 1 8 7 5 3 13 9 6 12 
717,2.26179e-06,2.57077e-06,1.96981e-06,50,100,100,388988,10 2 11 0 14 4 1 8 7 5 3 13 9 6 12 
718,2.25938e-06,2.57077e-06,1.99204e-06,50,100,100,388988,10 2 11 0 14 4 1 8 7 5 3 13 9 6 12 
719,2.25432e-06,2.57077e-06,1.98741e-06,50,100,100,388988,10 2 11 0 14 4 1 8 7 5 3 13 9 6 12 
720,2.28022e-06,2.57077e-06,1.98259e-06,50,100,100,388988,10 2 11 0 14 4 1 8 7 5 3 13 9 6 12 
721,2.29777e-06,2.57077e-06,1.99361e-06,50,100,100,388988,10 2 11 0 14 4 1 8 7 5 3 13 9 6 12 
722,2.27962e-06,2.57077e-06,1.99096e-06,50,100,100,388988,10 2 11 0 14 4 1 8 7 5 3 13 9 6 12 
723,2.272e-06,2.57077e-06,2.00373e-06,50,100,100,388988,10 2 11 0 14 4 1 8 7 5 3 13 9 6 12 
724,2.25938e-06,2.57077e-06,1.97752e-06,50,100,100,388988,10 2 11 0 14 4 1 8 7 5 3 13 9 6 12 
725,2.28179e-06,2.57077e-06,2.00907e-06,50,100,100,388988,10 2 11 0 14 4 1 8 7 5 3 13 9 6 12 
726,2.29015e-06,2.57077e-06,1.94342e-06,50,100,100,388988,10 2 11 0 14 4 1 8 7 5 3 13 9 6 12 
727,2.27276e-06,2.57077e-06,1.98132e-06,50,100,100,388988,10 2 11 0 14 4 1 8 7 5 3 13 9 6 12 
728,2.27564e-06,2.57077e-06,1.97239e-06,50,100,100,388988,10 2 11 0 14 4 1 8 7 5 3 13 9 6 12 
729,2.23765e-06,2.57077e-06,1.90742e-06,50,100,100,388988,10 2 11 0 14 4 1 8 7 5 3 13 9 6 12 
730,2.21768e-06,2.57077e-06,1.92785e-06,50,100,100,388988,10 2 11 0 14 4 1 8 7 5 3 13 9 6 12 
731,2.25152e-06,2.57077e-06,2.01001e-06,50,100,100,388988,10 2 11 0 14 4 1 8 7 5 3 13 9 6 12 
732,2.26212e-06,2.57077e-06,1.95219e-06,50,100,100,388988,10 2 11 0 14 4 1 8 7 5 3 13 9 6 12 
733,2.25771e-06,2.57077e-06,1.94034e-06,50,100,100,388988,10 2 11 0 14 4 1 8 7 5 3 13 9 6 12 
734,2.24778e-06,2.57077e-06,1.92304e-06,50,100,100,388988,10 2 11 0 14 4 1 8 7 5 3 13 9 6 12 
735,2.22328e-06,2.57077e-06,1.9414e-06,50,100,100,388988,10 2 11 0 14 4 1 8 7 5 3 13 9 6 12 
736,2.23335e-06,2.57077e-06,1.9387e-06,50,100,100,388988,10 2 11 0 14 4 1 8 7 5 3 13 9 6 12 
737,2.23402e-06,2.57077e-06,1.96301e-06,50,100,100,388988,10 2 11 0 14 4 1 8 7 5 3 13 9 6 12 
738,2.23011e-06,2.57077e-06,1.94141e-06,50,100,100,388988,10 2 11 0 14 4 1 8 7 5 3 13 9 6 12 
739,2.25022e-06,2.57077e-06,1.95739e-06,50,100,100,388988,10 2 11 0 14 4 1 8 7 5 3 13 9 6 12 
740,2.23581e-06,2.57077e-06,1.93709e-06,50,100,100,388988,10 2 11 0 14 4 1 8 7 5 3 13 9 6 12 
741,2.25051e-06,2.57077e-06,1.97957e-06,50,100,100,388988,10 2 11 0 14 4 1 8 7 5 3 13 9 6 12 
742,2.27236e-06,2.57077e-06,1.97303e-06,50,100,100,388988,10 2 11 0 14 4 1 8 7 5 3 13 9 6 12 
743,2.26551e-06,2.57077e-06,2.00537e-06,50,100,100,388988,10 2 11 0 14 4 1 8 7 5 3 13 9 6 12 
744,2.28279e-06,2.57077e-06,1.99475e-06,50,100,100,388988,10 2 11 0 14 4 1 8 7 5 3 13 9 6 12 
745,2.25213e-06,2.57077e-06,1.95742e-06,50,100,100,388988,10 2 11 0 14 4 1 8 7 5 3 13 9 6 12 
746,2.29976e-06,2.57077e-06,1.96301e-06,50,100,100,388988,10 2 11 0 14 4 1 8 7 5 3 13 9 6 12 
747,2.29594e-06,2.57077e-06,2.00616e-06,50,100,100,388988,10 2 11 0 14 4 1 8 7 5 3 13 9 6 12 
748,2.25442e-06,2.57077e-06,1.97297e-06,50,100,100,388988,10 2 11 0 14 4 1 8 7 5 3 13 9 6 12 
749,2.25682e-06,2.57077e-06,1.97368e-06,50,100,100,388988,10 2 11 0 14 4 1 8 7 5 3 13 9 6 12 
750,2.26395e-06,2.57077e-06,1.98187e-06,50,100,100,388988,10 2 11 0 14 4 1 8 7 5 3 13 9 6 12 
751,2.26933e-06,2.57077e-06,1.9721e-06,50,100,100,388988,10 2 11 0 14 4 1 8 7 5 3 13 9 6 12 
752,2.27509e-06,2.57077e-06,2.02332e-06,50,100,100,388988,10 2 11 0 14 4 1 8 7 5 3 13 9 6 12 
753,2.26886e-06,2.57077e-06,1.95664e-06,50,100,100,388988,10 2 11 0 14 4 1 8 7 5 3 13 9 6 12 
754,2.26562e-06,2.57077e-06,1.99058e-06,50,100,100,388988,10 2 11 0 14 4 1 8 7 5 3 13 9 6 12 
755,2.27427e-06,2.57077e-06,1.99265e-06,50,100,100,388988,10 2 11 0 14 4 1 8 7 5 3 13 9 6 12 
756,2.25692e-06,2.57077e-06,1.9573e-06,50,100,100,388988,10 2 11 0 14 4 1 8 7 5 3 13 9 6 12 
757,2.25435e-06,2.57077e-06,1.97057e-06,50,100,100,388988,10 2 11 0 14 4 1 8 7 5 3 13 9 6 12 
758,2.2531e-06,2.57077e-06,1.92664e-06,50,100,100,388988,10 2 11 0 14 4 1 8 7 5 3 13 9 6 12 
759,2.24511e-06,2.57077e-06,1.9711e-06,50,100,100,388988,10 2 11 0 14 4 1 8 7 5 3 13 9 6 12 
760,2.24386e-06,2.57077e-06,1.95189e-06,50,100,100,388988,10 2 11 0 14 4 1 8 7 5 3 13 9 6 12 
761,2.2283e-06,2.57077e-06,1.9763e-06,50,100,100,388988,10 2 11 0 14 4 1 8 7 5 3 13 9 6 12 
762,2.20652e-06,2.57077e-06,1.95475e-06,50,100,100,388988,10 2 11 0 14 4 1 8 7 5 3 13 9 6 12 
763,2.19432e-06,2.57077e-06,1.95989e-06,50,100,100,388988,10 2 11 0 14 4 1 8 7 5 3 13 9 6 12 
764,2.18846e-06,2.57077e-06,1.96889e-06,50,100,100,388988,10 2 11 0 14 4 1 8 7 5 3 13 9 6 12 
765,2.20323e-06,2.57077e-06,1.93666e-06,50,100,100,388988,10 2 11 0 14 4 1 8 7 5 3 13 9 6 12 
766,2.20981e-06,2.57077e-06,1.95157e-06,50,100,100,388988,10 2 11 0 14 4 1 8 7 5 3 13 9 6 12 
767,2.22869e-06,2.57077e-06,1.97271e-06,50,100,100,388988,10 2 11 0 14 4 1 8 7 5 3 13 9 6 12 
768,2.2427e-06,2.57077e-06,1.98418e-06,50,100,100,388988,10 2 11 0 14 4 1 8 7 5 3 13 9 6 12 
769,2.24785e-06,2.57077e-06,1.9698e-06,50,100,100,388988,10 2 11 0 14 4 1 8 7 5 3 13 9 6 12 
770,2.27322e-06,2.57077e-06,2.00164e-06,50,100,100,388988,10 2 11 0 14 4 1 8 7 5 3 13 9 6 12 
771,2.26378e-06,2.57077e-06,1.93233e-06,50,100,100,388988,10 2 11 0 14 4 1 8 7 5 3 13 9 6 12 
772,2.26677e-06,2.57077e-06,2.0006e-06,50,100,100,388988,10 2 11 0 14 4 1 8 7 5 3 13 9 6 12 
773,2.2501e-06,2.57077e-06,1.99262e-06,50,100,100,388988,10 2 11 0 14 4 1 8 7 5 3 13 9 6 12 
774,2.25608e-06,2.57077e-06,1.98711e-06,50,100,100,388988,10 2 11 0 14 4 1 8 7 5 3 13 9 6 12 
775,2.23708e-06,2.57077e-06,1.96291e-06,50,100,100,388988,10 2 11 0 14 4 1 8 7 5 3 13 9 6 12 
776,2.26227e-06,2.57077e-06,1.98072e-06,50,100,100,388988,10 2 11 0 14 4 1 8 7 5 3 13 9 6 12 
777,2.25107e-06,2.57077e-06,1.97213e-06,50,100,100,388988,10 2 11 0 14 4 1 8 7 5 3 13 9 6 12 
778,2.22906e-06,2.57077e-06,1.95809e-06,50,100,100,388988,10 2 11 0 14 4 1 8 7 5 3 13 9 6 12 
779,2.23081e-06,2.57077e-06,1.92021e-06,50,100,100,388988,10 2 11 0 14 4 1 8 7 5 3 13 9 6 12 
780,2.25124e-06,2.57077e-06,1.95042e-06,50,100,100,388988,10 2 11 0 14 4 1 8 7 5 3 13 9 6 12 
781,2.25563e-06,2.57077e-06,1.97963e-06,50,100,100,388988,10 2 11 0 14 4 1 8 7 5 3 13 9 6 12 
782,2.25057e-06,2.57077e-06,1.96021e-06,50,100,100,388988,10 2 11 0 14 4 1 8 7 5 3 13 9 6 12 
783,2.25946e-06,2.57077e-06,1.93244e-06,50,100,100,388988,10 2 11 0 14 4 1 8 7 5 3 13 9 6 12 
784,2.27699e-06,2.57077e-06,1.97976e-06,50,100,100,388988,10 2 11 0 14 4 1 8 7 5 3 13 9 6 12 
785,2.29198e-06,2.57077e-06,1.98253e-06,50,100,100,388988,10 2 11 0 14 4 1 8 7 5 3 13 9 6 12 
786,2.28052e-06,2.57077e-06,1.9756e-06,50,100,100,388988,10 2 11 0 14 4 1 8 7 5 3 13 9 6 12 
787,2.28556e-06,2.57077e-06,1.96721e-06,50,100,100,388988,10 2 11 0 14 4 1 8 7 5 3 13 9 6 12 
788,2.25411e-06,2.57077e-06,1.97261e-06,50,100,100,388988,10 2 11 0 14 4 1 8 7 5 3 13 9 6 12 
789,2.27239e-06,2.57077e-06,1.94102e-06,50,100,100,388988,10 2 11 0 14 4 1 8 7 5 3 13 9 6 12 
790,2.23877e-06,2.57077e-06,1.94585e-06,50,100,100,388988,10 2 11 0 14 4 1 8 7 5 3 13 9 6 12 
791,2.22654e-06,2.57077e-06,1.95254e-06,50,100,100,388988,10 2 11 0 14 4 1 8 7 5 3 13 9 6 12 
792,2.26815e-06,2.57077e-06,1.9616e-06,50,100,100,388988,10 2 11 0 14 4 1 8 7 5 3 13 9 6 12 
793,2.26202e-06,2.57077e-06,1.96047e-06,50,100,100,388988,10 2 11 0 14 4 1 8 7 5 3 13 9 6 12 
794,2.23459e-06,2.57077e-06,1.92622e-06,50,100,100,388988,10 2 11 0 14 4 1 8 7 5 3 13 9 6 12 
795,2.2685e-06,2.57077e-06,1.96127e-06,50,100,100,388988,10 2 11 0 14 4 1 8 7 5 3 13 9 6 12 
796,2.27792e-06,2.57077e-06,1.99241e-06,50,100,100,388988,10 2 11 0 14 4 1 8 7 5 3 13 9 6 12 
797,2.25672e-06,2.57077e-06,1.90183e-06,50,100,100,388988,10 2 11 0 14 4 1 8 7 5 3 13 9 6 12 
798,2.27686e-06,2.57077e-06,1.99485e-06,50,100,100,388988,10 2 11 0 14 4 1 8 7 5 3 13 9 6 12 
799,2.22085e-06,2.57077e-06,1.96382e-06,50,100,100,388988,10 2 11 0 14 4 1 8 7 5 3 13 9 6 12 
800,2.26059e-06,2.57077e-06,1.96371e-06,50,100,100,388988,10 2 11 0 14 4 1 8 7 5 3 13 9 6 12 
801,2.25997e-06,2.57077e-06,1.94736e-06,50,100,100,388988,10 2 11 0 14 4 1 8 7 5 3 13 9 6 12 
802,2.23273e-06,2.57077e-06,1.91447e-06,50,100,100,388988,10 2 11 0 14 4 1 8 7 5 3 13 9 6 12 
803,2.24881e-06,2.57077e-06,1.97235e-06,50,100,100,388988,10 2 11 0 14 4 1 8 7 5 3 13 9 6 12 
804,2.25299e-06,2.57077e-06,1.99254e-06,50,100,100,388988,10 2 11 0 14 4 1 8 7 5 3 13 9 6 12 
805,2.26612e-06,2.57077e-06,1.98106e-06,50,100,100,388988,10 2 11 0 14 4 1 8 7 5 3 13 9 6 12 
806,2.27364e-06,2.57077e-06,1.94497e-06,50,100,100,388988,10 2 11 0 14 4 1 8 7 5 3 13 9 6 12 
807,2.29733e-06,2.57077e-06,1.9601e-06,50,100,100,388988,10 2 11 0 14 4 1 8 7 5 3 13 9 6 12 
808,2.26052e-06,2.57077e-06,1.96461e-06,50,100,100,388988,10 2 11 0 14 4 1 8 7 5 3 13 9 6 12 
809,2.23511e-06,2.57077e-06,1.97792e-06,50,100,100,388988,10 2 11 0 14 4 1 8 7 5 3 13 9 6 12 
810,2.23263e-06,2.57077e-06,1.96831e-06,50,100,100,388988,10 2 11 0 14 4 1 8 7 5 3 13 9 6 12 
811,2.23568e-06,2.57077e-06,1.95341e-06,50,100,100,388988,10 2 11 0 14 4 1 8 7 5 3 13 9 6 12 
812,2.21349e-06,2.57077e-06,1.9169e-06,50,100,100,388988,10 2 11 0 14 4 1 8 7 5 3 13 9 6 12 
813,2.22038e-06,2.57077e-06,1.95544e-06,50,100,100,388988,10 2 11 0 14 4 1 8 7 5 3 13 9 6 12 
814,2.2247e-06,2.57077e-06,1.94658e-06,50,100,100,388988,10 2 11 0 14 4 1 8 7 5 3 13 9 6 12 
815,2.23355e-06,2.57077e-06,1.98635e-06,50,100,100,388988,10 2 11 0 14 4 1 8 7 5 3 13 9 6 12 
816,2.24524e-06,2.57077e-06,1.9806e-06,50,100,100,388988,10 2 11 0 14 4 1 8 7 5 3 13 9 6 12 
817,2.2567e-06,2.57077e-06,1.9774e-06,50,100,100,388988,10 2 11 0 14 4 1 8 7 5 3 13 9 6 12 
818,2.26909e-06,2.57077e-06,1.98404e-06,50,100,100,388988,10 2 11 0 14 4 1 8 7 5 3 13 9 6 12 
819,2.28071e-06,2.57077e-06,1.97693e-06,50,100,100,388988,10 2 11 0 14 4 1 8 7 5 3 13 9 6 12 
820,2.26248e-06,2.57077e-06,1.91696e-06,50,100,100,388988,10 2 11 0 14 4 1 8 7 5 3 13 9 6 12 
821,2.2424e-06,2.57077e-06,1.94199e-06,50,100,100,388988,10 2 11 0 14 4 1 8 7 5 3 13 9 6 12 
822,2.26419e-06,2.57077e-06,1.97261e-06,50,100,100,388988,10 2 11 0 14 4 1 8 7 5 3 13 9 6 12 
823,2.28409e-06,2.57077e-06,1.9969e-06,50,100,100,388988,10 2 11 0 14 4 1 8 7 5 3 13 9 6 12 
824,2.29913e-06,2.57077e-06,1.98629e-06,50,100,100,388988,10 2 11 0 14 4 1 8 7 5 3 13 9 6 12 
825,2.25784e-06,2.57077e-06,1.98042e-06,50,100,100,388988,10 2 11 0 14 4 1 8 7 5 3 13 9 6 12 
826,2.26412e-06,2.57077e-06,1.97755e-06,50,100,100,388988,10 2 11 0 14 4 1 8 7 5 3 13 9 6 12 
827,2.25106e-06,2.57077e-06,1.96808e-06,50,100,100,388988,10 2 11 0 14 4 1 8 7 5 3 13 9 6 12 
828,2.26757e-06,2.57077e-06,1.95699e-06,50,100,100,388988,10 2 11 0 14 4 1 8 7 5 3 13 9 6 12 
829,2.3007e-06,2.57077e-06,1.99774e-06,50,100,100,388988,10 2 11 0 14 4 1 8 7 5 3 13 9 6 12 
830,2.27281e-06,2.57077e-06,1.94452e-06,50,100,100,388988,10 2 11 0 14 4 1 8 7 5 3 13 9 6 12 
831,2.26799e-06,2.57077e-06,1.98427e-06,50,100,100,388988,10 2 11 0 14 4 1 8 7 5 3 13 9 6 12 
832,2.24916e-06,2.57077e-06,1.96406e-06,50,100,100,388988,10 2 11 0 14 4 1 8 7 5 3 13 9 6 12 
833,2.2459e-06,2.57077e-06,1.94429e-06,50,100,100,388988,10 2 11 0 14 4 1 8 7 5 3 13 9 6 12 
834,2.2623e-06,2.57077e-06,1.9639e-06,50,100,100,388988,10 2 11 0 14 4 1 8 7 5 3 13 9 6 12 
835,2.24255e-06,2.57077e-06,1.92724e-06,50,100,100,388988,10 2 11 0 14 4 1 8 7 5 3 13 9 6 12 
836,2.26053e-06,2.57077e-06,1.95343e-06,50,100,100,388988,10 2 11 0 14 4 1 8 7 5 3 13 9 6 12 
837,2.25301e-06,2.57077e-06,1.96419e-06,50,100,100,388988,10 2 11 0 14 4 1 8 7 5 3 13 9 6 12 
838,2.25515e-06,2.57077e-06,1.9752e-06,50,100,100,388988,10 2 11 0 14 4 1 8 7 5 3 13 9 6 12 
839,2.24684e-06,2.57077e-06,1.94689e-06,50,100,100,388988,10 2 11 0 14 4 1 8 7 5 3 13 9 6 12 
840,2.26253e-06,2.57077e-06,1.9177e-06,50,100,100,388988,10 2 11 0 14 4 1 8 7 5 3 13 9 6 12 
841,2.25089e-06,2.57077e-06,1.96593e-06,50,100,100,388988,10 2 11 0 14 4 1 8 7 5 3 13 9 6 12 
842,2.24997e-06,2.57077e-06,1.93811e-06,50,100,100,388988,10 2 11 0 14 4 1 8 7 5 3 13 9 6 12 
843,2.23359e-06,2.57077e-06,1.91049e-06,50,100,100,388988,10 2 11 0 14 4 1 8 7 5 3 13 9 6 12 
844,2.24848e-06,2.57077e-06,1.95255e-06,50,100,100,388988,10 2 11 0 14 4 1 8 7 5 3 13 9 6 12 
845,2.28586e-06,2.57077e-06,2.01682e-06,50,100,100,388988,10 2 11 0 14 4 1 8 7 5 3 13 9 6 12 
846,2.30179e-06,2.57077e-06,2.0135e-06,50,100,100,388988,10 2 11 0 14 4 1 8 7 5 3 13 9 6 12 
847,2.29332e-06,2.57077e-06,1.97723e-06,50,100,100,388988,10 2 11 0 14 4 1 8 7 5 3 13 9 6 12 
848,2.27254e-06,2.57077e-06,1.96324e-06,50,100,100,388988,10 2 11 0 14 4 1 8 7 5 3 13 9 6 12 
849,2.26246e-06,2.57077e-06,1.98944e-06,50,100,100,388988,10 2 11 0 14 4 1 8 7 5 3 13 9 6 12 
850,2.25086e-06,2.57077e-06,1.93002e-06,50,100,100,388988,10 2 11 0 14 4 1 8 7 5 3 13 9 6 12 
851,2.24859e-06,2.57077e-06,2.0014e-06,50,100,100,388988,10 2 11 0 14 4 1 8 7 5 3 13 9 6 12 
852,2.26164e-06,2.57077e-06,1.92477e-06,50,100,100,388988,10 2 11 0 14 4 1 8 7 5 3 13 9 6 12 
853,2.27693e-06,2.57077e-06,1.99321e-06,50,100,100,388988,10 2 11 0 14 4 1 8 7 5 3 13 9 6 12 
854,2.26081e-06,2.57077e-06,1.95884e-06,50,100,100,388988,10 2 11 0 14 4 1 8 7 5 3 13 9 6 12 
855,2.2812e-06,2.57077e-06,1.97447e-06,50,100,100,388988,10 2 11 0 14 4 1 8 7 5 3 13 9 6 12 
856,2.25989e-06,2.57077e-06,1.94249e-06,50,100,100,388988,10 2 11 0 14 4 1 8 7 5 3 13 9 6 12 
857,2.28432e-06,2.57077e-06,1.9801e-06,50,100,100,388988,10 2 11 0 14 4 1 8 7 5 3 13 9 6 12 
858,2.2848e-06,2.57077e-06,2.00938e-06,50,100,100,388988,10 2 11 0 14 4 1 8 7 5 3 13 9 6 12 
859,2.25965e-06,2.57077e-06,1.96664e-06,50,100,100,388988,10 2 11 0 14 4 1 8 7 5 3 13 9 6 12 
860,2.26928e-06,2.57077e-06,1.94982e-06,50,100,100,388988,10 2 11 0 14 4 1 8 7 5 3 13 9 6 12 
861,2.27721e-06,2.57077e-06,1.98117e-06,50,100,100,388988,10 2 11 0 14 4 1 8 7 5 3 13 9 6 12 
862,2.27341e-06,2.57077e-06,1.96872e-06,50,100,100,388988,10 2 11 0 14 4 1 8 7 5 3 13 9 6 12 
863,2.24873e-06,2.57077e-06,1.94765e-06,50,100,100,388988,10 2 11 0 14 4 1 8 7 5 3 13 9 6 12 
864,2.26489e-06,2.57077e-06,1.98476e-06,50,100,100,388988,10 2 11 0 14 4 1 8 7 5 3 13 9 6 12 
865,2.26358e-06,2.57077e-06,1.90303e-06,50,100,100,388988,10 2 11 0 14 4 1 8 7 5 3 13 9 6 12 
866,2.26612e-06,2.57077e-06,1.97516e-06,50,100,100,388988,10 2 11 0 14 4 1 8 7 5 3 13 9 6 12 
867,2.25722e-06,2.57077e-06,1.93718e-06,50,100,100,388988,10 2 11 0 14 4 1 8 7 5 3 13 9 6 12 
868,2.24375e-06,2.57077e-06,1.95445e-06,50,100,100,388988,10 2 11 0 14 4 1 8 7 5 3 13 9 6 12 
869,2.26075e-06,2.57077e-06,1.94815e-06,50,100,100,388988,10 2 11 0 14 4 1 8 7 5 3 13 9 6 12 
870,2.23323e-06,2.57077e-06,1.93548e-06,50,100,100,388988,10 2 11 0 14 4 1 8 7 5 3 13 9 6 12 
871,2.23783e-06,2.57077e-06,1.96454e-06,50,100,100,388988,10 2 11 0 14 4 1 8 7 5 3 13 9 6 12 
872,2.2642e-06,2.57077e-06,1.97355e-06,50,100,100,388988,10 2 11 0 14 4 1 8 7 5 3 13 9 6 12 
873,2.27351e-06,2.57077e-06,1.99003e-06,50,100,100,388988,10 2 11 0 14 4 1 8 7 5 3 13 9 6 12 
874,2.25216e-06,2.57077e-06,1.96182e-06,50,100,100,388988,10 2 11 0 14 4 1 8 7 5 3 13 9 6 12 
875,2.25341e-06,2.57077e-06,1.95343e-06,50,100,100,388988,10 2 11 0 14 4 1 8 7 5 3 13 9 6 12 
876,2.23341e-06,2.57077e-06,1.96998e-06,50,100,100,388988,10 2 11 0 14 4 1 8 7 5 3 13 9 6 12 
877,2.26239e-06,2.57077e-06,1.97056e-06,50,100,100,388988,10 2 11 0 14 4 1 8 7 5 3 13 9 6 12 
878,2.27658e-06,2.57077e-06,1.99727e-06,50,100,100,388988,10 2 11 0 14 4 1 8 7 5 3 13 9 6 12 
879,2.26005e-06,2.57077e-06,1.95706e-06,50,100,100,388988,10 2 11 0 14 4 1 8 7 5 3 13 9 6 12 
880,2.26136e-06,2.57077e-06,1.97574e-06,50,100,100,388988,10 2 11 0 14 4 1 8 7 5 3 13 9 6 12 
881,2.2413e-06,2.57077e-06,1.95566e-06,50,100,100,388988,10 2 11 0 14 4 1 8 7 5 3 13 9 6 12 
882,2.22473e-06,2.57077e-06,1.93946e-06,50,100,100,388988,10 2 11 0 14 4 1 8 7 5 3 13 9 6 12 
883,2.21434e-06,2.57077e-06,1.94931e-06,50,100,100,388988,10 2 11 0 14 4 1 8 7 5 3 13 9 6 12 
884,2.23526e-06,2.57077e-06,1.97972e-06,50,100,100,388988,10 2 11 0 14 4 1 8 7 5 3 13 9 6 12 
885,2.23287e-06,2.57077e-06,1.98172e-06,50,100,100,388988,10 2 11 0 14 4 1 8 7 5 3 13 9 6 12 
886,2.25486e-06,2.57077e-06,2.00754e-06,50,100,100,388988,10 2 11 0 14 4 1 8 7 5 3 13 9 6 12 
887,2.2453e-06,2.57077e-06,1.98169e-06,50,100,100,388988,10 2 11 0 14 4 1 8 7 5 3 13 9 6 12 
888,2.27307e-06,2.57077e-06,1.94034e-06,50,100,100,388988,10 2 11 0 14 4 1 8 7 5 3 13 9 6 12 
889,2.2438e-06,2.57077e-06,1.95801e-06,50,100,100,388988,10 2 11 0 14 4 1 8 7 5 3 13 9 6 12 
890,2.2568e-06,2.57077e-06,1.95277e-06,50,100,100,388988,10 2 11 0 14 4 1 8 7 5 3 13 9 6 12 
891,2.24009e-06,2.57077e-06,1.91282e-06,50,100,100,388988,10 2 11 0 14 4 1 8 7 5 3 13 9 6 12 
892,2.22347e-06,2.57077e-06,1.94871e-06,50,100,100,388988,10 2 11 0 14 4 1 8 7 5 3 13 9 6 12 
893,2.21124e-06,2.57077e-06,1.94113e-06,50,100,100,388988,10 2 11 0 14 4 1 8 7 5 3 13 9 6 12 
894,2.19945e-06,2.57077e-06,1.95868e-06,50,100,100,388988,10 2 11 0 14 4 1 8 7 5 3 13 9 6 12 
895,2.21142e-06,2.57077e-06,1.97838e-06,50,100,100,388988,10 2 11 0 14 4 1 8 7 5 3 13 9 6 12 
896,2.23808e-06,2.57077e-06,1.98335e-06,50,100,100,388988,10 2 11 0 14 4 1 8 7 5 3 13 9 6 12 
897,2.24276e-06,2.57077e-06,1.92381e-06,50,100,100,388988,10 2 11 0 14 4 1 8 7 5 3 13 9 6 12 
898,2.25883e-06,2.57077e-06,1.95414e-06,50,100,100,388988,10 2 11 0 14 4 1 8 7 5 3 13 9 6 12 
899,2.25997e-06,2.57077e-06,1.93997e-06,50,100,100,388988,10 2 11 0 14 4 1 8 7 5 3 13 9 6 12 
900,2.26882e-06,2.57077e-06,1.95958e-06,50,100,100,388988,10 2 11 0 14 4 1 8 7 5 3 13 9 6 12 
901,2.26144e-06,2.57077e-06,1.97838e-06,50,100,100,388988,10 2 11 0 14 4 1 8 7 5 3 13 9 6 12 
902,2.27004e-06,2.57077e-06,1.98586e-06,50,100,100,388988,10 2 11 0 14 4 1 8 7 5 3 13 9 6 12 
903,2.26777e-06,2.57077e-06,1.98676e-06,50,100,100,388988,10 2 11 0 14 4 1 8 7 5 3 13 9 6 12 
904,2.25231e-06,2.57077e-06,1.97785e-06,50,100,100,388988,10 2 11 0 14 4 1 8 7 5 3 13 9 6 12 
905,2.26106e-06,2.57077e-06,2.00568e-06,50,100,100,388988,10 2 11 0 14 4 1 8 7 5 3 13 9 6 12 
906,2.26124e-06,2.57077e-06,1.98187e-06,50,100,100,388988,10 2 11 0 14 4 1 8 7 5 3 13 9 6 12 
907,2.25486e-06,2.57077e-06,1.96858e-06,50,100,100,388988,10 2 11 0 14 4 1 8 7 5 3 13 9 6 12 
908,2.21069e-06,2.57077e-06,1.97961e-06,50,100,100,388988,10 2 11 0 14 4 1 8 7 5 3 13 9 6 12 
909,2.22521e-06,2.57077e-06,1.96712e-06,50,100,100,388988,10 2 11 0 14 4 1 8 7 5 3 13 9 6 12 
910,2.21993e-06,2.57077e-06,2.01178e-06,50,100,100,388988,10 2 11 0 14 4 1 8 7 5 3 13 9 6 12 
911,2.24153e-06,2.57077e-06,2.00261e-06,50,100,100,388988,10 2 11 0 14 4 1 8 7 5 3 13 9 6 12 
912,2.24059e-06,2.57077e-06,1.97241e-06,50,100,100,388988,10 2 11 0 14 4 1 8 7 5 3 13 9 6 12 
913,2.21897e-06,2.57077e-06,1.95343e-06,50,100,100,388988,10 2 11 0 14 4 1 8 7 5 3 13 9 6 12 
914,2.2248e-06,2.57077e-06,1.98737e-06,50,100,100,388988,10 2 11 0 14 4 1 8 7 5 3 13 9 6 12 
915,2.22454e-06,2.57077e-06,1.94555e-06,50,100,100,388988,10 2 11 0 14 4 1 8 7 5 3 13 9 6 12 
916,2.20314e-06,2.57077e-06,1.96687e-06,50,100,100,388988,10 2 11 0 14 4 1 8 7 5 3 13 9 6 12 
917,2.20328e-06,2.57077e-06,1.93438e-06,50,100,100,388988,10 2 11 0 14 4 1 8 7 5 3 13 9 6 12 
918,2.19408e-06,2.57077e-06,1.91946e-06,50,100,100,388988,10 2 11 0 14 4 1 8 7 5 3 13 9 6 12 
919,2.20612e-06,2.57077e-06,1.92149e-06,50,100,100,388988,10 2 11 0 14 4 1 8 7 5 3 13 9 6 12 
920,2.20707e-06,2.57077e-06,1.97206e-06,50,100,100,388988,10 2 11 0 14 4 1 8 7 5 3 13 9 6 12 
921,2.20078e-06,2.57077e-06,2.00359e-06,50,100,100,388988,10 2 11 0 14 4 1 8 7 5 3 13 9 6 12 
922,2.21208e-06,2.57077e-06,1.92098e-06,50,100,100,388988,10 2 11 0 14 4 1 8 7 5 3 13 9 6 12 
923,2.2017e-06,2.57077e-06,1.95566e-06,50,100,100,388988,10 2 11 0 14 4 1 8 7 5 3 13 9 6 12 
924,2.20356e-06,2.57077e-06,1.9505e-06,50,100,100,388988,10 2 11 0 14 4 1 8 7 5 3 13 9 6 12 
925,2.22335e-06,2.57077e-06,1.93218e-06,50,100,100,388988,10 2 11 0 14 4 1 8 7 5 3 13 9 6 12 
926,2.244e-06,2.57077e-06,1.97443e-06,50,100,100,388988,10 2 11 0 14 4 1 8 7 5 3 13 9 6 12 
927,2.25023e-06,2.57077e-06,1.95181e-06,50,100,100,388988,10 2 11 0 14 4 1 8 7 5 3 13 9 6 12 
928,2.24794e-06,2.57077e-06,1.96271e-06,50,100,100,388988,10 2 11 0 14 4 1 8 7 5 3 13 9 6 12 
929,2.25325e-06,2.57077e-06,1.992e-06,50,100,100,388988,10 2 11 0 14 4 1 8 7 5 3 13 9 6 12 
930,2.25139e-06,2.57077e-06,1.93231e-06,50,100,100,388988,10 2 11 0 14 4 1 8 7 5 3 13 9 6 12 
931,2.24871e-06,2.57077e-06,1.95661e-06,50,100,100,388988,10 2 11 0 14 4 1 8 7 5 3 13 9 6 12 
932,2.2512e-06,2.57077e-06,1.93351e-06,50,100,100,388988,10 2 11 0 14 4 1 8 7 5 3 13 9 6 12 
933,2.25267e-06,2.57077e-06,1.96596e-06,50,100,100,388988,10 2 11 0 14 4 1 8 7 5 3 13 9 6 12 
934,2.25949e-06,2.57077e-06,1.9616e-06,50,100,100,388988,10 2 11 0 14 4 1 8 7 5 3 13 9 6 12 
935,2.2964e-06,2.57077e-06,1.99676e-06,50,100,100,388988,10 2 11 0 14 4 1 8 7 5 3 13 9 6 12 
936,2.28594e-06,2.57077e-06,1.9321e-06,50,100,100,388988,10 2 11 0 14 4 1 8 7 5 3 13 9 6 12 
937,2.27778e-06,2.57077e-06,1.97161e-06,50,100,100,388988,10 2 11 0 14 4 1 8 7 5 3 13 9 6 12 
938,2.27931e-06,2.57077e-06,1.96344e-06,50,100,100,388988,10 2 11 0 14 4 1 8 7 5 3 13 9 6 12 
939,2.23256e-06,2.57077e-06,1.98964e-06,50,100,100,388988,10 2 11 0 14 4 1 8 7 5 3 13 9 6 12 
940,2.27464e-06,2.57077e-06,1.96745e-06,50,100,100,388988,10 2 11 0 14 4 1 8 7 5 3 13 9 6 12 
941,2.31219e-06,2.57077e-06,1.97384e-06,50,100,100,388988,10 2 11 0 14 4 1 8 7 5 3 13 9 6 12 
942,2.29985e-06,2.57077e-06,1.99507e-06,50,100,100,388988,10 2 11 0 14 4 1 8 7 5 3 13 9 6 12 
943,2.28317e-06,2.57077e-06,1.95552e-06,50,100,100,388988,10 2 11 0 14 4 1 8 7 5 3 13 9 6 12 
944,2.2638e-06,2.57077e-06,1.95828e-06,50,100,100,388988,10 2 11 0 14 4 1 8 7 5 3 13 9 6 12 
945,2.25584e-06,2.57077e-06,1.91656e-06,50,100,100,388988,10 2 11 0 14 4 1 8 7 5 3 13 9 6 12 
946,2.2371e-06,2.57077e-06,1.94924e-06,50,100,100,388988,10 2 11 0 14 4 1 8 7 5 3 13 9 6 12 
947,2.21323e-06,2.57077e-06,1.95914e-06,50,100,100,388988,10 2 11 0 14 4 1 8 7 5 3 13 9 6 12 
948,2.21737e-06,2.57077e-06,1.96793e-06,50,100,100,388988,10 2 11 0 14 4 1 8 7 5 3 13 9 6 12 
949,2.24297e-06,2.57077e-06,1.95219e-06,50,100,100,388988,10 2 11 0 14 4 1 8 7 5 3 13 9 6 12 
950,2.2427e-06,2.57077e-06,2.0131e-06,50,100,100,388988,10 2 11 0 14 4 1 8 7 5 3 13 9 6 12 
951,2.27275e-06,2.57077e-06,1.93145e-06,50,100,100,388988,10 2 11 0 14 4 1 8 7 5 3 13 9 6 12 
952,2.2678e-06,2.57077e-06,1.97165e-06,50,100,100,388988,10 2 11 0 14 4 1 8 7 5 3 13 9 6 12 
953,2.2506e-06,2.57077e-06,1.99131e-06,50,100,100,388988,10 2 11 0 14 4 1 8 7 5 3 13 9 6 12 
954,2.24601e-06,2.57077e-06,1.97406e-06,50,100,100,388988,10 2 11 0 14 4 1 8 7 5 3 13 9 6 12 
955,2.25192e-06,2.57077e-06,1.9808e-06,50,100,100,388988,10 2 11 0 14 4 1 8 7 5 3 13 9 6 12 
956,2.23501e-06,2.57077e-06,1.96528e-06,50,100,100,388988,10 2 11 0 14 4 1 8 7 5 3 13 9 6 12 
957,2.24296e-06,2.57077e-06,1.96828e-06,50,100,100,388988,10 2 11 0 14 4 1 8 7 5 3 13 9 6 12 
958,2.24233e-06,2.57077e-06,1.95056e-06,50,100,100,388988,10 2 11 0 14 4 1 8 7 5 3 13 9 6 12 
959,2.24095e-06,2.57077e-06,1.97443e-06,50,100,100,388988,10 2 11 0 14 4 1 8 7 5 3 13 9 6 12 
960,2.25605e-06,2.57077e-06,1.94383e-06,50,100,100,388988,10 2 11 0 14 4 1 8 7 5 3 13 9 6 12 
961,2.22608e-06,2.57077e-06,1.95276e-06,50,100,100,388988,10 2 11 0 14 4 1 8 7 5 3 13 9 6 12 
962,2.24296e-06,2.57077e-06,1.9475e-06,50,100,100,388988,10 2 11 0 14 4 1 8 7 5 3 13 9 6 12 
963,2.21988e-06,2.57077e-06,1.97541e-06,50,100,100,388988,10 2 11 0 14 4 1 8 7 5 3 13 9 6 12 
964,2.23714e-06,2.57077e-06,1.94478e-06,50,100,100,388988,10 2 11 0 14 4 1 8 7 5 3 13 9 6 12 
965,2.2532e-06,2.57077e-06,1.9698e-06,50,100,100,388988,10 2 11 0 14 4 1 8 7 5 3 13 9 6 12 
966,2.26678e-06,2.57077e-06,1.95157e-06,50,100,100,388988,10 2 11 0 14 4 1 8 7 5 3 13 9 6 12 
967,2.22454e-06,2.57077e-06,1.915e-06,50,100,100,388988,10 2 11 0 14 4 1 8 7 5 3 13 9 6 12 
968,2.24117e-06,2.57077e-06,1.98801e-06,50,100,100,388988,10 2 11 0 14 4 1 8 7 5 3 13 9 6 12 
969,2.24684e-06,2.57077e-06,1.96344e-06,50,100,100,388988,10 2 11 0 14 4 1 8 7 5 3 13 9 6 12 
970,2.25403e-06,2.57077e-06,1.9888e-06,50,100,100,388988,10 2 11 0 14 4 1 8 7 5 3 13 9 6 12 
971,2.25583e-06,2.57077e-06,1.95801e-06,50,100,100,388988,10 2 11 0 14 4 1 8 7 5 3 13 9 6 12 
972,2.28029e-06,2.57077e-06,2.01665e-06,50,100,100,388988,10 2 11 0 14 4 1 8 7 5 3 13 9 6 12 
973,2.24127e-06,2.57077e-06,1.92441e-06,50,100,100,388988,10 2 11 0 14 4 1 8 7 5 3 13 9 6 12 
974,2.25265e-06,2.57077e-06,1.94207e-06,50,100,100,388988,10 2 11 0 14 4 1 8 7 5 3 13 9 6 12 
975,2.23433e-06,2.57077e-06,1.95421e-06,50,100,100,388988,10 2 11 0 14 4 1 8 7 5 3 13 9 6 12 
976,2.24792e-06,2.57077e-06,1.97651e-06,50,100,100,388988,10 2 11 0 14 4 1 8 7 5 3 13 9 6 12 
977,2.25311e-06,2.57077e-06,1.96453e-06,50,100,100,388988,10 2 11 0 14 4 1 8 7 5 3 13 9 6 12 
978,2.26771e-06,2.57077e-06,1.99102e-06,50,100,100,388988,10 2 11 0 14 4 1 8 7 5 3 13 9 6 12 
979,2.28176e-06,2.57077e-06,2.01009e-06,50,100,100,388988,10 2 11 0 14 4 1 8 7 5 3 13 9 6 12 
980,2.26286e-06,2.57077e-06,1.98684e-06,50,100,100,388988,10 2 11 0 14 4 1 8 7 5 3 13 9 6 12 
981,2.25391e-06,2.57077e-06,2.00525e-06,50,100,100,388988,10 2 11 0 14 4 1 8 7 5 3 13 9 6 12 
982,2.24484e-06,2.57077e-06,1.93866e-06,50,100,100,388988,10 2 11 0 14 4 1 8 7 5 3 13 9 6 12 
983,2.24932e-06,2.57077e-06,1.96402e-06,50,100,100,388988,10 2 11 0 14 4 1 8 7 5 3 13 9 6 12 
984,2.25407e-06,2.57077e-06,1.94043e-06,50,100,100,388988,10 2 11 0 14 4 1 8 7 5 3 13 9 6 12 
985,2.25241e-06,2.57077e-06,1.99191e-06,50,100,100,388988,10 2 11 0 14 4 1 8 7 5 3 13 9 6 12 
986,2.28112e-06,2.57077e-06,1.96745e-06,50,100,100,388988,10 2 11 0 14 4 1 8 7 5 3 13 9 6 12 
987,2.27468e-06,2.57077e-06,1.94748e-06,50,100,100,388988,10 2 11 0 14 4 1 8 7 5 3 13 9 6 12 
988,2.26799e-06,2.57077e-06,1.95753e-06,50,100,100,388988,10 2 11 0 14 4 1 8 7 5 3 13 9 6 12 
989,2.27705e-06,2.57077e-06,1.9701e-06,50,100,100,388988,10 2 11 0 14 4 1 8 7 5 3 13 9 6 12 
990,2.28522e-06,2.57077e-06,1.95653e-06,50,100,100,388988,10 2 11 0 14 4 1 8 7 5 3 13 9 6 12 
991,2.27974e-06,2.57077e-06,1.93002e-06,50,100,100,388988,10 2 11 0 14 4 1 8 7 5 3 13 9 6 12 
992,2.2574e-06,2.57077e-06,1.96395e-06,50,100,100,388988,10 2 11 0 14 4 1 8 7 5 3 13 9 6 12 
993,2.26042e-06,2.57077e-06,2.0075e-06,50,100,100,388988,10 2 11 0 14 4 1 8 7 5 3 13 9 6 12 
994,2.28536e-06,2.57077e-06,1.94342e-06,50,100,100,388988,10 2 11 0 14 4 1 8 7 5 3 13 9 6 12 
995,2.30357e-06,2.57077e-06,2.01219e-06,50,100,100,388988,10 2 11 0 14 4 1 8 7 5 3 13 9 6 12 
996,2.28457e-06,2.57077e-06,1.96927e-06,50,100,100,388988,10 2 11 0 14 4 1 8 7 5 3 13 9 6 12 
997,2.27838e-06,2.57077e-06,2.01357e-06,50,100,100,388988,10 2 11 0 14 4 1 8 7 5 3 13 9 6 12 
998,2.29909e-06,2.57077e-06,1.99949e-06,50,100,100,388988,10 2 11 0 14 4 1 8 7 5 3 13 9 6 12 
999,2.2593e-06,2.57077e-06,1.96857e-06,50,100,100,388988,10 2 11 0 14 4 1 8 7 5 3 13 9 6 12 
