Generación,Media,Mejor,Peor,Cruzas,Mutaciones,Inversiones,Costo,Permutación
1,2.04841e-06,2.24738e-06,1.84353e-06,50,100,100,444962,2 4 6 5 0 13 8 7 9 10 14 12 3 1 11 
2,2.04989e-06,2.24924e-06,1.91852e-06,50,100,100,444594,13 4 6 5 14 7 2 11 9 8 12 0 3 1 10 
3,2.057e-06,2.24924e-06,1.90115e-06,50,100,100,444594,13 4 6 5 14 7 2 11 9 8 12 0 3 1 10 
4,2.05446e-06,2.27894e-06,1.89968e-06,50,100,100,438800,12 4 6 3 0 5 13 7 9 2 14 8 10 1 11 
5,2.05122e-06,2.27894e-06,1.9054e-06,50,100,100,438800,12 4 6 3 0 5 13 7 9 2 14 8 10 1 11 
6,2.03887e-06,2.27894e-06,1.87696e-06,50,100,100,438800,12 4 6 3 0 5 13 7 9 2 14 8 10 1 11 
7,2.0487e-06,2.27894e-06,1.91999e-06,50,100,100,438800,12 4 6 3 0 5 13 7 9 2 14 8 10 1 11 
8,2.05599e-06,2.27894e-06,1.91046e-06,50,100,100,438800,12 4 6 3 0 5 13 7 9 2 14 8 10 1 11 
9,2.04391e-06,2.27894e-06,1.90567e-06,50,100,100,438800,12 4 6 3 0 5 13 7 9 2 14 8 10 1 11 
10,2.04571e-06,2.27894e-06,1.91011e-06,50,100,100,438800,12 4 6 3 0 5 13 7 9 2 14 8 10 1 11 
11,2.04511e-06,2.27894e-06,1.93084e-06,50,100,100,438800,12 4 6 3 0 5 13 7 9 2 14 8 10 1 11 
12,2.0558e-06,2.27894e-06,1.92157e-06,50,100,100,438800,12 4 6 3 0 5 13 7 9 2 14 8 10 1 11 
13,2.06126e-06,2.27894e-06,1.92745e-06,50,100,100,438800,12 4 6 3 0 5 13 7 9 2 14 8 10 1 11 
14,2.06387e-06,2.27894e-06,1.91543e-06,50,100,100,438800,12 4 6 3 0 5 13 7 9 2 14 8 10 1 11 
15,2.04447e-06,2.29046e-06,1.88747e-06,50,100,100,436592,6 0 2 4 12 13 9 11 10 3 14 5 8 1 7 
16,2.05827e-06,2.29046e-06,1.907e-06,50,100,100,436592,6 0 2 4 12 13 9 11 10 3 14 5 8 1 7 
17,2.05461e-06,2.29046e-06,1.9119e-06,50,100,100,436592,6 0 2 4 12 13 9 11 10 3 14 5 8 1 7 
18,2.04852e-06,2.29046e-06,1.86533e-06,50,100,100,436592,6 0 2 4 12 13 9 11 10 3 14 5 8 1 7 
19,2.04883e-06,2.29046e-06,1.89997e-06,50,100,100,436592,6 0 2 4 12 13 9 11 10 3 14 5 8 1 7 
20,2.05187e-06,2.29046e-06,1.93461e-06,50,100,100,436592,6 0 2 4 12 13 9 11 10 3 14 5 8 1 7 
21,2.05612e-06,2.29046e-06,1.88948e-06,50,100,100,436592,6 0 2 4 12 13 9 11 10 3 14 5 8 1 7 
22,2.06085e-06,2.29046e-06,1.92809e-06,50,100,100,436592,6 0 2 4 12 13 9 11 10 3 14 5 8 1 7 
23,2.05761e-06,2.29046e-06,1.90324e-06,50,100,100,436592,6 0 2 4 12 13 9 11 10 3 14 5 8 1 7 
24,2.06652e-06,2.29046e-06,1.93887e-06,50,100,100,436592,6 0 2 4 12 13 9 11 10 3 14 5 8 1 7 
25,2.06443e-06,2.29046e-06,1.91884e-06,50,100,100,436592,6 0 2 4 12 13 9 11 10 3 14 5 8 1 7 
26,2.06705e-06,2.29046e-06,1.92629e-06,50,100,100,436592,6 0 2 4 12 13 9 11 10 3 14 5 8 1 7 
27,2.0555e-06,2.29046e-06,1.87606e-06,50,100,100,436592,6 0 2 4 12 13 9 11 10 3 14 5 8 1 7 
28,2.05511e-06,2.29046e-06,1.92246e-06,50,100,100,436592,6 0 2 4 12 13 9 11 10 3 14 5 8 1 7 
29,2.05222e-06,2.29046e-06,1.92571e-06,50,100,100,436592,6 0 2 4 12 13 9 11 10 3 14 5 8 1 7 
30,2.05272e-06,2.29046e-06,1.92334e-06,50,100,100,436592,6 0 2 4 12 13 9 11 10 3 14 5 8 1 7 
31,2.05904e-06,2.29046e-06,1.92679e-06,50,100,100,436592,6 0 2 4 12 13 9 11 10 3 14 5 8 1 7 
32,2.06679e-06,2.29046e-06,1.93005e-06,50,100,100,436592,6 0 2 4 12 13 9 11 10 3 14 5 8 1 7 
33,2.05512e-06,2.29046e-06,1.87788e-06,50,100,100,436592,6 0 2 4 12 13 9 11 10 3 14 5 8 1 7 
34,2.05564e-06,2.29046e-06,1.93842e-06,50,100,100,436592,6 0 2 4 12 13 9 11 10 3 14 5 8 1 7 
35,2.05621e-06,2.29046e-06,1.91591e-06,50,100,100,436592,6 0 2 4 12 13 9 11 10 3 14 5 8 1 7 
36,2.06631e-06,2.29777e-06,1.93674e-06,50,100,100,435204,2 6 11 5 4 13 1 8 0 3 10 14 7 12 9 
37,2.0561e-06,2.29777e-06,1.87577e-06,50,100,100,435204,2 6 11 5 4 13 1 8 0 3 10 14 7 12 9 
38,2.05525e-06,2.29777e-06,1.94069e-06,50,100,100,435204,2 6 11 5 4 13 1 8 0 3 10 14 7 12 9 
39,2.05775e-06,2.29777e-06,1.93227e-06,50,100,100,435204,2 6 11 5 4 13 1 8 0 3 10 14 7 12 9 
40,2.0527e-06,2.29777e-06,1.90787e-06,50,100,100,435204,2 6 11 5 4 13 1 8 0 3 10 14 7 12 9 
41,2.05336e-06,2.29777e-06,1.91965e-06,50,100,100,435204,2 6 11 5 4 13 1 8 0 3 10 14 7 12 9 
42,2.05097e-06,2.3067e-06,1.88166e-06,50,100,100,433518,7 6 2 5 4 13 1 8 0 12 10 9 3 14 11 
43,2.05234e-06,2.3067e-06,1.9012e-06,50,100,100,433518,7 6 2 5 4 13 1 8 0 12 10 9 3 14 11 
44,2.05846e-06,2.3067e-06,1.91287e-06,50,100,100,433518,7 6 2 5 4 13 1 8 0 12 10 9 3 14 11 
45,2.06561e-06,2.3067e-06,1.94846e-06,50,100,100,433518,7 6 2 5 4 13 1 8 0 12 10 9 3 14 11 
46,2.06342e-06,2.31668e-06,1.9134e-06,50,100,100,431652,6 14 8 13 2 4 5 1 0 10 12 11 7 9 3 
47,2.05861e-06,2.31668e-06,1.89011e-06,50,100,100,431652,6 14 8 13 2 4 5 1 0 10 12 11 7 9 3 
48,2.05777e-06,2.31668e-06,1.93328e-06,50,100,100,431652,6 14 8 13 2 4 5 1 0 10 12 11 7 9 3 
49,2.05076e-06,2.31668e-06,1.91867e-06,50,100,100,431652,6 14 8 13 2 4 5 1 0 10 12 11 7 9 3 
50,2.06249e-06,2.31668e-06,1.91065e-06,50,100,100,431652,6 14 8 13 2 4 5 1 0 10 12 11 7 9 3 
51,2.05136e-06,2.31668e-06,1.89736e-06,50,100,100,431652,6 14 8 13 2 4 5 1 0 10 12 11 7 9 3 
52,2.04677e-06,2.31668e-06,1.88861e-06,50,100,100,431652,6 14 8 13 2 4 5 1 0 10 12 11 7 9 3 
53,2.05766e-06,2.31668e-06,1.91702e-06,50,100,100,431652,6 14 8 13 2 4 5 1 0 10 12 11 7 9 3 
54,2.05945e-06,2.31668e-06,1.90121e-06,50,100,100,431652,6 14 8 13 2 4 5 1 0 10 12 11 7 9 3 
55,2.06064e-06,2.31668e-06,1.88557e-06,50,100,100,431652,6 14 8 13 2 4 5 1 0 10 12 11 7 9 3 
56,2.07281e-06,2.31668e-06,1.9353e-06,50,100,100,431652,6 14 8 13 2 4 5 1 0 10 12 11 7 9 3 
57,2.05492e-06,2.31668e-06,1.89002e-06,50,100,100,431652,6 14 8 13 2 4 5 1 0 10 12 11 7 9 3 
58,2.07069e-06,2.31668e-06,1.94488e-06,50,100,100,431652,6 14 8 13 2 4 5 1 0 10 12 11 7 9 3 
59,2.06696e-06,2.31668e-06,1.91123e-06,50,100,100,431652,6 14 8 13 2 4 5 1 0 10 12 11 7 9 3 
60,2.05673e-06,2.31668e-06,1.90591e-06,50,100,100,431652,6 14 8 13 2 4 5 1 0 10 12 11 7 9 3 
61,2.06127e-06,2.31668e-06,1.92208e-06,50,100,100,431652,6 14 8 13 2 4 5 1 0 10 12 11 7 9 3 
62,2.05055e-06,2.31668e-06,1.92622e-06,50,100,100,431652,6 14 8 13 2 4 5 1 0 10 12 11 7 9 3 
63,2.04818e-06,2.31668e-06,1.89774e-06,50,100,100,431652,6 14 8 13 2 4 5 1 0 10 12 11 7 9 3 
64,2.05884e-06,2.31668e-06,1.88826e-06,50,100,100,431652,6 14 8 13 2 4 5 1 0 10 12 11 7 9 3 
65,2.06305e-06,2.31668e-06,1.92975e-06,50,100,100,431652,6 14 8 13 2 4 5 1 0 10 12 11 7 9 3 
66,2.06303e-06,2.31668e-06,1.9187e-06,50,100,100,431652,6 14 8 13 2 4 5 1 0 10 12 11 7 9 3 
67,2.05485e-06,2.31668e-06,1.9184e-06,50,100,100,431652,6 14 8 13 2 4 5 1 0 10 12 11 7 9 3 
68,2.04459e-06,2.31668e-06,1.90735e-06,50,100,100,431652,6 14 8 13 2 4 5 1 0 10 12 11 7 9 3 
69,2.05562e-06,2.31668e-06,1.90588e-06,50,100,100,431652,6 14 8 13 2 4 5 1 0 10 12 11 7 9 3 
70,2.06497e-06,2.31668e-06,1.86937e-06,50,100,100,431652,6 14 8 13 2 4 5 1 0 10 12 11 7 9 3 
71,2.0653e-06,2.31668e-06,1.90309e-06,50,100,100,431652,6 14 8 13 2 4 5 1 0 10 12 11 7 9 3 
72,2.05237e-06,2.31668e-06,1.87291e-06,50,100,100,431652,6 14 8 13 2 4 5 1 0 10 12 11 7 9 3 
73,2.06409e-06,2.31668e-06,1.91656e-06,50,100,100,431652,6 14 8 13 2 4 5 1 0 10 12 11 7 9 3 
74,2.05479e-06,2.31668e-06,1.91238e-06,50,100,100,431652,6 14 8 13 2 4 5 1 0 10 12 11 7 9 3 
75,2.0606e-06,2.32979e-06,1.92384e-06,50,100,100,429222,6 14 13 8 2 4 0 1 11 7 12 5 10 9 3 
76,2.04299e-06,2.32979e-06,1.9e-06,50,100,100,429222,6 14 13 8 2 4 0 1 11 7 12 5 10 9 3 
77,2.06159e-06,2.34131e-06,1.88189e-06,50,100,100,427110,6 14 13 8 2 4 0 1 10 11 12 5 7 9 3 
78,2.05656e-06,2.34131e-06,1.91637e-06,50,100,100,427110,6 14 13 8 2 4 0 1 10 11 12 5 7 9 3 
79,2.0652e-06,2.34131e-06,1.92415e-06,50,100,100,427110,6 14 13 8 2 4 0 1 10 11 12 5 7 9 3 
80,2.0694e-06,2.34131e-06,1.92564e-06,50,100,100,427110,6 14 13 8 2 4 0 1 10 11 12 5 7 9 3 
81,2.04802e-06,2.34131e-06,1.87229e-06,50,100,100,427110,6 14 13 8 2 4 0 1 10 11 12 5 7 9 3 
82,2.05987e-06,2.34131e-06,1.90628e-06,50,100,100,427110,6 14 13 8 2 4 0 1 10 11 12 5 7 9 3 
83,2.06745e-06,2.34131e-06,1.9314e-06,50,100,100,427110,6 14 13 8 2 4 0 1 10 11 12 5 7 9 3 
84,2.05688e-06,2.34131e-06,1.89948e-06,50,100,100,427110,6 14 13 8 2 4 0 1 10 11 12 5 7 9 3 
85,2.06306e-06,2.34131e-06,1.87597e-06,50,100,100,427110,6 14 13 8 2 4 0 1 10 11 12 5 7 9 3 
86,2.06181e-06,2.34131e-06,1.92975e-06,50,100,100,427110,6 14 13 8 2 4 0 1 10 11 12 5 7 9 3 
87,2.06549e-06,2.34131e-06,1.90458e-06,50,100,100,427110,6 14 13 8 2 4 0 1 10 11 12 5 7 9 3 
88,2.06194e-06,2.34131e-06,1.90041e-06,50,100,100,427110,6 14 13 8 2 4 0 1 10 11 12 5 7 9 3 
89,2.06001e-06,2.34131e-06,1.91007e-06,50,100,100,427110,6 14 13 8 2 4 0 1 10 11 12 5 7 9 3 
90,2.06671e-06,2.34131e-06,1.90311e-06,50,100,100,427110,6 14 13 8 2 4 0 1 10 11 12 5 7 9 3 
91,2.0617e-06,2.34131e-06,1.9318e-06,50,100,100,427110,6 14 13 8 2 4 0 1 10 11 12 5 7 9 3 
92,2.06526e-06,2.34131e-06,1.91016e-06,50,100,100,427110,6 14 13 8 2 4 0 1 10 11 12 5 7 9 3 
93,2.05778e-06,2.35245e-06,1.92321e-06,50,100,100,425088,14 10 13 8 12 3 11 6 4 0 1 5 9 7 2 
94,2.05841e-06,2.35245e-06,1.87754e-06,50,100,100,425088,14 10 13 8 12 3 11 6 4 0 1 5 9 7 2 
95,2.06233e-06,2.35245e-06,1.8713e-06,50,100,100,425088,14 10 13 8 12 3 11 6 4 0 1 5 9 7 2 
96,2.06315e-06,2.35245e-06,1.88227e-06,50,100,100,425088,14 10 13 8 12 3 11 6 4 0 1 5 9 7 2 
97,2.05503e-06,2.35245e-06,1.9089e-06,50,100,100,425088,14 10 13 8 12 3 11 6 4 0 1 5 9 7 2 
98,2.05212e-06,2.35245e-06,1.89698e-06,50,100,100,425088,14 10 13 8 12 3 11 6 4 0 1 5 9 7 2 
99,2.04796e-06,2.35245e-06,1.88025e-06,50,100,100,425088,14 10 13 8 12 3 11 6 4 0 1 5 9 7 2 
100,2.05165e-06,2.35245e-06,1.90775e-06,50,100,100,425088,14 10 13 8 12 3 11 6 4 0 1 5 9 7 2 
101,2.0694e-06,2.35245e-06,1.87844e-06,50,100,100,425088,14 10 13 8 12 3 11 6 4 0 1 5 9 7 2 
102,2.05902e-06,2.35245e-06,1.91773e-06,50,100,100,425088,14 10 13 8 12 3 11 6 4 0 1 5 9 7 2 
103,2.06129e-06,2.35245e-06,1.91645e-06,50,100,100,425088,14 10 13 8 12 3 11 6 4 0 1 5 9 7 2 
104,2.05784e-06,2.35245e-06,1.91216e-06,50,100,100,425088,14 10 13 8 12 3 11 6 4 0 1 5 9 7 2 
105,2.05033e-06,2.35245e-06,1.91023e-06,50,100,100,425088,14 10 13 8 12 3 11 6 4 0 1 5 9 7 2 
106,2.05208e-06,2.35245e-06,1.88215e-06,50,100,100,425088,14 10 13 8 12 3 11 6 4 0 1 5 9 7 2 
107,2.05006e-06,2.35245e-06,1.90067e-06,50,100,100,425088,14 10 13 8 12 3 11 6 4 0 1 5 9 7 2 
108,2.05742e-06,2.35245e-06,1.89684e-06,50,100,100,425088,14 10 13 8 12 3 11 6 4 0 1 5 9 7 2 
109,2.06058e-06,2.35245e-06,1.90481e-06,50,100,100,425088,14 10 13 8 12 3 11 6 4 0 1 5 9 7 2 
110,2.04936e-06,2.35245e-06,1.91531e-06,50,100,100,425088,14 10 13 8 12 3 11 6 4 0 1 5 9 7 2 
111,2.04784e-06,2.35245e-06,1.92603e-06,50,100,100,425088,14 10 13 8 12 3 11 6 4 0 1 5 9 7 2 
112,2.05011e-06,2.35245e-06,1.91499e-06,50,100,100,425088,14 10 13 8 12 3 11 6 4 0 1 5 9 7 2 
113,2.06352e-06,2.35245e-06,1.91739e-06,50,100,100,425088,14 10 13 8 12 3 11 6 4 0 1 5 9 7 2 
114,2.05116e-06,2.35245e-06,1.8975e-06,50,100,100,425088,14 10 13 8 12 3 11 6 4 0 1 5 9 7 2 
115,2.06874e-06,2.35245e-06,1.93013e-06,50,100,100,425088,14 10 13 8 12 3 11 6 4 0 1 5 9 7 2 
116,2.06032e-06,2.35245e-06,1.90667e-06,50,100,100,425088,14 10 13 8 12 3 11 6 4 0 1 5 9 7 2 
117,2.06238e-06,2.35245e-06,1.95014e-06,50,100,100,425088,14 10 13 8 12 3 11 6 4 0 1 5 9 7 2 
118,2.05426e-06,2.35245e-06,1.893e-06,50,100,100,425088,14 10 13 8 12 3 11 6 4 0 1 5 9 7 2 
119,2.05331e-06,2.35245e-06,1.93212e-06,50,100,100,425088,14 10 13 8 12 3 11 6 4 0 1 5 9 7 2 
120,2.05486e-06,2.35245e-06,1.91321e-06,50,100,100,425088,14 10 13 8 12 3 11 6 4 0 1 5 9 7 2 
121,2.04979e-06,2.35245e-06,1.91612e-06,50,100,100,425088,14 10 13 8 12 3 11 6 4 0 1 5 9 7 2 
122,2.05342e-06,2.35245e-06,1.87459e-06,50,100,100,425088,14 10 13 8 12 3 11 6 4 0 1 5 9 7 2 
123,2.0587e-06,2.35245e-06,1.91725e-06,50,100,100,425088,14 10 13 8 12 3 11 6 4 0 1 5 9 7 2 
124,2.05279e-06,2.35245e-06,1.91201e-06,50,100,100,425088,14 10 13 8 12 3 11 6 4 0 1 5 9 7 2 
125,2.06139e-06,2.35245e-06,1.88762e-06,50,100,100,425088,14 10 13 8 12 3 11 6 4 0 1 5 9 7 2 
126,2.05766e-06,2.35245e-06,1.90366e-06,50,100,100,425088,14 10 13 8 12 3 11 6 4 0 1 5 9 7 2 
127,2.06652e-06,2.35245e-06,1.91625e-06,50,100,100,425088,14 10 13 8 12 3 11 6 4 0 1 5 9 7 2 
128,2.05837e-06,2.35245e-06,1.90666e-06,50,100,100,425088,14 10 13 8 12 3 11 6 4 0 1 5 9 7 2 
129,2.05535e-06,2.35245e-06,1.89843e-06,50,100,100,425088,14 10 13 8 12 3 11 6 4 0 1 5 9 7 2 
130,2.05619e-06,2.35245e-06,1.90997e-06,50,100,100,425088,14 10 13 8 12 3 11 6 4 0 1 5 9 7 2 
131,2.05935e-06,2.35245e-06,1.88263e-06,50,100,100,425088,14 10 13 8 12 3 11 6 4 0 1 5 9 7 2 
132,2.05523e-06,2.35245e-06,1.92103e-06,50,100,100,425088,14 10 13 8 12 3 11 6 4 0 1 5 9 7 2 
133,2.0631e-06,2.38112e-06,1.91055e-06,50,100,100,419970,14 8 13 10 12 3 11 6 4 0 1 5 9 7 2 
134,2.04915e-06,2.38112e-06,1.90599e-06,50,100,100,419970,14 8 13 10 12 3 11 6 4 0 1 5 9 7 2 
135,2.05346e-06,2.38112e-06,1.9274e-06,50,100,100,419970,14 8 13 10 12 3 11 6 4 0 1 5 9 7 2 
136,2.06059e-06,2.38112e-06,1.89827e-06,50,100,100,419970,14 8 13 10 12 3 11 6 4 0 1 5 9 7 2 
137,2.06565e-06,2.38112e-06,1.9201e-06,50,100,100,419970,14 8 13 10 12 3 11 6 4 0 1 5 9 7 2 
138,2.06766e-06,2.38112e-06,1.89176e-06,50,100,100,419970,14 8 13 10 12 3 11 6 4 0 1 5 9 7 2 
139,2.06104e-06,2.38112e-06,1.85829e-06,50,100,100,419970,14 8 13 10 12 3 11 6 4 0 1 5 9 7 2 
140,2.05577e-06,2.38112e-06,1.902e-06,50,100,100,419970,14 8 13 10 12 3 11 6 4 0 1 5 9 7 2 
141,2.05629e-06,2.38112e-06,1.8947e-06,50,100,100,419970,14 8 13 10 12 3 11 6 4 0 1 5 9 7 2 
142,2.05999e-06,2.38112e-06,1.90955e-06,50,100,100,419970,14 8 13 10 12 3 11 6 4 0 1 5 9 7 2 
143,2.05672e-06,2.38112e-06,1.91897e-06,50,100,100,419970,14 8 13 10 12 3 11 6 4 0 1 5 9 7 2 
144,2.06887e-06,2.38112e-06,1.9317e-06,50,100,100,419970,14 8 13 10 12 3 11 6 4 0 1 5 9 7 2 
145,2.06162e-06,2.38112e-06,1.91954e-06,50,100,100,419970,14 8 13 10 12 3 11 6 4 0 1 5 9 7 2 
146,2.05754e-06,2.38112e-06,1.90047e-06,50,100,100,419970,14 8 13 10 12 3 11 6 4 0 1 5 9 7 2 
147,2.05099e-06,2.38112e-06,1.91951e-06,50,100,100,419970,14 8 13 10 12 3 11 6 4 0 1 5 9 7 2 
148,2.05669e-06,2.38112e-06,1.9013e-06,50,100,100,419970,14 8 13 10 12 3 11 6 4 0 1 5 9 7 2 
149,2.04463e-06,2.38112e-06,1.90126e-06,50,100,100,419970,14 8 13 10 12 3 11 6 4 0 1 5 9 7 2 
150,2.04668e-06,2.38112e-06,1.91318e-06,50,100,100,419970,14 8 13 10 12 3 11 6 4 0 1 5 9 7 2 
151,2.05619e-06,2.38112e-06,1.93666e-06,50,100,100,419970,14 8 13 10 12 3 11 6 4 0 1 5 9 7 2 
152,2.05824e-06,2.38112e-06,1.90877e-06,50,100,100,419970,14 8 13 10 12 3 11 6 4 0 1 5 9 7 2 
153,2.06768e-06,2.38112e-06,1.93702e-06,50,100,100,419970,14 8 13 10 12 3 11 6 4 0 1 5 9 7 2 
154,2.05687e-06,2.38112e-06,1.90168e-06,50,100,100,419970,14 8 13 10 12 3 11 6 4 0 1 5 9 7 2 
155,2.06618e-06,2.38112e-06,1.91212e-06,50,100,100,419970,14 8 13 10 12 3 11 6 4 0 1 5 9 7 2 
156,2.05994e-06,2.38112e-06,1.89826e-06,50,100,100,419970,14 8 13 10 12 3 11 6 4 0 1 5 9 7 2 
157,2.06224e-06,2.38112e-06,1.91384e-06,50,100,100,419970,14 8 13 10 12 3 11 6 4 0 1 5 9 7 2 
158,2.07422e-06,2.38112e-06,1.92139e-06,50,100,100,419970,14 8 13 10 12 3 11 6 4 0 1 5 9 7 2 
159,2.06678e-06,2.38112e-06,1.92202e-06,50,100,100,419970,14 8 13 10 12 3 11 6 4 0 1 5 9 7 2 
160,2.0558e-06,2.38112e-06,1.87029e-06,50,100,100,419970,14 8 13 10 12 3 11 6 4 0 1 5 9 7 2 
161,2.06098e-06,2.38112e-06,1.91225e-06,50,100,100,419970,14 8 13 10 12 3 11 6 4 0 1 5 9 7 2 
162,2.03982e-06,2.38112e-06,1.91235e-06,50,100,100,419970,14 8 13 10 12 3 11 6 4 0 1 5 9 7 2 
163,2.05167e-06,2.38112e-06,1.91417e-06,50,100,100,419970,14 8 13 10 12 3 11 6 4 0 1 5 9 7 2 
164,2.07738e-06,2.38112e-06,1.94342e-06,50,100,100,419970,14 8 13 10 12 3 11 6 4 0 1 5 9 7 2 
165,2.06696e-06,2.38112e-06,1.94716e-06,50,100,100,419970,14 8 13 10 12 3 11 6 4 0 1 5 9 7 2 
166,2.06107e-06,2.38112e-06,1.90413e-06,50,100,100,419970,14 8 13 10 12 3 11 6 4 0 1 5 9 7 2 
167,2.0485e-06,2.38112e-06,1.90681e-06,50,100,100,419970,14 8 13 10 12 3 11 6 4 0 1 5 9 7 2 
168,2.05064e-06,2.38112e-06,1.90747e-06,50,100,100,419970,14 8 13 10 12 3 11 6 4 0 1 5 9 7 2 
169,2.05159e-06,2.38112e-06,1.91941e-06,50,100,100,419970,14 8 13 10 12 3 11 6 4 0 1 5 9 7 2 
170,2.0509e-06,2.38112e-06,1.90726e-06,50,100,100,419970,14 8 13 10 12 3 11 6 4 0 1 5 9 7 2 
171,2.06e-06,2.38112e-06,1.88032e-06,50,100,100,419970,14 8 13 10 12 3 11 6 4 0 1 5 9 7 2 
172,2.05974e-06,2.38112e-06,1.94319e-06,50,100,100,419970,14 8 13 10 12 3 11 6 4 0 1 5 9 7 2 
173,2.06177e-06,2.38209e-06,1.92919e-06,50,100,100,419798,14 8 13 10 12 3 6 11 4 0 1 5 9 7 2 
174,2.06973e-06,2.38209e-06,1.92168e-06,50,100,100,419798,14 8 13 10 12 3 6 11 4 0 1 5 9 7 2 
175,2.06785e-06,2.38209e-06,1.90525e-06,50,100,100,419798,14 8 13 10 12 3 6 11 4 0 1 5 9 7 2 
176,2.05788e-06,2.41351e-06,1.89835e-06,50,100,100,414334,14 10 13 11 12 3 6 8 1 0 4 5 9 7 2 
177,2.06287e-06,2.41351e-06,1.91907e-06,50,100,100,414334,14 10 13 11 12 3 6 8 1 0 4 5 9 7 2 
178,2.05608e-06,2.41351e-06,1.92753e-06,50,100,100,414334,14 10 13 11 12 3 6 8 1 0 4 5 9 7 2 
179,2.0676e-06,2.41351e-06,1.94379e-06,50,100,100,414334,14 10 13 11 12 3 6 8 1 0 4 5 9 7 2 
180,2.05446e-06,2.41351e-06,1.91914e-06,50,100,100,414334,14 10 13 11 12 3 6 8 1 0 4 5 9 7 2 
181,2.05653e-06,2.41351e-06,1.89481e-06,50,100,100,414334,14 10 13 11 12 3 6 8 1 0 4 5 9 7 2 
182,2.07683e-06,2.41351e-06,1.90272e-06,50,100,100,414334,14 10 13 11 12 3 6 8 1 0 4 5 9 7 2 
183,2.06952e-06,2.41351e-06,1.92391e-06,50,100,100,414334,14 10 13 11 12 3 6 8 1 0 4 5 9 7 2 
184,2.0608e-06,2.41351e-06,1.92324e-06,50,100,100,414334,14 10 13 11 12 3 6 8 1 0 4 5 9 7 2 
185,2.06467e-06,2.41351e-06,1.92429e-06,50,100,100,414334,14 10 13 11 12 3 6 8 1 0 4 5 9 7 2 
186,2.04895e-06,2.41351e-06,1.9012e-06,50,100,100,414334,14 10 13 11 12 3 6 8 1 0 4 5 9 7 2 
187,2.03742e-06,2.41351e-06,1.90371e-06,50,100,100,414334,14 10 13 11 12 3 6 8 1 0 4 5 9 7 2 
188,2.04846e-06,2.41351e-06,1.89134e-06,50,100,100,414334,14 10 13 11 12 3 6 8 1 0 4 5 9 7 2 
189,2.06885e-06,2.41351e-06,1.8907e-06,50,100,100,414334,14 10 13 11 12 3 6 8 1 0 4 5 9 7 2 
190,2.0626e-06,2.41351e-06,1.92112e-06,50,100,100,414334,14 10 13 11 12 3 6 8 1 0 4 5 9 7 2 
191,2.05665e-06,2.41351e-06,1.91631e-06,50,100,100,414334,14 10 13 11 12 3 6 8 1 0 4 5 9 7 2 
192,2.04608e-06,2.41351e-06,1.8612e-06,50,100,100,414334,14 10 13 11 12 3 6 8 1 0 4 5 9 7 2 
193,2.06089e-06,2.41351e-06,1.92957e-06,50,100,100,414334,14 10 13 11 12 3 6 8 1 0 4 5 9 7 2 
194,2.06165e-06,2.41351e-06,1.91957e-06,50,100,100,414334,14 10 13 11 12 3 6 8 1 0 4 5 9 7 2 
195,2.06339e-06,2.41351e-06,1.91634e-06,50,100,100,414334,14 10 13 11 12 3 6 8 1 0 4 5 9 7 2 
196,2.06065e-06,2.41351e-06,1.9e-06,50,100,100,414334,14 10 13 11 12 3 6 8 1 0 4 5 9 7 2 
197,2.06392e-06,2.41351e-06,1.89366e-06,50,100,100,414334,14 10 13 11 12 3 6 8 1 0 4 5 9 7 2 
198,2.05337e-06,2.41351e-06,1.91769e-06,50,100,100,414334,14 10 13 11 12 3 6 8 1 0 4 5 9 7 2 
199,2.05344e-06,2.41351e-06,1.91054e-06,50,100,100,414334,14 10 13 11 12 3 6 8 1 0 4 5 9 7 2 
200,2.0579e-06,2.41351e-06,1.90027e-06,50,100,100,414334,14 10 13 11 12 3 6 8 1 0 4 5 9 7 2 
201,2.05951e-06,2.41351e-06,1.89378e-06,50,100,100,414334,14 10 13 11 12 3 6 8 1 0 4 5 9 7 2 
202,2.05537e-06,2.41351e-06,1.91573e-06,50,100,100,414334,14 10 13 11 12 3 6 8 1 0 4 5 9 7 2 
203,2.06442e-06,2.41351e-06,1.8577e-06,50,100,100,414334,14 10 13 11 12 3 6 8 1 0 4 5 9 7 2 
204,2.06537e-06,2.41351e-06,1.90473e-06,50,100,100,414334,14 10 13 11 12 3 6 8 1 0 4 5 9 7 2 
205,2.05477e-06,2.41351e-06,1.90184e-06,50,100,100,414334,14 10 13 11 12 3 6 8 1 0 4 5 9 7 2 
206,2.06622e-06,2.41351e-06,1.8956e-06,50,100,100,414334,14 10 13 11 12 3 6 8 1 0 4 5 9 7 2 
207,2.0618e-06,2.41351e-06,1.92641e-06,50,100,100,414334,14 10 13 11 12 3 6 8 1 0 4 5 9 7 2 
208,2.07712e-06,2.41351e-06,1.90834e-06,50,100,100,414334,14 10 13 11 12 3 6 8 1 0 4 5 9 7 2 
209,2.08253e-06,2.41351e-06,1.91282e-06,50,100,100,414334,14 10 13 11 12 3 6 8 1 0 4 5 9 7 2 
210,2.07626e-06,2.41351e-06,1.91726e-06,50,100,100,414334,14 10 13 11 12 3 6 8 1 0 4 5 9 7 2 
211,2.06856e-06,2.41351e-06,1.90418e-06,50,100,100,414334,14 10 13 11 12 3 6 8 1 0 4 5 9 7 2 
212,2.06234e-06,2.41351e-06,1.90509e-06,50,100,100,414334,14 10 13 11 12 3 6 8 1 0 4 5 9 7 2 
213,2.07091e-06,2.41351e-06,1.90774e-06,50,100,100,414334,14 10 13 11 12 3 6 8 1 0 4 5 9 7 2 
214,2.05631e-06,2.41351e-06,1.90714e-06,50,100,100,414334,14 10 13 11 12 3 6 8 1 0 4 5 9 7 2 
215,2.05819e-06,2.41351e-06,1.88142e-06,50,100,100,414334,14 10 13 11 12 3 6 8 1 0 4 5 9 7 2 
216,2.0605e-06,2.41351e-06,1.92335e-06,50,100,100,414334,14 10 13 11 12 3 6 8 1 0 4 5 9 7 2 
217,2.05297e-06,2.41351e-06,1.91147e-06,50,100,100,414334,14 10 13 11 12 3 6 8 1 0 4 5 9 7 2 
218,2.06368e-06,2.41351e-06,1.91698e-06,50,100,100,414334,14 10 13 11 12 3 6 8 1 0 4 5 9 7 2 
219,2.05248e-06,2.41351e-06,1.91963e-06,50,100,100,414334,14 10 13 11 12 3 6 8 1 0 4 5 9 7 2 
220,2.04471e-06,2.41351e-06,1.88769e-06,50,100,100,414334,14 10 13 11 12 3 6 8 1 0 4 5 9 7 2 
221,2.0526e-06,2.41351e-06,1.9026e-06,50,100,100,414334,14 10 13 11 12 3 6 8 1 0 4 5 9 7 2 
222,2.06882e-06,2.41351e-06,1.88922e-06,50,100,100,414334,14 10 13 11 12 3 6 8 1 0 4 5 9 7 2 
223,2.06038e-06,2.41351e-06,1.92557e-06,50,100,100,414334,14 10 13 11 12 3 6 8 1 0 4 5 9 7 2 
224,2.05386e-06,2.41351e-06,1.91402e-06,50,100,100,414334,14 10 13 11 12 3 6 8 1 0 4 5 9 7 2 
225,2.0587e-06,2.41351e-06,1.91438e-06,50,100,100,414334,14 10 13 11 12 3 6 8 1 0 4 5 9 7 2 
226,2.05528e-06,2.41351e-06,1.93008e-06,50,100,100,414334,14 10 13 11 12 3 6 8 1 0 4 5 9 7 2 
227,2.0483e-06,2.41351e-06,1.90611e-06,50,100,100,414334,14 10 13 11 12 3 6 8 1 0 4 5 9 7 2 
228,2.06412e-06,2.41351e-06,1.9249e-06,50,100,100,414334,14 10 13 11 12 3 6 8 1 0 4 5 9 7 2 
229,2.04631e-06,2.41351e-06,1.89463e-06,50,100,100,414334,14 10 13 11 12 3 6 8 1 0 4 5 9 7 2 
230,2.05102e-06,2.41351e-06,1.87592e-06,50,100,100,414334,14 10 13 11 12 3 6 8 1 0 4 5 9 7 2 
231,2.05245e-06,2.41351e-06,1.9116e-06,50,100,100,414334,14 10 13 11 12 3 6 8 1 0 4 5 9 7 2 
232,2.06389e-06,2.41351e-06,1.92647e-06,50,100,100,414334,14 10 13 11 12 3 6 8 1 0 4 5 9 7 2 
233,2.05963e-06,2.41351e-06,1.90858e-06,50,100,100,414334,14 10 13 11 12 3 6 8 1 0 4 5 9 7 2 
234,2.06246e-06,2.41351e-06,1.89284e-06,50,100,100,414334,14 10 13 11 12 3 6 8 1 0 4 5 9 7 2 
235,2.05863e-06,2.41351e-06,1.87228e-06,50,100,100,414334,14 10 13 11 12 3 6 8 1 0 4 5 9 7 2 
236,2.06275e-06,2.41351e-06,1.90832e-06,50,100,100,414334,14 10 13 11 12 3 6 8 1 0 4 5 9 7 2 
237,2.06462e-06,2.41351e-06,1.93686e-06,50,100,100,414334,14 10 13 11 12 3 6 8 1 0 4 5 9 7 2 
238,2.06401e-06,2.41351e-06,1.92504e-06,50,100,100,414334,14 10 13 11 12 3 6 8 1 0 4 5 9 7 2 
239,2.06401e-06,2.41351e-06,1.91425e-06,50,100,100,414334,14 10 13 11 12 3 6 8 1 0 4 5 9 7 2 
240,2.06987e-06,2.41351e-06,1.91446e-06,50,100,100,414334,14 10 13 11 12 3 6 8 1 0 4 5 9 7 2 
241,2.06674e-06,2.41351e-06,1.93048e-06,50,100,100,414334,14 10 13 11 12 3 6 8 1 0 4 5 9 7 2 
242,2.05078e-06,2.41351e-06,1.90279e-06,50,100,100,414334,14 10 13 11 12 3 6 8 1 0 4 5 9 7 2 
243,2.0583e-06,2.41351e-06,1.89086e-06,50,100,100,414334,14 10 13 11 12 3 6 8 1 0 4 5 9 7 2 
244,2.05345e-06,2.41351e-06,1.90223e-06,50,100,100,414334,14 10 13 11 12 3 6 8 1 0 4 5 9 7 2 
245,2.06164e-06,2.41351e-06,1.92664e-06,50,100,100,414334,14 10 13 11 12 3 6 8 1 0 4 5 9 7 2 
246,2.0675e-06,2.41351e-06,1.9451e-06,50,100,100,414334,14 10 13 11 12 3 6 8 1 0 4 5 9 7 2 
247,2.06952e-06,2.41351e-06,1.93068e-06,50,100,100,414334,14 10 13 11 12 3 6 8 1 0 4 5 9 7 2 
248,2.05863e-06,2.41351e-06,1.90437e-06,50,100,100,414334,14 10 13 11 12 3 6 8 1 0 4 5 9 7 2 
249,2.05167e-06,2.41351e-06,1.89683e-06,50,100,100,414334,14 10 13 11 12 3 6 8 1 0 4 5 9 7 2 
250,2.07437e-06,2.41351e-06,1.90419e-06,50,100,100,414334,14 10 13 11 12 3 6 8 1 0 4 5 9 7 2 
251,2.05761e-06,2.41351e-06,1.87504e-06,50,100,100,414334,14 10 13 11 12 3 6 8 1 0 4 5 9 7 2 
252,2.05877e-06,2.41351e-06,1.91628e-06,50,100,100,414334,14 10 13 11 12 3 6 8 1 0 4 5 9 7 2 
253,2.06554e-06,2.41351e-06,1.90354e-06,50,100,100,414334,14 10 13 11 12 3 6 8 1 0 4 5 9 7 2 
254,2.06361e-06,2.41351e-06,1.93695e-06,50,100,100,414334,14 10 13 11 12 3 6 8 1 0 4 5 9 7 2 
255,2.06265e-06,2.41351e-06,1.88018e-06,50,100,100,414334,14 10 13 11 12 3 6 8 1 0 4 5 9 7 2 
256,2.05352e-06,2.41351e-06,1.86593e-06,50,100,100,414334,14 10 13 11 12 3 6 8 1 0 4 5 9 7 2 
257,2.05017e-06,2.41351e-06,1.90074e-06,50,100,100,414334,14 10 13 11 12 3 6 8 1 0 4 5 9 7 2 
258,2.05046e-06,2.41351e-06,1.91206e-06,50,100,100,414334,14 10 13 11 12 3 6 8 1 0 4 5 9 7 2 
259,2.06031e-06,2.41351e-06,1.88767e-06,50,100,100,414334,14 10 13 11 12 3 6 8 1 0 4 5 9 7 2 
260,2.05999e-06,2.41351e-06,1.93356e-06,50,100,100,414334,14 10 13 11 12 3 6 8 1 0 4 5 9 7 2 
261,2.05815e-06,2.41351e-06,1.89703e-06,50,100,100,414334,14 10 13 11 12 3 6 8 1 0 4 5 9 7 2 
262,2.05342e-06,2.41351e-06,1.90788e-06,50,100,100,414334,14 10 13 11 12 3 6 8 1 0 4 5 9 7 2 
263,2.06684e-06,2.41351e-06,1.86628e-06,50,100,100,414334,14 10 13 11 12 3 6 8 1 0 4 5 9 7 2 
264,2.05835e-06,2.41351e-06,1.89089e-06,50,100,100,414334,14 10 13 11 12 3 6 8 1 0 4 5 9 7 2 
265,2.04861e-06,2.41351e-06,1.9036e-06,50,100,100,414334,14 10 13 11 12 3 6 8 1 0 4 5 9 7 2 
266,2.04502e-06,2.41351e-06,1.89889e-06,50,100,100,414334,14 10 13 11 12 3 6 8 1 0 4 5 9 7 2 
267,2.0591e-06,2.41351e-06,1.92764e-06,50,100,100,414334,14 10 13 11 12 3 6 8 1 0 4 5 9 7 2 
268,2.052e-06,2.41351e-06,1.90816e-06,50,100,100,414334,14 10 13 11 12 3 6 8 1 0 4 5 9 7 2 
269,2.06833e-06,2.41351e-06,1.91296e-06,50,100,100,414334,14 10 13 11 12 3 6 8 1 0 4 5 9 7 2 
270,2.06813e-06,2.41351e-06,1.89708e-06,50,100,100,414334,14 10 13 11 12 3 6 8 1 0 4 5 9 7 2 
271,2.05426e-06,2.41351e-06,1.92501e-06,50,100,100,414334,14 10 13 11 12 3 6 8 1 0 4 5 9 7 2 
272,2.0625e-06,2.41351e-06,1.90244e-06,50,100,100,414334,14 10 13 11 12 3 6 8 1 0 4 5 9 7 2 
273,2.05458e-06,2.41351e-06,1.91176e-06,50,100,100,414334,14 10 13 11 12 3 6 8 1 0 4 5 9 7 2 
274,2.0507e-06,2.41351e-06,1.89808e-06,50,100,100,414334,14 10 13 11 12 3 6 8 1 0 4 5 9 7 2 
275,2.05926e-06,2.41351e-06,1.91753e-06,50,100,100,414334,14 10 13 11 12 3 6 8 1 0 4 5 9 7 2 
276,2.05573e-06,2.41351e-06,1.91138e-06,50,100,100,414334,14 10 13 11 12 3 6 8 1 0 4 5 9 7 2 
277,2.0639e-06,2.41351e-06,1.908e-06,50,100,100,414334,14 10 13 11 12 3 6 8 1 0 4 5 9 7 2 
278,2.04505e-06,2.41351e-06,1.88783e-06,50,100,100,414334,14 10 13 11 12 3 6 8 1 0 4 5 9 7 2 
279,2.05698e-06,2.41351e-06,1.86328e-06,50,100,100,414334,14 10 13 11 12 3 6 8 1 0 4 5 9 7 2 
280,2.05511e-06,2.41351e-06,1.92755e-06,50,100,100,414334,14 10 13 11 12 3 6 8 1 0 4 5 9 7 2 
281,2.0443e-06,2.41351e-06,1.9148e-06,50,100,100,414334,14 10 13 11 12 3 6 8 1 0 4 5 9 7 2 
282,2.05515e-06,2.41351e-06,1.90342e-06,50,100,100,414334,14 10 13 11 12 3 6 8 1 0 4 5 9 7 2 
283,2.05912e-06,2.41351e-06,1.87589e-06,50,100,100,414334,14 10 13 11 12 3 6 8 1 0 4 5 9 7 2 
284,2.06232e-06,2.41351e-06,1.93939e-06,50,100,100,414334,14 10 13 11 12 3 6 8 1 0 4 5 9 7 2 
285,2.07222e-06,2.41351e-06,1.91951e-06,50,100,100,414334,14 10 13 11 12 3 6 8 1 0 4 5 9 7 2 
286,2.0642e-06,2.41351e-06,1.93126e-06,50,100,100,414334,14 10 13 11 12 3 6 8 1 0 4 5 9 7 2 
287,2.07223e-06,2.41351e-06,1.88816e-06,50,100,100,414334,14 10 13 11 12 3 6 8 1 0 4 5 9 7 2 
288,2.04554e-06,2.41351e-06,1.88782e-06,50,100,100,414334,14 10 13 11 12 3 6 8 1 0 4 5 9 7 2 
289,2.07115e-06,2.41351e-06,1.92112e-06,50,100,100,414334,14 10 13 11 12 3 6 8 1 0 4 5 9 7 2 
290,2.06856e-06,2.41351e-06,1.90969e-06,50,100,100,414334,14 10 13 11 12 3 6 8 1 0 4 5 9 7 2 
291,2.05943e-06,2.41351e-06,1.90693e-06,50,100,100,414334,14 10 13 11 12 3 6 8 1 0 4 5 9 7 2 
292,2.05532e-06,2.41351e-06,1.92335e-06,50,100,100,414334,14 10 13 11 12 3 6 8 1 0 4 5 9 7 2 
293,2.05767e-06,2.41351e-06,1.89411e-06,50,100,100,414334,14 10 13 11 12 3 6 8 1 0 4 5 9 7 2 
294,2.06598e-06,2.41351e-06,1.90439e-06,50,100,100,414334,14 10 13 11 12 3 6 8 1 0 4 5 9 7 2 
295,2.06571e-06,2.41351e-06,1.92945e-06,50,100,100,414334,14 10 13 11 12 3 6 8 1 0 4 5 9 7 2 
296,2.05192e-06,2.41351e-06,1.92904e-06,50,100,100,414334,14 10 13 11 12 3 6 8 1 0 4 5 9 7 2 
297,2.065e-06,2.41351e-06,1.9066e-06,50,100,100,414334,14 10 13 11 12 3 6 8 1 0 4 5 9 7 2 
298,2.06281e-06,2.41351e-06,1.91669e-06,50,100,100,414334,14 10 13 11 12 3 6 8 1 0 4 5 9 7 2 
299,2.06193e-06,2.41351e-06,1.91329e-06,50,100,100,414334,14 10 13 11 12 3 6 8 1 0 4 5 9 7 2 
300,2.07637e-06,2.41351e-06,1.92678e-06,50,100,100,414334,14 10 13 11 12 3 6 8 1 0 4 5 9 7 2 
301,2.05995e-06,2.41351e-06,1.87996e-06,50,100,100,414334,14 10 13 11 12 3 6 8 1 0 4 5 9 7 2 
302,2.06553e-06,2.41351e-06,1.87523e-06,50,100,100,414334,14 10 13 11 12 3 6 8 1 0 4 5 9 7 2 
303,2.06591e-06,2.41351e-06,1.89502e-06,50,100,100,414334,14 10 13 11 12 3 6 8 1 0 4 5 9 7 2 
304,2.06316e-06,2.41351e-06,1.93428e-06,50,100,100,414334,14 10 13 11 12 3 6 8 1 0 4 5 9 7 2 
305,2.07323e-06,2.41351e-06,1.92809e-06,50,100,100,414334,14 10 13 11 12 3 6 8 1 0 4 5 9 7 2 
306,2.05131e-06,2.41351e-06,1.90663e-06,50,100,100,414334,14 10 13 11 12 3 6 8 1 0 4 5 9 7 2 
307,2.05285e-06,2.41351e-06,1.90099e-06,50,100,100,414334,14 10 13 11 12 3 6 8 1 0 4 5 9 7 2 
308,2.05146e-06,2.41351e-06,1.89502e-06,50,100,100,414334,14 10 13 11 12 3 6 8 1 0 4 5 9 7 2 
309,2.05857e-06,2.41351e-06,1.88471e-06,50,100,100,414334,14 10 13 11 12 3 6 8 1 0 4 5 9 7 2 
310,2.06701e-06,2.41351e-06,1.92178e-06,50,100,100,414334,14 10 13 11 12 3 6 8 1 0 4 5 9 7 2 
311,2.06408e-06,2.41351e-06,1.89757e-06,50,100,100,414334,14 10 13 11 12 3 6 8 1 0 4 5 9 7 2 
312,2.0551e-06,2.41351e-06,1.90608e-06,50,100,100,414334,14 10 13 11 12 3 6 8 1 0 4 5 9 7 2 
313,2.0455e-06,2.41351e-06,1.88661e-06,50,100,100,414334,14 10 13 11 12 3 6 8 1 0 4 5 9 7 2 
314,2.05478e-06,2.41351e-06,1.899e-06,50,100,100,414334,14 10 13 11 12 3 6 8 1 0 4 5 9 7 2 
315,2.05284e-06,2.41351e-06,1.90048e-06,50,100,100,414334,14 10 13 11 12 3 6 8 1 0 4 5 9 7 2 
316,2.06449e-06,2.41351e-06,1.86485e-06,50,100,100,414334,14 10 13 11 12 3 6 8 1 0 4 5 9 7 2 
317,2.06963e-06,2.41351e-06,1.8925e-06,50,100,100,414334,14 10 13 11 12 3 6 8 1 0 4 5 9 7 2 
318,2.05993e-06,2.41351e-06,1.90705e-06,50,100,100,414334,14 10 13 11 12 3 6 8 1 0 4 5 9 7 2 
319,2.0532e-06,2.41351e-06,1.92962e-06,50,100,100,414334,14 10 13 11 12 3 6 8 1 0 4 5 9 7 2 
320,2.05348e-06,2.41351e-06,1.91187e-06,50,100,100,414334,14 10 13 11 12 3 6 8 1 0 4 5 9 7 2 
321,2.05045e-06,2.41351e-06,1.86077e-06,50,100,100,414334,14 10 13 11 12 3 6 8 1 0 4 5 9 7 2 
322,2.05981e-06,2.41351e-06,1.93543e-06,50,100,100,414334,14 10 13 11 12 3 6 8 1 0 4 5 9 7 2 
323,2.05148e-06,2.41351e-06,1.89874e-06,50,100,100,414334,14 10 13 11 12 3 6 8 1 0 4 5 9 7 2 
324,2.05834e-06,2.41351e-06,1.88943e-06,50,100,100,414334,14 10 13 11 12 3 6 8 1 0 4 5 9 7 2 
325,2.06652e-06,2.41351e-06,1.8886e-06,50,100,100,414334,14 10 13 11 12 3 6 8 1 0 4 5 9 7 2 
326,2.0643e-06,2.41351e-06,1.88677e-06,50,100,100,414334,14 10 13 11 12 3 6 8 1 0 4 5 9 7 2 
327,2.06011e-06,2.41351e-06,1.91042e-06,50,100,100,414334,14 10 13 11 12 3 6 8 1 0 4 5 9 7 2 
328,2.06974e-06,2.41351e-06,1.92109e-06,50,100,100,414334,14 10 13 11 12 3 6 8 1 0 4 5 9 7 2 
329,2.04975e-06,2.41351e-06,1.89437e-06,50,100,100,414334,14 10 13 11 12 3 6 8 1 0 4 5 9 7 2 
330,2.06326e-06,2.41351e-06,1.94315e-06,50,100,100,414334,14 10 13 11 12 3 6 8 1 0 4 5 9 7 2 
331,2.06891e-06,2.41351e-06,1.92384e-06,50,100,100,414334,14 10 13 11 12 3 6 8 1 0 4 5 9 7 2 
332,2.07427e-06,2.41351e-06,1.9194e-06,50,100,100,414334,14 10 13 11 12 3 6 8 1 0 4 5 9 7 2 
333,2.07043e-06,2.41351e-06,1.94937e-06,50,100,100,414334,14 10 13 11 12 3 6 8 1 0 4 5 9 7 2 
334,2.06385e-06,2.41351e-06,1.91968e-06,50,100,100,414334,14 10 13 11 12 3 6 8 1 0 4 5 9 7 2 
335,2.05421e-06,2.41351e-06,1.88773e-06,50,100,100,414334,14 10 13 11 12 3 6 8 1 0 4 5 9 7 2 
336,2.05694e-06,2.41351e-06,1.89738e-06,50,100,100,414334,14 10 13 11 12 3 6 8 1 0 4 5 9 7 2 
337,2.06379e-06,2.41351e-06,1.92521e-06,50,100,100,414334,14 10 13 11 12 3 6 8 1 0 4 5 9 7 2 
338,2.06241e-06,2.41351e-06,1.91585e-06,50,100,100,414334,14 10 13 11 12 3 6 8 1 0 4 5 9 7 2 
339,2.05564e-06,2.41351e-06,1.86753e-06,50,100,100,414334,14 10 13 11 12 3 6 8 1 0 4 5 9 7 2 
340,2.06691e-06,2.41351e-06,1.90666e-06,50,100,100,414334,14 10 13 11 12 3 6 8 1 0 4 5 9 7 2 
341,2.05857e-06,2.41351e-06,1.88175e-06,50,100,100,414334,14 10 13 11 12 3 6 8 1 0 4 5 9 7 2 
342,2.05939e-06,2.41351e-06,1.89631e-06,50,100,100,414334,14 10 13 11 12 3 6 8 1 0 4 5 9 7 2 
343,2.06383e-06,2.41351e-06,1.919e-06,50,100,100,414334,14 10 13 11 12 3 6 8 1 0 4 5 9 7 2 
344,2.05373e-06,2.41351e-06,1.91293e-06,50,100,100,414334,14 10 13 11 12 3 6 8 1 0 4 5 9 7 2 
345,2.05803e-06,2.41351e-06,1.90204e-06,50,100,100,414334,14 10 13 11 12 3 6 8 1 0 4 5 9 7 2 
346,2.05069e-06,2.41351e-06,1.91351e-06,50,100,100,414334,14 10 13 11 12 3 6 8 1 0 4 5 9 7 2 
347,2.06095e-06,2.41351e-06,1.93095e-06,50,100,100,414334,14 10 13 11 12 3 6 8 1 0 4 5 9 7 2 
348,2.06655e-06,2.41351e-06,1.89219e-06,50,100,100,414334,14 10 13 11 12 3 6 8 1 0 4 5 9 7 2 
349,2.05124e-06,2.41351e-06,1.89262e-06,50,100,100,414334,14 10 13 11 12 3 6 8 1 0 4 5 9 7 2 
350,2.05197e-06,2.41351e-06,1.91521e-06,50,100,100,414334,14 10 13 11 12 3 6 8 1 0 4 5 9 7 2 
351,2.07102e-06,2.41351e-06,1.94532e-06,50,100,100,414334,14 10 13 11 12 3 6 8 1 0 4 5 9 7 2 
352,2.07606e-06,2.41351e-06,1.92131e-06,50,100,100,414334,14 10 13 11 12 3 6 8 1 0 4 5 9 7 2 
353,2.06734e-06,2.41351e-06,1.9013e-06,50,100,100,414334,14 10 13 11 12 3 6 8 1 0 4 5 9 7 2 
354,2.05205e-06,2.41351e-06,1.89845e-06,50,100,100,414334,14 10 13 11 12 3 6 8 1 0 4 5 9 7 2 
355,2.06137e-06,2.41351e-06,1.89669e-06,50,100,100,414334,14 10 13 11 12 3 6 8 1 0 4 5 9 7 2 
356,2.04632e-06,2.41351e-06,1.87513e-06,50,100,100,414334,14 10 13 11 12 3 6 8 1 0 4 5 9 7 2 
357,2.05552e-06,2.41351e-06,1.89641e-06,50,100,100,414334,14 10 13 11 12 3 6 8 1 0 4 5 9 7 2 
358,2.05995e-06,2.41351e-06,1.91334e-06,50,100,100,414334,14 10 13 11 12 3 6 8 1 0 4 5 9 7 2 
359,2.0495e-06,2.41351e-06,1.9275e-06,50,100,100,414334,14 10 13 11 12 3 6 8 1 0 4 5 9 7 2 
360,2.05749e-06,2.41351e-06,1.90137e-06,50,100,100,414334,14 10 13 11 12 3 6 8 1 0 4 5 9 7 2 
361,2.06578e-06,2.41351e-06,1.89595e-06,50,100,100,414334,14 10 13 11 12 3 6 8 1 0 4 5 9 7 2 
362,2.051e-06,2.41351e-06,1.91459e-06,50,100,100,414334,14 10 13 11 12 3 6 8 1 0 4 5 9 7 2 
363,2.0657e-06,2.41351e-06,1.92438e-06,50,100,100,414334,14 10 13 11 12 3 6 8 1 0 4 5 9 7 2 
364,2.07529e-06,2.41351e-06,1.8877e-06,50,100,100,414334,14 10 13 11 12 3 6 8 1 0 4 5 9 7 2 
365,2.08263e-06,2.41351e-06,1.90547e-06,50,100,100,414334,14 10 13 11 12 3 6 8 1 0 4 5 9 7 2 
366,2.06307e-06,2.41351e-06,1.90044e-06,50,100,100,414334,14 10 13 11 12 3 6 8 1 0 4 5 9 7 2 
367,2.08069e-06,2.41351e-06,1.92962e-06,50,100,100,414334,14 10 13 11 12 3 6 8 1 0 4 5 9 7 2 
368,2.07149e-06,2.41351e-06,1.91806e-06,50,100,100,414334,14 10 13 11 12 3 6 8 1 0 4 5 9 7 2 
369,2.06229e-06,2.41351e-06,1.91397e-06,50,100,100,414334,14 10 13 11 12 3 6 8 1 0 4 5 9 7 2 
370,2.05192e-06,2.41351e-06,1.92713e-06,50,100,100,414334,14 10 13 11 12 3 6 8 1 0 4 5 9 7 2 
371,2.04935e-06,2.41351e-06,1.91524e-06,50,100,100,414334,14 10 13 11 12 3 6 8 1 0 4 5 9 7 2 
372,2.0461e-06,2.41351e-06,1.88769e-06,50,100,100,414334,14 10 13 11 12 3 6 8 1 0 4 5 9 7 2 
373,2.05219e-06,2.41351e-06,1.92125e-06,50,100,100,414334,14 10 13 11 12 3 6 8 1 0 4 5 9 7 2 
374,2.05094e-06,2.41351e-06,1.91566e-06,50,100,100,414334,14 10 13 11 12 3 6 8 1 0 4 5 9 7 2 
375,2.04952e-06,2.41351e-06,1.91248e-06,50,100,100,414334,14 10 13 11 12 3 6 8 1 0 4 5 9 7 2 
376,2.04896e-06,2.41351e-06,1.88803e-06,50,100,100,414334,14 10 13 11 12 3 6 8 1 0 4 5 9 7 2 
377,2.05475e-06,2.41351e-06,1.89073e-06,50,100,100,414334,14 10 13 11 12 3 6 8 1 0 4 5 9 7 2 
378,2.06589e-06,2.41351e-06,1.90392e-06,50,100,100,414334,14 10 13 11 12 3 6 8 1 0 4 5 9 7 2 
379,2.06069e-06,2.41351e-06,1.9383e-06,50,100,100,414334,14 10 13 11 12 3 6 8 1 0 4 5 9 7 2 
380,2.05881e-06,2.41351e-06,1.90901e-06,50,100,100,414334,14 10 13 11 12 3 6 8 1 0 4 5 9 7 2 
381,2.0554e-06,2.41351e-06,1.91293e-06,50,100,100,414334,14 10 13 11 12 3 6 8 1 0 4 5 9 7 2 
382,2.06605e-06,2.41351e-06,1.87704e-06,50,100,100,414334,14 10 13 11 12 3 6 8 1 0 4 5 9 7 2 
383,2.05678e-06,2.41351e-06,1.90558e-06,50,100,100,414334,14 10 13 11 12 3 6 8 1 0 4 5 9 7 2 
384,2.06037e-06,2.41351e-06,1.92464e-06,50,100,100,414334,14 10 13 11 12 3 6 8 1 0 4 5 9 7 2 
385,2.0548e-06,2.41351e-06,1.90932e-06,50,100,100,414334,14 10 13 11 12 3 6 8 1 0 4 5 9 7 2 
386,2.06143e-06,2.41351e-06,1.89929e-06,50,100,100,414334,14 10 13 11 12 3 6 8 1 0 4 5 9 7 2 
387,2.05469e-06,2.41351e-06,1.89924e-06,50,100,100,414334,14 10 13 11 12 3 6 8 1 0 4 5 9 7 2 
388,2.05367e-06,2.41351e-06,1.93092e-06,50,100,100,414334,14 10 13 11 12 3 6 8 1 0 4 5 9 7 2 
389,2.05508e-06,2.41351e-06,1.89409e-06,50,100,100,414334,14 10 13 11 12 3 6 8 1 0 4 5 9 7 2 
390,2.05698e-06,2.41351e-06,1.91335e-06,50,100,100,414334,14 10 13 11 12 3 6 8 1 0 4 5 9 7 2 
391,2.05802e-06,2.41351e-06,1.908e-06,50,100,100,414334,14 10 13 11 12 3 6 8 1 0 4 5 9 7 2 
392,2.05475e-06,2.41351e-06,1.91125e-06,50,100,100,414334,14 10 13 11 12 3 6 8 1 0 4 5 9 7 2 
393,2.04589e-06,2.41351e-06,1.92099e-06,50,100,100,414334,14 10 13 11 12 3 6 8 1 0 4 5 9 7 2 
394,2.06409e-06,2.41351e-06,1.91949e-06,50,100,100,414334,14 10 13 11 12 3 6 8 1 0 4 5 9 7 2 
395,2.06736e-06,2.41351e-06,1.93869e-06,50,100,100,414334,14 10 13 11 12 3 6 8 1 0 4 5 9 7 2 
396,2.0526e-06,2.41351e-06,1.87657e-06,50,100,100,414334,14 10 13 11 12 3 6 8 1 0 4 5 9 7 2 
397,2.04513e-06,2.41351e-06,1.92014e-06,50,100,100,414334,14 10 13 11 12 3 6 8 1 0 4 5 9 7 2 
398,2.04943e-06,2.41351e-06,1.94361e-06,50,100,100,414334,14 10 13 11 12 3 6 8 1 0 4 5 9 7 2 
399,2.05061e-06,2.41351e-06,1.91434e-06,50,100,100,414334,14 10 13 11 12 3 6 8 1 0 4 5 9 7 2 
400,2.05982e-06,2.41351e-06,1.90261e-06,50,100,100,414334,14 10 13 11 12 3 6 8 1 0 4 5 9 7 2 
401,2.06548e-06,2.41351e-06,1.9128e-06,50,100,100,414334,14 10 13 11 12 3 6 8 1 0 4 5 9 7 2 
402,2.05039e-06,2.41351e-06,1.91781e-06,50,100,100,414334,14 10 13 11 12 3 6 8 1 0 4 5 9 7 2 
403,2.0463e-06,2.41351e-06,1.90074e-06,50,100,100,414334,14 10 13 11 12 3 6 8 1 0 4 5 9 7 2 
404,2.06335e-06,2.41351e-06,1.89215e-06,50,100,100,414334,14 10 13 11 12 3 6 8 1 0 4 5 9 7 2 
405,2.06229e-06,2.41351e-06,1.89596e-06,50,100,100,414334,14 10 13 11 12 3 6 8 1 0 4 5 9 7 2 
406,2.06555e-06,2.41351e-06,1.93634e-06,50,100,100,414334,14 10 13 11 12 3 6 8 1 0 4 5 9 7 2 
407,2.06564e-06,2.41351e-06,1.925e-06,50,100,100,414334,14 10 13 11 12 3 6 8 1 0 4 5 9 7 2 
408,2.05652e-06,2.41351e-06,1.8894e-06,50,100,100,414334,14 10 13 11 12 3 6 8 1 0 4 5 9 7 2 
409,2.05723e-06,2.41351e-06,1.91368e-06,50,100,100,414334,14 10 13 11 12 3 6 8 1 0 4 5 9 7 2 
410,2.06025e-06,2.41351e-06,1.89028e-06,50,100,100,414334,14 10 13 11 12 3 6 8 1 0 4 5 9 7 2 
411,2.05102e-06,2.41351e-06,1.90588e-06,50,100,100,414334,14 10 13 11 12 3 6 8 1 0 4 5 9 7 2 
412,2.05106e-06,2.41351e-06,1.8737e-06,50,100,100,414334,14 10 13 11 12 3 6 8 1 0 4 5 9 7 2 
413,2.05123e-06,2.41351e-06,1.92154e-06,50,100,100,414334,14 10 13 11 12 3 6 8 1 0 4 5 9 7 2 
414,2.05858e-06,2.41351e-06,1.91294e-06,50,100,100,414334,14 10 13 11 12 3 6 8 1 0 4 5 9 7 2 
415,2.06319e-06,2.41351e-06,1.88588e-06,50,100,100,414334,14 10 13 11 12 3 6 8 1 0 4 5 9 7 2 
416,2.05721e-06,2.41351e-06,1.9173e-06,50,100,100,414334,14 10 13 11 12 3 6 8 1 0 4 5 9 7 2 
417,2.0606e-06,2.41351e-06,1.92658e-06,50,100,100,414334,14 10 13 11 12 3 6 8 1 0 4 5 9 7 2 
418,2.05093e-06,2.41351e-06,1.90292e-06,50,100,100,414334,14 10 13 11 12 3 6 8 1 0 4 5 9 7 2 
419,2.05909e-06,2.41351e-06,1.93197e-06,50,100,100,414334,14 10 13 11 12 3 6 8 1 0 4 5 9 7 2 
420,2.05114e-06,2.41351e-06,1.92774e-06,50,100,100,414334,14 10 13 11 12 3 6 8 1 0 4 5 9 7 2 
421,2.04265e-06,2.41351e-06,1.90448e-06,50,100,100,414334,14 10 13 11 12 3 6 8 1 0 4 5 9 7 2 
422,2.06718e-06,2.41351e-06,1.87997e-06,50,100,100,414334,14 10 13 11 12 3 6 8 1 0 4 5 9 7 2 
423,2.06489e-06,2.41351e-06,1.91359e-06,50,100,100,414334,14 10 13 11 12 3 6 8 1 0 4 5 9 7 2 
424,2.06033e-06,2.41351e-06,1.9185e-06,50,100,100,414334,14 10 13 11 12 3 6 8 1 0 4 5 9 7 2 
425,2.05537e-06,2.41351e-06,1.90844e-06,50,100,100,414334,14 10 13 11 12 3 6 8 1 0 4 5 9 7 2 
426,2.06489e-06,2.41351e-06,1.92873e-06,50,100,100,414334,14 10 13 11 12 3 6 8 1 0 4 5 9 7 2 
427,2.06833e-06,2.41351e-06,1.95116e-06,50,100,100,414334,14 10 13 11 12 3 6 8 1 0 4 5 9 7 2 
428,2.06401e-06,2.41351e-06,1.918e-06,50,100,100,414334,14 10 13 11 12 3 6 8 1 0 4 5 9 7 2 
429,2.05136e-06,2.41351e-06,1.89565e-06,50,100,100,414334,14 10 13 11 12 3 6 8 1 0 4 5 9 7 2 
430,2.06749e-06,2.41351e-06,1.9186e-06,50,100,100,414334,14 10 13 11 12 3 6 8 1 0 4 5 9 7 2 
431,2.05639e-06,2.41351e-06,1.92591e-06,50,100,100,414334,14 10 13 11 12 3 6 8 1 0 4 5 9 7 2 
432,2.06188e-06,2.41351e-06,1.88446e-06,50,100,100,414334,14 10 13 11 12 3 6 8 1 0 4 5 9 7 2 
433,2.05399e-06,2.41351e-06,1.9134e-06,50,100,100,414334,14 10 13 11 12 3 6 8 1 0 4 5 9 7 2 
434,2.05956e-06,2.41351e-06,1.8654e-06,50,100,100,414334,14 10 13 11 12 3 6 8 1 0 4 5 9 7 2 
435,2.06149e-06,2.41351e-06,1.92016e-06,50,100,100,414334,14 10 13 11 12 3 6 8 1 0 4 5 9 7 2 
436,2.06122e-06,2.41351e-06,1.90999e-06,50,100,100,414334,14 10 13 11 12 3 6 8 1 0 4 5 9 7 2 
437,2.05417e-06,2.41351e-06,1.87064e-06,50,100,100,414334,14 10 13 11 12 3 6 8 1 0 4 5 9 7 2 
438,2.04287e-06,2.41351e-06,1.91757e-06,50,100,100,414334,14 10 13 11 12 3 6 8 1 0 4 5 9 7 2 
439,2.05315e-06,2.41351e-06,1.89752e-06,50,100,100,414334,14 10 13 11 12 3 6 8 1 0 4 5 9 7 2 
440,2.04968e-06,2.41351e-06,1.89651e-06,50,100,100,414334,14 10 13 11 12 3 6 8 1 0 4 5 9 7 2 
441,2.04488e-06,2.41351e-06,1.92162e-06,50,100,100,414334,14 10 13 11 12 3 6 8 1 0 4 5 9 7 2 
442,2.04503e-06,2.41351e-06,1.884e-06,50,100,100,414334,14 10 13 11 12 3 6 8 1 0 4 5 9 7 2 
443,2.06118e-06,2.41351e-06,1.93298e-06,50,100,100,414334,14 10 13 11 12 3 6 8 1 0 4 5 9 7 2 
444,2.06333e-06,2.41351e-06,1.89715e-06,50,100,100,414334,14 10 13 11 12 3 6 8 1 0 4 5 9 7 2 
445,2.06586e-06,2.41351e-06,1.92527e-06,50,100,100,414334,14 10 13 11 12 3 6 8 1 0 4 5 9 7 2 
446,2.05105e-06,2.41351e-06,1.89462e-06,50,100,100,414334,14 10 13 11 12 3 6 8 1 0 4 5 9 7 2 
447,2.05776e-06,2.41351e-06,1.86907e-06,50,100,100,414334,14 10 13 11 12 3 6 8 1 0 4 5 9 7 2 
448,2.05314e-06,2.41351e-06,1.91183e-06,50,100,100,414334,14 10 13 11 12 3 6 8 1 0 4 5 9 7 2 
449,2.06393e-06,2.41351e-06,1.91869e-06,50,100,100,414334,14 10 13 11 12 3 6 8 1 0 4 5 9 7 2 
450,2.07116e-06,2.41351e-06,1.9179e-06,50,100,100,414334,14 10 13 11 12 3 6 8 1 0 4 5 9 7 2 
451,2.06339e-06,2.41351e-06,1.90296e-06,50,100,100,414334,14 10 13 11 12 3 6 8 1 0 4 5 9 7 2 
452,2.06847e-06,2.41351e-06,1.91046e-06,50,100,100,414334,14 10 13 11 12 3 6 8 1 0 4 5 9 7 2 
453,2.07096e-06,2.41351e-06,1.89792e-06,50,100,100,414334,14 10 13 11 12 3 6 8 1 0 4 5 9 7 2 
454,2.05961e-06,2.41351e-06,1.90154e-06,50,100,100,414334,14 10 13 11 12 3 6 8 1 0 4 5 9 7 2 
455,2.06317e-06,2.41351e-06,1.88124e-06,50,100,100,414334,14 10 13 11 12 3 6 8 1 0 4 5 9 7 2 
456,2.06136e-06,2.41351e-06,1.8972e-06,50,100,100,414334,14 10 13 11 12 3 6 8 1 0 4 5 9 7 2 
457,2.07236e-06,2.41351e-06,1.94063e-06,50,100,100,414334,14 10 13 11 12 3 6 8 1 0 4 5 9 7 2 
458,2.07623e-06,2.41351e-06,1.89759e-06,50,100,100,414334,14 10 13 11 12 3 6 8 1 0 4 5 9 7 2 
459,2.0629e-06,2.41351e-06,1.91877e-06,50,100,100,414334,14 10 13 11 12 3 6 8 1 0 4 5 9 7 2 
460,2.06584e-06,2.41351e-06,1.93844e-06,50,100,100,414334,14 10 13 11 12 3 6 8 1 0 4 5 9 7 2 
461,2.05135e-06,2.41351e-06,1.88226e-06,50,100,100,414334,14 10 13 11 12 3 6 8 1 0 4 5 9 7 2 
462,2.05092e-06,2.41351e-06,1.91084e-06,50,100,100,414334,14 10 13 11 12 3 6 8 1 0 4 5 9 7 2 
463,2.06228e-06,2.41351e-06,1.94202e-06,50,100,100,414334,14 10 13 11 12 3 6 8 1 0 4 5 9 7 2 
464,2.056e-06,2.41351e-06,1.91645e-06,50,100,100,414334,14 10 13 11 12 3 6 8 1 0 4 5 9 7 2 
465,2.05856e-06,2.41351e-06,1.87748e-06,50,100,100,414334,14 10 13 11 12 3 6 8 1 0 4 5 9 7 2 
466,2.05356e-06,2.41351e-06,1.92392e-06,50,100,100,414334,14 10 13 11 12 3 6 8 1 0 4 5 9 7 2 
467,2.05329e-06,2.41351e-06,1.93586e-06,50,100,100,414334,14 10 13 11 12 3 6 8 1 0 4 5 9 7 2 
468,2.03844e-06,2.41351e-06,1.90798e-06,50,100,100,414334,14 10 13 11 12 3 6 8 1 0 4 5 9 7 2 
469,2.04212e-06,2.41351e-06,1.89346e-06,50,100,100,414334,14 10 13 11 12 3 6 8 1 0 4 5 9 7 2 
470,2.04938e-06,2.41351e-06,1.92044e-06,50,100,100,414334,14 10 13 11 12 3 6 8 1 0 4 5 9 7 2 
471,2.0636e-06,2.41351e-06,1.91872e-06,50,100,100,414334,14 10 13 11 12 3 6 8 1 0 4 5 9 7 2 
472,2.0481e-06,2.41351e-06,1.9141e-06,50,100,100,414334,14 10 13 11 12 3 6 8 1 0 4 5 9 7 2 
473,2.04497e-06,2.41351e-06,1.86047e-06,50,100,100,414334,14 10 13 11 12 3 6 8 1 0 4 5 9 7 2 
474,2.05868e-06,2.41351e-06,1.918e-06,50,100,100,414334,14 10 13 11 12 3 6 8 1 0 4 5 9 7 2 
475,2.06983e-06,2.41351e-06,1.91913e-06,50,100,100,414334,14 10 13 11 12 3 6 8 1 0 4 5 9 7 2 
476,2.07012e-06,2.41351e-06,1.92463e-06,50,100,100,414334,14 10 13 11 12 3 6 8 1 0 4 5 9 7 2 
477,2.06283e-06,2.41351e-06,1.89819e-06,50,100,100,414334,14 10 13 11 12 3 6 8 1 0 4 5 9 7 2 
478,2.0601e-06,2.41351e-06,1.87571e-06,50,100,100,414334,14 10 13 11 12 3 6 8 1 0 4 5 9 7 2 
479,2.06246e-06,2.41351e-06,1.90885e-06,50,100,100,414334,14 10 13 11 12 3 6 8 1 0 4 5 9 7 2 
480,2.06976e-06,2.41351e-06,1.89552e-06,50,100,100,414334,14 10 13 11 12 3 6 8 1 0 4 5 9 7 2 
481,2.07724e-06,2.41351e-06,1.92748e-06,50,100,100,414334,14 10 13 11 12 3 6 8 1 0 4 5 9 7 2 
482,2.08615e-06,2.41351e-06,1.93761e-06,50,100,100,414334,14 10 13 11 12 3 6 8 1 0 4 5 9 7 2 
483,2.07147e-06,2.41351e-06,1.89194e-06,50,100,100,414334,14 10 13 11 12 3 6 8 1 0 4 5 9 7 2 
484,2.0663e-06,2.41351e-06,1.89839e-06,50,100,100,414334,14 10 13 11 12 3 6 8 1 0 4 5 9 7 2 
485,2.05784e-06,2.41351e-06,1.92398e-06,50,100,100,414334,14 10 13 11 12 3 6 8 1 0 4 5 9 7 2 
486,2.05286e-06,2.41351e-06,1.89711e-06,50,100,100,414334,14 10 13 11 12 3 6 8 1 0 4 5 9 7 2 
487,2.06061e-06,2.41351e-06,1.91412e-06,50,100,100,414334,14 10 13 11 12 3 6 8 1 0 4 5 9 7 2 
488,2.06166e-06,2.41351e-06,1.90399e-06,50,100,100,414334,14 10 13 11 12 3 6 8 1 0 4 5 9 7 2 
489,2.06058e-06,2.41351e-06,1.9132e-06,50,100,100,414334,14 10 13 11 12 3 6 8 1 0 4 5 9 7 2 
490,2.05904e-06,2.41351e-06,1.91868e-06,50,100,100,414334,14 10 13 11 12 3 6 8 1 0 4 5 9 7 2 
491,2.06844e-06,2.41351e-06,1.92353e-06,50,100,100,414334,14 10 13 11 12 3 6 8 1 0 4 5 9 7 2 
492,2.05962e-06,2.41351e-06,1.9288e-06,50,100,100,414334,14 10 13 11 12 3 6 8 1 0 4 5 9 7 2 
493,2.05697e-06,2.41351e-06,1.92324e-06,50,100,100,414334,14 10 13 11 12 3 6 8 1 0 4 5 9 7 2 
494,2.0591e-06,2.41351e-06,1.92044e-06,50,100,100,414334,14 10 13 11 12 3 6 8 1 0 4 5 9 7 2 
495,2.06685e-06,2.41351e-06,1.91765e-06,50,100,100,414334,14 10 13 11 12 3 6 8 1 0 4 5 9 7 2 
496,2.04927e-06,2.41351e-06,1.86461e-06,50,100,100,414334,14 10 13 11 12 3 6 8 1 0 4 5 9 7 2 
497,2.0528e-06,2.41351e-06,1.89086e-06,50,100,100,414334,14 10 13 11 12 3 6 8 1 0 4 5 9 7 2 
498,2.05291e-06,2.41351e-06,1.88083e-06,50,100,100,414334,14 10 13 11 12 3 6 8 1 0 4 5 9 7 2 
499,2.05982e-06,2.41351e-06,1.8914e-06,50,100,100,414334,14 10 13 11 12 3 6 8 1 0 4 5 9 7 2 
500,2.06577e-06,2.41351e-06,1.88059e-06,50,100,100,414334,14 10 13 11 12 3 6 8 1 0 4 5 9 7 2 
501,2.06133e-06,2.41351e-06,1.89434e-06,50,100,100,414334,14 10 13 11 12 3 6 8 1 0 4 5 9 7 2 
502,2.07343e-06,2.41351e-06,1.90617e-06,50,100,100,414334,14 10 13 11 12 3 6 8 1 0 4 5 9 7 2 
503,2.07304e-06,2.41351e-06,1.9302e-06,50,100,100,414334,14 10 13 11 12 3 6 8 1 0 4 5 9 7 2 
504,2.06221e-06,2.41351e-06,1.87703e-06,50,100,100,414334,14 10 13 11 12 3 6 8 1 0 4 5 9 7 2 
505,2.06522e-06,2.41351e-06,1.93862e-06,50,100,100,414334,14 10 13 11 12 3 6 8 1 0 4 5 9 7 2 
506,2.06647e-06,2.41351e-06,1.94093e-06,50,100,100,414334,14 10 13 11 12 3 6 8 1 0 4 5 9 7 2 
507,2.05951e-06,2.41351e-06,1.90023e-06,50,100,100,414334,14 10 13 11 12 3 6 8 1 0 4 5 9 7 2 
508,2.06382e-06,2.41351e-06,1.91988e-06,50,100,100,414334,14 10 13 11 12 3 6 8 1 0 4 5 9 7 2 
509,2.06117e-06,2.41351e-06,1.89037e-06,50,100,100,414334,14 10 13 11 12 3 6 8 1 0 4 5 9 7 2 
510,2.06029e-06,2.41351e-06,1.92175e-06,50,100,100,414334,14 10 13 11 12 3 6 8 1 0 4 5 9 7 2 
511,2.07563e-06,2.41351e-06,1.92381e-06,50,100,100,414334,14 10 13 11 12 3 6 8 1 0 4 5 9 7 2 
512,2.05858e-06,2.41351e-06,1.92032e-06,50,100,100,414334,14 10 13 11 12 3 6 8 1 0 4 5 9 7 2 
513,2.0607e-06,2.41351e-06,1.89861e-06,50,100,100,414334,14 10 13 11 12 3 6 8 1 0 4 5 9 7 2 
514,2.0738e-06,2.41351e-06,1.93394e-06,50,100,100,414334,14 10 13 11 12 3 6 8 1 0 4 5 9 7 2 
515,2.06435e-06,2.41351e-06,1.93483e-06,50,100,100,414334,14 10 13 11 12 3 6 8 1 0 4 5 9 7 2 
516,2.06003e-06,2.41351e-06,1.93667e-06,50,100,100,414334,14 10 13 11 12 3 6 8 1 0 4 5 9 7 2 
517,2.06288e-06,2.41351e-06,1.89457e-06,50,100,100,414334,14 10 13 11 12 3 6 8 1 0 4 5 9 7 2 
518,2.06395e-06,2.41351e-06,1.90998e-06,50,100,100,414334,14 10 13 11 12 3 6 8 1 0 4 5 9 7 2 
519,2.06327e-06,2.41351e-06,1.85799e-06,50,100,100,414334,14 10 13 11 12 3 6 8 1 0 4 5 9 7 2 
520,2.05253e-06,2.41351e-06,1.9125e-06,50,100,100,414334,14 10 13 11 12 3 6 8 1 0 4 5 9 7 2 
521,2.06349e-06,2.41351e-06,1.93203e-06,50,100,100,414334,14 10 13 11 12 3 6 8 1 0 4 5 9 7 2 
522,2.05604e-06,2.41351e-06,1.91596e-06,50,100,100,414334,14 10 13 11 12 3 6 8 1 0 4 5 9 7 2 
523,2.05235e-06,2.41351e-06,1.86526e-06,50,100,100,414334,14 10 13 11 12 3 6 8 1 0 4 5 9 7 2 
524,2.0674e-06,2.41351e-06,1.90188e-06,50,100,100,414334,14 10 13 11 12 3 6 8 1 0 4 5 9 7 2 
525,2.05129e-06,2.41351e-06,1.89903e-06,50,100,100,414334,14 10 13 11 12 3 6 8 1 0 4 5 9 7 2 
526,2.062e-06,2.41351e-06,1.92449e-06,50,100,100,414334,14 10 13 11 12 3 6 8 1 0 4 5 9 7 2 
527,2.06304e-06,2.41431e-06,1.90145e-06,50,100,100,414196,14 10 13 11 12 3 6 9 4 0 1 8 5 7 2 
528,2.07817e-06,2.41431e-06,1.93031e-06,50,100,100,414196,14 10 13 11 12 3 6 9 4 0 1 8 5 7 2 
529,2.05289e-06,2.41431e-06,1.89584e-06,50,100,100,414196,14 10 13 11 12 3 6 9 4 0 1 8 5 7 2 
530,2.06157e-06,2.41431e-06,1.92022e-06,50,100,100,414196,14 10 13 11 12 3 6 9 4 0 1 8 5 7 2 
531,2.06523e-06,2.41431e-06,1.93234e-06,50,100,100,414196,14 10 13 11 12 3 6 9 4 0 1 8 5 7 2 
532,2.06446e-06,2.41431e-06,1.93659e-06,50,100,100,414196,14 10 13 11 12 3 6 9 4 0 1 8 5 7 2 
533,2.05419e-06,2.41431e-06,1.92505e-06,50,100,100,414196,14 10 13 11 12 3 6 9 4 0 1 8 5 7 2 
534,2.06594e-06,2.41431e-06,1.9303e-06,50,100,100,414196,14 10 13 11 12 3 6 9 4 0 1 8 5 7 2 
535,2.06449e-06,2.41431e-06,1.91252e-06,50,100,100,414196,14 10 13 11 12 3 6 9 4 0 1 8 5 7 2 
536,2.06594e-06,2.41431e-06,1.92242e-06,50,100,100,414196,14 10 13 11 12 3 6 9 4 0 1 8 5 7 2 
537,2.0666e-06,2.41431e-06,1.90233e-06,50,100,100,414196,14 10 13 11 12 3 6 9 4 0 1 8 5 7 2 
538,2.06433e-06,2.41431e-06,1.88298e-06,50,100,100,414196,14 10 13 11 12 3 6 9 4 0 1 8 5 7 2 
539,2.0665e-06,2.41431e-06,1.90194e-06,50,100,100,414196,14 10 13 11 12 3 6 9 4 0 1 8 5 7 2 
540,2.05785e-06,2.41431e-06,1.92525e-06,50,100,100,414196,14 10 13 11 12 3 6 9 4 0 1 8 5 7 2 
541,2.05583e-06,2.41431e-06,1.90506e-06,50,100,100,414196,14 10 13 11 12 3 6 9 4 0 1 8 5 7 2 
542,2.04356e-06,2.41431e-06,1.88255e-06,50,100,100,414196,14 10 13 11 12 3 6 9 4 0 1 8 5 7 2 
543,2.04512e-06,2.41431e-06,1.8949e-06,50,100,100,414196,14 10 13 11 12 3 6 9 4 0 1 8 5 7 2 
544,2.0578e-06,2.41431e-06,1.87566e-06,50,100,100,414196,14 10 13 11 12 3 6 9 4 0 1 8 5 7 2 
545,2.05161e-06,2.41431e-06,1.88918e-06,50,100,100,414196,14 10 13 11 12 3 6 9 4 0 1 8 5 7 2 
546,2.05833e-06,2.41431e-06,1.93326e-06,50,100,100,414196,14 10 13 11 12 3 6 9 4 0 1 8 5 7 2 
547,2.04762e-06,2.41431e-06,1.92131e-06,50,100,100,414196,14 10 13 11 12 3 6 9 4 0 1 8 5 7 2 
548,2.05195e-06,2.41431e-06,1.88527e-06,50,100,100,414196,14 10 13 11 12 3 6 9 4 0 1 8 5 7 2 
549,2.0484e-06,2.41431e-06,1.91931e-06,50,100,100,414196,14 10 13 11 12 3 6 9 4 0 1 8 5 7 2 
550,2.06508e-06,2.41431e-06,1.93701e-06,50,100,100,414196,14 10 13 11 12 3 6 9 4 0 1 8 5 7 2 
551,2.06058e-06,2.41431e-06,1.9113e-06,50,100,100,414196,14 10 13 11 12 3 6 9 4 0 1 8 5 7 2 
552,2.05891e-06,2.41431e-06,1.91934e-06,50,100,100,414196,14 10 13 11 12 3 6 9 4 0 1 8 5 7 2 
553,2.06935e-06,2.41431e-06,1.9456e-06,50,100,100,414196,14 10 13 11 12 3 6 9 4 0 1 8 5 7 2 
554,2.06609e-06,2.41431e-06,1.93411e-06,50,100,100,414196,14 10 13 11 12 3 6 9 4 0 1 8 5 7 2 
555,2.06908e-06,2.41431e-06,1.89541e-06,50,100,100,414196,14 10 13 11 12 3 6 9 4 0 1 8 5 7 2 
556,2.05993e-06,2.41431e-06,1.9143e-06,50,100,100,414196,14 10 13 11 12 3 6 9 4 0 1 8 5 7 2 
557,2.05943e-06,2.41431e-06,1.89557e-06,50,100,100,414196,14 10 13 11 12 3 6 9 4 0 1 8 5 7 2 
558,2.04969e-06,2.41431e-06,1.87823e-06,50,100,100,414196,14 10 13 11 12 3 6 9 4 0 1 8 5 7 2 
559,2.06902e-06,2.41431e-06,1.94886e-06,50,100,100,414196,14 10 13 11 12 3 6 9 4 0 1 8 5 7 2 
560,2.06493e-06,2.41431e-06,1.93141e-06,50,100,100,414196,14 10 13 11 12 3 6 9 4 0 1 8 5 7 2 
561,2.07212e-06,2.41431e-06,1.89986e-06,50,100,100,414196,14 10 13 11 12 3 6 9 4 0 1 8 5 7 2 
562,2.07167e-06,2.41431e-06,1.91837e-06,50,100,100,414196,14 10 13 11 12 3 6 9 4 0 1 8 5 7 2 
563,2.06305e-06,2.41431e-06,1.92424e-06,50,100,100,414196,14 10 13 11 12 3 6 9 4 0 1 8 5 7 2 
564,2.06102e-06,2.41431e-06,1.89716e-06,50,100,100,414196,14 10 13 11 12 3 6 9 4 0 1 8 5 7 2 
565,2.06784e-06,2.41431e-06,1.93092e-06,50,100,100,414196,14 10 13 11 12 3 6 9 4 0 1 8 5 7 2 
566,2.0606e-06,2.41431e-06,1.90785e-06,50,100,100,414196,14 10 13 11 12 3 6 9 4 0 1 8 5 7 2 
567,2.05792e-06,2.41431e-06,1.90949e-06,50,100,100,414196,14 10 13 11 12 3 6 9 4 0 1 8 5 7 2 
568,2.05998e-06,2.41431e-06,1.91871e-06,50,100,100,414196,14 10 13 11 12 3 6 9 4 0 1 8 5 7 2 
569,2.05894e-06,2.41431e-06,1.91103e-06,50,100,100,414196,14 10 13 11 12 3 6 9 4 0 1 8 5 7 2 
570,2.05457e-06,2.41431e-06,1.89807e-06,50,100,100,414196,14 10 13 11 12 3 6 9 4 0 1 8 5 7 2 
571,2.06793e-06,2.41431e-06,1.92986e-06,50,100,100,414196,14 10 13 11 12 3 6 9 4 0 1 8 5 7 2 
572,2.05885e-06,2.41431e-06,1.92777e-06,50,100,100,414196,14 10 13 11 12 3 6 9 4 0 1 8 5 7 2 
573,2.06462e-06,2.41431e-06,1.92352e-06,50,100,100,414196,14 10 13 11 12 3 6 9 4 0 1 8 5 7 2 
574,2.06147e-06,2.41431e-06,1.9151e-06,50,100,100,414196,14 10 13 11 12 3 6 9 4 0 1 8 5 7 2 
575,2.06648e-06,2.41431e-06,1.91255e-06,50,100,100,414196,14 10 13 11 12 3 6 9 4 0 1 8 5 7 2 
576,2.05358e-06,2.41431e-06,1.90227e-06,50,100,100,414196,14 10 13 11 12 3 6 9 4 0 1 8 5 7 2 
577,2.06026e-06,2.41431e-06,1.91542e-06,50,100,100,414196,14 10 13 11 12 3 6 9 4 0 1 8 5 7 2 
578,2.05905e-06,2.41431e-06,1.85577e-06,50,100,100,414196,14 10 13 11 12 3 6 9 4 0 1 8 5 7 2 
579,2.04874e-06,2.41431e-06,1.88377e-06,50,100,100,414196,14 10 13 11 12 3 6 9 4 0 1 8 5 7 2 
580,2.06472e-06,2.41431e-06,1.90227e-06,50,100,100,414196,14 10 13 11 12 3 6 9 4 0 1 8 5 7 2 
581,2.06683e-06,2.44418e-06,1.89767e-06,50,100,100,409134,14 10 13 11 12 3 6 9 4 0 1 5 8 7 2 
582,2.07553e-06,2.44418e-06,1.92801e-06,50,100,100,409134,14 10 13 11 12 3 6 9 4 0 1 5 8 7 2 
583,2.06739e-06,2.44418e-06,1.92711e-06,50,100,100,409134,14 10 13 11 12 3 6 9 4 0 1 5 8 7 2 
584,2.07312e-06,2.44418e-06,1.91213e-06,50,100,100,409134,14 10 13 11 12 3 6 9 4 0 1 5 8 7 2 
585,2.07577e-06,2.44418e-06,1.9393e-06,50,100,100,409134,14 10 13 11 12 3 6 9 4 0 1 5 8 7 2 
586,2.07706e-06,2.44418e-06,1.9176e-06,50,100,100,409134,14 10 13 11 12 3 6 9 4 0 1 5 8 7 2 
587,2.06219e-06,2.44418e-06,1.89603e-06,50,100,100,409134,14 10 13 11 12 3 6 9 4 0 1 5 8 7 2 
588,2.06959e-06,2.44418e-06,1.90969e-06,50,100,100,409134,14 10 13 11 12 3 6 9 4 0 1 5 8 7 2 
589,2.06609e-06,2.44418e-06,1.92716e-06,50,100,100,409134,14 10 13 11 12 3 6 9 4 0 1 5 8 7 2 
590,2.06094e-06,2.44418e-06,1.9024e-06,50,100,100,409134,14 10 13 11 12 3 6 9 4 0 1 5 8 7 2 
591,2.05686e-06,2.44418e-06,1.91659e-06,50,100,100,409134,14 10 13 11 12 3 6 9 4 0 1 5 8 7 2 
592,2.05857e-06,2.44418e-06,1.89258e-06,50,100,100,409134,14 10 13 11 12 3 6 9 4 0 1 5 8 7 2 
593,2.05319e-06,2.44418e-06,1.88055e-06,50,100,100,409134,14 10 13 11 12 3 6 9 4 0 1 5 8 7 2 
594,2.05211e-06,2.44418e-06,1.90694e-06,50,100,100,409134,14 10 13 11 12 3 6 9 4 0 1 5 8 7 2 
595,2.05314e-06,2.44418e-06,1.91193e-06,50,100,100,409134,14 10 13 11 12 3 6 9 4 0 1 5 8 7 2 
596,2.04937e-06,2.44418e-06,1.90793e-06,50,100,100,409134,14 10 13 11 12 3 6 9 4 0 1 5 8 7 2 
597,2.05406e-06,2.44418e-06,1.9062e-06,50,100,100,409134,14 10 13 11 12 3 6 9 4 0 1 5 8 7 2 
598,2.05411e-06,2.44418e-06,1.92151e-06,50,100,100,409134,14 10 13 11 12 3 6 9 4 0 1 5 8 7 2 
599,2.05959e-06,2.44418e-06,1.92977e-06,50,100,100,409134,14 10 13 11 12 3 6 9 4 0 1 5 8 7 2 
600,2.06192e-06,2.44418e-06,1.91548e-06,50,100,100,409134,14 10 13 11 12 3 6 9 4 0 1 5 8 7 2 
601,2.06518e-06,2.44418e-06,1.91066e-06,50,100,100,409134,14 10 13 11 12 3 6 9 4 0 1 5 8 7 2 
602,2.06348e-06,2.44418e-06,1.9285e-06,50,100,100,409134,14 10 13 11 12 3 6 9 4 0 1 5 8 7 2 
603,2.06768e-06,2.44418e-06,1.87523e-06,50,100,100,409134,14 10 13 11 12 3 6 9 4 0 1 5 8 7 2 
604,2.07063e-06,2.44418e-06,1.90028e-06,50,100,100,409134,14 10 13 11 12 3 6 9 4 0 1 5 8 7 2 
605,2.05477e-06,2.44418e-06,1.89651e-06,50,100,100,409134,14 10 13 11 12 3 6 9 4 0 1 5 8 7 2 
606,2.04481e-06,2.44418e-06,1.90327e-06,50,100,100,409134,14 10 13 11 12 3 6 9 4 0 1 5 8 7 2 
607,2.05009e-06,2.44418e-06,1.90646e-06,50,100,100,409134,14 10 13 11 12 3 6 9 4 0 1 5 8 7 2 
608,2.05916e-06,2.44418e-06,1.89641e-06,50,100,100,409134,14 10 13 11 12 3 6 9 4 0 1 5 8 7 2 
609,2.06488e-06,2.44418e-06,1.88733e-06,50,100,100,409134,14 10 13 11 12 3 6 9 4 0 1 5 8 7 2 
610,2.05531e-06,2.44418e-06,1.91794e-06,50,100,100,409134,14 10 13 11 12 3 6 9 4 0 1 5 8 7 2 
611,2.05426e-06,2.44418e-06,1.8963e-06,50,100,100,409134,14 10 13 11 12 3 6 9 4 0 1 5 8 7 2 
612,2.05394e-06,2.44418e-06,1.91337e-06,50,100,100,409134,14 10 13 11 12 3 6 9 4 0 1 5 8 7 2 
613,2.04508e-06,2.44418e-06,1.88868e-06,50,100,100,409134,14 10 13 11 12 3 6 9 4 0 1 5 8 7 2 
614,2.04759e-06,2.44418e-06,1.89233e-06,50,100,100,409134,14 10 13 11 12 3 6 9 4 0 1 5 8 7 2 
615,2.04679e-06,2.44418e-06,1.87885e-06,50,100,100,409134,14 10 13 11 12 3 6 9 4 0 1 5 8 7 2 
616,2.05502e-06,2.44418e-06,1.93243e-06,50,100,100,409134,14 10 13 11 12 3 6 9 4 0 1 5 8 7 2 
617,2.05832e-06,2.44418e-06,1.92387e-06,50,100,100,409134,14 10 13 11 12 3 6 9 4 0 1 5 8 7 2 
618,2.0477e-06,2.44418e-06,1.91041e-06,50,100,100,409134,14 10 13 11 12 3 6 9 4 0 1 5 8 7 2 
619,2.05527e-06,2.44418e-06,1.86487e-06,50,100,100,409134,14 10 13 11 12 3 6 9 4 0 1 5 8 7 2 
620,2.04471e-06,2.44418e-06,1.89756e-06,50,100,100,409134,14 10 13 11 12 3 6 9 4 0 1 5 8 7 2 
621,2.04935e-06,2.44418e-06,1.88645e-06,50,100,100,409134,14 10 13 11 12 3 6 9 4 0 1 5 8 7 2 
622,2.06355e-06,2.44418e-06,1.92381e-06,50,100,100,409134,14 10 13 11 12 3 6 9 4 0 1 5 8 7 2 
623,2.06842e-06,2.44418e-06,1.89657e-06,50,100,100,409134,14 10 13 11 12 3 6 9 4 0 1 5 8 7 2 
624,2.04359e-06,2.44418e-06,1.89624e-06,50,100,100,409134,14 10 13 11 12 3 6 9 4 0 1 5 8 7 2 
625,2.0575e-06,2.44418e-06,1.9123e-06,50,100,100,409134,14 10 13 11 12 3 6 9 4 0 1 5 8 7 2 
626,2.06583e-06,2.44418e-06,1.91201e-06,50,100,100,409134,14 10 13 11 12 3 6 9 4 0 1 5 8 7 2 
627,2.06268e-06,2.44418e-06,1.86698e-06,50,100,100,409134,14 10 13 11 12 3 6 9 4 0 1 5 8 7 2 
628,2.06382e-06,2.44418e-06,1.90778e-06,50,100,100,409134,14 10 13 11 12 3 6 9 4 0 1 5 8 7 2 
629,2.05042e-06,2.44418e-06,1.8946e-06,50,100,100,409134,14 10 13 11 12 3 6 9 4 0 1 5 8 7 2 
630,2.05347e-06,2.44418e-06,1.89102e-06,50,100,100,409134,14 10 13 11 12 3 6 9 4 0 1 5 8 7 2 
631,2.05552e-06,2.44418e-06,1.91875e-06,50,100,100,409134,14 10 13 11 12 3 6 9 4 0 1 5 8 7 2 
632,2.04434e-06,2.44418e-06,1.92556e-06,50,100,100,409134,14 10 13 11 12 3 6 9 4 0 1 5 8 7 2 
633,2.06162e-06,2.44418e-06,1.9411e-06,50,100,100,409134,14 10 13 11 12 3 6 9 4 0 1 5 8 7 2 
634,2.04984e-06,2.44418e-06,1.89847e-06,50,100,100,409134,14 10 13 11 12 3 6 9 4 0 1 5 8 7 2 
635,2.06983e-06,2.44418e-06,1.94367e-06,50,100,100,409134,14 10 13 11 12 3 6 9 4 0 1 5 8 7 2 
636,2.06794e-06,2.44418e-06,1.89659e-06,50,100,100,409134,14 10 13 11 12 3 6 9 4 0 1 5 8 7 2 
637,2.06044e-06,2.44418e-06,1.92321e-06,50,100,100,409134,14 10 13 11 12 3 6 9 4 0 1 5 8 7 2 
638,2.06224e-06,2.44418e-06,1.90885e-06,50,100,100,409134,14 10 13 11 12 3 6 9 4 0 1 5 8 7 2 
639,2.04957e-06,2.44418e-06,1.89838e-06,50,100,100,409134,14 10 13 11 12 3 6 9 4 0 1 5 8 7 2 
640,2.07491e-06,2.44418e-06,1.88561e-06,50,100,100,409134,14 10 13 11 12 3 6 9 4 0 1 5 8 7 2 
641,2.05271e-06,2.44418e-06,1.91494e-06,50,100,100,409134,14 10 13 11 12 3 6 9 4 0 1 5 8 7 2 
642,2.06228e-06,2.44418e-06,1.91604e-06,50,100,100,409134,14 10 13 11 12 3 6 9 4 0 1 5 8 7 2 
643,2.05435e-06,2.44418e-06,1.88248e-06,50,100,100,409134,14 10 13 11 12 3 6 9 4 0 1 5 8 7 2 
644,2.05681e-06,2.44418e-06,1.90516e-06,50,100,100,409134,14 10 13 11 12 3 6 9 4 0 1 5 8 7 2 
645,2.06051e-06,2.44418e-06,1.91252e-06,50,100,100,409134,14 10 13 11 12 3 6 9 4 0 1 5 8 7 2 
646,2.04878e-06,2.44418e-06,1.93337e-06,50,100,100,409134,14 10 13 11 12 3 6 9 4 0 1 5 8 7 2 
647,2.05168e-06,2.44418e-06,1.88926e-06,50,100,100,409134,14 10 13 11 12 3 6 9 4 0 1 5 8 7 2 
648,2.05642e-06,2.44418e-06,1.90241e-06,50,100,100,409134,14 10 13 11 12 3 6 9 4 0 1 5 8 7 2 
649,2.06116e-06,2.44418e-06,1.91613e-06,50,100,100,409134,14 10 13 11 12 3 6 9 4 0 1 5 8 7 2 
650,2.06598e-06,2.44418e-06,1.91469e-06,50,100,100,409134,14 10 13 11 12 3 6 9 4 0 1 5 8 7 2 
651,2.06346e-06,2.44418e-06,1.91356e-06,50,100,100,409134,14 10 13 11 12 3 6 9 4 0 1 5 8 7 2 
652,2.07186e-06,2.44418e-06,1.92668e-06,50,100,100,409134,14 10 13 11 12 3 6 9 4 0 1 5 8 7 2 
653,2.0666e-06,2.44418e-06,1.93227e-06,50,100,100,409134,14 10 13 11 12 3 6 9 4 0 1 5 8 7 2 
654,2.06209e-06,2.44418e-06,1.91305e-06,50,100,100,409134,14 10 13 11 12 3 6 9 4 0 1 5 8 7 2 
655,2.08983e-06,2.44418e-06,1.9223e-06,50,100,100,409134,14 10 13 11 12 3 6 9 4 0 1 5 8 7 2 
656,2.07765e-06,2.44418e-06,1.9439e-06,50,100,100,409134,14 10 13 11 12 3 6 9 4 0 1 5 8 7 2 
657,2.07241e-06,2.44418e-06,1.91632e-06,50,100,100,409134,14 10 13 11 12 3 6 9 4 0 1 5 8 7 2 
658,2.07376e-06,2.44418e-06,1.90734e-06,50,100,100,409134,14 10 13 11 12 3 6 9 4 0 1 5 8 7 2 
659,2.06809e-06,2.44418e-06,1.89242e-06,50,100,100,409134,14 10 13 11 12 3 6 9 4 0 1 5 8 7 2 
660,2.04082e-06,2.44418e-06,1.92177e-06,50,100,100,409134,14 10 13 11 12 3 6 9 4 0 1 5 8 7 2 
661,2.05435e-06,2.44418e-06,1.86503e-06,50,100,100,409134,14 10 13 11 12 3 6 9 4 0 1 5 8 7 2 
662,2.06318e-06,2.44418e-06,1.90251e-06,50,100,100,409134,14 10 13 11 12 3 6 9 4 0 1 5 8 7 2 
663,2.0517e-06,2.44418e-06,1.92762e-06,50,100,100,409134,14 10 13 11 12 3 6 9 4 0 1 5 8 7 2 
664,2.06252e-06,2.44418e-06,1.93098e-06,50,100,100,409134,14 10 13 11 12 3 6 9 4 0 1 5 8 7 2 
665,2.05016e-06,2.44418e-06,1.92063e-06,50,100,100,409134,14 10 13 11 12 3 6 9 4 0 1 5 8 7 2 
666,2.05895e-06,2.4482e-06,1.8885e-06,50,100,100,408462,14 10 13 11 12 3 6 9 8 0 1 5 4 7 2 
667,2.0655e-06,2.4482e-06,1.92493e-06,50,100,100,408462,14 10 13 11 12 3 6 9 8 0 1 5 4 7 2 
668,2.05595e-06,2.4482e-06,1.90237e-06,50,100,100,408462,14 10 13 11 12 3 6 9 8 0 1 5 4 7 2 
669,2.05483e-06,2.4482e-06,1.89286e-06,50,100,100,408462,14 10 13 11 12 3 6 9 8 0 1 5 4 7 2 
670,2.05592e-06,2.4482e-06,1.89064e-06,50,100,100,408462,14 10 13 11 12 3 6 9 8 0 1 5 4 7 2 
671,2.05502e-06,2.4482e-06,1.91512e-06,50,100,100,408462,14 10 13 11 12 3 6 9 8 0 1 5 4 7 2 
672,2.05767e-06,2.4482e-06,1.90979e-06,50,100,100,408462,14 10 13 11 12 3 6 9 8 0 1 5 4 7 2 
673,2.05825e-06,2.4482e-06,1.91756e-06,50,100,100,408462,14 10 13 11 12 3 6 9 8 0 1 5 4 7 2 
674,2.06201e-06,2.4482e-06,1.91117e-06,50,100,100,408462,14 10 13 11 12 3 6 9 8 0 1 5 4 7 2 
675,2.05761e-06,2.4482e-06,1.90954e-06,50,100,100,408462,14 10 13 11 12 3 6 9 8 0 1 5 4 7 2 
676,2.04775e-06,2.4482e-06,1.90331e-06,50,100,100,408462,14 10 13 11 12 3 6 9 8 0 1 5 4 7 2 
677,2.05602e-06,2.4482e-06,1.88985e-06,50,100,100,408462,14 10 13 11 12 3 6 9 8 0 1 5 4 7 2 
678,2.05254e-06,2.4482e-06,1.88042e-06,50,100,100,408462,14 10 13 11 12 3 6 9 8 0 1 5 4 7 2 
679,2.06093e-06,2.4482e-06,1.90395e-06,50,100,100,408462,14 10 13 11 12 3 6 9 8 0 1 5 4 7 2 
680,2.05416e-06,2.4482e-06,1.90511e-06,50,100,100,408462,14 10 13 11 12 3 6 9 8 0 1 5 4 7 2 
681,2.04757e-06,2.4482e-06,1.88493e-06,50,100,100,408462,14 10 13 11 12 3 6 9 8 0 1 5 4 7 2 
682,2.0566e-06,2.4482e-06,1.9299e-06,50,100,100,408462,14 10 13 11 12 3 6 9 8 0 1 5 4 7 2 
683,2.06777e-06,2.4482e-06,1.93033e-06,50,100,100,408462,14 10 13 11 12 3 6 9 8 0 1 5 4 7 2 
684,2.06936e-06,2.4482e-06,1.93355e-06,50,100,100,408462,14 10 13 11 12 3 6 9 8 0 1 5 4 7 2 
685,2.05984e-06,2.4482e-06,1.89763e-06,50,100,100,408462,14 10 13 11 12 3 6 9 8 0 1 5 4 7 2 
686,2.06316e-06,2.4482e-06,1.89483e-06,50,100,100,408462,14 10 13 11 12 3 6 9 8 0 1 5 4 7 2 
687,2.05792e-06,2.4482e-06,1.93053e-06,50,100,100,408462,14 10 13 11 12 3 6 9 8 0 1 5 4 7 2 
688,2.04623e-06,2.4482e-06,1.87839e-06,50,100,100,408462,14 10 13 11 12 3 6 9 8 0 1 5 4 7 2 
689,2.05995e-06,2.4482e-06,1.94557e-06,50,100,100,408462,14 10 13 11 12 3 6 9 8 0 1 5 4 7 2 
690,2.07146e-06,2.4482e-06,1.93654e-06,50,100,100,408462,14 10 13 11 12 3 6 9 8 0 1 5 4 7 2 
691,2.07656e-06,2.4482e-06,1.91912e-06,50,100,100,408462,14 10 13 11 12 3 6 9 8 0 1 5 4 7 2 
692,2.07624e-06,2.4482e-06,1.93734e-06,50,100,100,408462,14 10 13 11 12 3 6 9 8 0 1 5 4 7 2 
693,2.06518e-06,2.4482e-06,1.89616e-06,50,100,100,408462,14 10 13 11 12 3 6 9 8 0 1 5 4 7 2 
694,2.0712e-06,2.4482e-06,1.93238e-06,50,100,100,408462,14 10 13 11 12 3 6 9 8 0 1 5 4 7 2 
695,2.05268e-06,2.4482e-06,1.8771e-06,50,100,100,408462,14 10 13 11 12 3 6 9 8 0 1 5 4 7 2 
696,2.06033e-06,2.4482e-06,1.90607e-06,50,100,100,408462,14 10 13 11 12 3 6 9 8 0 1 5 4 7 2 
697,2.07278e-06,2.4482e-06,1.91831e-06,50,100,100,408462,14 10 13 11 12 3 6 9 8 0 1 5 4 7 2 
698,2.06125e-06,2.4482e-06,1.91876e-06,50,100,100,408462,14 10 13 11 12 3 6 9 8 0 1 5 4 7 2 
699,2.06058e-06,2.4482e-06,1.90426e-06,50,100,100,408462,14 10 13 11 12 3 6 9 8 0 1 5 4 7 2 
700,2.06283e-06,2.4482e-06,1.90435e-06,50,100,100,408462,14 10 13 11 12 3 6 9 8 0 1 5 4 7 2 
701,2.06419e-06,2.4482e-06,1.8955e-06,50,100,100,408462,14 10 13 11 12 3 6 9 8 0 1 5 4 7 2 
702,2.05502e-06,2.4482e-06,1.89914e-06,50,100,100,408462,14 10 13 11 12 3 6 9 8 0 1 5 4 7 2 
703,2.06391e-06,2.4482e-06,1.9278e-06,50,100,100,408462,14 10 13 11 12 3 6 9 8 0 1 5 4 7 2 
704,2.05233e-06,2.4482e-06,1.88331e-06,50,100,100,408462,14 10 13 11 12 3 6 9 8 0 1 5 4 7 2 
705,2.0555e-06,2.4482e-06,1.85737e-06,50,100,100,408462,14 10 13 11 12 3 6 9 8 0 1 5 4 7 2 
706,2.05767e-06,2.4482e-06,1.88752e-06,50,100,100,408462,14 10 13 11 12 3 6 9 8 0 1 5 4 7 2 
707,2.05138e-06,2.4482e-06,1.91948e-06,50,100,100,408462,14 10 13 11 12 3 6 9 8 0 1 5 4 7 2 
708,2.04837e-06,2.4482e-06,1.90445e-06,50,100,100,408462,14 10 13 11 12 3 6 9 8 0 1 5 4 7 2 
709,2.05295e-06,2.4482e-06,1.92233e-06,50,100,100,408462,14 10 13 11 12 3 6 9 8 0 1 5 4 7 2 
710,2.05651e-06,2.4482e-06,1.91395e-06,50,100,100,408462,14 10 13 11 12 3 6 9 8 0 1 5 4 7 2 
711,2.05337e-06,2.4482e-06,1.90572e-06,50,100,100,408462,14 10 13 11 12 3 6 9 8 0 1 5 4 7 2 
712,2.0477e-06,2.4482e-06,1.93451e-06,50,100,100,408462,14 10 13 11 12 3 6 9 8 0 1 5 4 7 2 
713,2.0439e-06,2.4482e-06,1.90414e-06,50,100,100,408462,14 10 13 11 12 3 6 9 8 0 1 5 4 7 2 
714,2.05226e-06,2.4482e-06,1.88442e-06,50,100,100,408462,14 10 13 11 12 3 6 9 8 0 1 5 4 7 2 
715,2.06798e-06,2.4482e-06,1.89156e-06,50,100,100,408462,14 10 13 11 12 3 6 9 8 0 1 5 4 7 2 
716,2.06857e-06,2.4482e-06,1.90525e-06,50,100,100,408462,14 10 13 11 12 3 6 9 8 0 1 5 4 7 2 
717,2.06499e-06,2.4482e-06,1.89713e-06,50,100,100,408462,14 10 13 11 12 3 6 9 8 0 1 5 4 7 2 
718,2.05199e-06,2.4482e-06,1.90442e-06,50,100,100,408462,14 10 13 11 12 3 6 9 8 0 1 5 4 7 2 
719,2.05385e-06,2.4482e-06,1.9044e-06,50,100,100,408462,14 10 13 11 12 3 6 9 8 0 1 5 4 7 2 
720,2.0572e-06,2.4482e-06,1.92745e-06,50,100,100,408462,14 10 13 11 12 3 6 9 8 0 1 5 4 7 2 
721,2.0606e-06,2.4482e-06,1.90119e-06,50,100,100,408462,14 10 13 11 12 3 6 9 8 0 1 5 4 7 2 
722,2.07431e-06,2.4482e-06,1.9229e-06,50,100,100,408462,14 10 13 11 12 3 6 9 8 0 1 5 4 7 2 
723,2.06575e-06,2.4482e-06,1.8934e-06,50,100,100,408462,14 10 13 11 12 3 6 9 8 0 1 5 4 7 2 
724,2.0577e-06,2.4482e-06,1.91099e-06,50,100,100,408462,14 10 13 11 12 3 6 9 8 0 1 5 4 7 2 
725,2.06044e-06,2.4482e-06,1.92243e-06,50,100,100,408462,14 10 13 11 12 3 6 9 8 0 1 5 4 7 2 
726,2.05364e-06,2.4482e-06,1.91006e-06,50,100,100,408462,14 10 13 11 12 3 6 9 8 0 1 5 4 7 2 
727,2.07315e-06,2.4482e-06,1.91949e-06,50,100,100,408462,14 10 13 11 12 3 6 9 8 0 1 5 4 7 2 
728,2.07e-06,2.4482e-06,1.92319e-06,50,100,100,408462,14 10 13 11 12 3 6 9 8 0 1 5 4 7 2 
729,2.06456e-06,2.4482e-06,1.9208e-06,50,100,100,408462,14 10 13 11 12 3 6 9 8 0 1 5 4 7 2 
730,2.05994e-06,2.4482e-06,1.907e-06,50,100,100,408462,14 10 13 11 12 3 6 9 8 0 1 5 4 7 2 
731,2.05899e-06,2.4482e-06,1.917e-06,50,100,100,408462,14 10 13 11 12 3 6 9 8 0 1 5 4 7 2 
732,2.06568e-06,2.4482e-06,1.87871e-06,50,100,100,408462,14 10 13 11 12 3 6 9 8 0 1 5 4 7 2 
733,2.05066e-06,2.4482e-06,1.92366e-06,50,100,100,408462,14 10 13 11 12 3 6 9 8 0 1 5 4 7 2 
734,2.04875e-06,2.4482e-06,1.89931e-06,50,100,100,408462,14 10 13 11 12 3 6 9 8 0 1 5 4 7 2 
735,2.0543e-06,2.4482e-06,1.89577e-06,50,100,100,408462,14 10 13 11 12 3 6 9 8 0 1 5 4 7 2 
736,2.05534e-06,2.4482e-06,1.91851e-06,50,100,100,408462,14 10 13 11 12 3 6 9 8 0 1 5 4 7 2 
737,2.05427e-06,2.4482e-06,1.88946e-06,50,100,100,408462,14 10 13 11 12 3 6 9 8 0 1 5 4 7 2 
738,2.0701e-06,2.4482e-06,1.91287e-06,50,100,100,408462,14 10 13 11 12 3 6 9 8 0 1 5 4 7 2 
739,2.06675e-06,2.4482e-06,1.89599e-06,50,100,100,408462,14 10 13 11 12 3 6 9 8 0 1 5 4 7 2 
740,2.05742e-06,2.4482e-06,1.89373e-06,50,100,100,408462,14 10 13 11 12 3 6 9 8 0 1 5 4 7 2 
741,2.06554e-06,2.4482e-06,1.92867e-06,50,100,100,408462,14 10 13 11 12 3 6 9 8 0 1 5 4 7 2 
742,2.07508e-06,2.4482e-06,1.93369e-06,50,100,100,408462,14 10 13 11 12 3 6 9 8 0 1 5 4 7 2 
743,2.0707e-06,2.4482e-06,1.88434e-06,50,100,100,408462,14 10 13 11 12 3 6 9 8 0 1 5 4 7 2 
744,2.0807e-06,2.4482e-06,1.89697e-06,50,100,100,408462,14 10 13 11 12 3 6 9 8 0 1 5 4 7 2 
745,2.06738e-06,2.4482e-06,1.92546e-06,50,100,100,408462,14 10 13 11 12 3 6 9 8 0 1 5 4 7 2 
746,2.06028e-06,2.4482e-06,1.9132e-06,50,100,100,408462,14 10 13 11 12 3 6 9 8 0 1 5 4 7 2 
747,2.05482e-06,2.4482e-06,1.94441e-06,50,100,100,408462,14 10 13 11 12 3 6 9 8 0 1 5 4 7 2 
748,2.05841e-06,2.4482e-06,1.90318e-06,50,100,100,408462,14 10 13 11 12 3 6 9 8 0 1 5 4 7 2 
749,2.058e-06,2.4482e-06,1.89654e-06,50,100,100,408462,14 10 13 11 12 3 6 9 8 0 1 5 4 7 2 
750,2.04869e-06,2.4482e-06,1.89757e-06,50,100,100,408462,14 10 13 11 12 3 6 9 8 0 1 5 4 7 2 
751,2.05618e-06,2.4482e-06,1.8971e-06,50,100,100,408462,14 10 13 11 12 3 6 9 8 0 1 5 4 7 2 
752,2.05903e-06,2.4482e-06,1.93185e-06,50,100,100,408462,14 10 13 11 12 3 6 9 8 0 1 5 4 7 2 
753,2.06912e-06,2.4482e-06,1.92375e-06,50,100,100,408462,14 10 13 11 12 3 6 9 8 0 1 5 4 7 2 
754,2.06134e-06,2.4482e-06,1.91985e-06,50,100,100,408462,14 10 13 11 12 3 6 9 8 0 1 5 4 7 2 
755,2.06631e-06,2.4482e-06,1.89229e-06,50,100,100,408462,14 10 13 11 12 3 6 9 8 0 1 5 4 7 2 
756,2.05807e-06,2.4482e-06,1.90561e-06,50,100,100,408462,14 10 13 11 12 3 6 9 8 0 1 5 4 7 2 
757,2.05649e-06,2.4482e-06,1.91348e-06,50,100,100,408462,14 10 13 11 12 3 6 9 8 0 1 5 4 7 2 
758,2.06672e-06,2.4482e-06,1.91806e-06,50,100,100,408462,14 10 13 11 12 3 6 9 8 0 1 5 4 7 2 
759,2.07039e-06,2.4482e-06,1.9128e-06,50,100,100,408462,14 10 13 11 12 3 6 9 8 0 1 5 4 7 2 
760,2.0691e-06,2.4482e-06,1.90386e-06,50,100,100,408462,14 10 13 11 12 3 6 9 8 0 1 5 4 7 2 
761,2.06478e-06,2.4482e-06,1.8943e-06,50,100,100,408462,14 10 13 11 12 3 6 9 8 0 1 5 4 7 2 
762,2.06472e-06,2.4482e-06,1.87604e-06,50,100,100,408462,14 10 13 11 12 3 6 9 8 0 1 5 4 7 2 
763,2.05847e-06,2.4482e-06,1.91762e-06,50,100,100,408462,14 10 13 11 12 3 6 9 8 0 1 5 4 7 2 
764,2.06936e-06,2.4482e-06,1.92697e-06,50,100,100,408462,14 10 13 11 12 3 6 9 8 0 1 5 4 7 2 
765,2.06666e-06,2.4482e-06,1.91692e-06,50,100,100,408462,14 10 13 11 12 3 6 9 8 0 1 5 4 7 2 
766,2.0655e-06,2.4482e-06,1.89724e-06,50,100,100,408462,14 10 13 11 12 3 6 9 8 0 1 5 4 7 2 
767,2.075e-06,2.4482e-06,1.90492e-06,50,100,100,408462,14 10 13 11 12 3 6 9 8 0 1 5 4 7 2 
768,2.07788e-06,2.4482e-06,1.91406e-06,50,100,100,408462,14 10 13 11 12 3 6 9 8 0 1 5 4 7 2 
769,2.07434e-06,2.4482e-06,1.92012e-06,50,100,100,408462,14 10 13 11 12 3 6 9 8 0 1 5 4 7 2 
770,2.06935e-06,2.4482e-06,1.89855e-06,50,100,100,408462,14 10 13 11 12 3 6 9 8 0 1 5 4 7 2 
771,2.05638e-06,2.4482e-06,1.9161e-06,50,100,100,408462,14 10 13 11 12 3 6 9 8 0 1 5 4 7 2 
772,2.05752e-06,2.4482e-06,1.89226e-06,50,100,100,408462,14 10 13 11 12 3 6 9 8 0 1 5 4 7 2 
773,2.06836e-06,2.4482e-06,1.90513e-06,50,100,100,408462,14 10 13 11 12 3 6 9 8 0 1 5 4 7 2 
774,2.06275e-06,2.4482e-06,1.87341e-06,50,100,100,408462,14 10 13 11 12 3 6 9 8 0 1 5 4 7 2 
775,2.05887e-06,2.4482e-06,1.94355e-06,50,100,100,408462,14 10 13 11 12 3 6 9 8 0 1 5 4 7 2 
776,2.05607e-06,2.4482e-06,1.91169e-06,50,100,100,408462,14 10 13 11 12 3 6 9 8 0 1 5 4 7 2 
777,2.0523e-06,2.4482e-06,1.91981e-06,50,100,100,408462,14 10 13 11 12 3 6 9 8 0 1 5 4 7 2 
778,2.05478e-06,2.4482e-06,1.87933e-06,50,100,100,408462,14 10 13 11 12 3 6 9 8 0 1 5 4 7 2 
779,2.07129e-06,2.4482e-06,1.9203e-06,50,100,100,408462,14 10 13 11 12 3 6 9 8 0 1 5 4 7 2 
780,2.07155e-06,2.4482e-06,1.92316e-06,50,100,100,408462,14 10 13 11 12 3 6 9 8 0 1 5 4 7 2 
781,2.05316e-06,2.4482e-06,1.90852e-06,50,100,100,408462,14 10 13 11 12 3 6 9 8 0 1 5 4 7 2 
782,2.05914e-06,2.4482e-06,1.91885e-06,50,100,100,408462,14 10 13 11 12 3 6 9 8 0 1 5 4 7 2 
783,2.07505e-06,2.4482e-06,1.89559e-06,50,100,100,408462,14 10 13 11 12 3 6 9 8 0 1 5 4 7 2 
784,2.06194e-06,2.4482e-06,1.93318e-06,50,100,100,408462,14 10 13 11 12 3 6 9 8 0 1 5 4 7 2 
785,2.05782e-06,2.4482e-06,1.90824e-06,50,100,100,408462,14 10 13 11 12 3 6 9 8 0 1 5 4 7 2 
786,2.04424e-06,2.4482e-06,1.90454e-06,50,100,100,408462,14 10 13 11 12 3 6 9 8 0 1 5 4 7 2 
787,2.05739e-06,2.4482e-06,1.9334e-06,50,100,100,408462,14 10 13 11 12 3 6 9 8 0 1 5 4 7 2 
788,2.05897e-06,2.4482e-06,1.88326e-06,50,100,100,408462,14 10 13 11 12 3 6 9 8 0 1 5 4 7 2 
789,2.05395e-06,2.4482e-06,1.88351e-06,50,100,100,408462,14 10 13 11 12 3 6 9 8 0 1 5 4 7 2 
790,2.05962e-06,2.4482e-06,1.91464e-06,50,100,100,408462,14 10 13 11 12 3 6 9 8 0 1 5 4 7 2 
791,2.05031e-06,2.4482e-06,1.88945e-06,50,100,100,408462,14 10 13 11 12 3 6 9 8 0 1 5 4 7 2 
792,2.05247e-06,2.4482e-06,1.89226e-06,50,100,100,408462,14 10 13 11 12 3 6 9 8 0 1 5 4 7 2 
793,2.05534e-06,2.4482e-06,1.87457e-06,50,100,100,408462,14 10 13 11 12 3 6 9 8 0 1 5 4 7 2 
794,2.059e-06,2.4482e-06,1.92407e-06,50,100,100,408462,14 10 13 11 12 3 6 9 8 0 1 5 4 7 2 
795,2.04184e-06,2.4482e-06,1.91246e-06,50,100,100,408462,14 10 13 11 12 3 6 9 8 0 1 5 4 7 2 
796,2.04762e-06,2.4482e-06,1.9024e-06,50,100,100,408462,14 10 13 11 12 3 6 9 8 0 1 5 4 7 2 
797,2.06264e-06,2.4482e-06,1.93077e-06,50,100,100,408462,14 10 13 11 12 3 6 9 8 0 1 5 4 7 2 
798,2.05532e-06,2.4482e-06,1.87514e-06,50,100,100,408462,14 10 13 11 12 3 6 9 8 0 1 5 4 7 2 
799,2.06262e-06,2.4482e-06,1.92203e-06,50,100,100,408462,14 10 13 11 12 3 6 9 8 0 1 5 4 7 2 
800,2.04815e-06,2.4482e-06,1.90834e-06,50,100,100,408462,14 10 13 11 12 3 6 9 8 0 1 5 4 7 2 
801,2.05893e-06,2.4482e-06,1.89753e-06,50,100,100,408462,14 10 13 11 12 3 6 9 8 0 1 5 4 7 2 
802,2.06356e-06,2.4482e-06,1.91149e-06,50,100,100,408462,14 10 13 11 12 3 6 9 8 0 1 5 4 7 2 
803,2.06866e-06,2.4482e-06,1.9094e-06,50,100,100,408462,14 10 13 11 12 3 6 9 8 0 1 5 4 7 2 
804,2.06439e-06,2.4482e-06,1.92426e-06,50,100,100,408462,14 10 13 11 12 3 6 9 8 0 1 5 4 7 2 
805,2.05959e-06,2.4482e-06,1.90402e-06,50,100,100,408462,14 10 13 11 12 3 6 9 8 0 1 5 4 7 2 
806,2.07158e-06,2.4482e-06,1.93146e-06,50,100,100,408462,14 10 13 11 12 3 6 9 8 0 1 5 4 7 2 
807,2.04542e-06,2.4482e-06,1.87424e-06,50,100,100,408462,14 10 13 11 12 3 6 9 8 0 1 5 4 7 2 
808,2.06904e-06,2.4482e-06,1.92644e-06,50,100,100,408462,14 10 13 11 12 3 6 9 8 0 1 5 4 7 2 
809,2.07378e-06,2.4482e-06,1.90235e-06,50,100,100,408462,14 10 13 11 12 3 6 9 8 0 1 5 4 7 2 
810,2.05801e-06,2.4482e-06,1.88881e-06,50,100,100,408462,14 10 13 11 12 3 6 9 8 0 1 5 4 7 2 
811,2.07316e-06,2.4482e-06,1.90038e-06,50,100,100,408462,14 10 13 11 12 3 6 9 8 0 1 5 4 7 2 
812,2.06068e-06,2.4482e-06,1.92484e-06,50,100,100,408462,14 10 13 11 12 3 6 9 8 0 1 5 4 7 2 
813,2.05981e-06,2.4482e-06,1.90292e-06,50,100,100,408462,14 10 13 11 12 3 6 9 8 0 1 5 4 7 2 
814,2.05851e-06,2.4482e-06,1.91535e-06,50,100,100,408462,14 10 13 11 12 3 6 9 8 0 1 5 4 7 2 
815,2.05424e-06,2.4482e-06,1.92785e-06,50,100,100,408462,14 10 13 11 12 3 6 9 8 0 1 5 4 7 2 
816,2.06572e-06,2.4482e-06,1.90397e-06,50,100,100,408462,14 10 13 11 12 3 6 9 8 0 1 5 4 7 2 
817,2.06592e-06,2.4482e-06,1.8776e-06,50,100,100,408462,14 10 13 11 12 3 6 9 8 0 1 5 4 7 2 
818,2.0576e-06,2.4482e-06,1.90052e-06,50,100,100,408462,14 10 13 11 12 3 6 9 8 0 1 5 4 7 2 
819,2.06062e-06,2.4482e-06,1.8885e-06,50,100,100,408462,14 10 13 11 12 3 6 9 8 0 1 5 4 7 2 
820,2.05423e-06,2.4482e-06,1.90224e-06,50,100,100,408462,14 10 13 11 12 3 6 9 8 0 1 5 4 7 2 
821,2.06111e-06,2.4482e-06,1.90332e-06,50,100,100,408462,14 10 13 11 12 3 6 9 8 0 1 5 4 7 2 
822,2.06489e-06,2.4482e-06,1.92447e-06,50,100,100,408462,14 10 13 11 12 3 6 9 8 0 1 5 4 7 2 
823,2.05727e-06,2.4482e-06,1.90525e-06,50,100,100,408462,14 10 13 11 12 3 6 9 8 0 1 5 4 7 2 
824,2.06518e-06,2.4482e-06,1.91163e-06,50,100,100,408462,14 10 13 11 12 3 6 9 8 0 1 5 4 7 2 
825,2.05807e-06,2.4482e-06,1.93768e-06,50,100,100,408462,14 10 13 11 12 3 6 9 8 0 1 5 4 7 2 
826,2.05542e-06,2.4482e-06,1.91555e-06,50,100,100,408462,14 10 13 11 12 3 6 9 8 0 1 5 4 7 2 
827,2.05087e-06,2.4482e-06,1.88551e-06,50,100,100,408462,14 10 13 11 12 3 6 9 8 0 1 5 4 7 2 
828,2.0587e-06,2.4482e-06,1.92439e-06,50,100,100,408462,14 10 13 11 12 3 6 9 8 0 1 5 4 7 2 
829,2.05525e-06,2.4482e-06,1.92388e-06,50,100,100,408462,14 10 13 11 12 3 6 9 8 0 1 5 4 7 2 
830,2.05221e-06,2.4482e-06,1.90949e-06,50,100,100,408462,14 10 13 11 12 3 6 9 8 0 1 5 4 7 2 
831,2.04329e-06,2.4482e-06,1.88227e-06,50,100,100,408462,14 10 13 11 12 3 6 9 8 0 1 5 4 7 2 
832,2.05737e-06,2.4482e-06,1.91678e-06,50,100,100,408462,14 10 13 11 12 3 6 9 8 0 1 5 4 7 2 
833,2.07462e-06,2.4482e-06,1.9049e-06,50,100,100,408462,14 10 13 11 12 3 6 9 8 0 1 5 4 7 2 
834,2.0666e-06,2.4482e-06,1.92986e-06,50,100,100,408462,14 10 13 11 12 3 6 9 8 0 1 5 4 7 2 
835,2.06494e-06,2.4482e-06,1.9149e-06,50,100,100,408462,14 10 13 11 12 3 6 9 8 0 1 5 4 7 2 
836,2.06171e-06,2.4482e-06,1.93208e-06,50,100,100,408462,14 10 13 11 12 3 6 9 8 0 1 5 4 7 2 
837,2.06412e-06,2.4482e-06,1.91122e-06,50,100,100,408462,14 10 13 11 12 3 6 9 8 0 1 5 4 7 2 
838,2.06873e-06,2.4482e-06,1.92358e-06,50,100,100,408462,14 10 13 11 12 3 6 9 8 0 1 5 4 7 2 
839,2.05582e-06,2.4482e-06,1.91411e-06,50,100,100,408462,14 10 13 11 12 3 6 9 8 0 1 5 4 7 2 
840,2.06464e-06,2.4482e-06,1.91463e-06,50,100,100,408462,14 10 13 11 12 3 6 9 8 0 1 5 4 7 2 
841,2.07683e-06,2.4482e-06,1.87994e-06,50,100,100,408462,14 10 13 11 12 3 6 9 8 0 1 5 4 7 2 
842,2.07707e-06,2.4482e-06,1.9348e-06,50,100,100,408462,14 10 13 11 12 3 6 9 8 0 1 5 4 7 2 
843,2.06245e-06,2.4482e-06,1.90882e-06,50,100,100,408462,14 10 13 11 12 3 6 9 8 0 1 5 4 7 2 
844,2.06843e-06,2.4482e-06,1.89022e-06,50,100,100,408462,14 10 13 11 12 3 6 9 8 0 1 5 4 7 2 
845,2.05409e-06,2.4482e-06,1.91184e-06,50,100,100,408462,14 10 13 11 12 3 6 9 8 0 1 5 4 7 2 
846,2.06362e-06,2.4482e-06,1.91176e-06,50,100,100,408462,14 10 13 11 12 3 6 9 8 0 1 5 4 7 2 
847,2.06862e-06,2.4482e-06,1.90443e-06,50,100,100,408462,14 10 13 11 12 3 6 9 8 0 1 5 4 7 2 
848,2.05929e-06,2.4482e-06,1.91547e-06,50,100,100,408462,14 10 13 11 12 3 6 9 8 0 1 5 4 7 2 
849,2.05846e-06,2.4482e-06,1.90671e-06,50,100,100,408462,14 10 13 11 12 3 6 9 8 0 1 5 4 7 2 
850,2.04684e-06,2.4482e-06,1.90896e-06,50,100,100,408462,14 10 13 11 12 3 6 9 8 0 1 5 4 7 2 
851,2.0653e-06,2.4482e-06,1.92875e-06,50,100,100,408462,14 10 13 11 12 3 6 9 8 0 1 5 4 7 2 
852,2.05965e-06,2.4482e-06,1.9e-06,50,100,100,408462,14 10 13 11 12 3 6 9 8 0 1 5 4 7 2 
853,2.05981e-06,2.4482e-06,1.88728e-06,50,100,100,408462,14 10 13 11 12 3 6 9 8 0 1 5 4 7 2 
854,2.05649e-06,2.4482e-06,1.91876e-06,50,100,100,408462,14 10 13 11 12 3 6 9 8 0 1 5 4 7 2 
855,2.06389e-06,2.4482e-06,1.91091e-06,50,100,100,408462,14 10 13 11 12 3 6 9 8 0 1 5 4 7 2 
856,2.062e-06,2.4482e-06,1.92656e-06,50,100,100,408462,14 10 13 11 12 3 6 9 8 0 1 5 4 7 2 
857,2.06909e-06,2.4482e-06,1.92458e-06,50,100,100,408462,14 10 13 11 12 3 6 9 8 0 1 5 4 7 2 
858,2.06006e-06,2.4482e-06,1.91074e-06,50,100,100,408462,14 10 13 11 12 3 6 9 8 0 1 5 4 7 2 
859,2.06019e-06,2.4482e-06,1.92255e-06,50,100,100,408462,14 10 13 11 12 3 6 9 8 0 1 5 4 7 2 
860,2.0508e-06,2.4482e-06,1.8945e-06,50,100,100,408462,14 10 13 11 12 3 6 9 8 0 1 5 4 7 2 
861,2.05729e-06,2.4482e-06,1.90013e-06,50,100,100,408462,14 10 13 11 12 3 6 9 8 0 1 5 4 7 2 
862,2.06227e-06,2.4482e-06,1.9209e-06,50,100,100,408462,14 10 13 11 12 3 6 9 8 0 1 5 4 7 2 
863,2.05783e-06,2.4482e-06,1.88633e-06,50,100,100,408462,14 10 13 11 12 3 6 9 8 0 1 5 4 7 2 
864,2.0546e-06,2.4482e-06,1.86457e-06,50,100,100,408462,14 10 13 11 12 3 6 9 8 0 1 5 4 7 2 
865,2.05637e-06,2.4482e-06,1.91572e-06,50,100,100,408462,14 10 13 11 12 3 6 9 8 0 1 5 4 7 2 
866,2.05722e-06,2.4482e-06,1.93744e-06,50,100,100,408462,14 10 13 11 12 3 6 9 8 0 1 5 4 7 2 
867,2.06555e-06,2.4482e-06,1.92316e-06,50,100,100,408462,14 10 13 11 12 3 6 9 8 0 1 5 4 7 2 
868,2.05509e-06,2.4482e-06,1.91355e-06,50,100,100,408462,14 10 13 11 12 3 6 9 8 0 1 5 4 7 2 
869,2.06583e-06,2.4482e-06,1.88875e-06,50,100,100,408462,14 10 13 11 12 3 6 9 8 0 1 5 4 7 2 
870,2.06618e-06,2.4482e-06,1.89671e-06,50,100,100,408462,14 10 13 11 12 3 6 9 8 0 1 5 4 7 2 
871,2.07411e-06,2.4482e-06,1.90419e-06,50,100,100,408462,14 10 13 11 12 3 6 9 8 0 1 5 4 7 2 
872,2.0568e-06,2.4482e-06,1.88505e-06,50,100,100,408462,14 10 13 11 12 3 6 9 8 0 1 5 4 7 2 
873,2.05212e-06,2.4482e-06,1.9071e-06,50,100,100,408462,14 10 13 11 12 3 6 9 8 0 1 5 4 7 2 
874,2.05591e-06,2.4482e-06,1.87545e-06,50,100,100,408462,14 10 13 11 12 3 6 9 8 0 1 5 4 7 2 
875,2.05503e-06,2.4482e-06,1.90971e-06,50,100,100,408462,14 10 13 11 12 3 6 9 8 0 1 5 4 7 2 
876,2.05311e-06,2.4482e-06,1.91149e-06,50,100,100,408462,14 10 13 11 12 3 6 9 8 0 1 5 4 7 2 
877,2.06902e-06,2.4482e-06,1.88938e-06,50,100,100,408462,14 10 13 11 12 3 6 9 8 0 1 5 4 7 2 
878,2.05725e-06,2.4482e-06,1.9391e-06,50,100,100,408462,14 10 13 11 12 3 6 9 8 0 1 5 4 7 2 
879,2.05813e-06,2.4482e-06,1.90735e-06,50,100,100,408462,14 10 13 11 12 3 6 9 8 0 1 5 4 7 2 
880,2.06528e-06,2.4482e-06,1.93106e-06,50,100,100,408462,14 10 13 11 12 3 6 9 8 0 1 5 4 7 2 
881,2.05526e-06,2.4482e-06,1.89187e-06,50,100,100,408462,14 10 13 11 12 3 6 9 8 0 1 5 4 7 2 
882,2.04505e-06,2.4482e-06,1.87713e-06,50,100,100,408462,14 10 13 11 12 3 6 9 8 0 1 5 4 7 2 
883,2.06351e-06,2.4482e-06,1.93313e-06,50,100,100,408462,14 10 13 11 12 3 6 9 8 0 1 5 4 7 2 
884,2.07169e-06,2.4482e-06,1.92824e-06,50,100,100,408462,14 10 13 11 12 3 6 9 8 0 1 5 4 7 2 
885,2.0523e-06,2.4482e-06,1.89758e-06,50,100,100,408462,14 10 13 11 12 3 6 9 8 0 1 5 4 7 2 
886,2.06124e-06,2.4482e-06,1.92954e-06,50,100,100,408462,14 10 13 11 12 3 6 9 8 0 1 5 4 7 2 
887,2.06633e-06,2.4482e-06,1.92621e-06,50,100,100,408462,14 10 13 11 12 3 6 9 8 0 1 5 4 7 2 
888,2.06783e-06,2.4482e-06,1.93298e-06,50,100,100,408462,14 10 13 11 12 3 6 9 8 0 1 5 4 7 2 
889,2.05983e-06,2.4482e-06,1.90438e-06,50,100,100,408462,14 10 13 11 12 3 6 9 8 0 1 5 4 7 2 
890,2.06643e-06,2.4482e-06,1.90474e-06,50,100,100,408462,14 10 13 11 12 3 6 9 8 0 1 5 4 7 2 
891,2.06287e-06,2.4482e-06,1.92532e-06,50,100,100,408462,14 10 13 11 12 3 6 9 8 0 1 5 4 7 2 
892,2.06654e-06,2.4482e-06,1.91326e-06,50,100,100,408462,14 10 13 11 12 3 6 9 8 0 1 5 4 7 2 
893,2.05786e-06,2.4482e-06,1.90305e-06,50,100,100,408462,14 10 13 11 12 3 6 9 8 0 1 5 4 7 2 
894,2.05419e-06,2.4482e-06,1.91938e-06,50,100,100,408462,14 10 13 11 12 3 6 9 8 0 1 5 4 7 2 
895,2.05629e-06,2.4482e-06,1.89154e-06,50,100,100,408462,14 10 13 11 12 3 6 9 8 0 1 5 4 7 2 
896,2.06585e-06,2.4482e-06,1.8959e-06,50,100,100,408462,14 10 13 11 12 3 6 9 8 0 1 5 4 7 2 
897,2.05961e-06,2.4482e-06,1.91089e-06,50,100,100,408462,14 10 13 11 12 3 6 9 8 0 1 5 4 7 2 
898,2.05799e-06,2.4482e-06,1.92013e-06,50,100,100,408462,14 10 13 11 12 3 6 9 8 0 1 5 4 7 2 
899,2.06076e-06,2.4482e-06,1.92614e-06,50,100,100,408462,14 10 13 11 12 3 6 9 8 0 1 5 4 7 2 
900,2.04631e-06,2.4482e-06,1.90135e-06,50,100,100,408462,14 10 13 11 12 3 6 9 8 0 1 5 4 7 2 
901,2.05027e-06,2.4482e-06,1.91454e-06,50,100,100,408462,14 10 13 11 12 3 6 9 8 0 1 5 4 7 2 
902,2.065e-06,2.4482e-06,1.90783e-06,50,100,100,408462,14 10 13 11 12 3 6 9 8 0 1 5 4 7 2 
903,2.05302e-06,2.4482e-06,1.87739e-06,50,100,100,408462,14 10 13 11 12 3 6 9 8 0 1 5 4 7 2 
904,2.05586e-06,2.4482e-06,1.91016e-06,50,100,100,408462,14 10 13 11 12 3 6 9 8 0 1 5 4 7 2 
905,2.05097e-06,2.4482e-06,1.89307e-06,50,100,100,408462,14 10 13 11 12 3 6 9 8 0 1 5 4 7 2 
906,2.0622e-06,2.4482e-06,1.88597e-06,50,100,100,408462,14 10 13 11 12 3 6 9 8 0 1 5 4 7 2 
907,2.06116e-06,2.4482e-06,1.87309e-06,50,100,100,408462,14 10 13 11 12 3 6 9 8 0 1 5 4 7 2 
908,2.0712e-06,2.4482e-06,1.88904e-06,50,100,100,408462,14 10 13 11 12 3 6 9 8 0 1 5 4 7 2 
909,2.06328e-06,2.4482e-06,1.88243e-06,50,100,100,408462,14 10 13 11 12 3 6 9 8 0 1 5 4 7 2 
910,2.05668e-06,2.4482e-06,1.87973e-06,50,100,100,408462,14 10 13 11 12 3 6 9 8 0 1 5 4 7 2 
911,2.05801e-06,2.4482e-06,1.93443e-06,50,100,100,408462,14 10 13 11 12 3 6 9 8 0 1 5 4 7 2 
912,2.06287e-06,2.4482e-06,1.93009e-06,50,100,100,408462,14 10 13 11 12 3 6 9 8 0 1 5 4 7 2 
913,2.06114e-06,2.4482e-06,1.91182e-06,50,100,100,408462,14 10 13 11 12 3 6 9 8 0 1 5 4 7 2 
914,2.06444e-06,2.4482e-06,1.90414e-06,50,100,100,408462,14 10 13 11 12 3 6 9 8 0 1 5 4 7 2 
915,2.05496e-06,2.4482e-06,1.88285e-06,50,100,100,408462,14 10 13 11 12 3 6 9 8 0 1 5 4 7 2 
916,2.05223e-06,2.4482e-06,1.90514e-06,50,100,100,408462,14 10 13 11 12 3 6 9 8 0 1 5 4 7 2 
917,2.04751e-06,2.4482e-06,1.89752e-06,50,100,100,408462,14 10 13 11 12 3 6 9 8 0 1 5 4 7 2 
918,2.04399e-06,2.4482e-06,1.89467e-06,50,100,100,408462,14 10 13 11 12 3 6 9 8 0 1 5 4 7 2 
919,2.05879e-06,2.4482e-06,1.85744e-06,50,100,100,408462,14 10 13 11 12 3 6 9 8 0 1 5 4 7 2 
920,2.05763e-06,2.4482e-06,1.89083e-06,50,100,100,408462,14 10 13 11 12 3 6 9 8 0 1 5 4 7 2 
921,2.05371e-06,2.4482e-06,1.91819e-06,50,100,100,408462,14 10 13 11 12 3 6 9 8 0 1 5 4 7 2 
922,2.05739e-06,2.4482e-06,1.90596e-06,50,100,100,408462,14 10 13 11 12 3 6 9 8 0 1 5 4 7 2 
923,2.05102e-06,2.4482e-06,1.9006e-06,50,100,100,408462,14 10 13 11 12 3 6 9 8 0 1 5 4 7 2 
924,2.05505e-06,2.4482e-06,1.91496e-06,50,100,100,408462,14 10 13 11 12 3 6 9 8 0 1 5 4 7 2 
925,2.04688e-06,2.4482e-06,1.89198e-06,50,100,100,408462,14 10 13 11 12 3 6 9 8 0 1 5 4 7 2 
926,2.05573e-06,2.4482e-06,1.91033e-06,50,100,100,408462,14 10 13 11 12 3 6 9 8 0 1 5 4 7 2 
927,2.05532e-06,2.4482e-06,1.90356e-06,50,100,100,408462,14 10 13 11 12 3 6 9 8 0 1 5 4 7 2 
928,2.06693e-06,2.4482e-06,1.92235e-06,50,100,100,408462,14 10 13 11 12 3 6 9 8 0 1 5 4 7 2 
929,2.06748e-06,2.4482e-06,1.89341e-06,50,100,100,408462,14 10 13 11 12 3 6 9 8 0 1 5 4 7 2 
930,2.05412e-06,2.4482e-06,1.94425e-06,50,100,100,408462,14 10 13 11 12 3 6 9 8 0 1 5 4 7 2 
931,2.0618e-06,2.4482e-06,1.9248e-06,50,100,100,408462,14 10 13 11 12 3 6 9 8 0 1 5 4 7 2 
932,2.04313e-06,2.4482e-06,1.89217e-06,50,100,100,408462,14 10 13 11 12 3 6 9 8 0 1 5 4 7 2 
933,2.05131e-06,2.4482e-06,1.91355e-06,50,100,100,408462,14 10 13 11 12 3 6 9 8 0 1 5 4 7 2 
934,2.05502e-06,2.4482e-06,1.91273e-06,50,100,100,408462,14 10 13 11 12 3 6 9 8 0 1 5 4 7 2 
935,2.04232e-06,2.4482e-06,1.88326e-06,50,100,100,408462,14 10 13 11 12 3 6 9 8 0 1 5 4 7 2 
936,2.05527e-06,2.4482e-06,1.93322e-06,50,100,100,408462,14 10 13 11 12 3 6 9 8 0 1 5 4 7 2 
937,2.05954e-06,2.4482e-06,1.94777e-06,50,100,100,408462,14 10 13 11 12 3 6 9 8 0 1 5 4 7 2 
938,2.06797e-06,2.4482e-06,1.93618e-06,50,100,100,408462,14 10 13 11 12 3 6 9 8 0 1 5 4 7 2 
939,2.05636e-06,2.4482e-06,1.92942e-06,50,100,100,408462,14 10 13 11 12 3 6 9 8 0 1 5 4 7 2 
940,2.06052e-06,2.4482e-06,1.91106e-06,50,100,100,408462,14 10 13 11 12 3 6 9 8 0 1 5 4 7 2 
941,2.07103e-06,2.4482e-06,1.93461e-06,50,100,100,408462,14 10 13 11 12 3 6 9 8 0 1 5 4 7 2 
942,2.07779e-06,2.4482e-06,1.92606e-06,50,100,100,408462,14 10 13 11 12 3 6 9 8 0 1 5 4 7 2 
943,2.0614e-06,2.4482e-06,1.91846e-06,50,100,100,408462,14 10 13 11 12 3 6 9 8 0 1 5 4 7 2 
944,2.06129e-06,2.4482e-06,1.94453e-06,50,100,100,408462,14 10 13 11 12 3 6 9 8 0 1 5 4 7 2 
945,2.06213e-06,2.4482e-06,1.90316e-06,50,100,100,408462,14 10 13 11 12 3 6 9 8 0 1 5 4 7 2 
946,2.05737e-06,2.4482e-06,1.934e-06,50,100,100,408462,14 10 13 11 12 3 6 9 8 0 1 5 4 7 2 
947,2.06494e-06,2.4482e-06,1.92849e-06,50,100,100,408462,14 10 13 11 12 3 6 9 8 0 1 5 4 7 2 
948,2.06045e-06,2.4482e-06,1.91067e-06,50,100,100,408462,14 10 13 11 12 3 6 9 8 0 1 5 4 7 2 
949,2.05269e-06,2.4482e-06,1.90456e-06,50,100,100,408462,14 10 13 11 12 3 6 9 8 0 1 5 4 7 2 
950,2.04824e-06,2.4482e-06,1.8993e-06,50,100,100,408462,14 10 13 11 12 3 6 9 8 0 1 5 4 7 2 
951,2.06658e-06,2.4482e-06,1.8754e-06,50,100,100,408462,14 10 13 11 12 3 6 9 8 0 1 5 4 7 2 
952,2.07819e-06,2.4482e-06,1.92154e-06,50,100,100,408462,14 10 13 11 12 3 6 9 8 0 1 5 4 7 2 
953,2.06645e-06,2.4482e-06,1.90437e-06,50,100,100,408462,14 10 13 11 12 3 6 9 8 0 1 5 4 7 2 
954,2.06913e-06,2.4482e-06,1.92275e-06,50,100,100,408462,14 10 13 11 12 3 6 9 8 0 1 5 4 7 2 
955,2.05689e-06,2.4482e-06,1.9302e-06,50,100,100,408462,14 10 13 11 12 3 6 9 8 0 1 5 4 7 2 
956,2.06627e-06,2.4482e-06,1.91881e-06,50,100,100,408462,14 10 13 11 12 3 6 9 8 0 1 5 4 7 2 
957,2.05985e-06,2.4482e-06,1.90973e-06,50,100,100,408462,14 10 13 11 12 3 6 9 8 0 1 5 4 7 2 
958,2.06898e-06,2.4482e-06,1.91173e-06,50,100,100,408462,14 10 13 11 12 3 6 9 8 0 1 5 4 7 2 
959,2.06124e-06,2.4482e-06,1.91954e-06,50,100,100,408462,14 10 13 11 12 3 6 9 8 0 1 5 4 7 2 
960,2.0677e-06,2.4482e-06,1.89236e-06,50,100,100,408462,14 10 13 11 12 3 6 9 8 0 1 5 4 7 2 
961,2.05587e-06,2.4482e-06,1.92392e-06,50,100,100,408462,14 10 13 11 12 3 6 9 8 0 1 5 4 7 2 
962,2.05623e-06,2.4482e-06,1.8765e-06,50,100,100,408462,14 10 13 11 12 3 6 9 8 0 1 5 4 7 2 
963,2.07259e-06,2.4482e-06,1.92716e-06,50,100,100,408462,14 10 13 11 12 3 6 9 8 0 1 5 4 7 2 
964,2.05651e-06,2.4482e-06,1.91401e-06,50,100,100,408462,14 10 13 11 12 3 6 9 8 0 1 5 4 7 2 
965,2.06305e-06,2.4482e-06,1.90834e-06,50,100,100,408462,14 10 13 11 12 3 6 9 8 0 1 5 4 7 2 
966,2.06299e-06,2.4482e-06,1.90213e-06,50,100,100,408462,14 10 13 11 12 3 6 9 8 0 1 5 4 7 2 
967,2.07028e-06,2.4482e-06,1.92878e-06,50,100,100,408462,14 10 13 11 12 3 6 9 8 0 1 5 4 7 2 
968,2.06719e-06,2.4482e-06,1.93755e-06,50,100,100,408462,14 10 13 11 12 3 6 9 8 0 1 5 4 7 2 
969,2.05683e-06,2.4482e-06,1.92258e-06,50,100,100,408462,14 10 13 11 12 3 6 9 8 0 1 5 4 7 2 
970,2.06466e-06,2.4482e-06,1.89628e-06,50,100,100,408462,14 10 13 11 12 3 6 9 8 0 1 5 4 7 2 
971,2.07428e-06,2.4482e-06,1.93074e-06,50,100,100,408462,14 10 13 11 12 3 6 9 8 0 1 5 4 7 2 
972,2.05596e-06,2.4482e-06,1.88284e-06,50,100,100,408462,14 10 13 11 12 3 6 9 8 0 1 5 4 7 2 
973,2.05918e-06,2.4482e-06,1.90561e-06,50,100,100,408462,14 10 13 11 12 3 6 9 8 0 1 5 4 7 2 
974,2.05956e-06,2.4482e-06,1.89762e-06,50,100,100,408462,14 10 13 11 12 3 6 9 8 0 1 5 4 7 2 
975,2.05153e-06,2.4482e-06,1.91427e-06,50,100,100,408462,14 10 13 11 12 3 6 9 8 0 1 5 4 7 2 
976,2.05336e-06,2.4482e-06,1.91892e-06,50,100,100,408462,14 10 13 11 12 3 6 9 8 0 1 5 4 7 2 
977,2.06397e-06,2.4482e-06,1.89326e-06,50,100,100,408462,14 10 13 11 12 3 6 9 8 0 1 5 4 7 2 
978,2.07035e-06,2.4482e-06,1.9296e-06,50,100,100,408462,14 10 13 11 12 3 6 9 8 0 1 5 4 7 2 
979,2.04902e-06,2.4482e-06,1.89568e-06,50,100,100,408462,14 10 13 11 12 3 6 9 8 0 1 5 4 7 2 
980,2.06926e-06,2.4482e-06,1.90514e-06,50,100,100,408462,14 10 13 11 12 3 6 9 8 0 1 5 4 7 2 
981,2.06871e-06,2.4482e-06,1.93123e-06,50,100,100,408462,14 10 13 11 12 3 6 9 8 0 1 5 4 7 2 
982,2.05962e-06,2.4482e-06,1.9358e-06,50,100,100,408462,14 10 13 11 12 3 6 9 8 0 1 5 4 7 2 
983,2.07365e-06,2.4482e-06,1.88127e-06,50,100,100,408462,14 10 13 11 12 3 6 9 8 0 1 5 4 7 2 
984,2.06218e-06,2.4482e-06,1.88913e-06,50,100,100,408462,14 10 13 11 12 3 6 9 8 0 1 5 4 7 2 
985,2.06084e-06,2.4482e-06,1.87982e-06,50,100,100,408462,14 10 13 11 12 3 6 9 8 0 1 5 4 7 2 
986,2.0541e-06,2.4482e-06,1.90419e-06,50,100,100,408462,14 10 13 11 12 3 6 9 8 0 1 5 4 7 2 
987,2.05458e-06,2.4482e-06,1.90337e-06,50,100,100,408462,14 10 13 11 12 3 6 9 8 0 1 5 4 7 2 
988,2.05725e-06,2.4482e-06,1.91962e-06,50,100,100,408462,14 10 13 11 12 3 6 9 8 0 1 5 4 7 2 
989,2.06883e-06,2.4482e-06,1.92699e-06,50,100,100,408462,14 10 13 11 12 3 6 9 8 0 1 5 4 7 2 
990,2.06169e-06,2.4482e-06,1.94027e-06,50,100,100,408462,14 10 13 11 12 3 6 9 8 0 1 5 4 7 2 
991,2.06403e-06,2.4482e-06,1.90887e-06,50,100,100,408462,14 10 13 11 12 3 6 9 8 0 1 5 4 7 2 
992,2.05507e-06,2.4482e-06,1.88947e-06,50,100,100,408462,14 10 13 11 12 3 6 9 8 0 1 5 4 7 2 
993,2.05434e-06,2.4482e-06,1.88077e-06,50,100,100,408462,14 10 13 11 12 3 6 9 8 0 1 5 4 7 2 
994,2.0554e-06,2.4482e-06,1.90582e-06,50,100,100,408462,14 10 13 11 12 3 6 9 8 0 1 5 4 7 2 
995,2.05656e-06,2.4482e-06,1.93487e-06,50,100,100,408462,14 10 13 11 12 3 6 9 8 0 1 5 4 7 2 
996,2.05797e-06,2.4482e-06,1.90601e-06,50,100,100,408462,14 10 13 11 12 3 6 9 8 0 1 5 4 7 2 
997,2.0511e-06,2.4482e-06,1.90358e-06,50,100,100,408462,14 10 13 11 12 3 6 9 8 0 1 5 4 7 2 
998,2.0503e-06,2.4482e-06,1.88934e-06,50,100,100,408462,14 10 13 11 12 3 6 9 8 0 1 5 4 7 2 
999,2.05897e-06,2.4482e-06,1.88558e-06,50,100,100,408462,14 10 13 11 12 3 6 9 8 0 1 5 4 7 2 
