Generación,Media,Mejor,Peor,Cruzas,Mutaciones,Inversiones,Costo,Permutación
1,2.04161e-06,2.2335e-06,1.90399e-06,50,100,100,447726,12 7 13 1 2 10 11 8 5 6 4 9 0 3 14 
2,2.04593e-06,2.2335e-06,1.90208e-06,50,100,100,447726,12 7 13 1 2 10 11 8 5 6 4 9 0 3 14 
3,2.05783e-06,2.2335e-06,1.94488e-06,50,100,100,447726,12 7 13 1 2 10 11 8 5 6 4 9 0 3 14 
4,2.05095e-06,2.32191e-06,1.90716e-06,50,100,100,430678,6 3 7 0 2 1 4 8 10 5 12 13 14 11 9 
5,2.0596e-06,2.32191e-06,1.90066e-06,50,100,100,430678,6 3 7 0 2 1 4 8 10 5 12 13 14 11 9 
6,2.05852e-06,2.32191e-06,1.91872e-06,50,100,100,430678,6 3 7 0 2 1 4 8 10 5 12 13 14 11 9 
7,2.05441e-06,2.32191e-06,1.88764e-06,50,100,100,430678,6 3 7 0 2 1 4 8 10 5 12 13 14 11 9 
8,2.04768e-06,2.32191e-06,1.9063e-06,50,100,100,430678,6 3 7 0 2 1 4 8 10 5 12 13 14 11 9 
9,2.05395e-06,2.32191e-06,1.87905e-06,50,100,100,430678,6 3 7 0 2 1 4 8 10 5 12 13 14 11 9 
10,2.04413e-06,2.32191e-06,1.90084e-06,50,100,100,430678,6 3 7 0 2 1 4 8 10 5 12 13 14 11 9 
11,2.05387e-06,2.32191e-06,1.92541e-06,50,100,100,430678,6 3 7 0 2 1 4 8 10 5 12 13 14 11 9 
12,2.06071e-06,2.32191e-06,1.9014e-06,50,100,100,430678,6 3 7 0 2 1 4 8 10 5 12 13 14 11 9 
13,2.05887e-06,2.32191e-06,1.90318e-06,50,100,100,430678,6 3 7 0 2 1 4 8 10 5 12 13 14 11 9 
14,2.05599e-06,2.32191e-06,1.90345e-06,50,100,100,430678,6 3 7 0 2 1 4 8 10 5 12 13 14 11 9 
15,2.0492e-06,2.32191e-06,1.89506e-06,50,100,100,430678,6 3 7 0 2 1 4 8 10 5 12 13 14 11 9 
16,2.05953e-06,2.32191e-06,1.92057e-06,50,100,100,430678,6 3 7 0 2 1 4 8 10 5 12 13 14 11 9 
17,2.05324e-06,2.32191e-06,1.90159e-06,50,100,100,430678,6 3 7 0 2 1 4 8 10 5 12 13 14 11 9 
18,2.06716e-06,2.32191e-06,1.91108e-06,50,100,100,430678,6 3 7 0 2 1 4 8 10 5 12 13 14 11 9 
19,2.06268e-06,2.32191e-06,1.91535e-06,50,100,100,430678,6 3 7 0 2 1 4 8 10 5 12 13 14 11 9 
20,2.0553e-06,2.32191e-06,1.8939e-06,50,100,100,430678,6 3 7 0 2 1 4 8 10 5 12 13 14 11 9 
21,2.07097e-06,2.32191e-06,1.91842e-06,50,100,100,430678,6 3 7 0 2 1 4 8 10 5 12 13 14 11 9 
22,2.08054e-06,2.3286e-06,1.92058e-06,50,100,100,429442,7 2 6 11 8 10 3 1 0 4 9 12 5 14 13 
23,2.05893e-06,2.3286e-06,1.88574e-06,50,100,100,429442,7 2 6 11 8 10 3 1 0 4 9 12 5 14 13 
24,2.06332e-06,2.3286e-06,1.90437e-06,50,100,100,429442,7 2 6 11 8 10 3 1 0 4 9 12 5 14 13 
25,2.04825e-06,2.3286e-06,1.9172e-06,50,100,100,429442,7 2 6 11 8 10 3 1 0 4 9 12 5 14 13 
26,2.05915e-06,2.3286e-06,1.93761e-06,50,100,100,429442,7 2 6 11 8 10 3 1 0 4 9 12 5 14 13 
27,2.05324e-06,2.3286e-06,1.90562e-06,50,100,100,429442,7 2 6 11 8 10 3 1 0 4 9 12 5 14 13 
28,2.05569e-06,2.3286e-06,1.92737e-06,50,100,100,429442,7 2 6 11 8 10 3 1 0 4 9 12 5 14 13 
29,2.04449e-06,2.3286e-06,1.88966e-06,50,100,100,429442,7 2 6 11 8 10 3 1 0 4 9 12 5 14 13 
30,2.05365e-06,2.3286e-06,1.89627e-06,50,100,100,429442,7 2 6 11 8 10 3 1 0 4 9 12 5 14 13 
31,2.05913e-06,2.3286e-06,1.92362e-06,50,100,100,429442,7 2 6 11 8 10 3 1 0 4 9 12 5 14 13 
32,2.07192e-06,2.3286e-06,1.89216e-06,50,100,100,429442,7 2 6 11 8 10 3 1 0 4 9 12 5 14 13 
33,2.06358e-06,2.3286e-06,1.93678e-06,50,100,100,429442,7 2 6 11 8 10 3 1 0 4 9 12 5 14 13 
34,2.06043e-06,2.3286e-06,1.9201e-06,50,100,100,429442,7 2 6 11 8 10 3 1 0 4 9 12 5 14 13 
35,2.05938e-06,2.3286e-06,1.91848e-06,50,100,100,429442,7 2 6 11 8 10 3 1 0 4 9 12 5 14 13 
36,2.05636e-06,2.3286e-06,1.91891e-06,50,100,100,429442,7 2 6 11 8 10 3 1 0 4 9 12 5 14 13 
37,2.05546e-06,2.3286e-06,1.89593e-06,50,100,100,429442,7 2 6 11 8 10 3 1 0 4 9 12 5 14 13 
38,2.06992e-06,2.3286e-06,1.91587e-06,50,100,100,429442,7 2 6 11 8 10 3 1 0 4 9 12 5 14 13 
39,2.06615e-06,2.3286e-06,1.93573e-06,50,100,100,429442,7 2 6 11 8 10 3 1 0 4 9 12 5 14 13 
40,2.05968e-06,2.3286e-06,1.91743e-06,50,100,100,429442,7 2 6 11 8 10 3 1 0 4 9 12 5 14 13 
41,2.06488e-06,2.3286e-06,1.92728e-06,50,100,100,429442,7 2 6 11 8 10 3 1 0 4 9 12 5 14 13 
42,2.06196e-06,2.3286e-06,1.89901e-06,50,100,100,429442,7 2 6 11 8 10 3 1 0 4 9 12 5 14 13 
43,2.057e-06,2.3286e-06,1.92742e-06,50,100,100,429442,7 2 6 11 8 10 3 1 0 4 9 12 5 14 13 
44,2.05029e-06,2.3286e-06,1.90313e-06,50,100,100,429442,7 2 6 11 8 10 3 1 0 4 9 12 5 14 13 
45,2.0605e-06,2.3286e-06,1.90901e-06,50,100,100,429442,7 2 6 11 8 10 3 1 0 4 9 12 5 14 13 
46,2.06905e-06,2.3286e-06,1.92757e-06,50,100,100,429442,7 2 6 11 8 10 3 1 0 4 9 12 5 14 13 
47,2.05654e-06,2.3286e-06,1.91817e-06,50,100,100,429442,7 2 6 11 8 10 3 1 0 4 9 12 5 14 13 
48,2.065e-06,2.3286e-06,1.9265e-06,50,100,100,429442,7 2 6 11 8 10 3 1 0 4 9 12 5 14 13 
49,2.06295e-06,2.3286e-06,1.94005e-06,50,100,100,429442,7 2 6 11 8 10 3 1 0 4 9 12 5 14 13 
50,2.06354e-06,2.3286e-06,1.89005e-06,50,100,100,429442,7 2 6 11 8 10 3 1 0 4 9 12 5 14 13 
51,2.05756e-06,2.3286e-06,1.89177e-06,50,100,100,429442,7 2 6 11 8 10 3 1 0 4 9 12 5 14 13 
52,2.061e-06,2.3286e-06,1.89952e-06,50,100,100,429442,7 2 6 11 8 10 3 1 0 4 9 12 5 14 13 
53,2.07081e-06,2.3286e-06,1.91089e-06,50,100,100,429442,7 2 6 11 8 10 3 1 0 4 9 12 5 14 13 
54,2.07037e-06,2.3286e-06,1.90755e-06,50,100,100,429442,7 2 6 11 8 10 3 1 0 4 9 12 5 14 13 
55,2.05503e-06,2.3286e-06,1.92789e-06,50,100,100,429442,7 2 6 11 8 10 3 1 0 4 9 12 5 14 13 
56,2.07527e-06,2.3286e-06,1.87718e-06,50,100,100,429442,7 2 6 11 8 10 3 1 0 4 9 12 5 14 13 
57,2.07939e-06,2.3286e-06,1.92599e-06,50,100,100,429442,7 2 6 11 8 10 3 1 0 4 9 12 5 14 13 
58,2.07934e-06,2.3286e-06,1.93127e-06,50,100,100,429442,7 2 6 11 8 10 3 1 0 4 9 12 5 14 13 
59,2.0618e-06,2.3286e-06,1.90428e-06,50,100,100,429442,7 2 6 11 8 10 3 1 0 4 9 12 5 14 13 
60,2.0634e-06,2.3286e-06,1.91387e-06,50,100,100,429442,7 2 6 11 8 10 3 1 0 4 9 12 5 14 13 
61,2.05742e-06,2.3286e-06,1.9086e-06,50,100,100,429442,7 2 6 11 8 10 3 1 0 4 9 12 5 14 13 
62,2.05943e-06,2.3286e-06,1.87692e-06,50,100,100,429442,7 2 6 11 8 10 3 1 0 4 9 12 5 14 13 
63,2.06951e-06,2.3286e-06,1.93844e-06,50,100,100,429442,7 2 6 11 8 10 3 1 0 4 9 12 5 14 13 
64,2.05311e-06,2.3286e-06,1.90438e-06,50,100,100,429442,7 2 6 11 8 10 3 1 0 4 9 12 5 14 13 
65,2.07861e-06,2.33533e-06,1.90869e-06,50,100,100,428204,2 7 6 11 8 10 3 1 0 4 9 12 5 14 13 
66,2.07131e-06,2.33533e-06,1.90202e-06,50,100,100,428204,2 7 6 11 8 10 3 1 0 4 9 12 5 14 13 
67,2.07118e-06,2.33533e-06,1.90184e-06,50,100,100,428204,2 7 6 11 8 10 3 1 0 4 9 12 5 14 13 
68,2.0592e-06,2.33533e-06,1.90577e-06,50,100,100,428204,2 7 6 11 8 10 3 1 0 4 9 12 5 14 13 
69,2.04439e-06,2.33533e-06,1.88117e-06,50,100,100,428204,2 7 6 11 8 10 3 1 0 4 9 12 5 14 13 
70,2.0633e-06,2.33533e-06,1.893e-06,50,100,100,428204,2 7 6 11 8 10 3 1 0 4 9 12 5 14 13 
71,2.06777e-06,2.33533e-06,1.94388e-06,50,100,100,428204,2 7 6 11 8 10 3 1 0 4 9 12 5 14 13 
72,2.04948e-06,2.33533e-06,1.89341e-06,50,100,100,428204,2 7 6 11 8 10 3 1 0 4 9 12 5 14 13 
73,2.05175e-06,2.33533e-06,1.9135e-06,50,100,100,428204,2 7 6 11 8 10 3 1 0 4 9 12 5 14 13 
74,2.04404e-06,2.33533e-06,1.89275e-06,50,100,100,428204,2 7 6 11 8 10 3 1 0 4 9 12 5 14 13 
75,2.0506e-06,2.35093e-06,1.8891e-06,50,100,100,425362,3 10 7 13 0 11 1 6 12 2 5 8 4 14 9 
76,2.04907e-06,2.35093e-06,1.87518e-06,50,100,100,425362,3 10 7 13 0 11 1 6 12 2 5 8 4 14 9 
77,2.04477e-06,2.35093e-06,1.92133e-06,50,100,100,425362,3 10 7 13 0 11 1 6 12 2 5 8 4 14 9 
78,2.0679e-06,2.35093e-06,1.92813e-06,50,100,100,425362,3 10 7 13 0 11 1 6 12 2 5 8 4 14 9 
79,2.06019e-06,2.35093e-06,1.93108e-06,50,100,100,425362,3 10 7 13 0 11 1 6 12 2 5 8 4 14 9 
80,2.04949e-06,2.35093e-06,1.92448e-06,50,100,100,425362,3 10 7 13 0 11 1 6 12 2 5 8 4 14 9 
81,2.04957e-06,2.35093e-06,1.91092e-06,50,100,100,425362,3 10 7 13 0 11 1 6 12 2 5 8 4 14 9 
82,2.0569e-06,2.35093e-06,1.90027e-06,50,100,100,425362,3 10 7 13 0 11 1 6 12 2 5 8 4 14 9 
83,2.07703e-06,2.35093e-06,1.90119e-06,50,100,100,425362,3 10 7 13 0 11 1 6 12 2 5 8 4 14 9 
84,2.06455e-06,2.35093e-06,1.93592e-06,50,100,100,425362,3 10 7 13 0 11 1 6 12 2 5 8 4 14 9 
85,2.05739e-06,2.35093e-06,1.88574e-06,50,100,100,425362,3 10 7 13 0 11 1 6 12 2 5 8 4 14 9 
86,2.05547e-06,2.35093e-06,1.91534e-06,50,100,100,425362,3 10 7 13 0 11 1 6 12 2 5 8 4 14 9 
87,2.06481e-06,2.35093e-06,1.92706e-06,50,100,100,425362,3 10 7 13 0 11 1 6 12 2 5 8 4 14 9 
88,2.05684e-06,2.35093e-06,1.92992e-06,50,100,100,425362,3 10 7 13 0 11 1 6 12 2 5 8 4 14 9 
89,2.06583e-06,2.35093e-06,1.90169e-06,50,100,100,425362,3 10 7 13 0 11 1 6 12 2 5 8 4 14 9 
90,2.0785e-06,2.35093e-06,1.90855e-06,50,100,100,425362,3 10 7 13 0 11 1 6 12 2 5 8 4 14 9 
91,2.05946e-06,2.35093e-06,1.91334e-06,50,100,100,425362,3 10 7 13 0 11 1 6 12 2 5 8 4 14 9 
92,2.05322e-06,2.35093e-06,1.8851e-06,50,100,100,425362,3 10 7 13 0 11 1 6 12 2 5 8 4 14 9 
93,2.07659e-06,2.38939e-06,1.93363e-06,50,100,100,418516,3 10 7 13 0 11 1 6 12 4 5 8 2 14 9 
94,2.07888e-06,2.38939e-06,1.88471e-06,50,100,100,418516,3 10 7 13 0 11 1 6 12 4 5 8 2 14 9 
95,2.06663e-06,2.38939e-06,1.9175e-06,50,100,100,418516,3 10 7 13 0 11 1 6 12 4 5 8 2 14 9 
96,2.0673e-06,2.38939e-06,1.93835e-06,50,100,100,418516,3 10 7 13 0 11 1 6 12 4 5 8 2 14 9 
97,2.07129e-06,2.38939e-06,1.91766e-06,50,100,100,418516,3 10 7 13 0 11 1 6 12 4 5 8 2 14 9 
98,2.05957e-06,2.38939e-06,1.93157e-06,50,100,100,418516,3 10 7 13 0 11 1 6 12 4 5 8 2 14 9 
99,2.06418e-06,2.38939e-06,1.91119e-06,50,100,100,418516,3 10 7 13 0 11 1 6 12 4 5 8 2 14 9 
100,2.07471e-06,2.38939e-06,1.93581e-06,50,100,100,418516,3 10 7 13 0 11 1 6 12 4 5 8 2 14 9 
101,2.06441e-06,2.38939e-06,1.92185e-06,50,100,100,418516,3 10 7 13 0 11 1 6 12 4 5 8 2 14 9 
102,2.05298e-06,2.38939e-06,1.91026e-06,50,100,100,418516,3 10 7 13 0 11 1 6 12 4 5 8 2 14 9 
103,2.05936e-06,2.38939e-06,1.91541e-06,50,100,100,418516,3 10 7 13 0 11 1 6 12 4 5 8 2 14 9 
104,2.06022e-06,2.38939e-06,1.95369e-06,50,100,100,418516,3 10 7 13 0 11 1 6 12 4 5 8 2 14 9 
105,2.05424e-06,2.38939e-06,1.92144e-06,50,100,100,418516,3 10 7 13 0 11 1 6 12 4 5 8 2 14 9 
106,2.06414e-06,2.38939e-06,1.91684e-06,50,100,100,418516,3 10 7 13 0 11 1 6 12 4 5 8 2 14 9 
107,2.05531e-06,2.38939e-06,1.94286e-06,50,100,100,418516,3 10 7 13 0 11 1 6 12 4 5 8 2 14 9 
108,2.05077e-06,2.38939e-06,1.9092e-06,50,100,100,418516,3 10 7 13 0 11 1 6 12 4 5 8 2 14 9 
109,2.05602e-06,2.38939e-06,1.90216e-06,50,100,100,418516,3 10 7 13 0 11 1 6 12 4 5 8 2 14 9 
110,2.05345e-06,2.38939e-06,1.94458e-06,50,100,100,418516,3 10 7 13 0 11 1 6 12 4 5 8 2 14 9 
111,2.05274e-06,2.38939e-06,1.93296e-06,50,100,100,418516,3 10 7 13 0 11 1 6 12 4 5 8 2 14 9 
112,2.06415e-06,2.38939e-06,1.89996e-06,50,100,100,418516,3 10 7 13 0 11 1 6 12 4 5 8 2 14 9 
113,2.07198e-06,2.38939e-06,1.92878e-06,50,100,100,418516,3 10 7 13 0 11 1 6 12 4 5 8 2 14 9 
114,2.06546e-06,2.38939e-06,1.91012e-06,50,100,100,418516,3 10 7 13 0 11 1 6 12 4 5 8 2 14 9 
115,2.0639e-06,2.38939e-06,1.90706e-06,50,100,100,418516,3 10 7 13 0 11 1 6 12 4 5 8 2 14 9 
116,2.08226e-06,2.38939e-06,1.92584e-06,50,100,100,418516,3 10 7 13 0 11 1 6 12 4 5 8 2 14 9 
117,2.07437e-06,2.38939e-06,1.91133e-06,50,100,100,418516,3 10 7 13 0 11 1 6 12 4 5 8 2 14 9 
118,2.06904e-06,2.38939e-06,1.92667e-06,50,100,100,418516,3 10 7 13 0 11 1 6 12 4 5 8 2 14 9 
119,2.05955e-06,2.38939e-06,1.90376e-06,50,100,100,418516,3 10 7 13 0 11 1 6 12 4 5 8 2 14 9 
120,2.06843e-06,2.38939e-06,1.86133e-06,50,100,100,418516,3 10 7 13 0 11 1 6 12 4 5 8 2 14 9 
121,2.05592e-06,2.38939e-06,1.90986e-06,50,100,100,418516,3 10 7 13 0 11 1 6 12 4 5 8 2 14 9 
122,2.05564e-06,2.38939e-06,1.90195e-06,50,100,100,418516,3 10 7 13 0 11 1 6 12 4 5 8 2 14 9 
123,2.05146e-06,2.38939e-06,1.88493e-06,50,100,100,418516,3 10 7 13 0 11 1 6 12 4 5 8 2 14 9 
124,2.05774e-06,2.38939e-06,1.91662e-06,50,100,100,418516,3 10 7 13 0 11 1 6 12 4 5 8 2 14 9 
125,2.06135e-06,2.38939e-06,1.90811e-06,50,100,100,418516,3 10 7 13 0 11 1 6 12 4 5 8 2 14 9 
126,2.05125e-06,2.38939e-06,1.89318e-06,50,100,100,418516,3 10 7 13 0 11 1 6 12 4 5 8 2 14 9 
127,2.05818e-06,2.38939e-06,1.91676e-06,50,100,100,418516,3 10 7 13 0 11 1 6 12 4 5 8 2 14 9 
128,2.05799e-06,2.38939e-06,1.90161e-06,50,100,100,418516,3 10 7 13 0 11 1 6 12 4 5 8 2 14 9 
129,2.05496e-06,2.38939e-06,1.91225e-06,50,100,100,418516,3 10 7 13 0 11 1 6 12 4 5 8 2 14 9 
130,2.05797e-06,2.38939e-06,1.8811e-06,50,100,100,418516,3 10 7 13 0 11 1 6 12 4 5 8 2 14 9 
131,2.05293e-06,2.38939e-06,1.91349e-06,50,100,100,418516,3 10 7 13 0 11 1 6 12 4 5 8 2 14 9 
132,2.04333e-06,2.38939e-06,1.90086e-06,50,100,100,418516,3 10 7 13 0 11 1 6 12 4 5 8 2 14 9 
133,2.06812e-06,2.38939e-06,1.90733e-06,50,100,100,418516,3 10 7 13 0 11 1 6 12 4 5 8 2 14 9 
134,2.07255e-06,2.38939e-06,1.90593e-06,50,100,100,418516,3 10 7 13 0 11 1 6 12 4 5 8 2 14 9 
135,2.06064e-06,2.38939e-06,1.9059e-06,50,100,100,418516,3 10 7 13 0 11 1 6 12 4 5 8 2 14 9 
136,2.05996e-06,2.38939e-06,1.88241e-06,50,100,100,418516,3 10 7 13 0 11 1 6 12 4 5 8 2 14 9 
137,2.0506e-06,2.38939e-06,1.92377e-06,50,100,100,418516,3 10 7 13 0 11 1 6 12 4 5 8 2 14 9 
138,2.05044e-06,2.38939e-06,1.89309e-06,50,100,100,418516,3 10 7 13 0 11 1 6 12 4 5 8 2 14 9 
139,2.06265e-06,2.38939e-06,1.88788e-06,50,100,100,418516,3 10 7 13 0 11 1 6 12 4 5 8 2 14 9 
140,2.06184e-06,2.38939e-06,1.91726e-06,50,100,100,418516,3 10 7 13 0 11 1 6 12 4 5 8 2 14 9 
141,2.0541e-06,2.38939e-06,1.91491e-06,50,100,100,418516,3 10 7 13 0 11 1 6 12 4 5 8 2 14 9 
142,2.04202e-06,2.38939e-06,1.89385e-06,50,100,100,418516,3 10 7 13 0 11 1 6 12 4 5 8 2 14 9 
143,2.05472e-06,2.38939e-06,1.91816e-06,50,100,100,418516,3 10 7 13 0 11 1 6 12 4 5 8 2 14 9 
144,2.05556e-06,2.38939e-06,1.93209e-06,50,100,100,418516,3 10 7 13 0 11 1 6 12 4 5 8 2 14 9 
145,2.05354e-06,2.38939e-06,1.91983e-06,50,100,100,418516,3 10 7 13 0 11 1 6 12 4 5 8 2 14 9 
146,2.06831e-06,2.38939e-06,1.94468e-06,50,100,100,418516,3 10 7 13 0 11 1 6 12 4 5 8 2 14 9 
147,2.05863e-06,2.38939e-06,1.92009e-06,50,100,100,418516,3 10 7 13 0 11 1 6 12 4 5 8 2 14 9 
148,2.07182e-06,2.38939e-06,1.91266e-06,50,100,100,418516,3 10 7 13 0 11 1 6 12 4 5 8 2 14 9 
149,2.06806e-06,2.38939e-06,1.92113e-06,50,100,100,418516,3 10 7 13 0 11 1 6 12 4 5 8 2 14 9 
150,2.05901e-06,2.38939e-06,1.92091e-06,50,100,100,418516,3 10 7 13 0 11 1 6 12 4 5 8 2 14 9 
151,2.06265e-06,2.38939e-06,1.88801e-06,50,100,100,418516,3 10 7 13 0 11 1 6 12 4 5 8 2 14 9 
152,2.0849e-06,2.38939e-06,1.92986e-06,50,100,100,418516,3 10 7 13 0 11 1 6 12 4 5 8 2 14 9 
153,2.08036e-06,2.38939e-06,1.9183e-06,50,100,100,418516,3 10 7 13 0 11 1 6 12 4 5 8 2 14 9 
154,2.09294e-06,2.38939e-06,1.96112e-06,50,100,100,418516,3 10 7 13 0 11 1 6 12 4 5 8 2 14 9 
155,2.07159e-06,2.38939e-06,1.91198e-06,50,100,100,418516,3 10 7 13 0 11 1 6 12 4 5 8 2 14 9 
156,2.06987e-06,2.38939e-06,1.94379e-06,50,100,100,418516,3 10 7 13 0 11 1 6 12 4 5 8 2 14 9 
157,2.06625e-06,2.38939e-06,1.93144e-06,50,100,100,418516,3 10 7 13 0 11 1 6 12 4 5 8 2 14 9 
158,2.06918e-06,2.38939e-06,1.92126e-06,50,100,100,418516,3 10 7 13 0 11 1 6 12 4 5 8 2 14 9 
159,2.06428e-06,2.38939e-06,1.94018e-06,50,100,100,418516,3 10 7 13 0 11 1 6 12 4 5 8 2 14 9 
160,2.05904e-06,2.38939e-06,1.90601e-06,50,100,100,418516,3 10 7 13 0 11 1 6 12 4 5 8 2 14 9 
161,2.07541e-06,2.38939e-06,1.93065e-06,50,100,100,418516,3 10 7 13 0 11 1 6 12 4 5 8 2 14 9 
162,2.05708e-06,2.38939e-06,1.91579e-06,50,100,100,418516,3 10 7 13 0 11 1 6 12 4 5 8 2 14 9 
163,2.0684e-06,2.38939e-06,1.92954e-06,50,100,100,418516,3 10 7 13 0 11 1 6 12 4 5 8 2 14 9 
164,2.06948e-06,2.38939e-06,1.90416e-06,50,100,100,418516,3 10 7 13 0 11 1 6 12 4 5 8 2 14 9 
165,2.05451e-06,2.38939e-06,1.87894e-06,50,100,100,418516,3 10 7 13 0 11 1 6 12 4 5 8 2 14 9 
166,2.0647e-06,2.38939e-06,1.90069e-06,50,100,100,418516,3 10 7 13 0 11 1 6 12 4 5 8 2 14 9 
167,2.07171e-06,2.38939e-06,1.92082e-06,50,100,100,418516,3 10 7 13 0 11 1 6 12 4 5 8 2 14 9 
168,2.06992e-06,2.38939e-06,1.93766e-06,50,100,100,418516,3 10 7 13 0 11 1 6 12 4 5 8 2 14 9 
169,2.05325e-06,2.38939e-06,1.89941e-06,50,100,100,418516,3 10 7 13 0 11 1 6 12 4 5 8 2 14 9 
170,2.06428e-06,2.38939e-06,1.89751e-06,50,100,100,418516,3 10 7 13 0 11 1 6 12 4 5 8 2 14 9 
171,2.04868e-06,2.38939e-06,1.8712e-06,50,100,100,418516,3 10 7 13 0 11 1 6 12 4 5 8 2 14 9 
172,2.05825e-06,2.38939e-06,1.92315e-06,50,100,100,418516,3 10 7 13 0 11 1 6 12 4 5 8 2 14 9 
173,2.05338e-06,2.38939e-06,1.90831e-06,50,100,100,418516,3 10 7 13 0 11 1 6 12 4 5 8 2 14 9 
174,2.05386e-06,2.38939e-06,1.90152e-06,50,100,100,418516,3 10 7 13 0 11 1 6 12 4 5 8 2 14 9 
175,2.04612e-06,2.38939e-06,1.87687e-06,50,100,100,418516,3 10 7 13 0 11 1 6 12 4 5 8 2 14 9 
176,2.06377e-06,2.38939e-06,1.89439e-06,50,100,100,418516,3 10 7 13 0 11 1 6 12 4 5 8 2 14 9 
177,2.06161e-06,2.38939e-06,1.90441e-06,50,100,100,418516,3 10 7 13 0 11 1 6 12 4 5 8 2 14 9 
178,2.05727e-06,2.38939e-06,1.92618e-06,50,100,100,418516,3 10 7 13 0 11 1 6 12 4 5 8 2 14 9 
179,2.06218e-06,2.38939e-06,1.9365e-06,50,100,100,418516,3 10 7 13 0 11 1 6 12 4 5 8 2 14 9 
180,2.06914e-06,2.38939e-06,1.93065e-06,50,100,100,418516,3 10 7 13 0 11 1 6 12 4 5 8 2 14 9 
181,2.07709e-06,2.38939e-06,1.93138e-06,50,100,100,418516,3 10 7 13 0 11 1 6 12 4 5 8 2 14 9 
182,2.08425e-06,2.38939e-06,1.92835e-06,50,100,100,418516,3 10 7 13 0 11 1 6 12 4 5 8 2 14 9 
183,2.07531e-06,2.38939e-06,1.92894e-06,50,100,100,418516,3 10 7 13 0 11 1 6 12 4 5 8 2 14 9 
184,2.0663e-06,2.38939e-06,1.8947e-06,50,100,100,418516,3 10 7 13 0 11 1 6 12 4 5 8 2 14 9 
185,2.07828e-06,2.38939e-06,1.92949e-06,50,100,100,418516,3 10 7 13 0 11 1 6 12 4 5 8 2 14 9 
186,2.07125e-06,2.38939e-06,1.91576e-06,50,100,100,418516,3 10 7 13 0 11 1 6 12 4 5 8 2 14 9 
187,2.06456e-06,2.38939e-06,1.90777e-06,50,100,100,418516,3 10 7 13 0 11 1 6 12 4 5 8 2 14 9 
188,2.0598e-06,2.38939e-06,1.93253e-06,50,100,100,418516,3 10 7 13 0 11 1 6 12 4 5 8 2 14 9 
189,2.06846e-06,2.38939e-06,1.9189e-06,50,100,100,418516,3 10 7 13 0 11 1 6 12 4 5 8 2 14 9 
190,2.05964e-06,2.38939e-06,1.89641e-06,50,100,100,418516,3 10 7 13 0 11 1 6 12 4 5 8 2 14 9 
191,2.06966e-06,2.38939e-06,1.9469e-06,50,100,100,418516,3 10 7 13 0 11 1 6 12 4 5 8 2 14 9 
192,2.06585e-06,2.38939e-06,1.92748e-06,50,100,100,418516,3 10 7 13 0 11 1 6 12 4 5 8 2 14 9 
193,2.06638e-06,2.38939e-06,1.91089e-06,50,100,100,418516,3 10 7 13 0 11 1 6 12 4 5 8 2 14 9 
194,2.07009e-06,2.38939e-06,1.89328e-06,50,100,100,418516,3 10 7 13 0 11 1 6 12 4 5 8 2 14 9 
195,2.0588e-06,2.38939e-06,1.91957e-06,50,100,100,418516,3 10 7 13 0 11 1 6 12 4 5 8 2 14 9 
196,2.046e-06,2.38939e-06,1.86862e-06,50,100,100,418516,3 10 7 13 0 11 1 6 12 4 5 8 2 14 9 
197,2.05386e-06,2.38939e-06,1.91008e-06,50,100,100,418516,3 10 7 13 0 11 1 6 12 4 5 8 2 14 9 
198,2.05749e-06,2.38939e-06,1.89705e-06,50,100,100,418516,3 10 7 13 0 11 1 6 12 4 5 8 2 14 9 
199,2.06329e-06,2.38939e-06,1.8905e-06,50,100,100,418516,3 10 7 13 0 11 1 6 12 4 5 8 2 14 9 
200,2.06478e-06,2.38939e-06,1.9337e-06,50,100,100,418516,3 10 7 13 0 11 1 6 12 4 5 8 2 14 9 
201,2.06385e-06,2.38939e-06,1.88016e-06,50,100,100,418516,3 10 7 13 0 11 1 6 12 4 5 8 2 14 9 
202,2.07621e-06,2.38939e-06,1.90342e-06,50,100,100,418516,3 10 7 13 0 11 1 6 12 4 5 8 2 14 9 
203,2.06684e-06,2.38939e-06,1.95837e-06,50,100,100,418516,3 10 7 13 0 11 1 6 12 4 5 8 2 14 9 
204,2.05843e-06,2.38939e-06,1.8714e-06,50,100,100,418516,3 10 7 13 0 11 1 6 12 4 5 8 2 14 9 
205,2.04813e-06,2.38939e-06,1.93351e-06,50,100,100,418516,3 10 7 13 0 11 1 6 12 4 5 8 2 14 9 
206,2.05104e-06,2.38939e-06,1.89834e-06,50,100,100,418516,3 10 7 13 0 11 1 6 12 4 5 8 2 14 9 
207,2.05081e-06,2.38939e-06,1.86226e-06,50,100,100,418516,3 10 7 13 0 11 1 6 12 4 5 8 2 14 9 
208,2.0585e-06,2.38939e-06,1.92022e-06,50,100,100,418516,3 10 7 13 0 11 1 6 12 4 5 8 2 14 9 
209,2.05994e-06,2.38939e-06,1.91521e-06,50,100,100,418516,3 10 7 13 0 11 1 6 12 4 5 8 2 14 9 
210,2.06221e-06,2.38939e-06,1.89031e-06,50,100,100,418516,3 10 7 13 0 11 1 6 12 4 5 8 2 14 9 
211,2.07721e-06,2.38939e-06,1.93065e-06,50,100,100,418516,3 10 7 13 0 11 1 6 12 4 5 8 2 14 9 
212,2.07233e-06,2.38939e-06,1.92838e-06,50,100,100,418516,3 10 7 13 0 11 1 6 12 4 5 8 2 14 9 
213,2.05921e-06,2.38939e-06,1.91194e-06,50,100,100,418516,3 10 7 13 0 11 1 6 12 4 5 8 2 14 9 
214,2.05472e-06,2.38939e-06,1.9378e-06,50,100,100,418516,3 10 7 13 0 11 1 6 12 4 5 8 2 14 9 
215,2.05649e-06,2.38939e-06,1.915e-06,50,100,100,418516,3 10 7 13 0 11 1 6 12 4 5 8 2 14 9 
216,2.06316e-06,2.38939e-06,1.92507e-06,50,100,100,418516,3 10 7 13 0 11 1 6 12 4 5 8 2 14 9 
217,2.06143e-06,2.38939e-06,1.90936e-06,50,100,100,418516,3 10 7 13 0 11 1 6 12 4 5 8 2 14 9 
218,2.05568e-06,2.38939e-06,1.92367e-06,50,100,100,418516,3 10 7 13 0 11 1 6 12 4 5 8 2 14 9 
219,2.06752e-06,2.38939e-06,1.90777e-06,50,100,100,418516,3 10 7 13 0 11 1 6 12 4 5 8 2 14 9 
220,2.07547e-06,2.38939e-06,1.89897e-06,50,100,100,418516,3 10 7 13 0 11 1 6 12 4 5 8 2 14 9 
221,2.06252e-06,2.38939e-06,1.92497e-06,50,100,100,418516,3 10 7 13 0 11 1 6 12 4 5 8 2 14 9 
222,2.05782e-06,2.38939e-06,1.90524e-06,50,100,100,418516,3 10 7 13 0 11 1 6 12 4 5 8 2 14 9 
223,2.07348e-06,2.38939e-06,1.86659e-06,50,100,100,418516,3 10 7 13 0 11 1 6 12 4 5 8 2 14 9 
224,2.06708e-06,2.38939e-06,1.89978e-06,50,100,100,418516,3 10 7 13 0 11 1 6 12 4 5 8 2 14 9 
225,2.0548e-06,2.38939e-06,1.90918e-06,50,100,100,418516,3 10 7 13 0 11 1 6 12 4 5 8 2 14 9 
226,2.05351e-06,2.38939e-06,1.89752e-06,50,100,100,418516,3 10 7 13 0 11 1 6 12 4 5 8 2 14 9 
227,2.06338e-06,2.38939e-06,1.93093e-06,50,100,100,418516,3 10 7 13 0 11 1 6 12 4 5 8 2 14 9 
228,2.05714e-06,2.38939e-06,1.90729e-06,50,100,100,418516,3 10 7 13 0 11 1 6 12 4 5 8 2 14 9 
229,2.06641e-06,2.38939e-06,1.93098e-06,50,100,100,418516,3 10 7 13 0 11 1 6 12 4 5 8 2 14 9 
230,2.06293e-06,2.38939e-06,1.89698e-06,50,100,100,418516,3 10 7 13 0 11 1 6 12 4 5 8 2 14 9 
231,2.06897e-06,2.38939e-06,1.90753e-06,50,100,100,418516,3 10 7 13 0 11 1 6 12 4 5 8 2 14 9 
232,2.07058e-06,2.38939e-06,1.92758e-06,50,100,100,418516,3 10 7 13 0 11 1 6 12 4 5 8 2 14 9 
233,2.05056e-06,2.38939e-06,1.89807e-06,50,100,100,418516,3 10 7 13 0 11 1 6 12 4 5 8 2 14 9 
234,2.06169e-06,2.38939e-06,1.92169e-06,50,100,100,418516,3 10 7 13 0 11 1 6 12 4 5 8 2 14 9 
235,2.05251e-06,2.38939e-06,1.90898e-06,50,100,100,418516,3 10 7 13 0 11 1 6 12 4 5 8 2 14 9 
236,2.05543e-06,2.38939e-06,1.91274e-06,50,100,100,418516,3 10 7 13 0 11 1 6 12 4 5 8 2 14 9 
237,2.05994e-06,2.38939e-06,1.9067e-06,50,100,100,418516,3 10 7 13 0 11 1 6 12 4 5 8 2 14 9 
238,2.05811e-06,2.38939e-06,1.88692e-06,50,100,100,418516,3 10 7 13 0 11 1 6 12 4 5 8 2 14 9 
239,2.06357e-06,2.38939e-06,1.8934e-06,50,100,100,418516,3 10 7 13 0 11 1 6 12 4 5 8 2 14 9 
240,2.05143e-06,2.38939e-06,1.89548e-06,50,100,100,418516,3 10 7 13 0 11 1 6 12 4 5 8 2 14 9 
241,2.05622e-06,2.38939e-06,1.88377e-06,50,100,100,418516,3 10 7 13 0 11 1 6 12 4 5 8 2 14 9 
242,2.0582e-06,2.38939e-06,1.89862e-06,50,100,100,418516,3 10 7 13 0 11 1 6 12 4 5 8 2 14 9 
243,2.05814e-06,2.38939e-06,1.92634e-06,50,100,100,418516,3 10 7 13 0 11 1 6 12 4 5 8 2 14 9 
244,2.06472e-06,2.38939e-06,1.91045e-06,50,100,100,418516,3 10 7 13 0 11 1 6 12 4 5 8 2 14 9 
245,2.06962e-06,2.38939e-06,1.90277e-06,50,100,100,418516,3 10 7 13 0 11 1 6 12 4 5 8 2 14 9 
246,2.07382e-06,2.38939e-06,1.90858e-06,50,100,100,418516,3 10 7 13 0 11 1 6 12 4 5 8 2 14 9 
247,2.06655e-06,2.38939e-06,1.95783e-06,50,100,100,418516,3 10 7 13 0 11 1 6 12 4 5 8 2 14 9 
248,2.06743e-06,2.38939e-06,1.91449e-06,50,100,100,418516,3 10 7 13 0 11 1 6 12 4 5 8 2 14 9 
249,2.05659e-06,2.38939e-06,1.90297e-06,50,100,100,418516,3 10 7 13 0 11 1 6 12 4 5 8 2 14 9 
250,2.06291e-06,2.38939e-06,1.85818e-06,50,100,100,418516,3 10 7 13 0 11 1 6 12 4 5 8 2 14 9 
251,2.05445e-06,2.38939e-06,1.93948e-06,50,100,100,418516,3 10 7 13 0 11 1 6 12 4 5 8 2 14 9 
252,2.05689e-06,2.38939e-06,1.88908e-06,50,100,100,418516,3 10 7 13 0 11 1 6 12 4 5 8 2 14 9 
253,2.05699e-06,2.38939e-06,1.91221e-06,50,100,100,418516,3 10 7 13 0 11 1 6 12 4 5 8 2 14 9 
254,2.05421e-06,2.38939e-06,1.8888e-06,50,100,100,418516,3 10 7 13 0 11 1 6 12 4 5 8 2 14 9 
255,2.05969e-06,2.38939e-06,1.90195e-06,50,100,100,418516,3 10 7 13 0 11 1 6 12 4 5 8 2 14 9 
256,2.06915e-06,2.38939e-06,1.88336e-06,50,100,100,418516,3 10 7 13 0 11 1 6 12 4 5 8 2 14 9 
257,2.05426e-06,2.38939e-06,1.92181e-06,50,100,100,418516,3 10 7 13 0 11 1 6 12 4 5 8 2 14 9 
258,2.05902e-06,2.38939e-06,1.88558e-06,50,100,100,418516,3 10 7 13 0 11 1 6 12 4 5 8 2 14 9 
259,2.06547e-06,2.38939e-06,1.92998e-06,50,100,100,418516,3 10 7 13 0 11 1 6 12 4 5 8 2 14 9 
260,2.06337e-06,2.38939e-06,1.92503e-06,50,100,100,418516,3 10 7 13 0 11 1 6 12 4 5 8 2 14 9 
261,2.06409e-06,2.38939e-06,1.88885e-06,50,100,100,418516,3 10 7 13 0 11 1 6 12 4 5 8 2 14 9 
262,2.06132e-06,2.38939e-06,1.89257e-06,50,100,100,418516,3 10 7 13 0 11 1 6 12 4 5 8 2 14 9 
263,2.07177e-06,2.38939e-06,1.93646e-06,50,100,100,418516,3 10 7 13 0 11 1 6 12 4 5 8 2 14 9 
264,2.05746e-06,2.38939e-06,1.88986e-06,50,100,100,418516,3 10 7 13 0 11 1 6 12 4 5 8 2 14 9 
265,2.06987e-06,2.38939e-06,1.8843e-06,50,100,100,418516,3 10 7 13 0 11 1 6 12 4 5 8 2 14 9 
266,2.05724e-06,2.38939e-06,1.92355e-06,50,100,100,418516,3 10 7 13 0 11 1 6 12 4 5 8 2 14 9 
267,2.05043e-06,2.38939e-06,1.90902e-06,50,100,100,418516,3 10 7 13 0 11 1 6 12 4 5 8 2 14 9 
268,2.05821e-06,2.38939e-06,1.90174e-06,50,100,100,418516,3 10 7 13 0 11 1 6 12 4 5 8 2 14 9 
269,2.06926e-06,2.38939e-06,1.90535e-06,50,100,100,418516,3 10 7 13 0 11 1 6 12 4 5 8 2 14 9 
270,2.05578e-06,2.38939e-06,1.92097e-06,50,100,100,418516,3 10 7 13 0 11 1 6 12 4 5 8 2 14 9 
271,2.06084e-06,2.38939e-06,1.93118e-06,50,100,100,418516,3 10 7 13 0 11 1 6 12 4 5 8 2 14 9 
272,2.06957e-06,2.38939e-06,1.96143e-06,50,100,100,418516,3 10 7 13 0 11 1 6 12 4 5 8 2 14 9 
273,2.05706e-06,2.38939e-06,1.88591e-06,50,100,100,418516,3 10 7 13 0 11 1 6 12 4 5 8 2 14 9 
274,2.05207e-06,2.38939e-06,1.90189e-06,50,100,100,418516,3 10 7 13 0 11 1 6 12 4 5 8 2 14 9 
275,2.04445e-06,2.38939e-06,1.90288e-06,50,100,100,418516,3 10 7 13 0 11 1 6 12 4 5 8 2 14 9 
276,2.05591e-06,2.38939e-06,1.83183e-06,50,100,100,418516,3 10 7 13 0 11 1 6 12 4 5 8 2 14 9 
277,2.06895e-06,2.38939e-06,1.92375e-06,50,100,100,418516,3 10 7 13 0 11 1 6 12 4 5 8 2 14 9 
278,2.05875e-06,2.38939e-06,1.91623e-06,50,100,100,418516,3 10 7 13 0 11 1 6 12 4 5 8 2 14 9 
279,2.05838e-06,2.38939e-06,1.90917e-06,50,100,100,418516,3 10 7 13 0 11 1 6 12 4 5 8 2 14 9 
280,2.05206e-06,2.38939e-06,1.91163e-06,50,100,100,418516,3 10 7 13 0 11 1 6 12 4 5 8 2 14 9 
281,2.0668e-06,2.38939e-06,1.90185e-06,50,100,100,418516,3 10 7 13 0 11 1 6 12 4 5 8 2 14 9 
282,2.05163e-06,2.38939e-06,1.92515e-06,50,100,100,418516,3 10 7 13 0 11 1 6 12 4 5 8 2 14 9 
283,2.05736e-06,2.38939e-06,1.88727e-06,50,100,100,418516,3 10 7 13 0 11 1 6 12 4 5 8 2 14 9 
284,2.06494e-06,2.38939e-06,1.89969e-06,50,100,100,418516,3 10 7 13 0 11 1 6 12 4 5 8 2 14 9 
285,2.06955e-06,2.38939e-06,1.92436e-06,50,100,100,418516,3 10 7 13 0 11 1 6 12 4 5 8 2 14 9 
286,2.06642e-06,2.38939e-06,1.90229e-06,50,100,100,418516,3 10 7 13 0 11 1 6 12 4 5 8 2 14 9 
287,2.06958e-06,2.38939e-06,1.89758e-06,50,100,100,418516,3 10 7 13 0 11 1 6 12 4 5 8 2 14 9 
288,2.08068e-06,2.42837e-06,1.93083e-06,50,100,100,411798,14 10 7 13 0 11 1 6 12 4 5 8 2 3 9 
289,2.07057e-06,2.42837e-06,1.8944e-06,50,100,100,411798,14 10 7 13 0 11 1 6 12 4 5 8 2 3 9 
290,2.07751e-06,2.42837e-06,1.88381e-06,50,100,100,411798,14 10 7 13 0 11 1 6 12 4 5 8 2 3 9 
291,2.07374e-06,2.42837e-06,1.91721e-06,50,100,100,411798,14 10 7 13 0 11 1 6 12 4 5 8 2 3 9 
292,2.07145e-06,2.42837e-06,1.90386e-06,50,100,100,411798,14 10 7 13 0 11 1 6 12 4 5 8 2 3 9 
293,2.06756e-06,2.42837e-06,1.93755e-06,50,100,100,411798,14 10 7 13 0 11 1 6 12 4 5 8 2 3 9 
294,2.04863e-06,2.42837e-06,1.90118e-06,50,100,100,411798,14 10 7 13 0 11 1 6 12 4 5 8 2 3 9 
295,2.0582e-06,2.42837e-06,1.92425e-06,50,100,100,411798,14 10 7 13 0 11 1 6 12 4 5 8 2 3 9 
296,2.05813e-06,2.42837e-06,1.93421e-06,50,100,100,411798,14 10 7 13 0 11 1 6 12 4 5 8 2 3 9 
297,2.0638e-06,2.42837e-06,1.93566e-06,50,100,100,411798,14 10 7 13 0 11 1 6 12 4 5 8 2 3 9 
298,2.05827e-06,2.42837e-06,1.92376e-06,50,100,100,411798,14 10 7 13 0 11 1 6 12 4 5 8 2 3 9 
299,2.05572e-06,2.42837e-06,1.88715e-06,50,100,100,411798,14 10 7 13 0 11 1 6 12 4 5 8 2 3 9 
300,2.04868e-06,2.42837e-06,1.91236e-06,50,100,100,411798,14 10 7 13 0 11 1 6 12 4 5 8 2 3 9 
301,2.07081e-06,2.42837e-06,1.90371e-06,50,100,100,411798,14 10 7 13 0 11 1 6 12 4 5 8 2 3 9 
302,2.05907e-06,2.42837e-06,1.9339e-06,50,100,100,411798,14 10 7 13 0 11 1 6 12 4 5 8 2 3 9 
303,2.04642e-06,2.42837e-06,1.91217e-06,50,100,100,411798,14 10 7 13 0 11 1 6 12 4 5 8 2 3 9 
304,2.03744e-06,2.42837e-06,1.9063e-06,50,100,100,411798,14 10 7 13 0 11 1 6 12 4 5 8 2 3 9 
305,2.04064e-06,2.42837e-06,1.88951e-06,50,100,100,411798,14 10 7 13 0 11 1 6 12 4 5 8 2 3 9 
306,2.05319e-06,2.42837e-06,1.89518e-06,50,100,100,411798,14 10 7 13 0 11 1 6 12 4 5 8 2 3 9 
307,2.06064e-06,2.42837e-06,1.90231e-06,50,100,100,411798,14 10 7 13 0 11 1 6 12 4 5 8 2 3 9 
308,2.06925e-06,2.42837e-06,1.8995e-06,50,100,100,411798,14 10 7 13 0 11 1 6 12 4 5 8 2 3 9 
309,2.06069e-06,2.42837e-06,1.91274e-06,50,100,100,411798,14 10 7 13 0 11 1 6 12 4 5 8 2 3 9 
310,2.07246e-06,2.42837e-06,1.90071e-06,50,100,100,411798,14 10 7 13 0 11 1 6 12 4 5 8 2 3 9 
311,2.07151e-06,2.42837e-06,1.90253e-06,50,100,100,411798,14 10 7 13 0 11 1 6 12 4 5 8 2 3 9 
312,2.06737e-06,2.42837e-06,1.90158e-06,50,100,100,411798,14 10 7 13 0 11 1 6 12 4 5 8 2 3 9 
313,2.07018e-06,2.42837e-06,1.95078e-06,50,100,100,411798,14 10 7 13 0 11 1 6 12 4 5 8 2 3 9 
314,2.06082e-06,2.42837e-06,1.90546e-06,50,100,100,411798,14 10 7 13 0 11 1 6 12 4 5 8 2 3 9 
315,2.05271e-06,2.42837e-06,1.88856e-06,50,100,100,411798,14 10 7 13 0 11 1 6 12 4 5 8 2 3 9 
316,2.063e-06,2.42837e-06,1.9153e-06,50,100,100,411798,14 10 7 13 0 11 1 6 12 4 5 8 2 3 9 
317,2.06386e-06,2.42837e-06,1.88168e-06,50,100,100,411798,14 10 7 13 0 11 1 6 12 4 5 8 2 3 9 
318,2.05562e-06,2.42837e-06,1.91184e-06,50,100,100,411798,14 10 7 13 0 11 1 6 12 4 5 8 2 3 9 
319,2.05413e-06,2.42837e-06,1.90185e-06,50,100,100,411798,14 10 7 13 0 11 1 6 12 4 5 8 2 3 9 
320,2.06059e-06,2.42837e-06,1.88358e-06,50,100,100,411798,14 10 7 13 0 11 1 6 12 4 5 8 2 3 9 
321,2.05768e-06,2.42837e-06,1.91102e-06,50,100,100,411798,14 10 7 13 0 11 1 6 12 4 5 8 2 3 9 
322,2.05016e-06,2.42837e-06,1.89406e-06,50,100,100,411798,14 10 7 13 0 11 1 6 12 4 5 8 2 3 9 
323,2.05567e-06,2.42837e-06,1.91507e-06,50,100,100,411798,14 10 7 13 0 11 1 6 12 4 5 8 2 3 9 
324,2.05532e-06,2.42837e-06,1.88008e-06,50,100,100,411798,14 10 7 13 0 11 1 6 12 4 5 8 2 3 9 
325,2.05932e-06,2.42837e-06,1.9251e-06,50,100,100,411798,14 10 7 13 0 11 1 6 12 4 5 8 2 3 9 
326,2.06719e-06,2.42837e-06,1.92356e-06,50,100,100,411798,14 10 7 13 0 11 1 6 12 4 5 8 2 3 9 
327,2.049e-06,2.42837e-06,1.87895e-06,50,100,100,411798,14 10 7 13 0 11 1 6 12 4 5 8 2 3 9 
328,2.05196e-06,2.42837e-06,1.91149e-06,50,100,100,411798,14 10 7 13 0 11 1 6 12 4 5 8 2 3 9 
329,2.04433e-06,2.42837e-06,1.90716e-06,50,100,100,411798,14 10 7 13 0 11 1 6 12 4 5 8 2 3 9 
330,2.04152e-06,2.42837e-06,1.91298e-06,50,100,100,411798,14 10 7 13 0 11 1 6 12 4 5 8 2 3 9 
331,2.04108e-06,2.42837e-06,1.89573e-06,50,100,100,411798,14 10 7 13 0 11 1 6 12 4 5 8 2 3 9 
332,2.05551e-06,2.42837e-06,1.92351e-06,50,100,100,411798,14 10 7 13 0 11 1 6 12 4 5 8 2 3 9 
333,2.06611e-06,2.42837e-06,1.92802e-06,50,100,100,411798,14 10 7 13 0 11 1 6 12 4 5 8 2 3 9 
334,2.0488e-06,2.42837e-06,1.87914e-06,50,100,100,411798,14 10 7 13 0 11 1 6 12 4 5 8 2 3 9 
335,2.04706e-06,2.42837e-06,1.87259e-06,50,100,100,411798,14 10 7 13 0 11 1 6 12 4 5 8 2 3 9 
336,2.05096e-06,2.42837e-06,1.89524e-06,50,100,100,411798,14 10 7 13 0 11 1 6 12 4 5 8 2 3 9 
337,2.05804e-06,2.42837e-06,1.91185e-06,50,100,100,411798,14 10 7 13 0 11 1 6 12 4 5 8 2 3 9 
338,2.05623e-06,2.42837e-06,1.88192e-06,50,100,100,411798,14 10 7 13 0 11 1 6 12 4 5 8 2 3 9 
339,2.05943e-06,2.42837e-06,1.91203e-06,50,100,100,411798,14 10 7 13 0 11 1 6 12 4 5 8 2 3 9 
340,2.06051e-06,2.42837e-06,1.94233e-06,50,100,100,411798,14 10 7 13 0 11 1 6 12 4 5 8 2 3 9 
341,2.0579e-06,2.42837e-06,1.92322e-06,50,100,100,411798,14 10 7 13 0 11 1 6 12 4 5 8 2 3 9 
342,2.07949e-06,2.42837e-06,1.87364e-06,50,100,100,411798,14 10 7 13 0 11 1 6 12 4 5 8 2 3 9 
343,2.06454e-06,2.42837e-06,1.906e-06,50,100,100,411798,14 10 7 13 0 11 1 6 12 4 5 8 2 3 9 
344,2.06234e-06,2.42837e-06,1.89049e-06,50,100,100,411798,14 10 7 13 0 11 1 6 12 4 5 8 2 3 9 
345,2.06234e-06,2.42837e-06,1.88938e-06,50,100,100,411798,14 10 7 13 0 11 1 6 12 4 5 8 2 3 9 
346,2.06406e-06,2.42837e-06,1.89389e-06,50,100,100,411798,14 10 7 13 0 11 1 6 12 4 5 8 2 3 9 
347,2.04479e-06,2.42837e-06,1.91139e-06,50,100,100,411798,14 10 7 13 0 11 1 6 12 4 5 8 2 3 9 
348,2.05307e-06,2.42837e-06,1.90491e-06,50,100,100,411798,14 10 7 13 0 11 1 6 12 4 5 8 2 3 9 
349,2.06693e-06,2.42837e-06,1.87358e-06,50,100,100,411798,14 10 7 13 0 11 1 6 12 4 5 8 2 3 9 
350,2.06135e-06,2.42837e-06,1.87095e-06,50,100,100,411798,14 10 7 13 0 11 1 6 12 4 5 8 2 3 9 
351,2.05268e-06,2.42837e-06,1.88282e-06,50,100,100,411798,14 10 7 13 0 11 1 6 12 4 5 8 2 3 9 
352,2.05754e-06,2.42837e-06,1.91662e-06,50,100,100,411798,14 10 7 13 0 11 1 6 12 4 5 8 2 3 9 
353,2.05848e-06,2.42837e-06,1.86859e-06,50,100,100,411798,14 10 7 13 0 11 1 6 12 4 5 8 2 3 9 
354,2.06094e-06,2.42837e-06,1.89073e-06,50,100,100,411798,14 10 7 13 0 11 1 6 12 4 5 8 2 3 9 
355,2.06232e-06,2.42837e-06,1.93467e-06,50,100,100,411798,14 10 7 13 0 11 1 6 12 4 5 8 2 3 9 
356,2.05774e-06,2.42837e-06,1.89171e-06,50,100,100,411798,14 10 7 13 0 11 1 6 12 4 5 8 2 3 9 
357,2.06918e-06,2.42837e-06,1.90909e-06,50,100,100,411798,14 10 7 13 0 11 1 6 12 4 5 8 2 3 9 
358,2.064e-06,2.42837e-06,1.90044e-06,50,100,100,411798,14 10 7 13 0 11 1 6 12 4 5 8 2 3 9 
359,2.05857e-06,2.42837e-06,1.90681e-06,50,100,100,411798,14 10 7 13 0 11 1 6 12 4 5 8 2 3 9 
360,2.05817e-06,2.42837e-06,1.90215e-06,50,100,100,411798,14 10 7 13 0 11 1 6 12 4 5 8 2 3 9 
361,2.06222e-06,2.42837e-06,1.90345e-06,50,100,100,411798,14 10 7 13 0 11 1 6 12 4 5 8 2 3 9 
362,2.05661e-06,2.42837e-06,1.92051e-06,50,100,100,411798,14 10 7 13 0 11 1 6 12 4 5 8 2 3 9 
363,2.06659e-06,2.42837e-06,1.90279e-06,50,100,100,411798,14 10 7 13 0 11 1 6 12 4 5 8 2 3 9 
364,2.06129e-06,2.42837e-06,1.90413e-06,50,100,100,411798,14 10 7 13 0 11 1 6 12 4 5 8 2 3 9 
365,2.03691e-06,2.42837e-06,1.91544e-06,50,100,100,411798,14 10 7 13 0 11 1 6 12 4 5 8 2 3 9 
366,2.061e-06,2.42837e-06,1.90174e-06,50,100,100,411798,14 10 7 13 0 11 1 6 12 4 5 8 2 3 9 
367,2.06016e-06,2.42837e-06,1.93622e-06,50,100,100,411798,14 10 7 13 0 11 1 6 12 4 5 8 2 3 9 
368,2.05899e-06,2.42837e-06,1.93038e-06,50,100,100,411798,14 10 7 13 0 11 1 6 12 4 5 8 2 3 9 
369,2.06913e-06,2.42837e-06,1.9127e-06,50,100,100,411798,14 10 7 13 0 11 1 6 12 4 5 8 2 3 9 
370,2.05011e-06,2.42837e-06,1.9097e-06,50,100,100,411798,14 10 7 13 0 11 1 6 12 4 5 8 2 3 9 
371,2.056e-06,2.42837e-06,1.8713e-06,50,100,100,411798,14 10 7 13 0 11 1 6 12 4 5 8 2 3 9 
372,2.06614e-06,2.42837e-06,1.92185e-06,50,100,100,411798,14 10 7 13 0 11 1 6 12 4 5 8 2 3 9 
373,2.06788e-06,2.42837e-06,1.92096e-06,50,100,100,411798,14 10 7 13 0 11 1 6 12 4 5 8 2 3 9 
374,2.05857e-06,2.42837e-06,1.89833e-06,50,100,100,411798,14 10 7 13 0 11 1 6 12 4 5 8 2 3 9 
375,2.05376e-06,2.42837e-06,1.9301e-06,50,100,100,411798,14 10 7 13 0 11 1 6 12 4 5 8 2 3 9 
376,2.04962e-06,2.42837e-06,1.89058e-06,50,100,100,411798,14 10 7 13 0 11 1 6 12 4 5 8 2 3 9 
377,2.04882e-06,2.42837e-06,1.89654e-06,50,100,100,411798,14 10 7 13 0 11 1 6 12 4 5 8 2 3 9 
378,2.0451e-06,2.42837e-06,1.87546e-06,50,100,100,411798,14 10 7 13 0 11 1 6 12 4 5 8 2 3 9 
379,2.05583e-06,2.42837e-06,1.87697e-06,50,100,100,411798,14 10 7 13 0 11 1 6 12 4 5 8 2 3 9 
380,2.05291e-06,2.42837e-06,1.903e-06,50,100,100,411798,14 10 7 13 0 11 1 6 12 4 5 8 2 3 9 
381,2.04137e-06,2.42837e-06,1.90376e-06,50,100,100,411798,14 10 7 13 0 11 1 6 12 4 5 8 2 3 9 
382,2.05083e-06,2.42837e-06,1.91653e-06,50,100,100,411798,14 10 7 13 0 11 1 6 12 4 5 8 2 3 9 
383,2.05515e-06,2.42837e-06,1.91181e-06,50,100,100,411798,14 10 7 13 0 11 1 6 12 4 5 8 2 3 9 
384,2.04796e-06,2.42837e-06,1.8691e-06,50,100,100,411798,14 10 7 13 0 11 1 6 12 4 5 8 2 3 9 
385,2.05511e-06,2.42837e-06,1.91872e-06,50,100,100,411798,14 10 7 13 0 11 1 6 12 4 5 8 2 3 9 
386,2.05487e-06,2.42837e-06,1.87409e-06,50,100,100,411798,14 10 7 13 0 11 1 6 12 4 5 8 2 3 9 
387,2.0712e-06,2.42837e-06,1.89376e-06,50,100,100,411798,14 10 7 13 0 11 1 6 12 4 5 8 2 3 9 
388,2.0542e-06,2.42837e-06,1.89898e-06,50,100,100,411798,14 10 7 13 0 11 1 6 12 4 5 8 2 3 9 
389,2.06715e-06,2.42837e-06,1.9509e-06,50,100,100,411798,14 10 7 13 0 11 1 6 12 4 5 8 2 3 9 
390,2.05088e-06,2.42837e-06,1.93863e-06,50,100,100,411798,14 10 7 13 0 11 1 6 12 4 5 8 2 3 9 
391,2.05625e-06,2.42837e-06,1.93045e-06,50,100,100,411798,14 10 7 13 0 11 1 6 12 4 5 8 2 3 9 
392,2.07141e-06,2.42837e-06,1.92861e-06,50,100,100,411798,14 10 7 13 0 11 1 6 12 4 5 8 2 3 9 
393,2.06457e-06,2.42837e-06,1.94143e-06,50,100,100,411798,14 10 7 13 0 11 1 6 12 4 5 8 2 3 9 
394,2.05968e-06,2.42837e-06,1.9109e-06,50,100,100,411798,14 10 7 13 0 11 1 6 12 4 5 8 2 3 9 
395,2.04561e-06,2.42837e-06,1.92019e-06,50,100,100,411798,14 10 7 13 0 11 1 6 12 4 5 8 2 3 9 
396,2.05187e-06,2.42837e-06,1.92215e-06,50,100,100,411798,14 10 7 13 0 11 1 6 12 4 5 8 2 3 9 
397,2.04369e-06,2.42837e-06,1.90973e-06,50,100,100,411798,14 10 7 13 0 11 1 6 12 4 5 8 2 3 9 
398,2.05066e-06,2.42837e-06,1.89593e-06,50,100,100,411798,14 10 7 13 0 11 1 6 12 4 5 8 2 3 9 
399,2.05354e-06,2.42837e-06,1.90401e-06,50,100,100,411798,14 10 7 13 0 11 1 6 12 4 5 8 2 3 9 
400,2.0606e-06,2.42837e-06,1.91338e-06,50,100,100,411798,14 10 7 13 0 11 1 6 12 4 5 8 2 3 9 
401,2.06141e-06,2.42837e-06,1.88312e-06,50,100,100,411798,14 10 7 13 0 11 1 6 12 4 5 8 2 3 9 
402,2.0553e-06,2.42837e-06,1.89763e-06,50,100,100,411798,14 10 7 13 0 11 1 6 12 4 5 8 2 3 9 
403,2.05634e-06,2.42837e-06,1.89798e-06,50,100,100,411798,14 10 7 13 0 11 1 6 12 4 5 8 2 3 9 
404,2.04709e-06,2.42837e-06,1.89483e-06,50,100,100,411798,14 10 7 13 0 11 1 6 12 4 5 8 2 3 9 
405,2.05429e-06,2.42837e-06,1.90493e-06,50,100,100,411798,14 10 7 13 0 11 1 6 12 4 5 8 2 3 9 
406,2.05694e-06,2.42837e-06,1.91342e-06,50,100,100,411798,14 10 7 13 0 11 1 6 12 4 5 8 2 3 9 
407,2.05046e-06,2.42837e-06,1.91259e-06,50,100,100,411798,14 10 7 13 0 11 1 6 12 4 5 8 2 3 9 
408,2.05074e-06,2.42837e-06,1.90065e-06,50,100,100,411798,14 10 7 13 0 11 1 6 12 4 5 8 2 3 9 
409,2.06855e-06,2.42837e-06,1.9352e-06,50,100,100,411798,14 10 7 13 0 11 1 6 12 4 5 8 2 3 9 
410,2.0644e-06,2.42837e-06,1.92014e-06,50,100,100,411798,14 10 7 13 0 11 1 6 12 4 5 8 2 3 9 
411,2.0649e-06,2.42837e-06,1.91339e-06,50,100,100,411798,14 10 7 13 0 11 1 6 12 4 5 8 2 3 9 
412,2.06756e-06,2.42837e-06,1.89687e-06,50,100,100,411798,14 10 7 13 0 11 1 6 12 4 5 8 2 3 9 
413,2.06712e-06,2.42837e-06,1.92117e-06,50,100,100,411798,14 10 7 13 0 11 1 6 12 4 5 8 2 3 9 
414,2.06603e-06,2.42837e-06,1.89587e-06,50,100,100,411798,14 10 7 13 0 11 1 6 12 4 5 8 2 3 9 
415,2.05402e-06,2.42837e-06,1.92238e-06,50,100,100,411798,14 10 7 13 0 11 1 6 12 4 5 8 2 3 9 
416,2.04643e-06,2.42837e-06,1.90155e-06,50,100,100,411798,14 10 7 13 0 11 1 6 12 4 5 8 2 3 9 
417,2.04771e-06,2.42837e-06,1.88689e-06,50,100,100,411798,14 10 7 13 0 11 1 6 12 4 5 8 2 3 9 
418,2.06022e-06,2.42837e-06,1.90735e-06,50,100,100,411798,14 10 7 13 0 11 1 6 12 4 5 8 2 3 9 
419,2.06529e-06,2.42837e-06,1.9135e-06,50,100,100,411798,14 10 7 13 0 11 1 6 12 4 5 8 2 3 9 
420,2.07429e-06,2.42837e-06,1.89209e-06,50,100,100,411798,14 10 7 13 0 11 1 6 12 4 5 8 2 3 9 
421,2.06791e-06,2.42837e-06,1.91437e-06,50,100,100,411798,14 10 7 13 0 11 1 6 12 4 5 8 2 3 9 
422,2.06248e-06,2.42837e-06,1.92222e-06,50,100,100,411798,14 10 7 13 0 11 1 6 12 4 5 8 2 3 9 
423,2.07078e-06,2.42837e-06,1.94591e-06,50,100,100,411798,14 10 7 13 0 11 1 6 12 4 5 8 2 3 9 
424,2.06956e-06,2.42837e-06,1.91758e-06,50,100,100,411798,14 10 7 13 0 11 1 6 12 4 5 8 2 3 9 
425,2.05711e-06,2.42837e-06,1.93988e-06,50,100,100,411798,14 10 7 13 0 11 1 6 12 4 5 8 2 3 9 
426,2.04743e-06,2.42837e-06,1.92004e-06,50,100,100,411798,14 10 7 13 0 11 1 6 12 4 5 8 2 3 9 
427,2.0486e-06,2.42837e-06,1.8983e-06,50,100,100,411798,14 10 7 13 0 11 1 6 12 4 5 8 2 3 9 
428,2.05245e-06,2.42837e-06,1.94004e-06,50,100,100,411798,14 10 7 13 0 11 1 6 12 4 5 8 2 3 9 
429,2.05199e-06,2.42837e-06,1.86516e-06,50,100,100,411798,14 10 7 13 0 11 1 6 12 4 5 8 2 3 9 
430,2.06858e-06,2.42837e-06,1.96117e-06,50,100,100,411798,14 10 7 13 0 11 1 6 12 4 5 8 2 3 9 
431,2.04558e-06,2.42837e-06,1.88665e-06,50,100,100,411798,14 10 7 13 0 11 1 6 12 4 5 8 2 3 9 
432,2.04455e-06,2.42837e-06,1.89056e-06,50,100,100,411798,14 10 7 13 0 11 1 6 12 4 5 8 2 3 9 
433,2.04142e-06,2.42837e-06,1.92089e-06,50,100,100,411798,14 10 7 13 0 11 1 6 12 4 5 8 2 3 9 
434,2.04316e-06,2.42837e-06,1.91738e-06,50,100,100,411798,14 10 7 13 0 11 1 6 12 4 5 8 2 3 9 
435,2.04469e-06,2.42837e-06,1.86749e-06,50,100,100,411798,14 10 7 13 0 11 1 6 12 4 5 8 2 3 9 
436,2.05636e-06,2.42837e-06,1.92238e-06,50,100,100,411798,14 10 7 13 0 11 1 6 12 4 5 8 2 3 9 
437,2.06145e-06,2.42837e-06,1.92046e-06,50,100,100,411798,14 10 7 13 0 11 1 6 12 4 5 8 2 3 9 
438,2.05102e-06,2.42837e-06,1.88636e-06,50,100,100,411798,14 10 7 13 0 11 1 6 12 4 5 8 2 3 9 
439,2.0595e-06,2.42837e-06,1.90019e-06,50,100,100,411798,14 10 7 13 0 11 1 6 12 4 5 8 2 3 9 
440,2.07894e-06,2.42837e-06,1.90662e-06,50,100,100,411798,14 10 7 13 0 11 1 6 12 4 5 8 2 3 9 
441,2.06206e-06,2.42837e-06,1.89348e-06,50,100,100,411798,14 10 7 13 0 11 1 6 12 4 5 8 2 3 9 
442,2.06505e-06,2.42837e-06,1.91997e-06,50,100,100,411798,14 10 7 13 0 11 1 6 12 4 5 8 2 3 9 
443,2.06689e-06,2.42837e-06,1.92532e-06,50,100,100,411798,14 10 7 13 0 11 1 6 12 4 5 8 2 3 9 
444,2.06761e-06,2.42837e-06,1.92187e-06,50,100,100,411798,14 10 7 13 0 11 1 6 12 4 5 8 2 3 9 
445,2.06797e-06,2.42837e-06,1.9303e-06,50,100,100,411798,14 10 7 13 0 11 1 6 12 4 5 8 2 3 9 
446,2.07537e-06,2.42837e-06,1.9196e-06,50,100,100,411798,14 10 7 13 0 11 1 6 12 4 5 8 2 3 9 
447,2.05437e-06,2.42837e-06,1.90443e-06,50,100,100,411798,14 10 7 13 0 11 1 6 12 4 5 8 2 3 9 
448,2.06758e-06,2.42837e-06,1.90949e-06,50,100,100,411798,14 10 7 13 0 11 1 6 12 4 5 8 2 3 9 
449,2.06255e-06,2.42837e-06,1.93024e-06,50,100,100,411798,14 10 7 13 0 11 1 6 12 4 5 8 2 3 9 
450,2.05661e-06,2.42837e-06,1.9287e-06,50,100,100,411798,14 10 7 13 0 11 1 6 12 4 5 8 2 3 9 
451,2.0715e-06,2.42837e-06,1.92233e-06,50,100,100,411798,14 10 7 13 0 11 1 6 12 4 5 8 2 3 9 
452,2.0663e-06,2.42837e-06,1.91062e-06,50,100,100,411798,14 10 7 13 0 11 1 6 12 4 5 8 2 3 9 
453,2.0695e-06,2.42837e-06,1.93393e-06,50,100,100,411798,14 10 7 13 0 11 1 6 12 4 5 8 2 3 9 
454,2.05782e-06,2.42837e-06,1.90217e-06,50,100,100,411798,14 10 7 13 0 11 1 6 12 4 5 8 2 3 9 
455,2.05766e-06,2.42837e-06,1.90521e-06,50,100,100,411798,14 10 7 13 0 11 1 6 12 4 5 8 2 3 9 
456,2.0708e-06,2.42837e-06,1.92949e-06,50,100,100,411798,14 10 7 13 0 11 1 6 12 4 5 8 2 3 9 
457,2.06059e-06,2.42837e-06,1.90995e-06,50,100,100,411798,14 10 7 13 0 11 1 6 12 4 5 8 2 3 9 
458,2.07076e-06,2.42837e-06,1.90699e-06,50,100,100,411798,14 10 7 13 0 11 1 6 12 4 5 8 2 3 9 
459,2.06679e-06,2.42837e-06,1.91022e-06,50,100,100,411798,14 10 7 13 0 11 1 6 12 4 5 8 2 3 9 
460,2.06238e-06,2.42837e-06,1.94411e-06,50,100,100,411798,14 10 7 13 0 11 1 6 12 4 5 8 2 3 9 
461,2.06398e-06,2.42837e-06,1.91741e-06,50,100,100,411798,14 10 7 13 0 11 1 6 12 4 5 8 2 3 9 
462,2.07366e-06,2.42837e-06,1.92737e-06,50,100,100,411798,14 10 7 13 0 11 1 6 12 4 5 8 2 3 9 
463,2.0665e-06,2.42837e-06,1.94097e-06,50,100,100,411798,14 10 7 13 0 11 1 6 12 4 5 8 2 3 9 
464,2.04252e-06,2.42837e-06,1.8921e-06,50,100,100,411798,14 10 7 13 0 11 1 6 12 4 5 8 2 3 9 
465,2.05875e-06,2.42837e-06,1.93257e-06,50,100,100,411798,14 10 7 13 0 11 1 6 12 4 5 8 2 3 9 
466,2.05452e-06,2.42837e-06,1.90754e-06,50,100,100,411798,14 10 7 13 0 11 1 6 12 4 5 8 2 3 9 
467,2.05192e-06,2.42837e-06,1.91946e-06,50,100,100,411798,14 10 7 13 0 11 1 6 12 4 5 8 2 3 9 
468,2.05825e-06,2.42837e-06,1.91011e-06,50,100,100,411798,14 10 7 13 0 11 1 6 12 4 5 8 2 3 9 
469,2.04296e-06,2.42837e-06,1.90731e-06,50,100,100,411798,14 10 7 13 0 11 1 6 12 4 5 8 2 3 9 
470,2.04566e-06,2.42837e-06,1.89265e-06,50,100,100,411798,14 10 7 13 0 11 1 6 12 4 5 8 2 3 9 
471,2.05181e-06,2.42837e-06,1.87065e-06,50,100,100,411798,14 10 7 13 0 11 1 6 12 4 5 8 2 3 9 
472,2.04852e-06,2.42837e-06,1.90821e-06,50,100,100,411798,14 10 7 13 0 11 1 6 12 4 5 8 2 3 9 
473,2.04486e-06,2.42837e-06,1.9184e-06,50,100,100,411798,14 10 7 13 0 11 1 6 12 4 5 8 2 3 9 
474,2.07085e-06,2.42837e-06,1.91543e-06,50,100,100,411798,14 10 7 13 0 11 1 6 12 4 5 8 2 3 9 
475,2.04782e-06,2.42837e-06,1.88542e-06,50,100,100,411798,14 10 7 13 0 11 1 6 12 4 5 8 2 3 9 
476,2.06471e-06,2.42837e-06,1.87936e-06,50,100,100,411798,14 10 7 13 0 11 1 6 12 4 5 8 2 3 9 
477,2.07931e-06,2.42837e-06,1.93743e-06,50,100,100,411798,14 10 7 13 0 11 1 6 12 4 5 8 2 3 9 
478,2.061e-06,2.42837e-06,1.90382e-06,50,100,100,411798,14 10 7 13 0 11 1 6 12 4 5 8 2 3 9 
479,2.05843e-06,2.42837e-06,1.91488e-06,50,100,100,411798,14 10 7 13 0 11 1 6 12 4 5 8 2 3 9 
480,2.05882e-06,2.42837e-06,1.87444e-06,50,100,100,411798,14 10 7 13 0 11 1 6 12 4 5 8 2 3 9 
481,2.07629e-06,2.42837e-06,1.90303e-06,50,100,100,411798,14 10 7 13 0 11 1 6 12 4 5 8 2 3 9 
482,2.069e-06,2.42837e-06,1.91313e-06,50,100,100,411798,14 10 7 13 0 11 1 6 12 4 5 8 2 3 9 
483,2.05344e-06,2.42837e-06,1.89209e-06,50,100,100,411798,14 10 7 13 0 11 1 6 12 4 5 8 2 3 9 
484,2.06049e-06,2.42837e-06,1.91213e-06,50,100,100,411798,14 10 7 13 0 11 1 6 12 4 5 8 2 3 9 
485,2.0595e-06,2.42837e-06,1.89078e-06,50,100,100,411798,14 10 7 13 0 11 1 6 12 4 5 8 2 3 9 
486,2.05653e-06,2.42837e-06,1.91576e-06,50,100,100,411798,14 10 7 13 0 11 1 6 12 4 5 8 2 3 9 
487,2.04647e-06,2.42837e-06,1.93863e-06,50,100,100,411798,14 10 7 13 0 11 1 6 12 4 5 8 2 3 9 
488,2.04519e-06,2.42837e-06,1.89674e-06,50,100,100,411798,14 10 7 13 0 11 1 6 12 4 5 8 2 3 9 
489,2.05523e-06,2.42837e-06,1.92055e-06,50,100,100,411798,14 10 7 13 0 11 1 6 12 4 5 8 2 3 9 
490,2.06608e-06,2.42837e-06,1.93126e-06,50,100,100,411798,14 10 7 13 0 11 1 6 12 4 5 8 2 3 9 
491,2.06228e-06,2.42837e-06,1.9023e-06,50,100,100,411798,14 10 7 13 0 11 1 6 12 4 5 8 2 3 9 
492,2.07016e-06,2.42837e-06,1.90502e-06,50,100,100,411798,14 10 7 13 0 11 1 6 12 4 5 8 2 3 9 
493,2.05666e-06,2.42837e-06,1.91195e-06,50,100,100,411798,14 10 7 13 0 11 1 6 12 4 5 8 2 3 9 
494,2.05206e-06,2.42837e-06,1.91979e-06,50,100,100,411798,14 10 7 13 0 11 1 6 12 4 5 8 2 3 9 
495,2.06581e-06,2.42837e-06,1.90983e-06,50,100,100,411798,14 10 7 13 0 11 1 6 12 4 5 8 2 3 9 
496,2.0481e-06,2.42837e-06,1.89779e-06,50,100,100,411798,14 10 7 13 0 11 1 6 12 4 5 8 2 3 9 
497,2.05312e-06,2.42837e-06,1.90117e-06,50,100,100,411798,14 10 7 13 0 11 1 6 12 4 5 8 2 3 9 
498,2.06227e-06,2.42837e-06,1.93248e-06,50,100,100,411798,14 10 7 13 0 11 1 6 12 4 5 8 2 3 9 
499,2.05516e-06,2.42837e-06,1.89579e-06,50,100,100,411798,14 10 7 13 0 11 1 6 12 4 5 8 2 3 9 
500,2.06887e-06,2.42837e-06,1.89628e-06,50,100,100,411798,14 10 7 13 0 11 1 6 12 4 5 8 2 3 9 
501,2.05499e-06,2.42837e-06,1.91954e-06,50,100,100,411798,14 10 7 13 0 11 1 6 12 4 5 8 2 3 9 
502,2.06119e-06,2.42837e-06,1.92971e-06,50,100,100,411798,14 10 7 13 0 11 1 6 12 4 5 8 2 3 9 
503,2.05631e-06,2.42837e-06,1.92836e-06,50,100,100,411798,14 10 7 13 0 11 1 6 12 4 5 8 2 3 9 
504,2.05803e-06,2.42837e-06,1.9185e-06,50,100,100,411798,14 10 7 13 0 11 1 6 12 4 5 8 2 3 9 
505,2.06262e-06,2.42837e-06,1.91476e-06,50,100,100,411798,14 10 7 13 0 11 1 6 12 4 5 8 2 3 9 
506,2.05395e-06,2.42837e-06,1.90483e-06,50,100,100,411798,14 10 7 13 0 11 1 6 12 4 5 8 2 3 9 
507,2.06015e-06,2.42837e-06,1.93025e-06,50,100,100,411798,14 10 7 13 0 11 1 6 12 4 5 8 2 3 9 
508,2.05015e-06,2.42837e-06,1.91369e-06,50,100,100,411798,14 10 7 13 0 11 1 6 12 4 5 8 2 3 9 
509,2.06468e-06,2.42837e-06,1.88753e-06,50,100,100,411798,14 10 7 13 0 11 1 6 12 4 5 8 2 3 9 
510,2.05711e-06,2.42837e-06,1.92595e-06,50,100,100,411798,14 10 7 13 0 11 1 6 12 4 5 8 2 3 9 
511,2.05989e-06,2.42837e-06,1.92067e-06,50,100,100,411798,14 10 7 13 0 11 1 6 12 4 5 8 2 3 9 
512,2.06814e-06,2.42837e-06,1.92997e-06,50,100,100,411798,14 10 7 13 0 11 1 6 12 4 5 8 2 3 9 
513,2.06706e-06,2.42837e-06,1.92441e-06,50,100,100,411798,14 10 7 13 0 11 1 6 12 4 5 8 2 3 9 
514,2.0675e-06,2.42837e-06,1.92157e-06,50,100,100,411798,14 10 7 13 0 11 1 6 12 4 5 8 2 3 9 
515,2.06805e-06,2.42837e-06,1.91531e-06,50,100,100,411798,14 10 7 13 0 11 1 6 12 4 5 8 2 3 9 
516,2.06582e-06,2.42837e-06,1.92185e-06,50,100,100,411798,14 10 7 13 0 11 1 6 12 4 5 8 2 3 9 
517,2.0681e-06,2.42837e-06,1.93964e-06,50,100,100,411798,14 10 7 13 0 11 1 6 12 4 5 8 2 3 9 
518,2.0611e-06,2.42837e-06,1.91291e-06,50,100,100,411798,14 10 7 13 0 11 1 6 12 4 5 8 2 3 9 
519,2.06162e-06,2.42837e-06,1.8978e-06,50,100,100,411798,14 10 7 13 0 11 1 6 12 4 5 8 2 3 9 
520,2.05477e-06,2.42837e-06,1.93446e-06,50,100,100,411798,14 10 7 13 0 11 1 6 12 4 5 8 2 3 9 
521,2.05062e-06,2.42837e-06,1.91698e-06,50,100,100,411798,14 10 7 13 0 11 1 6 12 4 5 8 2 3 9 
522,2.06204e-06,2.42837e-06,1.91481e-06,50,100,100,411798,14 10 7 13 0 11 1 6 12 4 5 8 2 3 9 
523,2.05935e-06,2.42837e-06,1.91748e-06,50,100,100,411798,14 10 7 13 0 11 1 6 12 4 5 8 2 3 9 
524,2.05616e-06,2.42837e-06,1.91272e-06,50,100,100,411798,14 10 7 13 0 11 1 6 12 4 5 8 2 3 9 
525,2.06762e-06,2.42837e-06,1.90152e-06,50,100,100,411798,14 10 7 13 0 11 1 6 12 4 5 8 2 3 9 
526,2.07073e-06,2.42837e-06,1.89021e-06,50,100,100,411798,14 10 7 13 0 11 1 6 12 4 5 8 2 3 9 
527,2.05239e-06,2.42837e-06,1.86321e-06,50,100,100,411798,14 10 7 13 0 11 1 6 12 4 5 8 2 3 9 
528,2.05125e-06,2.42837e-06,1.91395e-06,50,100,100,411798,14 10 7 13 0 11 1 6 12 4 5 8 2 3 9 
529,2.05938e-06,2.42837e-06,1.85795e-06,50,100,100,411798,14 10 7 13 0 11 1 6 12 4 5 8 2 3 9 
530,2.06269e-06,2.42837e-06,1.92239e-06,50,100,100,411798,14 10 7 13 0 11 1 6 12 4 5 8 2 3 9 
531,2.06894e-06,2.42837e-06,1.90525e-06,50,100,100,411798,14 10 7 13 0 11 1 6 12 4 5 8 2 3 9 
532,2.06866e-06,2.42837e-06,1.90508e-06,50,100,100,411798,14 10 7 13 0 11 1 6 12 4 5 8 2 3 9 
533,2.05416e-06,2.42837e-06,1.91557e-06,50,100,100,411798,14 10 7 13 0 11 1 6 12 4 5 8 2 3 9 
534,2.05734e-06,2.42837e-06,1.91287e-06,50,100,100,411798,14 10 7 13 0 11 1 6 12 4 5 8 2 3 9 
535,2.04629e-06,2.42837e-06,1.9128e-06,50,100,100,411798,14 10 7 13 0 11 1 6 12 4 5 8 2 3 9 
536,2.04163e-06,2.42837e-06,1.88315e-06,50,100,100,411798,14 10 7 13 0 11 1 6 12 4 5 8 2 3 9 
537,2.05058e-06,2.42837e-06,1.90608e-06,50,100,100,411798,14 10 7 13 0 11 1 6 12 4 5 8 2 3 9 
538,2.04408e-06,2.42837e-06,1.8946e-06,50,100,100,411798,14 10 7 13 0 11 1 6 12 4 5 8 2 3 9 
539,2.05606e-06,2.42837e-06,1.90756e-06,50,100,100,411798,14 10 7 13 0 11 1 6 12 4 5 8 2 3 9 
540,2.05298e-06,2.42837e-06,1.92903e-06,50,100,100,411798,14 10 7 13 0 11 1 6 12 4 5 8 2 3 9 
541,2.04809e-06,2.42837e-06,1.88469e-06,50,100,100,411798,14 10 7 13 0 11 1 6 12 4 5 8 2 3 9 
542,2.05868e-06,2.42837e-06,1.90033e-06,50,100,100,411798,14 10 7 13 0 11 1 6 12 4 5 8 2 3 9 
543,2.05326e-06,2.42837e-06,1.88161e-06,50,100,100,411798,14 10 7 13 0 11 1 6 12 4 5 8 2 3 9 
544,2.04963e-06,2.42837e-06,1.88277e-06,50,100,100,411798,14 10 7 13 0 11 1 6 12 4 5 8 2 3 9 
545,2.05633e-06,2.42837e-06,1.91802e-06,50,100,100,411798,14 10 7 13 0 11 1 6 12 4 5 8 2 3 9 
546,2.06436e-06,2.42837e-06,1.87378e-06,50,100,100,411798,14 10 7 13 0 11 1 6 12 4 5 8 2 3 9 
547,2.06166e-06,2.42837e-06,1.89544e-06,50,100,100,411798,14 10 7 13 0 11 1 6 12 4 5 8 2 3 9 
548,2.06623e-06,2.42837e-06,1.91091e-06,50,100,100,411798,14 10 7 13 0 11 1 6 12 4 5 8 2 3 9 
549,2.05172e-06,2.42837e-06,1.91254e-06,50,100,100,411798,14 10 7 13 0 11 1 6 12 4 5 8 2 3 9 
550,2.06049e-06,2.42837e-06,1.91544e-06,50,100,100,411798,14 10 7 13 0 11 1 6 12 4 5 8 2 3 9 
551,2.072e-06,2.42837e-06,1.93166e-06,50,100,100,411798,14 10 7 13 0 11 1 6 12 4 5 8 2 3 9 
552,2.05878e-06,2.42837e-06,1.89777e-06,50,100,100,411798,14 10 7 13 0 11 1 6 12 4 5 8 2 3 9 
553,2.06169e-06,2.42837e-06,1.8934e-06,50,100,100,411798,14 10 7 13 0 11 1 6 12 4 5 8 2 3 9 
554,2.06403e-06,2.42837e-06,1.87544e-06,50,100,100,411798,14 10 7 13 0 11 1 6 12 4 5 8 2 3 9 
555,2.05642e-06,2.42837e-06,1.92176e-06,50,100,100,411798,14 10 7 13 0 11 1 6 12 4 5 8 2 3 9 
556,2.06213e-06,2.42837e-06,1.90493e-06,50,100,100,411798,14 10 7 13 0 11 1 6 12 4 5 8 2 3 9 
557,2.05573e-06,2.42837e-06,1.90145e-06,50,100,100,411798,14 10 7 13 0 11 1 6 12 4 5 8 2 3 9 
558,2.0548e-06,2.42837e-06,1.89636e-06,50,100,100,411798,14 10 7 13 0 11 1 6 12 4 5 8 2 3 9 
559,2.05655e-06,2.42837e-06,1.8982e-06,50,100,100,411798,14 10 7 13 0 11 1 6 12 4 5 8 2 3 9 
560,2.05187e-06,2.42837e-06,1.91091e-06,50,100,100,411798,14 10 7 13 0 11 1 6 12 4 5 8 2 3 9 
561,2.04542e-06,2.42837e-06,1.89489e-06,50,100,100,411798,14 10 7 13 0 11 1 6 12 4 5 8 2 3 9 
562,2.06183e-06,2.42837e-06,1.92861e-06,50,100,100,411798,14 10 7 13 0 11 1 6 12 4 5 8 2 3 9 
563,2.06422e-06,2.42837e-06,1.88685e-06,50,100,100,411798,14 10 7 13 0 11 1 6 12 4 5 8 2 3 9 
564,2.07727e-06,2.42837e-06,1.8985e-06,50,100,100,411798,14 10 7 13 0 11 1 6 12 4 5 8 2 3 9 
565,2.05564e-06,2.42837e-06,1.90753e-06,50,100,100,411798,14 10 7 13 0 11 1 6 12 4 5 8 2 3 9 
566,2.0627e-06,2.42837e-06,1.91096e-06,50,100,100,411798,14 10 7 13 0 11 1 6 12 4 5 8 2 3 9 
567,2.06099e-06,2.43054e-06,1.91359e-06,50,100,100,411430,14 10 9 13 0 11 1 6 12 4 5 8 2 3 7 
568,2.05838e-06,2.43054e-06,1.91341e-06,50,100,100,411430,14 10 9 13 0 11 1 6 12 4 5 8 2 3 7 
569,2.06182e-06,2.43054e-06,1.91991e-06,50,100,100,411430,14 10 9 13 0 11 1 6 12 4 5 8 2 3 7 
570,2.05475e-06,2.43054e-06,1.92997e-06,50,100,100,411430,14 10 9 13 0 11 1 6 12 4 5 8 2 3 7 
571,2.0655e-06,2.43054e-06,1.93164e-06,50,100,100,411430,14 10 9 13 0 11 1 6 12 4 5 8 2 3 7 
572,2.04757e-06,2.43054e-06,1.9176e-06,50,100,100,411430,14 10 9 13 0 11 1 6 12 4 5 8 2 3 7 
573,2.05882e-06,2.43054e-06,1.91299e-06,50,100,100,411430,14 10 9 13 0 11 1 6 12 4 5 8 2 3 7 
574,2.06551e-06,2.43054e-06,1.94231e-06,50,100,100,411430,14 10 9 13 0 11 1 6 12 4 5 8 2 3 7 
575,2.06041e-06,2.43054e-06,1.88816e-06,50,100,100,411430,14 10 9 13 0 11 1 6 12 4 5 8 2 3 7 
576,2.07293e-06,2.43054e-06,1.90672e-06,50,100,100,411430,14 10 9 13 0 11 1 6 12 4 5 8 2 3 7 
577,2.06664e-06,2.43054e-06,1.92663e-06,50,100,100,411430,14 10 9 13 0 11 1 6 12 4 5 8 2 3 7 
578,2.04769e-06,2.43054e-06,1.91095e-06,50,100,100,411430,14 10 9 13 0 11 1 6 12 4 5 8 2 3 7 
579,2.06179e-06,2.43054e-06,1.89715e-06,50,100,100,411430,14 10 9 13 0 11 1 6 12 4 5 8 2 3 7 
580,2.06687e-06,2.43054e-06,1.88984e-06,50,100,100,411430,14 10 9 13 0 11 1 6 12 4 5 8 2 3 7 
581,2.06346e-06,2.43054e-06,1.91265e-06,50,100,100,411430,14 10 9 13 0 11 1 6 12 4 5 8 2 3 7 
582,2.06083e-06,2.43054e-06,1.90614e-06,50,100,100,411430,14 10 9 13 0 11 1 6 12 4 5 8 2 3 7 
583,2.07204e-06,2.43054e-06,1.90912e-06,50,100,100,411430,14 10 9 13 0 11 1 6 12 4 5 8 2 3 7 
584,2.08095e-06,2.43054e-06,1.95876e-06,50,100,100,411430,14 10 9 13 0 11 1 6 12 4 5 8 2 3 7 
585,2.07072e-06,2.43054e-06,1.91657e-06,50,100,100,411430,14 10 9 13 0 11 1 6 12 4 5 8 2 3 7 
586,2.07273e-06,2.43054e-06,1.91364e-06,50,100,100,411430,14 10 9 13 0 11 1 6 12 4 5 8 2 3 7 
587,2.06837e-06,2.43054e-06,1.93427e-06,50,100,100,411430,14 10 9 13 0 11 1 6 12 4 5 8 2 3 7 
588,2.07099e-06,2.43054e-06,1.90113e-06,50,100,100,411430,14 10 9 13 0 11 1 6 12 4 5 8 2 3 7 
589,2.07025e-06,2.43054e-06,1.90314e-06,50,100,100,411430,14 10 9 13 0 11 1 6 12 4 5 8 2 3 7 
590,2.06535e-06,2.43054e-06,1.91755e-06,50,100,100,411430,14 10 9 13 0 11 1 6 12 4 5 8 2 3 7 
591,2.05337e-06,2.43054e-06,1.92349e-06,50,100,100,411430,14 10 9 13 0 11 1 6 12 4 5 8 2 3 7 
592,2.0625e-06,2.43054e-06,1.92155e-06,50,100,100,411430,14 10 9 13 0 11 1 6 12 4 5 8 2 3 7 
593,2.05564e-06,2.43054e-06,1.91524e-06,50,100,100,411430,14 10 9 13 0 11 1 6 12 4 5 8 2 3 7 
594,2.06426e-06,2.43054e-06,1.9264e-06,50,100,100,411430,14 10 9 13 0 11 1 6 12 4 5 8 2 3 7 
595,2.05418e-06,2.43054e-06,1.88737e-06,50,100,100,411430,14 10 9 13 0 11 1 6 12 4 5 8 2 3 7 
596,2.04658e-06,2.43054e-06,1.90148e-06,50,100,100,411430,14 10 9 13 0 11 1 6 12 4 5 8 2 3 7 
597,2.05544e-06,2.43054e-06,1.89699e-06,50,100,100,411430,14 10 9 13 0 11 1 6 12 4 5 8 2 3 7 
598,2.05776e-06,2.43054e-06,1.89836e-06,50,100,100,411430,14 10 9 13 0 11 1 6 12 4 5 8 2 3 7 
599,2.05909e-06,2.43054e-06,1.9176e-06,50,100,100,411430,14 10 9 13 0 11 1 6 12 4 5 8 2 3 7 
600,2.05198e-06,2.43054e-06,1.91495e-06,50,100,100,411430,14 10 9 13 0 11 1 6 12 4 5 8 2 3 7 
601,2.04875e-06,2.43054e-06,1.89655e-06,50,100,100,411430,14 10 9 13 0 11 1 6 12 4 5 8 2 3 7 
602,2.0644e-06,2.43054e-06,1.89551e-06,50,100,100,411430,14 10 9 13 0 11 1 6 12 4 5 8 2 3 7 
603,2.06817e-06,2.43054e-06,1.92076e-06,50,100,100,411430,14 10 9 13 0 11 1 6 12 4 5 8 2 3 7 
604,2.06154e-06,2.43054e-06,1.92419e-06,50,100,100,411430,14 10 9 13 0 11 1 6 12 4 5 8 2 3 7 
605,2.06852e-06,2.43054e-06,1.93288e-06,50,100,100,411430,14 10 9 13 0 11 1 6 12 4 5 8 2 3 7 
606,2.05591e-06,2.43054e-06,1.87879e-06,50,100,100,411430,14 10 9 13 0 11 1 6 12 4 5 8 2 3 7 
607,2.05081e-06,2.43054e-06,1.9063e-06,50,100,100,411430,14 10 9 13 0 11 1 6 12 4 5 8 2 3 7 
608,2.05148e-06,2.43054e-06,1.91318e-06,50,100,100,411430,14 10 9 13 0 11 1 6 12 4 5 8 2 3 7 
609,2.05075e-06,2.43054e-06,1.89136e-06,50,100,100,411430,14 10 9 13 0 11 1 6 12 4 5 8 2 3 7 
610,2.05925e-06,2.43054e-06,1.91751e-06,50,100,100,411430,14 10 9 13 0 11 1 6 12 4 5 8 2 3 7 
611,2.04598e-06,2.43054e-06,1.91144e-06,50,100,100,411430,14 10 9 13 0 11 1 6 12 4 5 8 2 3 7 
612,2.05253e-06,2.43054e-06,1.9046e-06,50,100,100,411430,14 10 9 13 0 11 1 6 12 4 5 8 2 3 7 
613,2.05907e-06,2.43054e-06,1.88912e-06,50,100,100,411430,14 10 9 13 0 11 1 6 12 4 5 8 2 3 7 
614,2.04836e-06,2.43054e-06,1.93338e-06,50,100,100,411430,14 10 9 13 0 11 1 6 12 4 5 8 2 3 7 
615,2.0583e-06,2.43054e-06,1.91875e-06,50,100,100,411430,14 10 9 13 0 11 1 6 12 4 5 8 2 3 7 
616,2.06163e-06,2.43054e-06,1.91748e-06,50,100,100,411430,14 10 9 13 0 11 1 6 12 4 5 8 2 3 7 
617,2.0626e-06,2.43054e-06,1.9085e-06,50,100,100,411430,14 10 9 13 0 11 1 6 12 4 5 8 2 3 7 
618,2.06494e-06,2.43054e-06,1.88816e-06,50,100,100,411430,14 10 9 13 0 11 1 6 12 4 5 8 2 3 7 
619,2.04823e-06,2.43054e-06,1.90611e-06,50,100,100,411430,14 10 9 13 0 11 1 6 12 4 5 8 2 3 7 
620,2.06526e-06,2.43054e-06,1.9116e-06,50,100,100,411430,14 10 9 13 0 11 1 6 12 4 5 8 2 3 7 
621,2.05629e-06,2.43054e-06,1.90686e-06,50,100,100,411430,14 10 9 13 0 11 1 6 12 4 5 8 2 3 7 
622,2.05318e-06,2.43054e-06,1.91563e-06,50,100,100,411430,14 10 9 13 0 11 1 6 12 4 5 8 2 3 7 
623,2.04762e-06,2.43054e-06,1.88991e-06,50,100,100,411430,14 10 9 13 0 11 1 6 12 4 5 8 2 3 7 
624,2.04073e-06,2.43054e-06,1.91114e-06,50,100,100,411430,14 10 9 13 0 11 1 6 12 4 5 8 2 3 7 
625,2.04785e-06,2.43054e-06,1.92461e-06,50,100,100,411430,14 10 9 13 0 11 1 6 12 4 5 8 2 3 7 
626,2.05339e-06,2.43054e-06,1.89644e-06,50,100,100,411430,14 10 9 13 0 11 1 6 12 4 5 8 2 3 7 
627,2.07069e-06,2.43054e-06,1.92505e-06,50,100,100,411430,14 10 9 13 0 11 1 6 12 4 5 8 2 3 7 
628,2.05773e-06,2.43054e-06,1.91322e-06,50,100,100,411430,14 10 9 13 0 11 1 6 12 4 5 8 2 3 7 
629,2.05954e-06,2.43054e-06,1.93151e-06,50,100,100,411430,14 10 9 13 0 11 1 6 12 4 5 8 2 3 7 
630,2.07063e-06,2.43054e-06,1.92832e-06,50,100,100,411430,14 10 9 13 0 11 1 6 12 4 5 8 2 3 7 
631,2.07245e-06,2.43054e-06,1.83925e-06,50,100,100,411430,14 10 9 13 0 11 1 6 12 4 5 8 2 3 7 
632,2.06128e-06,2.43054e-06,1.92403e-06,50,100,100,411430,14 10 9 13 0 11 1 6 12 4 5 8 2 3 7 
633,2.06054e-06,2.43054e-06,1.91669e-06,50,100,100,411430,14 10 9 13 0 11 1 6 12 4 5 8 2 3 7 
634,2.06019e-06,2.43054e-06,1.92469e-06,50,100,100,411430,14 10 9 13 0 11 1 6 12 4 5 8 2 3 7 
635,2.04605e-06,2.43054e-06,1.87534e-06,50,100,100,411430,14 10 9 13 0 11 1 6 12 4 5 8 2 3 7 
636,2.04743e-06,2.43054e-06,1.91543e-06,50,100,100,411430,14 10 9 13 0 11 1 6 12 4 5 8 2 3 7 
637,2.06031e-06,2.43054e-06,1.86072e-06,50,100,100,411430,14 10 9 13 0 11 1 6 12 4 5 8 2 3 7 
638,2.06699e-06,2.43054e-06,1.93767e-06,50,100,100,411430,14 10 9 13 0 11 1 6 12 4 5 8 2 3 7 
639,2.06161e-06,2.43054e-06,1.93145e-06,50,100,100,411430,14 10 9 13 0 11 1 6 12 4 5 8 2 3 7 
640,2.06705e-06,2.43054e-06,1.9364e-06,50,100,100,411430,14 10 9 13 0 11 1 6 12 4 5 8 2 3 7 
641,2.05879e-06,2.43054e-06,1.91321e-06,50,100,100,411430,14 10 9 13 0 11 1 6 12 4 5 8 2 3 7 
642,2.05413e-06,2.43054e-06,1.88944e-06,50,100,100,411430,14 10 9 13 0 11 1 6 12 4 5 8 2 3 7 
643,2.06044e-06,2.43054e-06,1.90329e-06,50,100,100,411430,14 10 9 13 0 11 1 6 12 4 5 8 2 3 7 
644,2.07048e-06,2.43054e-06,1.89904e-06,50,100,100,411430,14 10 9 13 0 11 1 6 12 4 5 8 2 3 7 
645,2.06025e-06,2.43054e-06,1.90695e-06,50,100,100,411430,14 10 9 13 0 11 1 6 12 4 5 8 2 3 7 
646,2.05484e-06,2.43054e-06,1.91227e-06,50,100,100,411430,14 10 9 13 0 11 1 6 12 4 5 8 2 3 7 
647,2.06556e-06,2.43054e-06,1.86806e-06,50,100,100,411430,14 10 9 13 0 11 1 6 12 4 5 8 2 3 7 
648,2.05406e-06,2.43054e-06,1.93899e-06,50,100,100,411430,14 10 9 13 0 11 1 6 12 4 5 8 2 3 7 
649,2.04612e-06,2.43054e-06,1.8898e-06,50,100,100,411430,14 10 9 13 0 11 1 6 12 4 5 8 2 3 7 
650,2.06704e-06,2.43054e-06,1.89139e-06,50,100,100,411430,14 10 9 13 0 11 1 6 12 4 5 8 2 3 7 
651,2.07011e-06,2.43054e-06,1.93262e-06,50,100,100,411430,14 10 9 13 0 11 1 6 12 4 5 8 2 3 7 
652,2.06357e-06,2.43054e-06,1.90548e-06,50,100,100,411430,14 10 9 13 0 11 1 6 12 4 5 8 2 3 7 
653,2.03821e-06,2.43054e-06,1.90268e-06,50,100,100,411430,14 10 9 13 0 11 1 6 12 4 5 8 2 3 7 
654,2.05691e-06,2.43054e-06,1.9175e-06,50,100,100,411430,14 10 9 13 0 11 1 6 12 4 5 8 2 3 7 
655,2.06554e-06,2.43054e-06,1.92364e-06,50,100,100,411430,14 10 9 13 0 11 1 6 12 4 5 8 2 3 7 
656,2.05384e-06,2.43054e-06,1.91561e-06,50,100,100,411430,14 10 9 13 0 11 1 6 12 4 5 8 2 3 7 
657,2.05934e-06,2.43054e-06,1.91612e-06,50,100,100,411430,14 10 9 13 0 11 1 6 12 4 5 8 2 3 7 
658,2.06078e-06,2.43054e-06,1.92498e-06,50,100,100,411430,14 10 9 13 0 11 1 6 12 4 5 8 2 3 7 
659,2.05792e-06,2.43054e-06,1.90998e-06,50,100,100,411430,14 10 9 13 0 11 1 6 12 4 5 8 2 3 7 
660,2.06132e-06,2.43054e-06,1.92337e-06,50,100,100,411430,14 10 9 13 0 11 1 6 12 4 5 8 2 3 7 
661,2.0606e-06,2.43054e-06,1.8949e-06,50,100,100,411430,14 10 9 13 0 11 1 6 12 4 5 8 2 3 7 
662,2.05726e-06,2.43054e-06,1.91524e-06,50,100,100,411430,14 10 9 13 0 11 1 6 12 4 5 8 2 3 7 
663,2.06205e-06,2.43054e-06,1.88231e-06,50,100,100,411430,14 10 9 13 0 11 1 6 12 4 5 8 2 3 7 
664,2.05791e-06,2.43054e-06,1.94516e-06,50,100,100,411430,14 10 9 13 0 11 1 6 12 4 5 8 2 3 7 
665,2.05522e-06,2.43054e-06,1.87428e-06,50,100,100,411430,14 10 9 13 0 11 1 6 12 4 5 8 2 3 7 
666,2.07421e-06,2.43054e-06,1.9279e-06,50,100,100,411430,14 10 9 13 0 11 1 6 12 4 5 8 2 3 7 
667,2.07152e-06,2.43054e-06,1.94067e-06,50,100,100,411430,14 10 9 13 0 11 1 6 12 4 5 8 2 3 7 
668,2.06838e-06,2.43054e-06,1.88251e-06,50,100,100,411430,14 10 9 13 0 11 1 6 12 4 5 8 2 3 7 
669,2.06239e-06,2.43054e-06,1.90852e-06,50,100,100,411430,14 10 9 13 0 11 1 6 12 4 5 8 2 3 7 
670,2.05936e-06,2.43054e-06,1.91e-06,50,100,100,411430,14 10 9 13 0 11 1 6 12 4 5 8 2 3 7 
671,2.05494e-06,2.43054e-06,1.9096e-06,50,100,100,411430,14 10 9 13 0 11 1 6 12 4 5 8 2 3 7 
672,2.05484e-06,2.43054e-06,1.90066e-06,50,100,100,411430,14 10 9 13 0 11 1 6 12 4 5 8 2 3 7 
673,2.05517e-06,2.43054e-06,1.88383e-06,50,100,100,411430,14 10 9 13 0 11 1 6 12 4 5 8 2 3 7 
674,2.06593e-06,2.43054e-06,1.93329e-06,50,100,100,411430,14 10 9 13 0 11 1 6 12 4 5 8 2 3 7 
675,2.06273e-06,2.43054e-06,1.95107e-06,50,100,100,411430,14 10 9 13 0 11 1 6 12 4 5 8 2 3 7 
676,2.05686e-06,2.43054e-06,1.90343e-06,50,100,100,411430,14 10 9 13 0 11 1 6 12 4 5 8 2 3 7 
677,2.04669e-06,2.43054e-06,1.89737e-06,50,100,100,411430,14 10 9 13 0 11 1 6 12 4 5 8 2 3 7 
678,2.05243e-06,2.43054e-06,1.91921e-06,50,100,100,411430,14 10 9 13 0 11 1 6 12 4 5 8 2 3 7 
679,2.05761e-06,2.43054e-06,1.91634e-06,50,100,100,411430,14 10 9 13 0 11 1 6 12 4 5 8 2 3 7 
680,2.05334e-06,2.43054e-06,1.90068e-06,50,100,100,411430,14 10 9 13 0 11 1 6 12 4 5 8 2 3 7 
681,2.05127e-06,2.43054e-06,1.91737e-06,50,100,100,411430,14 10 9 13 0 11 1 6 12 4 5 8 2 3 7 
682,2.05414e-06,2.43054e-06,1.86963e-06,50,100,100,411430,14 10 9 13 0 11 1 6 12 4 5 8 2 3 7 
683,2.06271e-06,2.43054e-06,1.88535e-06,50,100,100,411430,14 10 9 13 0 11 1 6 12 4 5 8 2 3 7 
684,2.05042e-06,2.43054e-06,1.9225e-06,50,100,100,411430,14 10 9 13 0 11 1 6 12 4 5 8 2 3 7 
685,2.05391e-06,2.43054e-06,1.92679e-06,50,100,100,411430,14 10 9 13 0 11 1 6 12 4 5 8 2 3 7 
686,2.06131e-06,2.43054e-06,1.94515e-06,50,100,100,411430,14 10 9 13 0 11 1 6 12 4 5 8 2 3 7 
687,2.07386e-06,2.43054e-06,1.94097e-06,50,100,100,411430,14 10 9 13 0 11 1 6 12 4 5 8 2 3 7 
688,2.05899e-06,2.43054e-06,1.92041e-06,50,100,100,411430,14 10 9 13 0 11 1 6 12 4 5 8 2 3 7 
689,2.06145e-06,2.43054e-06,1.90421e-06,50,100,100,411430,14 10 9 13 0 11 1 6 12 4 5 8 2 3 7 
690,2.06817e-06,2.43054e-06,1.92131e-06,50,100,100,411430,14 10 9 13 0 11 1 6 12 4 5 8 2 3 7 
691,2.06548e-06,2.43054e-06,1.89066e-06,50,100,100,411430,14 10 9 13 0 11 1 6 12 4 5 8 2 3 7 
692,2.06282e-06,2.43054e-06,1.9083e-06,50,100,100,411430,14 10 9 13 0 11 1 6 12 4 5 8 2 3 7 
693,2.05287e-06,2.43054e-06,1.92587e-06,50,100,100,411430,14 10 9 13 0 11 1 6 12 4 5 8 2 3 7 
694,2.05745e-06,2.43054e-06,1.88511e-06,50,100,100,411430,14 10 9 13 0 11 1 6 12 4 5 8 2 3 7 
695,2.05085e-06,2.43054e-06,1.9306e-06,50,100,100,411430,14 10 9 13 0 11 1 6 12 4 5 8 2 3 7 
696,2.05195e-06,2.43054e-06,1.90557e-06,50,100,100,411430,14 10 9 13 0 11 1 6 12 4 5 8 2 3 7 
697,2.06813e-06,2.43054e-06,1.92122e-06,50,100,100,411430,14 10 9 13 0 11 1 6 12 4 5 8 2 3 7 
698,2.06986e-06,2.43054e-06,1.92116e-06,50,100,100,411430,14 10 9 13 0 11 1 6 12 4 5 8 2 3 7 
699,2.06255e-06,2.43054e-06,1.91866e-06,50,100,100,411430,14 10 9 13 0 11 1 6 12 4 5 8 2 3 7 
700,2.04724e-06,2.43054e-06,1.88071e-06,50,100,100,411430,14 10 9 13 0 11 1 6 12 4 5 8 2 3 7 
701,2.04662e-06,2.43054e-06,1.92719e-06,50,100,100,411430,14 10 9 13 0 11 1 6 12 4 5 8 2 3 7 
702,2.05493e-06,2.43054e-06,1.90873e-06,50,100,100,411430,14 10 9 13 0 11 1 6 12 4 5 8 2 3 7 
703,2.06061e-06,2.43054e-06,1.89784e-06,50,100,100,411430,14 10 9 13 0 11 1 6 12 4 5 8 2 3 7 
704,2.06216e-06,2.43054e-06,1.93902e-06,50,100,100,411430,14 10 9 13 0 11 1 6 12 4 5 8 2 3 7 
705,2.05578e-06,2.43054e-06,1.92855e-06,50,100,100,411430,14 10 9 13 0 11 1 6 12 4 5 8 2 3 7 
706,2.06022e-06,2.43054e-06,1.89866e-06,50,100,100,411430,14 10 9 13 0 11 1 6 12 4 5 8 2 3 7 
707,2.0689e-06,2.43054e-06,1.89892e-06,50,100,100,411430,14 10 9 13 0 11 1 6 12 4 5 8 2 3 7 
708,2.04992e-06,2.43054e-06,1.87476e-06,50,100,100,411430,14 10 9 13 0 11 1 6 12 4 5 8 2 3 7 
709,2.04721e-06,2.43054e-06,1.88847e-06,50,100,100,411430,14 10 9 13 0 11 1 6 12 4 5 8 2 3 7 
710,2.05899e-06,2.43054e-06,1.88551e-06,50,100,100,411430,14 10 9 13 0 11 1 6 12 4 5 8 2 3 7 
711,2.06909e-06,2.43054e-06,1.89829e-06,50,100,100,411430,14 10 9 13 0 11 1 6 12 4 5 8 2 3 7 
712,2.06355e-06,2.43054e-06,1.93921e-06,50,100,100,411430,14 10 9 13 0 11 1 6 12 4 5 8 2 3 7 
713,2.06294e-06,2.43054e-06,1.91283e-06,50,100,100,411430,14 10 9 13 0 11 1 6 12 4 5 8 2 3 7 
714,2.07051e-06,2.43054e-06,1.90765e-06,50,100,100,411430,14 10 9 13 0 11 1 6 12 4 5 8 2 3 7 
715,2.08185e-06,2.43054e-06,1.8973e-06,50,100,100,411430,14 10 9 13 0 11 1 6 12 4 5 8 2 3 7 
716,2.05839e-06,2.43054e-06,1.90875e-06,50,100,100,411430,14 10 9 13 0 11 1 6 12 4 5 8 2 3 7 
717,2.06532e-06,2.43054e-06,1.89945e-06,50,100,100,411430,14 10 9 13 0 11 1 6 12 4 5 8 2 3 7 
718,2.05954e-06,2.43054e-06,1.91911e-06,50,100,100,411430,14 10 9 13 0 11 1 6 12 4 5 8 2 3 7 
719,2.05959e-06,2.43054e-06,1.90774e-06,50,100,100,411430,14 10 9 13 0 11 1 6 12 4 5 8 2 3 7 
720,2.04867e-06,2.43054e-06,1.92858e-06,50,100,100,411430,14 10 9 13 0 11 1 6 12 4 5 8 2 3 7 
721,2.057e-06,2.43054e-06,1.89406e-06,50,100,100,411430,14 10 9 13 0 11 1 6 12 4 5 8 2 3 7 
722,2.05457e-06,2.43054e-06,1.92035e-06,50,100,100,411430,14 10 9 13 0 11 1 6 12 4 5 8 2 3 7 
723,2.04653e-06,2.43054e-06,1.9045e-06,50,100,100,411430,14 10 9 13 0 11 1 6 12 4 5 8 2 3 7 
724,2.05789e-06,2.43054e-06,1.8953e-06,50,100,100,411430,14 10 9 13 0 11 1 6 12 4 5 8 2 3 7 
725,2.04883e-06,2.43054e-06,1.89309e-06,50,100,100,411430,14 10 9 13 0 11 1 6 12 4 5 8 2 3 7 
726,2.05453e-06,2.43054e-06,1.88419e-06,50,100,100,411430,14 10 9 13 0 11 1 6 12 4 5 8 2 3 7 
727,2.05612e-06,2.43054e-06,1.91178e-06,50,100,100,411430,14 10 9 13 0 11 1 6 12 4 5 8 2 3 7 
728,2.05553e-06,2.43054e-06,1.90847e-06,50,100,100,411430,14 10 9 13 0 11 1 6 12 4 5 8 2 3 7 
729,2.04849e-06,2.43054e-06,1.8941e-06,50,100,100,411430,14 10 9 13 0 11 1 6 12 4 5 8 2 3 7 
730,2.05976e-06,2.43054e-06,1.87143e-06,50,100,100,411430,14 10 9 13 0 11 1 6 12 4 5 8 2 3 7 
731,2.05621e-06,2.43054e-06,1.89496e-06,50,100,100,411430,14 10 9 13 0 11 1 6 12 4 5 8 2 3 7 
732,2.06365e-06,2.43054e-06,1.9419e-06,50,100,100,411430,14 10 9 13 0 11 1 6 12 4 5 8 2 3 7 
733,2.05969e-06,2.43054e-06,1.90524e-06,50,100,100,411430,14 10 9 13 0 11 1 6 12 4 5 8 2 3 7 
734,2.05618e-06,2.43054e-06,1.9225e-06,50,100,100,411430,14 10 9 13 0 11 1 6 12 4 5 8 2 3 7 
735,2.05699e-06,2.43054e-06,1.90971e-06,50,100,100,411430,14 10 9 13 0 11 1 6 12 4 5 8 2 3 7 
736,2.05839e-06,2.43054e-06,1.9112e-06,50,100,100,411430,14 10 9 13 0 11 1 6 12 4 5 8 2 3 7 
737,2.0717e-06,2.43054e-06,1.9239e-06,50,100,100,411430,14 10 9 13 0 11 1 6 12 4 5 8 2 3 7 
738,2.0649e-06,2.43054e-06,1.92515e-06,50,100,100,411430,14 10 9 13 0 11 1 6 12 4 5 8 2 3 7 
739,2.0642e-06,2.43054e-06,1.87922e-06,50,100,100,411430,14 10 9 13 0 11 1 6 12 4 5 8 2 3 7 
740,2.07191e-06,2.43054e-06,1.93158e-06,50,100,100,411430,14 10 9 13 0 11 1 6 12 4 5 8 2 3 7 
741,2.07006e-06,2.43054e-06,1.90616e-06,50,100,100,411430,14 10 9 13 0 11 1 6 12 4 5 8 2 3 7 
742,2.05606e-06,2.43054e-06,1.9138e-06,50,100,100,411430,14 10 9 13 0 11 1 6 12 4 5 8 2 3 7 
743,2.06843e-06,2.43054e-06,1.87983e-06,50,100,100,411430,14 10 9 13 0 11 1 6 12 4 5 8 2 3 7 
744,2.07097e-06,2.43054e-06,1.92652e-06,50,100,100,411430,14 10 9 13 0 11 1 6 12 4 5 8 2 3 7 
745,2.07483e-06,2.43054e-06,1.90519e-06,50,100,100,411430,14 10 9 13 0 11 1 6 12 4 5 8 2 3 7 
746,2.05664e-06,2.43054e-06,1.89562e-06,50,100,100,411430,14 10 9 13 0 11 1 6 12 4 5 8 2 3 7 
747,2.06887e-06,2.43054e-06,1.90297e-06,50,100,100,411430,14 10 9 13 0 11 1 6 12 4 5 8 2 3 7 
748,2.06845e-06,2.43054e-06,1.93121e-06,50,100,100,411430,14 10 9 13 0 11 1 6 12 4 5 8 2 3 7 
749,2.06068e-06,2.43054e-06,1.86585e-06,50,100,100,411430,14 10 9 13 0 11 1 6 12 4 5 8 2 3 7 
750,2.0655e-06,2.43054e-06,1.91815e-06,50,100,100,411430,14 10 9 13 0 11 1 6 12 4 5 8 2 3 7 
751,2.06997e-06,2.43054e-06,1.90832e-06,50,100,100,411430,14 10 9 13 0 11 1 6 12 4 5 8 2 3 7 
752,2.06845e-06,2.43054e-06,1.92381e-06,50,100,100,411430,14 10 9 13 0 11 1 6 12 4 5 8 2 3 7 
753,2.05713e-06,2.43054e-06,1.92157e-06,50,100,100,411430,14 10 9 13 0 11 1 6 12 4 5 8 2 3 7 
754,2.05655e-06,2.43054e-06,1.90092e-06,50,100,100,411430,14 10 9 13 0 11 1 6 12 4 5 8 2 3 7 
755,2.052e-06,2.43054e-06,1.92687e-06,50,100,100,411430,14 10 9 13 0 11 1 6 12 4 5 8 2 3 7 
756,2.0548e-06,2.43054e-06,1.92311e-06,50,100,100,411430,14 10 9 13 0 11 1 6 12 4 5 8 2 3 7 
757,2.0582e-06,2.43054e-06,1.93971e-06,50,100,100,411430,14 10 9 13 0 11 1 6 12 4 5 8 2 3 7 
758,2.06643e-06,2.43054e-06,1.8625e-06,50,100,100,411430,14 10 9 13 0 11 1 6 12 4 5 8 2 3 7 
759,2.07445e-06,2.43054e-06,1.90761e-06,50,100,100,411430,14 10 9 13 0 11 1 6 12 4 5 8 2 3 7 
760,2.06387e-06,2.43054e-06,1.93233e-06,50,100,100,411430,14 10 9 13 0 11 1 6 12 4 5 8 2 3 7 
761,2.08086e-06,2.43054e-06,1.923e-06,50,100,100,411430,14 10 9 13 0 11 1 6 12 4 5 8 2 3 7 
762,2.076e-06,2.43054e-06,1.92931e-06,50,100,100,411430,14 10 9 13 0 11 1 6 12 4 5 8 2 3 7 
763,2.06912e-06,2.43054e-06,1.91947e-06,50,100,100,411430,14 10 9 13 0 11 1 6 12 4 5 8 2 3 7 
764,2.06475e-06,2.43054e-06,1.94396e-06,50,100,100,411430,14 10 9 13 0 11 1 6 12 4 5 8 2 3 7 
765,2.05292e-06,2.43054e-06,1.95159e-06,50,100,100,411430,14 10 9 13 0 11 1 6 12 4 5 8 2 3 7 
766,2.06298e-06,2.43054e-06,1.87499e-06,50,100,100,411430,14 10 9 13 0 11 1 6 12 4 5 8 2 3 7 
767,2.0558e-06,2.43054e-06,1.9296e-06,50,100,100,411430,14 10 9 13 0 11 1 6 12 4 5 8 2 3 7 
768,2.06103e-06,2.43054e-06,1.8756e-06,50,100,100,411430,14 10 9 13 0 11 1 6 12 4 5 8 2 3 7 
769,2.066e-06,2.43054e-06,1.94483e-06,50,100,100,411430,14 10 9 13 0 11 1 6 12 4 5 8 2 3 7 
770,2.07287e-06,2.43054e-06,1.94436e-06,50,100,100,411430,14 10 9 13 0 11 1 6 12 4 5 8 2 3 7 
771,2.05673e-06,2.43054e-06,1.90158e-06,50,100,100,411430,14 10 9 13 0 11 1 6 12 4 5 8 2 3 7 
772,2.04762e-06,2.43054e-06,1.91084e-06,50,100,100,411430,14 10 9 13 0 11 1 6 12 4 5 8 2 3 7 
773,2.04792e-06,2.43054e-06,1.91634e-06,50,100,100,411430,14 10 9 13 0 11 1 6 12 4 5 8 2 3 7 
774,2.05179e-06,2.43054e-06,1.89266e-06,50,100,100,411430,14 10 9 13 0 11 1 6 12 4 5 8 2 3 7 
775,2.05877e-06,2.43054e-06,1.91224e-06,50,100,100,411430,14 10 9 13 0 11 1 6 12 4 5 8 2 3 7 
776,2.05014e-06,2.43054e-06,1.89734e-06,50,100,100,411430,14 10 9 13 0 11 1 6 12 4 5 8 2 3 7 
777,2.06782e-06,2.43054e-06,1.90901e-06,50,100,100,411430,14 10 9 13 0 11 1 6 12 4 5 8 2 3 7 
778,2.06331e-06,2.43054e-06,1.88207e-06,50,100,100,411430,14 10 9 13 0 11 1 6 12 4 5 8 2 3 7 
779,2.04894e-06,2.43054e-06,1.912e-06,50,100,100,411430,14 10 9 13 0 11 1 6 12 4 5 8 2 3 7 
780,2.06711e-06,2.43054e-06,1.92308e-06,50,100,100,411430,14 10 9 13 0 11 1 6 12 4 5 8 2 3 7 
781,2.06676e-06,2.43054e-06,1.9164e-06,50,100,100,411430,14 10 9 13 0 11 1 6 12 4 5 8 2 3 7 
782,2.05825e-06,2.43054e-06,1.89159e-06,50,100,100,411430,14 10 9 13 0 11 1 6 12 4 5 8 2 3 7 
783,2.06182e-06,2.43054e-06,1.92296e-06,50,100,100,411430,14 10 9 13 0 11 1 6 12 4 5 8 2 3 7 
784,2.04519e-06,2.43054e-06,1.91183e-06,50,100,100,411430,14 10 9 13 0 11 1 6 12 4 5 8 2 3 7 
785,2.05643e-06,2.43054e-06,1.90486e-06,50,100,100,411430,14 10 9 13 0 11 1 6 12 4 5 8 2 3 7 
786,2.05227e-06,2.43054e-06,1.9285e-06,50,100,100,411430,14 10 9 13 0 11 1 6 12 4 5 8 2 3 7 
787,2.05939e-06,2.43054e-06,1.90939e-06,50,100,100,411430,14 10 9 13 0 11 1 6 12 4 5 8 2 3 7 
788,2.06246e-06,2.43054e-06,1.90879e-06,50,100,100,411430,14 10 9 13 0 11 1 6 12 4 5 8 2 3 7 
789,2.06509e-06,2.43054e-06,1.89966e-06,50,100,100,411430,14 10 9 13 0 11 1 6 12 4 5 8 2 3 7 
790,2.05879e-06,2.43054e-06,1.89309e-06,50,100,100,411430,14 10 9 13 0 11 1 6 12 4 5 8 2 3 7 
791,2.0598e-06,2.43054e-06,1.9031e-06,50,100,100,411430,14 10 9 13 0 11 1 6 12 4 5 8 2 3 7 
792,2.05097e-06,2.43054e-06,1.9054e-06,50,100,100,411430,14 10 9 13 0 11 1 6 12 4 5 8 2 3 7 
793,2.06309e-06,2.43054e-06,1.91131e-06,50,100,100,411430,14 10 9 13 0 11 1 6 12 4 5 8 2 3 7 
794,2.05837e-06,2.43054e-06,1.84677e-06,50,100,100,411430,14 10 9 13 0 11 1 6 12 4 5 8 2 3 7 
795,2.05778e-06,2.43054e-06,1.91869e-06,50,100,100,411430,14 10 9 13 0 11 1 6 12 4 5 8 2 3 7 
796,2.0622e-06,2.43054e-06,1.8728e-06,50,100,100,411430,14 10 9 13 0 11 1 6 12 4 5 8 2 3 7 
797,2.05446e-06,2.43054e-06,1.86387e-06,50,100,100,411430,14 10 9 13 0 11 1 6 12 4 5 8 2 3 7 
798,2.06056e-06,2.43054e-06,1.90979e-06,50,100,100,411430,14 10 9 13 0 11 1 6 12 4 5 8 2 3 7 
799,2.06586e-06,2.43054e-06,1.91168e-06,50,100,100,411430,14 10 9 13 0 11 1 6 12 4 5 8 2 3 7 
800,2.06311e-06,2.43054e-06,1.86974e-06,50,100,100,411430,14 10 9 13 0 11 1 6 12 4 5 8 2 3 7 
801,2.06928e-06,2.43054e-06,1.91692e-06,50,100,100,411430,14 10 9 13 0 11 1 6 12 4 5 8 2 3 7 
802,2.063e-06,2.43054e-06,1.91332e-06,50,100,100,411430,14 10 9 13 0 11 1 6 12 4 5 8 2 3 7 
803,2.04786e-06,2.43054e-06,1.89397e-06,50,100,100,411430,14 10 9 13 0 11 1 6 12 4 5 8 2 3 7 
804,2.04236e-06,2.43054e-06,1.91108e-06,50,100,100,411430,14 10 9 13 0 11 1 6 12 4 5 8 2 3 7 
805,2.05282e-06,2.43054e-06,1.92054e-06,50,100,100,411430,14 10 9 13 0 11 1 6 12 4 5 8 2 3 7 
806,2.05308e-06,2.43054e-06,1.90215e-06,50,100,100,411430,14 10 9 13 0 11 1 6 12 4 5 8 2 3 7 
807,2.05337e-06,2.43054e-06,1.88742e-06,50,100,100,411430,14 10 9 13 0 11 1 6 12 4 5 8 2 3 7 
808,2.05732e-06,2.43054e-06,1.91093e-06,50,100,100,411430,14 10 9 13 0 11 1 6 12 4 5 8 2 3 7 
809,2.05247e-06,2.43054e-06,1.87119e-06,50,100,100,411430,14 10 9 13 0 11 1 6 12 4 5 8 2 3 7 
810,2.06493e-06,2.43054e-06,1.93678e-06,50,100,100,411430,14 10 9 13 0 11 1 6 12 4 5 8 2 3 7 
811,2.06539e-06,2.43054e-06,1.94151e-06,50,100,100,411430,14 10 9 13 0 11 1 6 12 4 5 8 2 3 7 
812,2.05799e-06,2.43054e-06,1.87058e-06,50,100,100,411430,14 10 9 13 0 11 1 6 12 4 5 8 2 3 7 
813,2.05845e-06,2.43054e-06,1.90428e-06,50,100,100,411430,14 10 9 13 0 11 1 6 12 4 5 8 2 3 7 
814,2.05115e-06,2.43054e-06,1.9044e-06,50,100,100,411430,14 10 9 13 0 11 1 6 12 4 5 8 2 3 7 
815,2.05631e-06,2.43054e-06,1.90938e-06,50,100,100,411430,14 10 9 13 0 11 1 6 12 4 5 8 2 3 7 
816,2.0452e-06,2.43054e-06,1.88559e-06,50,100,100,411430,14 10 9 13 0 11 1 6 12 4 5 8 2 3 7 
817,2.06337e-06,2.43054e-06,1.92592e-06,50,100,100,411430,14 10 9 13 0 11 1 6 12 4 5 8 2 3 7 
818,2.04391e-06,2.43054e-06,1.91223e-06,50,100,100,411430,14 10 9 13 0 11 1 6 12 4 5 8 2 3 7 
819,2.04365e-06,2.43054e-06,1.88412e-06,50,100,100,411430,14 10 9 13 0 11 1 6 12 4 5 8 2 3 7 
820,2.05947e-06,2.43054e-06,1.86888e-06,50,100,100,411430,14 10 9 13 0 11 1 6 12 4 5 8 2 3 7 
821,2.06713e-06,2.43054e-06,1.88534e-06,50,100,100,411430,14 10 9 13 0 11 1 6 12 4 5 8 2 3 7 
822,2.06967e-06,2.43054e-06,1.93464e-06,50,100,100,411430,14 10 9 13 0 11 1 6 12 4 5 8 2 3 7 
823,2.05986e-06,2.43054e-06,1.8988e-06,50,100,100,411430,14 10 9 13 0 11 1 6 12 4 5 8 2 3 7 
824,2.05073e-06,2.43054e-06,1.91548e-06,50,100,100,411430,14 10 9 13 0 11 1 6 12 4 5 8 2 3 7 
825,2.04101e-06,2.43054e-06,1.91764e-06,50,100,100,411430,14 10 9 13 0 11 1 6 12 4 5 8 2 3 7 
826,2.05342e-06,2.43054e-06,1.90452e-06,50,100,100,411430,14 10 9 13 0 11 1 6 12 4 5 8 2 3 7 
827,2.06723e-06,2.43054e-06,1.93718e-06,50,100,100,411430,14 10 9 13 0 11 1 6 12 4 5 8 2 3 7 
828,2.05703e-06,2.43054e-06,1.87063e-06,50,100,100,411430,14 10 9 13 0 11 1 6 12 4 5 8 2 3 7 
829,2.05482e-06,2.43054e-06,1.89731e-06,50,100,100,411430,14 10 9 13 0 11 1 6 12 4 5 8 2 3 7 
830,2.0701e-06,2.43054e-06,1.90326e-06,50,100,100,411430,14 10 9 13 0 11 1 6 12 4 5 8 2 3 7 
831,2.0579e-06,2.43054e-06,1.89473e-06,50,100,100,411430,14 10 9 13 0 11 1 6 12 4 5 8 2 3 7 
832,2.06605e-06,2.43054e-06,1.9442e-06,50,100,100,411430,14 10 9 13 0 11 1 6 12 4 5 8 2 3 7 
833,2.0641e-06,2.43054e-06,1.9259e-06,50,100,100,411430,14 10 9 13 0 11 1 6 12 4 5 8 2 3 7 
834,2.06628e-06,2.43054e-06,1.91697e-06,50,100,100,411430,14 10 9 13 0 11 1 6 12 4 5 8 2 3 7 
835,2.06196e-06,2.43054e-06,1.91187e-06,50,100,100,411430,14 10 9 13 0 11 1 6 12 4 5 8 2 3 7 
836,2.051e-06,2.43054e-06,1.90654e-06,50,100,100,411430,14 10 9 13 0 11 1 6 12 4 5 8 2 3 7 
837,2.05898e-06,2.43054e-06,1.92567e-06,50,100,100,411430,14 10 9 13 0 11 1 6 12 4 5 8 2 3 7 
838,2.0653e-06,2.43054e-06,1.88788e-06,50,100,100,411430,14 10 9 13 0 11 1 6 12 4 5 8 2 3 7 
839,2.07216e-06,2.43054e-06,1.94233e-06,50,100,100,411430,14 10 9 13 0 11 1 6 12 4 5 8 2 3 7 
840,2.07478e-06,2.43054e-06,1.93411e-06,50,100,100,411430,14 10 9 13 0 11 1 6 12 4 5 8 2 3 7 
841,2.0659e-06,2.43054e-06,1.91926e-06,50,100,100,411430,14 10 9 13 0 11 1 6 12 4 5 8 2 3 7 
842,2.05931e-06,2.43054e-06,1.86689e-06,50,100,100,411430,14 10 9 13 0 11 1 6 12 4 5 8 2 3 7 
843,2.06132e-06,2.43054e-06,1.91231e-06,50,100,100,411430,14 10 9 13 0 11 1 6 12 4 5 8 2 3 7 
844,2.05593e-06,2.43054e-06,1.90893e-06,50,100,100,411430,14 10 9 13 0 11 1 6 12 4 5 8 2 3 7 
845,2.05659e-06,2.43054e-06,1.85168e-06,50,100,100,411430,14 10 9 13 0 11 1 6 12 4 5 8 2 3 7 
846,2.04528e-06,2.43054e-06,1.91255e-06,50,100,100,411430,14 10 9 13 0 11 1 6 12 4 5 8 2 3 7 
847,2.05548e-06,2.43054e-06,1.91611e-06,50,100,100,411430,14 10 9 13 0 11 1 6 12 4 5 8 2 3 7 
848,2.05796e-06,2.43054e-06,1.8865e-06,50,100,100,411430,14 10 9 13 0 11 1 6 12 4 5 8 2 3 7 
849,2.05164e-06,2.43054e-06,1.91795e-06,50,100,100,411430,14 10 9 13 0 11 1 6 12 4 5 8 2 3 7 
850,2.05379e-06,2.43054e-06,1.92576e-06,50,100,100,411430,14 10 9 13 0 11 1 6 12 4 5 8 2 3 7 
851,2.05673e-06,2.43054e-06,1.90717e-06,50,100,100,411430,14 10 9 13 0 11 1 6 12 4 5 8 2 3 7 
852,2.05279e-06,2.43054e-06,1.91313e-06,50,100,100,411430,14 10 9 13 0 11 1 6 12 4 5 8 2 3 7 
853,2.05041e-06,2.43054e-06,1.90073e-06,50,100,100,411430,14 10 9 13 0 11 1 6 12 4 5 8 2 3 7 
854,2.05751e-06,2.43054e-06,1.92931e-06,50,100,100,411430,14 10 9 13 0 11 1 6 12 4 5 8 2 3 7 
855,2.06306e-06,2.43054e-06,1.9265e-06,50,100,100,411430,14 10 9 13 0 11 1 6 12 4 5 8 2 3 7 
856,2.05372e-06,2.43054e-06,1.89274e-06,50,100,100,411430,14 10 9 13 0 11 1 6 12 4 5 8 2 3 7 
857,2.0591e-06,2.43054e-06,1.89688e-06,50,100,100,411430,14 10 9 13 0 11 1 6 12 4 5 8 2 3 7 
858,2.06461e-06,2.43054e-06,1.90973e-06,50,100,100,411430,14 10 9 13 0 11 1 6 12 4 5 8 2 3 7 
859,2.06869e-06,2.43054e-06,1.92549e-06,50,100,100,411430,14 10 9 13 0 11 1 6 12 4 5 8 2 3 7 
860,2.06277e-06,2.43054e-06,1.92932e-06,50,100,100,411430,14 10 9 13 0 11 1 6 12 4 5 8 2 3 7 
861,2.06131e-06,2.43054e-06,1.92143e-06,50,100,100,411430,14 10 9 13 0 11 1 6 12 4 5 8 2 3 7 
862,2.061e-06,2.43054e-06,1.9201e-06,50,100,100,411430,14 10 9 13 0 11 1 6 12 4 5 8 2 3 7 
863,2.06438e-06,2.43054e-06,1.88239e-06,50,100,100,411430,14 10 9 13 0 11 1 6 12 4 5 8 2 3 7 
864,2.06346e-06,2.43054e-06,1.9054e-06,50,100,100,411430,14 10 9 13 0 11 1 6 12 4 5 8 2 3 7 
865,2.06778e-06,2.43054e-06,1.92178e-06,50,100,100,411430,14 10 9 13 0 11 1 6 12 4 5 8 2 3 7 
866,2.05333e-06,2.43054e-06,1.90211e-06,50,100,100,411430,14 10 9 13 0 11 1 6 12 4 5 8 2 3 7 
867,2.05855e-06,2.43054e-06,1.90889e-06,50,100,100,411430,14 10 9 13 0 11 1 6 12 4 5 8 2 3 7 
868,2.05651e-06,2.43054e-06,1.88829e-06,50,100,100,411430,14 10 9 13 0 11 1 6 12 4 5 8 2 3 7 
869,2.04826e-06,2.43054e-06,1.90163e-06,50,100,100,411430,14 10 9 13 0 11 1 6 12 4 5 8 2 3 7 
870,2.04515e-06,2.43054e-06,1.91149e-06,50,100,100,411430,14 10 9 13 0 11 1 6 12 4 5 8 2 3 7 
871,2.04998e-06,2.43054e-06,1.88664e-06,50,100,100,411430,14 10 9 13 0 11 1 6 12 4 5 8 2 3 7 
872,2.06292e-06,2.43054e-06,1.94208e-06,50,100,100,411430,14 10 9 13 0 11 1 6 12 4 5 8 2 3 7 
873,2.06054e-06,2.43054e-06,1.88471e-06,50,100,100,411430,14 10 9 13 0 11 1 6 12 4 5 8 2 3 7 
874,2.05835e-06,2.43054e-06,1.8959e-06,50,100,100,411430,14 10 9 13 0 11 1 6 12 4 5 8 2 3 7 
875,2.07295e-06,2.43054e-06,1.93854e-06,50,100,100,411430,14 10 9 13 0 11 1 6 12 4 5 8 2 3 7 
876,2.06969e-06,2.43054e-06,1.8898e-06,50,100,100,411430,14 10 9 13 0 11 1 6 12 4 5 8 2 3 7 
877,2.06656e-06,2.43054e-06,1.90532e-06,50,100,100,411430,14 10 9 13 0 11 1 6 12 4 5 8 2 3 7 
878,2.06189e-06,2.43054e-06,1.9266e-06,50,100,100,411430,14 10 9 13 0 11 1 6 12 4 5 8 2 3 7 
879,2.05345e-06,2.43054e-06,1.90561e-06,50,100,100,411430,14 10 9 13 0 11 1 6 12 4 5 8 2 3 7 
880,2.05219e-06,2.43054e-06,1.93728e-06,50,100,100,411430,14 10 9 13 0 11 1 6 12 4 5 8 2 3 7 
881,2.04875e-06,2.43054e-06,1.91524e-06,50,100,100,411430,14 10 9 13 0 11 1 6 12 4 5 8 2 3 7 
882,2.05435e-06,2.43054e-06,1.9181e-06,50,100,100,411430,14 10 9 13 0 11 1 6 12 4 5 8 2 3 7 
883,2.06659e-06,2.43054e-06,1.92914e-06,50,100,100,411430,14 10 9 13 0 11 1 6 12 4 5 8 2 3 7 
884,2.07144e-06,2.43054e-06,1.93084e-06,50,100,100,411430,14 10 9 13 0 11 1 6 12 4 5 8 2 3 7 
885,2.05136e-06,2.43054e-06,1.88435e-06,50,100,100,411430,14 10 9 13 0 11 1 6 12 4 5 8 2 3 7 
886,2.05366e-06,2.43054e-06,1.90187e-06,50,100,100,411430,14 10 9 13 0 11 1 6 12 4 5 8 2 3 7 
887,2.05739e-06,2.43054e-06,1.90911e-06,50,100,100,411430,14 10 9 13 0 11 1 6 12 4 5 8 2 3 7 
888,2.04864e-06,2.43054e-06,1.91802e-06,50,100,100,411430,14 10 9 13 0 11 1 6 12 4 5 8 2 3 7 
889,2.05624e-06,2.43054e-06,1.93193e-06,50,100,100,411430,14 10 9 13 0 11 1 6 12 4 5 8 2 3 7 
890,2.05292e-06,2.43054e-06,1.91849e-06,50,100,100,411430,14 10 9 13 0 11 1 6 12 4 5 8 2 3 7 
891,2.05472e-06,2.43054e-06,1.88475e-06,50,100,100,411430,14 10 9 13 0 11 1 6 12 4 5 8 2 3 7 
892,2.05728e-06,2.43054e-06,1.91601e-06,50,100,100,411430,14 10 9 13 0 11 1 6 12 4 5 8 2 3 7 
893,2.06472e-06,2.43054e-06,1.8805e-06,50,100,100,411430,14 10 9 13 0 11 1 6 12 4 5 8 2 3 7 
894,2.06219e-06,2.43054e-06,1.94049e-06,50,100,100,411430,14 10 9 13 0 11 1 6 12 4 5 8 2 3 7 
895,2.05421e-06,2.43054e-06,1.89481e-06,50,100,100,411430,14 10 9 13 0 11 1 6 12 4 5 8 2 3 7 
896,2.05958e-06,2.43054e-06,1.92291e-06,50,100,100,411430,14 10 9 13 0 11 1 6 12 4 5 8 2 3 7 
897,2.05545e-06,2.43054e-06,1.90506e-06,50,100,100,411430,14 10 9 13 0 11 1 6 12 4 5 8 2 3 7 
898,2.0548e-06,2.43054e-06,1.92053e-06,50,100,100,411430,14 10 9 13 0 11 1 6 12 4 5 8 2 3 7 
899,2.0655e-06,2.43054e-06,1.92346e-06,50,100,100,411430,14 10 9 13 0 11 1 6 12 4 5 8 2 3 7 
900,2.05838e-06,2.43054e-06,1.91348e-06,50,100,100,411430,14 10 9 13 0 11 1 6 12 4 5 8 2 3 7 
901,2.06041e-06,2.43054e-06,1.86684e-06,50,100,100,411430,14 10 9 13 0 11 1 6 12 4 5 8 2 3 7 
902,2.06476e-06,2.43054e-06,1.93508e-06,50,100,100,411430,14 10 9 13 0 11 1 6 12 4 5 8 2 3 7 
903,2.06535e-06,2.43054e-06,1.91296e-06,50,100,100,411430,14 10 9 13 0 11 1 6 12 4 5 8 2 3 7 
904,2.06893e-06,2.43054e-06,1.88357e-06,50,100,100,411430,14 10 9 13 0 11 1 6 12 4 5 8 2 3 7 
905,2.05619e-06,2.43054e-06,1.91707e-06,50,100,100,411430,14 10 9 13 0 11 1 6 12 4 5 8 2 3 7 
906,2.056e-06,2.43054e-06,1.90789e-06,50,100,100,411430,14 10 9 13 0 11 1 6 12 4 5 8 2 3 7 
907,2.05268e-06,2.43054e-06,1.89918e-06,50,100,100,411430,14 10 9 13 0 11 1 6 12 4 5 8 2 3 7 
908,2.06148e-06,2.43054e-06,1.92869e-06,50,100,100,411430,14 10 9 13 0 11 1 6 12 4 5 8 2 3 7 
909,2.06267e-06,2.43054e-06,1.93963e-06,50,100,100,411430,14 10 9 13 0 11 1 6 12 4 5 8 2 3 7 
910,2.05805e-06,2.43054e-06,1.90295e-06,50,100,100,411430,14 10 9 13 0 11 1 6 12 4 5 8 2 3 7 
911,2.05102e-06,2.43054e-06,1.90665e-06,50,100,100,411430,14 10 9 13 0 11 1 6 12 4 5 8 2 3 7 
912,2.05757e-06,2.43054e-06,1.89047e-06,50,100,100,411430,14 10 9 13 0 11 1 6 12 4 5 8 2 3 7 
913,2.05993e-06,2.43054e-06,1.88702e-06,50,100,100,411430,14 10 9 13 0 11 1 6 12 4 5 8 2 3 7 
914,2.06237e-06,2.43054e-06,1.90019e-06,50,100,100,411430,14 10 9 13 0 11 1 6 12 4 5 8 2 3 7 
915,2.06282e-06,2.43054e-06,1.88768e-06,50,100,100,411430,14 10 9 13 0 11 1 6 12 4 5 8 2 3 7 
916,2.08247e-06,2.43054e-06,1.91532e-06,50,100,100,411430,14 10 9 13 0 11 1 6 12 4 5 8 2 3 7 
917,2.06755e-06,2.43054e-06,1.93602e-06,50,100,100,411430,14 10 9 13 0 11 1 6 12 4 5 8 2 3 7 
918,2.06156e-06,2.43054e-06,1.9229e-06,50,100,100,411430,14 10 9 13 0 11 1 6 12 4 5 8 2 3 7 
919,2.07351e-06,2.43054e-06,1.90644e-06,50,100,100,411430,14 10 9 13 0 11 1 6 12 4 5 8 2 3 7 
920,2.07779e-06,2.43054e-06,1.90004e-06,50,100,100,411430,14 10 9 13 0 11 1 6 12 4 5 8 2 3 7 
921,2.07017e-06,2.43054e-06,1.87465e-06,50,100,100,411430,14 10 9 13 0 11 1 6 12 4 5 8 2 3 7 
922,2.07008e-06,2.43054e-06,1.86692e-06,50,100,100,411430,14 10 9 13 0 11 1 6 12 4 5 8 2 3 7 
923,2.07064e-06,2.43054e-06,1.91163e-06,50,100,100,411430,14 10 9 13 0 11 1 6 12 4 5 8 2 3 7 
924,2.05784e-06,2.43054e-06,1.87462e-06,50,100,100,411430,14 10 9 13 0 11 1 6 12 4 5 8 2 3 7 
925,2.07466e-06,2.43054e-06,1.91878e-06,50,100,100,411430,14 10 9 13 0 11 1 6 12 4 5 8 2 3 7 
926,2.0587e-06,2.43054e-06,1.8987e-06,50,100,100,411430,14 10 9 13 0 11 1 6 12 4 5 8 2 3 7 
927,2.06451e-06,2.43054e-06,1.90126e-06,50,100,100,411430,14 10 9 13 0 11 1 6 12 4 5 8 2 3 7 
928,2.04977e-06,2.43054e-06,1.87622e-06,50,100,100,411430,14 10 9 13 0 11 1 6 12 4 5 8 2 3 7 
929,2.05938e-06,2.43054e-06,1.92564e-06,50,100,100,411430,14 10 9 13 0 11 1 6 12 4 5 8 2 3 7 
930,2.06319e-06,2.43054e-06,1.90664e-06,50,100,100,411430,14 10 9 13 0 11 1 6 12 4 5 8 2 3 7 
931,2.05903e-06,2.43054e-06,1.89601e-06,50,100,100,411430,14 10 9 13 0 11 1 6 12 4 5 8 2 3 7 
932,2.0616e-06,2.43054e-06,1.88947e-06,50,100,100,411430,14 10 9 13 0 11 1 6 12 4 5 8 2 3 7 
933,2.07196e-06,2.43054e-06,1.90583e-06,50,100,100,411430,14 10 9 13 0 11 1 6 12 4 5 8 2 3 7 
934,2.07276e-06,2.43054e-06,1.91664e-06,50,100,100,411430,14 10 9 13 0 11 1 6 12 4 5 8 2 3 7 
935,2.07314e-06,2.43054e-06,1.94124e-06,50,100,100,411430,14 10 9 13 0 11 1 6 12 4 5 8 2 3 7 
936,2.06713e-06,2.43054e-06,1.914e-06,50,100,100,411430,14 10 9 13 0 11 1 6 12 4 5 8 2 3 7 
937,2.08052e-06,2.43054e-06,1.94617e-06,50,100,100,411430,14 10 9 13 0 11 1 6 12 4 5 8 2 3 7 
938,2.06262e-06,2.43054e-06,1.90599e-06,50,100,100,411430,14 10 9 13 0 11 1 6 12 4 5 8 2 3 7 
939,2.05388e-06,2.43054e-06,1.90585e-06,50,100,100,411430,14 10 9 13 0 11 1 6 12 4 5 8 2 3 7 
940,2.06927e-06,2.43054e-06,1.92232e-06,50,100,100,411430,14 10 9 13 0 11 1 6 12 4 5 8 2 3 7 
941,2.05919e-06,2.43054e-06,1.90073e-06,50,100,100,411430,14 10 9 13 0 11 1 6 12 4 5 8 2 3 7 
942,2.06615e-06,2.43054e-06,1.90232e-06,50,100,100,411430,14 10 9 13 0 11 1 6 12 4 5 8 2 3 7 
943,2.05858e-06,2.43054e-06,1.8722e-06,50,100,100,411430,14 10 9 13 0 11 1 6 12 4 5 8 2 3 7 
944,2.0742e-06,2.43054e-06,1.85163e-06,50,100,100,411430,14 10 9 13 0 11 1 6 12 4 5 8 2 3 7 
945,2.05653e-06,2.43054e-06,1.90539e-06,50,100,100,411430,14 10 9 13 0 11 1 6 12 4 5 8 2 3 7 
946,2.04671e-06,2.43054e-06,1.87041e-06,50,100,100,411430,14 10 9 13 0 11 1 6 12 4 5 8 2 3 7 
947,2.06459e-06,2.43054e-06,1.89785e-06,50,100,100,411430,14 10 9 13 0 11 1 6 12 4 5 8 2 3 7 
948,2.05779e-06,2.43054e-06,1.89843e-06,50,100,100,411430,14 10 9 13 0 11 1 6 12 4 5 8 2 3 7 
949,2.06509e-06,2.43054e-06,1.92725e-06,50,100,100,411430,14 10 9 13 0 11 1 6 12 4 5 8 2 3 7 
950,2.06113e-06,2.43054e-06,1.90405e-06,50,100,100,411430,14 10 9 13 0 11 1 6 12 4 5 8 2 3 7 
951,2.06047e-06,2.43054e-06,1.92624e-06,50,100,100,411430,14 10 9 13 0 11 1 6 12 4 5 8 2 3 7 
952,2.06762e-06,2.43054e-06,1.9367e-06,50,100,100,411430,14 10 9 13 0 11 1 6 12 4 5 8 2 3 7 
953,2.05947e-06,2.43054e-06,1.89644e-06,50,100,100,411430,14 10 9 13 0 11 1 6 12 4 5 8 2 3 7 
954,2.06259e-06,2.43054e-06,1.90609e-06,50,100,100,411430,14 10 9 13 0 11 1 6 12 4 5 8 2 3 7 
955,2.06753e-06,2.43054e-06,1.92618e-06,50,100,100,411430,14 10 9 13 0 11 1 6 12 4 5 8 2 3 7 
956,2.05633e-06,2.43054e-06,1.92016e-06,50,100,100,411430,14 10 9 13 0 11 1 6 12 4 5 8 2 3 7 
957,2.07092e-06,2.43054e-06,1.91399e-06,50,100,100,411430,14 10 9 13 0 11 1 6 12 4 5 8 2 3 7 
958,2.05583e-06,2.43054e-06,1.90371e-06,50,100,100,411430,14 10 9 13 0 11 1 6 12 4 5 8 2 3 7 
959,2.05839e-06,2.43054e-06,1.91181e-06,50,100,100,411430,14 10 9 13 0 11 1 6 12 4 5 8 2 3 7 
960,2.06841e-06,2.43054e-06,1.92318e-06,50,100,100,411430,14 10 9 13 0 11 1 6 12 4 5 8 2 3 7 
961,2.06514e-06,2.43054e-06,1.90026e-06,50,100,100,411430,14 10 9 13 0 11 1 6 12 4 5 8 2 3 7 
962,2.05254e-06,2.43054e-06,1.89584e-06,50,100,100,411430,14 10 9 13 0 11 1 6 12 4 5 8 2 3 7 
963,2.05364e-06,2.43054e-06,1.90748e-06,50,100,100,411430,14 10 9 13 0 11 1 6 12 4 5 8 2 3 7 
964,2.0542e-06,2.43054e-06,1.90274e-06,50,100,100,411430,14 10 9 13 0 11 1 6 12 4 5 8 2 3 7 
965,2.06773e-06,2.43054e-06,1.89835e-06,50,100,100,411430,14 10 9 13 0 11 1 6 12 4 5 8 2 3 7 
966,2.05692e-06,2.43054e-06,1.93398e-06,50,100,100,411430,14 10 9 13 0 11 1 6 12 4 5 8 2 3 7 
967,2.06486e-06,2.43054e-06,1.93837e-06,50,100,100,411430,14 10 9 13 0 11 1 6 12 4 5 8 2 3 7 
968,2.06749e-06,2.43054e-06,1.88996e-06,50,100,100,411430,14 10 9 13 0 11 1 6 12 4 5 8 2 3 7 
969,2.06617e-06,2.43054e-06,1.89411e-06,50,100,100,411430,14 10 9 13 0 11 1 6 12 4 5 8 2 3 7 
970,2.06615e-06,2.43054e-06,1.93412e-06,50,100,100,411430,14 10 9 13 0 11 1 6 12 4 5 8 2 3 7 
971,2.06507e-06,2.43054e-06,1.89795e-06,50,100,100,411430,14 10 9 13 0 11 1 6 12 4 5 8 2 3 7 
972,2.06188e-06,2.43054e-06,1.87092e-06,50,100,100,411430,14 10 9 13 0 11 1 6 12 4 5 8 2 3 7 
973,2.05714e-06,2.43054e-06,1.90065e-06,50,100,100,411430,14 10 9 13 0 11 1 6 12 4 5 8 2 3 7 
974,2.06934e-06,2.43054e-06,1.89801e-06,50,100,100,411430,14 10 9 13 0 11 1 6 12 4 5 8 2 3 7 
975,2.07217e-06,2.43054e-06,1.91821e-06,50,100,100,411430,14 10 9 13 0 11 1 6 12 4 5 8 2 3 7 
976,2.06404e-06,2.43054e-06,1.93274e-06,50,100,100,411430,14 10 9 13 0 11 1 6 12 4 5 8 2 3 7 
977,2.05659e-06,2.43054e-06,1.9166e-06,50,100,100,411430,14 10 9 13 0 11 1 6 12 4 5 8 2 3 7 
978,2.05536e-06,2.43054e-06,1.93394e-06,50,100,100,411430,14 10 9 13 0 11 1 6 12 4 5 8 2 3 7 
979,2.04806e-06,2.43054e-06,1.89669e-06,50,100,100,411430,14 10 9 13 0 11 1 6 12 4 5 8 2 3 7 
980,2.04585e-06,2.43054e-06,1.90645e-06,50,100,100,411430,14 10 9 13 0 11 1 6 12 4 5 8 2 3 7 
981,2.0541e-06,2.43054e-06,1.89404e-06,50,100,100,411430,14 10 9 13 0 11 1 6 12 4 5 8 2 3 7 
982,2.06039e-06,2.43054e-06,1.91927e-06,50,100,100,411430,14 10 9 13 0 11 1 6 12 4 5 8 2 3 7 
983,2.0543e-06,2.43054e-06,1.89958e-06,50,100,100,411430,14 10 9 13 0 11 1 6 12 4 5 8 2 3 7 
984,2.0712e-06,2.43054e-06,1.90073e-06,50,100,100,411430,14 10 9 13 0 11 1 6 12 4 5 8 2 3 7 
985,2.0577e-06,2.43054e-06,1.90838e-06,50,100,100,411430,14 10 9 13 0 11 1 6 12 4 5 8 2 3 7 
986,2.07391e-06,2.43054e-06,1.91466e-06,50,100,100,411430,14 10 9 13 0 11 1 6 12 4 5 8 2 3 7 
987,2.06508e-06,2.43054e-06,1.87665e-06,50,100,100,411430,14 10 9 13 0 11 1 6 12 4 5 8 2 3 7 
988,2.0655e-06,2.43054e-06,1.91698e-06,50,100,100,411430,14 10 9 13 0 11 1 6 12 4 5 8 2 3 7 
989,2.06433e-06,2.43054e-06,1.87697e-06,50,100,100,411430,14 10 9 13 0 11 1 6 12 4 5 8 2 3 7 
990,2.05647e-06,2.43054e-06,1.87132e-06,50,100,100,411430,14 10 9 13 0 11 1 6 12 4 5 8 2 3 7 
991,2.06681e-06,2.43054e-06,1.93468e-06,50,100,100,411430,14 10 9 13 0 11 1 6 12 4 5 8 2 3 7 
992,2.06029e-06,2.43054e-06,1.88979e-06,50,100,100,411430,14 10 9 13 0 11 1 6 12 4 5 8 2 3 7 
993,2.06909e-06,2.43054e-06,1.93717e-06,50,100,100,411430,14 10 9 13 0 11 1 6 12 4 5 8 2 3 7 
994,2.05521e-06,2.43054e-06,1.89616e-06,50,100,100,411430,14 10 9 13 0 11 1 6 12 4 5 8 2 3 7 
995,2.0553e-06,2.43054e-06,1.88251e-06,50,100,100,411430,14 10 9 13 0 11 1 6 12 4 5 8 2 3 7 
996,2.0613e-06,2.43054e-06,1.92479e-06,50,100,100,411430,14 10 9 13 0 11 1 6 12 4 5 8 2 3 7 
997,2.04348e-06,2.43054e-06,1.91609e-06,50,100,100,411430,14 10 9 13 0 11 1 6 12 4 5 8 2 3 7 
998,2.04832e-06,2.43054e-06,1.90979e-06,50,100,100,411430,14 10 9 13 0 11 1 6 12 4 5 8 2 3 7 
999,2.06101e-06,2.43054e-06,1.91634e-06,50,100,100,411430,14 10 9 13 0 11 1 6 12 4 5 8 2 3 7 
