Generación,Media,Mejor,Peor,Cruzas,Mutaciones,Inversiones,Costo,Permutación
1,2.0544e-06,2.20978e-06,1.90794e-06,50,100,100,452532,9 3 14 12 0 11 6 13 7 2 8 1 5 10 4 
2,2.04854e-06,2.20978e-06,1.86283e-06,50,100,100,452532,9 3 14 12 0 11 6 13 7 2 8 1 5 10 4 
3,2.05221e-06,2.25106e-06,1.86174e-06,50,100,100,444234,6 4 14 3 12 11 2 7 13 1 9 0 8 10 5 
4,2.05092e-06,2.25106e-06,1.90959e-06,50,100,100,444234,6 4 14 3 12 11 2 7 13 1 9 0 8 10 5 
5,2.05227e-06,2.25106e-06,1.93261e-06,50,100,100,444234,6 4 14 3 12 11 2 7 13 1 9 0 8 10 5 
6,2.04869e-06,2.25106e-06,1.89262e-06,50,100,100,444234,6 4 14 3 12 11 2 7 13 1 9 0 8 10 5 
7,2.07914e-06,2.28203e-06,1.92874e-06,50,100,100,438206,6 1 11 2 3 7 10 14 5 4 9 0 8 13 12 
8,2.05872e-06,2.28203e-06,1.91502e-06,50,100,100,438206,6 1 11 2 3 7 10 14 5 4 9 0 8 13 12 
9,2.05873e-06,2.28203e-06,1.90463e-06,50,100,100,438206,6 1 11 2 3 7 10 14 5 4 9 0 8 13 12 
10,2.05175e-06,2.28203e-06,1.89846e-06,50,100,100,438206,6 1 11 2 3 7 10 14 5 4 9 0 8 13 12 
11,2.05336e-06,2.28203e-06,1.90845e-06,50,100,100,438206,6 1 11 2 3 7 10 14 5 4 9 0 8 13 12 
12,2.06038e-06,2.28242e-06,1.9061e-06,50,100,100,438130,4 8 1 12 3 6 5 2 0 14 10 11 7 9 13 
13,2.0676e-06,2.28242e-06,1.90673e-06,50,100,100,438130,4 8 1 12 3 6 5 2 0 14 10 11 7 9 13 
14,2.05563e-06,2.28242e-06,1.9161e-06,50,100,100,438130,4 8 1 12 3 6 5 2 0 14 10 11 7 9 13 
15,2.06723e-06,2.28242e-06,1.93111e-06,50,100,100,438130,4 8 1 12 3 6 5 2 0 14 10 11 7 9 13 
16,2.05936e-06,2.28242e-06,1.93039e-06,50,100,100,438130,4 8 1 12 3 6 5 2 0 14 10 11 7 9 13 
17,2.05852e-06,2.28242e-06,1.93202e-06,50,100,100,438130,4 8 1 12 3 6 5 2 0 14 10 11 7 9 13 
18,2.05583e-06,2.28242e-06,1.90735e-06,50,100,100,438130,4 8 1 12 3 6 5 2 0 14 10 11 7 9 13 
19,2.05481e-06,2.28242e-06,1.91996e-06,50,100,100,438130,4 8 1 12 3 6 5 2 0 14 10 11 7 9 13 
20,2.0634e-06,2.28242e-06,1.88552e-06,50,100,100,438130,4 8 1 12 3 6 5 2 0 14 10 11 7 9 13 
21,2.06133e-06,2.28242e-06,1.93139e-06,50,100,100,438130,4 8 1 12 3 6 5 2 0 14 10 11 7 9 13 
22,2.0518e-06,2.28242e-06,1.94377e-06,50,100,100,438130,4 8 1 12 3 6 5 2 0 14 10 11 7 9 13 
23,2.05202e-06,2.31186e-06,1.8739e-06,50,100,100,432552,9 1 11 0 8 3 4 10 14 5 2 7 6 13 12 
24,2.05054e-06,2.31186e-06,1.91332e-06,50,100,100,432552,9 1 11 0 8 3 4 10 14 5 2 7 6 13 12 
25,2.06036e-06,2.31186e-06,1.91296e-06,50,100,100,432552,9 1 11 0 8 3 4 10 14 5 2 7 6 13 12 
26,2.05862e-06,2.31186e-06,1.9054e-06,50,100,100,432552,9 1 11 0 8 3 4 10 14 5 2 7 6 13 12 
27,2.04994e-06,2.31186e-06,1.93036e-06,50,100,100,432552,9 1 11 0 8 3 4 10 14 5 2 7 6 13 12 
28,2.05128e-06,2.31199e-06,1.88189e-06,50,100,100,432526,5 6 4 1 12 7 8 11 3 9 0 2 10 13 14 
29,2.0429e-06,2.31199e-06,1.86178e-06,50,100,100,432526,5 6 4 1 12 7 8 11 3 9 0 2 10 13 14 
30,2.06954e-06,2.31199e-06,1.90595e-06,50,100,100,432526,5 6 4 1 12 7 8 11 3 9 0 2 10 13 14 
31,2.06802e-06,2.31199e-06,1.91422e-06,50,100,100,432526,5 6 4 1 12 7 8 11 3 9 0 2 10 13 14 
32,2.06276e-06,2.31199e-06,1.9311e-06,50,100,100,432526,5 6 4 1 12 7 8 11 3 9 0 2 10 13 14 
33,2.05e-06,2.31199e-06,1.90165e-06,50,100,100,432526,5 6 4 1 12 7 8 11 3 9 0 2 10 13 14 
34,2.05537e-06,2.31199e-06,1.90475e-06,50,100,100,432526,5 6 4 1 12 7 8 11 3 9 0 2 10 13 14 
35,2.05664e-06,2.31199e-06,1.90479e-06,50,100,100,432526,5 6 4 1 12 7 8 11 3 9 0 2 10 13 14 
36,2.06333e-06,2.31199e-06,1.91939e-06,50,100,100,432526,5 6 4 1 12 7 8 11 3 9 0 2 10 13 14 
37,2.05628e-06,2.31199e-06,1.89718e-06,50,100,100,432526,5 6 4 1 12 7 8 11 3 9 0 2 10 13 14 
38,2.0684e-06,2.31199e-06,1.89313e-06,50,100,100,432526,5 6 4 1 12 7 8 11 3 9 0 2 10 13 14 
39,2.06637e-06,2.31199e-06,1.91314e-06,50,100,100,432526,5 6 4 1 12 7 8 11 3 9 0 2 10 13 14 
40,2.0675e-06,2.31199e-06,1.87492e-06,50,100,100,432526,5 6 4 1 12 7 8 11 3 9 0 2 10 13 14 
41,2.0606e-06,2.31199e-06,1.8818e-06,50,100,100,432526,5 6 4 1 12 7 8 11 3 9 0 2 10 13 14 
42,2.067e-06,2.31199e-06,1.92219e-06,50,100,100,432526,5 6 4 1 12 7 8 11 3 9 0 2 10 13 14 
43,2.06823e-06,2.31199e-06,1.92368e-06,50,100,100,432526,5 6 4 1 12 7 8 11 3 9 0 2 10 13 14 
44,2.06108e-06,2.31199e-06,1.91977e-06,50,100,100,432526,5 6 4 1 12 7 8 11 3 9 0 2 10 13 14 
45,2.07146e-06,2.31199e-06,1.94442e-06,50,100,100,432526,5 6 4 1 12 7 8 11 3 9 0 2 10 13 14 
46,2.06339e-06,2.31199e-06,1.9212e-06,50,100,100,432526,5 6 4 1 12 7 8 11 3 9 0 2 10 13 14 
47,2.05772e-06,2.3244e-06,1.91193e-06,50,100,100,430218,6 4 12 7 10 9 8 5 1 0 11 3 2 13 14 
48,2.05387e-06,2.3244e-06,1.92213e-06,50,100,100,430218,6 4 12 7 10 9 8 5 1 0 11 3 2 13 14 
49,2.05901e-06,2.3244e-06,1.92596e-06,50,100,100,430218,6 4 12 7 10 9 8 5 1 0 11 3 2 13 14 
50,2.0617e-06,2.3244e-06,1.8969e-06,50,100,100,430218,6 4 12 7 10 9 8 5 1 0 11 3 2 13 14 
51,2.05514e-06,2.3244e-06,1.88318e-06,50,100,100,430218,6 4 12 7 10 9 8 5 1 0 11 3 2 13 14 
52,2.07145e-06,2.3244e-06,1.95914e-06,50,100,100,430218,6 4 12 7 10 9 8 5 1 0 11 3 2 13 14 
53,2.05349e-06,2.3244e-06,1.86602e-06,50,100,100,430218,6 4 12 7 10 9 8 5 1 0 11 3 2 13 14 
54,2.06148e-06,2.3244e-06,1.8791e-06,50,100,100,430218,6 4 12 7 10 9 8 5 1 0 11 3 2 13 14 
55,2.0694e-06,2.3244e-06,1.91557e-06,50,100,100,430218,6 4 12 7 10 9 8 5 1 0 11 3 2 13 14 
56,2.06217e-06,2.3244e-06,1.91147e-06,50,100,100,430218,6 4 12 7 10 9 8 5 1 0 11 3 2 13 14 
57,2.06049e-06,2.3244e-06,1.91049e-06,50,100,100,430218,6 4 12 7 10 9 8 5 1 0 11 3 2 13 14 
58,2.05878e-06,2.3244e-06,1.8993e-06,50,100,100,430218,6 4 12 7 10 9 8 5 1 0 11 3 2 13 14 
59,2.05765e-06,2.3244e-06,1.89237e-06,50,100,100,430218,6 4 12 7 10 9 8 5 1 0 11 3 2 13 14 
60,2.05855e-06,2.3244e-06,1.91119e-06,50,100,100,430218,6 4 12 7 10 9 8 5 1 0 11 3 2 13 14 
61,2.05628e-06,2.3244e-06,1.8976e-06,50,100,100,430218,6 4 12 7 10 9 8 5 1 0 11 3 2 13 14 
62,2.05643e-06,2.3244e-06,1.84533e-06,50,100,100,430218,6 4 12 7 10 9 8 5 1 0 11 3 2 13 14 
63,2.05323e-06,2.3244e-06,1.9156e-06,50,100,100,430218,6 4 12 7 10 9 8 5 1 0 11 3 2 13 14 
64,2.05653e-06,2.3244e-06,1.92064e-06,50,100,100,430218,6 4 12 7 10 9 8 5 1 0 11 3 2 13 14 
65,2.04852e-06,2.3244e-06,1.86287e-06,50,100,100,430218,6 4 12 7 10 9 8 5 1 0 11 3 2 13 14 
66,2.05809e-06,2.3244e-06,1.91365e-06,50,100,100,430218,6 4 12 7 10 9 8 5 1 0 11 3 2 13 14 
67,2.06132e-06,2.3244e-06,1.90189e-06,50,100,100,430218,6 4 12 7 10 9 8 5 1 0 11 3 2 13 14 
68,2.06118e-06,2.3244e-06,1.91157e-06,50,100,100,430218,6 4 12 7 10 9 8 5 1 0 11 3 2 13 14 
69,2.0684e-06,2.3244e-06,1.90238e-06,50,100,100,430218,6 4 12 7 10 9 8 5 1 0 11 3 2 13 14 
70,2.0629e-06,2.3244e-06,1.88863e-06,50,100,100,430218,6 4 12 7 10 9 8 5 1 0 11 3 2 13 14 
71,2.05067e-06,2.3244e-06,1.89222e-06,50,100,100,430218,6 4 12 7 10 9 8 5 1 0 11 3 2 13 14 
72,2.0625e-06,2.3244e-06,1.92438e-06,50,100,100,430218,6 4 12 7 10 9 8 5 1 0 11 3 2 13 14 
73,2.0561e-06,2.34235e-06,1.904e-06,50,100,100,426920,6 4 12 7 10 9 8 5 1 13 11 3 2 0 14 
74,2.05624e-06,2.34235e-06,1.93215e-06,50,100,100,426920,6 4 12 7 10 9 8 5 1 13 11 3 2 0 14 
75,2.06324e-06,2.34235e-06,1.93686e-06,50,100,100,426920,6 4 12 7 10 9 8 5 1 13 11 3 2 0 14 
76,2.06128e-06,2.34235e-06,1.91263e-06,50,100,100,426920,6 4 12 7 10 9 8 5 1 13 11 3 2 0 14 
77,2.04892e-06,2.34235e-06,1.93252e-06,50,100,100,426920,6 4 12 7 10 9 8 5 1 13 11 3 2 0 14 
78,2.06048e-06,2.34235e-06,1.92989e-06,50,100,100,426920,6 4 12 7 10 9 8 5 1 13 11 3 2 0 14 
79,2.06039e-06,2.34235e-06,1.90245e-06,50,100,100,426920,6 4 12 7 10 9 8 5 1 13 11 3 2 0 14 
80,2.06355e-06,2.34235e-06,1.90772e-06,50,100,100,426920,6 4 12 7 10 9 8 5 1 13 11 3 2 0 14 
81,2.06715e-06,2.34235e-06,1.90804e-06,50,100,100,426920,6 4 12 7 10 9 8 5 1 13 11 3 2 0 14 
82,2.06943e-06,2.34235e-06,1.9244e-06,50,100,100,426920,6 4 12 7 10 9 8 5 1 13 11 3 2 0 14 
83,2.06156e-06,2.34235e-06,1.95994e-06,50,100,100,426920,6 4 12 7 10 9 8 5 1 13 11 3 2 0 14 
84,2.06267e-06,2.34235e-06,1.90976e-06,50,100,100,426920,6 4 12 7 10 9 8 5 1 13 11 3 2 0 14 
85,2.05903e-06,2.34235e-06,1.91708e-06,50,100,100,426920,6 4 12 7 10 9 8 5 1 13 11 3 2 0 14 
86,2.072e-06,2.34235e-06,1.93909e-06,50,100,100,426920,6 4 12 7 10 9 8 5 1 13 11 3 2 0 14 
87,2.07576e-06,2.34235e-06,1.93328e-06,50,100,100,426920,6 4 12 7 10 9 8 5 1 13 11 3 2 0 14 
88,2.08409e-06,2.34235e-06,1.93418e-06,50,100,100,426920,6 4 12 7 10 9 8 5 1 13 11 3 2 0 14 
89,2.07163e-06,2.34235e-06,1.91036e-06,50,100,100,426920,6 4 12 7 10 9 8 5 1 13 11 3 2 0 14 
90,2.06386e-06,2.34235e-06,1.91621e-06,50,100,100,426920,6 4 12 7 10 9 8 5 1 13 11 3 2 0 14 
91,2.06179e-06,2.34235e-06,1.90943e-06,50,100,100,426920,6 4 12 7 10 9 8 5 1 13 11 3 2 0 14 
92,2.06327e-06,2.34235e-06,1.89007e-06,50,100,100,426920,6 4 12 7 10 9 8 5 1 13 11 3 2 0 14 
93,2.05766e-06,2.34235e-06,1.87178e-06,50,100,100,426920,6 4 12 7 10 9 8 5 1 13 11 3 2 0 14 
94,2.06179e-06,2.34235e-06,1.86235e-06,50,100,100,426920,6 4 12 7 10 9 8 5 1 13 11 3 2 0 14 
95,2.0668e-06,2.34235e-06,1.91244e-06,50,100,100,426920,6 4 12 7 10 9 8 5 1 13 11 3 2 0 14 
96,2.06197e-06,2.34235e-06,1.91395e-06,50,100,100,426920,6 4 12 7 10 9 8 5 1 13 11 3 2 0 14 
97,2.0619e-06,2.34235e-06,1.91176e-06,50,100,100,426920,6 4 12 7 10 9 8 5 1 13 11 3 2 0 14 
98,2.06223e-06,2.34235e-06,1.94843e-06,50,100,100,426920,6 4 12 7 10 9 8 5 1 13 11 3 2 0 14 
99,2.06157e-06,2.34235e-06,1.88049e-06,50,100,100,426920,6 4 12 7 10 9 8 5 1 13 11 3 2 0 14 
100,2.073e-06,2.34235e-06,1.90809e-06,50,100,100,426920,6 4 12 7 10 9 8 5 1 13 11 3 2 0 14 
101,2.06214e-06,2.34235e-06,1.90006e-06,50,100,100,426920,6 4 12 7 10 9 8 5 1 13 11 3 2 0 14 
102,2.06285e-06,2.34235e-06,1.91753e-06,50,100,100,426920,6 4 12 7 10 9 8 5 1 13 11 3 2 0 14 
103,2.05386e-06,2.34235e-06,1.90895e-06,50,100,100,426920,6 4 12 7 10 9 8 5 1 13 11 3 2 0 14 
104,2.0534e-06,2.34235e-06,1.87463e-06,50,100,100,426920,6 4 12 7 10 9 8 5 1 13 11 3 2 0 14 
105,2.05254e-06,2.34235e-06,1.91168e-06,50,100,100,426920,6 4 12 7 10 9 8 5 1 13 11 3 2 0 14 
106,2.0584e-06,2.34235e-06,1.9204e-06,50,100,100,426920,6 4 12 7 10 9 8 5 1 13 11 3 2 0 14 
107,2.08212e-06,2.34235e-06,1.94301e-06,50,100,100,426920,6 4 12 7 10 9 8 5 1 13 11 3 2 0 14 
108,2.08188e-06,2.36809e-06,1.91586e-06,50,100,100,422280,6 4 12 7 10 8 9 5 1 13 11 3 2 0 14 
109,2.06557e-06,2.36809e-06,1.904e-06,50,100,100,422280,6 4 12 7 10 8 9 5 1 13 11 3 2 0 14 
110,2.05313e-06,2.36809e-06,1.94362e-06,50,100,100,422280,6 4 12 7 10 8 9 5 1 13 11 3 2 0 14 
111,2.0618e-06,2.36809e-06,1.9142e-06,50,100,100,422280,6 4 12 7 10 8 9 5 1 13 11 3 2 0 14 
112,2.05935e-06,2.36809e-06,1.88861e-06,50,100,100,422280,6 4 12 7 10 8 9 5 1 13 11 3 2 0 14 
113,2.06832e-06,2.36809e-06,1.90246e-06,50,100,100,422280,6 4 12 7 10 8 9 5 1 13 11 3 2 0 14 
114,2.06281e-06,2.36809e-06,1.88842e-06,50,100,100,422280,6 4 12 7 10 8 9 5 1 13 11 3 2 0 14 
115,2.05667e-06,2.36809e-06,1.90333e-06,50,100,100,422280,6 4 12 7 10 8 9 5 1 13 11 3 2 0 14 
116,2.06088e-06,2.36809e-06,1.90968e-06,50,100,100,422280,6 4 12 7 10 8 9 5 1 13 11 3 2 0 14 
117,2.05118e-06,2.36809e-06,1.88399e-06,50,100,100,422280,6 4 12 7 10 8 9 5 1 13 11 3 2 0 14 
118,2.06682e-06,2.36809e-06,1.93918e-06,50,100,100,422280,6 4 12 7 10 8 9 5 1 13 11 3 2 0 14 
119,2.06097e-06,2.36809e-06,1.88657e-06,50,100,100,422280,6 4 12 7 10 8 9 5 1 13 11 3 2 0 14 
120,2.07062e-06,2.36809e-06,1.92797e-06,50,100,100,422280,6 4 12 7 10 8 9 5 1 13 11 3 2 0 14 
121,2.05649e-06,2.36809e-06,1.89889e-06,50,100,100,422280,6 4 12 7 10 8 9 5 1 13 11 3 2 0 14 
122,2.05374e-06,2.36809e-06,1.91748e-06,50,100,100,422280,6 4 12 7 10 8 9 5 1 13 11 3 2 0 14 
123,2.07119e-06,2.36809e-06,1.93672e-06,50,100,100,422280,6 4 12 7 10 8 9 5 1 13 11 3 2 0 14 
124,2.05426e-06,2.36809e-06,1.89847e-06,50,100,100,422280,6 4 12 7 10 8 9 5 1 13 11 3 2 0 14 
125,2.0754e-06,2.36809e-06,1.92063e-06,50,100,100,422280,6 4 12 7 10 8 9 5 1 13 11 3 2 0 14 
126,2.0771e-06,2.36809e-06,1.92544e-06,50,100,100,422280,6 4 12 7 10 8 9 5 1 13 11 3 2 0 14 
127,2.08226e-06,2.36809e-06,1.91003e-06,50,100,100,422280,6 4 12 7 10 8 9 5 1 13 11 3 2 0 14 
128,2.06419e-06,2.36809e-06,1.91101e-06,50,100,100,422280,6 4 12 7 10 8 9 5 1 13 11 3 2 0 14 
129,2.06121e-06,2.36809e-06,1.9263e-06,50,100,100,422280,6 4 12 7 10 8 9 5 1 13 11 3 2 0 14 
130,2.06257e-06,2.36809e-06,1.91012e-06,50,100,100,422280,6 4 12 7 10 8 9 5 1 13 11 3 2 0 14 
131,2.07716e-06,2.36809e-06,1.95216e-06,50,100,100,422280,6 4 12 7 10 8 9 5 1 13 11 3 2 0 14 
132,2.07068e-06,2.36809e-06,1.91814e-06,50,100,100,422280,6 4 12 7 10 8 9 5 1 13 11 3 2 0 14 
133,2.05983e-06,2.37815e-06,1.91744e-06,50,100,100,420494,6 4 12 9 10 8 7 5 1 13 11 3 2 0 14 
134,2.061e-06,2.37815e-06,1.94003e-06,50,100,100,420494,6 4 12 9 10 8 7 5 1 13 11 3 2 0 14 
135,2.05501e-06,2.37815e-06,1.88103e-06,50,100,100,420494,6 4 12 9 10 8 7 5 1 13 11 3 2 0 14 
136,2.06013e-06,2.37815e-06,1.94226e-06,50,100,100,420494,6 4 12 9 10 8 7 5 1 13 11 3 2 0 14 
137,2.06523e-06,2.37815e-06,1.92521e-06,50,100,100,420494,6 4 12 9 10 8 7 5 1 13 11 3 2 0 14 
138,2.05565e-06,2.37815e-06,1.91907e-06,50,100,100,420494,6 4 12 9 10 8 7 5 1 13 11 3 2 0 14 
139,2.05328e-06,2.37815e-06,1.90836e-06,50,100,100,420494,6 4 12 9 10 8 7 5 1 13 11 3 2 0 14 
140,2.06121e-06,2.37815e-06,1.91878e-06,50,100,100,420494,6 4 12 9 10 8 7 5 1 13 11 3 2 0 14 
141,2.05498e-06,2.37815e-06,1.93266e-06,50,100,100,420494,6 4 12 9 10 8 7 5 1 13 11 3 2 0 14 
142,2.06123e-06,2.37815e-06,1.8931e-06,50,100,100,420494,6 4 12 9 10 8 7 5 1 13 11 3 2 0 14 
143,2.06657e-06,2.37815e-06,1.87864e-06,50,100,100,420494,6 4 12 9 10 8 7 5 1 13 11 3 2 0 14 
144,2.06185e-06,2.37815e-06,1.89446e-06,50,100,100,420494,6 4 12 9 10 8 7 5 1 13 11 3 2 0 14 
145,2.06228e-06,2.37815e-06,1.91748e-06,50,100,100,420494,6 4 12 9 10 8 7 5 1 13 11 3 2 0 14 
146,2.06844e-06,2.37815e-06,1.88943e-06,50,100,100,420494,6 4 12 9 10 8 7 5 1 13 11 3 2 0 14 
147,2.07577e-06,2.43236e-06,1.92362e-06,50,100,100,411122,3 12 8 10 9 4 6 1 13 5 7 14 2 0 11 
148,2.06462e-06,2.43236e-06,1.89247e-06,50,100,100,411122,3 12 8 10 9 4 6 1 13 5 7 14 2 0 11 
149,2.06046e-06,2.43236e-06,1.92095e-06,50,100,100,411122,3 12 8 10 9 4 6 1 13 5 7 14 2 0 11 
150,2.06096e-06,2.43236e-06,1.90297e-06,50,100,100,411122,3 12 8 10 9 4 6 1 13 5 7 14 2 0 11 
151,2.05176e-06,2.43236e-06,1.90292e-06,50,100,100,411122,3 12 8 10 9 4 6 1 13 5 7 14 2 0 11 
152,2.0582e-06,2.43236e-06,1.87833e-06,50,100,100,411122,3 12 8 10 9 4 6 1 13 5 7 14 2 0 11 
153,2.06891e-06,2.43236e-06,1.94581e-06,50,100,100,411122,3 12 8 10 9 4 6 1 13 5 7 14 2 0 11 
154,2.05648e-06,2.43236e-06,1.89083e-06,50,100,100,411122,3 12 8 10 9 4 6 1 13 5 7 14 2 0 11 
155,2.05611e-06,2.43236e-06,1.89817e-06,50,100,100,411122,3 12 8 10 9 4 6 1 13 5 7 14 2 0 11 
156,2.06693e-06,2.43236e-06,1.93761e-06,50,100,100,411122,3 12 8 10 9 4 6 1 13 5 7 14 2 0 11 
157,2.05946e-06,2.43236e-06,1.92756e-06,50,100,100,411122,3 12 8 10 9 4 6 1 13 5 7 14 2 0 11 
158,2.06234e-06,2.43236e-06,1.9367e-06,50,100,100,411122,3 12 8 10 9 4 6 1 13 5 7 14 2 0 11 
159,2.0603e-06,2.43236e-06,1.88679e-06,50,100,100,411122,3 12 8 10 9 4 6 1 13 5 7 14 2 0 11 
160,2.06402e-06,2.43236e-06,1.93151e-06,50,100,100,411122,3 12 8 10 9 4 6 1 13 5 7 14 2 0 11 
161,2.06108e-06,2.43236e-06,1.91831e-06,50,100,100,411122,3 12 8 10 9 4 6 1 13 5 7 14 2 0 11 
162,2.05451e-06,2.43236e-06,1.93192e-06,50,100,100,411122,3 12 8 10 9 4 6 1 13 5 7 14 2 0 11 
163,2.05501e-06,2.43236e-06,1.88355e-06,50,100,100,411122,3 12 8 10 9 4 6 1 13 5 7 14 2 0 11 
164,2.06876e-06,2.43236e-06,1.91639e-06,50,100,100,411122,3 12 8 10 9 4 6 1 13 5 7 14 2 0 11 
165,2.06332e-06,2.43236e-06,1.91806e-06,50,100,100,411122,3 12 8 10 9 4 6 1 13 5 7 14 2 0 11 
166,2.0663e-06,2.43236e-06,1.92541e-06,50,100,100,411122,3 12 8 10 9 4 6 1 13 5 7 14 2 0 11 
167,2.06446e-06,2.43236e-06,1.93157e-06,50,100,100,411122,3 12 8 10 9 4 6 1 13 5 7 14 2 0 11 
168,2.06037e-06,2.43236e-06,1.90984e-06,50,100,100,411122,3 12 8 10 9 4 6 1 13 5 7 14 2 0 11 
169,2.07138e-06,2.43236e-06,1.8959e-06,50,100,100,411122,3 12 8 10 9 4 6 1 13 5 7 14 2 0 11 
170,2.05403e-06,2.43236e-06,1.89388e-06,50,100,100,411122,3 12 8 10 9 4 6 1 13 5 7 14 2 0 11 
171,2.06635e-06,2.43236e-06,1.88078e-06,50,100,100,411122,3 12 8 10 9 4 6 1 13 5 7 14 2 0 11 
172,2.06311e-06,2.43236e-06,1.91515e-06,50,100,100,411122,3 12 8 10 9 4 6 1 13 5 7 14 2 0 11 
173,2.06429e-06,2.43236e-06,1.88026e-06,50,100,100,411122,3 12 8 10 9 4 6 1 13 5 7 14 2 0 11 
174,2.0575e-06,2.43236e-06,1.92628e-06,50,100,100,411122,3 12 8 10 9 4 6 1 13 5 7 14 2 0 11 
175,2.07427e-06,2.43236e-06,1.90421e-06,50,100,100,411122,3 12 8 10 9 4 6 1 13 5 7 14 2 0 11 
176,2.06697e-06,2.43236e-06,1.92083e-06,50,100,100,411122,3 12 8 10 9 4 6 1 13 5 7 14 2 0 11 
177,2.06061e-06,2.43236e-06,1.90654e-06,50,100,100,411122,3 12 8 10 9 4 6 1 13 5 7 14 2 0 11 
178,2.06584e-06,2.43236e-06,1.88946e-06,50,100,100,411122,3 12 8 10 9 4 6 1 13 5 7 14 2 0 11 
179,2.06319e-06,2.43236e-06,1.91378e-06,50,100,100,411122,3 12 8 10 9 4 6 1 13 5 7 14 2 0 11 
180,2.06486e-06,2.43236e-06,1.9278e-06,50,100,100,411122,3 12 8 10 9 4 6 1 13 5 7 14 2 0 11 
181,2.05304e-06,2.43236e-06,1.90838e-06,50,100,100,411122,3 12 8 10 9 4 6 1 13 5 7 14 2 0 11 
182,2.05983e-06,2.43236e-06,1.93526e-06,50,100,100,411122,3 12 8 10 9 4 6 1 13 5 7 14 2 0 11 
183,2.04343e-06,2.43236e-06,1.89806e-06,50,100,100,411122,3 12 8 10 9 4 6 1 13 5 7 14 2 0 11 
184,2.05153e-06,2.43236e-06,1.93057e-06,50,100,100,411122,3 12 8 10 9 4 6 1 13 5 7 14 2 0 11 
185,2.05292e-06,2.43236e-06,1.90216e-06,50,100,100,411122,3 12 8 10 9 4 6 1 13 5 7 14 2 0 11 
186,2.0556e-06,2.43236e-06,1.92458e-06,50,100,100,411122,3 12 8 10 9 4 6 1 13 5 7 14 2 0 11 
187,2.07078e-06,2.43236e-06,1.94509e-06,50,100,100,411122,3 12 8 10 9 4 6 1 13 5 7 14 2 0 11 
188,2.06916e-06,2.43236e-06,1.91112e-06,50,100,100,411122,3 12 8 10 9 4 6 1 13 5 7 14 2 0 11 
189,2.05736e-06,2.43236e-06,1.90158e-06,50,100,100,411122,3 12 8 10 9 4 6 1 13 5 7 14 2 0 11 
190,2.05658e-06,2.43236e-06,1.90172e-06,50,100,100,411122,3 12 8 10 9 4 6 1 13 5 7 14 2 0 11 
191,2.07222e-06,2.43236e-06,1.91745e-06,50,100,100,411122,3 12 8 10 9 4 6 1 13 5 7 14 2 0 11 
192,2.08495e-06,2.43236e-06,1.93162e-06,50,100,100,411122,3 12 8 10 9 4 6 1 13 5 7 14 2 0 11 
193,2.07222e-06,2.43236e-06,1.88956e-06,50,100,100,411122,3 12 8 10 9 4 6 1 13 5 7 14 2 0 11 
194,2.05389e-06,2.43236e-06,1.8979e-06,50,100,100,411122,3 12 8 10 9 4 6 1 13 5 7 14 2 0 11 
195,2.05582e-06,2.43236e-06,1.9082e-06,50,100,100,411122,3 12 8 10 9 4 6 1 13 5 7 14 2 0 11 
196,2.07812e-06,2.43236e-06,1.9119e-06,50,100,100,411122,3 12 8 10 9 4 6 1 13 5 7 14 2 0 11 
197,2.06875e-06,2.43236e-06,1.90972e-06,50,100,100,411122,3 12 8 10 9 4 6 1 13 5 7 14 2 0 11 
198,2.06745e-06,2.43236e-06,1.90394e-06,50,100,100,411122,3 12 8 10 9 4 6 1 13 5 7 14 2 0 11 
199,2.05595e-06,2.43236e-06,1.86526e-06,50,100,100,411122,3 12 8 10 9 4 6 1 13 5 7 14 2 0 11 
200,2.05177e-06,2.43236e-06,1.90809e-06,50,100,100,411122,3 12 8 10 9 4 6 1 13 5 7 14 2 0 11 
201,2.06632e-06,2.43236e-06,1.92332e-06,50,100,100,411122,3 12 8 10 9 4 6 1 13 5 7 14 2 0 11 
202,2.0617e-06,2.43236e-06,1.93421e-06,50,100,100,411122,3 12 8 10 9 4 6 1 13 5 7 14 2 0 11 
203,2.06547e-06,2.43236e-06,1.90484e-06,50,100,100,411122,3 12 8 10 9 4 6 1 13 5 7 14 2 0 11 
204,2.05479e-06,2.43236e-06,1.91746e-06,50,100,100,411122,3 12 8 10 9 4 6 1 13 5 7 14 2 0 11 
205,2.065e-06,2.43236e-06,1.9031e-06,50,100,100,411122,3 12 8 10 9 4 6 1 13 5 7 14 2 0 11 
206,2.06174e-06,2.43236e-06,1.91392e-06,50,100,100,411122,3 12 8 10 9 4 6 1 13 5 7 14 2 0 11 
207,2.06417e-06,2.43236e-06,1.89906e-06,50,100,100,411122,3 12 8 10 9 4 6 1 13 5 7 14 2 0 11 
208,2.06777e-06,2.43236e-06,1.91105e-06,50,100,100,411122,3 12 8 10 9 4 6 1 13 5 7 14 2 0 11 
209,2.0616e-06,2.43236e-06,1.92256e-06,50,100,100,411122,3 12 8 10 9 4 6 1 13 5 7 14 2 0 11 
210,2.06483e-06,2.43236e-06,1.9254e-06,50,100,100,411122,3 12 8 10 9 4 6 1 13 5 7 14 2 0 11 
211,2.068e-06,2.43236e-06,1.89328e-06,50,100,100,411122,3 12 8 10 9 4 6 1 13 5 7 14 2 0 11 
212,2.06339e-06,2.43236e-06,1.91332e-06,50,100,100,411122,3 12 8 10 9 4 6 1 13 5 7 14 2 0 11 
213,2.04405e-06,2.43236e-06,1.87157e-06,50,100,100,411122,3 12 8 10 9 4 6 1 13 5 7 14 2 0 11 
214,2.05768e-06,2.43236e-06,1.88466e-06,50,100,100,411122,3 12 8 10 9 4 6 1 13 5 7 14 2 0 11 
215,2.05585e-06,2.43236e-06,1.9399e-06,50,100,100,411122,3 12 8 10 9 4 6 1 13 5 7 14 2 0 11 
216,2.06098e-06,2.43236e-06,1.90676e-06,50,100,100,411122,3 12 8 10 9 4 6 1 13 5 7 14 2 0 11 
217,2.05891e-06,2.43236e-06,1.88251e-06,50,100,100,411122,3 12 8 10 9 4 6 1 13 5 7 14 2 0 11 
218,2.05931e-06,2.43236e-06,1.92159e-06,50,100,100,411122,3 12 8 10 9 4 6 1 13 5 7 14 2 0 11 
219,2.06475e-06,2.43236e-06,1.91009e-06,50,100,100,411122,3 12 8 10 9 4 6 1 13 5 7 14 2 0 11 
220,2.06231e-06,2.43236e-06,1.86903e-06,50,100,100,411122,3 12 8 10 9 4 6 1 13 5 7 14 2 0 11 
221,2.05916e-06,2.43236e-06,1.9378e-06,50,100,100,411122,3 12 8 10 9 4 6 1 13 5 7 14 2 0 11 
222,2.06893e-06,2.43236e-06,1.90829e-06,50,100,100,411122,3 12 8 10 9 4 6 1 13 5 7 14 2 0 11 
223,2.05735e-06,2.43236e-06,1.89911e-06,50,100,100,411122,3 12 8 10 9 4 6 1 13 5 7 14 2 0 11 
224,2.04697e-06,2.43236e-06,1.8492e-06,50,100,100,411122,3 12 8 10 9 4 6 1 13 5 7 14 2 0 11 
225,2.05352e-06,2.43236e-06,1.8715e-06,50,100,100,411122,3 12 8 10 9 4 6 1 13 5 7 14 2 0 11 
226,2.05478e-06,2.43236e-06,1.88626e-06,50,100,100,411122,3 12 8 10 9 4 6 1 13 5 7 14 2 0 11 
227,2.05245e-06,2.43236e-06,1.8972e-06,50,100,100,411122,3 12 8 10 9 4 6 1 13 5 7 14 2 0 11 
228,2.06213e-06,2.43236e-06,1.92274e-06,50,100,100,411122,3 12 8 10 9 4 6 1 13 5 7 14 2 0 11 
229,2.05923e-06,2.43236e-06,1.91615e-06,50,100,100,411122,3 12 8 10 9 4 6 1 13 5 7 14 2 0 11 
230,2.07066e-06,2.43236e-06,1.90067e-06,50,100,100,411122,3 12 8 10 9 4 6 1 13 5 7 14 2 0 11 
231,2.05653e-06,2.43236e-06,1.91421e-06,50,100,100,411122,3 12 8 10 9 4 6 1 13 5 7 14 2 0 11 
232,2.06097e-06,2.43236e-06,1.92445e-06,50,100,100,411122,3 12 8 10 9 4 6 1 13 5 7 14 2 0 11 
233,2.06939e-06,2.43236e-06,1.8802e-06,50,100,100,411122,3 12 8 10 9 4 6 1 13 5 7 14 2 0 11 
234,2.05497e-06,2.43236e-06,1.90674e-06,50,100,100,411122,3 12 8 10 9 4 6 1 13 5 7 14 2 0 11 
235,2.05548e-06,2.43236e-06,1.86199e-06,50,100,100,411122,3 12 8 10 9 4 6 1 13 5 7 14 2 0 11 
236,2.05457e-06,2.43236e-06,1.91638e-06,50,100,100,411122,3 12 8 10 9 4 6 1 13 5 7 14 2 0 11 
237,2.05554e-06,2.43236e-06,1.87678e-06,50,100,100,411122,3 12 8 10 9 4 6 1 13 5 7 14 2 0 11 
238,2.07177e-06,2.43236e-06,1.93534e-06,50,100,100,411122,3 12 8 10 9 4 6 1 13 5 7 14 2 0 11 
239,2.05791e-06,2.43236e-06,1.90729e-06,50,100,100,411122,3 12 8 10 9 4 6 1 13 5 7 14 2 0 11 
240,2.05973e-06,2.43236e-06,1.93797e-06,50,100,100,411122,3 12 8 10 9 4 6 1 13 5 7 14 2 0 11 
241,2.04892e-06,2.43236e-06,1.88149e-06,50,100,100,411122,3 12 8 10 9 4 6 1 13 5 7 14 2 0 11 
242,2.04769e-06,2.43236e-06,1.90392e-06,50,100,100,411122,3 12 8 10 9 4 6 1 13 5 7 14 2 0 11 
243,2.05648e-06,2.43236e-06,1.92492e-06,50,100,100,411122,3 12 8 10 9 4 6 1 13 5 7 14 2 0 11 
244,2.07727e-06,2.43236e-06,1.92731e-06,50,100,100,411122,3 12 8 10 9 4 6 1 13 5 7 14 2 0 11 
245,2.07166e-06,2.43236e-06,1.91473e-06,50,100,100,411122,3 12 8 10 9 4 6 1 13 5 7 14 2 0 11 
246,2.07901e-06,2.44732e-06,1.93496e-06,50,100,100,408610,3 8 12 10 9 4 6 1 13 14 7 5 2 0 11 
247,2.06578e-06,2.44732e-06,1.92142e-06,50,100,100,408610,3 8 12 10 9 4 6 1 13 14 7 5 2 0 11 
248,2.05959e-06,2.44732e-06,1.91654e-06,50,100,100,408610,3 8 12 10 9 4 6 1 13 14 7 5 2 0 11 
249,2.06223e-06,2.44732e-06,1.89578e-06,50,100,100,408610,3 8 12 10 9 4 6 1 13 14 7 5 2 0 11 
250,2.0571e-06,2.44732e-06,1.89633e-06,50,100,100,408610,3 8 12 10 9 4 6 1 13 14 7 5 2 0 11 
251,2.06459e-06,2.44732e-06,1.90913e-06,50,100,100,408610,3 8 12 10 9 4 6 1 13 14 7 5 2 0 11 
252,2.06661e-06,2.44732e-06,1.89909e-06,50,100,100,408610,3 8 12 10 9 4 6 1 13 14 7 5 2 0 11 
253,2.0573e-06,2.44732e-06,1.9075e-06,50,100,100,408610,3 8 12 10 9 4 6 1 13 14 7 5 2 0 11 
254,2.07434e-06,2.44732e-06,1.93027e-06,50,100,100,408610,3 8 12 10 9 4 6 1 13 14 7 5 2 0 11 
255,2.06532e-06,2.44732e-06,1.90501e-06,50,100,100,408610,3 8 12 10 9 4 6 1 13 14 7 5 2 0 11 
256,2.06867e-06,2.44732e-06,1.92815e-06,50,100,100,408610,3 8 12 10 9 4 6 1 13 14 7 5 2 0 11 
257,2.07405e-06,2.44732e-06,1.93764e-06,50,100,100,408610,3 8 12 10 9 4 6 1 13 14 7 5 2 0 11 
258,2.06823e-06,2.44732e-06,1.89799e-06,50,100,100,408610,3 8 12 10 9 4 6 1 13 14 7 5 2 0 11 
259,2.06639e-06,2.44732e-06,1.90926e-06,50,100,100,408610,3 8 12 10 9 4 6 1 13 14 7 5 2 0 11 
260,2.05742e-06,2.44732e-06,1.9197e-06,50,100,100,408610,3 8 12 10 9 4 6 1 13 14 7 5 2 0 11 
261,2.0754e-06,2.44732e-06,1.90187e-06,50,100,100,408610,3 8 12 10 9 4 6 1 13 14 7 5 2 0 11 
262,2.06393e-06,2.44732e-06,1.92469e-06,50,100,100,408610,3 8 12 10 9 4 6 1 13 14 7 5 2 0 11 
263,2.0695e-06,2.44732e-06,1.91174e-06,50,100,100,408610,3 8 12 10 9 4 6 1 13 14 7 5 2 0 11 
264,2.07582e-06,2.44732e-06,1.88081e-06,50,100,100,408610,3 8 12 10 9 4 6 1 13 14 7 5 2 0 11 
265,2.06284e-06,2.44732e-06,1.89761e-06,50,100,100,408610,3 8 12 10 9 4 6 1 13 14 7 5 2 0 11 
266,2.06635e-06,2.44732e-06,1.92972e-06,50,100,100,408610,3 8 12 10 9 4 6 1 13 14 7 5 2 0 11 
267,2.06664e-06,2.44732e-06,1.91288e-06,50,100,100,408610,3 8 12 10 9 4 6 1 13 14 7 5 2 0 11 
268,2.07376e-06,2.44732e-06,1.92734e-06,50,100,100,408610,3 8 12 10 9 4 6 1 13 14 7 5 2 0 11 
269,2.06964e-06,2.44732e-06,1.90111e-06,50,100,100,408610,3 8 12 10 9 4 6 1 13 14 7 5 2 0 11 
270,2.06651e-06,2.44732e-06,1.9121e-06,50,100,100,408610,3 8 12 10 9 4 6 1 13 14 7 5 2 0 11 
271,2.05977e-06,2.44732e-06,1.90682e-06,50,100,100,408610,3 8 12 10 9 4 6 1 13 14 7 5 2 0 11 
272,2.03621e-06,2.44732e-06,1.86823e-06,50,100,100,408610,3 8 12 10 9 4 6 1 13 14 7 5 2 0 11 
273,2.05356e-06,2.44732e-06,1.89303e-06,50,100,100,408610,3 8 12 10 9 4 6 1 13 14 7 5 2 0 11 
274,2.06165e-06,2.44732e-06,1.90271e-06,50,100,100,408610,3 8 12 10 9 4 6 1 13 14 7 5 2 0 11 
275,2.05677e-06,2.44732e-06,1.89886e-06,50,100,100,408610,3 8 12 10 9 4 6 1 13 14 7 5 2 0 11 
276,2.05111e-06,2.44732e-06,1.90973e-06,50,100,100,408610,3 8 12 10 9 4 6 1 13 14 7 5 2 0 11 
277,2.05449e-06,2.44732e-06,1.87287e-06,50,100,100,408610,3 8 12 10 9 4 6 1 13 14 7 5 2 0 11 
278,2.06121e-06,2.44732e-06,1.93058e-06,50,100,100,408610,3 8 12 10 9 4 6 1 13 14 7 5 2 0 11 
279,2.05656e-06,2.44732e-06,1.86766e-06,50,100,100,408610,3 8 12 10 9 4 6 1 13 14 7 5 2 0 11 
280,2.05914e-06,2.44732e-06,1.87226e-06,50,100,100,408610,3 8 12 10 9 4 6 1 13 14 7 5 2 0 11 
281,2.06164e-06,2.44732e-06,1.89775e-06,50,100,100,408610,3 8 12 10 9 4 6 1 13 14 7 5 2 0 11 
282,2.05361e-06,2.44732e-06,1.90615e-06,50,100,100,408610,3 8 12 10 9 4 6 1 13 14 7 5 2 0 11 
283,2.07247e-06,2.44732e-06,1.89812e-06,50,100,100,408610,3 8 12 10 9 4 6 1 13 14 7 5 2 0 11 
284,2.06576e-06,2.44732e-06,1.88969e-06,50,100,100,408610,3 8 12 10 9 4 6 1 13 14 7 5 2 0 11 
285,2.05116e-06,2.44732e-06,1.90514e-06,50,100,100,408610,3 8 12 10 9 4 6 1 13 14 7 5 2 0 11 
286,2.05446e-06,2.44732e-06,1.87508e-06,50,100,100,408610,3 8 12 10 9 4 6 1 13 14 7 5 2 0 11 
287,2.06192e-06,2.44732e-06,1.94978e-06,50,100,100,408610,3 8 12 10 9 4 6 1 13 14 7 5 2 0 11 
288,2.05298e-06,2.44732e-06,1.91747e-06,50,100,100,408610,3 8 12 10 9 4 6 1 13 14 7 5 2 0 11 
289,2.05423e-06,2.44732e-06,1.91852e-06,50,100,100,408610,3 8 12 10 9 4 6 1 13 14 7 5 2 0 11 
290,2.05356e-06,2.44732e-06,1.89692e-06,50,100,100,408610,3 8 12 10 9 4 6 1 13 14 7 5 2 0 11 
291,2.06521e-06,2.44732e-06,1.89508e-06,50,100,100,408610,3 8 12 10 9 4 6 1 13 14 7 5 2 0 11 
292,2.06603e-06,2.44732e-06,1.90147e-06,50,100,100,408610,3 8 12 10 9 4 6 1 13 14 7 5 2 0 11 
293,2.0607e-06,2.44732e-06,1.92625e-06,50,100,100,408610,3 8 12 10 9 4 6 1 13 14 7 5 2 0 11 
294,2.05474e-06,2.44732e-06,1.89422e-06,50,100,100,408610,3 8 12 10 9 4 6 1 13 14 7 5 2 0 11 
295,2.06488e-06,2.44732e-06,1.93879e-06,50,100,100,408610,3 8 12 10 9 4 6 1 13 14 7 5 2 0 11 
296,2.05273e-06,2.44732e-06,1.89131e-06,50,100,100,408610,3 8 12 10 9 4 6 1 13 14 7 5 2 0 11 
297,2.06563e-06,2.44732e-06,1.92189e-06,50,100,100,408610,3 8 12 10 9 4 6 1 13 14 7 5 2 0 11 
298,2.07761e-06,2.44732e-06,1.92144e-06,50,100,100,408610,3 8 12 10 9 4 6 1 13 14 7 5 2 0 11 
299,2.07667e-06,2.44732e-06,1.94003e-06,50,100,100,408610,3 8 12 10 9 4 6 1 13 14 7 5 2 0 11 
300,2.05784e-06,2.44732e-06,1.8783e-06,50,100,100,408610,3 8 12 10 9 4 6 1 13 14 7 5 2 0 11 
301,2.05984e-06,2.44732e-06,1.93094e-06,50,100,100,408610,3 8 12 10 9 4 6 1 13 14 7 5 2 0 11 
302,2.06083e-06,2.44732e-06,1.94572e-06,50,100,100,408610,3 8 12 10 9 4 6 1 13 14 7 5 2 0 11 
303,2.06134e-06,2.44732e-06,1.91986e-06,50,100,100,408610,3 8 12 10 9 4 6 1 13 14 7 5 2 0 11 
304,2.05835e-06,2.44732e-06,1.91615e-06,50,100,100,408610,3 8 12 10 9 4 6 1 13 14 7 5 2 0 11 
305,2.07629e-06,2.44732e-06,1.90767e-06,50,100,100,408610,3 8 12 10 9 4 6 1 13 14 7 5 2 0 11 
306,2.06486e-06,2.44732e-06,1.9011e-06,50,100,100,408610,3 8 12 10 9 4 6 1 13 14 7 5 2 0 11 
307,2.06668e-06,2.44732e-06,1.90736e-06,50,100,100,408610,3 8 12 10 9 4 6 1 13 14 7 5 2 0 11 
308,2.05563e-06,2.44732e-06,1.88826e-06,50,100,100,408610,3 8 12 10 9 4 6 1 13 14 7 5 2 0 11 
309,2.07003e-06,2.44732e-06,1.87165e-06,50,100,100,408610,3 8 12 10 9 4 6 1 13 14 7 5 2 0 11 
310,2.05816e-06,2.44732e-06,1.90101e-06,50,100,100,408610,3 8 12 10 9 4 6 1 13 14 7 5 2 0 11 
311,2.07305e-06,2.44732e-06,1.89354e-06,50,100,100,408610,3 8 12 10 9 4 6 1 13 14 7 5 2 0 11 
312,2.06127e-06,2.44732e-06,1.91046e-06,50,100,100,408610,3 8 12 10 9 4 6 1 13 14 7 5 2 0 11 
313,2.05518e-06,2.44732e-06,1.90355e-06,50,100,100,408610,3 8 12 10 9 4 6 1 13 14 7 5 2 0 11 
314,2.05542e-06,2.44732e-06,1.86817e-06,50,100,100,408610,3 8 12 10 9 4 6 1 13 14 7 5 2 0 11 
315,2.06635e-06,2.44732e-06,1.89868e-06,50,100,100,408610,3 8 12 10 9 4 6 1 13 14 7 5 2 0 11 
316,2.06563e-06,2.44732e-06,1.87635e-06,50,100,100,408610,3 8 12 10 9 4 6 1 13 14 7 5 2 0 11 
317,2.07128e-06,2.44732e-06,1.87619e-06,50,100,100,408610,3 8 12 10 9 4 6 1 13 14 7 5 2 0 11 
318,2.05776e-06,2.44732e-06,1.87451e-06,50,100,100,408610,3 8 12 10 9 4 6 1 13 14 7 5 2 0 11 
319,2.05224e-06,2.44732e-06,1.91493e-06,50,100,100,408610,3 8 12 10 9 4 6 1 13 14 7 5 2 0 11 
320,2.06363e-06,2.44732e-06,1.8904e-06,50,100,100,408610,3 8 12 10 9 4 6 1 13 14 7 5 2 0 11 
321,2.06116e-06,2.44732e-06,1.90108e-06,50,100,100,408610,3 8 12 10 9 4 6 1 13 14 7 5 2 0 11 
322,2.06238e-06,2.44732e-06,1.89712e-06,50,100,100,408610,3 8 12 10 9 4 6 1 13 14 7 5 2 0 11 
323,2.07839e-06,2.44732e-06,1.95544e-06,50,100,100,408610,3 8 12 10 9 4 6 1 13 14 7 5 2 0 11 
324,2.06421e-06,2.44732e-06,1.91202e-06,50,100,100,408610,3 8 12 10 9 4 6 1 13 14 7 5 2 0 11 
325,2.07381e-06,2.44732e-06,1.90925e-06,50,100,100,408610,3 8 12 10 9 4 6 1 13 14 7 5 2 0 11 
326,2.05977e-06,2.44732e-06,1.92766e-06,50,100,100,408610,3 8 12 10 9 4 6 1 13 14 7 5 2 0 11 
327,2.06227e-06,2.44732e-06,1.91246e-06,50,100,100,408610,3 8 12 10 9 4 6 1 13 14 7 5 2 0 11 
328,2.05612e-06,2.44732e-06,1.90667e-06,50,100,100,408610,3 8 12 10 9 4 6 1 13 14 7 5 2 0 11 
329,2.05117e-06,2.44732e-06,1.89468e-06,50,100,100,408610,3 8 12 10 9 4 6 1 13 14 7 5 2 0 11 
330,2.05534e-06,2.44732e-06,1.90013e-06,50,100,100,408610,3 8 12 10 9 4 6 1 13 14 7 5 2 0 11 
331,2.06484e-06,2.44732e-06,1.9019e-06,50,100,100,408610,3 8 12 10 9 4 6 1 13 14 7 5 2 0 11 
332,2.08073e-06,2.44732e-06,1.90864e-06,50,100,100,408610,3 8 12 10 9 4 6 1 13 14 7 5 2 0 11 
333,2.05902e-06,2.44732e-06,1.87532e-06,50,100,100,408610,3 8 12 10 9 4 6 1 13 14 7 5 2 0 11 
334,2.06604e-06,2.44732e-06,1.92015e-06,50,100,100,408610,3 8 12 10 9 4 6 1 13 14 7 5 2 0 11 
335,2.08186e-06,2.44732e-06,1.90325e-06,50,100,100,408610,3 8 12 10 9 4 6 1 13 14 7 5 2 0 11 
336,2.07069e-06,2.44732e-06,1.92401e-06,50,100,100,408610,3 8 12 10 9 4 6 1 13 14 7 5 2 0 11 
337,2.06212e-06,2.44732e-06,1.90926e-06,50,100,100,408610,3 8 12 10 9 4 6 1 13 14 7 5 2 0 11 
338,2.06254e-06,2.44732e-06,1.88086e-06,50,100,100,408610,3 8 12 10 9 4 6 1 13 14 7 5 2 0 11 
339,2.06313e-06,2.44732e-06,1.92464e-06,50,100,100,408610,3 8 12 10 9 4 6 1 13 14 7 5 2 0 11 
340,2.07337e-06,2.44732e-06,1.93604e-06,50,100,100,408610,3 8 12 10 9 4 6 1 13 14 7 5 2 0 11 
341,2.07687e-06,2.44732e-06,1.90052e-06,50,100,100,408610,3 8 12 10 9 4 6 1 13 14 7 5 2 0 11 
342,2.06378e-06,2.44732e-06,1.91936e-06,50,100,100,408610,3 8 12 10 9 4 6 1 13 14 7 5 2 0 11 
343,2.05207e-06,2.44732e-06,1.91593e-06,50,100,100,408610,3 8 12 10 9 4 6 1 13 14 7 5 2 0 11 
344,2.05621e-06,2.44732e-06,1.92033e-06,50,100,100,408610,3 8 12 10 9 4 6 1 13 14 7 5 2 0 11 
345,2.05761e-06,2.44732e-06,1.92178e-06,50,100,100,408610,3 8 12 10 9 4 6 1 13 14 7 5 2 0 11 
346,2.0554e-06,2.44732e-06,1.91402e-06,50,100,100,408610,3 8 12 10 9 4 6 1 13 14 7 5 2 0 11 
347,2.06024e-06,2.44732e-06,1.93527e-06,50,100,100,408610,3 8 12 10 9 4 6 1 13 14 7 5 2 0 11 
348,2.04692e-06,2.44732e-06,1.91912e-06,50,100,100,408610,3 8 12 10 9 4 6 1 13 14 7 5 2 0 11 
349,2.05676e-06,2.44732e-06,1.92298e-06,50,100,100,408610,3 8 12 10 9 4 6 1 13 14 7 5 2 0 11 
350,2.05985e-06,2.44732e-06,1.90318e-06,50,100,100,408610,3 8 12 10 9 4 6 1 13 14 7 5 2 0 11 
351,2.05895e-06,2.44732e-06,1.91783e-06,50,100,100,408610,3 8 12 10 9 4 6 1 13 14 7 5 2 0 11 
352,2.04549e-06,2.44732e-06,1.88145e-06,50,100,100,408610,3 8 12 10 9 4 6 1 13 14 7 5 2 0 11 
353,2.04537e-06,2.44732e-06,1.89698e-06,50,100,100,408610,3 8 12 10 9 4 6 1 13 14 7 5 2 0 11 
354,2.05293e-06,2.44732e-06,1.89847e-06,50,100,100,408610,3 8 12 10 9 4 6 1 13 14 7 5 2 0 11 
355,2.06465e-06,2.44732e-06,1.93074e-06,50,100,100,408610,3 8 12 10 9 4 6 1 13 14 7 5 2 0 11 
356,2.05608e-06,2.44732e-06,1.89464e-06,50,100,100,408610,3 8 12 10 9 4 6 1 13 14 7 5 2 0 11 
357,2.05511e-06,2.44732e-06,1.90355e-06,50,100,100,408610,3 8 12 10 9 4 6 1 13 14 7 5 2 0 11 
358,2.06308e-06,2.44732e-06,1.9341e-06,50,100,100,408610,3 8 12 10 9 4 6 1 13 14 7 5 2 0 11 
359,2.06967e-06,2.44732e-06,1.95288e-06,50,100,100,408610,3 8 12 10 9 4 6 1 13 14 7 5 2 0 11 
360,2.05241e-06,2.44732e-06,1.85985e-06,50,100,100,408610,3 8 12 10 9 4 6 1 13 14 7 5 2 0 11 
361,2.05011e-06,2.44732e-06,1.94291e-06,50,100,100,408610,3 8 12 10 9 4 6 1 13 14 7 5 2 0 11 
362,2.05812e-06,2.44732e-06,1.89935e-06,50,100,100,408610,3 8 12 10 9 4 6 1 13 14 7 5 2 0 11 
363,2.05566e-06,2.44732e-06,1.88948e-06,50,100,100,408610,3 8 12 10 9 4 6 1 13 14 7 5 2 0 11 
364,2.04791e-06,2.44732e-06,1.8719e-06,50,100,100,408610,3 8 12 10 9 4 6 1 13 14 7 5 2 0 11 
365,2.06038e-06,2.44732e-06,1.92171e-06,50,100,100,408610,3 8 12 10 9 4 6 1 13 14 7 5 2 0 11 
366,2.05798e-06,2.44732e-06,1.895e-06,50,100,100,408610,3 8 12 10 9 4 6 1 13 14 7 5 2 0 11 
367,2.05148e-06,2.44732e-06,1.89485e-06,50,100,100,408610,3 8 12 10 9 4 6 1 13 14 7 5 2 0 11 
368,2.05769e-06,2.44732e-06,1.89824e-06,50,100,100,408610,3 8 12 10 9 4 6 1 13 14 7 5 2 0 11 
369,2.04775e-06,2.44732e-06,1.89818e-06,50,100,100,408610,3 8 12 10 9 4 6 1 13 14 7 5 2 0 11 
370,2.05774e-06,2.44732e-06,1.92708e-06,50,100,100,408610,3 8 12 10 9 4 6 1 13 14 7 5 2 0 11 
371,2.05439e-06,2.44732e-06,1.89244e-06,50,100,100,408610,3 8 12 10 9 4 6 1 13 14 7 5 2 0 11 
372,2.06017e-06,2.44732e-06,1.87999e-06,50,100,100,408610,3 8 12 10 9 4 6 1 13 14 7 5 2 0 11 
373,2.0537e-06,2.44732e-06,1.90917e-06,50,100,100,408610,3 8 12 10 9 4 6 1 13 14 7 5 2 0 11 
374,2.0523e-06,2.44732e-06,1.88444e-06,50,100,100,408610,3 8 12 10 9 4 6 1 13 14 7 5 2 0 11 
375,2.06327e-06,2.44732e-06,1.90525e-06,50,100,100,408610,3 8 12 10 9 4 6 1 13 14 7 5 2 0 11 
376,2.06931e-06,2.44732e-06,1.90985e-06,50,100,100,408610,3 8 12 10 9 4 6 1 13 14 7 5 2 0 11 
377,2.06695e-06,2.44732e-06,1.88729e-06,50,100,100,408610,3 8 12 10 9 4 6 1 13 14 7 5 2 0 11 
378,2.0754e-06,2.44732e-06,1.9144e-06,50,100,100,408610,3 8 12 10 9 4 6 1 13 14 7 5 2 0 11 
379,2.06092e-06,2.44732e-06,1.92048e-06,50,100,100,408610,3 8 12 10 9 4 6 1 13 14 7 5 2 0 11 
380,2.05635e-06,2.44732e-06,1.91692e-06,50,100,100,408610,3 8 12 10 9 4 6 1 13 14 7 5 2 0 11 
381,2.04885e-06,2.44732e-06,1.8927e-06,50,100,100,408610,3 8 12 10 9 4 6 1 13 14 7 5 2 0 11 
382,2.05246e-06,2.44732e-06,1.91963e-06,50,100,100,408610,3 8 12 10 9 4 6 1 13 14 7 5 2 0 11 
383,2.04423e-06,2.44732e-06,1.91133e-06,50,100,100,408610,3 8 12 10 9 4 6 1 13 14 7 5 2 0 11 
384,2.07281e-06,2.44732e-06,1.9183e-06,50,100,100,408610,3 8 12 10 9 4 6 1 13 14 7 5 2 0 11 
385,2.06285e-06,2.44732e-06,1.91274e-06,50,100,100,408610,3 8 12 10 9 4 6 1 13 14 7 5 2 0 11 
386,2.06504e-06,2.44732e-06,1.927e-06,50,100,100,408610,3 8 12 10 9 4 6 1 13 14 7 5 2 0 11 
387,2.05554e-06,2.44732e-06,1.92328e-06,50,100,100,408610,3 8 12 10 9 4 6 1 13 14 7 5 2 0 11 
388,2.05938e-06,2.44732e-06,1.88635e-06,50,100,100,408610,3 8 12 10 9 4 6 1 13 14 7 5 2 0 11 
389,2.05516e-06,2.44732e-06,1.92096e-06,50,100,100,408610,3 8 12 10 9 4 6 1 13 14 7 5 2 0 11 
390,2.04555e-06,2.44732e-06,1.90036e-06,50,100,100,408610,3 8 12 10 9 4 6 1 13 14 7 5 2 0 11 
391,2.04824e-06,2.44732e-06,1.90402e-06,50,100,100,408610,3 8 12 10 9 4 6 1 13 14 7 5 2 0 11 
392,2.06197e-06,2.44732e-06,1.90453e-06,50,100,100,408610,3 8 12 10 9 4 6 1 13 14 7 5 2 0 11 
393,2.06397e-06,2.44732e-06,1.92033e-06,50,100,100,408610,3 8 12 10 9 4 6 1 13 14 7 5 2 0 11 
394,2.04895e-06,2.44732e-06,1.85691e-06,50,100,100,408610,3 8 12 10 9 4 6 1 13 14 7 5 2 0 11 
395,2.04942e-06,2.44732e-06,1.90093e-06,50,100,100,408610,3 8 12 10 9 4 6 1 13 14 7 5 2 0 11 
396,2.04879e-06,2.44732e-06,1.90343e-06,50,100,100,408610,3 8 12 10 9 4 6 1 13 14 7 5 2 0 11 
397,2.07155e-06,2.44732e-06,1.95254e-06,50,100,100,408610,3 8 12 10 9 4 6 1 13 14 7 5 2 0 11 
398,2.05624e-06,2.44732e-06,1.89901e-06,50,100,100,408610,3 8 12 10 9 4 6 1 13 14 7 5 2 0 11 
399,2.05558e-06,2.44732e-06,1.93032e-06,50,100,100,408610,3 8 12 10 9 4 6 1 13 14 7 5 2 0 11 
400,2.05643e-06,2.44732e-06,1.89381e-06,50,100,100,408610,3 8 12 10 9 4 6 1 13 14 7 5 2 0 11 
401,2.04679e-06,2.44732e-06,1.87455e-06,50,100,100,408610,3 8 12 10 9 4 6 1 13 14 7 5 2 0 11 
402,2.06747e-06,2.44732e-06,1.91529e-06,50,100,100,408610,3 8 12 10 9 4 6 1 13 14 7 5 2 0 11 
403,2.06274e-06,2.44732e-06,1.89517e-06,50,100,100,408610,3 8 12 10 9 4 6 1 13 14 7 5 2 0 11 
404,2.05448e-06,2.44732e-06,1.91711e-06,50,100,100,408610,3 8 12 10 9 4 6 1 13 14 7 5 2 0 11 
405,2.06142e-06,2.44732e-06,1.86731e-06,50,100,100,408610,3 8 12 10 9 4 6 1 13 14 7 5 2 0 11 
406,2.05603e-06,2.44732e-06,1.93734e-06,50,100,100,408610,3 8 12 10 9 4 6 1 13 14 7 5 2 0 11 
407,2.05981e-06,2.44732e-06,1.88735e-06,50,100,100,408610,3 8 12 10 9 4 6 1 13 14 7 5 2 0 11 
408,2.05284e-06,2.44732e-06,1.90439e-06,50,100,100,408610,3 8 12 10 9 4 6 1 13 14 7 5 2 0 11 
409,2.07324e-06,2.44732e-06,1.93313e-06,50,100,100,408610,3 8 12 10 9 4 6 1 13 14 7 5 2 0 11 
410,2.05656e-06,2.44732e-06,1.90737e-06,50,100,100,408610,3 8 12 10 9 4 6 1 13 14 7 5 2 0 11 
411,2.05567e-06,2.44732e-06,1.89682e-06,50,100,100,408610,3 8 12 10 9 4 6 1 13 14 7 5 2 0 11 
412,2.06358e-06,2.44732e-06,1.93162e-06,50,100,100,408610,3 8 12 10 9 4 6 1 13 14 7 5 2 0 11 
413,2.0603e-06,2.44732e-06,1.91155e-06,50,100,100,408610,3 8 12 10 9 4 6 1 13 14 7 5 2 0 11 
414,2.05262e-06,2.44732e-06,1.87026e-06,50,100,100,408610,3 8 12 10 9 4 6 1 13 14 7 5 2 0 11 
415,2.05915e-06,2.44732e-06,1.91427e-06,50,100,100,408610,3 8 12 10 9 4 6 1 13 14 7 5 2 0 11 
416,2.05553e-06,2.44732e-06,1.89676e-06,50,100,100,408610,3 8 12 10 9 4 6 1 13 14 7 5 2 0 11 
417,2.05883e-06,2.44732e-06,1.87654e-06,50,100,100,408610,3 8 12 10 9 4 6 1 13 14 7 5 2 0 11 
418,2.05969e-06,2.44732e-06,1.88406e-06,50,100,100,408610,3 8 12 10 9 4 6 1 13 14 7 5 2 0 11 
419,2.06491e-06,2.44732e-06,1.89752e-06,50,100,100,408610,3 8 12 10 9 4 6 1 13 14 7 5 2 0 11 
420,2.06444e-06,2.44732e-06,1.93523e-06,50,100,100,408610,3 8 12 10 9 4 6 1 13 14 7 5 2 0 11 
421,2.06504e-06,2.44732e-06,1.92937e-06,50,100,100,408610,3 8 12 10 9 4 6 1 13 14 7 5 2 0 11 
422,2.06733e-06,2.44732e-06,1.90652e-06,50,100,100,408610,3 8 12 10 9 4 6 1 13 14 7 5 2 0 11 
423,2.06691e-06,2.44732e-06,1.90032e-06,50,100,100,408610,3 8 12 10 9 4 6 1 13 14 7 5 2 0 11 
424,2.07536e-06,2.44732e-06,1.93656e-06,50,100,100,408610,3 8 12 10 9 4 6 1 13 14 7 5 2 0 11 
425,2.06503e-06,2.44732e-06,1.87242e-06,50,100,100,408610,3 8 12 10 9 4 6 1 13 14 7 5 2 0 11 
426,2.07473e-06,2.44732e-06,1.92775e-06,50,100,100,408610,3 8 12 10 9 4 6 1 13 14 7 5 2 0 11 
427,2.07079e-06,2.44732e-06,1.93137e-06,50,100,100,408610,3 8 12 10 9 4 6 1 13 14 7 5 2 0 11 
428,2.0692e-06,2.44732e-06,1.90863e-06,50,100,100,408610,3 8 12 10 9 4 6 1 13 14 7 5 2 0 11 
429,2.06473e-06,2.44732e-06,1.94651e-06,50,100,100,408610,3 8 12 10 9 4 6 1 13 14 7 5 2 0 11 
430,2.05966e-06,2.44732e-06,1.92019e-06,50,100,100,408610,3 8 12 10 9 4 6 1 13 14 7 5 2 0 11 
431,2.05011e-06,2.44732e-06,1.88639e-06,50,100,100,408610,3 8 12 10 9 4 6 1 13 14 7 5 2 0 11 
432,2.06728e-06,2.44732e-06,1.91515e-06,50,100,100,408610,3 8 12 10 9 4 6 1 13 14 7 5 2 0 11 
433,2.05814e-06,2.44732e-06,1.90193e-06,50,100,100,408610,3 8 12 10 9 4 6 1 13 14 7 5 2 0 11 
434,2.05541e-06,2.44732e-06,1.89612e-06,50,100,100,408610,3 8 12 10 9 4 6 1 13 14 7 5 2 0 11 
435,2.05838e-06,2.44732e-06,1.88175e-06,50,100,100,408610,3 8 12 10 9 4 6 1 13 14 7 5 2 0 11 
436,2.06135e-06,2.44732e-06,1.92537e-06,50,100,100,408610,3 8 12 10 9 4 6 1 13 14 7 5 2 0 11 
437,2.05034e-06,2.44732e-06,1.89734e-06,50,100,100,408610,3 8 12 10 9 4 6 1 13 14 7 5 2 0 11 
438,2.07171e-06,2.44732e-06,1.92152e-06,50,100,100,408610,3 8 12 10 9 4 6 1 13 14 7 5 2 0 11 
439,2.06733e-06,2.44732e-06,1.91329e-06,50,100,100,408610,3 8 12 10 9 4 6 1 13 14 7 5 2 0 11 
440,2.06746e-06,2.44732e-06,1.90075e-06,50,100,100,408610,3 8 12 10 9 4 6 1 13 14 7 5 2 0 11 
441,2.04896e-06,2.44732e-06,1.90052e-06,50,100,100,408610,3 8 12 10 9 4 6 1 13 14 7 5 2 0 11 
442,2.05609e-06,2.44732e-06,1.89367e-06,50,100,100,408610,3 8 12 10 9 4 6 1 13 14 7 5 2 0 11 
443,2.05948e-06,2.44732e-06,1.93264e-06,50,100,100,408610,3 8 12 10 9 4 6 1 13 14 7 5 2 0 11 
444,2.0608e-06,2.44732e-06,1.8986e-06,50,100,100,408610,3 8 12 10 9 4 6 1 13 14 7 5 2 0 11 
445,2.05641e-06,2.44732e-06,1.89057e-06,50,100,100,408610,3 8 12 10 9 4 6 1 13 14 7 5 2 0 11 
446,2.0642e-06,2.44732e-06,1.92899e-06,50,100,100,408610,3 8 12 10 9 4 6 1 13 14 7 5 2 0 11 
447,2.06407e-06,2.44732e-06,1.93833e-06,50,100,100,408610,3 8 12 10 9 4 6 1 13 14 7 5 2 0 11 
448,2.05982e-06,2.44732e-06,1.92145e-06,50,100,100,408610,3 8 12 10 9 4 6 1 13 14 7 5 2 0 11 
449,2.06631e-06,2.44732e-06,1.91566e-06,50,100,100,408610,3 8 12 10 9 4 6 1 13 14 7 5 2 0 11 
450,2.06732e-06,2.44732e-06,1.91414e-06,50,100,100,408610,3 8 12 10 9 4 6 1 13 14 7 5 2 0 11 
451,2.06225e-06,2.44732e-06,1.91241e-06,50,100,100,408610,3 8 12 10 9 4 6 1 13 14 7 5 2 0 11 
452,2.06491e-06,2.44732e-06,1.92997e-06,50,100,100,408610,3 8 12 10 9 4 6 1 13 14 7 5 2 0 11 
453,2.06069e-06,2.44732e-06,1.91477e-06,50,100,100,408610,3 8 12 10 9 4 6 1 13 14 7 5 2 0 11 
454,2.0607e-06,2.44732e-06,1.88883e-06,50,100,100,408610,3 8 12 10 9 4 6 1 13 14 7 5 2 0 11 
455,2.07081e-06,2.44732e-06,1.94434e-06,50,100,100,408610,3 8 12 10 9 4 6 1 13 14 7 5 2 0 11 
456,2.07223e-06,2.44732e-06,1.91005e-06,50,100,100,408610,3 8 12 10 9 4 6 1 13 14 7 5 2 0 11 
457,2.06305e-06,2.44732e-06,1.93209e-06,50,100,100,408610,3 8 12 10 9 4 6 1 13 14 7 5 2 0 11 
458,2.05105e-06,2.44732e-06,1.87465e-06,50,100,100,408610,3 8 12 10 9 4 6 1 13 14 7 5 2 0 11 
459,2.06185e-06,2.44732e-06,1.90899e-06,50,100,100,408610,3 8 12 10 9 4 6 1 13 14 7 5 2 0 11 
460,2.06161e-06,2.44732e-06,1.93244e-06,50,100,100,408610,3 8 12 10 9 4 6 1 13 14 7 5 2 0 11 
461,2.06613e-06,2.44732e-06,1.9147e-06,50,100,100,408610,3 8 12 10 9 4 6 1 13 14 7 5 2 0 11 
462,2.05491e-06,2.44732e-06,1.91916e-06,50,100,100,408610,3 8 12 10 9 4 6 1 13 14 7 5 2 0 11 
463,2.0535e-06,2.44732e-06,1.90501e-06,50,100,100,408610,3 8 12 10 9 4 6 1 13 14 7 5 2 0 11 
464,2.0609e-06,2.44732e-06,1.87677e-06,50,100,100,408610,3 8 12 10 9 4 6 1 13 14 7 5 2 0 11 
465,2.06239e-06,2.44732e-06,1.90907e-06,50,100,100,408610,3 8 12 10 9 4 6 1 13 14 7 5 2 0 11 
466,2.05905e-06,2.44732e-06,1.90952e-06,50,100,100,408610,3 8 12 10 9 4 6 1 13 14 7 5 2 0 11 
467,2.06193e-06,2.44732e-06,1.90927e-06,50,100,100,408610,3 8 12 10 9 4 6 1 13 14 7 5 2 0 11 
468,2.06554e-06,2.44732e-06,1.90005e-06,50,100,100,408610,3 8 12 10 9 4 6 1 13 14 7 5 2 0 11 
469,2.07147e-06,2.44732e-06,1.93092e-06,50,100,100,408610,3 8 12 10 9 4 6 1 13 14 7 5 2 0 11 
470,2.05581e-06,2.44732e-06,1.9156e-06,50,100,100,408610,3 8 12 10 9 4 6 1 13 14 7 5 2 0 11 
471,2.04988e-06,2.44732e-06,1.90977e-06,50,100,100,408610,3 8 12 10 9 4 6 1 13 14 7 5 2 0 11 
472,2.05267e-06,2.44732e-06,1.91198e-06,50,100,100,408610,3 8 12 10 9 4 6 1 13 14 7 5 2 0 11 
473,2.06536e-06,2.44732e-06,1.90642e-06,50,100,100,408610,3 8 12 10 9 4 6 1 13 14 7 5 2 0 11 
474,2.06332e-06,2.44732e-06,1.89904e-06,50,100,100,408610,3 8 12 10 9 4 6 1 13 14 7 5 2 0 11 
475,2.05556e-06,2.44732e-06,1.90448e-06,50,100,100,408610,3 8 12 10 9 4 6 1 13 14 7 5 2 0 11 
476,2.06264e-06,2.44732e-06,1.93506e-06,50,100,100,408610,3 8 12 10 9 4 6 1 13 14 7 5 2 0 11 
477,2.06685e-06,2.44732e-06,1.89744e-06,50,100,100,408610,3 8 12 10 9 4 6 1 13 14 7 5 2 0 11 
478,2.056e-06,2.44732e-06,1.9031e-06,50,100,100,408610,3 8 12 10 9 4 6 1 13 14 7 5 2 0 11 
479,2.06036e-06,2.44732e-06,1.94316e-06,50,100,100,408610,3 8 12 10 9 4 6 1 13 14 7 5 2 0 11 
480,2.06686e-06,2.44732e-06,1.89082e-06,50,100,100,408610,3 8 12 10 9 4 6 1 13 14 7 5 2 0 11 
481,2.06256e-06,2.44732e-06,1.90494e-06,50,100,100,408610,3 8 12 10 9 4 6 1 13 14 7 5 2 0 11 
482,2.05194e-06,2.44732e-06,1.89907e-06,50,100,100,408610,3 8 12 10 9 4 6 1 13 14 7 5 2 0 11 
483,2.07502e-06,2.44732e-06,1.9122e-06,50,100,100,408610,3 8 12 10 9 4 6 1 13 14 7 5 2 0 11 
484,2.07684e-06,2.44732e-06,1.91393e-06,50,100,100,408610,3 8 12 10 9 4 6 1 13 14 7 5 2 0 11 
485,2.06626e-06,2.44732e-06,1.93188e-06,50,100,100,408610,3 8 12 10 9 4 6 1 13 14 7 5 2 0 11 
486,2.06582e-06,2.44732e-06,1.9213e-06,50,100,100,408610,3 8 12 10 9 4 6 1 13 14 7 5 2 0 11 
487,2.054e-06,2.44732e-06,1.9222e-06,50,100,100,408610,3 8 12 10 9 4 6 1 13 14 7 5 2 0 11 
488,2.06201e-06,2.44732e-06,1.90934e-06,50,100,100,408610,3 8 12 10 9 4 6 1 13 14 7 5 2 0 11 
489,2.06103e-06,2.44732e-06,1.91679e-06,50,100,100,408610,3 8 12 10 9 4 6 1 13 14 7 5 2 0 11 
490,2.07754e-06,2.44732e-06,1.91161e-06,50,100,100,408610,3 8 12 10 9 4 6 1 13 14 7 5 2 0 11 
491,2.07003e-06,2.44732e-06,1.91261e-06,50,100,100,408610,3 8 12 10 9 4 6 1 13 14 7 5 2 0 11 
492,2.05742e-06,2.44732e-06,1.89359e-06,50,100,100,408610,3 8 12 10 9 4 6 1 13 14 7 5 2 0 11 
493,2.05572e-06,2.44732e-06,1.90133e-06,50,100,100,408610,3 8 12 10 9 4 6 1 13 14 7 5 2 0 11 
494,2.07232e-06,2.44732e-06,1.9435e-06,50,100,100,408610,3 8 12 10 9 4 6 1 13 14 7 5 2 0 11 
495,2.07468e-06,2.44732e-06,1.94536e-06,50,100,100,408610,3 8 12 10 9 4 6 1 13 14 7 5 2 0 11 
496,2.05908e-06,2.44732e-06,1.92179e-06,50,100,100,408610,3 8 12 10 9 4 6 1 13 14 7 5 2 0 11 
497,2.0653e-06,2.44732e-06,1.90007e-06,50,100,100,408610,3 8 12 10 9 4 6 1 13 14 7 5 2 0 11 
498,2.06833e-06,2.44732e-06,1.91293e-06,50,100,100,408610,3 8 12 10 9 4 6 1 13 14 7 5 2 0 11 
499,2.06759e-06,2.44732e-06,1.86659e-06,50,100,100,408610,3 8 12 10 9 4 6 1 13 14 7 5 2 0 11 
500,2.07292e-06,2.44732e-06,1.92334e-06,50,100,100,408610,3 8 12 10 9 4 6 1 13 14 7 5 2 0 11 
501,2.07151e-06,2.44732e-06,1.92367e-06,50,100,100,408610,3 8 12 10 9 4 6 1 13 14 7 5 2 0 11 
502,2.06318e-06,2.44732e-06,1.91146e-06,50,100,100,408610,3 8 12 10 9 4 6 1 13 14 7 5 2 0 11 
503,2.06834e-06,2.44732e-06,1.92085e-06,50,100,100,408610,3 8 12 10 9 4 6 1 13 14 7 5 2 0 11 
504,2.07377e-06,2.44732e-06,1.90825e-06,50,100,100,408610,3 8 12 10 9 4 6 1 13 14 7 5 2 0 11 
505,2.05991e-06,2.44732e-06,1.89229e-06,50,100,100,408610,3 8 12 10 9 4 6 1 13 14 7 5 2 0 11 
506,2.07394e-06,2.44732e-06,1.91256e-06,50,100,100,408610,3 8 12 10 9 4 6 1 13 14 7 5 2 0 11 
507,2.05973e-06,2.44732e-06,1.90724e-06,50,100,100,408610,3 8 12 10 9 4 6 1 13 14 7 5 2 0 11 
508,2.07074e-06,2.44732e-06,1.90978e-06,50,100,100,408610,3 8 12 10 9 4 6 1 13 14 7 5 2 0 11 
509,2.07615e-06,2.44732e-06,1.92564e-06,50,100,100,408610,3 8 12 10 9 4 6 1 13 14 7 5 2 0 11 
510,2.07515e-06,2.44732e-06,1.94288e-06,50,100,100,408610,3 8 12 10 9 4 6 1 13 14 7 5 2 0 11 
511,2.07266e-06,2.44732e-06,1.92453e-06,50,100,100,408610,3 8 12 10 9 4 6 1 13 14 7 5 2 0 11 
512,2.05562e-06,2.44732e-06,1.88841e-06,50,100,100,408610,3 8 12 10 9 4 6 1 13 14 7 5 2 0 11 
513,2.06445e-06,2.44732e-06,1.924e-06,50,100,100,408610,3 8 12 10 9 4 6 1 13 14 7 5 2 0 11 
514,2.0592e-06,2.44732e-06,1.90128e-06,50,100,100,408610,3 8 12 10 9 4 6 1 13 14 7 5 2 0 11 
515,2.06419e-06,2.44732e-06,1.90804e-06,50,100,100,408610,3 8 12 10 9 4 6 1 13 14 7 5 2 0 11 
516,2.07166e-06,2.44732e-06,1.90494e-06,50,100,100,408610,3 8 12 10 9 4 6 1 13 14 7 5 2 0 11 
517,2.05655e-06,2.44732e-06,1.90689e-06,50,100,100,408610,3 8 12 10 9 4 6 1 13 14 7 5 2 0 11 
518,2.06683e-06,2.44732e-06,1.92257e-06,50,100,100,408610,3 8 12 10 9 4 6 1 13 14 7 5 2 0 11 
519,2.06382e-06,2.44732e-06,1.86997e-06,50,100,100,408610,3 8 12 10 9 4 6 1 13 14 7 5 2 0 11 
520,2.06582e-06,2.44732e-06,1.94222e-06,50,100,100,408610,3 8 12 10 9 4 6 1 13 14 7 5 2 0 11 
521,2.06316e-06,2.44732e-06,1.90939e-06,50,100,100,408610,3 8 12 10 9 4 6 1 13 14 7 5 2 0 11 
522,2.06404e-06,2.44732e-06,1.90542e-06,50,100,100,408610,3 8 12 10 9 4 6 1 13 14 7 5 2 0 11 
523,2.05602e-06,2.44732e-06,1.92774e-06,50,100,100,408610,3 8 12 10 9 4 6 1 13 14 7 5 2 0 11 
524,2.05383e-06,2.44732e-06,1.94361e-06,50,100,100,408610,3 8 12 10 9 4 6 1 13 14 7 5 2 0 11 
525,2.06137e-06,2.44732e-06,1.91322e-06,50,100,100,408610,3 8 12 10 9 4 6 1 13 14 7 5 2 0 11 
526,2.06697e-06,2.44732e-06,1.93247e-06,50,100,100,408610,3 8 12 10 9 4 6 1 13 14 7 5 2 0 11 
527,2.06296e-06,2.44732e-06,1.92745e-06,50,100,100,408610,3 8 12 10 9 4 6 1 13 14 7 5 2 0 11 
528,2.067e-06,2.44732e-06,1.9244e-06,50,100,100,408610,3 8 12 10 9 4 6 1 13 14 7 5 2 0 11 
529,2.06033e-06,2.44732e-06,1.92134e-06,50,100,100,408610,3 8 12 10 9 4 6 1 13 14 7 5 2 0 11 
530,2.06442e-06,2.44732e-06,1.87292e-06,50,100,100,408610,3 8 12 10 9 4 6 1 13 14 7 5 2 0 11 
531,2.06255e-06,2.44732e-06,1.91656e-06,50,100,100,408610,3 8 12 10 9 4 6 1 13 14 7 5 2 0 11 
532,2.06341e-06,2.44732e-06,1.91704e-06,50,100,100,408610,3 8 12 10 9 4 6 1 13 14 7 5 2 0 11 
533,2.07319e-06,2.44732e-06,1.93277e-06,50,100,100,408610,3 8 12 10 9 4 6 1 13 14 7 5 2 0 11 
534,2.08539e-06,2.44732e-06,1.94609e-06,50,100,100,408610,3 8 12 10 9 4 6 1 13 14 7 5 2 0 11 
535,2.07468e-06,2.44732e-06,1.89914e-06,50,100,100,408610,3 8 12 10 9 4 6 1 13 14 7 5 2 0 11 
536,2.07978e-06,2.44732e-06,1.91101e-06,50,100,100,408610,3 8 12 10 9 4 6 1 13 14 7 5 2 0 11 
537,2.0688e-06,2.44732e-06,1.93022e-06,50,100,100,408610,3 8 12 10 9 4 6 1 13 14 7 5 2 0 11 
538,2.06796e-06,2.44732e-06,1.8977e-06,50,100,100,408610,3 8 12 10 9 4 6 1 13 14 7 5 2 0 11 
539,2.07395e-06,2.44732e-06,1.93839e-06,50,100,100,408610,3 8 12 10 9 4 6 1 13 14 7 5 2 0 11 
540,2.06546e-06,2.44732e-06,1.89141e-06,50,100,100,408610,3 8 12 10 9 4 6 1 13 14 7 5 2 0 11 
541,2.06898e-06,2.44732e-06,1.93915e-06,50,100,100,408610,3 8 12 10 9 4 6 1 13 14 7 5 2 0 11 
542,2.06776e-06,2.44732e-06,1.8992e-06,50,100,100,408610,3 8 12 10 9 4 6 1 13 14 7 5 2 0 11 
543,2.07269e-06,2.44732e-06,1.92656e-06,50,100,100,408610,3 8 12 10 9 4 6 1 13 14 7 5 2 0 11 
544,2.07343e-06,2.44732e-06,1.92876e-06,50,100,100,408610,3 8 12 10 9 4 6 1 13 14 7 5 2 0 11 
545,2.07019e-06,2.44732e-06,1.91667e-06,50,100,100,408610,3 8 12 10 9 4 6 1 13 14 7 5 2 0 11 
546,2.06078e-06,2.44732e-06,1.90314e-06,50,100,100,408610,3 8 12 10 9 4 6 1 13 14 7 5 2 0 11 
547,2.06795e-06,2.44732e-06,1.90667e-06,50,100,100,408610,3 8 12 10 9 4 6 1 13 14 7 5 2 0 11 
548,2.07656e-06,2.44732e-06,1.92852e-06,50,100,100,408610,3 8 12 10 9 4 6 1 13 14 7 5 2 0 11 
549,2.06949e-06,2.44732e-06,1.94956e-06,50,100,100,408610,3 8 12 10 9 4 6 1 13 14 7 5 2 0 11 
550,2.06716e-06,2.44732e-06,1.91493e-06,50,100,100,408610,3 8 12 10 9 4 6 1 13 14 7 5 2 0 11 
551,2.06873e-06,2.44732e-06,1.90562e-06,50,100,100,408610,3 8 12 10 9 4 6 1 13 14 7 5 2 0 11 
552,2.07642e-06,2.44732e-06,1.93934e-06,50,100,100,408610,3 8 12 10 9 4 6 1 13 14 7 5 2 0 11 
553,2.08952e-06,2.44732e-06,1.93632e-06,50,100,100,408610,3 8 12 10 9 4 6 1 13 14 7 5 2 0 11 
554,2.07672e-06,2.44732e-06,1.92992e-06,50,100,100,408610,3 8 12 10 9 4 6 1 13 14 7 5 2 0 11 
555,2.0665e-06,2.44732e-06,1.92044e-06,50,100,100,408610,3 8 12 10 9 4 6 1 13 14 7 5 2 0 11 
556,2.08182e-06,2.44732e-06,1.90676e-06,50,100,100,408610,3 8 12 10 9 4 6 1 13 14 7 5 2 0 11 
557,2.06208e-06,2.44732e-06,1.85971e-06,50,100,100,408610,3 8 12 10 9 4 6 1 13 14 7 5 2 0 11 
558,2.07555e-06,2.44732e-06,1.93276e-06,50,100,100,408610,3 8 12 10 9 4 6 1 13 14 7 5 2 0 11 
559,2.06335e-06,2.44732e-06,1.9333e-06,50,100,100,408610,3 8 12 10 9 4 6 1 13 14 7 5 2 0 11 
560,2.06248e-06,2.44732e-06,1.87517e-06,50,100,100,408610,3 8 12 10 9 4 6 1 13 14 7 5 2 0 11 
561,2.04998e-06,2.44732e-06,1.8922e-06,50,100,100,408610,3 8 12 10 9 4 6 1 13 14 7 5 2 0 11 
562,2.05191e-06,2.44732e-06,1.92147e-06,50,100,100,408610,3 8 12 10 9 4 6 1 13 14 7 5 2 0 11 
563,2.04574e-06,2.44732e-06,1.91545e-06,50,100,100,408610,3 8 12 10 9 4 6 1 13 14 7 5 2 0 11 
564,2.05511e-06,2.44732e-06,1.92046e-06,50,100,100,408610,3 8 12 10 9 4 6 1 13 14 7 5 2 0 11 
565,2.05307e-06,2.44732e-06,1.92725e-06,50,100,100,408610,3 8 12 10 9 4 6 1 13 14 7 5 2 0 11 
566,2.05317e-06,2.44732e-06,1.88097e-06,50,100,100,408610,3 8 12 10 9 4 6 1 13 14 7 5 2 0 11 
567,2.05433e-06,2.44732e-06,1.91038e-06,50,100,100,408610,3 8 12 10 9 4 6 1 13 14 7 5 2 0 11 
568,2.06561e-06,2.44732e-06,1.92101e-06,50,100,100,408610,3 8 12 10 9 4 6 1 13 14 7 5 2 0 11 
569,2.07455e-06,2.44732e-06,1.94371e-06,50,100,100,408610,3 8 12 10 9 4 6 1 13 14 7 5 2 0 11 
570,2.07218e-06,2.44732e-06,1.89072e-06,50,100,100,408610,3 8 12 10 9 4 6 1 13 14 7 5 2 0 11 
571,2.0697e-06,2.44732e-06,1.92864e-06,50,100,100,408610,3 8 12 10 9 4 6 1 13 14 7 5 2 0 11 
572,2.06511e-06,2.44732e-06,1.90906e-06,50,100,100,408610,3 8 12 10 9 4 6 1 13 14 7 5 2 0 11 
573,2.06276e-06,2.44732e-06,1.89634e-06,50,100,100,408610,3 8 12 10 9 4 6 1 13 14 7 5 2 0 11 
574,2.07133e-06,2.44732e-06,1.90368e-06,50,100,100,408610,3 8 12 10 9 4 6 1 13 14 7 5 2 0 11 
575,2.06249e-06,2.44732e-06,1.90107e-06,50,100,100,408610,3 8 12 10 9 4 6 1 13 14 7 5 2 0 11 
576,2.07651e-06,2.44732e-06,1.87601e-06,50,100,100,408610,3 8 12 10 9 4 6 1 13 14 7 5 2 0 11 
577,2.07347e-06,2.44732e-06,1.90567e-06,50,100,100,408610,3 8 12 10 9 4 6 1 13 14 7 5 2 0 11 
578,2.06605e-06,2.44732e-06,1.93063e-06,50,100,100,408610,3 8 12 10 9 4 6 1 13 14 7 5 2 0 11 
579,2.06312e-06,2.44732e-06,1.91103e-06,50,100,100,408610,3 8 12 10 9 4 6 1 13 14 7 5 2 0 11 
580,2.05609e-06,2.44732e-06,1.89442e-06,50,100,100,408610,3 8 12 10 9 4 6 1 13 14 7 5 2 0 11 
581,2.06985e-06,2.44732e-06,1.90173e-06,50,100,100,408610,3 8 12 10 9 4 6 1 13 14 7 5 2 0 11 
582,2.05934e-06,2.44732e-06,1.89003e-06,50,100,100,408610,3 8 12 10 9 4 6 1 13 14 7 5 2 0 11 
583,2.0625e-06,2.44732e-06,1.91909e-06,50,100,100,408610,3 8 12 10 9 4 6 1 13 14 7 5 2 0 11 
584,2.05847e-06,2.44732e-06,1.88766e-06,50,100,100,408610,3 8 12 10 9 4 6 1 13 14 7 5 2 0 11 
585,2.04907e-06,2.44732e-06,1.91639e-06,50,100,100,408610,3 8 12 10 9 4 6 1 13 14 7 5 2 0 11 
586,2.04533e-06,2.44732e-06,1.8671e-06,50,100,100,408610,3 8 12 10 9 4 6 1 13 14 7 5 2 0 11 
587,2.0599e-06,2.44732e-06,1.91712e-06,50,100,100,408610,3 8 12 10 9 4 6 1 13 14 7 5 2 0 11 
588,2.0691e-06,2.44732e-06,1.90555e-06,50,100,100,408610,3 8 12 10 9 4 6 1 13 14 7 5 2 0 11 
589,2.06062e-06,2.44732e-06,1.92934e-06,50,100,100,408610,3 8 12 10 9 4 6 1 13 14 7 5 2 0 11 
590,2.06924e-06,2.44732e-06,1.9216e-06,50,100,100,408610,3 8 12 10 9 4 6 1 13 14 7 5 2 0 11 
591,2.06349e-06,2.44732e-06,1.88222e-06,50,100,100,408610,3 8 12 10 9 4 6 1 13 14 7 5 2 0 11 
592,2.06191e-06,2.44732e-06,1.93042e-06,50,100,100,408610,3 8 12 10 9 4 6 1 13 14 7 5 2 0 11 
593,2.05823e-06,2.44732e-06,1.88513e-06,50,100,100,408610,3 8 12 10 9 4 6 1 13 14 7 5 2 0 11 
594,2.05048e-06,2.44732e-06,1.93386e-06,50,100,100,408610,3 8 12 10 9 4 6 1 13 14 7 5 2 0 11 
595,2.0573e-06,2.44732e-06,1.91052e-06,50,100,100,408610,3 8 12 10 9 4 6 1 13 14 7 5 2 0 11 
596,2.04727e-06,2.44732e-06,1.87646e-06,50,100,100,408610,3 8 12 10 9 4 6 1 13 14 7 5 2 0 11 
597,2.06308e-06,2.44732e-06,1.91612e-06,50,100,100,408610,3 8 12 10 9 4 6 1 13 14 7 5 2 0 11 
598,2.06244e-06,2.44732e-06,1.90623e-06,50,100,100,408610,3 8 12 10 9 4 6 1 13 14 7 5 2 0 11 
599,2.06655e-06,2.44732e-06,1.89264e-06,50,100,100,408610,3 8 12 10 9 4 6 1 13 14 7 5 2 0 11 
600,2.06509e-06,2.44732e-06,1.90159e-06,50,100,100,408610,3 8 12 10 9 4 6 1 13 14 7 5 2 0 11 
601,2.06068e-06,2.44732e-06,1.90295e-06,50,100,100,408610,3 8 12 10 9 4 6 1 13 14 7 5 2 0 11 
602,2.07108e-06,2.44732e-06,1.92584e-06,50,100,100,408610,3 8 12 10 9 4 6 1 13 14 7 5 2 0 11 
603,2.06152e-06,2.44732e-06,1.90846e-06,50,100,100,408610,3 8 12 10 9 4 6 1 13 14 7 5 2 0 11 
604,2.06262e-06,2.44732e-06,1.92688e-06,50,100,100,408610,3 8 12 10 9 4 6 1 13 14 7 5 2 0 11 
605,2.06115e-06,2.44732e-06,1.88549e-06,50,100,100,408610,3 8 12 10 9 4 6 1 13 14 7 5 2 0 11 
606,2.05827e-06,2.44732e-06,1.92064e-06,50,100,100,408610,3 8 12 10 9 4 6 1 13 14 7 5 2 0 11 
607,2.0678e-06,2.44732e-06,1.90698e-06,50,100,100,408610,3 8 12 10 9 4 6 1 13 14 7 5 2 0 11 
608,2.07424e-06,2.44732e-06,1.91538e-06,50,100,100,408610,3 8 12 10 9 4 6 1 13 14 7 5 2 0 11 
609,2.06573e-06,2.44732e-06,1.91094e-06,50,100,100,408610,3 8 12 10 9 4 6 1 13 14 7 5 2 0 11 
610,2.06236e-06,2.44732e-06,1.91341e-06,50,100,100,408610,3 8 12 10 9 4 6 1 13 14 7 5 2 0 11 
611,2.07637e-06,2.44732e-06,1.93318e-06,50,100,100,408610,3 8 12 10 9 4 6 1 13 14 7 5 2 0 11 
612,2.0673e-06,2.44732e-06,1.90901e-06,50,100,100,408610,3 8 12 10 9 4 6 1 13 14 7 5 2 0 11 
613,2.06795e-06,2.44732e-06,1.93948e-06,50,100,100,408610,3 8 12 10 9 4 6 1 13 14 7 5 2 0 11 
614,2.05663e-06,2.44732e-06,1.89242e-06,50,100,100,408610,3 8 12 10 9 4 6 1 13 14 7 5 2 0 11 
615,2.05258e-06,2.44732e-06,1.92346e-06,50,100,100,408610,3 8 12 10 9 4 6 1 13 14 7 5 2 0 11 
616,2.05471e-06,2.44732e-06,1.90168e-06,50,100,100,408610,3 8 12 10 9 4 6 1 13 14 7 5 2 0 11 
617,2.0601e-06,2.44732e-06,1.91515e-06,50,100,100,408610,3 8 12 10 9 4 6 1 13 14 7 5 2 0 11 
618,2.05185e-06,2.44732e-06,1.92694e-06,50,100,100,408610,3 8 12 10 9 4 6 1 13 14 7 5 2 0 11 
619,2.0632e-06,2.44732e-06,1.9207e-06,50,100,100,408610,3 8 12 10 9 4 6 1 13 14 7 5 2 0 11 
620,2.06977e-06,2.44732e-06,1.92396e-06,50,100,100,408610,3 8 12 10 9 4 6 1 13 14 7 5 2 0 11 
621,2.077e-06,2.44732e-06,1.92141e-06,50,100,100,408610,3 8 12 10 9 4 6 1 13 14 7 5 2 0 11 
622,2.07093e-06,2.44732e-06,1.91068e-06,50,100,100,408610,3 8 12 10 9 4 6 1 13 14 7 5 2 0 11 
623,2.07478e-06,2.44732e-06,1.92409e-06,50,100,100,408610,3 8 12 10 9 4 6 1 13 14 7 5 2 0 11 
624,2.06944e-06,2.44732e-06,1.93924e-06,50,100,100,408610,3 8 12 10 9 4 6 1 13 14 7 5 2 0 11 
625,2.06555e-06,2.44732e-06,1.9194e-06,50,100,100,408610,3 8 12 10 9 4 6 1 13 14 7 5 2 0 11 
626,2.06401e-06,2.44732e-06,1.92063e-06,50,100,100,408610,3 8 12 10 9 4 6 1 13 14 7 5 2 0 11 
627,2.06427e-06,2.44732e-06,1.9053e-06,50,100,100,408610,3 8 12 10 9 4 6 1 13 14 7 5 2 0 11 
628,2.07383e-06,2.44732e-06,1.89459e-06,50,100,100,408610,3 8 12 10 9 4 6 1 13 14 7 5 2 0 11 
629,2.05804e-06,2.44732e-06,1.89503e-06,50,100,100,408610,3 8 12 10 9 4 6 1 13 14 7 5 2 0 11 
630,2.05637e-06,2.44732e-06,1.92396e-06,50,100,100,408610,3 8 12 10 9 4 6 1 13 14 7 5 2 0 11 
631,2.05646e-06,2.44732e-06,1.91524e-06,50,100,100,408610,3 8 12 10 9 4 6 1 13 14 7 5 2 0 11 
632,2.06639e-06,2.45738e-06,1.94431e-06,50,100,100,406936,10 8 12 3 9 4 6 1 13 14 7 5 2 0 11 
633,2.06222e-06,2.45738e-06,1.88966e-06,50,100,100,406936,10 8 12 3 9 4 6 1 13 14 7 5 2 0 11 
634,2.06522e-06,2.45738e-06,1.92205e-06,50,100,100,406936,10 8 12 3 9 4 6 1 13 14 7 5 2 0 11 
635,2.06651e-06,2.45738e-06,1.92868e-06,50,100,100,406936,10 8 12 3 9 4 6 1 13 14 7 5 2 0 11 
636,2.05975e-06,2.45738e-06,1.89184e-06,50,100,100,406936,10 8 12 3 9 4 6 1 13 14 7 5 2 0 11 
637,2.05988e-06,2.45738e-06,1.92149e-06,50,100,100,406936,10 8 12 3 9 4 6 1 13 14 7 5 2 0 11 
638,2.0654e-06,2.45738e-06,1.89929e-06,50,100,100,406936,10 8 12 3 9 4 6 1 13 14 7 5 2 0 11 
639,2.0707e-06,2.45738e-06,1.92875e-06,50,100,100,406936,10 8 12 3 9 4 6 1 13 14 7 5 2 0 11 
640,2.05827e-06,2.45738e-06,1.88986e-06,50,100,100,406936,10 8 12 3 9 4 6 1 13 14 7 5 2 0 11 
641,2.06316e-06,2.45738e-06,1.91163e-06,50,100,100,406936,10 8 12 3 9 4 6 1 13 14 7 5 2 0 11 
642,2.05059e-06,2.45738e-06,1.90026e-06,50,100,100,406936,10 8 12 3 9 4 6 1 13 14 7 5 2 0 11 
643,2.05985e-06,2.45738e-06,1.90556e-06,50,100,100,406936,10 8 12 3 9 4 6 1 13 14 7 5 2 0 11 
644,2.05472e-06,2.45738e-06,1.92644e-06,50,100,100,406936,10 8 12 3 9 4 6 1 13 14 7 5 2 0 11 
645,2.05722e-06,2.45738e-06,1.89695e-06,50,100,100,406936,10 8 12 3 9 4 6 1 13 14 7 5 2 0 11 
646,2.05477e-06,2.45738e-06,1.90175e-06,50,100,100,406936,10 8 12 3 9 4 6 1 13 14 7 5 2 0 11 
647,2.06024e-06,2.45738e-06,1.90523e-06,50,100,100,406936,10 8 12 3 9 4 6 1 13 14 7 5 2 0 11 
648,2.0545e-06,2.45738e-06,1.90825e-06,50,100,100,406936,10 8 12 3 9 4 6 1 13 14 7 5 2 0 11 
649,2.06252e-06,2.45738e-06,1.90498e-06,50,100,100,406936,10 8 12 3 9 4 6 1 13 14 7 5 2 0 11 
650,2.06581e-06,2.45738e-06,1.89992e-06,50,100,100,406936,10 8 12 3 9 4 6 1 13 14 7 5 2 0 11 
651,2.06259e-06,2.45738e-06,1.90474e-06,50,100,100,406936,10 8 12 3 9 4 6 1 13 14 7 5 2 0 11 
652,2.06592e-06,2.45738e-06,1.91272e-06,50,100,100,406936,10 8 12 3 9 4 6 1 13 14 7 5 2 0 11 
653,2.05453e-06,2.45738e-06,1.8996e-06,50,100,100,406936,10 8 12 3 9 4 6 1 13 14 7 5 2 0 11 
654,2.04602e-06,2.45738e-06,1.89547e-06,50,100,100,406936,10 8 12 3 9 4 6 1 13 14 7 5 2 0 11 
655,2.06018e-06,2.45738e-06,1.91533e-06,50,100,100,406936,10 8 12 3 9 4 6 1 13 14 7 5 2 0 11 
656,2.06265e-06,2.45738e-06,1.95317e-06,50,100,100,406936,10 8 12 3 9 4 6 1 13 14 7 5 2 0 11 
657,2.06148e-06,2.45738e-06,1.90871e-06,50,100,100,406936,10 8 12 3 9 4 6 1 13 14 7 5 2 0 11 
658,2.06763e-06,2.45738e-06,1.907e-06,50,100,100,406936,10 8 12 3 9 4 6 1 13 14 7 5 2 0 11 
659,2.06476e-06,2.45738e-06,1.92583e-06,50,100,100,406936,10 8 12 3 9 4 6 1 13 14 7 5 2 0 11 
660,2.05975e-06,2.45738e-06,1.90341e-06,50,100,100,406936,10 8 12 3 9 4 6 1 13 14 7 5 2 0 11 
661,2.06086e-06,2.45738e-06,1.92005e-06,50,100,100,406936,10 8 12 3 9 4 6 1 13 14 7 5 2 0 11 
662,2.06155e-06,2.45738e-06,1.87895e-06,50,100,100,406936,10 8 12 3 9 4 6 1 13 14 7 5 2 0 11 
663,2.07105e-06,2.45738e-06,1.94626e-06,50,100,100,406936,10 8 12 3 9 4 6 1 13 14 7 5 2 0 11 
664,2.05925e-06,2.45738e-06,1.89071e-06,50,100,100,406936,10 8 12 3 9 4 6 1 13 14 7 5 2 0 11 
665,2.05741e-06,2.45738e-06,1.90874e-06,50,100,100,406936,10 8 12 3 9 4 6 1 13 14 7 5 2 0 11 
666,2.07302e-06,2.45738e-06,1.91637e-06,50,100,100,406936,10 8 12 3 9 4 6 1 13 14 7 5 2 0 11 
667,2.07632e-06,2.45738e-06,1.96977e-06,50,100,100,406936,10 8 12 3 9 4 6 1 13 14 7 5 2 0 11 
668,2.07225e-06,2.45738e-06,1.93227e-06,50,100,100,406936,10 8 12 3 9 4 6 1 13 14 7 5 2 0 11 
669,2.06281e-06,2.45738e-06,1.93329e-06,50,100,100,406936,10 8 12 3 9 4 6 1 13 14 7 5 2 0 11 
670,2.05428e-06,2.45738e-06,1.92885e-06,50,100,100,406936,10 8 12 3 9 4 6 1 13 14 7 5 2 0 11 
671,2.06696e-06,2.45738e-06,1.91667e-06,50,100,100,406936,10 8 12 3 9 4 6 1 13 14 7 5 2 0 11 
672,2.05798e-06,2.45738e-06,1.8986e-06,50,100,100,406936,10 8 12 3 9 4 6 1 13 14 7 5 2 0 11 
673,2.07699e-06,2.45738e-06,1.90241e-06,50,100,100,406936,10 8 12 3 9 4 6 1 13 14 7 5 2 0 11 
674,2.05878e-06,2.45738e-06,1.92145e-06,50,100,100,406936,10 8 12 3 9 4 6 1 13 14 7 5 2 0 11 
675,2.05584e-06,2.45738e-06,1.902e-06,50,100,100,406936,10 8 12 3 9 4 6 1 13 14 7 5 2 0 11 
676,2.06289e-06,2.45738e-06,1.88098e-06,50,100,100,406936,10 8 12 3 9 4 6 1 13 14 7 5 2 0 11 
677,2.07311e-06,2.45738e-06,1.91787e-06,50,100,100,406936,10 8 12 3 9 4 6 1 13 14 7 5 2 0 11 
678,2.0694e-06,2.45738e-06,1.90426e-06,50,100,100,406936,10 8 12 3 9 4 6 1 13 14 7 5 2 0 11 
679,2.07044e-06,2.45738e-06,1.94136e-06,50,100,100,406936,10 8 12 3 9 4 6 1 13 14 7 5 2 0 11 
680,2.0666e-06,2.45738e-06,1.93609e-06,50,100,100,406936,10 8 12 3 9 4 6 1 13 14 7 5 2 0 11 
681,2.05402e-06,2.45738e-06,1.91737e-06,50,100,100,406936,10 8 12 3 9 4 6 1 13 14 7 5 2 0 11 
682,2.05121e-06,2.45738e-06,1.93199e-06,50,100,100,406936,10 8 12 3 9 4 6 1 13 14 7 5 2 0 11 
683,2.05466e-06,2.45738e-06,1.92109e-06,50,100,100,406936,10 8 12 3 9 4 6 1 13 14 7 5 2 0 11 
684,2.05602e-06,2.45738e-06,1.89904e-06,50,100,100,406936,10 8 12 3 9 4 6 1 13 14 7 5 2 0 11 
685,2.0662e-06,2.45738e-06,1.92702e-06,50,100,100,406936,10 8 12 3 9 4 6 1 13 14 7 5 2 0 11 
686,2.06019e-06,2.45738e-06,1.91415e-06,50,100,100,406936,10 8 12 3 9 4 6 1 13 14 7 5 2 0 11 
687,2.06093e-06,2.45738e-06,1.90479e-06,50,100,100,406936,10 8 12 3 9 4 6 1 13 14 7 5 2 0 11 
688,2.05367e-06,2.45738e-06,1.91236e-06,50,100,100,406936,10 8 12 3 9 4 6 1 13 14 7 5 2 0 11 
689,2.06184e-06,2.45738e-06,1.8821e-06,50,100,100,406936,10 8 12 3 9 4 6 1 13 14 7 5 2 0 11 
690,2.0669e-06,2.45738e-06,1.90928e-06,50,100,100,406936,10 8 12 3 9 4 6 1 13 14 7 5 2 0 11 
691,2.05706e-06,2.45738e-06,1.89286e-06,50,100,100,406936,10 8 12 3 9 4 6 1 13 14 7 5 2 0 11 
692,2.0629e-06,2.45738e-06,1.93172e-06,50,100,100,406936,10 8 12 3 9 4 6 1 13 14 7 5 2 0 11 
693,2.05937e-06,2.45738e-06,1.8863e-06,50,100,100,406936,10 8 12 3 9 4 6 1 13 14 7 5 2 0 11 
694,2.05282e-06,2.45738e-06,1.92224e-06,50,100,100,406936,10 8 12 3 9 4 6 1 13 14 7 5 2 0 11 
695,2.04762e-06,2.45738e-06,1.886e-06,50,100,100,406936,10 8 12 3 9 4 6 1 13 14 7 5 2 0 11 
696,2.06006e-06,2.45738e-06,1.89666e-06,50,100,100,406936,10 8 12 3 9 4 6 1 13 14 7 5 2 0 11 
697,2.05841e-06,2.45738e-06,1.90522e-06,50,100,100,406936,10 8 12 3 9 4 6 1 13 14 7 5 2 0 11 
698,2.06201e-06,2.45738e-06,1.8985e-06,50,100,100,406936,10 8 12 3 9 4 6 1 13 14 7 5 2 0 11 
699,2.05642e-06,2.45738e-06,1.85185e-06,50,100,100,406936,10 8 12 3 9 4 6 1 13 14 7 5 2 0 11 
700,2.06683e-06,2.45738e-06,1.92624e-06,50,100,100,406936,10 8 12 3 9 4 6 1 13 14 7 5 2 0 11 
701,2.05818e-06,2.45738e-06,1.92013e-06,50,100,100,406936,10 8 12 3 9 4 6 1 13 14 7 5 2 0 11 
702,2.05773e-06,2.45738e-06,1.87764e-06,50,100,100,406936,10 8 12 3 9 4 6 1 13 14 7 5 2 0 11 
703,2.06679e-06,2.45738e-06,1.91073e-06,50,100,100,406936,10 8 12 3 9 4 6 1 13 14 7 5 2 0 11 
704,2.06513e-06,2.45738e-06,1.90971e-06,50,100,100,406936,10 8 12 3 9 4 6 1 13 14 7 5 2 0 11 
705,2.05749e-06,2.45738e-06,1.90982e-06,50,100,100,406936,10 8 12 3 9 4 6 1 13 14 7 5 2 0 11 
706,2.05587e-06,2.45738e-06,1.9003e-06,50,100,100,406936,10 8 12 3 9 4 6 1 13 14 7 5 2 0 11 
707,2.0532e-06,2.45738e-06,1.91626e-06,50,100,100,406936,10 8 12 3 9 4 6 1 13 14 7 5 2 0 11 
708,2.05742e-06,2.45738e-06,1.90308e-06,50,100,100,406936,10 8 12 3 9 4 6 1 13 14 7 5 2 0 11 
709,2.05822e-06,2.45738e-06,1.91179e-06,50,100,100,406936,10 8 12 3 9 4 6 1 13 14 7 5 2 0 11 
710,2.05388e-06,2.45738e-06,1.8795e-06,50,100,100,406936,10 8 12 3 9 4 6 1 13 14 7 5 2 0 11 
711,2.05423e-06,2.45738e-06,1.89308e-06,50,100,100,406936,10 8 12 3 9 4 6 1 13 14 7 5 2 0 11 
712,2.05638e-06,2.45738e-06,1.94193e-06,50,100,100,406936,10 8 12 3 9 4 6 1 13 14 7 5 2 0 11 
713,2.06203e-06,2.45738e-06,1.90773e-06,50,100,100,406936,10 8 12 3 9 4 6 1 13 14 7 5 2 0 11 
714,2.07085e-06,2.45738e-06,1.8936e-06,50,100,100,406936,10 8 12 3 9 4 6 1 13 14 7 5 2 0 11 
715,2.06562e-06,2.45738e-06,1.91806e-06,50,100,100,406936,10 8 12 3 9 4 6 1 13 14 7 5 2 0 11 
716,2.07044e-06,2.45738e-06,1.94802e-06,50,100,100,406936,10 8 12 3 9 4 6 1 13 14 7 5 2 0 11 
717,2.07758e-06,2.45738e-06,1.95001e-06,50,100,100,406936,10 8 12 3 9 4 6 1 13 14 7 5 2 0 11 
718,2.0755e-06,2.45738e-06,1.93221e-06,50,100,100,406936,10 8 12 3 9 4 6 1 13 14 7 5 2 0 11 
719,2.07528e-06,2.45738e-06,1.89994e-06,50,100,100,406936,10 8 12 3 9 4 6 1 13 14 7 5 2 0 11 
720,2.07647e-06,2.45738e-06,1.91018e-06,50,100,100,406936,10 8 12 3 9 4 6 1 13 14 7 5 2 0 11 
721,2.07438e-06,2.45738e-06,1.89324e-06,50,100,100,406936,10 8 12 3 9 4 6 1 13 14 7 5 2 0 11 
722,2.08463e-06,2.45738e-06,1.91546e-06,50,100,100,406936,10 8 12 3 9 4 6 1 13 14 7 5 2 0 11 
723,2.07363e-06,2.45738e-06,1.91219e-06,50,100,100,406936,10 8 12 3 9 4 6 1 13 14 7 5 2 0 11 
724,2.06401e-06,2.45738e-06,1.87435e-06,50,100,100,406936,10 8 12 3 9 4 6 1 13 14 7 5 2 0 11 
725,2.05718e-06,2.45738e-06,1.92624e-06,50,100,100,406936,10 8 12 3 9 4 6 1 13 14 7 5 2 0 11 
726,2.07165e-06,2.45738e-06,1.94302e-06,50,100,100,406936,10 8 12 3 9 4 6 1 13 14 7 5 2 0 11 
727,2.08252e-06,2.45738e-06,1.95471e-06,50,100,100,406936,10 8 12 3 9 4 6 1 13 14 7 5 2 0 11 
728,2.08087e-06,2.45738e-06,1.91853e-06,50,100,100,406936,10 8 12 3 9 4 6 1 13 14 7 5 2 0 11 
729,2.07058e-06,2.45738e-06,1.90585e-06,50,100,100,406936,10 8 12 3 9 4 6 1 13 14 7 5 2 0 11 
730,2.08275e-06,2.45738e-06,1.91405e-06,50,100,100,406936,10 8 12 3 9 4 6 1 13 14 7 5 2 0 11 
731,2.08714e-06,2.45738e-06,1.91842e-06,50,100,100,406936,10 8 12 3 9 4 6 1 13 14 7 5 2 0 11 
732,2.08873e-06,2.45738e-06,1.92936e-06,50,100,100,406936,10 8 12 3 9 4 6 1 13 14 7 5 2 0 11 
733,2.07232e-06,2.45738e-06,1.92181e-06,50,100,100,406936,10 8 12 3 9 4 6 1 13 14 7 5 2 0 11 
734,2.09666e-06,2.45738e-06,1.89984e-06,50,100,100,406936,10 8 12 3 9 4 6 1 13 14 7 5 2 0 11 
735,2.09129e-06,2.45738e-06,1.9135e-06,50,100,100,406936,10 8 12 3 9 4 6 1 13 14 7 5 2 0 11 
736,2.08627e-06,2.45738e-06,1.94607e-06,50,100,100,406936,10 8 12 3 9 4 6 1 13 14 7 5 2 0 11 
737,2.08321e-06,2.45738e-06,1.9194e-06,50,100,100,406936,10 8 12 3 9 4 6 1 13 14 7 5 2 0 11 
738,2.07772e-06,2.45738e-06,1.90109e-06,50,100,100,406936,10 8 12 3 9 4 6 1 13 14 7 5 2 0 11 
739,2.05953e-06,2.45738e-06,1.87902e-06,50,100,100,406936,10 8 12 3 9 4 6 1 13 14 7 5 2 0 11 
740,2.05687e-06,2.45738e-06,1.90968e-06,50,100,100,406936,10 8 12 3 9 4 6 1 13 14 7 5 2 0 11 
741,2.06883e-06,2.45738e-06,1.90938e-06,50,100,100,406936,10 8 12 3 9 4 6 1 13 14 7 5 2 0 11 
742,2.0684e-06,2.45738e-06,1.91583e-06,50,100,100,406936,10 8 12 3 9 4 6 1 13 14 7 5 2 0 11 
743,2.07307e-06,2.45738e-06,1.90874e-06,50,100,100,406936,10 8 12 3 9 4 6 1 13 14 7 5 2 0 11 
744,2.06391e-06,2.45738e-06,1.92625e-06,50,100,100,406936,10 8 12 3 9 4 6 1 13 14 7 5 2 0 11 
745,2.07197e-06,2.45738e-06,1.91077e-06,50,100,100,406936,10 8 12 3 9 4 6 1 13 14 7 5 2 0 11 
746,2.05075e-06,2.45738e-06,1.89555e-06,50,100,100,406936,10 8 12 3 9 4 6 1 13 14 7 5 2 0 11 
747,2.05431e-06,2.45738e-06,1.89088e-06,50,100,100,406936,10 8 12 3 9 4 6 1 13 14 7 5 2 0 11 
748,2.06573e-06,2.45738e-06,1.90039e-06,50,100,100,406936,10 8 12 3 9 4 6 1 13 14 7 5 2 0 11 
749,2.07475e-06,2.45738e-06,1.91568e-06,50,100,100,406936,10 8 12 3 9 4 6 1 13 14 7 5 2 0 11 
750,2.07164e-06,2.45738e-06,1.8625e-06,50,100,100,406936,10 8 12 3 9 4 6 1 13 14 7 5 2 0 11 
751,2.06551e-06,2.45738e-06,1.86012e-06,50,100,100,406936,10 8 12 3 9 4 6 1 13 14 7 5 2 0 11 
752,2.06679e-06,2.45738e-06,1.92436e-06,50,100,100,406936,10 8 12 3 9 4 6 1 13 14 7 5 2 0 11 
753,2.05708e-06,2.45738e-06,1.90952e-06,50,100,100,406936,10 8 12 3 9 4 6 1 13 14 7 5 2 0 11 
754,2.07445e-06,2.45738e-06,1.92531e-06,50,100,100,406936,10 8 12 3 9 4 6 1 13 14 7 5 2 0 11 
755,2.07251e-06,2.45738e-06,1.89406e-06,50,100,100,406936,10 8 12 3 9 4 6 1 13 14 7 5 2 0 11 
756,2.07939e-06,2.45738e-06,1.92872e-06,50,100,100,406936,10 8 12 3 9 4 6 1 13 14 7 5 2 0 11 
757,2.07606e-06,2.45738e-06,1.91387e-06,50,100,100,406936,10 8 12 3 9 4 6 1 13 14 7 5 2 0 11 
758,2.08268e-06,2.45738e-06,1.96338e-06,50,100,100,406936,10 8 12 3 9 4 6 1 13 14 7 5 2 0 11 
759,2.0867e-06,2.45738e-06,1.92466e-06,50,100,100,406936,10 8 12 3 9 4 6 1 13 14 7 5 2 0 11 
760,2.06313e-06,2.45738e-06,1.86071e-06,50,100,100,406936,10 8 12 3 9 4 6 1 13 14 7 5 2 0 11 
761,2.06257e-06,2.45738e-06,1.88941e-06,50,100,100,406936,10 8 12 3 9 4 6 1 13 14 7 5 2 0 11 
762,2.05571e-06,2.45738e-06,1.89199e-06,50,100,100,406936,10 8 12 3 9 4 6 1 13 14 7 5 2 0 11 
763,2.06445e-06,2.45738e-06,1.91776e-06,50,100,100,406936,10 8 12 3 9 4 6 1 13 14 7 5 2 0 11 
764,2.07325e-06,2.45738e-06,1.89839e-06,50,100,100,406936,10 8 12 3 9 4 6 1 13 14 7 5 2 0 11 
765,2.07524e-06,2.45738e-06,1.90959e-06,50,100,100,406936,10 8 12 3 9 4 6 1 13 14 7 5 2 0 11 
766,2.06297e-06,2.45738e-06,1.91132e-06,50,100,100,406936,10 8 12 3 9 4 6 1 13 14 7 5 2 0 11 
767,2.06533e-06,2.45738e-06,1.93095e-06,50,100,100,406936,10 8 12 3 9 4 6 1 13 14 7 5 2 0 11 
768,2.05652e-06,2.45738e-06,1.9111e-06,50,100,100,406936,10 8 12 3 9 4 6 1 13 14 7 5 2 0 11 
769,2.06752e-06,2.45738e-06,1.91027e-06,50,100,100,406936,10 8 12 3 9 4 6 1 13 14 7 5 2 0 11 
770,2.04809e-06,2.45738e-06,1.89912e-06,50,100,100,406936,10 8 12 3 9 4 6 1 13 14 7 5 2 0 11 
771,2.062e-06,2.45738e-06,1.91885e-06,50,100,100,406936,10 8 12 3 9 4 6 1 13 14 7 5 2 0 11 
772,2.06238e-06,2.45738e-06,1.91612e-06,50,100,100,406936,10 8 12 3 9 4 6 1 13 14 7 5 2 0 11 
773,2.06176e-06,2.45738e-06,1.91453e-06,50,100,100,406936,10 8 12 3 9 4 6 1 13 14 7 5 2 0 11 
774,2.07065e-06,2.45738e-06,1.89638e-06,50,100,100,406936,10 8 12 3 9 4 6 1 13 14 7 5 2 0 11 
775,2.06376e-06,2.45738e-06,1.93265e-06,50,100,100,406936,10 8 12 3 9 4 6 1 13 14 7 5 2 0 11 
776,2.06142e-06,2.45738e-06,1.88641e-06,50,100,100,406936,10 8 12 3 9 4 6 1 13 14 7 5 2 0 11 
777,2.04999e-06,2.45738e-06,1.88804e-06,50,100,100,406936,10 8 12 3 9 4 6 1 13 14 7 5 2 0 11 
778,2.06119e-06,2.45738e-06,1.90003e-06,50,100,100,406936,10 8 12 3 9 4 6 1 13 14 7 5 2 0 11 
779,2.07168e-06,2.45738e-06,1.89178e-06,50,100,100,406936,10 8 12 3 9 4 6 1 13 14 7 5 2 0 11 
780,2.06672e-06,2.45738e-06,1.9267e-06,50,100,100,406936,10 8 12 3 9 4 6 1 13 14 7 5 2 0 11 
781,2.06327e-06,2.45738e-06,1.91365e-06,50,100,100,406936,10 8 12 3 9 4 6 1 13 14 7 5 2 0 11 
782,2.07152e-06,2.45738e-06,1.92157e-06,50,100,100,406936,10 8 12 3 9 4 6 1 13 14 7 5 2 0 11 
783,2.06883e-06,2.45738e-06,1.93425e-06,50,100,100,406936,10 8 12 3 9 4 6 1 13 14 7 5 2 0 11 
784,2.06552e-06,2.45738e-06,1.93391e-06,50,100,100,406936,10 8 12 3 9 4 6 1 13 14 7 5 2 0 11 
785,2.07225e-06,2.45738e-06,1.89536e-06,50,100,100,406936,10 8 12 3 9 4 6 1 13 14 7 5 2 0 11 
786,2.06442e-06,2.45738e-06,1.88366e-06,50,100,100,406936,10 8 12 3 9 4 6 1 13 14 7 5 2 0 11 
787,2.06843e-06,2.45738e-06,1.90937e-06,50,100,100,406936,10 8 12 3 9 4 6 1 13 14 7 5 2 0 11 
788,2.05336e-06,2.45738e-06,1.90115e-06,50,100,100,406936,10 8 12 3 9 4 6 1 13 14 7 5 2 0 11 
789,2.05027e-06,2.45738e-06,1.90945e-06,50,100,100,406936,10 8 12 3 9 4 6 1 13 14 7 5 2 0 11 
790,2.06068e-06,2.45738e-06,1.89116e-06,50,100,100,406936,10 8 12 3 9 4 6 1 13 14 7 5 2 0 11 
791,2.06825e-06,2.45738e-06,1.9355e-06,50,100,100,406936,10 8 12 3 9 4 6 1 13 14 7 5 2 0 11 
792,2.04998e-06,2.45738e-06,1.90522e-06,50,100,100,406936,10 8 12 3 9 4 6 1 13 14 7 5 2 0 11 
793,2.0669e-06,2.45738e-06,1.92455e-06,50,100,100,406936,10 8 12 3 9 4 6 1 13 14 7 5 2 0 11 
794,2.06558e-06,2.45738e-06,1.93962e-06,50,100,100,406936,10 8 12 3 9 4 6 1 13 14 7 5 2 0 11 
795,2.07236e-06,2.45738e-06,1.92024e-06,50,100,100,406936,10 8 12 3 9 4 6 1 13 14 7 5 2 0 11 
796,2.07368e-06,2.45738e-06,1.8872e-06,50,100,100,406936,10 8 12 3 9 4 6 1 13 14 7 5 2 0 11 
797,2.05827e-06,2.45738e-06,1.92078e-06,50,100,100,406936,10 8 12 3 9 4 6 1 13 14 7 5 2 0 11 
798,2.0691e-06,2.45738e-06,1.92866e-06,50,100,100,406936,10 8 12 3 9 4 6 1 13 14 7 5 2 0 11 
799,2.05005e-06,2.45738e-06,1.89134e-06,50,100,100,406936,10 8 12 3 9 4 6 1 13 14 7 5 2 0 11 
800,2.05603e-06,2.45738e-06,1.90144e-06,50,100,100,406936,10 8 12 3 9 4 6 1 13 14 7 5 2 0 11 
801,2.05389e-06,2.45738e-06,1.88818e-06,50,100,100,406936,10 8 12 3 9 4 6 1 13 14 7 5 2 0 11 
802,2.06364e-06,2.45738e-06,1.90816e-06,50,100,100,406936,10 8 12 3 9 4 6 1 13 14 7 5 2 0 11 
803,2.05949e-06,2.45738e-06,1.8905e-06,50,100,100,406936,10 8 12 3 9 4 6 1 13 14 7 5 2 0 11 
804,2.06351e-06,2.45738e-06,1.92178e-06,50,100,100,406936,10 8 12 3 9 4 6 1 13 14 7 5 2 0 11 
805,2.06681e-06,2.45738e-06,1.91692e-06,50,100,100,406936,10 8 12 3 9 4 6 1 13 14 7 5 2 0 11 
806,2.07606e-06,2.45738e-06,1.92787e-06,50,100,100,406936,10 8 12 3 9 4 6 1 13 14 7 5 2 0 11 
807,2.06978e-06,2.45738e-06,1.89924e-06,50,100,100,406936,10 8 12 3 9 4 6 1 13 14 7 5 2 0 11 
808,2.06691e-06,2.45738e-06,1.9017e-06,50,100,100,406936,10 8 12 3 9 4 6 1 13 14 7 5 2 0 11 
809,2.07789e-06,2.45738e-06,1.94486e-06,50,100,100,406936,10 8 12 3 9 4 6 1 13 14 7 5 2 0 11 
810,2.06969e-06,2.45738e-06,1.89871e-06,50,100,100,406936,10 8 12 3 9 4 6 1 13 14 7 5 2 0 11 
811,2.05832e-06,2.45738e-06,1.91748e-06,50,100,100,406936,10 8 12 3 9 4 6 1 13 14 7 5 2 0 11 
812,2.04894e-06,2.45738e-06,1.9045e-06,50,100,100,406936,10 8 12 3 9 4 6 1 13 14 7 5 2 0 11 
813,2.06142e-06,2.45738e-06,1.9067e-06,50,100,100,406936,10 8 12 3 9 4 6 1 13 14 7 5 2 0 11 
814,2.05867e-06,2.45738e-06,1.87159e-06,50,100,100,406936,10 8 12 3 9 4 6 1 13 14 7 5 2 0 11 
815,2.05201e-06,2.45738e-06,1.9203e-06,50,100,100,406936,10 8 12 3 9 4 6 1 13 14 7 5 2 0 11 
816,2.06683e-06,2.45738e-06,1.94363e-06,50,100,100,406936,10 8 12 3 9 4 6 1 13 14 7 5 2 0 11 
817,2.05622e-06,2.45738e-06,1.88971e-06,50,100,100,406936,10 8 12 3 9 4 6 1 13 14 7 5 2 0 11 
818,2.0556e-06,2.45738e-06,1.91311e-06,50,100,100,406936,10 8 12 3 9 4 6 1 13 14 7 5 2 0 11 
819,2.06404e-06,2.45738e-06,1.89045e-06,50,100,100,406936,10 8 12 3 9 4 6 1 13 14 7 5 2 0 11 
820,2.0636e-06,2.45738e-06,1.92097e-06,50,100,100,406936,10 8 12 3 9 4 6 1 13 14 7 5 2 0 11 
821,2.0705e-06,2.45738e-06,1.87737e-06,50,100,100,406936,10 8 12 3 9 4 6 1 13 14 7 5 2 0 11 
822,2.07119e-06,2.45738e-06,1.90682e-06,50,100,100,406936,10 8 12 3 9 4 6 1 13 14 7 5 2 0 11 
823,2.06186e-06,2.45738e-06,1.86837e-06,50,100,100,406936,10 8 12 3 9 4 6 1 13 14 7 5 2 0 11 
824,2.05995e-06,2.45738e-06,1.91838e-06,50,100,100,406936,10 8 12 3 9 4 6 1 13 14 7 5 2 0 11 
825,2.05502e-06,2.45738e-06,1.91714e-06,50,100,100,406936,10 8 12 3 9 4 6 1 13 14 7 5 2 0 11 
826,2.0564e-06,2.45738e-06,1.88999e-06,50,100,100,406936,10 8 12 3 9 4 6 1 13 14 7 5 2 0 11 
827,2.06414e-06,2.45738e-06,1.91673e-06,50,100,100,406936,10 8 12 3 9 4 6 1 13 14 7 5 2 0 11 
828,2.06425e-06,2.45738e-06,1.92649e-06,50,100,100,406936,10 8 12 3 9 4 6 1 13 14 7 5 2 0 11 
829,2.06799e-06,2.45738e-06,1.92207e-06,50,100,100,406936,10 8 12 3 9 4 6 1 13 14 7 5 2 0 11 
830,2.06533e-06,2.45738e-06,1.91588e-06,50,100,100,406936,10 8 12 3 9 4 6 1 13 14 7 5 2 0 11 
831,2.07161e-06,2.45738e-06,1.93704e-06,50,100,100,406936,10 8 12 3 9 4 6 1 13 14 7 5 2 0 11 
832,2.07053e-06,2.45738e-06,1.86776e-06,50,100,100,406936,10 8 12 3 9 4 6 1 13 14 7 5 2 0 11 
833,2.06442e-06,2.45738e-06,1.87755e-06,50,100,100,406936,10 8 12 3 9 4 6 1 13 14 7 5 2 0 11 
834,2.0684e-06,2.45738e-06,1.8994e-06,50,100,100,406936,10 8 12 3 9 4 6 1 13 14 7 5 2 0 11 
835,2.06582e-06,2.45738e-06,1.91991e-06,50,100,100,406936,10 8 12 3 9 4 6 1 13 14 7 5 2 0 11 
836,2.06077e-06,2.45738e-06,1.92394e-06,50,100,100,406936,10 8 12 3 9 4 6 1 13 14 7 5 2 0 11 
837,2.06445e-06,2.45738e-06,1.89263e-06,50,100,100,406936,10 8 12 3 9 4 6 1 13 14 7 5 2 0 11 
838,2.06915e-06,2.45738e-06,1.93694e-06,50,100,100,406936,10 8 12 3 9 4 6 1 13 14 7 5 2 0 11 
839,2.06593e-06,2.45738e-06,1.89035e-06,50,100,100,406936,10 8 12 3 9 4 6 1 13 14 7 5 2 0 11 
840,2.05589e-06,2.45738e-06,1.9087e-06,50,100,100,406936,10 8 12 3 9 4 6 1 13 14 7 5 2 0 11 
841,2.07453e-06,2.45738e-06,1.89764e-06,50,100,100,406936,10 8 12 3 9 4 6 1 13 14 7 5 2 0 11 
842,2.07817e-06,2.45738e-06,1.89144e-06,50,100,100,406936,10 8 12 3 9 4 6 1 13 14 7 5 2 0 11 
843,2.05586e-06,2.45738e-06,1.89862e-06,50,100,100,406936,10 8 12 3 9 4 6 1 13 14 7 5 2 0 11 
844,2.05376e-06,2.45738e-06,1.90472e-06,50,100,100,406936,10 8 12 3 9 4 6 1 13 14 7 5 2 0 11 
845,2.04889e-06,2.45738e-06,1.91776e-06,50,100,100,406936,10 8 12 3 9 4 6 1 13 14 7 5 2 0 11 
846,2.05162e-06,2.45738e-06,1.91904e-06,50,100,100,406936,10 8 12 3 9 4 6 1 13 14 7 5 2 0 11 
847,2.04688e-06,2.45738e-06,1.90296e-06,50,100,100,406936,10 8 12 3 9 4 6 1 13 14 7 5 2 0 11 
848,2.06157e-06,2.45738e-06,1.92843e-06,50,100,100,406936,10 8 12 3 9 4 6 1 13 14 7 5 2 0 11 
849,2.06673e-06,2.45738e-06,1.90065e-06,50,100,100,406936,10 8 12 3 9 4 6 1 13 14 7 5 2 0 11 
850,2.06904e-06,2.45738e-06,1.90325e-06,50,100,100,406936,10 8 12 3 9 4 6 1 13 14 7 5 2 0 11 
851,2.06579e-06,2.45738e-06,1.91717e-06,50,100,100,406936,10 8 12 3 9 4 6 1 13 14 7 5 2 0 11 
852,2.08828e-06,2.45738e-06,1.94905e-06,50,100,100,406936,10 8 12 3 9 4 6 1 13 14 7 5 2 0 11 
853,2.07979e-06,2.45738e-06,1.9162e-06,50,100,100,406936,10 8 12 3 9 4 6 1 13 14 7 5 2 0 11 
854,2.08211e-06,2.45738e-06,1.90726e-06,50,100,100,406936,10 8 12 3 9 4 6 1 13 14 7 5 2 0 11 
855,2.07788e-06,2.45738e-06,1.90693e-06,50,100,100,406936,10 8 12 3 9 4 6 1 13 14 7 5 2 0 11 
856,2.06201e-06,2.45738e-06,1.8959e-06,50,100,100,406936,10 8 12 3 9 4 6 1 13 14 7 5 2 0 11 
857,2.05931e-06,2.45738e-06,1.91058e-06,50,100,100,406936,10 8 12 3 9 4 6 1 13 14 7 5 2 0 11 
858,2.06524e-06,2.45738e-06,1.87188e-06,50,100,100,406936,10 8 12 3 9 4 6 1 13 14 7 5 2 0 11 
859,2.07549e-06,2.45738e-06,1.90376e-06,50,100,100,406936,10 8 12 3 9 4 6 1 13 14 7 5 2 0 11 
860,2.07657e-06,2.45738e-06,1.93295e-06,50,100,100,406936,10 8 12 3 9 4 6 1 13 14 7 5 2 0 11 
861,2.06453e-06,2.45738e-06,1.91441e-06,50,100,100,406936,10 8 12 3 9 4 6 1 13 14 7 5 2 0 11 
862,2.05077e-06,2.45738e-06,1.92657e-06,50,100,100,406936,10 8 12 3 9 4 6 1 13 14 7 5 2 0 11 
863,2.05486e-06,2.45738e-06,1.88952e-06,50,100,100,406936,10 8 12 3 9 4 6 1 13 14 7 5 2 0 11 
864,2.05565e-06,2.45738e-06,1.86794e-06,50,100,100,406936,10 8 12 3 9 4 6 1 13 14 7 5 2 0 11 
865,2.05907e-06,2.45738e-06,1.91397e-06,50,100,100,406936,10 8 12 3 9 4 6 1 13 14 7 5 2 0 11 
866,2.06622e-06,2.45738e-06,1.87516e-06,50,100,100,406936,10 8 12 3 9 4 6 1 13 14 7 5 2 0 11 
867,2.07003e-06,2.45738e-06,1.93629e-06,50,100,100,406936,10 8 12 3 9 4 6 1 13 14 7 5 2 0 11 
868,2.06168e-06,2.45738e-06,1.90577e-06,50,100,100,406936,10 8 12 3 9 4 6 1 13 14 7 5 2 0 11 
869,2.06724e-06,2.45738e-06,1.90957e-06,50,100,100,406936,10 8 12 3 9 4 6 1 13 14 7 5 2 0 11 
870,2.05329e-06,2.45738e-06,1.89111e-06,50,100,100,406936,10 8 12 3 9 4 6 1 13 14 7 5 2 0 11 
871,2.05744e-06,2.45738e-06,1.89434e-06,50,100,100,406936,10 8 12 3 9 4 6 1 13 14 7 5 2 0 11 
872,2.05326e-06,2.45738e-06,1.91613e-06,50,100,100,406936,10 8 12 3 9 4 6 1 13 14 7 5 2 0 11 
873,2.05439e-06,2.45738e-06,1.88738e-06,50,100,100,406936,10 8 12 3 9 4 6 1 13 14 7 5 2 0 11 
874,2.0584e-06,2.45738e-06,1.91002e-06,50,100,100,406936,10 8 12 3 9 4 6 1 13 14 7 5 2 0 11 
875,2.05932e-06,2.45738e-06,1.90621e-06,50,100,100,406936,10 8 12 3 9 4 6 1 13 14 7 5 2 0 11 
876,2.07047e-06,2.45738e-06,1.93598e-06,50,100,100,406936,10 8 12 3 9 4 6 1 13 14 7 5 2 0 11 
877,2.05312e-06,2.45738e-06,1.86376e-06,50,100,100,406936,10 8 12 3 9 4 6 1 13 14 7 5 2 0 11 
878,2.03378e-06,2.45738e-06,1.86417e-06,50,100,100,406936,10 8 12 3 9 4 6 1 13 14 7 5 2 0 11 
879,2.05281e-06,2.45738e-06,1.89597e-06,50,100,100,406936,10 8 12 3 9 4 6 1 13 14 7 5 2 0 11 
880,2.06371e-06,2.45738e-06,1.93582e-06,50,100,100,406936,10 8 12 3 9 4 6 1 13 14 7 5 2 0 11 
881,2.05823e-06,2.45738e-06,1.89498e-06,50,100,100,406936,10 8 12 3 9 4 6 1 13 14 7 5 2 0 11 
882,2.0687e-06,2.45738e-06,1.93265e-06,50,100,100,406936,10 8 12 3 9 4 6 1 13 14 7 5 2 0 11 
883,2.0534e-06,2.45738e-06,1.9333e-06,50,100,100,406936,10 8 12 3 9 4 6 1 13 14 7 5 2 0 11 
884,2.05831e-06,2.45738e-06,1.90591e-06,50,100,100,406936,10 8 12 3 9 4 6 1 13 14 7 5 2 0 11 
885,2.05328e-06,2.45738e-06,1.91149e-06,50,100,100,406936,10 8 12 3 9 4 6 1 13 14 7 5 2 0 11 
886,2.04815e-06,2.45738e-06,1.89323e-06,50,100,100,406936,10 8 12 3 9 4 6 1 13 14 7 5 2 0 11 
887,2.05358e-06,2.45738e-06,1.92563e-06,50,100,100,406936,10 8 12 3 9 4 6 1 13 14 7 5 2 0 11 
888,2.0593e-06,2.45738e-06,1.92681e-06,50,100,100,406936,10 8 12 3 9 4 6 1 13 14 7 5 2 0 11 
889,2.04129e-06,2.45738e-06,1.91784e-06,50,100,100,406936,10 8 12 3 9 4 6 1 13 14 7 5 2 0 11 
890,2.04999e-06,2.45738e-06,1.91821e-06,50,100,100,406936,10 8 12 3 9 4 6 1 13 14 7 5 2 0 11 
891,2.05673e-06,2.45738e-06,1.91002e-06,50,100,100,406936,10 8 12 3 9 4 6 1 13 14 7 5 2 0 11 
892,2.06115e-06,2.45738e-06,1.88981e-06,50,100,100,406936,10 8 12 3 9 4 6 1 13 14 7 5 2 0 11 
893,2.05475e-06,2.45738e-06,1.87775e-06,50,100,100,406936,10 8 12 3 9 4 6 1 13 14 7 5 2 0 11 
894,2.05409e-06,2.45738e-06,1.89704e-06,50,100,100,406936,10 8 12 3 9 4 6 1 13 14 7 5 2 0 11 
895,2.06232e-06,2.45738e-06,1.90804e-06,50,100,100,406936,10 8 12 3 9 4 6 1 13 14 7 5 2 0 11 
896,2.06002e-06,2.45738e-06,1.88821e-06,50,100,100,406936,10 8 12 3 9 4 6 1 13 14 7 5 2 0 11 
897,2.07014e-06,2.45738e-06,1.88151e-06,50,100,100,406936,10 8 12 3 9 4 6 1 13 14 7 5 2 0 11 
898,2.06367e-06,2.45738e-06,1.91251e-06,50,100,100,406936,10 8 12 3 9 4 6 1 13 14 7 5 2 0 11 
899,2.05518e-06,2.45738e-06,1.87191e-06,50,100,100,406936,10 8 12 3 9 4 6 1 13 14 7 5 2 0 11 
900,2.06242e-06,2.45738e-06,1.92884e-06,50,100,100,406936,10 8 12 3 9 4 6 1 13 14 7 5 2 0 11 
901,2.06753e-06,2.45738e-06,1.8924e-06,50,100,100,406936,10 8 12 3 9 4 6 1 13 14 7 5 2 0 11 
902,2.06533e-06,2.45738e-06,1.9185e-06,50,100,100,406936,10 8 12 3 9 4 6 1 13 14 7 5 2 0 11 
903,2.06478e-06,2.45738e-06,1.93604e-06,50,100,100,406936,10 8 12 3 9 4 6 1 13 14 7 5 2 0 11 
904,2.06538e-06,2.45738e-06,1.90548e-06,50,100,100,406936,10 8 12 3 9 4 6 1 13 14 7 5 2 0 11 
905,2.06733e-06,2.45738e-06,1.91936e-06,50,100,100,406936,10 8 12 3 9 4 6 1 13 14 7 5 2 0 11 
906,2.06184e-06,2.45738e-06,1.9243e-06,50,100,100,406936,10 8 12 3 9 4 6 1 13 14 7 5 2 0 11 
907,2.06408e-06,2.45738e-06,1.9234e-06,50,100,100,406936,10 8 12 3 9 4 6 1 13 14 7 5 2 0 11 
908,2.06016e-06,2.45738e-06,1.89802e-06,50,100,100,406936,10 8 12 3 9 4 6 1 13 14 7 5 2 0 11 
909,2.0565e-06,2.45738e-06,1.93095e-06,50,100,100,406936,10 8 12 3 9 4 6 1 13 14 7 5 2 0 11 
910,2.06528e-06,2.45738e-06,1.94745e-06,50,100,100,406936,10 8 12 3 9 4 6 1 13 14 7 5 2 0 11 
911,2.05566e-06,2.45738e-06,1.90978e-06,50,100,100,406936,10 8 12 3 9 4 6 1 13 14 7 5 2 0 11 
912,2.0744e-06,2.45738e-06,1.89209e-06,50,100,100,406936,10 8 12 3 9 4 6 1 13 14 7 5 2 0 11 
913,2.06292e-06,2.45738e-06,1.89079e-06,50,100,100,406936,10 8 12 3 9 4 6 1 13 14 7 5 2 0 11 
914,2.06355e-06,2.45738e-06,1.89278e-06,50,100,100,406936,10 8 12 3 9 4 6 1 13 14 7 5 2 0 11 
915,2.05885e-06,2.45738e-06,1.90031e-06,50,100,100,406936,10 8 12 3 9 4 6 1 13 14 7 5 2 0 11 
916,2.06287e-06,2.45738e-06,1.88512e-06,50,100,100,406936,10 8 12 3 9 4 6 1 13 14 7 5 2 0 11 
917,2.06001e-06,2.45738e-06,1.94193e-06,50,100,100,406936,10 8 12 3 9 4 6 1 13 14 7 5 2 0 11 
918,2.05571e-06,2.45738e-06,1.89927e-06,50,100,100,406936,10 8 12 3 9 4 6 1 13 14 7 5 2 0 11 
919,2.06272e-06,2.45738e-06,1.90987e-06,50,100,100,406936,10 8 12 3 9 4 6 1 13 14 7 5 2 0 11 
920,2.0715e-06,2.45738e-06,1.92391e-06,50,100,100,406936,10 8 12 3 9 4 6 1 13 14 7 5 2 0 11 
921,2.06833e-06,2.45738e-06,1.88669e-06,50,100,100,406936,10 8 12 3 9 4 6 1 13 14 7 5 2 0 11 
922,2.05453e-06,2.45738e-06,1.92154e-06,50,100,100,406936,10 8 12 3 9 4 6 1 13 14 7 5 2 0 11 
923,2.06486e-06,2.45738e-06,1.91972e-06,50,100,100,406936,10 8 12 3 9 4 6 1 13 14 7 5 2 0 11 
924,2.06427e-06,2.45738e-06,1.92369e-06,50,100,100,406936,10 8 12 3 9 4 6 1 13 14 7 5 2 0 11 
925,2.06914e-06,2.45738e-06,1.92259e-06,50,100,100,406936,10 8 12 3 9 4 6 1 13 14 7 5 2 0 11 
926,2.0484e-06,2.45738e-06,1.91464e-06,50,100,100,406936,10 8 12 3 9 4 6 1 13 14 7 5 2 0 11 
927,2.04464e-06,2.45738e-06,1.91363e-06,50,100,100,406936,10 8 12 3 9 4 6 1 13 14 7 5 2 0 11 
928,2.05527e-06,2.45738e-06,1.88002e-06,50,100,100,406936,10 8 12 3 9 4 6 1 13 14 7 5 2 0 11 
929,2.06825e-06,2.45738e-06,1.9045e-06,50,100,100,406936,10 8 12 3 9 4 6 1 13 14 7 5 2 0 11 
930,2.06298e-06,2.45738e-06,1.9031e-06,50,100,100,406936,10 8 12 3 9 4 6 1 13 14 7 5 2 0 11 
931,2.05736e-06,2.45738e-06,1.89933e-06,50,100,100,406936,10 8 12 3 9 4 6 1 13 14 7 5 2 0 11 
932,2.06988e-06,2.45738e-06,1.94381e-06,50,100,100,406936,10 8 12 3 9 4 6 1 13 14 7 5 2 0 11 
933,2.07095e-06,2.45738e-06,1.91633e-06,50,100,100,406936,10 8 12 3 9 4 6 1 13 14 7 5 2 0 11 
934,2.06722e-06,2.45738e-06,1.93187e-06,50,100,100,406936,10 8 12 3 9 4 6 1 13 14 7 5 2 0 11 
935,2.06107e-06,2.45738e-06,1.92252e-06,50,100,100,406936,10 8 12 3 9 4 6 1 13 14 7 5 2 0 11 
936,2.06329e-06,2.45738e-06,1.92844e-06,50,100,100,406936,10 8 12 3 9 4 6 1 13 14 7 5 2 0 11 
937,2.0645e-06,2.45738e-06,1.918e-06,50,100,100,406936,10 8 12 3 9 4 6 1 13 14 7 5 2 0 11 
938,2.05974e-06,2.45738e-06,1.9223e-06,50,100,100,406936,10 8 12 3 9 4 6 1 13 14 7 5 2 0 11 
939,2.05692e-06,2.45738e-06,1.90983e-06,50,100,100,406936,10 8 12 3 9 4 6 1 13 14 7 5 2 0 11 
940,2.06234e-06,2.45738e-06,1.90082e-06,50,100,100,406936,10 8 12 3 9 4 6 1 13 14 7 5 2 0 11 
941,2.0559e-06,2.45738e-06,1.90266e-06,50,100,100,406936,10 8 12 3 9 4 6 1 13 14 7 5 2 0 11 
942,2.06427e-06,2.45738e-06,1.86828e-06,50,100,100,406936,10 8 12 3 9 4 6 1 13 14 7 5 2 0 11 
943,2.06272e-06,2.45738e-06,1.89013e-06,50,100,100,406936,10 8 12 3 9 4 6 1 13 14 7 5 2 0 11 
944,2.06833e-06,2.45738e-06,1.91091e-06,50,100,100,406936,10 8 12 3 9 4 6 1 13 14 7 5 2 0 11 
945,2.07519e-06,2.45738e-06,1.92157e-06,50,100,100,406936,10 8 12 3 9 4 6 1 13 14 7 5 2 0 11 
946,2.0638e-06,2.45738e-06,1.93857e-06,50,100,100,406936,10 8 12 3 9 4 6 1 13 14 7 5 2 0 11 
947,2.05422e-06,2.45738e-06,1.91947e-06,50,100,100,406936,10 8 12 3 9 4 6 1 13 14 7 5 2 0 11 
948,2.06864e-06,2.45738e-06,1.89404e-06,50,100,100,406936,10 8 12 3 9 4 6 1 13 14 7 5 2 0 11 
949,2.06368e-06,2.45738e-06,1.91221e-06,50,100,100,406936,10 8 12 3 9 4 6 1 13 14 7 5 2 0 11 
950,2.07602e-06,2.45738e-06,1.93602e-06,50,100,100,406936,10 8 12 3 9 4 6 1 13 14 7 5 2 0 11 
951,2.07762e-06,2.45738e-06,1.9086e-06,50,100,100,406936,10 8 12 3 9 4 6 1 13 14 7 5 2 0 11 
952,2.07401e-06,2.45738e-06,1.90715e-06,50,100,100,406936,10 8 12 3 9 4 6 1 13 14 7 5 2 0 11 
953,2.07768e-06,2.45738e-06,1.9221e-06,50,100,100,406936,10 8 12 3 9 4 6 1 13 14 7 5 2 0 11 
954,2.06574e-06,2.45738e-06,1.87775e-06,50,100,100,406936,10 8 12 3 9 4 6 1 13 14 7 5 2 0 11 
955,2.07057e-06,2.45738e-06,1.91108e-06,50,100,100,406936,10 8 12 3 9 4 6 1 13 14 7 5 2 0 11 
956,2.06519e-06,2.45738e-06,1.90601e-06,50,100,100,406936,10 8 12 3 9 4 6 1 13 14 7 5 2 0 11 
957,2.05361e-06,2.45738e-06,1.87227e-06,50,100,100,406936,10 8 12 3 9 4 6 1 13 14 7 5 2 0 11 
958,2.06032e-06,2.45738e-06,1.90387e-06,50,100,100,406936,10 8 12 3 9 4 6 1 13 14 7 5 2 0 11 
959,2.07718e-06,2.45738e-06,1.92807e-06,50,100,100,406936,10 8 12 3 9 4 6 1 13 14 7 5 2 0 11 
960,2.07186e-06,2.45738e-06,1.92106e-06,50,100,100,406936,10 8 12 3 9 4 6 1 13 14 7 5 2 0 11 
961,2.06026e-06,2.45738e-06,1.9087e-06,50,100,100,406936,10 8 12 3 9 4 6 1 13 14 7 5 2 0 11 
962,2.06249e-06,2.45738e-06,1.89346e-06,50,100,100,406936,10 8 12 3 9 4 6 1 13 14 7 5 2 0 11 
963,2.06471e-06,2.45738e-06,1.88523e-06,50,100,100,406936,10 8 12 3 9 4 6 1 13 14 7 5 2 0 11 
964,2.07292e-06,2.45738e-06,1.91998e-06,50,100,100,406936,10 8 12 3 9 4 6 1 13 14 7 5 2 0 11 
965,2.06772e-06,2.45738e-06,1.92307e-06,50,100,100,406936,10 8 12 3 9 4 6 1 13 14 7 5 2 0 11 
966,2.08565e-06,2.45738e-06,1.91411e-06,50,100,100,406936,10 8 12 3 9 4 6 1 13 14 7 5 2 0 11 
967,2.06698e-06,2.45738e-06,1.9186e-06,50,100,100,406936,10 8 12 3 9 4 6 1 13 14 7 5 2 0 11 
968,2.07488e-06,2.45738e-06,1.91477e-06,50,100,100,406936,10 8 12 3 9 4 6 1 13 14 7 5 2 0 11 
969,2.07685e-06,2.45738e-06,1.88831e-06,50,100,100,406936,10 8 12 3 9 4 6 1 13 14 7 5 2 0 11 
970,2.07432e-06,2.45738e-06,1.92369e-06,50,100,100,406936,10 8 12 3 9 4 6 1 13 14 7 5 2 0 11 
971,2.06427e-06,2.45738e-06,1.87195e-06,50,100,100,406936,10 8 12 3 9 4 6 1 13 14 7 5 2 0 11 
972,2.05736e-06,2.45738e-06,1.90424e-06,50,100,100,406936,10 8 12 3 9 4 6 1 13 14 7 5 2 0 11 
973,2.06372e-06,2.45738e-06,1.91651e-06,50,100,100,406936,10 8 12 3 9 4 6 1 13 14 7 5 2 0 11 
974,2.06187e-06,2.45738e-06,1.87207e-06,50,100,100,406936,10 8 12 3 9 4 6 1 13 14 7 5 2 0 11 
975,2.0693e-06,2.45738e-06,1.91224e-06,50,100,100,406936,10 8 12 3 9 4 6 1 13 14 7 5 2 0 11 
976,2.06488e-06,2.45738e-06,1.93635e-06,50,100,100,406936,10 8 12 3 9 4 6 1 13 14 7 5 2 0 11 
977,2.0763e-06,2.45738e-06,1.91173e-06,50,100,100,406936,10 8 12 3 9 4 6 1 13 14 7 5 2 0 11 
978,2.06277e-06,2.45738e-06,1.90084e-06,50,100,100,406936,10 8 12 3 9 4 6 1 13 14 7 5 2 0 11 
979,2.04514e-06,2.45738e-06,1.87814e-06,50,100,100,406936,10 8 12 3 9 4 6 1 13 14 7 5 2 0 11 
980,2.058e-06,2.45738e-06,1.90163e-06,50,100,100,406936,10 8 12 3 9 4 6 1 13 14 7 5 2 0 11 
981,2.07459e-06,2.45738e-06,1.94869e-06,50,100,100,406936,10 8 12 3 9 4 6 1 13 14 7 5 2 0 11 
982,2.07096e-06,2.45738e-06,1.9346e-06,50,100,100,406936,10 8 12 3 9 4 6 1 13 14 7 5 2 0 11 
983,2.06892e-06,2.45738e-06,1.92102e-06,50,100,100,406936,10 8 12 3 9 4 6 1 13 14 7 5 2 0 11 
984,2.06385e-06,2.45738e-06,1.91411e-06,50,100,100,406936,10 8 12 3 9 4 6 1 13 14 7 5 2 0 11 
985,2.06142e-06,2.45738e-06,1.92392e-06,50,100,100,406936,10 8 12 3 9 4 6 1 13 14 7 5 2 0 11 
986,2.07394e-06,2.45738e-06,1.92308e-06,50,100,100,406936,10 8 12 3 9 4 6 1 13 14 7 5 2 0 11 
987,2.06411e-06,2.45738e-06,1.85302e-06,50,100,100,406936,10 8 12 3 9 4 6 1 13 14 7 5 2 0 11 
988,2.0683e-06,2.45738e-06,1.91775e-06,50,100,100,406936,10 8 12 3 9 4 6 1 13 14 7 5 2 0 11 
989,2.06653e-06,2.45738e-06,1.92185e-06,50,100,100,406936,10 8 12 3 9 4 6 1 13 14 7 5 2 0 11 
990,2.07448e-06,2.45738e-06,1.9377e-06,50,100,100,406936,10 8 12 3 9 4 6 1 13 14 7 5 2 0 11 
991,2.06637e-06,2.45738e-06,1.88519e-06,50,100,100,406936,10 8 12 3 9 4 6 1 13 14 7 5 2 0 11 
992,2.06573e-06,2.45738e-06,1.9092e-06,50,100,100,406936,10 8 12 3 9 4 6 1 13 14 7 5 2 0 11 
993,2.06868e-06,2.45738e-06,1.91628e-06,50,100,100,406936,10 8 12 3 9 4 6 1 13 14 7 5 2 0 11 
994,2.05223e-06,2.45738e-06,1.89448e-06,50,100,100,406936,10 8 12 3 9 4 6 1 13 14 7 5 2 0 11 
995,2.0496e-06,2.45738e-06,1.91385e-06,50,100,100,406936,10 8 12 3 9 4 6 1 13 14 7 5 2 0 11 
996,2.04664e-06,2.45738e-06,1.86806e-06,50,100,100,406936,10 8 12 3 9 4 6 1 13 14 7 5 2 0 11 
997,2.05513e-06,2.45738e-06,1.89701e-06,50,100,100,406936,10 8 12 3 9 4 6 1 13 14 7 5 2 0 11 
998,2.07375e-06,2.45738e-06,1.89818e-06,50,100,100,406936,10 8 12 3 9 4 6 1 13 14 7 5 2 0 11 
999,2.06213e-06,2.45738e-06,1.92731e-06,50,100,100,406936,10 8 12 3 9 4 6 1 13 14 7 5 2 0 11 
