Generación,Media,Mejor,Peor,Cruzas,Mutaciones,Inversiones,Costo,Permutación
1,2.0497e-06,2.2522e-06,1.88677e-06,50,100,100,444010,1 14 13 8 11 9 3 0 2 5 7 6 4 10 12 
2,2.05187e-06,2.33231e-06,1.92185e-06,50,100,100,428758,8 7 5 9 12 1 4 11 3 10 14 2 6 13 0 
3,2.05681e-06,2.33231e-06,1.90558e-06,50,100,100,428758,8 7 5 9 12 1 4 11 3 10 14 2 6 13 0 
4,2.05546e-06,2.33231e-06,1.90626e-06,50,100,100,428758,8 7 5 9 12 1 4 11 3 10 14 2 6 13 0 
5,2.06475e-06,2.33231e-06,1.88353e-06,50,100,100,428758,8 7 5 9 12 1 4 11 3 10 14 2 6 13 0 
6,2.06132e-06,2.33231e-06,1.91304e-06,50,100,100,428758,8 7 5 9 12 1 4 11 3 10 14 2 6 13 0 
7,2.06367e-06,2.33231e-06,1.91488e-06,50,100,100,428758,8 7 5 9 12 1 4 11 3 10 14 2 6 13 0 
8,2.05997e-06,2.33231e-06,1.90323e-06,50,100,100,428758,8 7 5 9 12 1 4 11 3 10 14 2 6 13 0 
9,2.05599e-06,2.33231e-06,1.90232e-06,50,100,100,428758,8 7 5 9 12 1 4 11 3 10 14 2 6 13 0 
10,2.05833e-06,2.33231e-06,1.88938e-06,50,100,100,428758,8 7 5 9 12 1 4 11 3 10 14 2 6 13 0 
11,2.04294e-06,2.33231e-06,1.90548e-06,50,100,100,428758,8 7 5 9 12 1 4 11 3 10 14 2 6 13 0 
12,2.05247e-06,2.33231e-06,1.91014e-06,50,100,100,428758,8 7 5 9 12 1 4 11 3 10 14 2 6 13 0 
13,2.05077e-06,2.33231e-06,1.87277e-06,50,100,100,428758,8 7 5 9 12 1 4 11 3 10 14 2 6 13 0 
14,2.05698e-06,2.33231e-06,1.90281e-06,50,100,100,428758,8 7 5 9 12 1 4 11 3 10 14 2 6 13 0 
15,2.0518e-06,2.33231e-06,1.92321e-06,50,100,100,428758,8 7 5 9 12 1 4 11 3 10 14 2 6 13 0 
16,2.06482e-06,2.33231e-06,1.87958e-06,50,100,100,428758,8 7 5 9 12 1 4 11 3 10 14 2 6 13 0 
17,2.06075e-06,2.33231e-06,1.92758e-06,50,100,100,428758,8 7 5 9 12 1 4 11 3 10 14 2 6 13 0 
18,2.06099e-06,2.33231e-06,1.90657e-06,50,100,100,428758,8 7 5 9 12 1 4 11 3 10 14 2 6 13 0 
19,2.06561e-06,2.33231e-06,1.93458e-06,50,100,100,428758,8 7 5 9 12 1 4 11 3 10 14 2 6 13 0 
20,2.06026e-06,2.33231e-06,1.91146e-06,50,100,100,428758,8 7 5 9 12 1 4 11 3 10 14 2 6 13 0 
21,2.0531e-06,2.33231e-06,1.88365e-06,50,100,100,428758,8 7 5 9 12 1 4 11 3 10 14 2 6 13 0 
22,2.06334e-06,2.33231e-06,1.90427e-06,50,100,100,428758,8 7 5 9 12 1 4 11 3 10 14 2 6 13 0 
23,2.06128e-06,2.33231e-06,1.89294e-06,50,100,100,428758,8 7 5 9 12 1 4 11 3 10 14 2 6 13 0 
24,2.05807e-06,2.33231e-06,1.88928e-06,50,100,100,428758,8 7 5 9 12 1 4 11 3 10 14 2 6 13 0 
25,2.06583e-06,2.33231e-06,1.91797e-06,50,100,100,428758,8 7 5 9 12 1 4 11 3 10 14 2 6 13 0 
26,2.06854e-06,2.33231e-06,1.90938e-06,50,100,100,428758,8 7 5 9 12 1 4 11 3 10 14 2 6 13 0 
27,2.06602e-06,2.33231e-06,1.9289e-06,50,100,100,428758,8 7 5 9 12 1 4 11 3 10 14 2 6 13 0 
28,2.06266e-06,2.33231e-06,1.92219e-06,50,100,100,428758,8 7 5 9 12 1 4 11 3 10 14 2 6 13 0 
29,2.0607e-06,2.33231e-06,1.89819e-06,50,100,100,428758,8 7 5 9 12 1 4 11 3 10 14 2 6 13 0 
30,2.06579e-06,2.33231e-06,1.91722e-06,50,100,100,428758,8 7 5 9 12 1 4 11 3 10 14 2 6 13 0 
31,2.04764e-06,2.33231e-06,1.92789e-06,50,100,100,428758,8 7 5 9 12 1 4 11 3 10 14 2 6 13 0 
32,2.05628e-06,2.33231e-06,1.92324e-06,50,100,100,428758,8 7 5 9 12 1 4 11 3 10 14 2 6 13 0 
33,2.05312e-06,2.33231e-06,1.89888e-06,50,100,100,428758,8 7 5 9 12 1 4 11 3 10 14 2 6 13 0 
34,2.04802e-06,2.33231e-06,1.92338e-06,50,100,100,428758,8 7 5 9 12 1 4 11 3 10 14 2 6 13 0 
35,2.05707e-06,2.33231e-06,1.93464e-06,50,100,100,428758,8 7 5 9 12 1 4 11 3 10 14 2 6 13 0 
36,2.06997e-06,2.33231e-06,1.92086e-06,50,100,100,428758,8 7 5 9 12 1 4 11 3 10 14 2 6 13 0 
37,2.06031e-06,2.33231e-06,1.9461e-06,50,100,100,428758,8 7 5 9 12 1 4 11 3 10 14 2 6 13 0 
38,2.04942e-06,2.33231e-06,1.89694e-06,50,100,100,428758,8 7 5 9 12 1 4 11 3 10 14 2 6 13 0 
39,2.06767e-06,2.33231e-06,1.90648e-06,50,100,100,428758,8 7 5 9 12 1 4 11 3 10 14 2 6 13 0 
40,2.06738e-06,2.34297e-06,1.9012e-06,50,100,100,426808,6 4 11 8 13 2 9 10 1 5 7 14 3 0 12 
41,2.06738e-06,2.34297e-06,1.91454e-06,50,100,100,426808,6 4 11 8 13 2 9 10 1 5 7 14 3 0 12 
42,2.06921e-06,2.34297e-06,1.93473e-06,50,100,100,426808,6 4 11 8 13 2 9 10 1 5 7 14 3 0 12 
43,2.08097e-06,2.34297e-06,1.91271e-06,50,100,100,426808,6 4 11 8 13 2 9 10 1 5 7 14 3 0 12 
44,2.0613e-06,2.34297e-06,1.92002e-06,50,100,100,426808,6 4 11 8 13 2 9 10 1 5 7 14 3 0 12 
45,2.06837e-06,2.34297e-06,1.90764e-06,50,100,100,426808,6 4 11 8 13 2 9 10 1 5 7 14 3 0 12 
46,2.06237e-06,2.34297e-06,1.92138e-06,50,100,100,426808,6 4 11 8 13 2 9 10 1 5 7 14 3 0 12 
47,2.05967e-06,2.34297e-06,1.9178e-06,50,100,100,426808,6 4 11 8 13 2 9 10 1 5 7 14 3 0 12 
48,2.0488e-06,2.34297e-06,1.88114e-06,50,100,100,426808,6 4 11 8 13 2 9 10 1 5 7 14 3 0 12 
49,2.05792e-06,2.34297e-06,1.87778e-06,50,100,100,426808,6 4 11 8 13 2 9 10 1 5 7 14 3 0 12 
50,2.06406e-06,2.34297e-06,1.91016e-06,50,100,100,426808,6 4 11 8 13 2 9 10 1 5 7 14 3 0 12 
51,2.07023e-06,2.35279e-06,1.92058e-06,50,100,100,425026,6 4 11 0 13 2 7 10 1 5 8 14 3 9 12 
52,2.06459e-06,2.35279e-06,1.89747e-06,50,100,100,425026,6 4 11 0 13 2 7 10 1 5 8 14 3 9 12 
53,2.05674e-06,2.35279e-06,1.90963e-06,50,100,100,425026,6 4 11 0 13 2 7 10 1 5 8 14 3 9 12 
54,2.06339e-06,2.35279e-06,1.90577e-06,50,100,100,425026,6 4 11 0 13 2 7 10 1 5 8 14 3 9 12 
55,2.0609e-06,2.35279e-06,1.92347e-06,50,100,100,425026,6 4 11 0 13 2 7 10 1 5 8 14 3 9 12 
56,2.06563e-06,2.35279e-06,1.91475e-06,50,100,100,425026,6 4 11 0 13 2 7 10 1 5 8 14 3 9 12 
57,2.06943e-06,2.35279e-06,1.91151e-06,50,100,100,425026,6 4 11 0 13 2 7 10 1 5 8 14 3 9 12 
58,2.04623e-06,2.35279e-06,1.87926e-06,50,100,100,425026,6 4 11 0 13 2 7 10 1 5 8 14 3 9 12 
59,2.04369e-06,2.35279e-06,1.94483e-06,50,100,100,425026,6 4 11 0 13 2 7 10 1 5 8 14 3 9 12 
60,2.05721e-06,2.35279e-06,1.89308e-06,50,100,100,425026,6 4 11 0 13 2 7 10 1 5 8 14 3 9 12 
61,2.05125e-06,2.35279e-06,1.90133e-06,50,100,100,425026,6 4 11 0 13 2 7 10 1 5 8 14 3 9 12 
62,2.06537e-06,2.35279e-06,1.8994e-06,50,100,100,425026,6 4 11 0 13 2 7 10 1 5 8 14 3 9 12 
63,2.07144e-06,2.35279e-06,1.94326e-06,50,100,100,425026,6 4 11 0 13 2 7 10 1 5 8 14 3 9 12 
64,2.07287e-06,2.35279e-06,1.91866e-06,50,100,100,425026,6 4 11 0 13 2 7 10 1 5 8 14 3 9 12 
65,2.06723e-06,2.35279e-06,1.88144e-06,50,100,100,425026,6 4 11 0 13 2 7 10 1 5 8 14 3 9 12 
66,2.05249e-06,2.35279e-06,1.90569e-06,50,100,100,425026,6 4 11 0 13 2 7 10 1 5 8 14 3 9 12 
67,2.05363e-06,2.35279e-06,1.87398e-06,50,100,100,425026,6 4 11 0 13 2 7 10 1 5 8 14 3 9 12 
68,2.05607e-06,2.35279e-06,1.91612e-06,50,100,100,425026,6 4 11 0 13 2 7 10 1 5 8 14 3 9 12 
69,2.0694e-06,2.35279e-06,1.91523e-06,50,100,100,425026,6 4 11 0 13 2 7 10 1 5 8 14 3 9 12 
70,2.0648e-06,2.35279e-06,1.92226e-06,50,100,100,425026,6 4 11 0 13 2 7 10 1 5 8 14 3 9 12 
71,2.04876e-06,2.35279e-06,1.87158e-06,50,100,100,425026,6 4 11 0 13 2 7 10 1 5 8 14 3 9 12 
72,2.06068e-06,2.35279e-06,1.89093e-06,50,100,100,425026,6 4 11 0 13 2 7 10 1 5 8 14 3 9 12 
73,2.06053e-06,2.35279e-06,1.90577e-06,50,100,100,425026,6 4 11 0 13 2 7 10 1 5 8 14 3 9 12 
74,2.06507e-06,2.35279e-06,1.90927e-06,50,100,100,425026,6 4 11 0 13 2 7 10 1 5 8 14 3 9 12 
75,2.04868e-06,2.35279e-06,1.88025e-06,50,100,100,425026,6 4 11 0 13 2 7 10 1 5 8 14 3 9 12 
76,2.06067e-06,2.35279e-06,1.92571e-06,50,100,100,425026,6 4 11 0 13 2 7 10 1 5 8 14 3 9 12 
77,2.06096e-06,2.35279e-06,1.91579e-06,50,100,100,425026,6 4 11 0 13 2 7 10 1 5 8 14 3 9 12 
78,2.0645e-06,2.35279e-06,1.93037e-06,50,100,100,425026,6 4 11 0 13 2 7 10 1 5 8 14 3 9 12 
79,2.06516e-06,2.35279e-06,1.93893e-06,50,100,100,425026,6 4 11 0 13 2 7 10 1 5 8 14 3 9 12 
80,2.05195e-06,2.35279e-06,1.91114e-06,50,100,100,425026,6 4 11 0 13 2 7 10 1 5 8 14 3 9 12 
81,2.06147e-06,2.35279e-06,1.88524e-06,50,100,100,425026,6 4 11 0 13 2 7 10 1 5 8 14 3 9 12 
82,2.0702e-06,2.35279e-06,1.8778e-06,50,100,100,425026,6 4 11 0 13 2 7 10 1 5 8 14 3 9 12 
83,2.05404e-06,2.35279e-06,1.89474e-06,50,100,100,425026,6 4 11 0 13 2 7 10 1 5 8 14 3 9 12 
84,2.05942e-06,2.35279e-06,1.8978e-06,50,100,100,425026,6 4 11 0 13 2 7 10 1 5 8 14 3 9 12 
85,2.05592e-06,2.35279e-06,1.91924e-06,50,100,100,425026,6 4 11 0 13 2 7 10 1 5 8 14 3 9 12 
86,2.0764e-06,2.35279e-06,1.86943e-06,50,100,100,425026,6 4 11 0 13 2 7 10 1 5 8 14 3 9 12 
87,2.06762e-06,2.35279e-06,1.92992e-06,50,100,100,425026,6 4 11 0 13 2 7 10 1 5 8 14 3 9 12 
88,2.04631e-06,2.35279e-06,1.91002e-06,50,100,100,425026,6 4 11 0 13 2 7 10 1 5 8 14 3 9 12 
89,2.03991e-06,2.35279e-06,1.90181e-06,50,100,100,425026,6 4 11 0 13 2 7 10 1 5 8 14 3 9 12 
90,2.06906e-06,2.35279e-06,1.90967e-06,50,100,100,425026,6 4 11 0 13 2 7 10 1 5 8 14 3 9 12 
91,2.05871e-06,2.35279e-06,1.91967e-06,50,100,100,425026,6 4 11 0 13 2 7 10 1 5 8 14 3 9 12 
92,2.06132e-06,2.35279e-06,1.89421e-06,50,100,100,425026,6 4 11 0 13 2 7 10 1 5 8 14 3 9 12 
93,2.06067e-06,2.35279e-06,1.91838e-06,50,100,100,425026,6 4 11 0 13 2 7 10 1 5 8 14 3 9 12 
94,2.05423e-06,2.35279e-06,1.90378e-06,50,100,100,425026,6 4 11 0 13 2 7 10 1 5 8 14 3 9 12 
95,2.06125e-06,2.35279e-06,1.89282e-06,50,100,100,425026,6 4 11 0 13 2 7 10 1 5 8 14 3 9 12 
96,2.06161e-06,2.35279e-06,1.91599e-06,50,100,100,425026,6 4 11 0 13 2 7 10 1 5 8 14 3 9 12 
97,2.06431e-06,2.35279e-06,1.92389e-06,50,100,100,425026,6 4 11 0 13 2 7 10 1 5 8 14 3 9 12 
98,2.05313e-06,2.35279e-06,1.89249e-06,50,100,100,425026,6 4 11 0 13 2 7 10 1 5 8 14 3 9 12 
99,2.05902e-06,2.35279e-06,1.88704e-06,50,100,100,425026,6 4 11 0 13 2 7 10 1 5 8 14 3 9 12 
100,2.05998e-06,2.35279e-06,1.87772e-06,50,100,100,425026,6 4 11 0 13 2 7 10 1 5 8 14 3 9 12 
101,2.05702e-06,2.35279e-06,1.92867e-06,50,100,100,425026,6 4 11 0 13 2 7 10 1 5 8 14 3 9 12 
102,2.06053e-06,2.35279e-06,1.90953e-06,50,100,100,425026,6 4 11 0 13 2 7 10 1 5 8 14 3 9 12 
103,2.06593e-06,2.35279e-06,1.91027e-06,50,100,100,425026,6 4 11 0 13 2 7 10 1 5 8 14 3 9 12 
104,2.06377e-06,2.35279e-06,1.93994e-06,50,100,100,425026,6 4 11 0 13 2 7 10 1 5 8 14 3 9 12 
105,2.07037e-06,2.35279e-06,1.93712e-06,50,100,100,425026,6 4 11 0 13 2 7 10 1 5 8 14 3 9 12 
106,2.06426e-06,2.35279e-06,1.94184e-06,50,100,100,425026,6 4 11 0 13 2 7 10 1 5 8 14 3 9 12 
107,2.06678e-06,2.35279e-06,1.8994e-06,50,100,100,425026,6 4 11 0 13 2 7 10 1 5 8 14 3 9 12 
108,2.06431e-06,2.35279e-06,1.89666e-06,50,100,100,425026,6 4 11 0 13 2 7 10 1 5 8 14 3 9 12 
109,2.06393e-06,2.35279e-06,1.91583e-06,50,100,100,425026,6 4 11 0 13 2 7 10 1 5 8 14 3 9 12 
110,2.05456e-06,2.35279e-06,1.8986e-06,50,100,100,425026,6 4 11 0 13 2 7 10 1 5 8 14 3 9 12 
111,2.05937e-06,2.35279e-06,1.94171e-06,50,100,100,425026,6 4 11 0 13 2 7 10 1 5 8 14 3 9 12 
112,2.06662e-06,2.35279e-06,1.89709e-06,50,100,100,425026,6 4 11 0 13 2 7 10 1 5 8 14 3 9 12 
113,2.07377e-06,2.35279e-06,1.91972e-06,50,100,100,425026,6 4 11 0 13 2 7 10 1 5 8 14 3 9 12 
114,2.07022e-06,2.35279e-06,1.89741e-06,50,100,100,425026,6 4 11 0 13 2 7 10 1 5 8 14 3 9 12 
115,2.06172e-06,2.35279e-06,1.90708e-06,50,100,100,425026,6 4 11 0 13 2 7 10 1 5 8 14 3 9 12 
116,2.06385e-06,2.35279e-06,1.91759e-06,50,100,100,425026,6 4 11 0 13 2 7 10 1 5 8 14 3 9 12 
117,2.05354e-06,2.35279e-06,1.90785e-06,50,100,100,425026,6 4 11 0 13 2 7 10 1 5 8 14 3 9 12 
118,2.06012e-06,2.3586e-06,1.91756e-06,50,100,100,423980,6 3 5 9 7 0 2 4 11 10 13 1 12 8 14 
119,2.06365e-06,2.3586e-06,1.90466e-06,50,100,100,423980,6 3 5 9 7 0 2 4 11 10 13 1 12 8 14 
120,2.05944e-06,2.3586e-06,1.91651e-06,50,100,100,423980,6 3 5 9 7 0 2 4 11 10 13 1 12 8 14 
121,2.06764e-06,2.3586e-06,1.92938e-06,50,100,100,423980,6 3 5 9 7 0 2 4 11 10 13 1 12 8 14 
122,2.05147e-06,2.3586e-06,1.90855e-06,50,100,100,423980,6 3 5 9 7 0 2 4 11 10 13 1 12 8 14 
123,2.05985e-06,2.3586e-06,1.91447e-06,50,100,100,423980,6 3 5 9 7 0 2 4 11 10 13 1 12 8 14 
124,2.06659e-06,2.3586e-06,1.8897e-06,50,100,100,423980,6 3 5 9 7 0 2 4 11 10 13 1 12 8 14 
125,2.05132e-06,2.3586e-06,1.88372e-06,50,100,100,423980,6 3 5 9 7 0 2 4 11 10 13 1 12 8 14 
126,2.07745e-06,2.3586e-06,1.92847e-06,50,100,100,423980,6 3 5 9 7 0 2 4 11 10 13 1 12 8 14 
127,2.06268e-06,2.3586e-06,1.89865e-06,50,100,100,423980,6 3 5 9 7 0 2 4 11 10 13 1 12 8 14 
128,2.06329e-06,2.3586e-06,1.9299e-06,50,100,100,423980,6 3 5 9 7 0 2 4 11 10 13 1 12 8 14 
129,2.06639e-06,2.3586e-06,1.91056e-06,50,100,100,423980,6 3 5 9 7 0 2 4 11 10 13 1 12 8 14 
130,2.05924e-06,2.3586e-06,1.90063e-06,50,100,100,423980,6 3 5 9 7 0 2 4 11 10 13 1 12 8 14 
131,2.06496e-06,2.3586e-06,1.92623e-06,50,100,100,423980,6 3 5 9 7 0 2 4 11 10 13 1 12 8 14 
132,2.06712e-06,2.3586e-06,1.89521e-06,50,100,100,423980,6 3 5 9 7 0 2 4 11 10 13 1 12 8 14 
133,2.05828e-06,2.3586e-06,1.91296e-06,50,100,100,423980,6 3 5 9 7 0 2 4 11 10 13 1 12 8 14 
134,2.06877e-06,2.3586e-06,1.91892e-06,50,100,100,423980,6 3 5 9 7 0 2 4 11 10 13 1 12 8 14 
135,2.0712e-06,2.3586e-06,1.92754e-06,50,100,100,423980,6 3 5 9 7 0 2 4 11 10 13 1 12 8 14 
136,2.05772e-06,2.3586e-06,1.90866e-06,50,100,100,423980,6 3 5 9 7 0 2 4 11 10 13 1 12 8 14 
137,2.05835e-06,2.3586e-06,1.88958e-06,50,100,100,423980,6 3 5 9 7 0 2 4 11 10 13 1 12 8 14 
138,2.06454e-06,2.3586e-06,1.91568e-06,50,100,100,423980,6 3 5 9 7 0 2 4 11 10 13 1 12 8 14 
139,2.06658e-06,2.3586e-06,1.9046e-06,50,100,100,423980,6 3 5 9 7 0 2 4 11 10 13 1 12 8 14 
140,2.06513e-06,2.3586e-06,1.9274e-06,50,100,100,423980,6 3 5 9 7 0 2 4 11 10 13 1 12 8 14 
141,2.06491e-06,2.3586e-06,1.92135e-06,50,100,100,423980,6 3 5 9 7 0 2 4 11 10 13 1 12 8 14 
142,2.06925e-06,2.3586e-06,1.94402e-06,50,100,100,423980,6 3 5 9 7 0 2 4 11 10 13 1 12 8 14 
143,2.05676e-06,2.3586e-06,1.92667e-06,50,100,100,423980,6 3 5 9 7 0 2 4 11 10 13 1 12 8 14 
144,2.06094e-06,2.3586e-06,1.91296e-06,50,100,100,423980,6 3 5 9 7 0 2 4 11 10 13 1 12 8 14 
145,2.05913e-06,2.3586e-06,1.87963e-06,50,100,100,423980,6 3 5 9 7 0 2 4 11 10 13 1 12 8 14 
146,2.04961e-06,2.3586e-06,1.90511e-06,50,100,100,423980,6 3 5 9 7 0 2 4 11 10 13 1 12 8 14 
147,2.06138e-06,2.3586e-06,1.93453e-06,50,100,100,423980,6 3 5 9 7 0 2 4 11 10 13 1 12 8 14 
148,2.06066e-06,2.3586e-06,1.92024e-06,50,100,100,423980,6 3 5 9 7 0 2 4 11 10 13 1 12 8 14 
149,2.04977e-06,2.3586e-06,1.90026e-06,50,100,100,423980,6 3 5 9 7 0 2 4 11 10 13 1 12 8 14 
150,2.06231e-06,2.3586e-06,1.89136e-06,50,100,100,423980,6 3 5 9 7 0 2 4 11 10 13 1 12 8 14 
151,2.05829e-06,2.3586e-06,1.8933e-06,50,100,100,423980,6 3 5 9 7 0 2 4 11 10 13 1 12 8 14 
152,2.0558e-06,2.3586e-06,1.90108e-06,50,100,100,423980,6 3 5 9 7 0 2 4 11 10 13 1 12 8 14 
153,2.05667e-06,2.3586e-06,1.91801e-06,50,100,100,423980,6 3 5 9 7 0 2 4 11 10 13 1 12 8 14 
154,2.05257e-06,2.3586e-06,1.89428e-06,50,100,100,423980,6 3 5 9 7 0 2 4 11 10 13 1 12 8 14 
155,2.07326e-06,2.3586e-06,1.86599e-06,50,100,100,423980,6 3 5 9 7 0 2 4 11 10 13 1 12 8 14 
156,2.06888e-06,2.3586e-06,1.88802e-06,50,100,100,423980,6 3 5 9 7 0 2 4 11 10 13 1 12 8 14 
157,2.07733e-06,2.3586e-06,1.90772e-06,50,100,100,423980,6 3 5 9 7 0 2 4 11 10 13 1 12 8 14 
158,2.06738e-06,2.3586e-06,1.90824e-06,50,100,100,423980,6 3 5 9 7 0 2 4 11 10 13 1 12 8 14 
159,2.07172e-06,2.3586e-06,1.90898e-06,50,100,100,423980,6 3 5 9 7 0 2 4 11 10 13 1 12 8 14 
160,2.05793e-06,2.3586e-06,1.91887e-06,50,100,100,423980,6 3 5 9 7 0 2 4 11 10 13 1 12 8 14 
161,2.05549e-06,2.3586e-06,1.88871e-06,50,100,100,423980,6 3 5 9 7 0 2 4 11 10 13 1 12 8 14 
162,2.06012e-06,2.3586e-06,1.90714e-06,50,100,100,423980,6 3 5 9 7 0 2 4 11 10 13 1 12 8 14 
163,2.06731e-06,2.3586e-06,1.9116e-06,50,100,100,423980,6 3 5 9 7 0 2 4 11 10 13 1 12 8 14 
164,2.06158e-06,2.3586e-06,1.89875e-06,50,100,100,423980,6 3 5 9 7 0 2 4 11 10 13 1 12 8 14 
165,2.06398e-06,2.3586e-06,1.90193e-06,50,100,100,423980,6 3 5 9 7 0 2 4 11 10 13 1 12 8 14 
166,2.07736e-06,2.3586e-06,1.92114e-06,50,100,100,423980,6 3 5 9 7 0 2 4 11 10 13 1 12 8 14 
167,2.06374e-06,2.3586e-06,1.91089e-06,50,100,100,423980,6 3 5 9 7 0 2 4 11 10 13 1 12 8 14 
168,2.06796e-06,2.3586e-06,1.86551e-06,50,100,100,423980,6 3 5 9 7 0 2 4 11 10 13 1 12 8 14 
169,2.06934e-06,2.3586e-06,1.93669e-06,50,100,100,423980,6 3 5 9 7 0 2 4 11 10 13 1 12 8 14 
170,2.06404e-06,2.3586e-06,1.89408e-06,50,100,100,423980,6 3 5 9 7 0 2 4 11 10 13 1 12 8 14 
171,2.06706e-06,2.3586e-06,1.90084e-06,50,100,100,423980,6 3 5 9 7 0 2 4 11 10 13 1 12 8 14 
172,2.06265e-06,2.3586e-06,1.91784e-06,50,100,100,423980,6 3 5 9 7 0 2 4 11 10 13 1 12 8 14 
173,2.06977e-06,2.3586e-06,1.91904e-06,50,100,100,423980,6 3 5 9 7 0 2 4 11 10 13 1 12 8 14 
174,2.04893e-06,2.3586e-06,1.84421e-06,50,100,100,423980,6 3 5 9 7 0 2 4 11 10 13 1 12 8 14 
175,2.05631e-06,2.3586e-06,1.88319e-06,50,100,100,423980,6 3 5 9 7 0 2 4 11 10 13 1 12 8 14 
176,2.05855e-06,2.3586e-06,1.92189e-06,50,100,100,423980,6 3 5 9 7 0 2 4 11 10 13 1 12 8 14 
177,2.04845e-06,2.3586e-06,1.91786e-06,50,100,100,423980,6 3 5 9 7 0 2 4 11 10 13 1 12 8 14 
178,2.0707e-06,2.3586e-06,1.91806e-06,50,100,100,423980,6 3 5 9 7 0 2 4 11 10 13 1 12 8 14 
179,2.06197e-06,2.3586e-06,1.92688e-06,50,100,100,423980,6 3 5 9 7 0 2 4 11 10 13 1 12 8 14 
180,2.05868e-06,2.3586e-06,1.88066e-06,50,100,100,423980,6 3 5 9 7 0 2 4 11 10 13 1 12 8 14 
181,2.06552e-06,2.3586e-06,1.86687e-06,50,100,100,423980,6 3 5 9 7 0 2 4 11 10 13 1 12 8 14 
182,2.05502e-06,2.3586e-06,1.92438e-06,50,100,100,423980,6 3 5 9 7 0 2 4 11 10 13 1 12 8 14 
183,2.05465e-06,2.3586e-06,1.8701e-06,50,100,100,423980,6 3 5 9 7 0 2 4 11 10 13 1 12 8 14 
184,2.05505e-06,2.3586e-06,1.91058e-06,50,100,100,423980,6 3 5 9 7 0 2 4 11 10 13 1 12 8 14 
185,2.05598e-06,2.3586e-06,1.91452e-06,50,100,100,423980,6 3 5 9 7 0 2 4 11 10 13 1 12 8 14 
186,2.06113e-06,2.3586e-06,1.92337e-06,50,100,100,423980,6 3 5 9 7 0 2 4 11 10 13 1 12 8 14 
187,2.07022e-06,2.3586e-06,1.92021e-06,50,100,100,423980,6 3 5 9 7 0 2 4 11 10 13 1 12 8 14 
188,2.0498e-06,2.3586e-06,1.91526e-06,50,100,100,423980,6 3 5 9 7 0 2 4 11 10 13 1 12 8 14 
189,2.05544e-06,2.3586e-06,1.90736e-06,50,100,100,423980,6 3 5 9 7 0 2 4 11 10 13 1 12 8 14 
190,2.0584e-06,2.3586e-06,1.90551e-06,50,100,100,423980,6 3 5 9 7 0 2 4 11 10 13 1 12 8 14 
191,2.06144e-06,2.3586e-06,1.92557e-06,50,100,100,423980,6 3 5 9 7 0 2 4 11 10 13 1 12 8 14 
192,2.04373e-06,2.3586e-06,1.90235e-06,50,100,100,423980,6 3 5 9 7 0 2 4 11 10 13 1 12 8 14 
193,2.05672e-06,2.3586e-06,1.87787e-06,50,100,100,423980,6 3 5 9 7 0 2 4 11 10 13 1 12 8 14 
194,2.04179e-06,2.3586e-06,1.9185e-06,50,100,100,423980,6 3 5 9 7 0 2 4 11 10 13 1 12 8 14 
195,2.04821e-06,2.3586e-06,1.91184e-06,50,100,100,423980,6 3 5 9 7 0 2 4 11 10 13 1 12 8 14 
196,2.06273e-06,2.3586e-06,1.91403e-06,50,100,100,423980,6 3 5 9 7 0 2 4 11 10 13 1 12 8 14 
197,2.057e-06,2.3586e-06,1.9322e-06,50,100,100,423980,6 3 5 9 7 0 2 4 11 10 13 1 12 8 14 
198,2.06546e-06,2.3586e-06,1.92256e-06,50,100,100,423980,6 3 5 9 7 0 2 4 11 10 13 1 12 8 14 
199,2.06174e-06,2.3586e-06,1.91587e-06,50,100,100,423980,6 3 5 9 7 0 2 4 11 10 13 1 12 8 14 
200,2.06762e-06,2.3586e-06,1.92374e-06,50,100,100,423980,6 3 5 9 7 0 2 4 11 10 13 1 12 8 14 
201,2.0466e-06,2.3586e-06,1.91926e-06,50,100,100,423980,6 3 5 9 7 0 2 4 11 10 13 1 12 8 14 
202,2.05641e-06,2.3586e-06,1.92865e-06,50,100,100,423980,6 3 5 9 7 0 2 4 11 10 13 1 12 8 14 
203,2.04316e-06,2.3586e-06,1.89098e-06,50,100,100,423980,6 3 5 9 7 0 2 4 11 10 13 1 12 8 14 
204,2.04451e-06,2.3586e-06,1.90995e-06,50,100,100,423980,6 3 5 9 7 0 2 4 11 10 13 1 12 8 14 
205,2.06243e-06,2.3586e-06,1.88403e-06,50,100,100,423980,6 3 5 9 7 0 2 4 11 10 13 1 12 8 14 
206,2.06643e-06,2.3586e-06,1.92941e-06,50,100,100,423980,6 3 5 9 7 0 2 4 11 10 13 1 12 8 14 
207,2.04915e-06,2.3586e-06,1.88642e-06,50,100,100,423980,6 3 5 9 7 0 2 4 11 10 13 1 12 8 14 
208,2.05194e-06,2.3586e-06,1.92464e-06,50,100,100,423980,6 3 5 9 7 0 2 4 11 10 13 1 12 8 14 
209,2.06268e-06,2.3586e-06,1.94831e-06,50,100,100,423980,6 3 5 9 7 0 2 4 11 10 13 1 12 8 14 
210,2.06071e-06,2.3586e-06,1.88018e-06,50,100,100,423980,6 3 5 9 7 0 2 4 11 10 13 1 12 8 14 
211,2.07303e-06,2.3586e-06,1.90577e-06,50,100,100,423980,6 3 5 9 7 0 2 4 11 10 13 1 12 8 14 
212,2.06354e-06,2.3586e-06,1.93466e-06,50,100,100,423980,6 3 5 9 7 0 2 4 11 10 13 1 12 8 14 
213,2.04991e-06,2.3586e-06,1.8874e-06,50,100,100,423980,6 3 5 9 7 0 2 4 11 10 13 1 12 8 14 
214,2.05243e-06,2.3586e-06,1.92962e-06,50,100,100,423980,6 3 5 9 7 0 2 4 11 10 13 1 12 8 14 
215,2.04812e-06,2.3586e-06,1.90379e-06,50,100,100,423980,6 3 5 9 7 0 2 4 11 10 13 1 12 8 14 
216,2.05781e-06,2.3586e-06,1.90306e-06,50,100,100,423980,6 3 5 9 7 0 2 4 11 10 13 1 12 8 14 
217,2.06092e-06,2.3586e-06,1.89933e-06,50,100,100,423980,6 3 5 9 7 0 2 4 11 10 13 1 12 8 14 
218,2.06109e-06,2.3586e-06,1.89607e-06,50,100,100,423980,6 3 5 9 7 0 2 4 11 10 13 1 12 8 14 
219,2.05154e-06,2.3586e-06,1.879e-06,50,100,100,423980,6 3 5 9 7 0 2 4 11 10 13 1 12 8 14 
220,2.07015e-06,2.3586e-06,1.87898e-06,50,100,100,423980,6 3 5 9 7 0 2 4 11 10 13 1 12 8 14 
221,2.05603e-06,2.3586e-06,1.8916e-06,50,100,100,423980,6 3 5 9 7 0 2 4 11 10 13 1 12 8 14 
222,2.05735e-06,2.3586e-06,1.92891e-06,50,100,100,423980,6 3 5 9 7 0 2 4 11 10 13 1 12 8 14 
223,2.06381e-06,2.3586e-06,1.92218e-06,50,100,100,423980,6 3 5 9 7 0 2 4 11 10 13 1 12 8 14 
224,2.06857e-06,2.3586e-06,1.90908e-06,50,100,100,423980,6 3 5 9 7 0 2 4 11 10 13 1 12 8 14 
225,2.07212e-06,2.3586e-06,1.9143e-06,50,100,100,423980,6 3 5 9 7 0 2 4 11 10 13 1 12 8 14 
226,2.06218e-06,2.3586e-06,1.87651e-06,50,100,100,423980,6 3 5 9 7 0 2 4 11 10 13 1 12 8 14 
227,2.07606e-06,2.3586e-06,1.90842e-06,50,100,100,423980,6 3 5 9 7 0 2 4 11 10 13 1 12 8 14 
228,2.05143e-06,2.3586e-06,1.85674e-06,50,100,100,423980,6 3 5 9 7 0 2 4 11 10 13 1 12 8 14 
229,2.05977e-06,2.3586e-06,1.90508e-06,50,100,100,423980,6 3 5 9 7 0 2 4 11 10 13 1 12 8 14 
230,2.0598e-06,2.3586e-06,1.92502e-06,50,100,100,423980,6 3 5 9 7 0 2 4 11 10 13 1 12 8 14 
231,2.05926e-06,2.3586e-06,1.91422e-06,50,100,100,423980,6 3 5 9 7 0 2 4 11 10 13 1 12 8 14 
232,2.05408e-06,2.3586e-06,1.87196e-06,50,100,100,423980,6 3 5 9 7 0 2 4 11 10 13 1 12 8 14 
233,2.04821e-06,2.3586e-06,1.90121e-06,50,100,100,423980,6 3 5 9 7 0 2 4 11 10 13 1 12 8 14 
234,2.04818e-06,2.3586e-06,1.91297e-06,50,100,100,423980,6 3 5 9 7 0 2 4 11 10 13 1 12 8 14 
235,2.05759e-06,2.3586e-06,1.91909e-06,50,100,100,423980,6 3 5 9 7 0 2 4 11 10 13 1 12 8 14 
236,2.05895e-06,2.3586e-06,1.91527e-06,50,100,100,423980,6 3 5 9 7 0 2 4 11 10 13 1 12 8 14 
237,2.05277e-06,2.3586e-06,1.90013e-06,50,100,100,423980,6 3 5 9 7 0 2 4 11 10 13 1 12 8 14 
238,2.05989e-06,2.3586e-06,1.89031e-06,50,100,100,423980,6 3 5 9 7 0 2 4 11 10 13 1 12 8 14 
239,2.05274e-06,2.3586e-06,1.91612e-06,50,100,100,423980,6 3 5 9 7 0 2 4 11 10 13 1 12 8 14 
240,2.06715e-06,2.3586e-06,1.88393e-06,50,100,100,423980,6 3 5 9 7 0 2 4 11 10 13 1 12 8 14 
241,2.05419e-06,2.3586e-06,1.92656e-06,50,100,100,423980,6 3 5 9 7 0 2 4 11 10 13 1 12 8 14 
242,2.06156e-06,2.3586e-06,1.92486e-06,50,100,100,423980,6 3 5 9 7 0 2 4 11 10 13 1 12 8 14 
243,2.05548e-06,2.3586e-06,1.93099e-06,50,100,100,423980,6 3 5 9 7 0 2 4 11 10 13 1 12 8 14 
244,2.06678e-06,2.3586e-06,1.89667e-06,50,100,100,423980,6 3 5 9 7 0 2 4 11 10 13 1 12 8 14 
245,2.06752e-06,2.3586e-06,1.93389e-06,50,100,100,423980,6 3 5 9 7 0 2 4 11 10 13 1 12 8 14 
246,2.07341e-06,2.3586e-06,1.91759e-06,50,100,100,423980,6 3 5 9 7 0 2 4 11 10 13 1 12 8 14 
247,2.06001e-06,2.3586e-06,1.9074e-06,50,100,100,423980,6 3 5 9 7 0 2 4 11 10 13 1 12 8 14 
248,2.04582e-06,2.38632e-06,1.9148e-06,50,100,100,419054,6 3 13 9 7 0 2 4 11 10 14 1 12 8 5 
249,2.05228e-06,2.38632e-06,1.91447e-06,50,100,100,419054,6 3 13 9 7 0 2 4 11 10 14 1 12 8 5 
250,2.06127e-06,2.38632e-06,1.92513e-06,50,100,100,419054,6 3 13 9 7 0 2 4 11 10 14 1 12 8 5 
251,2.07026e-06,2.38632e-06,1.87195e-06,50,100,100,419054,6 3 13 9 7 0 2 4 11 10 14 1 12 8 5 
252,2.05684e-06,2.38632e-06,1.90527e-06,50,100,100,419054,6 3 13 9 7 0 2 4 11 10 14 1 12 8 5 
253,2.05574e-06,2.38632e-06,1.90065e-06,50,100,100,419054,6 3 13 9 7 0 2 4 11 10 14 1 12 8 5 
254,2.06811e-06,2.38632e-06,1.93533e-06,50,100,100,419054,6 3 13 9 7 0 2 4 11 10 14 1 12 8 5 
255,2.0684e-06,2.38632e-06,1.9029e-06,50,100,100,419054,6 3 13 9 7 0 2 4 11 10 14 1 12 8 5 
256,2.05777e-06,2.38632e-06,1.92518e-06,50,100,100,419054,6 3 13 9 7 0 2 4 11 10 14 1 12 8 5 
257,2.0499e-06,2.38632e-06,1.89682e-06,50,100,100,419054,6 3 13 9 7 0 2 4 11 10 14 1 12 8 5 
258,2.04702e-06,2.38632e-06,1.86641e-06,50,100,100,419054,6 3 13 9 7 0 2 4 11 10 14 1 12 8 5 
259,2.06556e-06,2.38632e-06,1.91381e-06,50,100,100,419054,6 3 13 9 7 0 2 4 11 10 14 1 12 8 5 
260,2.06709e-06,2.38632e-06,1.94391e-06,50,100,100,419054,6 3 13 9 7 0 2 4 11 10 14 1 12 8 5 
261,2.05855e-06,2.38632e-06,1.93868e-06,50,100,100,419054,6 3 13 9 7 0 2 4 11 10 14 1 12 8 5 
262,2.0588e-06,2.38632e-06,1.93911e-06,50,100,100,419054,6 3 13 9 7 0 2 4 11 10 14 1 12 8 5 
263,2.05664e-06,2.38632e-06,1.92221e-06,50,100,100,419054,6 3 13 9 7 0 2 4 11 10 14 1 12 8 5 
264,2.04506e-06,2.38632e-06,1.89434e-06,50,100,100,419054,6 3 13 9 7 0 2 4 11 10 14 1 12 8 5 
265,2.06009e-06,2.38632e-06,1.91998e-06,50,100,100,419054,6 3 13 9 7 0 2 4 11 10 14 1 12 8 5 
266,2.07083e-06,2.38632e-06,1.89068e-06,50,100,100,419054,6 3 13 9 7 0 2 4 11 10 14 1 12 8 5 
267,2.04945e-06,2.38632e-06,1.9285e-06,50,100,100,419054,6 3 13 9 7 0 2 4 11 10 14 1 12 8 5 
268,2.04791e-06,2.38632e-06,1.90973e-06,50,100,100,419054,6 3 13 9 7 0 2 4 11 10 14 1 12 8 5 
269,2.04468e-06,2.38632e-06,1.90069e-06,50,100,100,419054,6 3 13 9 7 0 2 4 11 10 14 1 12 8 5 
270,2.04529e-06,2.38632e-06,1.90843e-06,50,100,100,419054,6 3 13 9 7 0 2 4 11 10 14 1 12 8 5 
271,2.04619e-06,2.38632e-06,1.91992e-06,50,100,100,419054,6 3 13 9 7 0 2 4 11 10 14 1 12 8 5 
272,2.05236e-06,2.38632e-06,1.91521e-06,50,100,100,419054,6 3 13 9 7 0 2 4 11 10 14 1 12 8 5 
273,2.04989e-06,2.38632e-06,1.91817e-06,50,100,100,419054,6 3 13 9 7 0 2 4 11 10 14 1 12 8 5 
274,2.05084e-06,2.38632e-06,1.86496e-06,50,100,100,419054,6 3 13 9 7 0 2 4 11 10 14 1 12 8 5 
275,2.06116e-06,2.38632e-06,1.90403e-06,50,100,100,419054,6 3 13 9 7 0 2 4 11 10 14 1 12 8 5 
276,2.05045e-06,2.38632e-06,1.88477e-06,50,100,100,419054,6 3 13 9 7 0 2 4 11 10 14 1 12 8 5 
277,2.05787e-06,2.38632e-06,1.91098e-06,50,100,100,419054,6 3 13 9 7 0 2 4 11 10 14 1 12 8 5 
278,2.06032e-06,2.38632e-06,1.87618e-06,50,100,100,419054,6 3 13 9 7 0 2 4 11 10 14 1 12 8 5 
279,2.05884e-06,2.38632e-06,1.90702e-06,50,100,100,419054,6 3 13 9 7 0 2 4 11 10 14 1 12 8 5 
280,2.06507e-06,2.38632e-06,1.89332e-06,50,100,100,419054,6 3 13 9 7 0 2 4 11 10 14 1 12 8 5 
281,2.06697e-06,2.38632e-06,1.92748e-06,50,100,100,419054,6 3 13 9 7 0 2 4 11 10 14 1 12 8 5 
282,2.05304e-06,2.38632e-06,1.8701e-06,50,100,100,419054,6 3 13 9 7 0 2 4 11 10 14 1 12 8 5 
283,2.05793e-06,2.39649e-06,1.89023e-06,50,100,100,417276,6 3 13 9 7 0 10 4 11 2 14 1 5 8 12 
284,2.061e-06,2.39649e-06,1.92521e-06,50,100,100,417276,6 3 13 9 7 0 10 4 11 2 14 1 5 8 12 
285,2.0617e-06,2.39649e-06,1.92505e-06,50,100,100,417276,6 3 13 9 7 0 10 4 11 2 14 1 5 8 12 
286,2.07113e-06,2.39649e-06,1.91974e-06,50,100,100,417276,6 3 13 9 7 0 10 4 11 2 14 1 5 8 12 
287,2.0664e-06,2.39649e-06,1.89073e-06,50,100,100,417276,6 3 13 9 7 0 10 4 11 2 14 1 5 8 12 
288,2.08042e-06,2.39649e-06,1.88382e-06,50,100,100,417276,6 3 13 9 7 0 10 4 11 2 14 1 5 8 12 
289,2.07257e-06,2.39649e-06,1.90031e-06,50,100,100,417276,6 3 13 9 7 0 10 4 11 2 14 1 5 8 12 
290,2.06431e-06,2.39649e-06,1.87335e-06,50,100,100,417276,6 3 13 9 7 0 10 4 11 2 14 1 5 8 12 
291,2.06423e-06,2.39649e-06,1.89494e-06,50,100,100,417276,6 3 13 9 7 0 10 4 11 2 14 1 5 8 12 
292,2.07257e-06,2.39649e-06,1.9318e-06,50,100,100,417276,6 3 13 9 7 0 10 4 11 2 14 1 5 8 12 
293,2.0698e-06,2.39649e-06,1.88336e-06,50,100,100,417276,6 3 13 9 7 0 10 4 11 2 14 1 5 8 12 
294,2.07912e-06,2.39649e-06,1.94368e-06,50,100,100,417276,6 3 13 9 7 0 10 4 11 2 14 1 5 8 12 
295,2.06577e-06,2.39649e-06,1.89183e-06,50,100,100,417276,6 3 13 9 7 0 10 4 11 2 14 1 5 8 12 
296,2.07115e-06,2.39649e-06,1.87372e-06,50,100,100,417276,6 3 13 9 7 0 10 4 11 2 14 1 5 8 12 
297,2.06466e-06,2.39649e-06,1.92613e-06,50,100,100,417276,6 3 13 9 7 0 10 4 11 2 14 1 5 8 12 
298,2.05967e-06,2.39649e-06,1.89925e-06,50,100,100,417276,6 3 13 9 7 0 10 4 11 2 14 1 5 8 12 
299,2.06823e-06,2.39649e-06,1.91147e-06,50,100,100,417276,6 3 13 9 7 0 10 4 11 2 14 1 5 8 12 
300,2.06445e-06,2.39649e-06,1.93381e-06,50,100,100,417276,6 3 13 9 7 0 10 4 11 2 14 1 5 8 12 
301,2.05253e-06,2.39649e-06,1.88241e-06,50,100,100,417276,6 3 13 9 7 0 10 4 11 2 14 1 5 8 12 
302,2.05743e-06,2.39649e-06,1.89758e-06,50,100,100,417276,6 3 13 9 7 0 10 4 11 2 14 1 5 8 12 
303,2.05147e-06,2.39649e-06,1.92195e-06,50,100,100,417276,6 3 13 9 7 0 10 4 11 2 14 1 5 8 12 
304,2.05371e-06,2.39649e-06,1.90665e-06,50,100,100,417276,6 3 13 9 7 0 10 4 11 2 14 1 5 8 12 
305,2.06262e-06,2.39649e-06,1.90579e-06,50,100,100,417276,6 3 13 9 7 0 10 4 11 2 14 1 5 8 12 
306,2.07089e-06,2.39649e-06,1.94119e-06,50,100,100,417276,6 3 13 9 7 0 10 4 11 2 14 1 5 8 12 
307,2.06826e-06,2.39649e-06,1.92856e-06,50,100,100,417276,6 3 13 9 7 0 10 4 11 2 14 1 5 8 12 
308,2.06294e-06,2.39649e-06,1.89328e-06,50,100,100,417276,6 3 13 9 7 0 10 4 11 2 14 1 5 8 12 
309,2.06786e-06,2.39649e-06,1.9016e-06,50,100,100,417276,6 3 13 9 7 0 10 4 11 2 14 1 5 8 12 
310,2.05642e-06,2.39649e-06,1.89539e-06,50,100,100,417276,6 3 13 9 7 0 10 4 11 2 14 1 5 8 12 
311,2.05632e-06,2.39649e-06,1.90241e-06,50,100,100,417276,6 3 13 9 7 0 10 4 11 2 14 1 5 8 12 
312,2.0563e-06,2.39649e-06,1.92831e-06,50,100,100,417276,6 3 13 9 7 0 10 4 11 2 14 1 5 8 12 
313,2.06837e-06,2.39649e-06,1.91154e-06,50,100,100,417276,6 3 13 9 7 0 10 4 11 2 14 1 5 8 12 
314,2.06977e-06,2.39649e-06,1.94008e-06,50,100,100,417276,6 3 13 9 7 0 10 4 11 2 14 1 5 8 12 
315,2.06135e-06,2.39649e-06,1.87238e-06,50,100,100,417276,6 3 13 9 7 0 10 4 11 2 14 1 5 8 12 
316,2.06667e-06,2.39649e-06,1.91875e-06,50,100,100,417276,6 3 13 9 7 0 10 4 11 2 14 1 5 8 12 
317,2.05579e-06,2.39649e-06,1.90645e-06,50,100,100,417276,6 3 13 9 7 0 10 4 11 2 14 1 5 8 12 
318,2.06242e-06,2.39649e-06,1.90363e-06,50,100,100,417276,6 3 13 9 7 0 10 4 11 2 14 1 5 8 12 
319,2.07048e-06,2.39649e-06,1.92452e-06,50,100,100,417276,6 3 13 9 7 0 10 4 11 2 14 1 5 8 12 
320,2.06887e-06,2.39649e-06,1.92643e-06,50,100,100,417276,6 3 13 9 7 0 10 4 11 2 14 1 5 8 12 
321,2.0776e-06,2.39649e-06,1.94321e-06,50,100,100,417276,6 3 13 9 7 0 10 4 11 2 14 1 5 8 12 
322,2.07084e-06,2.39649e-06,1.89621e-06,50,100,100,417276,6 3 13 9 7 0 10 4 11 2 14 1 5 8 12 
323,2.04677e-06,2.39649e-06,1.90547e-06,50,100,100,417276,6 3 13 9 7 0 10 4 11 2 14 1 5 8 12 
324,2.05127e-06,2.39649e-06,1.90044e-06,50,100,100,417276,6 3 13 9 7 0 10 4 11 2 14 1 5 8 12 
325,2.05296e-06,2.39649e-06,1.90933e-06,50,100,100,417276,6 3 13 9 7 0 10 4 11 2 14 1 5 8 12 
326,2.05197e-06,2.39649e-06,1.87518e-06,50,100,100,417276,6 3 13 9 7 0 10 4 11 2 14 1 5 8 12 
327,2.05583e-06,2.39649e-06,1.89446e-06,50,100,100,417276,6 3 13 9 7 0 10 4 11 2 14 1 5 8 12 
328,2.06781e-06,2.39649e-06,1.92607e-06,50,100,100,417276,6 3 13 9 7 0 10 4 11 2 14 1 5 8 12 
329,2.06439e-06,2.39649e-06,1.9133e-06,50,100,100,417276,6 3 13 9 7 0 10 4 11 2 14 1 5 8 12 
330,2.05772e-06,2.39649e-06,1.89489e-06,50,100,100,417276,6 3 13 9 7 0 10 4 11 2 14 1 5 8 12 
331,2.06149e-06,2.39649e-06,1.87212e-06,50,100,100,417276,6 3 13 9 7 0 10 4 11 2 14 1 5 8 12 
332,2.06249e-06,2.39649e-06,1.93644e-06,50,100,100,417276,6 3 13 9 7 0 10 4 11 2 14 1 5 8 12 
333,2.05302e-06,2.39649e-06,1.91256e-06,50,100,100,417276,6 3 13 9 7 0 10 4 11 2 14 1 5 8 12 
334,2.0599e-06,2.39649e-06,1.91403e-06,50,100,100,417276,6 3 13 9 7 0 10 4 11 2 14 1 5 8 12 
335,2.07125e-06,2.39649e-06,1.91922e-06,50,100,100,417276,6 3 13 9 7 0 10 4 11 2 14 1 5 8 12 
336,2.04643e-06,2.39649e-06,1.87904e-06,50,100,100,417276,6 3 13 9 7 0 10 4 11 2 14 1 5 8 12 
337,2.06885e-06,2.39649e-06,1.90693e-06,50,100,100,417276,6 3 13 9 7 0 10 4 11 2 14 1 5 8 12 
338,2.06195e-06,2.39649e-06,1.89239e-06,50,100,100,417276,6 3 13 9 7 0 10 4 11 2 14 1 5 8 12 
339,2.06314e-06,2.39649e-06,1.90852e-06,50,100,100,417276,6 3 13 9 7 0 10 4 11 2 14 1 5 8 12 
340,2.06958e-06,2.39649e-06,1.9022e-06,50,100,100,417276,6 3 13 9 7 0 10 4 11 2 14 1 5 8 12 
341,2.06098e-06,2.39649e-06,1.907e-06,50,100,100,417276,6 3 13 9 7 0 10 4 11 2 14 1 5 8 12 
342,2.07616e-06,2.39649e-06,1.94915e-06,50,100,100,417276,6 3 13 9 7 0 10 4 11 2 14 1 5 8 12 
343,2.07736e-06,2.39649e-06,1.93257e-06,50,100,100,417276,6 3 13 9 7 0 10 4 11 2 14 1 5 8 12 
344,2.0868e-06,2.39649e-06,1.96561e-06,50,100,100,417276,6 3 13 9 7 0 10 4 11 2 14 1 5 8 12 
345,2.08203e-06,2.39649e-06,1.92492e-06,50,100,100,417276,6 3 13 9 7 0 10 4 11 2 14 1 5 8 12 
346,2.06082e-06,2.39649e-06,1.82848e-06,50,100,100,417276,6 3 13 9 7 0 10 4 11 2 14 1 5 8 12 
347,2.07902e-06,2.39649e-06,1.89303e-06,50,100,100,417276,6 3 13 9 7 0 10 4 11 2 14 1 5 8 12 
348,2.06302e-06,2.39649e-06,1.88212e-06,50,100,100,417276,6 3 13 9 7 0 10 4 11 2 14 1 5 8 12 
349,2.0642e-06,2.39649e-06,1.89356e-06,50,100,100,417276,6 3 13 9 7 0 10 4 11 2 14 1 5 8 12 
350,2.06568e-06,2.39649e-06,1.92292e-06,50,100,100,417276,6 3 13 9 7 0 10 4 11 2 14 1 5 8 12 
351,2.06494e-06,2.39649e-06,1.92038e-06,50,100,100,417276,6 3 13 9 7 0 10 4 11 2 14 1 5 8 12 
352,2.06278e-06,2.39649e-06,1.92597e-06,50,100,100,417276,6 3 13 9 7 0 10 4 11 2 14 1 5 8 12 
353,2.06528e-06,2.39649e-06,1.92206e-06,50,100,100,417276,6 3 13 9 7 0 10 4 11 2 14 1 5 8 12 
354,2.06661e-06,2.39649e-06,1.9098e-06,50,100,100,417276,6 3 13 9 7 0 10 4 11 2 14 1 5 8 12 
355,2.07199e-06,2.39649e-06,1.90325e-06,50,100,100,417276,6 3 13 9 7 0 10 4 11 2 14 1 5 8 12 
356,2.0693e-06,2.39649e-06,1.85707e-06,50,100,100,417276,6 3 13 9 7 0 10 4 11 2 14 1 5 8 12 
357,2.06689e-06,2.39649e-06,1.90747e-06,50,100,100,417276,6 3 13 9 7 0 10 4 11 2 14 1 5 8 12 
358,2.07342e-06,2.39649e-06,1.90425e-06,50,100,100,417276,6 3 13 9 7 0 10 4 11 2 14 1 5 8 12 
359,2.06679e-06,2.39649e-06,1.91398e-06,50,100,100,417276,6 3 13 9 7 0 10 4 11 2 14 1 5 8 12 
360,2.06519e-06,2.39649e-06,1.93676e-06,50,100,100,417276,6 3 13 9 7 0 10 4 11 2 14 1 5 8 12 
361,2.06441e-06,2.39649e-06,1.92099e-06,50,100,100,417276,6 3 13 9 7 0 10 4 11 2 14 1 5 8 12 
362,2.05901e-06,2.39649e-06,1.90387e-06,50,100,100,417276,6 3 13 9 7 0 10 4 11 2 14 1 5 8 12 
363,2.0575e-06,2.39649e-06,1.93595e-06,50,100,100,417276,6 3 13 9 7 0 10 4 11 2 14 1 5 8 12 
364,2.05879e-06,2.39649e-06,1.91401e-06,50,100,100,417276,6 3 13 9 7 0 10 4 11 2 14 1 5 8 12 
365,2.05658e-06,2.39649e-06,1.91673e-06,50,100,100,417276,6 3 13 9 7 0 10 4 11 2 14 1 5 8 12 
366,2.07397e-06,2.39649e-06,1.95339e-06,50,100,100,417276,6 3 13 9 7 0 10 4 11 2 14 1 5 8 12 
367,2.06297e-06,2.39649e-06,1.903e-06,50,100,100,417276,6 3 13 9 7 0 10 4 11 2 14 1 5 8 12 
368,2.06304e-06,2.39649e-06,1.85561e-06,50,100,100,417276,6 3 13 9 7 0 10 4 11 2 14 1 5 8 12 
369,2.06775e-06,2.39649e-06,1.90397e-06,50,100,100,417276,6 3 13 9 7 0 10 4 11 2 14 1 5 8 12 
370,2.0532e-06,2.39649e-06,1.89937e-06,50,100,100,417276,6 3 13 9 7 0 10 4 11 2 14 1 5 8 12 
371,2.07034e-06,2.39649e-06,1.93821e-06,50,100,100,417276,6 3 13 9 7 0 10 4 11 2 14 1 5 8 12 
372,2.07101e-06,2.39649e-06,1.93259e-06,50,100,100,417276,6 3 13 9 7 0 10 4 11 2 14 1 5 8 12 
373,2.07943e-06,2.39649e-06,1.92321e-06,50,100,100,417276,6 3 13 9 7 0 10 4 11 2 14 1 5 8 12 
374,2.07906e-06,2.39649e-06,1.9218e-06,50,100,100,417276,6 3 13 9 7 0 10 4 11 2 14 1 5 8 12 
375,2.068e-06,2.39649e-06,1.90413e-06,50,100,100,417276,6 3 13 9 7 0 10 4 11 2 14 1 5 8 12 
376,2.06796e-06,2.39649e-06,1.93601e-06,50,100,100,417276,6 3 13 9 7 0 10 4 11 2 14 1 5 8 12 
377,2.06399e-06,2.39649e-06,1.9234e-06,50,100,100,417276,6 3 13 9 7 0 10 4 11 2 14 1 5 8 12 
378,2.07157e-06,2.39649e-06,1.90056e-06,50,100,100,417276,6 3 13 9 7 0 10 4 11 2 14 1 5 8 12 
379,2.06204e-06,2.39649e-06,1.87852e-06,50,100,100,417276,6 3 13 9 7 0 10 4 11 2 14 1 5 8 12 
380,2.06829e-06,2.39649e-06,1.93416e-06,50,100,100,417276,6 3 13 9 7 0 10 4 11 2 14 1 5 8 12 
381,2.07097e-06,2.39649e-06,1.92143e-06,50,100,100,417276,6 3 13 9 7 0 10 4 11 2 14 1 5 8 12 
382,2.07235e-06,2.39649e-06,1.9319e-06,50,100,100,417276,6 3 13 9 7 0 10 4 11 2 14 1 5 8 12 
383,2.07296e-06,2.39649e-06,1.90112e-06,50,100,100,417276,6 3 13 9 7 0 10 4 11 2 14 1 5 8 12 
384,2.07118e-06,2.39649e-06,1.90186e-06,50,100,100,417276,6 3 13 9 7 0 10 4 11 2 14 1 5 8 12 
385,2.07094e-06,2.39649e-06,1.93795e-06,50,100,100,417276,6 3 13 9 7 0 10 4 11 2 14 1 5 8 12 
386,2.064e-06,2.39649e-06,1.89236e-06,50,100,100,417276,6 3 13 9 7 0 10 4 11 2 14 1 5 8 12 
387,2.06112e-06,2.39649e-06,1.90596e-06,50,100,100,417276,6 3 13 9 7 0 10 4 11 2 14 1 5 8 12 
388,2.07603e-06,2.39649e-06,1.9133e-06,50,100,100,417276,6 3 13 9 7 0 10 4 11 2 14 1 5 8 12 
389,2.06907e-06,2.39649e-06,1.89969e-06,50,100,100,417276,6 3 13 9 7 0 10 4 11 2 14 1 5 8 12 
390,2.06419e-06,2.39649e-06,1.9196e-06,50,100,100,417276,6 3 13 9 7 0 10 4 11 2 14 1 5 8 12 
391,2.07812e-06,2.39649e-06,1.94789e-06,50,100,100,417276,6 3 13 9 7 0 10 4 11 2 14 1 5 8 12 
392,2.07313e-06,2.39649e-06,1.92509e-06,50,100,100,417276,6 3 13 9 7 0 10 4 11 2 14 1 5 8 12 
393,2.06414e-06,2.39649e-06,1.91778e-06,50,100,100,417276,6 3 13 9 7 0 10 4 11 2 14 1 5 8 12 
394,2.06545e-06,2.39649e-06,1.8937e-06,50,100,100,417276,6 3 13 9 7 0 10 4 11 2 14 1 5 8 12 
395,2.05885e-06,2.39649e-06,1.91826e-06,50,100,100,417276,6 3 13 9 7 0 10 4 11 2 14 1 5 8 12 
396,2.05854e-06,2.39649e-06,1.92786e-06,50,100,100,417276,6 3 13 9 7 0 10 4 11 2 14 1 5 8 12 
397,2.06515e-06,2.39649e-06,1.88592e-06,50,100,100,417276,6 3 13 9 7 0 10 4 11 2 14 1 5 8 12 
398,2.05141e-06,2.39649e-06,1.91415e-06,50,100,100,417276,6 3 13 9 7 0 10 4 11 2 14 1 5 8 12 
399,2.05628e-06,2.39649e-06,1.89904e-06,50,100,100,417276,6 3 13 9 7 0 10 4 11 2 14 1 5 8 12 
400,2.06037e-06,2.39649e-06,1.91149e-06,50,100,100,417276,6 3 13 9 7 0 10 4 11 2 14 1 5 8 12 
401,2.0597e-06,2.39649e-06,1.91007e-06,50,100,100,417276,6 3 13 9 7 0 10 4 11 2 14 1 5 8 12 
402,2.05276e-06,2.39649e-06,1.9143e-06,50,100,100,417276,6 3 13 9 7 0 10 4 11 2 14 1 5 8 12 
403,2.05665e-06,2.39649e-06,1.92506e-06,50,100,100,417276,6 3 13 9 7 0 10 4 11 2 14 1 5 8 12 
404,2.05825e-06,2.39649e-06,1.92574e-06,50,100,100,417276,6 3 13 9 7 0 10 4 11 2 14 1 5 8 12 
405,2.059e-06,2.39649e-06,1.89361e-06,50,100,100,417276,6 3 13 9 7 0 10 4 11 2 14 1 5 8 12 
406,2.05761e-06,2.39649e-06,1.92501e-06,50,100,100,417276,6 3 13 9 7 0 10 4 11 2 14 1 5 8 12 
407,2.06255e-06,2.39649e-06,1.94495e-06,50,100,100,417276,6 3 13 9 7 0 10 4 11 2 14 1 5 8 12 
408,2.06994e-06,2.39649e-06,1.92764e-06,50,100,100,417276,6 3 13 9 7 0 10 4 11 2 14 1 5 8 12 
409,2.07456e-06,2.44636e-06,1.89526e-06,50,100,100,408770,8 3 2 9 7 0 6 4 11 13 14 1 5 10 12 
410,2.08981e-06,2.44636e-06,1.90742e-06,50,100,100,408770,8 3 2 9 7 0 6 4 11 13 14 1 5 10 12 
411,2.07868e-06,2.44636e-06,1.92998e-06,50,100,100,408770,8 3 2 9 7 0 6 4 11 13 14 1 5 10 12 
412,2.07315e-06,2.44636e-06,1.90465e-06,50,100,100,408770,8 3 2 9 7 0 6 4 11 13 14 1 5 10 12 
413,2.05689e-06,2.44636e-06,1.89688e-06,50,100,100,408770,8 3 2 9 7 0 6 4 11 13 14 1 5 10 12 
414,2.057e-06,2.44636e-06,1.8698e-06,50,100,100,408770,8 3 2 9 7 0 6 4 11 13 14 1 5 10 12 
415,2.06219e-06,2.44636e-06,1.92707e-06,50,100,100,408770,8 3 2 9 7 0 6 4 11 13 14 1 5 10 12 
416,2.06009e-06,2.44636e-06,1.93419e-06,50,100,100,408770,8 3 2 9 7 0 6 4 11 13 14 1 5 10 12 
417,2.05969e-06,2.44636e-06,1.94275e-06,50,100,100,408770,8 3 2 9 7 0 6 4 11 13 14 1 5 10 12 
418,2.06399e-06,2.44636e-06,1.91913e-06,50,100,100,408770,8 3 2 9 7 0 6 4 11 13 14 1 5 10 12 
419,2.07117e-06,2.44636e-06,1.94752e-06,50,100,100,408770,8 3 2 9 7 0 6 4 11 13 14 1 5 10 12 
420,2.06355e-06,2.44636e-06,1.9026e-06,50,100,100,408770,8 3 2 9 7 0 6 4 11 13 14 1 5 10 12 
421,2.07135e-06,2.44636e-06,1.88211e-06,50,100,100,408770,8 3 2 9 7 0 6 4 11 13 14 1 5 10 12 
422,2.05981e-06,2.44636e-06,1.91776e-06,50,100,100,408770,8 3 2 9 7 0 6 4 11 13 14 1 5 10 12 
423,2.06536e-06,2.44636e-06,1.921e-06,50,100,100,408770,8 3 2 9 7 0 6 4 11 13 14 1 5 10 12 
424,2.06982e-06,2.44636e-06,1.93797e-06,50,100,100,408770,8 3 2 9 7 0 6 4 11 13 14 1 5 10 12 
425,2.05562e-06,2.44636e-06,1.91543e-06,50,100,100,408770,8 3 2 9 7 0 6 4 11 13 14 1 5 10 12 
426,2.07163e-06,2.44636e-06,1.93381e-06,50,100,100,408770,8 3 2 9 7 0 6 4 11 13 14 1 5 10 12 
427,2.07219e-06,2.44636e-06,1.90886e-06,50,100,100,408770,8 3 2 9 7 0 6 4 11 13 14 1 5 10 12 
428,2.06573e-06,2.44636e-06,1.90933e-06,50,100,100,408770,8 3 2 9 7 0 6 4 11 13 14 1 5 10 12 
429,2.06325e-06,2.44636e-06,1.9051e-06,50,100,100,408770,8 3 2 9 7 0 6 4 11 13 14 1 5 10 12 
430,2.06634e-06,2.44636e-06,1.87841e-06,50,100,100,408770,8 3 2 9 7 0 6 4 11 13 14 1 5 10 12 
431,2.06685e-06,2.44636e-06,1.90988e-06,50,100,100,408770,8 3 2 9 7 0 6 4 11 13 14 1 5 10 12 
432,2.06098e-06,2.44636e-06,1.8792e-06,50,100,100,408770,8 3 2 9 7 0 6 4 11 13 14 1 5 10 12 
433,2.05583e-06,2.44636e-06,1.91991e-06,50,100,100,408770,8 3 2 9 7 0 6 4 11 13 14 1 5 10 12 
434,2.0604e-06,2.44636e-06,1.91573e-06,50,100,100,408770,8 3 2 9 7 0 6 4 11 13 14 1 5 10 12 
435,2.05456e-06,2.44636e-06,1.91221e-06,50,100,100,408770,8 3 2 9 7 0 6 4 11 13 14 1 5 10 12 
436,2.07256e-06,2.44636e-06,1.9392e-06,50,100,100,408770,8 3 2 9 7 0 6 4 11 13 14 1 5 10 12 
437,2.06643e-06,2.44636e-06,1.94566e-06,50,100,100,408770,8 3 2 9 7 0 6 4 11 13 14 1 5 10 12 
438,2.04983e-06,2.44636e-06,1.90348e-06,50,100,100,408770,8 3 2 9 7 0 6 4 11 13 14 1 5 10 12 
439,2.06614e-06,2.44636e-06,1.92448e-06,50,100,100,408770,8 3 2 9 7 0 6 4 11 13 14 1 5 10 12 
440,2.06934e-06,2.44636e-06,1.90813e-06,50,100,100,408770,8 3 2 9 7 0 6 4 11 13 14 1 5 10 12 
441,2.05393e-06,2.44636e-06,1.9376e-06,50,100,100,408770,8 3 2 9 7 0 6 4 11 13 14 1 5 10 12 
442,2.0751e-06,2.44636e-06,1.87381e-06,50,100,100,408770,8 3 2 9 7 0 6 4 11 13 14 1 5 10 12 
443,2.06299e-06,2.44636e-06,1.92451e-06,50,100,100,408770,8 3 2 9 7 0 6 4 11 13 14 1 5 10 12 
444,2.05961e-06,2.44636e-06,1.92484e-06,50,100,100,408770,8 3 2 9 7 0 6 4 11 13 14 1 5 10 12 
445,2.06364e-06,2.44636e-06,1.91707e-06,50,100,100,408770,8 3 2 9 7 0 6 4 11 13 14 1 5 10 12 
446,2.06642e-06,2.44636e-06,1.91182e-06,50,100,100,408770,8 3 2 9 7 0 6 4 11 13 14 1 5 10 12 
447,2.0587e-06,2.44636e-06,1.89218e-06,50,100,100,408770,8 3 2 9 7 0 6 4 11 13 14 1 5 10 12 
448,2.08226e-06,2.44636e-06,1.94113e-06,50,100,100,408770,8 3 2 9 7 0 6 4 11 13 14 1 5 10 12 
449,2.08683e-06,2.44636e-06,1.93399e-06,50,100,100,408770,8 3 2 9 7 0 6 4 11 13 14 1 5 10 12 
450,2.08881e-06,2.44636e-06,1.91926e-06,50,100,100,408770,8 3 2 9 7 0 6 4 11 13 14 1 5 10 12 
451,2.07636e-06,2.44636e-06,1.89806e-06,50,100,100,408770,8 3 2 9 7 0 6 4 11 13 14 1 5 10 12 
452,2.08327e-06,2.44636e-06,1.93961e-06,50,100,100,408770,8 3 2 9 7 0 6 4 11 13 14 1 5 10 12 
453,2.08003e-06,2.44636e-06,1.89664e-06,50,100,100,408770,8 3 2 9 7 0 6 4 11 13 14 1 5 10 12 
454,2.07492e-06,2.44636e-06,1.92246e-06,50,100,100,408770,8 3 2 9 7 0 6 4 11 13 14 1 5 10 12 
455,2.08194e-06,2.44636e-06,1.93965e-06,50,100,100,408770,8 3 2 9 7 0 6 4 11 13 14 1 5 10 12 
456,2.06613e-06,2.44636e-06,1.94869e-06,50,100,100,408770,8 3 2 9 7 0 6 4 11 13 14 1 5 10 12 
457,2.07152e-06,2.44636e-06,1.92516e-06,50,100,100,408770,8 3 2 9 7 0 6 4 11 13 14 1 5 10 12 
458,2.06564e-06,2.44636e-06,1.90175e-06,50,100,100,408770,8 3 2 9 7 0 6 4 11 13 14 1 5 10 12 
459,2.07317e-06,2.44636e-06,1.89436e-06,50,100,100,408770,8 3 2 9 7 0 6 4 11 13 14 1 5 10 12 
460,2.06339e-06,2.44636e-06,1.92103e-06,50,100,100,408770,8 3 2 9 7 0 6 4 11 13 14 1 5 10 12 
461,2.06385e-06,2.44636e-06,1.89833e-06,50,100,100,408770,8 3 2 9 7 0 6 4 11 13 14 1 5 10 12 
462,2.07017e-06,2.44636e-06,1.89633e-06,50,100,100,408770,8 3 2 9 7 0 6 4 11 13 14 1 5 10 12 
463,2.06873e-06,2.44636e-06,1.93027e-06,50,100,100,408770,8 3 2 9 7 0 6 4 11 13 14 1 5 10 12 
464,2.05067e-06,2.44636e-06,1.88696e-06,50,100,100,408770,8 3 2 9 7 0 6 4 11 13 14 1 5 10 12 
465,2.06448e-06,2.44636e-06,1.90308e-06,50,100,100,408770,8 3 2 9 7 0 6 4 11 13 14 1 5 10 12 
466,2.06641e-06,2.46958e-06,1.86273e-06,50,100,100,404926,9 3 2 8 7 0 6 4 11 13 14 1 5 10 12 
467,2.07992e-06,2.46958e-06,1.9378e-06,50,100,100,404926,9 3 2 8 7 0 6 4 11 13 14 1 5 10 12 
468,2.06812e-06,2.46958e-06,1.90101e-06,50,100,100,404926,9 3 2 8 7 0 6 4 11 13 14 1 5 10 12 
469,2.07128e-06,2.46958e-06,1.92492e-06,50,100,100,404926,9 3 2 8 7 0 6 4 11 13 14 1 5 10 12 
470,2.06354e-06,2.46958e-06,1.91267e-06,50,100,100,404926,9 3 2 8 7 0 6 4 11 13 14 1 5 10 12 
471,2.07226e-06,2.46958e-06,1.93328e-06,50,100,100,404926,9 3 2 8 7 0 6 4 11 13 14 1 5 10 12 
472,2.0808e-06,2.46958e-06,1.91278e-06,50,100,100,404926,9 3 2 8 7 0 6 4 11 13 14 1 5 10 12 
473,2.06757e-06,2.46958e-06,1.9181e-06,50,100,100,404926,9 3 2 8 7 0 6 4 11 13 14 1 5 10 12 
474,2.06885e-06,2.46958e-06,1.91582e-06,50,100,100,404926,9 3 2 8 7 0 6 4 11 13 14 1 5 10 12 
475,2.06595e-06,2.46958e-06,1.92508e-06,50,100,100,404926,9 3 2 8 7 0 6 4 11 13 14 1 5 10 12 
476,2.07878e-06,2.46958e-06,1.9296e-06,50,100,100,404926,9 3 2 8 7 0 6 4 11 13 14 1 5 10 12 
477,2.06542e-06,2.46958e-06,1.92176e-06,50,100,100,404926,9 3 2 8 7 0 6 4 11 13 14 1 5 10 12 
478,2.06164e-06,2.46958e-06,1.88687e-06,50,100,100,404926,9 3 2 8 7 0 6 4 11 13 14 1 5 10 12 
479,2.06512e-06,2.46958e-06,1.94795e-06,50,100,100,404926,9 3 2 8 7 0 6 4 11 13 14 1 5 10 12 
480,2.06454e-06,2.46958e-06,1.89136e-06,50,100,100,404926,9 3 2 8 7 0 6 4 11 13 14 1 5 10 12 
481,2.07283e-06,2.46958e-06,1.92651e-06,50,100,100,404926,9 3 2 8 7 0 6 4 11 13 14 1 5 10 12 
482,2.06494e-06,2.46958e-06,1.88075e-06,50,100,100,404926,9 3 2 8 7 0 6 4 11 13 14 1 5 10 12 
483,2.07191e-06,2.46958e-06,1.94056e-06,50,100,100,404926,9 3 2 8 7 0 6 4 11 13 14 1 5 10 12 
484,2.06989e-06,2.46958e-06,1.90361e-06,50,100,100,404926,9 3 2 8 7 0 6 4 11 13 14 1 5 10 12 
485,2.06778e-06,2.46958e-06,1.9087e-06,50,100,100,404926,9 3 2 8 7 0 6 4 11 13 14 1 5 10 12 
486,2.06571e-06,2.46958e-06,1.9225e-06,50,100,100,404926,9 3 2 8 7 0 6 4 11 13 14 1 5 10 12 
487,2.07089e-06,2.46958e-06,1.91471e-06,50,100,100,404926,9 3 2 8 7 0 6 4 11 13 14 1 5 10 12 
488,2.06498e-06,2.46958e-06,1.93472e-06,50,100,100,404926,9 3 2 8 7 0 6 4 11 13 14 1 5 10 12 
489,2.0653e-06,2.46958e-06,1.90159e-06,50,100,100,404926,9 3 2 8 7 0 6 4 11 13 14 1 5 10 12 
490,2.06721e-06,2.46958e-06,1.91515e-06,50,100,100,404926,9 3 2 8 7 0 6 4 11 13 14 1 5 10 12 
491,2.07099e-06,2.46958e-06,1.94817e-06,50,100,100,404926,9 3 2 8 7 0 6 4 11 13 14 1 5 10 12 
492,2.04989e-06,2.46958e-06,1.90441e-06,50,100,100,404926,9 3 2 8 7 0 6 4 11 13 14 1 5 10 12 
493,2.05939e-06,2.46958e-06,1.87787e-06,50,100,100,404926,9 3 2 8 7 0 6 4 11 13 14 1 5 10 12 
494,2.06449e-06,2.46958e-06,1.89965e-06,50,100,100,404926,9 3 2 8 7 0 6 4 11 13 14 1 5 10 12 
495,2.06264e-06,2.46958e-06,1.88168e-06,50,100,100,404926,9 3 2 8 7 0 6 4 11 13 14 1 5 10 12 
496,2.06744e-06,2.46958e-06,1.9321e-06,50,100,100,404926,9 3 2 8 7 0 6 4 11 13 14 1 5 10 12 
497,2.06072e-06,2.46958e-06,1.91472e-06,50,100,100,404926,9 3 2 8 7 0 6 4 11 13 14 1 5 10 12 
498,2.0522e-06,2.46958e-06,1.89677e-06,50,100,100,404926,9 3 2 8 7 0 6 4 11 13 14 1 5 10 12 
499,2.06147e-06,2.46958e-06,1.89222e-06,50,100,100,404926,9 3 2 8 7 0 6 4 11 13 14 1 5 10 12 
500,2.06115e-06,2.46958e-06,1.92478e-06,50,100,100,404926,9 3 2 8 7 0 6 4 11 13 14 1 5 10 12 
501,2.05727e-06,2.46958e-06,1.88473e-06,50,100,100,404926,9 3 2 8 7 0 6 4 11 13 14 1 5 10 12 
502,2.05584e-06,2.46958e-06,1.89645e-06,50,100,100,404926,9 3 2 8 7 0 6 4 11 13 14 1 5 10 12 
503,2.06601e-06,2.46958e-06,1.902e-06,50,100,100,404926,9 3 2 8 7 0 6 4 11 13 14 1 5 10 12 
504,2.06037e-06,2.46958e-06,1.91282e-06,50,100,100,404926,9 3 2 8 7 0 6 4 11 13 14 1 5 10 12 
505,2.06585e-06,2.46958e-06,1.92556e-06,50,100,100,404926,9 3 2 8 7 0 6 4 11 13 14 1 5 10 12 
506,2.06948e-06,2.46958e-06,1.91203e-06,50,100,100,404926,9 3 2 8 7 0 6 4 11 13 14 1 5 10 12 
507,2.07693e-06,2.46958e-06,1.91296e-06,50,100,100,404926,9 3 2 8 7 0 6 4 11 13 14 1 5 10 12 
508,2.07666e-06,2.46958e-06,1.93044e-06,50,100,100,404926,9 3 2 8 7 0 6 4 11 13 14 1 5 10 12 
509,2.0645e-06,2.46958e-06,1.93709e-06,50,100,100,404926,9 3 2 8 7 0 6 4 11 13 14 1 5 10 12 
510,2.07265e-06,2.46958e-06,1.89238e-06,50,100,100,404926,9 3 2 8 7 0 6 4 11 13 14 1 5 10 12 
511,2.06766e-06,2.46958e-06,1.91601e-06,50,100,100,404926,9 3 2 8 7 0 6 4 11 13 14 1 5 10 12 
512,2.06988e-06,2.46958e-06,1.93474e-06,50,100,100,404926,9 3 2 8 7 0 6 4 11 13 14 1 5 10 12 
513,2.0604e-06,2.46958e-06,1.90026e-06,50,100,100,404926,9 3 2 8 7 0 6 4 11 13 14 1 5 10 12 
514,2.06721e-06,2.46958e-06,1.92774e-06,50,100,100,404926,9 3 2 8 7 0 6 4 11 13 14 1 5 10 12 
515,2.06412e-06,2.46958e-06,1.90159e-06,50,100,100,404926,9 3 2 8 7 0 6 4 11 13 14 1 5 10 12 
516,2.07633e-06,2.46958e-06,1.93529e-06,50,100,100,404926,9 3 2 8 7 0 6 4 11 13 14 1 5 10 12 
517,2.07607e-06,2.46958e-06,1.90932e-06,50,100,100,404926,9 3 2 8 7 0 6 4 11 13 14 1 5 10 12 
518,2.06636e-06,2.46958e-06,1.87156e-06,50,100,100,404926,9 3 2 8 7 0 6 4 11 13 14 1 5 10 12 
519,2.06503e-06,2.46958e-06,1.92935e-06,50,100,100,404926,9 3 2 8 7 0 6 4 11 13 14 1 5 10 12 
520,2.06174e-06,2.46958e-06,1.91466e-06,50,100,100,404926,9 3 2 8 7 0 6 4 11 13 14 1 5 10 12 
521,2.07187e-06,2.46958e-06,1.90204e-06,50,100,100,404926,9 3 2 8 7 0 6 4 11 13 14 1 5 10 12 
522,2.06665e-06,2.46958e-06,1.92483e-06,50,100,100,404926,9 3 2 8 7 0 6 4 11 13 14 1 5 10 12 
523,2.0729e-06,2.46958e-06,1.9457e-06,50,100,100,404926,9 3 2 8 7 0 6 4 11 13 14 1 5 10 12 
524,2.05599e-06,2.46958e-06,1.93226e-06,50,100,100,404926,9 3 2 8 7 0 6 4 11 13 14 1 5 10 12 
525,2.06702e-06,2.46958e-06,1.90295e-06,50,100,100,404926,9 3 2 8 7 0 6 4 11 13 14 1 5 10 12 
526,2.0837e-06,2.46958e-06,1.97357e-06,50,100,100,404926,9 3 2 8 7 0 6 4 11 13 14 1 5 10 12 
527,2.07174e-06,2.46958e-06,1.91498e-06,50,100,100,404926,9 3 2 8 7 0 6 4 11 13 14 1 5 10 12 
528,2.08146e-06,2.46958e-06,1.91911e-06,50,100,100,404926,9 3 2 8 7 0 6 4 11 13 14 1 5 10 12 
529,2.07894e-06,2.46958e-06,1.91e-06,50,100,100,404926,9 3 2 8 7 0 6 4 11 13 14 1 5 10 12 
530,2.07724e-06,2.46958e-06,1.91517e-06,50,100,100,404926,9 3 2 8 7 0 6 4 11 13 14 1 5 10 12 
531,2.07931e-06,2.46958e-06,1.89838e-06,50,100,100,404926,9 3 2 8 7 0 6 4 11 13 14 1 5 10 12 
532,2.07172e-06,2.46958e-06,1.92508e-06,50,100,100,404926,9 3 2 8 7 0 6 4 11 13 14 1 5 10 12 
533,2.05984e-06,2.46958e-06,1.90162e-06,50,100,100,404926,9 3 2 8 7 0 6 4 11 13 14 1 5 10 12 
534,2.07474e-06,2.46958e-06,1.92429e-06,50,100,100,404926,9 3 2 8 7 0 6 4 11 13 14 1 5 10 12 
535,2.07839e-06,2.46958e-06,1.92888e-06,50,100,100,404926,9 3 2 8 7 0 6 4 11 13 14 1 5 10 12 
536,2.08444e-06,2.46958e-06,1.89844e-06,50,100,100,404926,9 3 2 8 7 0 6 4 11 13 14 1 5 10 12 
537,2.09653e-06,2.46958e-06,1.92853e-06,50,100,100,404926,9 3 2 8 7 0 6 4 11 13 14 1 5 10 12 
538,2.0868e-06,2.46958e-06,1.94336e-06,50,100,100,404926,9 3 2 8 7 0 6 4 11 13 14 1 5 10 12 
539,2.06921e-06,2.46958e-06,1.90076e-06,50,100,100,404926,9 3 2 8 7 0 6 4 11 13 14 1 5 10 12 
540,2.07581e-06,2.46958e-06,1.87346e-06,50,100,100,404926,9 3 2 8 7 0 6 4 11 13 14 1 5 10 12 
541,2.0808e-06,2.46958e-06,1.87743e-06,50,100,100,404926,9 3 2 8 7 0 6 4 11 13 14 1 5 10 12 
542,2.08819e-06,2.46958e-06,1.96042e-06,50,100,100,404926,9 3 2 8 7 0 6 4 11 13 14 1 5 10 12 
543,2.07578e-06,2.46958e-06,1.90676e-06,50,100,100,404926,9 3 2 8 7 0 6 4 11 13 14 1 5 10 12 
544,2.07534e-06,2.46958e-06,1.91507e-06,50,100,100,404926,9 3 2 8 7 0 6 4 11 13 14 1 5 10 12 
545,2.09236e-06,2.46958e-06,1.94965e-06,50,100,100,404926,9 3 2 8 7 0 6 4 11 13 14 1 5 10 12 
546,2.06093e-06,2.46958e-06,1.92946e-06,50,100,100,404926,9 3 2 8 7 0 6 4 11 13 14 1 5 10 12 
547,2.0714e-06,2.46958e-06,1.90805e-06,50,100,100,404926,9 3 2 8 7 0 6 4 11 13 14 1 5 10 12 
548,2.07747e-06,2.46958e-06,1.92808e-06,50,100,100,404926,9 3 2 8 7 0 6 4 11 13 14 1 5 10 12 
549,2.06881e-06,2.46958e-06,1.92974e-06,50,100,100,404926,9 3 2 8 7 0 6 4 11 13 14 1 5 10 12 
550,2.05763e-06,2.46958e-06,1.92308e-06,50,100,100,404926,9 3 2 8 7 0 6 4 11 13 14 1 5 10 12 
551,2.06e-06,2.46958e-06,1.91202e-06,50,100,100,404926,9 3 2 8 7 0 6 4 11 13 14 1 5 10 12 
552,2.05849e-06,2.46958e-06,1.92033e-06,50,100,100,404926,9 3 2 8 7 0 6 4 11 13 14 1 5 10 12 
553,2.05999e-06,2.46958e-06,1.93207e-06,50,100,100,404926,9 3 2 8 7 0 6 4 11 13 14 1 5 10 12 
554,2.06467e-06,2.46958e-06,1.9423e-06,50,100,100,404926,9 3 2 8 7 0 6 4 11 13 14 1 5 10 12 
555,2.06201e-06,2.46958e-06,1.9052e-06,50,100,100,404926,9 3 2 8 7 0 6 4 11 13 14 1 5 10 12 
556,2.05052e-06,2.46958e-06,1.89666e-06,50,100,100,404926,9 3 2 8 7 0 6 4 11 13 14 1 5 10 12 
557,2.07002e-06,2.46958e-06,1.92465e-06,50,100,100,404926,9 3 2 8 7 0 6 4 11 13 14 1 5 10 12 
558,2.05493e-06,2.46958e-06,1.89986e-06,50,100,100,404926,9 3 2 8 7 0 6 4 11 13 14 1 5 10 12 
559,2.05562e-06,2.46958e-06,1.92257e-06,50,100,100,404926,9 3 2 8 7 0 6 4 11 13 14 1 5 10 12 
560,2.07135e-06,2.46958e-06,1.93603e-06,50,100,100,404926,9 3 2 8 7 0 6 4 11 13 14 1 5 10 12 
561,2.06824e-06,2.46958e-06,1.9002e-06,50,100,100,404926,9 3 2 8 7 0 6 4 11 13 14 1 5 10 12 
562,2.06474e-06,2.46958e-06,1.90731e-06,50,100,100,404926,9 3 2 8 7 0 6 4 11 13 14 1 5 10 12 
563,2.06836e-06,2.46958e-06,1.91566e-06,50,100,100,404926,9 3 2 8 7 0 6 4 11 13 14 1 5 10 12 
564,2.05569e-06,2.46958e-06,1.91639e-06,50,100,100,404926,9 3 2 8 7 0 6 4 11 13 14 1 5 10 12 
565,2.06174e-06,2.46958e-06,1.93443e-06,50,100,100,404926,9 3 2 8 7 0 6 4 11 13 14 1 5 10 12 
566,2.05291e-06,2.46958e-06,1.87453e-06,50,100,100,404926,9 3 2 8 7 0 6 4 11 13 14 1 5 10 12 
567,2.06081e-06,2.46958e-06,1.89427e-06,50,100,100,404926,9 3 2 8 7 0 6 4 11 13 14 1 5 10 12 
568,2.07053e-06,2.46958e-06,1.92047e-06,50,100,100,404926,9 3 2 8 7 0 6 4 11 13 14 1 5 10 12 
569,2.0671e-06,2.46958e-06,1.91161e-06,50,100,100,404926,9 3 2 8 7 0 6 4 11 13 14 1 5 10 12 
570,2.0535e-06,2.46958e-06,1.90872e-06,50,100,100,404926,9 3 2 8 7 0 6 4 11 13 14 1 5 10 12 
571,2.06444e-06,2.46958e-06,1.90578e-06,50,100,100,404926,9 3 2 8 7 0 6 4 11 13 14 1 5 10 12 
572,2.05976e-06,2.46958e-06,1.91525e-06,50,100,100,404926,9 3 2 8 7 0 6 4 11 13 14 1 5 10 12 
573,2.0498e-06,2.46958e-06,1.902e-06,50,100,100,404926,9 3 2 8 7 0 6 4 11 13 14 1 5 10 12 
574,2.06008e-06,2.46958e-06,1.93431e-06,50,100,100,404926,9 3 2 8 7 0 6 4 11 13 14 1 5 10 12 
575,2.06352e-06,2.46958e-06,1.90564e-06,50,100,100,404926,9 3 2 8 7 0 6 4 11 13 14 1 5 10 12 
576,2.08091e-06,2.46958e-06,1.95313e-06,50,100,100,404926,9 3 2 8 7 0 6 4 11 13 14 1 5 10 12 
577,2.06571e-06,2.46958e-06,1.91176e-06,50,100,100,404926,9 3 2 8 7 0 6 4 11 13 14 1 5 10 12 
578,2.07775e-06,2.46958e-06,1.94368e-06,50,100,100,404926,9 3 2 8 7 0 6 4 11 13 14 1 5 10 12 
579,2.07144e-06,2.46958e-06,1.89793e-06,50,100,100,404926,9 3 2 8 7 0 6 4 11 13 14 1 5 10 12 
580,2.06235e-06,2.46958e-06,1.91778e-06,50,100,100,404926,9 3 2 8 7 0 6 4 11 13 14 1 5 10 12 
581,2.06377e-06,2.46958e-06,1.92507e-06,50,100,100,404926,9 3 2 8 7 0 6 4 11 13 14 1 5 10 12 
582,2.07235e-06,2.46958e-06,1.91355e-06,50,100,100,404926,9 3 2 8 7 0 6 4 11 13 14 1 5 10 12 
583,2.07001e-06,2.46958e-06,1.93909e-06,50,100,100,404926,9 3 2 8 7 0 6 4 11 13 14 1 5 10 12 
584,2.06945e-06,2.46958e-06,1.94327e-06,50,100,100,404926,9 3 2 8 7 0 6 4 11 13 14 1 5 10 12 
585,2.07745e-06,2.46958e-06,1.90258e-06,50,100,100,404926,9 3 2 8 7 0 6 4 11 13 14 1 5 10 12 
586,2.0504e-06,2.46958e-06,1.90885e-06,50,100,100,404926,9 3 2 8 7 0 6 4 11 13 14 1 5 10 12 
587,2.05448e-06,2.46958e-06,1.89969e-06,50,100,100,404926,9 3 2 8 7 0 6 4 11 13 14 1 5 10 12 
588,2.06543e-06,2.46958e-06,1.89367e-06,50,100,100,404926,9 3 2 8 7 0 6 4 11 13 14 1 5 10 12 
589,2.06457e-06,2.46958e-06,1.89478e-06,50,100,100,404926,9 3 2 8 7 0 6 4 11 13 14 1 5 10 12 
590,2.06934e-06,2.46958e-06,1.89501e-06,50,100,100,404926,9 3 2 8 7 0 6 4 11 13 14 1 5 10 12 
591,2.06368e-06,2.46958e-06,1.89376e-06,50,100,100,404926,9 3 2 8 7 0 6 4 11 13 14 1 5 10 12 
592,2.06869e-06,2.46958e-06,1.90442e-06,50,100,100,404926,9 3 2 8 7 0 6 4 11 13 14 1 5 10 12 
593,2.07518e-06,2.46958e-06,1.89154e-06,50,100,100,404926,9 3 2 8 7 0 6 4 11 13 14 1 5 10 12 
594,2.07486e-06,2.46958e-06,1.9059e-06,50,100,100,404926,9 3 2 8 7 0 6 4 11 13 14 1 5 10 12 
595,2.07365e-06,2.46958e-06,1.93195e-06,50,100,100,404926,9 3 2 8 7 0 6 4 11 13 14 1 5 10 12 
596,2.07418e-06,2.46958e-06,1.8866e-06,50,100,100,404926,9 3 2 8 7 0 6 4 11 13 14 1 5 10 12 
597,2.06996e-06,2.46958e-06,1.90663e-06,50,100,100,404926,9 3 2 8 7 0 6 4 11 13 14 1 5 10 12 
598,2.07432e-06,2.46958e-06,1.89821e-06,50,100,100,404926,9 3 2 8 7 0 6 4 11 13 14 1 5 10 12 
599,2.06286e-06,2.46958e-06,1.91457e-06,50,100,100,404926,9 3 2 8 7 0 6 4 11 13 14 1 5 10 12 
600,2.07318e-06,2.46958e-06,1.93159e-06,50,100,100,404926,9 3 2 8 7 0 6 4 11 13 14 1 5 10 12 
601,2.06758e-06,2.46958e-06,1.91993e-06,50,100,100,404926,9 3 2 8 7 0 6 4 11 13 14 1 5 10 12 
602,2.06086e-06,2.46958e-06,1.89856e-06,50,100,100,404926,9 3 2 8 7 0 6 4 11 13 14 1 5 10 12 
603,2.0711e-06,2.46958e-06,1.91131e-06,50,100,100,404926,9 3 2 8 7 0 6 4 11 13 14 1 5 10 12 
604,2.0573e-06,2.46958e-06,1.89222e-06,50,100,100,404926,9 3 2 8 7 0 6 4 11 13 14 1 5 10 12 
605,2.06016e-06,2.46958e-06,1.92273e-06,50,100,100,404926,9 3 2 8 7 0 6 4 11 13 14 1 5 10 12 
606,2.06207e-06,2.46958e-06,1.90529e-06,50,100,100,404926,9 3 2 8 7 0 6 4 11 13 14 1 5 10 12 
607,2.05843e-06,2.46958e-06,1.87062e-06,50,100,100,404926,9 3 2 8 7 0 6 4 11 13 14 1 5 10 12 
608,2.06123e-06,2.46958e-06,1.89688e-06,50,100,100,404926,9 3 2 8 7 0 6 4 11 13 14 1 5 10 12 
609,2.07127e-06,2.46958e-06,1.90769e-06,50,100,100,404926,9 3 2 8 7 0 6 4 11 13 14 1 5 10 12 
610,2.07313e-06,2.46958e-06,1.95454e-06,50,100,100,404926,9 3 2 8 7 0 6 4 11 13 14 1 5 10 12 
611,2.0647e-06,2.46958e-06,1.93584e-06,50,100,100,404926,9 3 2 8 7 0 6 4 11 13 14 1 5 10 12 
612,2.07082e-06,2.46958e-06,1.93695e-06,50,100,100,404926,9 3 2 8 7 0 6 4 11 13 14 1 5 10 12 
613,2.06998e-06,2.46958e-06,1.9387e-06,50,100,100,404926,9 3 2 8 7 0 6 4 11 13 14 1 5 10 12 
614,2.06835e-06,2.46958e-06,1.91565e-06,50,100,100,404926,9 3 2 8 7 0 6 4 11 13 14 1 5 10 12 
615,2.07075e-06,2.46958e-06,1.91289e-06,50,100,100,404926,9 3 2 8 7 0 6 4 11 13 14 1 5 10 12 
616,2.07771e-06,2.46958e-06,1.90823e-06,50,100,100,404926,9 3 2 8 7 0 6 4 11 13 14 1 5 10 12 
617,2.07726e-06,2.46958e-06,1.92676e-06,50,100,100,404926,9 3 2 8 7 0 6 4 11 13 14 1 5 10 12 
618,2.0656e-06,2.46958e-06,1.90837e-06,50,100,100,404926,9 3 2 8 7 0 6 4 11 13 14 1 5 10 12 
619,2.06853e-06,2.46958e-06,1.90729e-06,50,100,100,404926,9 3 2 8 7 0 6 4 11 13 14 1 5 10 12 
620,2.07391e-06,2.46958e-06,1.93491e-06,50,100,100,404926,9 3 2 8 7 0 6 4 11 13 14 1 5 10 12 
621,2.07528e-06,2.46958e-06,1.89437e-06,50,100,100,404926,9 3 2 8 7 0 6 4 11 13 14 1 5 10 12 
622,2.08284e-06,2.46958e-06,1.90991e-06,50,100,100,404926,9 3 2 8 7 0 6 4 11 13 14 1 5 10 12 
623,2.08487e-06,2.46958e-06,1.9045e-06,50,100,100,404926,9 3 2 8 7 0 6 4 11 13 14 1 5 10 12 
624,2.08924e-06,2.46958e-06,1.92352e-06,50,100,100,404926,9 3 2 8 7 0 6 4 11 13 14 1 5 10 12 
625,2.08972e-06,2.46958e-06,1.93645e-06,50,100,100,404926,9 3 2 8 7 0 6 4 11 13 14 1 5 10 12 
626,2.08233e-06,2.46958e-06,1.88035e-06,50,100,100,404926,9 3 2 8 7 0 6 4 11 13 14 1 5 10 12 
627,2.08518e-06,2.46958e-06,1.92251e-06,50,100,100,404926,9 3 2 8 7 0 6 4 11 13 14 1 5 10 12 
628,2.0818e-06,2.46958e-06,1.93848e-06,50,100,100,404926,9 3 2 8 7 0 6 4 11 13 14 1 5 10 12 
629,2.08182e-06,2.46958e-06,1.90793e-06,50,100,100,404926,9 3 2 8 7 0 6 4 11 13 14 1 5 10 12 
630,2.08438e-06,2.46958e-06,1.94175e-06,50,100,100,404926,9 3 2 8 7 0 6 4 11 13 14 1 5 10 12 
631,2.08149e-06,2.46958e-06,1.88197e-06,50,100,100,404926,9 3 2 8 7 0 6 4 11 13 14 1 5 10 12 
632,2.08424e-06,2.46958e-06,1.94139e-06,50,100,100,404926,9 3 2 8 7 0 6 4 11 13 14 1 5 10 12 
633,2.10042e-06,2.46958e-06,1.95776e-06,50,100,100,404926,9 3 2 8 7 0 6 4 11 13 14 1 5 10 12 
634,2.06568e-06,2.46958e-06,1.88272e-06,50,100,100,404926,9 3 2 8 7 0 6 4 11 13 14 1 5 10 12 
635,2.06278e-06,2.46958e-06,1.90785e-06,50,100,100,404926,9 3 2 8 7 0 6 4 11 13 14 1 5 10 12 
636,2.07765e-06,2.46958e-06,1.92794e-06,50,100,100,404926,9 3 2 8 7 0 6 4 11 13 14 1 5 10 12 
637,2.07201e-06,2.46958e-06,1.93884e-06,50,100,100,404926,9 3 2 8 7 0 6 4 11 13 14 1 5 10 12 
638,2.05859e-06,2.46958e-06,1.9094e-06,50,100,100,404926,9 3 2 8 7 0 6 4 11 13 14 1 5 10 12 
639,2.07425e-06,2.46958e-06,1.92301e-06,50,100,100,404926,9 3 2 8 7 0 6 4 11 13 14 1 5 10 12 
640,2.08332e-06,2.46958e-06,1.92154e-06,50,100,100,404926,9 3 2 8 7 0 6 4 11 13 14 1 5 10 12 
641,2.05922e-06,2.46958e-06,1.90683e-06,50,100,100,404926,9 3 2 8 7 0 6 4 11 13 14 1 5 10 12 
642,2.07761e-06,2.46958e-06,1.93513e-06,50,100,100,404926,9 3 2 8 7 0 6 4 11 13 14 1 5 10 12 
643,2.06439e-06,2.46958e-06,1.88124e-06,50,100,100,404926,9 3 2 8 7 0 6 4 11 13 14 1 5 10 12 
644,2.06521e-06,2.46958e-06,1.92729e-06,50,100,100,404926,9 3 2 8 7 0 6 4 11 13 14 1 5 10 12 
645,2.06127e-06,2.46958e-06,1.8706e-06,50,100,100,404926,9 3 2 8 7 0 6 4 11 13 14 1 5 10 12 
646,2.06084e-06,2.46958e-06,1.91003e-06,50,100,100,404926,9 3 2 8 7 0 6 4 11 13 14 1 5 10 12 
647,2.06716e-06,2.46958e-06,1.94085e-06,50,100,100,404926,9 3 2 8 7 0 6 4 11 13 14 1 5 10 12 
648,2.07437e-06,2.46958e-06,1.93097e-06,50,100,100,404926,9 3 2 8 7 0 6 4 11 13 14 1 5 10 12 
649,2.07171e-06,2.46958e-06,1.89212e-06,50,100,100,404926,9 3 2 8 7 0 6 4 11 13 14 1 5 10 12 
650,2.07606e-06,2.46958e-06,1.9227e-06,50,100,100,404926,9 3 2 8 7 0 6 4 11 13 14 1 5 10 12 
651,2.0728e-06,2.46958e-06,1.90729e-06,50,100,100,404926,9 3 2 8 7 0 6 4 11 13 14 1 5 10 12 
652,2.06264e-06,2.46958e-06,1.89165e-06,50,100,100,404926,9 3 2 8 7 0 6 4 11 13 14 1 5 10 12 
653,2.07925e-06,2.46958e-06,1.94533e-06,50,100,100,404926,9 3 2 8 7 0 6 4 11 13 14 1 5 10 12 
654,2.06837e-06,2.46958e-06,1.93957e-06,50,100,100,404926,9 3 2 8 7 0 6 4 11 13 14 1 5 10 12 
655,2.08013e-06,2.46958e-06,1.94518e-06,50,100,100,404926,9 3 2 8 7 0 6 4 11 13 14 1 5 10 12 
656,2.0748e-06,2.46958e-06,1.94036e-06,50,100,100,404926,9 3 2 8 7 0 6 4 11 13 14 1 5 10 12 
657,2.07952e-06,2.46958e-06,1.93298e-06,50,100,100,404926,9 3 2 8 7 0 6 4 11 13 14 1 5 10 12 
658,2.06061e-06,2.46958e-06,1.89563e-06,50,100,100,404926,9 3 2 8 7 0 6 4 11 13 14 1 5 10 12 
659,2.07249e-06,2.46958e-06,1.89571e-06,50,100,100,404926,9 3 2 8 7 0 6 4 11 13 14 1 5 10 12 
660,2.07692e-06,2.46958e-06,1.9178e-06,50,100,100,404926,9 3 2 8 7 0 6 4 11 13 14 1 5 10 12 
661,2.07808e-06,2.46958e-06,1.93156e-06,50,100,100,404926,9 3 2 8 7 0 6 4 11 13 14 1 5 10 12 
662,2.06083e-06,2.46958e-06,1.88072e-06,50,100,100,404926,9 3 2 8 7 0 6 4 11 13 14 1 5 10 12 
663,2.0723e-06,2.46958e-06,1.86458e-06,50,100,100,404926,9 3 2 8 7 0 6 4 11 13 14 1 5 10 12 
664,2.06926e-06,2.46958e-06,1.92469e-06,50,100,100,404926,9 3 2 8 7 0 6 4 11 13 14 1 5 10 12 
665,2.057e-06,2.46958e-06,1.93203e-06,50,100,100,404926,9 3 2 8 7 0 6 4 11 13 14 1 5 10 12 
666,2.05332e-06,2.46958e-06,1.92186e-06,50,100,100,404926,9 3 2 8 7 0 6 4 11 13 14 1 5 10 12 
667,2.05818e-06,2.46958e-06,1.90525e-06,50,100,100,404926,9 3 2 8 7 0 6 4 11 13 14 1 5 10 12 
668,2.06893e-06,2.46958e-06,1.90322e-06,50,100,100,404926,9 3 2 8 7 0 6 4 11 13 14 1 5 10 12 
669,2.07538e-06,2.46958e-06,1.91167e-06,50,100,100,404926,9 3 2 8 7 0 6 4 11 13 14 1 5 10 12 
670,2.05815e-06,2.46958e-06,1.91806e-06,50,100,100,404926,9 3 2 8 7 0 6 4 11 13 14 1 5 10 12 
671,2.05574e-06,2.46958e-06,1.91677e-06,50,100,100,404926,9 3 2 8 7 0 6 4 11 13 14 1 5 10 12 
672,2.06667e-06,2.46958e-06,1.94878e-06,50,100,100,404926,9 3 2 8 7 0 6 4 11 13 14 1 5 10 12 
673,2.07923e-06,2.46958e-06,1.91609e-06,50,100,100,404926,9 3 2 8 7 0 6 4 11 13 14 1 5 10 12 
674,2.06432e-06,2.46958e-06,1.88137e-06,50,100,100,404926,9 3 2 8 7 0 6 4 11 13 14 1 5 10 12 
675,2.06446e-06,2.46958e-06,1.92518e-06,50,100,100,404926,9 3 2 8 7 0 6 4 11 13 14 1 5 10 12 
676,2.06667e-06,2.46958e-06,1.92432e-06,50,100,100,404926,9 3 2 8 7 0 6 4 11 13 14 1 5 10 12 
677,2.07138e-06,2.46958e-06,1.92494e-06,50,100,100,404926,9 3 2 8 7 0 6 4 11 13 14 1 5 10 12 
678,2.06498e-06,2.46958e-06,1.91775e-06,50,100,100,404926,9 3 2 8 7 0 6 4 11 13 14 1 5 10 12 
679,2.06256e-06,2.46958e-06,1.91555e-06,50,100,100,404926,9 3 2 8 7 0 6 4 11 13 14 1 5 10 12 
680,2.06876e-06,2.46958e-06,1.90269e-06,50,100,100,404926,9 3 2 8 7 0 6 4 11 13 14 1 5 10 12 
681,2.06852e-06,2.46958e-06,1.91276e-06,50,100,100,404926,9 3 2 8 7 0 6 4 11 13 14 1 5 10 12 
682,2.05457e-06,2.46958e-06,1.87865e-06,50,100,100,404926,9 3 2 8 7 0 6 4 11 13 14 1 5 10 12 
683,2.04267e-06,2.46958e-06,1.90969e-06,50,100,100,404926,9 3 2 8 7 0 6 4 11 13 14 1 5 10 12 
684,2.06265e-06,2.46958e-06,1.90558e-06,50,100,100,404926,9 3 2 8 7 0 6 4 11 13 14 1 5 10 12 
685,2.06499e-06,2.46958e-06,1.88123e-06,50,100,100,404926,9 3 2 8 7 0 6 4 11 13 14 1 5 10 12 
686,2.06394e-06,2.46958e-06,1.90466e-06,50,100,100,404926,9 3 2 8 7 0 6 4 11 13 14 1 5 10 12 
687,2.05019e-06,2.46958e-06,1.86657e-06,50,100,100,404926,9 3 2 8 7 0 6 4 11 13 14 1 5 10 12 
688,2.05232e-06,2.46958e-06,1.89636e-06,50,100,100,404926,9 3 2 8 7 0 6 4 11 13 14 1 5 10 12 
689,2.06372e-06,2.46958e-06,1.86997e-06,50,100,100,404926,9 3 2 8 7 0 6 4 11 13 14 1 5 10 12 
690,2.05207e-06,2.46958e-06,1.91351e-06,50,100,100,404926,9 3 2 8 7 0 6 4 11 13 14 1 5 10 12 
691,2.05283e-06,2.46958e-06,1.89127e-06,50,100,100,404926,9 3 2 8 7 0 6 4 11 13 14 1 5 10 12 
692,2.05754e-06,2.46958e-06,1.89579e-06,50,100,100,404926,9 3 2 8 7 0 6 4 11 13 14 1 5 10 12 
693,2.06946e-06,2.46958e-06,1.87068e-06,50,100,100,404926,9 3 2 8 7 0 6 4 11 13 14 1 5 10 12 
694,2.06917e-06,2.46958e-06,1.90678e-06,50,100,100,404926,9 3 2 8 7 0 6 4 11 13 14 1 5 10 12 
695,2.0659e-06,2.46958e-06,1.91425e-06,50,100,100,404926,9 3 2 8 7 0 6 4 11 13 14 1 5 10 12 
696,2.07331e-06,2.46958e-06,1.92575e-06,50,100,100,404926,9 3 2 8 7 0 6 4 11 13 14 1 5 10 12 
697,2.06216e-06,2.46958e-06,1.9032e-06,50,100,100,404926,9 3 2 8 7 0 6 4 11 13 14 1 5 10 12 
698,2.05346e-06,2.46958e-06,1.8968e-06,50,100,100,404926,9 3 2 8 7 0 6 4 11 13 14 1 5 10 12 
699,2.0611e-06,2.46958e-06,1.91223e-06,50,100,100,404926,9 3 2 8 7 0 6 4 11 13 14 1 5 10 12 
700,2.06332e-06,2.46958e-06,1.88122e-06,50,100,100,404926,9 3 2 8 7 0 6 4 11 13 14 1 5 10 12 
701,2.07384e-06,2.46958e-06,1.91845e-06,50,100,100,404926,9 3 2 8 7 0 6 4 11 13 14 1 5 10 12 
702,2.05928e-06,2.46958e-06,1.91907e-06,50,100,100,404926,9 3 2 8 7 0 6 4 11 13 14 1 5 10 12 
703,2.0601e-06,2.46958e-06,1.91713e-06,50,100,100,404926,9 3 2 8 7 0 6 4 11 13 14 1 5 10 12 
704,2.06353e-06,2.46958e-06,1.92953e-06,50,100,100,404926,9 3 2 8 7 0 6 4 11 13 14 1 5 10 12 
705,2.07033e-06,2.46958e-06,1.91296e-06,50,100,100,404926,9 3 2 8 7 0 6 4 11 13 14 1 5 10 12 
706,2.06717e-06,2.46958e-06,1.89917e-06,50,100,100,404926,9 3 2 8 7 0 6 4 11 13 14 1 5 10 12 
707,2.06619e-06,2.46958e-06,1.90229e-06,50,100,100,404926,9 3 2 8 7 0 6 4 11 13 14 1 5 10 12 
708,2.06625e-06,2.46958e-06,1.8986e-06,50,100,100,404926,9 3 2 8 7 0 6 4 11 13 14 1 5 10 12 
709,2.06511e-06,2.46958e-06,1.92535e-06,50,100,100,404926,9 3 2 8 7 0 6 4 11 13 14 1 5 10 12 
710,2.07045e-06,2.46958e-06,1.90497e-06,50,100,100,404926,9 3 2 8 7 0 6 4 11 13 14 1 5 10 12 
711,2.0697e-06,2.46958e-06,1.91967e-06,50,100,100,404926,9 3 2 8 7 0 6 4 11 13 14 1 5 10 12 
712,2.0582e-06,2.46958e-06,1.88483e-06,50,100,100,404926,9 3 2 8 7 0 6 4 11 13 14 1 5 10 12 
713,2.06275e-06,2.46958e-06,1.91478e-06,50,100,100,404926,9 3 2 8 7 0 6 4 11 13 14 1 5 10 12 
714,2.05911e-06,2.46958e-06,1.90159e-06,50,100,100,404926,9 3 2 8 7 0 6 4 11 13 14 1 5 10 12 
715,2.05375e-06,2.46958e-06,1.91562e-06,50,100,100,404926,9 3 2 8 7 0 6 4 11 13 14 1 5 10 12 
716,2.06285e-06,2.46958e-06,1.90963e-06,50,100,100,404926,9 3 2 8 7 0 6 4 11 13 14 1 5 10 12 
717,2.06619e-06,2.46958e-06,1.9386e-06,50,100,100,404926,9 3 2 8 7 0 6 4 11 13 14 1 5 10 12 
718,2.06856e-06,2.46958e-06,1.91798e-06,50,100,100,404926,9 3 2 8 7 0 6 4 11 13 14 1 5 10 12 
719,2.07113e-06,2.46958e-06,1.91641e-06,50,100,100,404926,9 3 2 8 7 0 6 4 11 13 14 1 5 10 12 
720,2.07024e-06,2.46958e-06,1.9344e-06,50,100,100,404926,9 3 2 8 7 0 6 4 11 13 14 1 5 10 12 
721,2.06268e-06,2.46958e-06,1.92922e-06,50,100,100,404926,9 3 2 8 7 0 6 4 11 13 14 1 5 10 12 
722,2.06565e-06,2.46958e-06,1.9056e-06,50,100,100,404926,9 3 2 8 7 0 6 4 11 13 14 1 5 10 12 
723,2.0742e-06,2.46958e-06,1.92035e-06,50,100,100,404926,9 3 2 8 7 0 6 4 11 13 14 1 5 10 12 
724,2.0759e-06,2.46958e-06,1.91045e-06,50,100,100,404926,9 3 2 8 7 0 6 4 11 13 14 1 5 10 12 
725,2.06999e-06,2.46958e-06,1.89503e-06,50,100,100,404926,9 3 2 8 7 0 6 4 11 13 14 1 5 10 12 
726,2.05788e-06,2.46958e-06,1.88905e-06,50,100,100,404926,9 3 2 8 7 0 6 4 11 13 14 1 5 10 12 
727,2.05949e-06,2.46958e-06,1.86425e-06,50,100,100,404926,9 3 2 8 7 0 6 4 11 13 14 1 5 10 12 
728,2.06693e-06,2.46958e-06,1.89321e-06,50,100,100,404926,9 3 2 8 7 0 6 4 11 13 14 1 5 10 12 
729,2.07222e-06,2.46958e-06,1.898e-06,50,100,100,404926,9 3 2 8 7 0 6 4 11 13 14 1 5 10 12 
730,2.07884e-06,2.46958e-06,1.89322e-06,50,100,100,404926,9 3 2 8 7 0 6 4 11 13 14 1 5 10 12 
731,2.07902e-06,2.46958e-06,1.92348e-06,50,100,100,404926,9 3 2 8 7 0 6 4 11 13 14 1 5 10 12 
732,2.07057e-06,2.46958e-06,1.92027e-06,50,100,100,404926,9 3 2 8 7 0 6 4 11 13 14 1 5 10 12 
733,2.06816e-06,2.46958e-06,1.94131e-06,50,100,100,404926,9 3 2 8 7 0 6 4 11 13 14 1 5 10 12 
734,2.06865e-06,2.46958e-06,1.91737e-06,50,100,100,404926,9 3 2 8 7 0 6 4 11 13 14 1 5 10 12 
735,2.06428e-06,2.46958e-06,1.93159e-06,50,100,100,404926,9 3 2 8 7 0 6 4 11 13 14 1 5 10 12 
736,2.06089e-06,2.46958e-06,1.88459e-06,50,100,100,404926,9 3 2 8 7 0 6 4 11 13 14 1 5 10 12 
737,2.07379e-06,2.46958e-06,1.94681e-06,50,100,100,404926,9 3 2 8 7 0 6 4 11 13 14 1 5 10 12 
738,2.06945e-06,2.46958e-06,1.91009e-06,50,100,100,404926,9 3 2 8 7 0 6 4 11 13 14 1 5 10 12 
739,2.06575e-06,2.46958e-06,1.94027e-06,50,100,100,404926,9 3 2 8 7 0 6 4 11 13 14 1 5 10 12 
740,2.06376e-06,2.46958e-06,1.92117e-06,50,100,100,404926,9 3 2 8 7 0 6 4 11 13 14 1 5 10 12 
741,2.06538e-06,2.46958e-06,1.91931e-06,50,100,100,404926,9 3 2 8 7 0 6 4 11 13 14 1 5 10 12 
742,2.06495e-06,2.46958e-06,1.90873e-06,50,100,100,404926,9 3 2 8 7 0 6 4 11 13 14 1 5 10 12 
743,2.0586e-06,2.46958e-06,1.89056e-06,50,100,100,404926,9 3 2 8 7 0 6 4 11 13 14 1 5 10 12 
744,2.06612e-06,2.46958e-06,1.91545e-06,50,100,100,404926,9 3 2 8 7 0 6 4 11 13 14 1 5 10 12 
745,2.06879e-06,2.46958e-06,1.93655e-06,50,100,100,404926,9 3 2 8 7 0 6 4 11 13 14 1 5 10 12 
746,2.06674e-06,2.46958e-06,1.9223e-06,50,100,100,404926,9 3 2 8 7 0 6 4 11 13 14 1 5 10 12 
747,2.06236e-06,2.46958e-06,1.88221e-06,50,100,100,404926,9 3 2 8 7 0 6 4 11 13 14 1 5 10 12 
748,2.0561e-06,2.46958e-06,1.88826e-06,50,100,100,404926,9 3 2 8 7 0 6 4 11 13 14 1 5 10 12 
749,2.06094e-06,2.46958e-06,1.92002e-06,50,100,100,404926,9 3 2 8 7 0 6 4 11 13 14 1 5 10 12 
750,2.07039e-06,2.46958e-06,1.92358e-06,50,100,100,404926,9 3 2 8 7 0 6 4 11 13 14 1 5 10 12 
751,2.06399e-06,2.46958e-06,1.92415e-06,50,100,100,404926,9 3 2 8 7 0 6 4 11 13 14 1 5 10 12 
752,2.06975e-06,2.46958e-06,1.95366e-06,50,100,100,404926,9 3 2 8 7 0 6 4 11 13 14 1 5 10 12 
753,2.07242e-06,2.46958e-06,1.91406e-06,50,100,100,404926,9 3 2 8 7 0 6 4 11 13 14 1 5 10 12 
754,2.07268e-06,2.46958e-06,1.90887e-06,50,100,100,404926,9 3 2 8 7 0 6 4 11 13 14 1 5 10 12 
755,2.07762e-06,2.46958e-06,1.915e-06,50,100,100,404926,9 3 2 8 7 0 6 4 11 13 14 1 5 10 12 
756,2.07491e-06,2.46958e-06,1.903e-06,50,100,100,404926,9 3 2 8 7 0 6 4 11 13 14 1 5 10 12 
757,2.07721e-06,2.46958e-06,1.93755e-06,50,100,100,404926,9 3 2 8 7 0 6 4 11 13 14 1 5 10 12 
758,2.07136e-06,2.46958e-06,1.91106e-06,50,100,100,404926,9 3 2 8 7 0 6 4 11 13 14 1 5 10 12 
759,2.06079e-06,2.46958e-06,1.9172e-06,50,100,100,404926,9 3 2 8 7 0 6 4 11 13 14 1 5 10 12 
760,2.06879e-06,2.46958e-06,1.91611e-06,50,100,100,404926,9 3 2 8 7 0 6 4 11 13 14 1 5 10 12 
761,2.07471e-06,2.46958e-06,1.90713e-06,50,100,100,404926,9 3 2 8 7 0 6 4 11 13 14 1 5 10 12 
762,2.06484e-06,2.46958e-06,1.92495e-06,50,100,100,404926,9 3 2 8 7 0 6 4 11 13 14 1 5 10 12 
763,2.0668e-06,2.46958e-06,1.91408e-06,50,100,100,404926,9 3 2 8 7 0 6 4 11 13 14 1 5 10 12 
764,2.07036e-06,2.46958e-06,1.92799e-06,50,100,100,404926,9 3 2 8 7 0 6 4 11 13 14 1 5 10 12 
765,2.06863e-06,2.46958e-06,1.90946e-06,50,100,100,404926,9 3 2 8 7 0 6 4 11 13 14 1 5 10 12 
766,2.06154e-06,2.46958e-06,1.92822e-06,50,100,100,404926,9 3 2 8 7 0 6 4 11 13 14 1 5 10 12 
767,2.06585e-06,2.46958e-06,1.93088e-06,50,100,100,404926,9 3 2 8 7 0 6 4 11 13 14 1 5 10 12 
768,2.06453e-06,2.46958e-06,1.85967e-06,50,100,100,404926,9 3 2 8 7 0 6 4 11 13 14 1 5 10 12 
769,2.07503e-06,2.46958e-06,1.90594e-06,50,100,100,404926,9 3 2 8 7 0 6 4 11 13 14 1 5 10 12 
770,2.07202e-06,2.46958e-06,1.90395e-06,50,100,100,404926,9 3 2 8 7 0 6 4 11 13 14 1 5 10 12 
771,2.06623e-06,2.46958e-06,1.90101e-06,50,100,100,404926,9 3 2 8 7 0 6 4 11 13 14 1 5 10 12 
772,2.06055e-06,2.46958e-06,1.9058e-06,50,100,100,404926,9 3 2 8 7 0 6 4 11 13 14 1 5 10 12 
773,2.0801e-06,2.46958e-06,1.90212e-06,50,100,100,404926,9 3 2 8 7 0 6 4 11 13 14 1 5 10 12 
774,2.07147e-06,2.46958e-06,1.90493e-06,50,100,100,404926,9 3 2 8 7 0 6 4 11 13 14 1 5 10 12 
775,2.06432e-06,2.46958e-06,1.89501e-06,50,100,100,404926,9 3 2 8 7 0 6 4 11 13 14 1 5 10 12 
776,2.06692e-06,2.46958e-06,1.92716e-06,50,100,100,404926,9 3 2 8 7 0 6 4 11 13 14 1 5 10 12 
777,2.05933e-06,2.46958e-06,1.88559e-06,50,100,100,404926,9 3 2 8 7 0 6 4 11 13 14 1 5 10 12 
778,2.07453e-06,2.46958e-06,1.92177e-06,50,100,100,404926,9 3 2 8 7 0 6 4 11 13 14 1 5 10 12 
779,2.06318e-06,2.46958e-06,1.90579e-06,50,100,100,404926,9 3 2 8 7 0 6 4 11 13 14 1 5 10 12 
780,2.05166e-06,2.46958e-06,1.88788e-06,50,100,100,404926,9 3 2 8 7 0 6 4 11 13 14 1 5 10 12 
781,2.06486e-06,2.46958e-06,1.92874e-06,50,100,100,404926,9 3 2 8 7 0 6 4 11 13 14 1 5 10 12 
782,2.06402e-06,2.46958e-06,1.92548e-06,50,100,100,404926,9 3 2 8 7 0 6 4 11 13 14 1 5 10 12 
783,2.07008e-06,2.46958e-06,1.91906e-06,50,100,100,404926,9 3 2 8 7 0 6 4 11 13 14 1 5 10 12 
784,2.06993e-06,2.46958e-06,1.92417e-06,50,100,100,404926,9 3 2 8 7 0 6 4 11 13 14 1 5 10 12 
785,2.07004e-06,2.46958e-06,1.9255e-06,50,100,100,404926,9 3 2 8 7 0 6 4 11 13 14 1 5 10 12 
786,2.07069e-06,2.46958e-06,1.92401e-06,50,100,100,404926,9 3 2 8 7 0 6 4 11 13 14 1 5 10 12 
787,2.06822e-06,2.46958e-06,1.87688e-06,50,100,100,404926,9 3 2 8 7 0 6 4 11 13 14 1 5 10 12 
788,2.06677e-06,2.46958e-06,1.91926e-06,50,100,100,404926,9 3 2 8 7 0 6 4 11 13 14 1 5 10 12 
789,2.06852e-06,2.46958e-06,1.92564e-06,50,100,100,404926,9 3 2 8 7 0 6 4 11 13 14 1 5 10 12 
790,2.07815e-06,2.46958e-06,1.91209e-06,50,100,100,404926,9 3 2 8 7 0 6 4 11 13 14 1 5 10 12 
791,2.07501e-06,2.46958e-06,1.93079e-06,50,100,100,404926,9 3 2 8 7 0 6 4 11 13 14 1 5 10 12 
792,2.06054e-06,2.46958e-06,1.94303e-06,50,100,100,404926,9 3 2 8 7 0 6 4 11 13 14 1 5 10 12 
793,2.0781e-06,2.46958e-06,1.89189e-06,50,100,100,404926,9 3 2 8 7 0 6 4 11 13 14 1 5 10 12 
794,2.06504e-06,2.46958e-06,1.92169e-06,50,100,100,404926,9 3 2 8 7 0 6 4 11 13 14 1 5 10 12 
795,2.06253e-06,2.46958e-06,1.93542e-06,50,100,100,404926,9 3 2 8 7 0 6 4 11 13 14 1 5 10 12 
796,2.05334e-06,2.46958e-06,1.85053e-06,50,100,100,404926,9 3 2 8 7 0 6 4 11 13 14 1 5 10 12 
797,2.06897e-06,2.46958e-06,1.91824e-06,50,100,100,404926,9 3 2 8 7 0 6 4 11 13 14 1 5 10 12 
798,2.06608e-06,2.46958e-06,1.94343e-06,50,100,100,404926,9 3 2 8 7 0 6 4 11 13 14 1 5 10 12 
799,2.07918e-06,2.46958e-06,1.92972e-06,50,100,100,404926,9 3 2 8 7 0 6 4 11 13 14 1 5 10 12 
800,2.06877e-06,2.46958e-06,1.93635e-06,50,100,100,404926,9 3 2 8 7 0 6 4 11 13 14 1 5 10 12 
801,2.06834e-06,2.46958e-06,1.90279e-06,50,100,100,404926,9 3 2 8 7 0 6 4 11 13 14 1 5 10 12 
802,2.06538e-06,2.46958e-06,1.87885e-06,50,100,100,404926,9 3 2 8 7 0 6 4 11 13 14 1 5 10 12 
803,2.08148e-06,2.46958e-06,1.94903e-06,50,100,100,404926,9 3 2 8 7 0 6 4 11 13 14 1 5 10 12 
804,2.06932e-06,2.46958e-06,1.89417e-06,50,100,100,404926,9 3 2 8 7 0 6 4 11 13 14 1 5 10 12 
805,2.07358e-06,2.46958e-06,1.90282e-06,50,100,100,404926,9 3 2 8 7 0 6 4 11 13 14 1 5 10 12 
806,2.06249e-06,2.46958e-06,1.90073e-06,50,100,100,404926,9 3 2 8 7 0 6 4 11 13 14 1 5 10 12 
807,2.07499e-06,2.46958e-06,1.94693e-06,50,100,100,404926,9 3 2 8 7 0 6 4 11 13 14 1 5 10 12 
808,2.05865e-06,2.46958e-06,1.89855e-06,50,100,100,404926,9 3 2 8 7 0 6 4 11 13 14 1 5 10 12 
809,2.06133e-06,2.46958e-06,1.94144e-06,50,100,100,404926,9 3 2 8 7 0 6 4 11 13 14 1 5 10 12 
810,2.0575e-06,2.46958e-06,1.89991e-06,50,100,100,404926,9 3 2 8 7 0 6 4 11 13 14 1 5 10 12 
811,2.06526e-06,2.46958e-06,1.91389e-06,50,100,100,404926,9 3 2 8 7 0 6 4 11 13 14 1 5 10 12 
812,2.05695e-06,2.46958e-06,1.90379e-06,50,100,100,404926,9 3 2 8 7 0 6 4 11 13 14 1 5 10 12 
813,2.07424e-06,2.46958e-06,1.90629e-06,50,100,100,404926,9 3 2 8 7 0 6 4 11 13 14 1 5 10 12 
814,2.07441e-06,2.46958e-06,1.92308e-06,50,100,100,404926,9 3 2 8 7 0 6 4 11 13 14 1 5 10 12 
815,2.07429e-06,2.46958e-06,1.91956e-06,50,100,100,404926,9 3 2 8 7 0 6 4 11 13 14 1 5 10 12 
816,2.07739e-06,2.46958e-06,1.90546e-06,50,100,100,404926,9 3 2 8 7 0 6 4 11 13 14 1 5 10 12 
817,2.08582e-06,2.46958e-06,1.94635e-06,50,100,100,404926,9 3 2 8 7 0 6 4 11 13 14 1 5 10 12 
818,2.07966e-06,2.46958e-06,1.88475e-06,50,100,100,404926,9 3 2 8 7 0 6 4 11 13 14 1 5 10 12 
819,2.0743e-06,2.46958e-06,1.9465e-06,50,100,100,404926,9 3 2 8 7 0 6 4 11 13 14 1 5 10 12 
820,2.07769e-06,2.46958e-06,1.91644e-06,50,100,100,404926,9 3 2 8 7 0 6 4 11 13 14 1 5 10 12 
821,2.08647e-06,2.46958e-06,1.92473e-06,50,100,100,404926,9 3 2 8 7 0 6 4 11 13 14 1 5 10 12 
822,2.0669e-06,2.46958e-06,1.89223e-06,50,100,100,404926,9 3 2 8 7 0 6 4 11 13 14 1 5 10 12 
823,2.06401e-06,2.46958e-06,1.90885e-06,50,100,100,404926,9 3 2 8 7 0 6 4 11 13 14 1 5 10 12 
824,2.0715e-06,2.46958e-06,1.94941e-06,50,100,100,404926,9 3 2 8 7 0 6 4 11 13 14 1 5 10 12 
825,2.05978e-06,2.46958e-06,1.91408e-06,50,100,100,404926,9 3 2 8 7 0 6 4 11 13 14 1 5 10 12 
826,2.07146e-06,2.46958e-06,1.91095e-06,50,100,100,404926,9 3 2 8 7 0 6 4 11 13 14 1 5 10 12 
827,2.05951e-06,2.46958e-06,1.89287e-06,50,100,100,404926,9 3 2 8 7 0 6 4 11 13 14 1 5 10 12 
828,2.06412e-06,2.46958e-06,1.954e-06,50,100,100,404926,9 3 2 8 7 0 6 4 11 13 14 1 5 10 12 
829,2.05642e-06,2.46958e-06,1.91663e-06,50,100,100,404926,9 3 2 8 7 0 6 4 11 13 14 1 5 10 12 
830,2.05942e-06,2.46958e-06,1.9303e-06,50,100,100,404926,9 3 2 8 7 0 6 4 11 13 14 1 5 10 12 
831,2.06122e-06,2.46958e-06,1.92555e-06,50,100,100,404926,9 3 2 8 7 0 6 4 11 13 14 1 5 10 12 
832,2.05892e-06,2.46958e-06,1.93571e-06,50,100,100,404926,9 3 2 8 7 0 6 4 11 13 14 1 5 10 12 
833,2.05501e-06,2.46958e-06,1.90339e-06,50,100,100,404926,9 3 2 8 7 0 6 4 11 13 14 1 5 10 12 
834,2.05523e-06,2.46958e-06,1.92386e-06,50,100,100,404926,9 3 2 8 7 0 6 4 11 13 14 1 5 10 12 
835,2.06114e-06,2.46958e-06,1.91872e-06,50,100,100,404926,9 3 2 8 7 0 6 4 11 13 14 1 5 10 12 
836,2.06566e-06,2.46958e-06,1.91634e-06,50,100,100,404926,9 3 2 8 7 0 6 4 11 13 14 1 5 10 12 
837,2.06164e-06,2.46958e-06,1.89701e-06,50,100,100,404926,9 3 2 8 7 0 6 4 11 13 14 1 5 10 12 
838,2.0694e-06,2.46958e-06,1.90403e-06,50,100,100,404926,9 3 2 8 7 0 6 4 11 13 14 1 5 10 12 
839,2.06811e-06,2.46958e-06,1.94585e-06,50,100,100,404926,9 3 2 8 7 0 6 4 11 13 14 1 5 10 12 
840,2.06247e-06,2.46958e-06,1.88413e-06,50,100,100,404926,9 3 2 8 7 0 6 4 11 13 14 1 5 10 12 
841,2.04612e-06,2.46958e-06,1.88473e-06,50,100,100,404926,9 3 2 8 7 0 6 4 11 13 14 1 5 10 12 
842,2.05587e-06,2.46958e-06,1.9127e-06,50,100,100,404926,9 3 2 8 7 0 6 4 11 13 14 1 5 10 12 
843,2.05211e-06,2.46958e-06,1.92041e-06,50,100,100,404926,9 3 2 8 7 0 6 4 11 13 14 1 5 10 12 
844,2.04138e-06,2.46958e-06,1.89041e-06,50,100,100,404926,9 3 2 8 7 0 6 4 11 13 14 1 5 10 12 
845,2.05799e-06,2.46958e-06,1.90898e-06,50,100,100,404926,9 3 2 8 7 0 6 4 11 13 14 1 5 10 12 
846,2.06274e-06,2.46958e-06,1.93509e-06,50,100,100,404926,9 3 2 8 7 0 6 4 11 13 14 1 5 10 12 
847,2.05705e-06,2.46958e-06,1.89651e-06,50,100,100,404926,9 3 2 8 7 0 6 4 11 13 14 1 5 10 12 
848,2.05455e-06,2.46958e-06,1.91055e-06,50,100,100,404926,9 3 2 8 7 0 6 4 11 13 14 1 5 10 12 
849,2.0585e-06,2.46958e-06,1.89837e-06,50,100,100,404926,9 3 2 8 7 0 6 4 11 13 14 1 5 10 12 
850,2.05677e-06,2.46958e-06,1.9203e-06,50,100,100,404926,9 3 2 8 7 0 6 4 11 13 14 1 5 10 12 
851,2.05249e-06,2.46958e-06,1.90622e-06,50,100,100,404926,9 3 2 8 7 0 6 4 11 13 14 1 5 10 12 
852,2.06516e-06,2.46958e-06,1.92413e-06,50,100,100,404926,9 3 2 8 7 0 6 4 11 13 14 1 5 10 12 
853,2.06094e-06,2.46958e-06,1.90959e-06,50,100,100,404926,9 3 2 8 7 0 6 4 11 13 14 1 5 10 12 
854,2.07089e-06,2.46958e-06,1.91589e-06,50,100,100,404926,9 3 2 8 7 0 6 4 11 13 14 1 5 10 12 
855,2.0691e-06,2.46958e-06,1.88449e-06,50,100,100,404926,9 3 2 8 7 0 6 4 11 13 14 1 5 10 12 
856,2.05971e-06,2.46958e-06,1.92716e-06,50,100,100,404926,9 3 2 8 7 0 6 4 11 13 14 1 5 10 12 
857,2.06399e-06,2.46958e-06,1.88791e-06,50,100,100,404926,9 3 2 8 7 0 6 4 11 13 14 1 5 10 12 
858,2.05862e-06,2.46958e-06,1.88025e-06,50,100,100,404926,9 3 2 8 7 0 6 4 11 13 14 1 5 10 12 
859,2.05784e-06,2.46958e-06,1.8948e-06,50,100,100,404926,9 3 2 8 7 0 6 4 11 13 14 1 5 10 12 
860,2.05861e-06,2.46958e-06,1.92996e-06,50,100,100,404926,9 3 2 8 7 0 6 4 11 13 14 1 5 10 12 
861,2.06776e-06,2.46958e-06,1.91366e-06,50,100,100,404926,9 3 2 8 7 0 6 4 11 13 14 1 5 10 12 
862,2.06783e-06,2.46958e-06,1.90368e-06,50,100,100,404926,9 3 2 8 7 0 6 4 11 13 14 1 5 10 12 
863,2.05345e-06,2.46958e-06,1.91829e-06,50,100,100,404926,9 3 2 8 7 0 6 4 11 13 14 1 5 10 12 
864,2.06278e-06,2.46958e-06,1.91191e-06,50,100,100,404926,9 3 2 8 7 0 6 4 11 13 14 1 5 10 12 
865,2.05396e-06,2.46958e-06,1.90214e-06,50,100,100,404926,9 3 2 8 7 0 6 4 11 13 14 1 5 10 12 
866,2.06307e-06,2.46958e-06,1.88148e-06,50,100,100,404926,9 3 2 8 7 0 6 4 11 13 14 1 5 10 12 
867,2.06515e-06,2.46958e-06,1.94083e-06,50,100,100,404926,9 3 2 8 7 0 6 4 11 13 14 1 5 10 12 
868,2.08668e-06,2.46958e-06,1.93398e-06,50,100,100,404926,9 3 2 8 7 0 6 4 11 13 14 1 5 10 12 
869,2.07095e-06,2.46958e-06,1.90979e-06,50,100,100,404926,9 3 2 8 7 0 6 4 11 13 14 1 5 10 12 
870,2.07721e-06,2.46958e-06,1.93202e-06,50,100,100,404926,9 3 2 8 7 0 6 4 11 13 14 1 5 10 12 
871,2.08001e-06,2.46958e-06,1.85203e-06,50,100,100,404926,9 3 2 8 7 0 6 4 11 13 14 1 5 10 12 
872,2.08269e-06,2.46958e-06,1.91618e-06,50,100,100,404926,9 3 2 8 7 0 6 4 11 13 14 1 5 10 12 
873,2.08863e-06,2.46958e-06,1.94541e-06,50,100,100,404926,9 3 2 8 7 0 6 4 11 13 14 1 5 10 12 
874,2.08216e-06,2.46958e-06,1.91515e-06,50,100,100,404926,9 3 2 8 7 0 6 4 11 13 14 1 5 10 12 
875,2.08641e-06,2.46958e-06,1.91375e-06,50,100,100,404926,9 3 2 8 7 0 6 4 11 13 14 1 5 10 12 
876,2.08043e-06,2.46958e-06,1.89883e-06,50,100,100,404926,9 3 2 8 7 0 6 4 11 13 14 1 5 10 12 
877,2.09537e-06,2.46958e-06,1.92673e-06,50,100,100,404926,9 3 2 8 7 0 6 4 11 13 14 1 5 10 12 
878,2.10568e-06,2.46958e-06,1.93415e-06,50,100,100,404926,9 3 2 8 7 0 6 4 11 13 14 1 5 10 12 
879,2.08632e-06,2.46958e-06,1.94588e-06,50,100,100,404926,9 3 2 8 7 0 6 4 11 13 14 1 5 10 12 
880,2.08617e-06,2.46958e-06,1.9332e-06,50,100,100,404926,9 3 2 8 7 0 6 4 11 13 14 1 5 10 12 
881,2.09026e-06,2.46958e-06,1.91809e-06,50,100,100,404926,9 3 2 8 7 0 6 4 11 13 14 1 5 10 12 
882,2.08705e-06,2.46958e-06,1.91985e-06,50,100,100,404926,9 3 2 8 7 0 6 4 11 13 14 1 5 10 12 
883,2.07667e-06,2.46958e-06,1.89026e-06,50,100,100,404926,9 3 2 8 7 0 6 4 11 13 14 1 5 10 12 
884,2.08113e-06,2.46958e-06,1.89939e-06,50,100,100,404926,9 3 2 8 7 0 6 4 11 13 14 1 5 10 12 
885,2.07779e-06,2.46958e-06,1.95296e-06,50,100,100,404926,9 3 2 8 7 0 6 4 11 13 14 1 5 10 12 
886,2.08022e-06,2.46958e-06,1.94467e-06,50,100,100,404926,9 3 2 8 7 0 6 4 11 13 14 1 5 10 12 
887,2.08304e-06,2.46958e-06,1.91397e-06,50,100,100,404926,9 3 2 8 7 0 6 4 11 13 14 1 5 10 12 
888,2.07827e-06,2.46958e-06,1.92934e-06,50,100,100,404926,9 3 2 8 7 0 6 4 11 13 14 1 5 10 12 
889,2.07932e-06,2.46958e-06,1.91114e-06,50,100,100,404926,9 3 2 8 7 0 6 4 11 13 14 1 5 10 12 
890,2.07385e-06,2.46958e-06,1.88608e-06,50,100,100,404926,9 3 2 8 7 0 6 4 11 13 14 1 5 10 12 
891,2.07339e-06,2.46958e-06,1.90785e-06,50,100,100,404926,9 3 2 8 7 0 6 4 11 13 14 1 5 10 12 
892,2.0759e-06,2.46958e-06,1.93302e-06,50,100,100,404926,9 3 2 8 7 0 6 4 11 13 14 1 5 10 12 
893,2.0814e-06,2.46958e-06,1.94061e-06,50,100,100,404926,9 3 2 8 7 0 6 4 11 13 14 1 5 10 12 
894,2.07893e-06,2.46958e-06,1.94063e-06,50,100,100,404926,9 3 2 8 7 0 6 4 11 13 14 1 5 10 12 
895,2.07947e-06,2.46958e-06,1.91873e-06,50,100,100,404926,9 3 2 8 7 0 6 4 11 13 14 1 5 10 12 
896,2.07128e-06,2.46958e-06,1.89919e-06,50,100,100,404926,9 3 2 8 7 0 6 4 11 13 14 1 5 10 12 
897,2.08834e-06,2.46958e-06,1.97885e-06,50,100,100,404926,9 3 2 8 7 0 6 4 11 13 14 1 5 10 12 
898,2.07175e-06,2.46958e-06,1.91259e-06,50,100,100,404926,9 3 2 8 7 0 6 4 11 13 14 1 5 10 12 
899,2.07044e-06,2.46958e-06,1.92154e-06,50,100,100,404926,9 3 2 8 7 0 6 4 11 13 14 1 5 10 12 
900,2.07932e-06,2.46958e-06,1.92578e-06,50,100,100,404926,9 3 2 8 7 0 6 4 11 13 14 1 5 10 12 
901,2.06239e-06,2.46958e-06,1.8893e-06,50,100,100,404926,9 3 2 8 7 0 6 4 11 13 14 1 5 10 12 
902,2.06734e-06,2.46958e-06,1.90243e-06,50,100,100,404926,9 3 2 8 7 0 6 4 11 13 14 1 5 10 12 
903,2.06263e-06,2.46958e-06,1.90466e-06,50,100,100,404926,9 3 2 8 7 0 6 4 11 13 14 1 5 10 12 
904,2.06617e-06,2.46958e-06,1.89058e-06,50,100,100,404926,9 3 2 8 7 0 6 4 11 13 14 1 5 10 12 
905,2.05855e-06,2.46958e-06,1.9148e-06,50,100,100,404926,9 3 2 8 7 0 6 4 11 13 14 1 5 10 12 
906,2.06224e-06,2.46958e-06,1.91959e-06,50,100,100,404926,9 3 2 8 7 0 6 4 11 13 14 1 5 10 12 
907,2.05889e-06,2.46958e-06,1.8944e-06,50,100,100,404926,9 3 2 8 7 0 6 4 11 13 14 1 5 10 12 
908,2.07586e-06,2.46958e-06,1.91348e-06,50,100,100,404926,9 3 2 8 7 0 6 4 11 13 14 1 5 10 12 
909,2.07344e-06,2.46958e-06,1.94027e-06,50,100,100,404926,9 3 2 8 7 0 6 4 11 13 14 1 5 10 12 
910,2.06713e-06,2.46958e-06,1.90946e-06,50,100,100,404926,9 3 2 8 7 0 6 4 11 13 14 1 5 10 12 
911,2.07261e-06,2.46958e-06,1.90645e-06,50,100,100,404926,9 3 2 8 7 0 6 4 11 13 14 1 5 10 12 
912,2.06439e-06,2.46958e-06,1.90767e-06,50,100,100,404926,9 3 2 8 7 0 6 4 11 13 14 1 5 10 12 
913,2.07198e-06,2.46958e-06,1.89777e-06,50,100,100,404926,9 3 2 8 7 0 6 4 11 13 14 1 5 10 12 
914,2.07074e-06,2.46958e-06,1.90187e-06,50,100,100,404926,9 3 2 8 7 0 6 4 11 13 14 1 5 10 12 
915,2.04841e-06,2.46958e-06,1.88552e-06,50,100,100,404926,9 3 2 8 7 0 6 4 11 13 14 1 5 10 12 
916,2.05601e-06,2.46958e-06,1.92162e-06,50,100,100,404926,9 3 2 8 7 0 6 4 11 13 14 1 5 10 12 
917,2.06801e-06,2.46958e-06,1.92142e-06,50,100,100,404926,9 3 2 8 7 0 6 4 11 13 14 1 5 10 12 
918,2.06805e-06,2.46958e-06,1.93636e-06,50,100,100,404926,9 3 2 8 7 0 6 4 11 13 14 1 5 10 12 
919,2.06221e-06,2.46958e-06,1.88405e-06,50,100,100,404926,9 3 2 8 7 0 6 4 11 13 14 1 5 10 12 
920,2.06811e-06,2.46958e-06,1.91725e-06,50,100,100,404926,9 3 2 8 7 0 6 4 11 13 14 1 5 10 12 
921,2.05453e-06,2.46958e-06,1.88882e-06,50,100,100,404926,9 3 2 8 7 0 6 4 11 13 14 1 5 10 12 
922,2.06695e-06,2.46958e-06,1.90714e-06,50,100,100,404926,9 3 2 8 7 0 6 4 11 13 14 1 5 10 12 
923,2.05654e-06,2.46958e-06,1.90989e-06,50,100,100,404926,9 3 2 8 7 0 6 4 11 13 14 1 5 10 12 
924,2.06612e-06,2.46958e-06,1.90701e-06,50,100,100,404926,9 3 2 8 7 0 6 4 11 13 14 1 5 10 12 
925,2.06586e-06,2.46958e-06,1.91008e-06,50,100,100,404926,9 3 2 8 7 0 6 4 11 13 14 1 5 10 12 
926,2.0786e-06,2.46958e-06,1.93921e-06,50,100,100,404926,9 3 2 8 7 0 6 4 11 13 14 1 5 10 12 
927,2.07145e-06,2.46958e-06,1.90853e-06,50,100,100,404926,9 3 2 8 7 0 6 4 11 13 14 1 5 10 12 
928,2.06528e-06,2.46958e-06,1.93888e-06,50,100,100,404926,9 3 2 8 7 0 6 4 11 13 14 1 5 10 12 
929,2.0608e-06,2.46958e-06,1.91653e-06,50,100,100,404926,9 3 2 8 7 0 6 4 11 13 14 1 5 10 12 
930,2.0711e-06,2.46958e-06,1.92795e-06,50,100,100,404926,9 3 2 8 7 0 6 4 11 13 14 1 5 10 12 
931,2.07639e-06,2.46958e-06,1.93366e-06,50,100,100,404926,9 3 2 8 7 0 6 4 11 13 14 1 5 10 12 
932,2.05984e-06,2.46958e-06,1.91029e-06,50,100,100,404926,9 3 2 8 7 0 6 4 11 13 14 1 5 10 12 
933,2.0626e-06,2.46958e-06,1.91203e-06,50,100,100,404926,9 3 2 8 7 0 6 4 11 13 14 1 5 10 12 
934,2.05704e-06,2.46958e-06,1.907e-06,50,100,100,404926,9 3 2 8 7 0 6 4 11 13 14 1 5 10 12 
935,2.06792e-06,2.46958e-06,1.94458e-06,50,100,100,404926,9 3 2 8 7 0 6 4 11 13 14 1 5 10 12 
936,2.06812e-06,2.46958e-06,1.92654e-06,50,100,100,404926,9 3 2 8 7 0 6 4 11 13 14 1 5 10 12 
937,2.0649e-06,2.46958e-06,1.94469e-06,50,100,100,404926,9 3 2 8 7 0 6 4 11 13 14 1 5 10 12 
938,2.04823e-06,2.46958e-06,1.91129e-06,50,100,100,404926,9 3 2 8 7 0 6 4 11 13 14 1 5 10 12 
939,2.06218e-06,2.46958e-06,1.90943e-06,50,100,100,404926,9 3 2 8 7 0 6 4 11 13 14 1 5 10 12 
940,2.07343e-06,2.46958e-06,1.92847e-06,50,100,100,404926,9 3 2 8 7 0 6 4 11 13 14 1 5 10 12 
941,2.07286e-06,2.46958e-06,1.91876e-06,50,100,100,404926,9 3 2 8 7 0 6 4 11 13 14 1 5 10 12 
942,2.0708e-06,2.46958e-06,1.90734e-06,50,100,100,404926,9 3 2 8 7 0 6 4 11 13 14 1 5 10 12 
943,2.08084e-06,2.46958e-06,1.93286e-06,50,100,100,404926,9 3 2 8 7 0 6 4 11 13 14 1 5 10 12 
944,2.06394e-06,2.46958e-06,1.9029e-06,50,100,100,404926,9 3 2 8 7 0 6 4 11 13 14 1 5 10 12 
945,2.07051e-06,2.46958e-06,1.92134e-06,50,100,100,404926,9 3 2 8 7 0 6 4 11 13 14 1 5 10 12 
946,2.05841e-06,2.46958e-06,1.92442e-06,50,100,100,404926,9 3 2 8 7 0 6 4 11 13 14 1 5 10 12 
947,2.06499e-06,2.46958e-06,1.92e-06,50,100,100,404926,9 3 2 8 7 0 6 4 11 13 14 1 5 10 12 
948,2.07247e-06,2.46958e-06,1.92417e-06,50,100,100,404926,9 3 2 8 7 0 6 4 11 13 14 1 5 10 12 
949,2.08785e-06,2.46958e-06,1.89261e-06,50,100,100,404926,9 3 2 8 7 0 6 4 11 13 14 1 5 10 12 
950,2.07956e-06,2.46958e-06,1.92039e-06,50,100,100,404926,9 3 2 8 7 0 6 4 11 13 14 1 5 10 12 
951,2.07078e-06,2.46958e-06,1.92102e-06,50,100,100,404926,9 3 2 8 7 0 6 4 11 13 14 1 5 10 12 
952,2.08227e-06,2.46958e-06,1.93711e-06,50,100,100,404926,9 3 2 8 7 0 6 4 11 13 14 1 5 10 12 
953,2.08338e-06,2.46958e-06,1.91302e-06,50,100,100,404926,9 3 2 8 7 0 6 4 11 13 14 1 5 10 12 
954,2.07495e-06,2.46958e-06,1.90095e-06,50,100,100,404926,9 3 2 8 7 0 6 4 11 13 14 1 5 10 12 
955,2.07555e-06,2.46958e-06,1.92256e-06,50,100,100,404926,9 3 2 8 7 0 6 4 11 13 14 1 5 10 12 
956,2.07743e-06,2.46958e-06,1.90013e-06,50,100,100,404926,9 3 2 8 7 0 6 4 11 13 14 1 5 10 12 
957,2.06894e-06,2.46958e-06,1.94789e-06,50,100,100,404926,9 3 2 8 7 0 6 4 11 13 14 1 5 10 12 
958,2.07229e-06,2.46958e-06,1.90033e-06,50,100,100,404926,9 3 2 8 7 0 6 4 11 13 14 1 5 10 12 
959,2.07531e-06,2.46958e-06,1.92501e-06,50,100,100,404926,9 3 2 8 7 0 6 4 11 13 14 1 5 10 12 
960,2.07086e-06,2.46958e-06,1.92543e-06,50,100,100,404926,9 3 2 8 7 0 6 4 11 13 14 1 5 10 12 
961,2.05841e-06,2.46958e-06,1.89723e-06,50,100,100,404926,9 3 2 8 7 0 6 4 11 13 14 1 5 10 12 
962,2.06924e-06,2.46958e-06,1.91299e-06,50,100,100,404926,9 3 2 8 7 0 6 4 11 13 14 1 5 10 12 
963,2.08642e-06,2.46958e-06,1.92377e-06,50,100,100,404926,9 3 2 8 7 0 6 4 11 13 14 1 5 10 12 
964,2.06354e-06,2.46958e-06,1.91621e-06,50,100,100,404926,9 3 2 8 7 0 6 4 11 13 14 1 5 10 12 
965,2.07615e-06,2.46958e-06,1.87114e-06,50,100,100,404926,9 3 2 8 7 0 6 4 11 13 14 1 5 10 12 
966,2.08128e-06,2.46958e-06,1.91708e-06,50,100,100,404926,9 3 2 8 7 0 6 4 11 13 14 1 5 10 12 
967,2.08163e-06,2.46958e-06,1.91138e-06,50,100,100,404926,9 3 2 8 7 0 6 4 11 13 14 1 5 10 12 
968,2.07438e-06,2.46958e-06,1.90574e-06,50,100,100,404926,9 3 2 8 7 0 6 4 11 13 14 1 5 10 12 
969,2.06784e-06,2.46958e-06,1.93767e-06,50,100,100,404926,9 3 2 8 7 0 6 4 11 13 14 1 5 10 12 
970,2.07954e-06,2.46958e-06,1.91061e-06,50,100,100,404926,9 3 2 8 7 0 6 4 11 13 14 1 5 10 12 
971,2.06948e-06,2.46958e-06,1.93262e-06,50,100,100,404926,9 3 2 8 7 0 6 4 11 13 14 1 5 10 12 
972,2.07122e-06,2.46958e-06,1.90224e-06,50,100,100,404926,9 3 2 8 7 0 6 4 11 13 14 1 5 10 12 
973,2.08299e-06,2.46958e-06,1.95446e-06,50,100,100,404926,9 3 2 8 7 0 6 4 11 13 14 1 5 10 12 
974,2.07605e-06,2.46958e-06,1.92563e-06,50,100,100,404926,9 3 2 8 7 0 6 4 11 13 14 1 5 10 12 
975,2.07716e-06,2.46958e-06,1.92624e-06,50,100,100,404926,9 3 2 8 7 0 6 4 11 13 14 1 5 10 12 
976,2.07578e-06,2.46958e-06,1.95833e-06,50,100,100,404926,9 3 2 8 7 0 6 4 11 13 14 1 5 10 12 
977,2.0712e-06,2.46958e-06,1.91312e-06,50,100,100,404926,9 3 2 8 7 0 6 4 11 13 14 1 5 10 12 
978,2.07018e-06,2.46958e-06,1.91488e-06,50,100,100,404926,9 3 2 8 7 0 6 4 11 13 14 1 5 10 12 
979,2.06327e-06,2.46958e-06,1.94006e-06,50,100,100,404926,9 3 2 8 7 0 6 4 11 13 14 1 5 10 12 
980,2.06837e-06,2.46958e-06,1.90178e-06,50,100,100,404926,9 3 2 8 7 0 6 4 11 13 14 1 5 10 12 
981,2.06986e-06,2.46958e-06,1.89615e-06,50,100,100,404926,9 3 2 8 7 0 6 4 11 13 14 1 5 10 12 
982,2.07072e-06,2.46958e-06,1.89591e-06,50,100,100,404926,9 3 2 8 7 0 6 4 11 13 14 1 5 10 12 
983,2.07596e-06,2.46958e-06,1.93316e-06,50,100,100,404926,9 3 2 8 7 0 6 4 11 13 14 1 5 10 12 
984,2.07151e-06,2.46958e-06,1.91395e-06,50,100,100,404926,9 3 2 8 7 0 6 4 11 13 14 1 5 10 12 
985,2.07992e-06,2.46958e-06,1.92939e-06,50,100,100,404926,9 3 2 8 7 0 6 4 11 13 14 1 5 10 12 
986,2.07147e-06,2.46958e-06,1.92826e-06,50,100,100,404926,9 3 2 8 7 0 6 4 11 13 14 1 5 10 12 
987,2.06357e-06,2.46958e-06,1.93412e-06,50,100,100,404926,9 3 2 8 7 0 6 4 11 13 14 1 5 10 12 
988,2.0578e-06,2.46958e-06,1.90938e-06,50,100,100,404926,9 3 2 8 7 0 6 4 11 13 14 1 5 10 12 
989,2.07059e-06,2.46958e-06,1.9172e-06,50,100,100,404926,9 3 2 8 7 0 6 4 11 13 14 1 5 10 12 
990,2.06364e-06,2.46958e-06,1.90234e-06,50,100,100,404926,9 3 2 8 7 0 6 4 11 13 14 1 5 10 12 
991,2.07453e-06,2.46958e-06,1.93484e-06,50,100,100,404926,9 3 2 8 7 0 6 4 11 13 14 1 5 10 12 
992,2.06552e-06,2.46958e-06,1.88461e-06,50,100,100,404926,9 3 2 8 7 0 6 4 11 13 14 1 5 10 12 
993,2.06035e-06,2.46958e-06,1.88854e-06,50,100,100,404926,9 3 2 8 7 0 6 4 11 13 14 1 5 10 12 
994,2.05351e-06,2.46958e-06,1.90531e-06,50,100,100,404926,9 3 2 8 7 0 6 4 11 13 14 1 5 10 12 
995,2.06149e-06,2.46958e-06,1.90696e-06,50,100,100,404926,9 3 2 8 7 0 6 4 11 13 14 1 5 10 12 
996,2.05291e-06,2.46958e-06,1.91962e-06,50,100,100,404926,9 3 2 8 7 0 6 4 11 13 14 1 5 10 12 
997,2.06601e-06,2.46958e-06,1.9257e-06,50,100,100,404926,9 3 2 8 7 0 6 4 11 13 14 1 5 10 12 
998,2.06903e-06,2.46958e-06,1.88392e-06,50,100,100,404926,9 3 2 8 7 0 6 4 11 13 14 1 5 10 12 
999,2.07286e-06,2.46958e-06,1.90599e-06,50,100,100,404926,9 3 2 8 7 0 6 4 11 13 14 1 5 10 12 
