Generación,Media,Mejor,Peor,Cruzas,Mutaciones,Inversiones,Costo,Permutación
1,2.05043e-06,2.2263e-06,1.87224e-06,50,100,100,449174,6 0 4 10 14 11 1 3 2 8 7 5 13 9 12 
2,2.04682e-06,2.26018e-06,1.91163e-06,50,100,100,442442,13 5 2 4 7 6 8 9 14 3 10 11 12 1 0 
3,2.0545e-06,2.26018e-06,1.88646e-06,50,100,100,442442,13 5 2 4 7 6 8 9 14 3 10 11 12 1 0 
4,2.0548e-06,2.28131e-06,1.89603e-06,50,100,100,438344,14 1 10 2 3 4 0 8 12 13 5 7 6 11 9 
5,2.05172e-06,2.28131e-06,1.90181e-06,50,100,100,438344,14 1 10 2 3 4 0 8 12 13 5 7 6 11 9 
6,2.04969e-06,2.28131e-06,1.9013e-06,50,100,100,438344,14 1 10 2 3 4 0 8 12 13 5 7 6 11 9 
7,2.04418e-06,2.28131e-06,1.90028e-06,50,100,100,438344,14 1 10 2 3 4 0 8 12 13 5 7 6 11 9 
8,2.04828e-06,2.28131e-06,1.92964e-06,50,100,100,438344,14 1 10 2 3 4 0 8 12 13 5 7 6 11 9 
9,2.06007e-06,2.28131e-06,1.92375e-06,50,100,100,438344,14 1 10 2 3 4 0 8 12 13 5 7 6 11 9 
10,2.06441e-06,2.28131e-06,1.92313e-06,50,100,100,438344,14 1 10 2 3 4 0 8 12 13 5 7 6 11 9 
11,2.05919e-06,2.28131e-06,1.90776e-06,50,100,100,438344,14 1 10 2 3 4 0 8 12 13 5 7 6 11 9 
12,2.05361e-06,2.28131e-06,1.93357e-06,50,100,100,438344,14 1 10 2 3 4 0 8 12 13 5 7 6 11 9 
13,2.04741e-06,2.29205e-06,1.90268e-06,50,100,100,436290,14 1 10 2 8 4 0 6 12 13 3 7 9 5 11 
14,2.04889e-06,2.29205e-06,1.92812e-06,50,100,100,436290,14 1 10 2 8 4 0 6 12 13 3 7 9 5 11 
15,2.03542e-06,2.29205e-06,1.90013e-06,50,100,100,436290,14 1 10 2 8 4 0 6 12 13 3 7 9 5 11 
16,2.03653e-06,2.29205e-06,1.84604e-06,50,100,100,436290,14 1 10 2 8 4 0 6 12 13 3 7 9 5 11 
17,2.03864e-06,2.29205e-06,1.88525e-06,50,100,100,436290,14 1 10 2 8 4 0 6 12 13 3 7 9 5 11 
18,2.06118e-06,2.32535e-06,1.94627e-06,50,100,100,430042,2 3 11 5 13 14 1 6 10 12 0 8 9 7 4 
19,2.05108e-06,2.32535e-06,1.89529e-06,50,100,100,430042,2 3 11 5 13 14 1 6 10 12 0 8 9 7 4 
20,2.0465e-06,2.32535e-06,1.90336e-06,50,100,100,430042,2 3 11 5 13 14 1 6 10 12 0 8 9 7 4 
21,2.04452e-06,2.32535e-06,1.92972e-06,50,100,100,430042,2 3 11 5 13 14 1 6 10 12 0 8 9 7 4 
22,2.05802e-06,2.32535e-06,1.941e-06,50,100,100,430042,2 3 11 5 13 14 1 6 10 12 0 8 9 7 4 
23,2.05974e-06,2.32535e-06,1.934e-06,50,100,100,430042,2 3 11 5 13 14 1 6 10 12 0 8 9 7 4 
24,2.05168e-06,2.32535e-06,1.93633e-06,50,100,100,430042,2 3 11 5 13 14 1 6 10 12 0 8 9 7 4 
25,2.04769e-06,2.32535e-06,1.91325e-06,50,100,100,430042,2 3 11 5 13 14 1 6 10 12 0 8 9 7 4 
26,2.05585e-06,2.32535e-06,1.90661e-06,50,100,100,430042,2 3 11 5 13 14 1 6 10 12 0 8 9 7 4 
27,2.05728e-06,2.32535e-06,1.90395e-06,50,100,100,430042,2 3 11 5 13 14 1 6 10 12 0 8 9 7 4 
28,2.06227e-06,2.32535e-06,1.92219e-06,50,100,100,430042,2 3 11 5 13 14 1 6 10 12 0 8 9 7 4 
29,2.0553e-06,2.32535e-06,1.92839e-06,50,100,100,430042,2 3 11 5 13 14 1 6 10 12 0 8 9 7 4 
30,2.06932e-06,2.32535e-06,1.91716e-06,50,100,100,430042,2 3 11 5 13 14 1 6 10 12 0 8 9 7 4 
31,2.06621e-06,2.32535e-06,1.93952e-06,50,100,100,430042,2 3 11 5 13 14 1 6 10 12 0 8 9 7 4 
32,2.06777e-06,2.32535e-06,1.92107e-06,50,100,100,430042,2 3 11 5 13 14 1 6 10 12 0 8 9 7 4 
33,2.06892e-06,2.39456e-06,1.9116e-06,50,100,100,417612,5 1 11 7 4 3 6 10 14 0 2 9 8 13 12 
34,2.05622e-06,2.39456e-06,1.90448e-06,50,100,100,417612,5 1 11 7 4 3 6 10 14 0 2 9 8 13 12 
35,2.06266e-06,2.39456e-06,1.89836e-06,50,100,100,417612,5 1 11 7 4 3 6 10 14 0 2 9 8 13 12 
36,2.04846e-06,2.39456e-06,1.8914e-06,50,100,100,417612,5 1 11 7 4 3 6 10 14 0 2 9 8 13 12 
37,2.05616e-06,2.39456e-06,1.92109e-06,50,100,100,417612,5 1 11 7 4 3 6 10 14 0 2 9 8 13 12 
38,2.06674e-06,2.39456e-06,1.93546e-06,50,100,100,417612,5 1 11 7 4 3 6 10 14 0 2 9 8 13 12 
39,2.05863e-06,2.39456e-06,1.91239e-06,50,100,100,417612,5 1 11 7 4 3 6 10 14 0 2 9 8 13 12 
40,2.07047e-06,2.39456e-06,1.91076e-06,50,100,100,417612,5 1 11 7 4 3 6 10 14 0 2 9 8 13 12 
41,2.07518e-06,2.39456e-06,1.91871e-06,50,100,100,417612,5 1 11 7 4 3 6 10 14 0 2 9 8 13 12 
42,2.07334e-06,2.39456e-06,1.90746e-06,50,100,100,417612,5 1 11 7 4 3 6 10 14 0 2 9 8 13 12 
43,2.0705e-06,2.39456e-06,1.9144e-06,50,100,100,417612,5 1 11 7 4 3 6 10 14 0 2 9 8 13 12 
44,2.05115e-06,2.39456e-06,1.89893e-06,50,100,100,417612,5 1 11 7 4 3 6 10 14 0 2 9 8 13 12 
45,2.07095e-06,2.39456e-06,1.87426e-06,50,100,100,417612,5 1 11 7 4 3 6 10 14 0 2 9 8 13 12 
46,2.07086e-06,2.39456e-06,1.89929e-06,50,100,100,417612,5 1 11 7 4 3 6 10 14 0 2 9 8 13 12 
47,2.0591e-06,2.39456e-06,1.91774e-06,50,100,100,417612,5 1 11 7 4 3 6 10 14 0 2 9 8 13 12 
48,2.06499e-06,2.39456e-06,1.89439e-06,50,100,100,417612,5 1 11 7 4 3 6 10 14 0 2 9 8 13 12 
49,2.05003e-06,2.39456e-06,1.89455e-06,50,100,100,417612,5 1 11 7 4 3 6 10 14 0 2 9 8 13 12 
50,2.06045e-06,2.39456e-06,1.88887e-06,50,100,100,417612,5 1 11 7 4 3 6 10 14 0 2 9 8 13 12 
51,2.06131e-06,2.39456e-06,1.92252e-06,50,100,100,417612,5 1 11 7 4 3 6 10 14 0 2 9 8 13 12 
52,2.05917e-06,2.39456e-06,1.91045e-06,50,100,100,417612,5 1 11 7 4 3 6 10 14 0 2 9 8 13 12 
53,2.07908e-06,2.39456e-06,1.92491e-06,50,100,100,417612,5 1 11 7 4 3 6 10 14 0 2 9 8 13 12 
54,2.06416e-06,2.39456e-06,1.88272e-06,50,100,100,417612,5 1 11 7 4 3 6 10 14 0 2 9 8 13 12 
55,2.06558e-06,2.39456e-06,1.93734e-06,50,100,100,417612,5 1 11 7 4 3 6 10 14 0 2 9 8 13 12 
56,2.05891e-06,2.39456e-06,1.93036e-06,50,100,100,417612,5 1 11 7 4 3 6 10 14 0 2 9 8 13 12 
57,2.05134e-06,2.39456e-06,1.93509e-06,50,100,100,417612,5 1 11 7 4 3 6 10 14 0 2 9 8 13 12 
58,2.0439e-06,2.39456e-06,1.87491e-06,50,100,100,417612,5 1 11 7 4 3 6 10 14 0 2 9 8 13 12 
59,2.04828e-06,2.39456e-06,1.89226e-06,50,100,100,417612,5 1 11 7 4 3 6 10 14 0 2 9 8 13 12 
60,2.05146e-06,2.39456e-06,1.88908e-06,50,100,100,417612,5 1 11 7 4 3 6 10 14 0 2 9 8 13 12 
61,2.06359e-06,2.39456e-06,1.92604e-06,50,100,100,417612,5 1 11 7 4 3 6 10 14 0 2 9 8 13 12 
62,2.07203e-06,2.39456e-06,1.89541e-06,50,100,100,417612,5 1 11 7 4 3 6 10 14 0 2 9 8 13 12 
63,2.05943e-06,2.39456e-06,1.90185e-06,50,100,100,417612,5 1 11 7 4 3 6 10 14 0 2 9 8 13 12 
64,2.0589e-06,2.39456e-06,1.90697e-06,50,100,100,417612,5 1 11 7 4 3 6 10 14 0 2 9 8 13 12 
65,2.06399e-06,2.39456e-06,1.89373e-06,50,100,100,417612,5 1 11 7 4 3 6 10 14 0 2 9 8 13 12 
66,2.08501e-06,2.39456e-06,1.9539e-06,50,100,100,417612,5 1 11 7 4 3 6 10 14 0 2 9 8 13 12 
67,2.07892e-06,2.39456e-06,1.92671e-06,50,100,100,417612,5 1 11 7 4 3 6 10 14 0 2 9 8 13 12 
68,2.07569e-06,2.39456e-06,1.91712e-06,50,100,100,417612,5 1 11 7 4 3 6 10 14 0 2 9 8 13 12 
69,2.07446e-06,2.39456e-06,1.91513e-06,50,100,100,417612,5 1 11 7 4 3 6 10 14 0 2 9 8 13 12 
70,2.08537e-06,2.40303e-06,1.90989e-06,50,100,100,416140,7 1 11 5 8 3 6 10 14 0 2 9 4 13 12 
71,2.07761e-06,2.40303e-06,1.89189e-06,50,100,100,416140,7 1 11 5 8 3 6 10 14 0 2 9 4 13 12 
72,2.06757e-06,2.40303e-06,1.91846e-06,50,100,100,416140,7 1 11 5 8 3 6 10 14 0 2 9 4 13 12 
73,2.06434e-06,2.40303e-06,1.93476e-06,50,100,100,416140,7 1 11 5 8 3 6 10 14 0 2 9 4 13 12 
74,2.05569e-06,2.40303e-06,1.88605e-06,50,100,100,416140,7 1 11 5 8 3 6 10 14 0 2 9 4 13 12 
75,2.0748e-06,2.40303e-06,1.91348e-06,50,100,100,416140,7 1 11 5 8 3 6 10 14 0 2 9 4 13 12 
76,2.06047e-06,2.40303e-06,1.88353e-06,50,100,100,416140,7 1 11 5 8 3 6 10 14 0 2 9 4 13 12 
77,2.07416e-06,2.40303e-06,1.87773e-06,50,100,100,416140,7 1 11 5 8 3 6 10 14 0 2 9 4 13 12 
78,2.05907e-06,2.40303e-06,1.91213e-06,50,100,100,416140,7 1 11 5 8 3 6 10 14 0 2 9 4 13 12 
79,2.06203e-06,2.40303e-06,1.84205e-06,50,100,100,416140,7 1 11 5 8 3 6 10 14 0 2 9 4 13 12 
80,2.06019e-06,2.40303e-06,1.89665e-06,50,100,100,416140,7 1 11 5 8 3 6 10 14 0 2 9 4 13 12 
81,2.06738e-06,2.40303e-06,1.90475e-06,50,100,100,416140,7 1 11 5 8 3 6 10 14 0 2 9 4 13 12 
82,2.05336e-06,2.40303e-06,1.89036e-06,50,100,100,416140,7 1 11 5 8 3 6 10 14 0 2 9 4 13 12 
83,2.06926e-06,2.40303e-06,1.9319e-06,50,100,100,416140,7 1 11 5 8 3 6 10 14 0 2 9 4 13 12 
84,2.08226e-06,2.40303e-06,1.93476e-06,50,100,100,416140,7 1 11 5 8 3 6 10 14 0 2 9 4 13 12 
85,2.08137e-06,2.40303e-06,1.90507e-06,50,100,100,416140,7 1 11 5 8 3 6 10 14 0 2 9 4 13 12 
86,2.07027e-06,2.40303e-06,1.88537e-06,50,100,100,416140,7 1 11 5 8 3 6 10 14 0 2 9 4 13 12 
87,2.07369e-06,2.40303e-06,1.88936e-06,50,100,100,416140,7 1 11 5 8 3 6 10 14 0 2 9 4 13 12 
88,2.07919e-06,2.40303e-06,1.8961e-06,50,100,100,416140,7 1 11 5 8 3 6 10 14 0 2 9 4 13 12 
89,2.06553e-06,2.40303e-06,1.92731e-06,50,100,100,416140,7 1 11 5 8 3 6 10 14 0 2 9 4 13 12 
90,2.06457e-06,2.40303e-06,1.9013e-06,50,100,100,416140,7 1 11 5 8 3 6 10 14 0 2 9 4 13 12 
91,2.07768e-06,2.40303e-06,1.92858e-06,50,100,100,416140,7 1 11 5 8 3 6 10 14 0 2 9 4 13 12 
92,2.08194e-06,2.40303e-06,1.90571e-06,50,100,100,416140,7 1 11 5 8 3 6 10 14 0 2 9 4 13 12 
93,2.07427e-06,2.40303e-06,1.91781e-06,50,100,100,416140,7 1 11 5 8 3 6 10 14 0 2 9 4 13 12 
94,2.06435e-06,2.40303e-06,1.92991e-06,50,100,100,416140,7 1 11 5 8 3 6 10 14 0 2 9 4 13 12 
95,2.07032e-06,2.40303e-06,1.90191e-06,50,100,100,416140,7 1 11 5 8 3 6 10 14 0 2 9 4 13 12 
96,2.06924e-06,2.40303e-06,1.9236e-06,50,100,100,416140,7 1 11 5 8 3 6 10 14 0 2 9 4 13 12 
97,2.07391e-06,2.40303e-06,1.95217e-06,50,100,100,416140,7 1 11 5 8 3 6 10 14 0 2 9 4 13 12 
98,2.08253e-06,2.40303e-06,1.92291e-06,50,100,100,416140,7 1 11 5 8 3 6 10 14 0 2 9 4 13 12 
99,2.07606e-06,2.40303e-06,1.92425e-06,50,100,100,416140,7 1 11 5 8 3 6 10 14 0 2 9 4 13 12 
100,2.06794e-06,2.40303e-06,1.91449e-06,50,100,100,416140,7 1 11 5 8 3 6 10 14 0 2 9 4 13 12 
101,2.06452e-06,2.40303e-06,1.91457e-06,50,100,100,416140,7 1 11 5 8 3 6 10 14 0 2 9 4 13 12 
102,2.06762e-06,2.40303e-06,1.92727e-06,50,100,100,416140,7 1 11 5 8 3 6 10 14 0 2 9 4 13 12 
103,2.06233e-06,2.40303e-06,1.91269e-06,50,100,100,416140,7 1 11 5 8 3 6 10 14 0 2 9 4 13 12 
104,2.06451e-06,2.40303e-06,1.92612e-06,50,100,100,416140,7 1 11 5 8 3 6 10 14 0 2 9 4 13 12 
105,2.07834e-06,2.40303e-06,1.93077e-06,50,100,100,416140,7 1 11 5 8 3 6 10 14 0 2 9 4 13 12 
106,2.05576e-06,2.40303e-06,1.87818e-06,50,100,100,416140,7 1 11 5 8 3 6 10 14 0 2 9 4 13 12 
107,2.05826e-06,2.40303e-06,1.90785e-06,50,100,100,416140,7 1 11 5 8 3 6 10 14 0 2 9 4 13 12 
108,2.07673e-06,2.40303e-06,1.92256e-06,50,100,100,416140,7 1 11 5 8 3 6 10 14 0 2 9 4 13 12 
109,2.07501e-06,2.40303e-06,1.92154e-06,50,100,100,416140,7 1 11 5 8 3 6 10 14 0 2 9 4 13 12 
110,2.07404e-06,2.40303e-06,1.91536e-06,50,100,100,416140,7 1 11 5 8 3 6 10 14 0 2 9 4 13 12 
111,2.05789e-06,2.40303e-06,1.8971e-06,50,100,100,416140,7 1 11 5 8 3 6 10 14 0 2 9 4 13 12 
112,2.0608e-06,2.40303e-06,1.89592e-06,50,100,100,416140,7 1 11 5 8 3 6 10 14 0 2 9 4 13 12 
113,2.06752e-06,2.40303e-06,1.9201e-06,50,100,100,416140,7 1 11 5 8 3 6 10 14 0 2 9 4 13 12 
114,2.07397e-06,2.40303e-06,1.93893e-06,50,100,100,416140,7 1 11 5 8 3 6 10 14 0 2 9 4 13 12 
115,2.06479e-06,2.40303e-06,1.89344e-06,50,100,100,416140,7 1 11 5 8 3 6 10 14 0 2 9 4 13 12 
116,2.06422e-06,2.40303e-06,1.88595e-06,50,100,100,416140,7 1 11 5 8 3 6 10 14 0 2 9 4 13 12 
117,2.07155e-06,2.40303e-06,1.91667e-06,50,100,100,416140,7 1 11 5 8 3 6 10 14 0 2 9 4 13 12 
118,2.06872e-06,2.40303e-06,1.9375e-06,50,100,100,416140,7 1 11 5 8 3 6 10 14 0 2 9 4 13 12 
119,2.06272e-06,2.40303e-06,1.89226e-06,50,100,100,416140,7 1 11 5 8 3 6 10 14 0 2 9 4 13 12 
120,2.06669e-06,2.40303e-06,1.91719e-06,50,100,100,416140,7 1 11 5 8 3 6 10 14 0 2 9 4 13 12 
121,2.0807e-06,2.40303e-06,1.89406e-06,50,100,100,416140,7 1 11 5 8 3 6 10 14 0 2 9 4 13 12 
122,2.07179e-06,2.40303e-06,1.93132e-06,50,100,100,416140,7 1 11 5 8 3 6 10 14 0 2 9 4 13 12 
123,2.07077e-06,2.40303e-06,1.89048e-06,50,100,100,416140,7 1 11 5 8 3 6 10 14 0 2 9 4 13 12 
124,2.07105e-06,2.40303e-06,1.93313e-06,50,100,100,416140,7 1 11 5 8 3 6 10 14 0 2 9 4 13 12 
125,2.04777e-06,2.40303e-06,1.92737e-06,50,100,100,416140,7 1 11 5 8 3 6 10 14 0 2 9 4 13 12 
126,2.06006e-06,2.40303e-06,1.91421e-06,50,100,100,416140,7 1 11 5 8 3 6 10 14 0 2 9 4 13 12 
127,2.06689e-06,2.40303e-06,1.92044e-06,50,100,100,416140,7 1 11 5 8 3 6 10 14 0 2 9 4 13 12 
128,2.07858e-06,2.40303e-06,1.92821e-06,50,100,100,416140,7 1 11 5 8 3 6 10 14 0 2 9 4 13 12 
129,2.0827e-06,2.40303e-06,1.92727e-06,50,100,100,416140,7 1 11 5 8 3 6 10 14 0 2 9 4 13 12 
130,2.08067e-06,2.40303e-06,1.94252e-06,50,100,100,416140,7 1 11 5 8 3 6 10 14 0 2 9 4 13 12 
131,2.07596e-06,2.40303e-06,1.90123e-06,50,100,100,416140,7 1 11 5 8 3 6 10 14 0 2 9 4 13 12 
132,2.07139e-06,2.40303e-06,1.91529e-06,50,100,100,416140,7 1 11 5 8 3 6 10 14 0 2 9 4 13 12 
133,2.05505e-06,2.40303e-06,1.9091e-06,50,100,100,416140,7 1 11 5 8 3 6 10 14 0 2 9 4 13 12 
134,2.07655e-06,2.40303e-06,1.92882e-06,50,100,100,416140,7 1 11 5 8 3 6 10 14 0 2 9 4 13 12 
135,2.06713e-06,2.40303e-06,1.90387e-06,50,100,100,416140,7 1 11 5 8 3 6 10 14 0 2 9 4 13 12 
136,2.06582e-06,2.40303e-06,1.94156e-06,50,100,100,416140,7 1 11 5 8 3 6 10 14 0 2 9 4 13 12 
137,2.06228e-06,2.40303e-06,1.91609e-06,50,100,100,416140,7 1 11 5 8 3 6 10 14 0 2 9 4 13 12 
138,2.07008e-06,2.40303e-06,1.90107e-06,50,100,100,416140,7 1 11 5 8 3 6 10 14 0 2 9 4 13 12 
139,2.07464e-06,2.40303e-06,1.91792e-06,50,100,100,416140,7 1 11 5 8 3 6 10 14 0 2 9 4 13 12 
140,2.07281e-06,2.40303e-06,1.90008e-06,50,100,100,416140,7 1 11 5 8 3 6 10 14 0 2 9 4 13 12 
141,2.0638e-06,2.40303e-06,1.92529e-06,50,100,100,416140,7 1 11 5 8 3 6 10 14 0 2 9 4 13 12 
142,2.05019e-06,2.40303e-06,1.90433e-06,50,100,100,416140,7 1 11 5 8 3 6 10 14 0 2 9 4 13 12 
143,2.05394e-06,2.40303e-06,1.91841e-06,50,100,100,416140,7 1 11 5 8 3 6 10 14 0 2 9 4 13 12 
144,2.0607e-06,2.40303e-06,1.90771e-06,50,100,100,416140,7 1 11 5 8 3 6 10 14 0 2 9 4 13 12 
145,2.0649e-06,2.40303e-06,1.89281e-06,50,100,100,416140,7 1 11 5 8 3 6 10 14 0 2 9 4 13 12 
146,2.05781e-06,2.40303e-06,1.92105e-06,50,100,100,416140,7 1 11 5 8 3 6 10 14 0 2 9 4 13 12 
147,2.05279e-06,2.40303e-06,1.90823e-06,50,100,100,416140,7 1 11 5 8 3 6 10 14 0 2 9 4 13 12 
148,2.0598e-06,2.40303e-06,1.9255e-06,50,100,100,416140,7 1 11 5 8 3 6 10 14 0 2 9 4 13 12 
149,2.05898e-06,2.40303e-06,1.91469e-06,50,100,100,416140,7 1 11 5 8 3 6 10 14 0 2 9 4 13 12 
150,2.06972e-06,2.40303e-06,1.92913e-06,50,100,100,416140,7 1 11 5 8 3 6 10 14 0 2 9 4 13 12 
151,2.06938e-06,2.40303e-06,1.91989e-06,50,100,100,416140,7 1 11 5 8 3 6 10 14 0 2 9 4 13 12 
152,2.06986e-06,2.40303e-06,1.93195e-06,50,100,100,416140,7 1 11 5 8 3 6 10 14 0 2 9 4 13 12 
153,2.07921e-06,2.40303e-06,1.91614e-06,50,100,100,416140,7 1 11 5 8 3 6 10 14 0 2 9 4 13 12 
154,2.07204e-06,2.40303e-06,1.9361e-06,50,100,100,416140,7 1 11 5 8 3 6 10 14 0 2 9 4 13 12 
155,2.05843e-06,2.40303e-06,1.92833e-06,50,100,100,416140,7 1 11 5 8 3 6 10 14 0 2 9 4 13 12 
156,2.07377e-06,2.41648e-06,1.9045e-06,50,100,100,413824,7 1 11 5 8 4 6 10 14 0 2 9 3 13 12 
157,2.06901e-06,2.41648e-06,1.91654e-06,50,100,100,413824,7 1 11 5 8 4 6 10 14 0 2 9 3 13 12 
158,2.0723e-06,2.41648e-06,1.9156e-06,50,100,100,413824,7 1 11 5 8 4 6 10 14 0 2 9 3 13 12 
159,2.07215e-06,2.41648e-06,1.93883e-06,50,100,100,413824,7 1 11 5 8 4 6 10 14 0 2 9 3 13 12 
160,2.06663e-06,2.41648e-06,1.90122e-06,50,100,100,413824,7 1 11 5 8 4 6 10 14 0 2 9 3 13 12 
161,2.07133e-06,2.41648e-06,1.94253e-06,50,100,100,413824,7 1 11 5 8 4 6 10 14 0 2 9 3 13 12 
162,2.07817e-06,2.41648e-06,1.93084e-06,50,100,100,413824,7 1 11 5 8 4 6 10 14 0 2 9 3 13 12 
163,2.06676e-06,2.41648e-06,1.90295e-06,50,100,100,413824,7 1 11 5 8 4 6 10 14 0 2 9 3 13 12 
164,2.07031e-06,2.41648e-06,1.92426e-06,50,100,100,413824,7 1 11 5 8 4 6 10 14 0 2 9 3 13 12 
165,2.05667e-06,2.41648e-06,1.92069e-06,50,100,100,413824,7 1 11 5 8 4 6 10 14 0 2 9 3 13 12 
166,2.0451e-06,2.41648e-06,1.9187e-06,50,100,100,413824,7 1 11 5 8 4 6 10 14 0 2 9 3 13 12 
167,2.07293e-06,2.41648e-06,1.92187e-06,50,100,100,413824,7 1 11 5 8 4 6 10 14 0 2 9 3 13 12 
168,2.0704e-06,2.41648e-06,1.91441e-06,50,100,100,413824,7 1 11 5 8 4 6 10 14 0 2 9 3 13 12 
169,2.08016e-06,2.41648e-06,1.93248e-06,50,100,100,413824,7 1 11 5 8 4 6 10 14 0 2 9 3 13 12 
170,2.07481e-06,2.41648e-06,1.9229e-06,50,100,100,413824,7 1 11 5 8 4 6 10 14 0 2 9 3 13 12 
171,2.07204e-06,2.41648e-06,1.93101e-06,50,100,100,413824,7 1 11 5 8 4 6 10 14 0 2 9 3 13 12 
172,2.08092e-06,2.41648e-06,1.92822e-06,50,100,100,413824,7 1 11 5 8 4 6 10 14 0 2 9 3 13 12 
173,2.0677e-06,2.41648e-06,1.92798e-06,50,100,100,413824,7 1 11 5 8 4 6 10 14 0 2 9 3 13 12 
174,2.07496e-06,2.41648e-06,1.94408e-06,50,100,100,413824,7 1 11 5 8 4 6 10 14 0 2 9 3 13 12 
175,2.07157e-06,2.41648e-06,1.89655e-06,50,100,100,413824,7 1 11 5 8 4 6 10 14 0 2 9 3 13 12 
176,2.07177e-06,2.41648e-06,1.88804e-06,50,100,100,413824,7 1 11 5 8 4 6 10 14 0 2 9 3 13 12 
177,2.07851e-06,2.41648e-06,1.89386e-06,50,100,100,413824,7 1 11 5 8 4 6 10 14 0 2 9 3 13 12 
178,2.078e-06,2.41648e-06,1.92592e-06,50,100,100,413824,7 1 11 5 8 4 6 10 14 0 2 9 3 13 12 
179,2.0776e-06,2.41648e-06,1.93749e-06,50,100,100,413824,7 1 11 5 8 4 6 10 14 0 2 9 3 13 12 
180,2.07764e-06,2.41648e-06,1.95862e-06,50,100,100,413824,7 1 11 5 8 4 6 10 14 0 2 9 3 13 12 
181,2.06362e-06,2.41648e-06,1.91016e-06,50,100,100,413824,7 1 11 5 8 4 6 10 14 0 2 9 3 13 12 
182,2.06957e-06,2.41648e-06,1.90123e-06,50,100,100,413824,7 1 11 5 8 4 6 10 14 0 2 9 3 13 12 
183,2.06816e-06,2.41648e-06,1.89257e-06,50,100,100,413824,7 1 11 5 8 4 6 10 14 0 2 9 3 13 12 
184,2.06643e-06,2.41648e-06,1.90834e-06,50,100,100,413824,7 1 11 5 8 4 6 10 14 0 2 9 3 13 12 
185,2.07067e-06,2.41648e-06,1.93583e-06,50,100,100,413824,7 1 11 5 8 4 6 10 14 0 2 9 3 13 12 
186,2.06515e-06,2.41648e-06,1.92533e-06,50,100,100,413824,7 1 11 5 8 4 6 10 14 0 2 9 3 13 12 
187,2.0724e-06,2.41648e-06,1.92884e-06,50,100,100,413824,7 1 11 5 8 4 6 10 14 0 2 9 3 13 12 
188,2.05992e-06,2.41648e-06,1.90745e-06,50,100,100,413824,7 1 11 5 8 4 6 10 14 0 2 9 3 13 12 
189,2.06406e-06,2.41648e-06,1.90105e-06,50,100,100,413824,7 1 11 5 8 4 6 10 14 0 2 9 3 13 12 
190,2.06776e-06,2.41648e-06,1.93404e-06,50,100,100,413824,7 1 11 5 8 4 6 10 14 0 2 9 3 13 12 
191,2.06227e-06,2.41648e-06,1.91948e-06,50,100,100,413824,7 1 11 5 8 4 6 10 14 0 2 9 3 13 12 
192,2.07843e-06,2.41648e-06,1.93179e-06,50,100,100,413824,7 1 11 5 8 4 6 10 14 0 2 9 3 13 12 
193,2.09281e-06,2.41648e-06,1.95899e-06,50,100,100,413824,7 1 11 5 8 4 6 10 14 0 2 9 3 13 12 
194,2.07267e-06,2.41648e-06,1.91041e-06,50,100,100,413824,7 1 11 5 8 4 6 10 14 0 2 9 3 13 12 
195,2.06626e-06,2.41648e-06,1.93192e-06,50,100,100,413824,7 1 11 5 8 4 6 10 14 0 2 9 3 13 12 
196,2.05968e-06,2.41648e-06,1.90626e-06,50,100,100,413824,7 1 11 5 8 4 6 10 14 0 2 9 3 13 12 
197,2.05818e-06,2.41648e-06,1.91735e-06,50,100,100,413824,7 1 11 5 8 4 6 10 14 0 2 9 3 13 12 
198,2.07451e-06,2.41648e-06,1.91954e-06,50,100,100,413824,7 1 11 5 8 4 6 10 14 0 2 9 3 13 12 
199,2.05836e-06,2.41648e-06,1.9021e-06,50,100,100,413824,7 1 11 5 8 4 6 10 14 0 2 9 3 13 12 
200,2.06561e-06,2.41648e-06,1.93188e-06,50,100,100,413824,7 1 11 5 8 4 6 10 14 0 2 9 3 13 12 
201,2.06607e-06,2.41648e-06,1.91898e-06,50,100,100,413824,7 1 11 5 8 4 6 10 14 0 2 9 3 13 12 
202,2.07578e-06,2.41648e-06,1.89942e-06,50,100,100,413824,7 1 11 5 8 4 6 10 14 0 2 9 3 13 12 
203,2.07668e-06,2.41648e-06,1.91027e-06,50,100,100,413824,7 1 11 5 8 4 6 10 14 0 2 9 3 13 12 
204,2.0728e-06,2.41648e-06,1.90729e-06,50,100,100,413824,7 1 11 5 8 4 6 10 14 0 2 9 3 13 12 
205,2.06712e-06,2.41648e-06,1.9198e-06,50,100,100,413824,7 1 11 5 8 4 6 10 14 0 2 9 3 13 12 
206,2.05995e-06,2.41648e-06,1.92825e-06,50,100,100,413824,7 1 11 5 8 4 6 10 14 0 2 9 3 13 12 
207,2.06895e-06,2.41648e-06,1.8917e-06,50,100,100,413824,7 1 11 5 8 4 6 10 14 0 2 9 3 13 12 
208,2.07107e-06,2.41648e-06,1.9019e-06,50,100,100,413824,7 1 11 5 8 4 6 10 14 0 2 9 3 13 12 
209,2.0587e-06,2.41648e-06,1.9285e-06,50,100,100,413824,7 1 11 5 8 4 6 10 14 0 2 9 3 13 12 
210,2.06411e-06,2.41648e-06,1.89821e-06,50,100,100,413824,7 1 11 5 8 4 6 10 14 0 2 9 3 13 12 
211,2.06401e-06,2.41648e-06,1.92659e-06,50,100,100,413824,7 1 11 5 8 4 6 10 14 0 2 9 3 13 12 
212,2.05698e-06,2.41648e-06,1.91648e-06,50,100,100,413824,7 1 11 5 8 4 6 10 14 0 2 9 3 13 12 
213,2.07363e-06,2.41648e-06,1.90129e-06,50,100,100,413824,7 1 11 5 8 4 6 10 14 0 2 9 3 13 12 
214,2.06371e-06,2.41648e-06,1.90061e-06,50,100,100,413824,7 1 11 5 8 4 6 10 14 0 2 9 3 13 12 
215,2.06908e-06,2.41648e-06,1.94211e-06,50,100,100,413824,7 1 11 5 8 4 6 10 14 0 2 9 3 13 12 
216,2.06994e-06,2.41648e-06,1.91797e-06,50,100,100,413824,7 1 11 5 8 4 6 10 14 0 2 9 3 13 12 
217,2.06493e-06,2.41648e-06,1.9103e-06,50,100,100,413824,7 1 11 5 8 4 6 10 14 0 2 9 3 13 12 
218,2.07811e-06,2.41648e-06,1.91692e-06,50,100,100,413824,7 1 11 5 8 4 6 10 14 0 2 9 3 13 12 
219,2.07804e-06,2.41648e-06,1.94232e-06,50,100,100,413824,7 1 11 5 8 4 6 10 14 0 2 9 3 13 12 
220,2.0608e-06,2.41648e-06,1.91328e-06,50,100,100,413824,7 1 11 5 8 4 6 10 14 0 2 9 3 13 12 
221,2.06705e-06,2.41648e-06,1.91e-06,50,100,100,413824,7 1 11 5 8 4 6 10 14 0 2 9 3 13 12 
222,2.0607e-06,2.41648e-06,1.88734e-06,50,100,100,413824,7 1 11 5 8 4 6 10 14 0 2 9 3 13 12 
223,2.058e-06,2.41648e-06,1.91595e-06,50,100,100,413824,7 1 11 5 8 4 6 10 14 0 2 9 3 13 12 
224,2.0539e-06,2.41648e-06,1.89926e-06,50,100,100,413824,7 1 11 5 8 4 6 10 14 0 2 9 3 13 12 
225,2.06006e-06,2.41648e-06,1.92295e-06,50,100,100,413824,7 1 11 5 8 4 6 10 14 0 2 9 3 13 12 
226,2.05766e-06,2.41648e-06,1.88321e-06,50,100,100,413824,7 1 11 5 8 4 6 10 14 0 2 9 3 13 12 
227,2.0552e-06,2.41648e-06,1.91092e-06,50,100,100,413824,7 1 11 5 8 4 6 10 14 0 2 9 3 13 12 
228,2.05664e-06,2.41648e-06,1.92507e-06,50,100,100,413824,7 1 11 5 8 4 6 10 14 0 2 9 3 13 12 
229,2.05433e-06,2.41648e-06,1.91603e-06,50,100,100,413824,7 1 11 5 8 4 6 10 14 0 2 9 3 13 12 
230,2.05225e-06,2.41648e-06,1.87426e-06,50,100,100,413824,7 1 11 5 8 4 6 10 14 0 2 9 3 13 12 
231,2.07106e-06,2.41648e-06,1.91616e-06,50,100,100,413824,7 1 11 5 8 4 6 10 14 0 2 9 3 13 12 
232,2.07767e-06,2.41648e-06,1.95482e-06,50,100,100,413824,7 1 11 5 8 4 6 10 14 0 2 9 3 13 12 
233,2.07117e-06,2.41648e-06,1.89611e-06,50,100,100,413824,7 1 11 5 8 4 6 10 14 0 2 9 3 13 12 
234,2.08153e-06,2.41648e-06,1.93031e-06,50,100,100,413824,7 1 11 5 8 4 6 10 14 0 2 9 3 13 12 
235,2.0768e-06,2.41648e-06,1.86252e-06,50,100,100,413824,7 1 11 5 8 4 6 10 14 0 2 9 3 13 12 
236,2.07157e-06,2.41648e-06,1.88986e-06,50,100,100,413824,7 1 11 5 8 4 6 10 14 0 2 9 3 13 12 
237,2.0779e-06,2.41648e-06,1.93641e-06,50,100,100,413824,7 1 11 5 8 4 6 10 14 0 2 9 3 13 12 
238,2.07893e-06,2.41648e-06,1.9473e-06,50,100,100,413824,7 1 11 5 8 4 6 10 14 0 2 9 3 13 12 
239,2.06785e-06,2.41648e-06,1.95517e-06,50,100,100,413824,7 1 11 5 8 4 6 10 14 0 2 9 3 13 12 
240,2.07273e-06,2.41648e-06,1.93887e-06,50,100,100,413824,7 1 11 5 8 4 6 10 14 0 2 9 3 13 12 
241,2.06245e-06,2.41648e-06,1.89351e-06,50,100,100,413824,7 1 11 5 8 4 6 10 14 0 2 9 3 13 12 
242,2.06579e-06,2.41648e-06,1.90526e-06,50,100,100,413824,7 1 11 5 8 4 6 10 14 0 2 9 3 13 12 
243,2.08082e-06,2.41648e-06,1.9502e-06,50,100,100,413824,7 1 11 5 8 4 6 10 14 0 2 9 3 13 12 
244,2.0665e-06,2.41648e-06,1.90611e-06,50,100,100,413824,7 1 11 5 8 4 6 10 14 0 2 9 3 13 12 
245,2.07169e-06,2.41648e-06,1.92419e-06,50,100,100,413824,7 1 11 5 8 4 6 10 14 0 2 9 3 13 12 
246,2.06894e-06,2.41648e-06,1.9056e-06,50,100,100,413824,7 1 11 5 8 4 6 10 14 0 2 9 3 13 12 
247,2.07435e-06,2.41648e-06,1.92806e-06,50,100,100,413824,7 1 11 5 8 4 6 10 14 0 2 9 3 13 12 
248,2.08184e-06,2.41648e-06,1.91086e-06,50,100,100,413824,7 1 11 5 8 4 6 10 14 0 2 9 3 13 12 
249,2.07103e-06,2.41648e-06,1.93062e-06,50,100,100,413824,7 1 11 5 8 4 6 10 14 0 2 9 3 13 12 
250,2.07314e-06,2.41648e-06,1.92649e-06,50,100,100,413824,7 1 11 5 8 4 6 10 14 0 2 9 3 13 12 
251,2.06083e-06,2.41648e-06,1.90933e-06,50,100,100,413824,7 1 11 5 8 4 6 10 14 0 2 9 3 13 12 
252,2.06478e-06,2.41648e-06,1.88906e-06,50,100,100,413824,7 1 11 5 8 4 6 10 14 0 2 9 3 13 12 
253,2.05972e-06,2.41648e-06,1.86847e-06,50,100,100,413824,7 1 11 5 8 4 6 10 14 0 2 9 3 13 12 
254,2.06215e-06,2.41648e-06,1.89483e-06,50,100,100,413824,7 1 11 5 8 4 6 10 14 0 2 9 3 13 12 
255,2.07871e-06,2.41648e-06,1.92414e-06,50,100,100,413824,7 1 11 5 8 4 6 10 14 0 2 9 3 13 12 
256,2.06408e-06,2.41648e-06,1.94109e-06,50,100,100,413824,7 1 11 5 8 4 6 10 14 0 2 9 3 13 12 
257,2.05687e-06,2.41648e-06,1.91241e-06,50,100,100,413824,7 1 11 5 8 4 6 10 14 0 2 9 3 13 12 
258,2.07275e-06,2.41648e-06,1.93836e-06,50,100,100,413824,7 1 11 5 8 4 6 10 14 0 2 9 3 13 12 
259,2.07015e-06,2.41648e-06,1.9057e-06,50,100,100,413824,7 1 11 5 8 4 6 10 14 0 2 9 3 13 12 
260,2.07292e-06,2.41648e-06,1.9116e-06,50,100,100,413824,7 1 11 5 8 4 6 10 14 0 2 9 3 13 12 
261,2.06886e-06,2.41648e-06,1.9254e-06,50,100,100,413824,7 1 11 5 8 4 6 10 14 0 2 9 3 13 12 
262,2.08166e-06,2.41648e-06,1.93075e-06,50,100,100,413824,7 1 11 5 8 4 6 10 14 0 2 9 3 13 12 
263,2.08668e-06,2.41648e-06,1.93108e-06,50,100,100,413824,7 1 11 5 8 4 6 10 14 0 2 9 3 13 12 
264,2.08274e-06,2.41648e-06,1.92737e-06,50,100,100,413824,7 1 11 5 8 4 6 10 14 0 2 9 3 13 12 
265,2.06828e-06,2.41648e-06,1.91778e-06,50,100,100,413824,7 1 11 5 8 4 6 10 14 0 2 9 3 13 12 
266,2.06357e-06,2.41648e-06,1.87113e-06,50,100,100,413824,7 1 11 5 8 4 6 10 14 0 2 9 3 13 12 
267,2.06524e-06,2.41648e-06,1.93624e-06,50,100,100,413824,7 1 11 5 8 4 6 10 14 0 2 9 3 13 12 
268,2.0759e-06,2.41648e-06,1.91193e-06,50,100,100,413824,7 1 11 5 8 4 6 10 14 0 2 9 3 13 12 
269,2.0821e-06,2.41648e-06,1.91042e-06,50,100,100,413824,7 1 11 5 8 4 6 10 14 0 2 9 3 13 12 
270,2.07688e-06,2.41648e-06,1.87743e-06,50,100,100,413824,7 1 11 5 8 4 6 10 14 0 2 9 3 13 12 
271,2.05797e-06,2.41648e-06,1.89154e-06,50,100,100,413824,7 1 11 5 8 4 6 10 14 0 2 9 3 13 12 
272,2.08465e-06,2.41648e-06,1.92561e-06,50,100,100,413824,7 1 11 5 8 4 6 10 14 0 2 9 3 13 12 
273,2.09543e-06,2.41648e-06,1.89781e-06,50,100,100,413824,7 1 11 5 8 4 6 10 14 0 2 9 3 13 12 
274,2.08908e-06,2.41648e-06,1.94587e-06,50,100,100,413824,7 1 11 5 8 4 6 10 14 0 2 9 3 13 12 
275,2.08266e-06,2.41648e-06,1.95566e-06,50,100,100,413824,7 1 11 5 8 4 6 10 14 0 2 9 3 13 12 
276,2.08672e-06,2.41648e-06,1.94014e-06,50,100,100,413824,7 1 11 5 8 4 6 10 14 0 2 9 3 13 12 
277,2.09359e-06,2.41648e-06,1.91244e-06,50,100,100,413824,7 1 11 5 8 4 6 10 14 0 2 9 3 13 12 
278,2.08289e-06,2.41648e-06,1.96601e-06,50,100,100,413824,7 1 11 5 8 4 6 10 14 0 2 9 3 13 12 
279,2.07167e-06,2.41648e-06,1.92777e-06,50,100,100,413824,7 1 11 5 8 4 6 10 14 0 2 9 3 13 12 
280,2.07666e-06,2.41648e-06,1.93993e-06,50,100,100,413824,7 1 11 5 8 4 6 10 14 0 2 9 3 13 12 
281,2.06527e-06,2.41648e-06,1.90879e-06,50,100,100,413824,7 1 11 5 8 4 6 10 14 0 2 9 3 13 12 
282,2.06974e-06,2.41648e-06,1.9108e-06,50,100,100,413824,7 1 11 5 8 4 6 10 14 0 2 9 3 13 12 
283,2.07777e-06,2.41648e-06,1.91338e-06,50,100,100,413824,7 1 11 5 8 4 6 10 14 0 2 9 3 13 12 
284,2.0773e-06,2.41648e-06,1.93435e-06,50,100,100,413824,7 1 11 5 8 4 6 10 14 0 2 9 3 13 12 
285,2.08528e-06,2.41648e-06,1.92244e-06,50,100,100,413824,7 1 11 5 8 4 6 10 14 0 2 9 3 13 12 
286,2.08357e-06,2.41648e-06,1.92094e-06,50,100,100,413824,7 1 11 5 8 4 6 10 14 0 2 9 3 13 12 
287,2.08089e-06,2.41648e-06,1.91535e-06,50,100,100,413824,7 1 11 5 8 4 6 10 14 0 2 9 3 13 12 
288,2.07217e-06,2.41648e-06,1.90271e-06,50,100,100,413824,7 1 11 5 8 4 6 10 14 0 2 9 3 13 12 
289,2.08698e-06,2.41648e-06,1.89552e-06,50,100,100,413824,7 1 11 5 8 4 6 10 14 0 2 9 3 13 12 
290,2.1014e-06,2.41648e-06,1.91671e-06,50,100,100,413824,7 1 11 5 8 4 6 10 14 0 2 9 3 13 12 
291,2.09394e-06,2.41648e-06,1.92284e-06,50,100,100,413824,7 1 11 5 8 4 6 10 14 0 2 9 3 13 12 
292,2.0832e-06,2.41648e-06,1.92508e-06,50,100,100,413824,7 1 11 5 8 4 6 10 14 0 2 9 3 13 12 
293,2.05429e-06,2.41648e-06,1.92141e-06,50,100,100,413824,7 1 11 5 8 4 6 10 14 0 2 9 3 13 12 
294,2.07397e-06,2.41648e-06,1.91838e-06,50,100,100,413824,7 1 11 5 8 4 6 10 14 0 2 9 3 13 12 
295,2.08642e-06,2.41648e-06,1.93127e-06,50,100,100,413824,7 1 11 5 8 4 6 10 14 0 2 9 3 13 12 
296,2.08948e-06,2.41648e-06,1.92535e-06,50,100,100,413824,7 1 11 5 8 4 6 10 14 0 2 9 3 13 12 
297,2.08789e-06,2.41648e-06,1.93222e-06,50,100,100,413824,7 1 11 5 8 4 6 10 14 0 2 9 3 13 12 
298,2.07574e-06,2.41648e-06,1.88618e-06,50,100,100,413824,7 1 11 5 8 4 6 10 14 0 2 9 3 13 12 
299,2.07304e-06,2.41648e-06,1.88245e-06,50,100,100,413824,7 1 11 5 8 4 6 10 14 0 2 9 3 13 12 
300,2.06691e-06,2.41648e-06,1.89637e-06,50,100,100,413824,7 1 11 5 8 4 6 10 14 0 2 9 3 13 12 
301,2.08294e-06,2.41648e-06,1.93288e-06,50,100,100,413824,7 1 11 5 8 4 6 10 14 0 2 9 3 13 12 
302,2.07009e-06,2.41648e-06,1.91093e-06,50,100,100,413824,7 1 11 5 8 4 6 10 14 0 2 9 3 13 12 
303,2.06068e-06,2.41648e-06,1.90506e-06,50,100,100,413824,7 1 11 5 8 4 6 10 14 0 2 9 3 13 12 
304,2.07063e-06,2.41648e-06,1.89126e-06,50,100,100,413824,7 1 11 5 8 4 6 10 14 0 2 9 3 13 12 
305,2.07518e-06,2.41648e-06,1.92701e-06,50,100,100,413824,7 1 11 5 8 4 6 10 14 0 2 9 3 13 12 
306,2.0809e-06,2.41648e-06,1.93842e-06,50,100,100,413824,7 1 11 5 8 4 6 10 14 0 2 9 3 13 12 
307,2.0767e-06,2.41648e-06,1.91617e-06,50,100,100,413824,7 1 11 5 8 4 6 10 14 0 2 9 3 13 12 
308,2.0725e-06,2.41648e-06,1.91003e-06,50,100,100,413824,7 1 11 5 8 4 6 10 14 0 2 9 3 13 12 
309,2.07528e-06,2.41648e-06,1.89133e-06,50,100,100,413824,7 1 11 5 8 4 6 10 14 0 2 9 3 13 12 
310,2.08128e-06,2.41648e-06,1.93528e-06,50,100,100,413824,7 1 11 5 8 4 6 10 14 0 2 9 3 13 12 
311,2.07833e-06,2.41648e-06,1.88687e-06,50,100,100,413824,7 1 11 5 8 4 6 10 14 0 2 9 3 13 12 
312,2.07006e-06,2.41648e-06,1.91864e-06,50,100,100,413824,7 1 11 5 8 4 6 10 14 0 2 9 3 13 12 
313,2.07581e-06,2.41648e-06,1.92059e-06,50,100,100,413824,7 1 11 5 8 4 6 10 14 0 2 9 3 13 12 
314,2.06623e-06,2.41648e-06,1.90297e-06,50,100,100,413824,7 1 11 5 8 4 6 10 14 0 2 9 3 13 12 
315,2.06121e-06,2.41648e-06,1.89303e-06,50,100,100,413824,7 1 11 5 8 4 6 10 14 0 2 9 3 13 12 
316,2.08231e-06,2.41648e-06,1.93085e-06,50,100,100,413824,7 1 11 5 8 4 6 10 14 0 2 9 3 13 12 
317,2.07788e-06,2.41648e-06,1.94547e-06,50,100,100,413824,7 1 11 5 8 4 6 10 14 0 2 9 3 13 12 
318,2.07776e-06,2.41648e-06,1.9458e-06,50,100,100,413824,7 1 11 5 8 4 6 10 14 0 2 9 3 13 12 
319,2.07966e-06,2.41648e-06,1.95062e-06,50,100,100,413824,7 1 11 5 8 4 6 10 14 0 2 9 3 13 12 
320,2.07703e-06,2.41648e-06,1.92876e-06,50,100,100,413824,7 1 11 5 8 4 6 10 14 0 2 9 3 13 12 
321,2.07609e-06,2.41648e-06,1.89146e-06,50,100,100,413824,7 1 11 5 8 4 6 10 14 0 2 9 3 13 12 
322,2.06778e-06,2.41648e-06,1.92724e-06,50,100,100,413824,7 1 11 5 8 4 6 10 14 0 2 9 3 13 12 
323,2.0639e-06,2.41648e-06,1.91834e-06,50,100,100,413824,7 1 11 5 8 4 6 10 14 0 2 9 3 13 12 
324,2.0691e-06,2.41648e-06,1.89624e-06,50,100,100,413824,7 1 11 5 8 4 6 10 14 0 2 9 3 13 12 
325,2.06666e-06,2.41648e-06,1.91897e-06,50,100,100,413824,7 1 11 5 8 4 6 10 14 0 2 9 3 13 12 
326,2.05884e-06,2.41648e-06,1.89669e-06,50,100,100,413824,7 1 11 5 8 4 6 10 14 0 2 9 3 13 12 
327,2.05667e-06,2.41648e-06,1.93769e-06,50,100,100,413824,7 1 11 5 8 4 6 10 14 0 2 9 3 13 12 
328,2.06979e-06,2.41648e-06,1.91681e-06,50,100,100,413824,7 1 11 5 8 4 6 10 14 0 2 9 3 13 12 
329,2.07883e-06,2.41648e-06,1.95674e-06,50,100,100,413824,7 1 11 5 8 4 6 10 14 0 2 9 3 13 12 
330,2.07312e-06,2.41648e-06,1.95225e-06,50,100,100,413824,7 1 11 5 8 4 6 10 14 0 2 9 3 13 12 
331,2.07914e-06,2.41648e-06,1.8809e-06,50,100,100,413824,7 1 11 5 8 4 6 10 14 0 2 9 3 13 12 
332,2.07099e-06,2.41648e-06,1.92982e-06,50,100,100,413824,7 1 11 5 8 4 6 10 14 0 2 9 3 13 12 
333,2.06007e-06,2.41648e-06,1.8928e-06,50,100,100,413824,7 1 11 5 8 4 6 10 14 0 2 9 3 13 12 
334,2.06472e-06,2.41648e-06,1.91354e-06,50,100,100,413824,7 1 11 5 8 4 6 10 14 0 2 9 3 13 12 
335,2.06845e-06,2.41648e-06,1.90458e-06,50,100,100,413824,7 1 11 5 8 4 6 10 14 0 2 9 3 13 12 
336,2.07422e-06,2.41648e-06,1.92137e-06,50,100,100,413824,7 1 11 5 8 4 6 10 14 0 2 9 3 13 12 
337,2.06535e-06,2.41648e-06,1.89964e-06,50,100,100,413824,7 1 11 5 8 4 6 10 14 0 2 9 3 13 12 
338,2.06075e-06,2.41648e-06,1.89264e-06,50,100,100,413824,7 1 11 5 8 4 6 10 14 0 2 9 3 13 12 
339,2.07726e-06,2.41648e-06,1.9164e-06,50,100,100,413824,7 1 11 5 8 4 6 10 14 0 2 9 3 13 12 
340,2.07634e-06,2.41648e-06,1.91367e-06,50,100,100,413824,7 1 11 5 8 4 6 10 14 0 2 9 3 13 12 
341,2.08575e-06,2.41648e-06,1.92192e-06,50,100,100,413824,7 1 11 5 8 4 6 10 14 0 2 9 3 13 12 
342,2.08035e-06,2.41648e-06,1.93739e-06,50,100,100,413824,7 1 11 5 8 4 6 10 14 0 2 9 3 13 12 
343,2.09158e-06,2.41648e-06,1.92256e-06,50,100,100,413824,7 1 11 5 8 4 6 10 14 0 2 9 3 13 12 
344,2.07944e-06,2.41648e-06,1.91904e-06,50,100,100,413824,7 1 11 5 8 4 6 10 14 0 2 9 3 13 12 
345,2.07252e-06,2.41648e-06,1.92644e-06,50,100,100,413824,7 1 11 5 8 4 6 10 14 0 2 9 3 13 12 
346,2.06065e-06,2.41648e-06,1.90842e-06,50,100,100,413824,7 1 11 5 8 4 6 10 14 0 2 9 3 13 12 
347,2.06298e-06,2.41648e-06,1.91125e-06,50,100,100,413824,7 1 11 5 8 4 6 10 14 0 2 9 3 13 12 
348,2.07673e-06,2.41648e-06,1.96434e-06,50,100,100,413824,7 1 11 5 8 4 6 10 14 0 2 9 3 13 12 
349,2.07742e-06,2.41648e-06,1.9328e-06,50,100,100,413824,7 1 11 5 8 4 6 10 14 0 2 9 3 13 12 
350,2.07416e-06,2.41648e-06,1.92745e-06,50,100,100,413824,7 1 11 5 8 4 6 10 14 0 2 9 3 13 12 
351,2.08006e-06,2.41648e-06,1.88644e-06,50,100,100,413824,7 1 11 5 8 4 6 10 14 0 2 9 3 13 12 
352,2.07712e-06,2.41648e-06,1.90237e-06,50,100,100,413824,7 1 11 5 8 4 6 10 14 0 2 9 3 13 12 
353,2.06679e-06,2.41648e-06,1.86312e-06,50,100,100,413824,7 1 11 5 8 4 6 10 14 0 2 9 3 13 12 
354,2.07142e-06,2.41648e-06,1.90345e-06,50,100,100,413824,7 1 11 5 8 4 6 10 14 0 2 9 3 13 12 
355,2.07874e-06,2.41648e-06,1.95382e-06,50,100,100,413824,7 1 11 5 8 4 6 10 14 0 2 9 3 13 12 
356,2.07151e-06,2.41648e-06,1.91401e-06,50,100,100,413824,7 1 11 5 8 4 6 10 14 0 2 9 3 13 12 
357,2.06688e-06,2.41648e-06,1.90821e-06,50,100,100,413824,7 1 11 5 8 4 6 10 14 0 2 9 3 13 12 
358,2.07026e-06,2.41648e-06,1.92276e-06,50,100,100,413824,7 1 11 5 8 4 6 10 14 0 2 9 3 13 12 
359,2.07416e-06,2.41648e-06,1.90306e-06,50,100,100,413824,7 1 11 5 8 4 6 10 14 0 2 9 3 13 12 
360,2.07253e-06,2.41648e-06,1.92991e-06,50,100,100,413824,7 1 11 5 8 4 6 10 14 0 2 9 3 13 12 
361,2.06773e-06,2.41648e-06,1.93437e-06,50,100,100,413824,7 1 11 5 8 4 6 10 14 0 2 9 3 13 12 
362,2.07062e-06,2.41648e-06,1.94209e-06,50,100,100,413824,7 1 11 5 8 4 6 10 14 0 2 9 3 13 12 
363,2.05903e-06,2.41648e-06,1.93111e-06,50,100,100,413824,7 1 11 5 8 4 6 10 14 0 2 9 3 13 12 
364,2.07167e-06,2.41648e-06,1.93301e-06,50,100,100,413824,7 1 11 5 8 4 6 10 14 0 2 9 3 13 12 
365,2.07312e-06,2.41648e-06,1.89918e-06,50,100,100,413824,7 1 11 5 8 4 6 10 14 0 2 9 3 13 12 
366,2.06959e-06,2.41648e-06,1.91065e-06,50,100,100,413824,7 1 11 5 8 4 6 10 14 0 2 9 3 13 12 
367,2.06942e-06,2.41648e-06,1.92078e-06,50,100,100,413824,7 1 11 5 8 4 6 10 14 0 2 9 3 13 12 
368,2.06852e-06,2.41648e-06,1.91291e-06,50,100,100,413824,7 1 11 5 8 4 6 10 14 0 2 9 3 13 12 
369,2.07465e-06,2.41648e-06,1.90577e-06,50,100,100,413824,7 1 11 5 8 4 6 10 14 0 2 9 3 13 12 
370,2.07467e-06,2.41648e-06,1.93658e-06,50,100,100,413824,7 1 11 5 8 4 6 10 14 0 2 9 3 13 12 
371,2.06527e-06,2.41648e-06,1.88784e-06,50,100,100,413824,7 1 11 5 8 4 6 10 14 0 2 9 3 13 12 
372,2.06743e-06,2.41648e-06,1.92309e-06,50,100,100,413824,7 1 11 5 8 4 6 10 14 0 2 9 3 13 12 
373,2.06848e-06,2.41648e-06,1.90774e-06,50,100,100,413824,7 1 11 5 8 4 6 10 14 0 2 9 3 13 12 
374,2.04391e-06,2.41648e-06,1.8667e-06,50,100,100,413824,7 1 11 5 8 4 6 10 14 0 2 9 3 13 12 
375,2.0544e-06,2.41648e-06,1.93291e-06,50,100,100,413824,7 1 11 5 8 4 6 10 14 0 2 9 3 13 12 
376,2.06354e-06,2.41648e-06,1.90041e-06,50,100,100,413824,7 1 11 5 8 4 6 10 14 0 2 9 3 13 12 
377,2.06501e-06,2.41648e-06,1.9299e-06,50,100,100,413824,7 1 11 5 8 4 6 10 14 0 2 9 3 13 12 
378,2.07605e-06,2.41648e-06,1.92099e-06,50,100,100,413824,7 1 11 5 8 4 6 10 14 0 2 9 3 13 12 
379,2.0715e-06,2.41648e-06,1.92372e-06,50,100,100,413824,7 1 11 5 8 4 6 10 14 0 2 9 3 13 12 
380,2.08474e-06,2.41648e-06,1.923e-06,50,100,100,413824,7 1 11 5 8 4 6 10 14 0 2 9 3 13 12 
381,2.07727e-06,2.41648e-06,1.92197e-06,50,100,100,413824,7 1 11 5 8 4 6 10 14 0 2 9 3 13 12 
382,2.06229e-06,2.41648e-06,1.87972e-06,50,100,100,413824,7 1 11 5 8 4 6 10 14 0 2 9 3 13 12 
383,2.06074e-06,2.41648e-06,1.90343e-06,50,100,100,413824,7 1 11 5 8 4 6 10 14 0 2 9 3 13 12 
384,2.06988e-06,2.41648e-06,1.92014e-06,50,100,100,413824,7 1 11 5 8 4 6 10 14 0 2 9 3 13 12 
385,2.08084e-06,2.41648e-06,1.93725e-06,50,100,100,413824,7 1 11 5 8 4 6 10 14 0 2 9 3 13 12 
386,2.06999e-06,2.41648e-06,1.938e-06,50,100,100,413824,7 1 11 5 8 4 6 10 14 0 2 9 3 13 12 
387,2.06572e-06,2.41648e-06,1.91297e-06,50,100,100,413824,7 1 11 5 8 4 6 10 14 0 2 9 3 13 12 
388,2.07232e-06,2.41648e-06,1.90342e-06,50,100,100,413824,7 1 11 5 8 4 6 10 14 0 2 9 3 13 12 
389,2.0858e-06,2.41648e-06,1.92824e-06,50,100,100,413824,7 1 11 5 8 4 6 10 14 0 2 9 3 13 12 
390,2.0763e-06,2.41648e-06,1.9261e-06,50,100,100,413824,7 1 11 5 8 4 6 10 14 0 2 9 3 13 12 
391,2.07544e-06,2.41648e-06,1.93651e-06,50,100,100,413824,7 1 11 5 8 4 6 10 14 0 2 9 3 13 12 
392,2.07063e-06,2.41648e-06,1.90543e-06,50,100,100,413824,7 1 11 5 8 4 6 10 14 0 2 9 3 13 12 
393,2.0651e-06,2.41648e-06,1.93384e-06,50,100,100,413824,7 1 11 5 8 4 6 10 14 0 2 9 3 13 12 
394,2.05683e-06,2.41648e-06,1.90058e-06,50,100,100,413824,7 1 11 5 8 4 6 10 14 0 2 9 3 13 12 
395,2.06435e-06,2.41648e-06,1.86962e-06,50,100,100,413824,7 1 11 5 8 4 6 10 14 0 2 9 3 13 12 
396,2.05421e-06,2.41648e-06,1.92658e-06,50,100,100,413824,7 1 11 5 8 4 6 10 14 0 2 9 3 13 12 
397,2.06282e-06,2.41662e-06,1.89575e-06,50,100,100,413800,7 1 11 5 2 4 6 10 14 0 8 9 3 13 12 
398,2.07289e-06,2.41662e-06,1.86404e-06,50,100,100,413800,7 1 11 5 2 4 6 10 14 0 8 9 3 13 12 
399,2.06913e-06,2.41662e-06,1.93795e-06,50,100,100,413800,7 1 11 5 2 4 6 10 14 0 8 9 3 13 12 
400,2.08251e-06,2.41662e-06,1.93198e-06,50,100,100,413800,7 1 11 5 2 4 6 10 14 0 8 9 3 13 12 
401,2.0765e-06,2.41662e-06,1.93461e-06,50,100,100,413800,7 1 11 5 2 4 6 10 14 0 8 9 3 13 12 
402,2.08743e-06,2.41662e-06,1.90586e-06,50,100,100,413800,7 1 11 5 2 4 6 10 14 0 8 9 3 13 12 
403,2.08011e-06,2.41662e-06,1.90919e-06,50,100,100,413800,7 1 11 5 2 4 6 10 14 0 8 9 3 13 12 
404,2.07083e-06,2.41662e-06,1.93147e-06,50,100,100,413800,7 1 11 5 2 4 6 10 14 0 8 9 3 13 12 
405,2.06665e-06,2.41662e-06,1.91036e-06,50,100,100,413800,7 1 11 5 2 4 6 10 14 0 8 9 3 13 12 
406,2.06812e-06,2.41662e-06,1.91006e-06,50,100,100,413800,7 1 11 5 2 4 6 10 14 0 8 9 3 13 12 
407,2.06033e-06,2.41662e-06,1.8558e-06,50,100,100,413800,7 1 11 5 2 4 6 10 14 0 8 9 3 13 12 
408,2.06989e-06,2.41662e-06,1.93266e-06,50,100,100,413800,7 1 11 5 2 4 6 10 14 0 8 9 3 13 12 
409,2.06353e-06,2.41662e-06,1.91466e-06,50,100,100,413800,7 1 11 5 2 4 6 10 14 0 8 9 3 13 12 
410,2.05787e-06,2.41662e-06,1.88961e-06,50,100,100,413800,7 1 11 5 2 4 6 10 14 0 8 9 3 13 12 
411,2.05105e-06,2.41662e-06,1.87138e-06,50,100,100,413800,7 1 11 5 2 4 6 10 14 0 8 9 3 13 12 
412,2.0632e-06,2.41662e-06,1.89501e-06,50,100,100,413800,7 1 11 5 2 4 6 10 14 0 8 9 3 13 12 
413,2.05814e-06,2.41662e-06,1.91921e-06,50,100,100,413800,7 1 11 5 2 4 6 10 14 0 8 9 3 13 12 
414,2.06146e-06,2.41662e-06,1.87946e-06,50,100,100,413800,7 1 11 5 2 4 6 10 14 0 8 9 3 13 12 
415,2.07425e-06,2.41662e-06,1.89741e-06,50,100,100,413800,7 1 11 5 2 4 6 10 14 0 8 9 3 13 12 
416,2.07398e-06,2.41662e-06,1.92822e-06,50,100,100,413800,7 1 11 5 2 4 6 10 14 0 8 9 3 13 12 
417,2.06049e-06,2.41662e-06,1.91499e-06,50,100,100,413800,7 1 11 5 2 4 6 10 14 0 8 9 3 13 12 
418,2.07611e-06,2.41662e-06,1.90211e-06,50,100,100,413800,7 1 11 5 2 4 6 10 14 0 8 9 3 13 12 
419,2.07157e-06,2.41662e-06,1.93894e-06,50,100,100,413800,7 1 11 5 2 4 6 10 14 0 8 9 3 13 12 
420,2.07927e-06,2.41662e-06,1.92722e-06,50,100,100,413800,7 1 11 5 2 4 6 10 14 0 8 9 3 13 12 
421,2.07384e-06,2.41662e-06,1.91296e-06,50,100,100,413800,7 1 11 5 2 4 6 10 14 0 8 9 3 13 12 
422,2.0773e-06,2.41662e-06,1.9508e-06,50,100,100,413800,7 1 11 5 2 4 6 10 14 0 8 9 3 13 12 
423,2.07788e-06,2.41662e-06,1.90476e-06,50,100,100,413800,7 1 11 5 2 4 6 10 14 0 8 9 3 13 12 
424,2.08906e-06,2.41662e-06,1.92193e-06,50,100,100,413800,7 1 11 5 2 4 6 10 14 0 8 9 3 13 12 
425,2.06829e-06,2.41662e-06,1.9034e-06,50,100,100,413800,7 1 11 5 2 4 6 10 14 0 8 9 3 13 12 
426,2.08497e-06,2.41662e-06,1.91773e-06,50,100,100,413800,7 1 11 5 2 4 6 10 14 0 8 9 3 13 12 
427,2.0772e-06,2.41662e-06,1.90514e-06,50,100,100,413800,7 1 11 5 2 4 6 10 14 0 8 9 3 13 12 
428,2.06486e-06,2.41662e-06,1.91734e-06,50,100,100,413800,7 1 11 5 2 4 6 10 14 0 8 9 3 13 12 
429,2.05706e-06,2.41662e-06,1.91838e-06,50,100,100,413800,7 1 11 5 2 4 6 10 14 0 8 9 3 13 12 
430,2.07446e-06,2.41662e-06,1.94325e-06,50,100,100,413800,7 1 11 5 2 4 6 10 14 0 8 9 3 13 12 
431,2.06799e-06,2.41662e-06,1.91203e-06,50,100,100,413800,7 1 11 5 2 4 6 10 14 0 8 9 3 13 12 
432,2.07077e-06,2.41662e-06,1.92058e-06,50,100,100,413800,7 1 11 5 2 4 6 10 14 0 8 9 3 13 12 
433,2.08263e-06,2.41662e-06,1.92983e-06,50,100,100,413800,7 1 11 5 2 4 6 10 14 0 8 9 3 13 12 
434,2.08393e-06,2.41662e-06,1.91299e-06,50,100,100,413800,7 1 11 5 2 4 6 10 14 0 8 9 3 13 12 
435,2.07274e-06,2.41662e-06,1.89736e-06,50,100,100,413800,7 1 11 5 2 4 6 10 14 0 8 9 3 13 12 
436,2.08494e-06,2.41662e-06,1.95877e-06,50,100,100,413800,7 1 11 5 2 4 6 10 14 0 8 9 3 13 12 
437,2.06687e-06,2.41662e-06,1.91909e-06,50,100,100,413800,7 1 11 5 2 4 6 10 14 0 8 9 3 13 12 
438,2.06745e-06,2.41662e-06,1.90237e-06,50,100,100,413800,7 1 11 5 2 4 6 10 14 0 8 9 3 13 12 
439,2.07312e-06,2.41662e-06,1.91836e-06,50,100,100,413800,7 1 11 5 2 4 6 10 14 0 8 9 3 13 12 
440,2.06375e-06,2.41662e-06,1.92374e-06,50,100,100,413800,7 1 11 5 2 4 6 10 14 0 8 9 3 13 12 
441,2.06567e-06,2.41662e-06,1.89334e-06,50,100,100,413800,7 1 11 5 2 4 6 10 14 0 8 9 3 13 12 
442,2.07805e-06,2.41662e-06,1.92469e-06,50,100,100,413800,7 1 11 5 2 4 6 10 14 0 8 9 3 13 12 
443,2.07329e-06,2.41662e-06,1.94861e-06,50,100,100,413800,7 1 11 5 2 4 6 10 14 0 8 9 3 13 12 
444,2.07273e-06,2.41662e-06,1.92783e-06,50,100,100,413800,7 1 11 5 2 4 6 10 14 0 8 9 3 13 12 
445,2.06031e-06,2.41662e-06,1.89468e-06,50,100,100,413800,7 1 11 5 2 4 6 10 14 0 8 9 3 13 12 
446,2.06112e-06,2.41662e-06,1.91608e-06,50,100,100,413800,7 1 11 5 2 4 6 10 14 0 8 9 3 13 12 
447,2.06637e-06,2.41662e-06,1.91643e-06,50,100,100,413800,7 1 11 5 2 4 6 10 14 0 8 9 3 13 12 
448,2.07196e-06,2.41662e-06,1.92561e-06,50,100,100,413800,7 1 11 5 2 4 6 10 14 0 8 9 3 13 12 
449,2.07135e-06,2.41662e-06,1.94288e-06,50,100,100,413800,7 1 11 5 2 4 6 10 14 0 8 9 3 13 12 
450,2.06581e-06,2.41662e-06,1.93568e-06,50,100,100,413800,7 1 11 5 2 4 6 10 14 0 8 9 3 13 12 
451,2.0631e-06,2.41662e-06,1.92526e-06,50,100,100,413800,7 1 11 5 2 4 6 10 14 0 8 9 3 13 12 
452,2.07289e-06,2.41662e-06,1.92862e-06,50,100,100,413800,7 1 11 5 2 4 6 10 14 0 8 9 3 13 12 
453,2.0764e-06,2.41662e-06,1.90152e-06,50,100,100,413800,7 1 11 5 2 4 6 10 14 0 8 9 3 13 12 
454,2.06854e-06,2.41662e-06,1.91748e-06,50,100,100,413800,7 1 11 5 2 4 6 10 14 0 8 9 3 13 12 
455,2.07578e-06,2.41662e-06,1.92216e-06,50,100,100,413800,7 1 11 5 2 4 6 10 14 0 8 9 3 13 12 
456,2.06568e-06,2.41662e-06,1.89885e-06,50,100,100,413800,7 1 11 5 2 4 6 10 14 0 8 9 3 13 12 
457,2.06592e-06,2.41662e-06,1.93521e-06,50,100,100,413800,7 1 11 5 2 4 6 10 14 0 8 9 3 13 12 
458,2.06026e-06,2.41662e-06,1.92705e-06,50,100,100,413800,7 1 11 5 2 4 6 10 14 0 8 9 3 13 12 
459,2.07776e-06,2.41662e-06,1.9462e-06,50,100,100,413800,7 1 11 5 2 4 6 10 14 0 8 9 3 13 12 
460,2.08421e-06,2.41662e-06,1.89848e-06,50,100,100,413800,7 1 11 5 2 4 6 10 14 0 8 9 3 13 12 
461,2.07344e-06,2.41662e-06,1.91201e-06,50,100,100,413800,7 1 11 5 2 4 6 10 14 0 8 9 3 13 12 
462,2.08209e-06,2.41662e-06,1.90934e-06,50,100,100,413800,7 1 11 5 2 4 6 10 14 0 8 9 3 13 12 
463,2.06995e-06,2.41662e-06,1.92168e-06,50,100,100,413800,7 1 11 5 2 4 6 10 14 0 8 9 3 13 12 
464,2.06168e-06,2.41662e-06,1.89888e-06,50,100,100,413800,7 1 11 5 2 4 6 10 14 0 8 9 3 13 12 
465,2.06305e-06,2.41662e-06,1.90276e-06,50,100,100,413800,7 1 11 5 2 4 6 10 14 0 8 9 3 13 12 
466,2.06188e-06,2.41662e-06,1.92051e-06,50,100,100,413800,7 1 11 5 2 4 6 10 14 0 8 9 3 13 12 
467,2.07006e-06,2.41662e-06,1.93118e-06,50,100,100,413800,7 1 11 5 2 4 6 10 14 0 8 9 3 13 12 
468,2.07236e-06,2.41662e-06,1.88601e-06,50,100,100,413800,7 1 11 5 2 4 6 10 14 0 8 9 3 13 12 
469,2.06945e-06,2.41662e-06,1.87326e-06,50,100,100,413800,7 1 11 5 2 4 6 10 14 0 8 9 3 13 12 
470,2.07399e-06,2.41662e-06,1.88684e-06,50,100,100,413800,7 1 11 5 2 4 6 10 14 0 8 9 3 13 12 
471,2.08132e-06,2.41662e-06,1.91422e-06,50,100,100,413800,7 1 11 5 2 4 6 10 14 0 8 9 3 13 12 
472,2.06758e-06,2.41662e-06,1.88939e-06,50,100,100,413800,7 1 11 5 2 4 6 10 14 0 8 9 3 13 12 
473,2.07437e-06,2.41662e-06,1.91282e-06,50,100,100,413800,7 1 11 5 2 4 6 10 14 0 8 9 3 13 12 
474,2.05766e-06,2.41662e-06,1.91304e-06,50,100,100,413800,7 1 11 5 2 4 6 10 14 0 8 9 3 13 12 
475,2.05887e-06,2.41662e-06,1.90925e-06,50,100,100,413800,7 1 11 5 2 4 6 10 14 0 8 9 3 13 12 
476,2.0655e-06,2.41662e-06,1.92567e-06,50,100,100,413800,7 1 11 5 2 4 6 10 14 0 8 9 3 13 12 
477,2.06623e-06,2.41662e-06,1.91604e-06,50,100,100,413800,7 1 11 5 2 4 6 10 14 0 8 9 3 13 12 
478,2.0639e-06,2.41662e-06,1.89867e-06,50,100,100,413800,7 1 11 5 2 4 6 10 14 0 8 9 3 13 12 
479,2.06884e-06,2.41662e-06,1.91875e-06,50,100,100,413800,7 1 11 5 2 4 6 10 14 0 8 9 3 13 12 
480,2.07218e-06,2.41662e-06,1.89412e-06,50,100,100,413800,7 1 11 5 2 4 6 10 14 0 8 9 3 13 12 
481,2.06364e-06,2.41662e-06,1.89661e-06,50,100,100,413800,7 1 11 5 2 4 6 10 14 0 8 9 3 13 12 
482,2.05731e-06,2.41662e-06,1.92755e-06,50,100,100,413800,7 1 11 5 2 4 6 10 14 0 8 9 3 13 12 
483,2.05484e-06,2.41662e-06,1.92621e-06,50,100,100,413800,7 1 11 5 2 4 6 10 14 0 8 9 3 13 12 
484,2.05545e-06,2.41662e-06,1.92703e-06,50,100,100,413800,7 1 11 5 2 4 6 10 14 0 8 9 3 13 12 
485,2.06854e-06,2.41662e-06,1.89974e-06,50,100,100,413800,7 1 11 5 2 4 6 10 14 0 8 9 3 13 12 
486,2.06629e-06,2.41662e-06,1.90383e-06,50,100,100,413800,7 1 11 5 2 4 6 10 14 0 8 9 3 13 12 
487,2.05845e-06,2.41662e-06,1.89935e-06,50,100,100,413800,7 1 11 5 2 4 6 10 14 0 8 9 3 13 12 
488,2.07231e-06,2.41662e-06,1.91323e-06,50,100,100,413800,7 1 11 5 2 4 6 10 14 0 8 9 3 13 12 
489,2.07186e-06,2.41662e-06,1.93385e-06,50,100,100,413800,7 1 11 5 2 4 6 10 14 0 8 9 3 13 12 
490,2.06152e-06,2.41662e-06,1.90025e-06,50,100,100,413800,7 1 11 5 2 4 6 10 14 0 8 9 3 13 12 
491,2.07957e-06,2.41662e-06,1.94805e-06,50,100,100,413800,7 1 11 5 2 4 6 10 14 0 8 9 3 13 12 
492,2.0644e-06,2.41662e-06,1.88796e-06,50,100,100,413800,7 1 11 5 2 4 6 10 14 0 8 9 3 13 12 
493,2.07697e-06,2.41662e-06,1.91457e-06,50,100,100,413800,7 1 11 5 2 4 6 10 14 0 8 9 3 13 12 
494,2.07502e-06,2.41662e-06,1.94227e-06,50,100,100,413800,7 1 11 5 2 4 6 10 14 0 8 9 3 13 12 
495,2.06547e-06,2.41662e-06,1.90166e-06,50,100,100,413800,7 1 11 5 2 4 6 10 14 0 8 9 3 13 12 
496,2.05631e-06,2.41662e-06,1.91111e-06,50,100,100,413800,7 1 11 5 2 4 6 10 14 0 8 9 3 13 12 
497,2.07597e-06,2.41662e-06,1.92719e-06,50,100,100,413800,7 1 11 5 2 4 6 10 14 0 8 9 3 13 12 
498,2.08848e-06,2.41662e-06,1.93695e-06,50,100,100,413800,7 1 11 5 2 4 6 10 14 0 8 9 3 13 12 
499,2.07035e-06,2.41662e-06,1.89793e-06,50,100,100,413800,7 1 11 5 2 4 6 10 14 0 8 9 3 13 12 
500,2.08209e-06,2.41662e-06,1.93484e-06,50,100,100,413800,7 1 11 5 2 4 6 10 14 0 8 9 3 13 12 
501,2.08283e-06,2.41662e-06,1.89087e-06,50,100,100,413800,7 1 11 5 2 4 6 10 14 0 8 9 3 13 12 
502,2.06959e-06,2.41662e-06,1.87657e-06,50,100,100,413800,7 1 11 5 2 4 6 10 14 0 8 9 3 13 12 
503,2.08279e-06,2.41662e-06,1.95855e-06,50,100,100,413800,7 1 11 5 2 4 6 10 14 0 8 9 3 13 12 
504,2.07831e-06,2.41662e-06,1.8977e-06,50,100,100,413800,7 1 11 5 2 4 6 10 14 0 8 9 3 13 12 
505,2.08698e-06,2.41662e-06,1.96027e-06,50,100,100,413800,7 1 11 5 2 4 6 10 14 0 8 9 3 13 12 
506,2.09399e-06,2.41662e-06,1.96518e-06,50,100,100,413800,7 1 11 5 2 4 6 10 14 0 8 9 3 13 12 
507,2.0697e-06,2.41662e-06,1.94535e-06,50,100,100,413800,7 1 11 5 2 4 6 10 14 0 8 9 3 13 12 
508,2.06108e-06,2.41662e-06,1.92552e-06,50,100,100,413800,7 1 11 5 2 4 6 10 14 0 8 9 3 13 12 
509,2.05176e-06,2.41662e-06,1.90559e-06,50,100,100,413800,7 1 11 5 2 4 6 10 14 0 8 9 3 13 12 
510,2.05331e-06,2.41662e-06,1.89273e-06,50,100,100,413800,7 1 11 5 2 4 6 10 14 0 8 9 3 13 12 
511,2.06323e-06,2.41662e-06,1.93206e-06,50,100,100,413800,7 1 11 5 2 4 6 10 14 0 8 9 3 13 12 
512,2.06503e-06,2.41662e-06,1.91372e-06,50,100,100,413800,7 1 11 5 2 4 6 10 14 0 8 9 3 13 12 
513,2.05495e-06,2.41662e-06,1.90125e-06,50,100,100,413800,7 1 11 5 2 4 6 10 14 0 8 9 3 13 12 
514,2.06398e-06,2.41662e-06,1.92584e-06,50,100,100,413800,7 1 11 5 2 4 6 10 14 0 8 9 3 13 12 
515,2.07428e-06,2.41662e-06,1.91043e-06,50,100,100,413800,7 1 11 5 2 4 6 10 14 0 8 9 3 13 12 
516,2.05873e-06,2.41662e-06,1.92796e-06,50,100,100,413800,7 1 11 5 2 4 6 10 14 0 8 9 3 13 12 
517,2.07399e-06,2.41662e-06,1.91327e-06,50,100,100,413800,7 1 11 5 2 4 6 10 14 0 8 9 3 13 12 
518,2.064e-06,2.41662e-06,1.91535e-06,50,100,100,413800,7 1 11 5 2 4 6 10 14 0 8 9 3 13 12 
519,2.07723e-06,2.41662e-06,1.92615e-06,50,100,100,413800,7 1 11 5 2 4 6 10 14 0 8 9 3 13 12 
520,2.06781e-06,2.41662e-06,1.89336e-06,50,100,100,413800,7 1 11 5 2 4 6 10 14 0 8 9 3 13 12 
521,2.06892e-06,2.41662e-06,1.92766e-06,50,100,100,413800,7 1 11 5 2 4 6 10 14 0 8 9 3 13 12 
522,2.07044e-06,2.41662e-06,1.92763e-06,50,100,100,413800,7 1 11 5 2 4 6 10 14 0 8 9 3 13 12 
523,2.06364e-06,2.41662e-06,1.92708e-06,50,100,100,413800,7 1 11 5 2 4 6 10 14 0 8 9 3 13 12 
524,2.06391e-06,2.41662e-06,1.90198e-06,50,100,100,413800,7 1 11 5 2 4 6 10 14 0 8 9 3 13 12 
525,2.07283e-06,2.41662e-06,1.91353e-06,50,100,100,413800,7 1 11 5 2 4 6 10 14 0 8 9 3 13 12 
526,2.07462e-06,2.41662e-06,1.91617e-06,50,100,100,413800,7 1 11 5 2 4 6 10 14 0 8 9 3 13 12 
527,2.06901e-06,2.41662e-06,1.89873e-06,50,100,100,413800,7 1 11 5 2 4 6 10 14 0 8 9 3 13 12 
528,2.06787e-06,2.41662e-06,1.92994e-06,50,100,100,413800,7 1 11 5 2 4 6 10 14 0 8 9 3 13 12 
529,2.06511e-06,2.41662e-06,1.91801e-06,50,100,100,413800,7 1 11 5 2 4 6 10 14 0 8 9 3 13 12 
530,2.07471e-06,2.41662e-06,1.93381e-06,50,100,100,413800,7 1 11 5 2 4 6 10 14 0 8 9 3 13 12 
531,2.07124e-06,2.41662e-06,1.88875e-06,50,100,100,413800,7 1 11 5 2 4 6 10 14 0 8 9 3 13 12 
532,2.06891e-06,2.41662e-06,1.93645e-06,50,100,100,413800,7 1 11 5 2 4 6 10 14 0 8 9 3 13 12 
533,2.073e-06,2.41662e-06,1.9227e-06,50,100,100,413800,7 1 11 5 2 4 6 10 14 0 8 9 3 13 12 
534,2.07673e-06,2.41662e-06,1.94295e-06,50,100,100,413800,7 1 11 5 2 4 6 10 14 0 8 9 3 13 12 
535,2.07222e-06,2.41662e-06,1.9312e-06,50,100,100,413800,7 1 11 5 2 4 6 10 14 0 8 9 3 13 12 
536,2.07008e-06,2.41662e-06,1.90734e-06,50,100,100,413800,7 1 11 5 2 4 6 10 14 0 8 9 3 13 12 
537,2.06695e-06,2.41662e-06,1.90483e-06,50,100,100,413800,7 1 11 5 2 4 6 10 14 0 8 9 3 13 12 
538,2.06995e-06,2.41662e-06,1.9294e-06,50,100,100,413800,7 1 11 5 2 4 6 10 14 0 8 9 3 13 12 
539,2.06787e-06,2.41662e-06,1.88729e-06,50,100,100,413800,7 1 11 5 2 4 6 10 14 0 8 9 3 13 12 
540,2.05816e-06,2.41662e-06,1.90729e-06,50,100,100,413800,7 1 11 5 2 4 6 10 14 0 8 9 3 13 12 
541,2.06448e-06,2.41662e-06,1.88684e-06,50,100,100,413800,7 1 11 5 2 4 6 10 14 0 8 9 3 13 12 
542,2.06014e-06,2.41662e-06,1.89417e-06,50,100,100,413800,7 1 11 5 2 4 6 10 14 0 8 9 3 13 12 
543,2.06116e-06,2.41662e-06,1.89005e-06,50,100,100,413800,7 1 11 5 2 4 6 10 14 0 8 9 3 13 12 
544,2.05074e-06,2.41662e-06,1.88714e-06,50,100,100,413800,7 1 11 5 2 4 6 10 14 0 8 9 3 13 12 
545,2.06984e-06,2.41662e-06,1.83817e-06,50,100,100,413800,7 1 11 5 2 4 6 10 14 0 8 9 3 13 12 
546,2.06657e-06,2.41662e-06,1.90623e-06,50,100,100,413800,7 1 11 5 2 4 6 10 14 0 8 9 3 13 12 
547,2.07431e-06,2.41662e-06,1.91778e-06,50,100,100,413800,7 1 11 5 2 4 6 10 14 0 8 9 3 13 12 
548,2.07086e-06,2.41662e-06,1.86373e-06,50,100,100,413800,7 1 11 5 2 4 6 10 14 0 8 9 3 13 12 
549,2.07299e-06,2.41662e-06,1.91565e-06,50,100,100,413800,7 1 11 5 2 4 6 10 14 0 8 9 3 13 12 
550,2.0708e-06,2.41662e-06,1.89531e-06,50,100,100,413800,7 1 11 5 2 4 6 10 14 0 8 9 3 13 12 
551,2.0717e-06,2.41662e-06,1.88428e-06,50,100,100,413800,7 1 11 5 2 4 6 10 14 0 8 9 3 13 12 
552,2.07716e-06,2.41662e-06,1.93171e-06,50,100,100,413800,7 1 11 5 2 4 6 10 14 0 8 9 3 13 12 
553,2.07677e-06,2.41662e-06,1.91275e-06,50,100,100,413800,7 1 11 5 2 4 6 10 14 0 8 9 3 13 12 
554,2.07378e-06,2.41662e-06,1.90527e-06,50,100,100,413800,7 1 11 5 2 4 6 10 14 0 8 9 3 13 12 
555,2.08483e-06,2.41662e-06,1.90706e-06,50,100,100,413800,7 1 11 5 2 4 6 10 14 0 8 9 3 13 12 
556,2.07147e-06,2.41662e-06,1.93958e-06,50,100,100,413800,7 1 11 5 2 4 6 10 14 0 8 9 3 13 12 
557,2.08719e-06,2.41662e-06,1.91285e-06,50,100,100,413800,7 1 11 5 2 4 6 10 14 0 8 9 3 13 12 
558,2.07671e-06,2.41662e-06,1.90839e-06,50,100,100,413800,7 1 11 5 2 4 6 10 14 0 8 9 3 13 12 
559,2.07682e-06,2.41662e-06,1.92273e-06,50,100,100,413800,7 1 11 5 2 4 6 10 14 0 8 9 3 13 12 
560,2.08567e-06,2.41662e-06,1.91039e-06,50,100,100,413800,7 1 11 5 2 4 6 10 14 0 8 9 3 13 12 
561,2.08923e-06,2.41662e-06,1.94164e-06,50,100,100,413800,7 1 11 5 2 4 6 10 14 0 8 9 3 13 12 
562,2.0827e-06,2.41662e-06,1.90776e-06,50,100,100,413800,7 1 11 5 2 4 6 10 14 0 8 9 3 13 12 
563,2.08059e-06,2.41662e-06,1.92082e-06,50,100,100,413800,7 1 11 5 2 4 6 10 14 0 8 9 3 13 12 
564,2.07539e-06,2.41662e-06,1.93522e-06,50,100,100,413800,7 1 11 5 2 4 6 10 14 0 8 9 3 13 12 
565,2.08441e-06,2.41662e-06,1.92704e-06,50,100,100,413800,7 1 11 5 2 4 6 10 14 0 8 9 3 13 12 
566,2.08636e-06,2.41662e-06,1.95273e-06,50,100,100,413800,7 1 11 5 2 4 6 10 14 0 8 9 3 13 12 
567,2.0831e-06,2.41662e-06,1.92986e-06,50,100,100,413800,7 1 11 5 2 4 6 10 14 0 8 9 3 13 12 
568,2.09001e-06,2.41662e-06,1.91762e-06,50,100,100,413800,7 1 11 5 2 4 6 10 14 0 8 9 3 13 12 
569,2.08885e-06,2.41662e-06,1.95805e-06,50,100,100,413800,7 1 11 5 2 4 6 10 14 0 8 9 3 13 12 
570,2.08917e-06,2.41662e-06,1.93499e-06,50,100,100,413800,7 1 11 5 2 4 6 10 14 0 8 9 3 13 12 
571,2.10235e-06,2.41662e-06,1.92936e-06,50,100,100,413800,7 1 11 5 2 4 6 10 14 0 8 9 3 13 12 
572,2.07441e-06,2.41662e-06,1.91943e-06,50,100,100,413800,7 1 11 5 2 4 6 10 14 0 8 9 3 13 12 
573,2.06983e-06,2.41662e-06,1.89701e-06,50,100,100,413800,7 1 11 5 2 4 6 10 14 0 8 9 3 13 12 
574,2.08435e-06,2.41662e-06,1.93312e-06,50,100,100,413800,7 1 11 5 2 4 6 10 14 0 8 9 3 13 12 
575,2.07904e-06,2.41662e-06,1.92463e-06,50,100,100,413800,7 1 11 5 2 4 6 10 14 0 8 9 3 13 12 
576,2.07534e-06,2.41662e-06,1.89821e-06,50,100,100,413800,7 1 11 5 2 4 6 10 14 0 8 9 3 13 12 
577,2.06308e-06,2.41662e-06,1.91193e-06,50,100,100,413800,7 1 11 5 2 4 6 10 14 0 8 9 3 13 12 
578,2.06641e-06,2.41662e-06,1.91438e-06,50,100,100,413800,7 1 11 5 2 4 6 10 14 0 8 9 3 13 12 
579,2.06974e-06,2.41662e-06,1.93315e-06,50,100,100,413800,7 1 11 5 2 4 6 10 14 0 8 9 3 13 12 
580,2.07178e-06,2.41662e-06,1.88018e-06,50,100,100,413800,7 1 11 5 2 4 6 10 14 0 8 9 3 13 12 
581,2.07731e-06,2.41662e-06,1.93335e-06,50,100,100,413800,7 1 11 5 2 4 6 10 14 0 8 9 3 13 12 
582,2.07178e-06,2.41662e-06,1.90801e-06,50,100,100,413800,7 1 11 5 2 4 6 10 14 0 8 9 3 13 12 
583,2.06974e-06,2.41662e-06,1.90269e-06,50,100,100,413800,7 1 11 5 2 4 6 10 14 0 8 9 3 13 12 
584,2.06295e-06,2.41662e-06,1.93652e-06,50,100,100,413800,7 1 11 5 2 4 6 10 14 0 8 9 3 13 12 
585,2.07924e-06,2.41662e-06,1.93058e-06,50,100,100,413800,7 1 11 5 2 4 6 10 14 0 8 9 3 13 12 
586,2.07262e-06,2.41662e-06,1.93922e-06,50,100,100,413800,7 1 11 5 2 4 6 10 14 0 8 9 3 13 12 
587,2.08372e-06,2.41662e-06,1.93364e-06,50,100,100,413800,7 1 11 5 2 4 6 10 14 0 8 9 3 13 12 
588,2.07635e-06,2.41662e-06,1.92127e-06,50,100,100,413800,7 1 11 5 2 4 6 10 14 0 8 9 3 13 12 
589,2.09234e-06,2.41662e-06,1.91884e-06,50,100,100,413800,7 1 11 5 2 4 6 10 14 0 8 9 3 13 12 
590,2.07998e-06,2.41662e-06,1.9477e-06,50,100,100,413800,7 1 11 5 2 4 6 10 14 0 8 9 3 13 12 
591,2.0792e-06,2.41662e-06,1.91132e-06,50,100,100,413800,7 1 11 5 2 4 6 10 14 0 8 9 3 13 12 
592,2.08314e-06,2.41662e-06,1.9287e-06,50,100,100,413800,7 1 11 5 2 4 6 10 14 0 8 9 3 13 12 
593,2.0733e-06,2.41662e-06,1.90997e-06,50,100,100,413800,7 1 11 5 2 4 6 10 14 0 8 9 3 13 12 
594,2.08328e-06,2.41662e-06,1.93366e-06,50,100,100,413800,7 1 11 5 2 4 6 10 14 0 8 9 3 13 12 
595,2.09117e-06,2.41662e-06,1.92149e-06,50,100,100,413800,7 1 11 5 2 4 6 10 14 0 8 9 3 13 12 
596,2.09536e-06,2.41662e-06,1.94021e-06,50,100,100,413800,7 1 11 5 2 4 6 10 14 0 8 9 3 13 12 
597,2.09288e-06,2.41662e-06,1.94012e-06,50,100,100,413800,7 1 11 5 2 4 6 10 14 0 8 9 3 13 12 
598,2.0909e-06,2.41662e-06,1.91585e-06,50,100,100,413800,7 1 11 5 2 4 6 10 14 0 8 9 3 13 12 
599,2.09179e-06,2.41662e-06,1.94571e-06,50,100,100,413800,7 1 11 5 2 4 6 10 14 0 8 9 3 13 12 
600,2.08752e-06,2.41662e-06,1.91206e-06,50,100,100,413800,7 1 11 5 2 4 6 10 14 0 8 9 3 13 12 
601,2.079e-06,2.41662e-06,1.92084e-06,50,100,100,413800,7 1 11 5 2 4 6 10 14 0 8 9 3 13 12 
602,2.09631e-06,2.41662e-06,1.94396e-06,50,100,100,413800,7 1 11 5 2 4 6 10 14 0 8 9 3 13 12 
603,2.08939e-06,2.41662e-06,1.95465e-06,50,100,100,413800,7 1 11 5 2 4 6 10 14 0 8 9 3 13 12 
604,2.08478e-06,2.41662e-06,1.92514e-06,50,100,100,413800,7 1 11 5 2 4 6 10 14 0 8 9 3 13 12 
605,2.08858e-06,2.41662e-06,1.93503e-06,50,100,100,413800,7 1 11 5 2 4 6 10 14 0 8 9 3 13 12 
606,2.08674e-06,2.41662e-06,1.94229e-06,50,100,100,413800,7 1 11 5 2 4 6 10 14 0 8 9 3 13 12 
607,2.08158e-06,2.41662e-06,1.92985e-06,50,100,100,413800,7 1 11 5 2 4 6 10 14 0 8 9 3 13 12 
608,2.06979e-06,2.41662e-06,1.92298e-06,50,100,100,413800,7 1 11 5 2 4 6 10 14 0 8 9 3 13 12 
609,2.07165e-06,2.41662e-06,1.90514e-06,50,100,100,413800,7 1 11 5 2 4 6 10 14 0 8 9 3 13 12 
610,2.07801e-06,2.41662e-06,1.92518e-06,50,100,100,413800,7 1 11 5 2 4 6 10 14 0 8 9 3 13 12 
611,2.07061e-06,2.41662e-06,1.87656e-06,50,100,100,413800,7 1 11 5 2 4 6 10 14 0 8 9 3 13 12 
612,2.08051e-06,2.41662e-06,1.90229e-06,50,100,100,413800,7 1 11 5 2 4 6 10 14 0 8 9 3 13 12 
613,2.0658e-06,2.41662e-06,1.90478e-06,50,100,100,413800,7 1 11 5 2 4 6 10 14 0 8 9 3 13 12 
614,2.07708e-06,2.41662e-06,1.92617e-06,50,100,100,413800,7 1 11 5 2 4 6 10 14 0 8 9 3 13 12 
615,2.07165e-06,2.41662e-06,1.92445e-06,50,100,100,413800,7 1 11 5 2 4 6 10 14 0 8 9 3 13 12 
616,2.06837e-06,2.41662e-06,1.92199e-06,50,100,100,413800,7 1 11 5 2 4 6 10 14 0 8 9 3 13 12 
617,2.0723e-06,2.41662e-06,1.93863e-06,50,100,100,413800,7 1 11 5 2 4 6 10 14 0 8 9 3 13 12 
618,2.07729e-06,2.41662e-06,1.9265e-06,50,100,100,413800,7 1 11 5 2 4 6 10 14 0 8 9 3 13 12 
619,2.06761e-06,2.41662e-06,1.92314e-06,50,100,100,413800,7 1 11 5 2 4 6 10 14 0 8 9 3 13 12 
620,2.07295e-06,2.41662e-06,1.90417e-06,50,100,100,413800,7 1 11 5 2 4 6 10 14 0 8 9 3 13 12 
621,2.07801e-06,2.41662e-06,1.94433e-06,50,100,100,413800,7 1 11 5 2 4 6 10 14 0 8 9 3 13 12 
622,2.08287e-06,2.41662e-06,1.95411e-06,50,100,100,413800,7 1 11 5 2 4 6 10 14 0 8 9 3 13 12 
623,2.06691e-06,2.41662e-06,1.90854e-06,50,100,100,413800,7 1 11 5 2 4 6 10 14 0 8 9 3 13 12 
624,2.07666e-06,2.41662e-06,1.91917e-06,50,100,100,413800,7 1 11 5 2 4 6 10 14 0 8 9 3 13 12 
625,2.07446e-06,2.41662e-06,1.92271e-06,50,100,100,413800,7 1 11 5 2 4 6 10 14 0 8 9 3 13 12 
626,2.08118e-06,2.41662e-06,1.91756e-06,50,100,100,413800,7 1 11 5 2 4 6 10 14 0 8 9 3 13 12 
627,2.08516e-06,2.41662e-06,1.9233e-06,50,100,100,413800,7 1 11 5 2 4 6 10 14 0 8 9 3 13 12 
628,2.07258e-06,2.41662e-06,1.91183e-06,50,100,100,413800,7 1 11 5 2 4 6 10 14 0 8 9 3 13 12 
629,2.08527e-06,2.41662e-06,1.9349e-06,50,100,100,413800,7 1 11 5 2 4 6 10 14 0 8 9 3 13 12 
630,2.07986e-06,2.41662e-06,1.9274e-06,50,100,100,413800,7 1 11 5 2 4 6 10 14 0 8 9 3 13 12 
631,2.07257e-06,2.41662e-06,1.91142e-06,50,100,100,413800,7 1 11 5 2 4 6 10 14 0 8 9 3 13 12 
632,2.0636e-06,2.41662e-06,1.91996e-06,50,100,100,413800,7 1 11 5 2 4 6 10 14 0 8 9 3 13 12 
633,2.07646e-06,2.41662e-06,1.91692e-06,50,100,100,413800,7 1 11 5 2 4 6 10 14 0 8 9 3 13 12 
634,2.07694e-06,2.41662e-06,1.90235e-06,50,100,100,413800,7 1 11 5 2 4 6 10 14 0 8 9 3 13 12 
635,2.07727e-06,2.41662e-06,1.91763e-06,50,100,100,413800,7 1 11 5 2 4 6 10 14 0 8 9 3 13 12 
636,2.08406e-06,2.41662e-06,1.89943e-06,50,100,100,413800,7 1 11 5 2 4 6 10 14 0 8 9 3 13 12 
637,2.08762e-06,2.41662e-06,1.92522e-06,50,100,100,413800,7 1 11 5 2 4 6 10 14 0 8 9 3 13 12 
638,2.08471e-06,2.41662e-06,1.93281e-06,50,100,100,413800,7 1 11 5 2 4 6 10 14 0 8 9 3 13 12 
639,2.08994e-06,2.41662e-06,1.96801e-06,50,100,100,413800,7 1 11 5 2 4 6 10 14 0 8 9 3 13 12 
640,2.09604e-06,2.41662e-06,1.95888e-06,50,100,100,413800,7 1 11 5 2 4 6 10 14 0 8 9 3 13 12 
641,2.08474e-06,2.41662e-06,1.92765e-06,50,100,100,413800,7 1 11 5 2 4 6 10 14 0 8 9 3 13 12 
642,2.07462e-06,2.41662e-06,1.91418e-06,50,100,100,413800,7 1 11 5 2 4 6 10 14 0 8 9 3 13 12 
643,2.09107e-06,2.41662e-06,1.95638e-06,50,100,100,413800,7 1 11 5 2 4 6 10 14 0 8 9 3 13 12 
644,2.08245e-06,2.41662e-06,1.92727e-06,50,100,100,413800,7 1 11 5 2 4 6 10 14 0 8 9 3 13 12 
645,2.08352e-06,2.41662e-06,1.92726e-06,50,100,100,413800,7 1 11 5 2 4 6 10 14 0 8 9 3 13 12 
646,2.09227e-06,2.41662e-06,1.91658e-06,50,100,100,413800,7 1 11 5 2 4 6 10 14 0 8 9 3 13 12 
647,2.08704e-06,2.41662e-06,1.91293e-06,50,100,100,413800,7 1 11 5 2 4 6 10 14 0 8 9 3 13 12 
648,2.09184e-06,2.41662e-06,1.96602e-06,50,100,100,413800,7 1 11 5 2 4 6 10 14 0 8 9 3 13 12 
649,2.0887e-06,2.41662e-06,1.91918e-06,50,100,100,413800,7 1 11 5 2 4 6 10 14 0 8 9 3 13 12 
650,2.08015e-06,2.41662e-06,1.9425e-06,50,100,100,413800,7 1 11 5 2 4 6 10 14 0 8 9 3 13 12 
651,2.06967e-06,2.41662e-06,1.91284e-06,50,100,100,413800,7 1 11 5 2 4 6 10 14 0 8 9 3 13 12 
652,2.08075e-06,2.41662e-06,1.91463e-06,50,100,100,413800,7 1 11 5 2 4 6 10 14 0 8 9 3 13 12 
653,2.07899e-06,2.41662e-06,1.90026e-06,50,100,100,413800,7 1 11 5 2 4 6 10 14 0 8 9 3 13 12 
654,2.06996e-06,2.41662e-06,1.92459e-06,50,100,100,413800,7 1 11 5 2 4 6 10 14 0 8 9 3 13 12 
655,2.06888e-06,2.41662e-06,1.887e-06,50,100,100,413800,7 1 11 5 2 4 6 10 14 0 8 9 3 13 12 
656,2.07716e-06,2.41662e-06,1.93903e-06,50,100,100,413800,7 1 11 5 2 4 6 10 14 0 8 9 3 13 12 
657,2.06304e-06,2.41662e-06,1.93997e-06,50,100,100,413800,7 1 11 5 2 4 6 10 14 0 8 9 3 13 12 
658,2.07178e-06,2.41662e-06,1.92158e-06,50,100,100,413800,7 1 11 5 2 4 6 10 14 0 8 9 3 13 12 
659,2.07673e-06,2.41662e-06,1.9263e-06,50,100,100,413800,7 1 11 5 2 4 6 10 14 0 8 9 3 13 12 
660,2.07248e-06,2.41662e-06,1.91673e-06,50,100,100,413800,7 1 11 5 2 4 6 10 14 0 8 9 3 13 12 
661,2.06756e-06,2.41662e-06,1.92235e-06,50,100,100,413800,7 1 11 5 2 4 6 10 14 0 8 9 3 13 12 
662,2.07458e-06,2.41662e-06,1.92256e-06,50,100,100,413800,7 1 11 5 2 4 6 10 14 0 8 9 3 13 12 
663,2.07527e-06,2.41662e-06,1.9167e-06,50,100,100,413800,7 1 11 5 2 4 6 10 14 0 8 9 3 13 12 
664,2.06819e-06,2.41662e-06,1.92644e-06,50,100,100,413800,7 1 11 5 2 4 6 10 14 0 8 9 3 13 12 
665,2.06252e-06,2.41662e-06,1.91762e-06,50,100,100,413800,7 1 11 5 2 4 6 10 14 0 8 9 3 13 12 
666,2.06576e-06,2.41662e-06,1.89076e-06,50,100,100,413800,7 1 11 5 2 4 6 10 14 0 8 9 3 13 12 
667,2.08201e-06,2.41662e-06,1.92712e-06,50,100,100,413800,7 1 11 5 2 4 6 10 14 0 8 9 3 13 12 
668,2.05666e-06,2.41662e-06,1.93736e-06,50,100,100,413800,7 1 11 5 2 4 6 10 14 0 8 9 3 13 12 
669,2.06664e-06,2.41662e-06,1.88346e-06,50,100,100,413800,7 1 11 5 2 4 6 10 14 0 8 9 3 13 12 
670,2.06911e-06,2.41662e-06,1.87535e-06,50,100,100,413800,7 1 11 5 2 4 6 10 14 0 8 9 3 13 12 
671,2.08715e-06,2.41662e-06,1.926e-06,50,100,100,413800,7 1 11 5 2 4 6 10 14 0 8 9 3 13 12 
672,2.07739e-06,2.41662e-06,1.92536e-06,50,100,100,413800,7 1 11 5 2 4 6 10 14 0 8 9 3 13 12 
673,2.07135e-06,2.41662e-06,1.92905e-06,50,100,100,413800,7 1 11 5 2 4 6 10 14 0 8 9 3 13 12 
674,2.06849e-06,2.41662e-06,1.87488e-06,50,100,100,413800,7 1 11 5 2 4 6 10 14 0 8 9 3 13 12 
675,2.05624e-06,2.41662e-06,1.85397e-06,50,100,100,413800,7 1 11 5 2 4 6 10 14 0 8 9 3 13 12 
676,2.05766e-06,2.41662e-06,1.91561e-06,50,100,100,413800,7 1 11 5 2 4 6 10 14 0 8 9 3 13 12 
677,2.06976e-06,2.41662e-06,1.90251e-06,50,100,100,413800,7 1 11 5 2 4 6 10 14 0 8 9 3 13 12 
678,2.06751e-06,2.41662e-06,1.93304e-06,50,100,100,413800,7 1 11 5 2 4 6 10 14 0 8 9 3 13 12 
679,2.06631e-06,2.41662e-06,1.93074e-06,50,100,100,413800,7 1 11 5 2 4 6 10 14 0 8 9 3 13 12 
680,2.07603e-06,2.41662e-06,1.91239e-06,50,100,100,413800,7 1 11 5 2 4 6 10 14 0 8 9 3 13 12 
681,2.07026e-06,2.41662e-06,1.93782e-06,50,100,100,413800,7 1 11 5 2 4 6 10 14 0 8 9 3 13 12 
682,2.05773e-06,2.41662e-06,1.94297e-06,50,100,100,413800,7 1 11 5 2 4 6 10 14 0 8 9 3 13 12 
683,2.06955e-06,2.41662e-06,1.95197e-06,50,100,100,413800,7 1 11 5 2 4 6 10 14 0 8 9 3 13 12 
684,2.05718e-06,2.41662e-06,1.92922e-06,50,100,100,413800,7 1 11 5 2 4 6 10 14 0 8 9 3 13 12 
685,2.06136e-06,2.41662e-06,1.89829e-06,50,100,100,413800,7 1 11 5 2 4 6 10 14 0 8 9 3 13 12 
686,2.05596e-06,2.41662e-06,1.91034e-06,50,100,100,413800,7 1 11 5 2 4 6 10 14 0 8 9 3 13 12 
687,2.05879e-06,2.41662e-06,1.91532e-06,50,100,100,413800,7 1 11 5 2 4 6 10 14 0 8 9 3 13 12 
688,2.06896e-06,2.41662e-06,1.92898e-06,50,100,100,413800,7 1 11 5 2 4 6 10 14 0 8 9 3 13 12 
689,2.0648e-06,2.41662e-06,1.90117e-06,50,100,100,413800,7 1 11 5 2 4 6 10 14 0 8 9 3 13 12 
690,2.05821e-06,2.41662e-06,1.88776e-06,50,100,100,413800,7 1 11 5 2 4 6 10 14 0 8 9 3 13 12 
691,2.0762e-06,2.41662e-06,1.92406e-06,50,100,100,413800,7 1 11 5 2 4 6 10 14 0 8 9 3 13 12 
692,2.06777e-06,2.41662e-06,1.92633e-06,50,100,100,413800,7 1 11 5 2 4 6 10 14 0 8 9 3 13 12 
693,2.07175e-06,2.41662e-06,1.93797e-06,50,100,100,413800,7 1 11 5 2 4 6 10 14 0 8 9 3 13 12 
694,2.06114e-06,2.41662e-06,1.90842e-06,50,100,100,413800,7 1 11 5 2 4 6 10 14 0 8 9 3 13 12 
695,2.07112e-06,2.41662e-06,1.91061e-06,50,100,100,413800,7 1 11 5 2 4 6 10 14 0 8 9 3 13 12 
696,2.07515e-06,2.41662e-06,1.90305e-06,50,100,100,413800,7 1 11 5 2 4 6 10 14 0 8 9 3 13 12 
697,2.06763e-06,2.41662e-06,1.90021e-06,50,100,100,413800,7 1 11 5 2 4 6 10 14 0 8 9 3 13 12 
698,2.06428e-06,2.41662e-06,1.89473e-06,50,100,100,413800,7 1 11 5 2 4 6 10 14 0 8 9 3 13 12 
699,2.07466e-06,2.41662e-06,1.93403e-06,50,100,100,413800,7 1 11 5 2 4 6 10 14 0 8 9 3 13 12 
700,2.06115e-06,2.41662e-06,1.9022e-06,50,100,100,413800,7 1 11 5 2 4 6 10 14 0 8 9 3 13 12 
701,2.07242e-06,2.41662e-06,1.92461e-06,50,100,100,413800,7 1 11 5 2 4 6 10 14 0 8 9 3 13 12 
702,2.07137e-06,2.41662e-06,1.93763e-06,50,100,100,413800,7 1 11 5 2 4 6 10 14 0 8 9 3 13 12 
703,2.0687e-06,2.41662e-06,1.93912e-06,50,100,100,413800,7 1 11 5 2 4 6 10 14 0 8 9 3 13 12 
704,2.08e-06,2.41662e-06,1.89598e-06,50,100,100,413800,7 1 11 5 2 4 6 10 14 0 8 9 3 13 12 
705,2.07317e-06,2.41662e-06,1.9194e-06,50,100,100,413800,7 1 11 5 2 4 6 10 14 0 8 9 3 13 12 
706,2.06964e-06,2.41662e-06,1.9089e-06,50,100,100,413800,7 1 11 5 2 4 6 10 14 0 8 9 3 13 12 
707,2.07084e-06,2.41662e-06,1.93642e-06,50,100,100,413800,7 1 11 5 2 4 6 10 14 0 8 9 3 13 12 
708,2.0626e-06,2.41662e-06,1.90275e-06,50,100,100,413800,7 1 11 5 2 4 6 10 14 0 8 9 3 13 12 
709,2.06468e-06,2.41662e-06,1.93969e-06,50,100,100,413800,7 1 11 5 2 4 6 10 14 0 8 9 3 13 12 
710,2.06834e-06,2.41662e-06,1.91056e-06,50,100,100,413800,7 1 11 5 2 4 6 10 14 0 8 9 3 13 12 
711,2.06313e-06,2.41662e-06,1.90494e-06,50,100,100,413800,7 1 11 5 2 4 6 10 14 0 8 9 3 13 12 
712,2.06363e-06,2.41662e-06,1.92146e-06,50,100,100,413800,7 1 11 5 2 4 6 10 14 0 8 9 3 13 12 
713,2.08032e-06,2.41662e-06,1.90194e-06,50,100,100,413800,7 1 11 5 2 4 6 10 14 0 8 9 3 13 12 
714,2.06688e-06,2.41662e-06,1.91109e-06,50,100,100,413800,7 1 11 5 2 4 6 10 14 0 8 9 3 13 12 
715,2.07569e-06,2.41662e-06,1.91823e-06,50,100,100,413800,7 1 11 5 2 4 6 10 14 0 8 9 3 13 12 
716,2.07084e-06,2.41662e-06,1.93245e-06,50,100,100,413800,7 1 11 5 2 4 6 10 14 0 8 9 3 13 12 
717,2.06001e-06,2.41662e-06,1.9151e-06,50,100,100,413800,7 1 11 5 2 4 6 10 14 0 8 9 3 13 12 
718,2.06206e-06,2.41662e-06,1.91011e-06,50,100,100,413800,7 1 11 5 2 4 6 10 14 0 8 9 3 13 12 
719,2.07204e-06,2.41662e-06,1.93271e-06,50,100,100,413800,7 1 11 5 2 4 6 10 14 0 8 9 3 13 12 
720,2.0675e-06,2.41662e-06,1.8961e-06,50,100,100,413800,7 1 11 5 2 4 6 10 14 0 8 9 3 13 12 
721,2.05645e-06,2.41662e-06,1.88146e-06,50,100,100,413800,7 1 11 5 2 4 6 10 14 0 8 9 3 13 12 
722,2.06393e-06,2.41662e-06,1.903e-06,50,100,100,413800,7 1 11 5 2 4 6 10 14 0 8 9 3 13 12 
723,2.06415e-06,2.41662e-06,1.93899e-06,50,100,100,413800,7 1 11 5 2 4 6 10 14 0 8 9 3 13 12 
724,2.06464e-06,2.41662e-06,1.93685e-06,50,100,100,413800,7 1 11 5 2 4 6 10 14 0 8 9 3 13 12 
725,2.07063e-06,2.41662e-06,1.93157e-06,50,100,100,413800,7 1 11 5 2 4 6 10 14 0 8 9 3 13 12 
726,2.06634e-06,2.41662e-06,1.91155e-06,50,100,100,413800,7 1 11 5 2 4 6 10 14 0 8 9 3 13 12 
727,2.07201e-06,2.41662e-06,1.89595e-06,50,100,100,413800,7 1 11 5 2 4 6 10 14 0 8 9 3 13 12 
728,2.06614e-06,2.41662e-06,1.85754e-06,50,100,100,413800,7 1 11 5 2 4 6 10 14 0 8 9 3 13 12 
729,2.0724e-06,2.41662e-06,1.93007e-06,50,100,100,413800,7 1 11 5 2 4 6 10 14 0 8 9 3 13 12 
730,2.06533e-06,2.41662e-06,1.89595e-06,50,100,100,413800,7 1 11 5 2 4 6 10 14 0 8 9 3 13 12 
731,2.06171e-06,2.41662e-06,1.91673e-06,50,100,100,413800,7 1 11 5 2 4 6 10 14 0 8 9 3 13 12 
732,2.07326e-06,2.41662e-06,1.91213e-06,50,100,100,413800,7 1 11 5 2 4 6 10 14 0 8 9 3 13 12 
733,2.08189e-06,2.41662e-06,1.94563e-06,50,100,100,413800,7 1 11 5 2 4 6 10 14 0 8 9 3 13 12 
734,2.08783e-06,2.41662e-06,1.94907e-06,50,100,100,413800,7 1 11 5 2 4 6 10 14 0 8 9 3 13 12 
735,2.07749e-06,2.41662e-06,1.90999e-06,50,100,100,413800,7 1 11 5 2 4 6 10 14 0 8 9 3 13 12 
736,2.06696e-06,2.41662e-06,1.90429e-06,50,100,100,413800,7 1 11 5 2 4 6 10 14 0 8 9 3 13 12 
737,2.07503e-06,2.41662e-06,1.91778e-06,50,100,100,413800,7 1 11 5 2 4 6 10 14 0 8 9 3 13 12 
738,2.07236e-06,2.41662e-06,1.9201e-06,50,100,100,413800,7 1 11 5 2 4 6 10 14 0 8 9 3 13 12 
739,2.07158e-06,2.41662e-06,1.9331e-06,50,100,100,413800,7 1 11 5 2 4 6 10 14 0 8 9 3 13 12 
740,2.07791e-06,2.41662e-06,1.91523e-06,50,100,100,413800,7 1 11 5 2 4 6 10 14 0 8 9 3 13 12 
741,2.06603e-06,2.41662e-06,1.92589e-06,50,100,100,413800,7 1 11 5 2 4 6 10 14 0 8 9 3 13 12 
742,2.07733e-06,2.41662e-06,1.91161e-06,50,100,100,413800,7 1 11 5 2 4 6 10 14 0 8 9 3 13 12 
743,2.07119e-06,2.41662e-06,1.90749e-06,50,100,100,413800,7 1 11 5 2 4 6 10 14 0 8 9 3 13 12 
744,2.07625e-06,2.41662e-06,1.93422e-06,50,100,100,413800,7 1 11 5 2 4 6 10 14 0 8 9 3 13 12 
745,2.08088e-06,2.41662e-06,1.93504e-06,50,100,100,413800,7 1 11 5 2 4 6 10 14 0 8 9 3 13 12 
746,2.06806e-06,2.41662e-06,1.91827e-06,50,100,100,413800,7 1 11 5 2 4 6 10 14 0 8 9 3 13 12 
747,2.05995e-06,2.41662e-06,1.9077e-06,50,100,100,413800,7 1 11 5 2 4 6 10 14 0 8 9 3 13 12 
748,2.05662e-06,2.41662e-06,1.92536e-06,50,100,100,413800,7 1 11 5 2 4 6 10 14 0 8 9 3 13 12 
749,2.06649e-06,2.42424e-06,1.9232e-06,50,100,100,412500,7 1 11 3 2 4 6 10 14 0 8 9 5 13 12 
750,2.0607e-06,2.42424e-06,1.90583e-06,50,100,100,412500,7 1 11 3 2 4 6 10 14 0 8 9 5 13 12 
751,2.07717e-06,2.42424e-06,1.88931e-06,50,100,100,412500,7 1 11 3 2 4 6 10 14 0 8 9 5 13 12 
752,2.0738e-06,2.42424e-06,1.89672e-06,50,100,100,412500,7 1 11 3 2 4 6 10 14 0 8 9 5 13 12 
753,2.0525e-06,2.42424e-06,1.89168e-06,50,100,100,412500,7 1 11 3 2 4 6 10 14 0 8 9 5 13 12 
754,2.05977e-06,2.42424e-06,1.93646e-06,50,100,100,412500,7 1 11 3 2 4 6 10 14 0 8 9 5 13 12 
755,2.06547e-06,2.42424e-06,1.91923e-06,50,100,100,412500,7 1 11 3 2 4 6 10 14 0 8 9 5 13 12 
756,2.06363e-06,2.42424e-06,1.87958e-06,50,100,100,412500,7 1 11 3 2 4 6 10 14 0 8 9 5 13 12 
757,2.06238e-06,2.42424e-06,1.90844e-06,50,100,100,412500,7 1 11 3 2 4 6 10 14 0 8 9 5 13 12 
758,2.07018e-06,2.42424e-06,1.91811e-06,50,100,100,412500,7 1 11 3 2 4 6 10 14 0 8 9 5 13 12 
759,2.06542e-06,2.42424e-06,1.91459e-06,50,100,100,412500,7 1 11 3 2 4 6 10 14 0 8 9 5 13 12 
760,2.06425e-06,2.42424e-06,1.92046e-06,50,100,100,412500,7 1 11 3 2 4 6 10 14 0 8 9 5 13 12 
761,2.07625e-06,2.42424e-06,1.92705e-06,50,100,100,412500,7 1 11 3 2 4 6 10 14 0 8 9 5 13 12 
762,2.07964e-06,2.42424e-06,1.91201e-06,50,100,100,412500,7 1 11 3 2 4 6 10 14 0 8 9 5 13 12 
763,2.07962e-06,2.42424e-06,1.90522e-06,50,100,100,412500,7 1 11 3 2 4 6 10 14 0 8 9 5 13 12 
764,2.07864e-06,2.42424e-06,1.93002e-06,50,100,100,412500,7 1 11 3 2 4 6 10 14 0 8 9 5 13 12 
765,2.08527e-06,2.42424e-06,1.92855e-06,50,100,100,412500,7 1 11 3 2 4 6 10 14 0 8 9 5 13 12 
766,2.09049e-06,2.42424e-06,1.91702e-06,50,100,100,412500,7 1 11 3 2 4 6 10 14 0 8 9 5 13 12 
767,2.08224e-06,2.42424e-06,1.9189e-06,50,100,100,412500,7 1 11 3 2 4 6 10 14 0 8 9 5 13 12 
768,2.06704e-06,2.42424e-06,1.92488e-06,50,100,100,412500,7 1 11 3 2 4 6 10 14 0 8 9 5 13 12 
769,2.06452e-06,2.42424e-06,1.94607e-06,50,100,100,412500,7 1 11 3 2 4 6 10 14 0 8 9 5 13 12 
770,2.05897e-06,2.42424e-06,1.94682e-06,50,100,100,412500,7 1 11 3 2 4 6 10 14 0 8 9 5 13 12 
771,2.05532e-06,2.42424e-06,1.92766e-06,50,100,100,412500,7 1 11 3 2 4 6 10 14 0 8 9 5 13 12 
772,2.07278e-06,2.42424e-06,1.91884e-06,50,100,100,412500,7 1 11 3 2 4 6 10 14 0 8 9 5 13 12 
773,2.0703e-06,2.42424e-06,1.91389e-06,50,100,100,412500,7 1 11 3 2 4 6 10 14 0 8 9 5 13 12 
774,2.08215e-06,2.42424e-06,1.9211e-06,50,100,100,412500,7 1 11 3 2 4 6 10 14 0 8 9 5 13 12 
775,2.07786e-06,2.42424e-06,1.93767e-06,50,100,100,412500,7 1 11 3 2 4 6 10 14 0 8 9 5 13 12 
776,2.0743e-06,2.42424e-06,1.8947e-06,50,100,100,412500,7 1 11 3 2 4 6 10 14 0 8 9 5 13 12 
777,2.07049e-06,2.42424e-06,1.95474e-06,50,100,100,412500,7 1 11 3 2 4 6 10 14 0 8 9 5 13 12 
778,2.07286e-06,2.42424e-06,1.8702e-06,50,100,100,412500,7 1 11 3 2 4 6 10 14 0 8 9 5 13 12 
779,2.08725e-06,2.42424e-06,1.92573e-06,50,100,100,412500,7 1 11 3 2 4 6 10 14 0 8 9 5 13 12 
780,2.0911e-06,2.42424e-06,1.95029e-06,50,100,100,412500,7 1 11 3 2 4 6 10 14 0 8 9 5 13 12 
781,2.08884e-06,2.42424e-06,1.93004e-06,50,100,100,412500,7 1 11 3 2 4 6 10 14 0 8 9 5 13 12 
782,2.07893e-06,2.42424e-06,1.95407e-06,50,100,100,412500,7 1 11 3 2 4 6 10 14 0 8 9 5 13 12 
783,2.07842e-06,2.42424e-06,1.90501e-06,50,100,100,412500,7 1 11 3 2 4 6 10 14 0 8 9 5 13 12 
784,2.0831e-06,2.42424e-06,1.91554e-06,50,100,100,412500,7 1 11 3 2 4 6 10 14 0 8 9 5 13 12 
785,2.08398e-06,2.42424e-06,1.93853e-06,50,100,100,412500,7 1 11 3 2 4 6 10 14 0 8 9 5 13 12 
786,2.08719e-06,2.42424e-06,1.93241e-06,50,100,100,412500,7 1 11 3 2 4 6 10 14 0 8 9 5 13 12 
787,2.06718e-06,2.42424e-06,1.87207e-06,50,100,100,412500,7 1 11 3 2 4 6 10 14 0 8 9 5 13 12 
788,2.06689e-06,2.42424e-06,1.92495e-06,50,100,100,412500,7 1 11 3 2 4 6 10 14 0 8 9 5 13 12 
789,2.07705e-06,2.42424e-06,1.93449e-06,50,100,100,412500,7 1 11 3 2 4 6 10 14 0 8 9 5 13 12 
790,2.06591e-06,2.42424e-06,1.92912e-06,50,100,100,412500,7 1 11 3 2 4 6 10 14 0 8 9 5 13 12 
791,2.081e-06,2.42424e-06,1.9527e-06,50,100,100,412500,7 1 11 3 2 4 6 10 14 0 8 9 5 13 12 
792,2.0706e-06,2.42424e-06,1.92813e-06,50,100,100,412500,7 1 11 3 2 4 6 10 14 0 8 9 5 13 12 
793,2.06143e-06,2.42424e-06,1.91435e-06,50,100,100,412500,7 1 11 3 2 4 6 10 14 0 8 9 5 13 12 
794,2.07214e-06,2.42424e-06,1.93491e-06,50,100,100,412500,7 1 11 3 2 4 6 10 14 0 8 9 5 13 12 
795,2.07198e-06,2.42424e-06,1.91346e-06,50,100,100,412500,7 1 11 3 2 4 6 10 14 0 8 9 5 13 12 
796,2.07149e-06,2.42424e-06,1.91928e-06,50,100,100,412500,7 1 11 3 2 4 6 10 14 0 8 9 5 13 12 
797,2.07057e-06,2.42424e-06,1.91184e-06,50,100,100,412500,7 1 11 3 2 4 6 10 14 0 8 9 5 13 12 
798,2.06032e-06,2.42424e-06,1.89777e-06,50,100,100,412500,7 1 11 3 2 4 6 10 14 0 8 9 5 13 12 
799,2.07836e-06,2.42424e-06,1.93111e-06,50,100,100,412500,7 1 11 3 2 4 6 10 14 0 8 9 5 13 12 
800,2.07144e-06,2.42424e-06,1.93887e-06,50,100,100,412500,7 1 11 3 2 4 6 10 14 0 8 9 5 13 12 
801,2.07262e-06,2.42424e-06,1.9013e-06,50,100,100,412500,7 1 11 3 2 4 6 10 14 0 8 9 5 13 12 
802,2.07138e-06,2.42424e-06,1.9115e-06,50,100,100,412500,7 1 11 3 2 4 6 10 14 0 8 9 5 13 12 
803,2.07338e-06,2.42424e-06,1.89867e-06,50,100,100,412500,7 1 11 3 2 4 6 10 14 0 8 9 5 13 12 
804,2.06253e-06,2.42424e-06,1.9376e-06,50,100,100,412500,7 1 11 3 2 4 6 10 14 0 8 9 5 13 12 
805,2.06014e-06,2.42424e-06,1.90628e-06,50,100,100,412500,7 1 11 3 2 4 6 10 14 0 8 9 5 13 12 
806,2.0706e-06,2.42424e-06,1.9127e-06,50,100,100,412500,7 1 11 3 2 4 6 10 14 0 8 9 5 13 12 
807,2.06093e-06,2.42424e-06,1.90648e-06,50,100,100,412500,7 1 11 3 2 4 6 10 14 0 8 9 5 13 12 
808,2.07248e-06,2.42424e-06,1.91243e-06,50,100,100,412500,7 1 11 3 2 4 6 10 14 0 8 9 5 13 12 
809,2.06848e-06,2.42424e-06,1.89976e-06,50,100,100,412500,7 1 11 3 2 4 6 10 14 0 8 9 5 13 12 
810,2.06457e-06,2.42424e-06,1.89891e-06,50,100,100,412500,7 1 11 3 2 4 6 10 14 0 8 9 5 13 12 
811,2.06782e-06,2.42424e-06,1.90283e-06,50,100,100,412500,7 1 11 3 2 4 6 10 14 0 8 9 5 13 12 
812,2.07372e-06,2.42424e-06,1.90329e-06,50,100,100,412500,7 1 11 3 2 4 6 10 14 0 8 9 5 13 12 
813,2.07399e-06,2.42424e-06,1.93229e-06,50,100,100,412500,7 1 11 3 2 4 6 10 14 0 8 9 5 13 12 
814,2.06598e-06,2.42424e-06,1.92283e-06,50,100,100,412500,7 1 11 3 2 4 6 10 14 0 8 9 5 13 12 
815,2.06458e-06,2.42424e-06,1.91457e-06,50,100,100,412500,7 1 11 3 2 4 6 10 14 0 8 9 5 13 12 
816,2.06916e-06,2.42424e-06,1.95163e-06,50,100,100,412500,7 1 11 3 2 4 6 10 14 0 8 9 5 13 12 
817,2.0612e-06,2.42424e-06,1.92466e-06,50,100,100,412500,7 1 11 3 2 4 6 10 14 0 8 9 5 13 12 
818,2.0658e-06,2.42424e-06,1.91519e-06,50,100,100,412500,7 1 11 3 2 4 6 10 14 0 8 9 5 13 12 
819,2.07255e-06,2.42424e-06,1.9155e-06,50,100,100,412500,7 1 11 3 2 4 6 10 14 0 8 9 5 13 12 
820,2.06378e-06,2.42424e-06,1.9265e-06,50,100,100,412500,7 1 11 3 2 4 6 10 14 0 8 9 5 13 12 
821,2.0695e-06,2.42424e-06,1.89255e-06,50,100,100,412500,7 1 11 3 2 4 6 10 14 0 8 9 5 13 12 
822,2.06354e-06,2.42424e-06,1.91354e-06,50,100,100,412500,7 1 11 3 2 4 6 10 14 0 8 9 5 13 12 
823,2.06614e-06,2.42424e-06,1.9072e-06,50,100,100,412500,7 1 11 3 2 4 6 10 14 0 8 9 5 13 12 
824,2.07163e-06,2.42424e-06,1.91973e-06,50,100,100,412500,7 1 11 3 2 4 6 10 14 0 8 9 5 13 12 
825,2.06584e-06,2.42424e-06,1.90839e-06,50,100,100,412500,7 1 11 3 2 4 6 10 14 0 8 9 5 13 12 
826,2.07656e-06,2.42424e-06,1.9139e-06,50,100,100,412500,7 1 11 3 2 4 6 10 14 0 8 9 5 13 12 
827,2.06795e-06,2.42424e-06,1.90835e-06,50,100,100,412500,7 1 11 3 2 4 6 10 14 0 8 9 5 13 12 
828,2.06496e-06,2.42424e-06,1.87572e-06,50,100,100,412500,7 1 11 3 2 4 6 10 14 0 8 9 5 13 12 
829,2.06933e-06,2.42424e-06,1.90993e-06,50,100,100,412500,7 1 11 3 2 4 6 10 14 0 8 9 5 13 12 
830,2.07179e-06,2.42424e-06,1.92657e-06,50,100,100,412500,7 1 11 3 2 4 6 10 14 0 8 9 5 13 12 
831,2.07662e-06,2.42424e-06,1.92629e-06,50,100,100,412500,7 1 11 3 2 4 6 10 14 0 8 9 5 13 12 
832,2.06693e-06,2.42424e-06,1.924e-06,50,100,100,412500,7 1 11 3 2 4 6 10 14 0 8 9 5 13 12 
833,2.07535e-06,2.42424e-06,1.91696e-06,50,100,100,412500,7 1 11 3 2 4 6 10 14 0 8 9 5 13 12 
834,2.08055e-06,2.42424e-06,1.9391e-06,50,100,100,412500,7 1 11 3 2 4 6 10 14 0 8 9 5 13 12 
835,2.08217e-06,2.42424e-06,1.91507e-06,50,100,100,412500,7 1 11 3 2 4 6 10 14 0 8 9 5 13 12 
836,2.0779e-06,2.42424e-06,1.93212e-06,50,100,100,412500,7 1 11 3 2 4 6 10 14 0 8 9 5 13 12 
837,2.07525e-06,2.42424e-06,1.92264e-06,50,100,100,412500,7 1 11 3 2 4 6 10 14 0 8 9 5 13 12 
838,2.07719e-06,2.42424e-06,1.92759e-06,50,100,100,412500,7 1 11 3 2 4 6 10 14 0 8 9 5 13 12 
839,2.08413e-06,2.42424e-06,1.93337e-06,50,100,100,412500,7 1 11 3 2 4 6 10 14 0 8 9 5 13 12 
840,2.06727e-06,2.42424e-06,1.93357e-06,50,100,100,412500,7 1 11 3 2 4 6 10 14 0 8 9 5 13 12 
841,2.07526e-06,2.42424e-06,1.91323e-06,50,100,100,412500,7 1 11 3 2 4 6 10 14 0 8 9 5 13 12 
842,2.07422e-06,2.42424e-06,1.92907e-06,50,100,100,412500,7 1 11 3 2 4 6 10 14 0 8 9 5 13 12 
843,2.0735e-06,2.42424e-06,1.8894e-06,50,100,100,412500,7 1 11 3 2 4 6 10 14 0 8 9 5 13 12 
844,2.07248e-06,2.42424e-06,1.9382e-06,50,100,100,412500,7 1 11 3 2 4 6 10 14 0 8 9 5 13 12 
845,2.07785e-06,2.42424e-06,1.90713e-06,50,100,100,412500,7 1 11 3 2 4 6 10 14 0 8 9 5 13 12 
846,2.08227e-06,2.42424e-06,1.93109e-06,50,100,100,412500,7 1 11 3 2 4 6 10 14 0 8 9 5 13 12 
847,2.08246e-06,2.42424e-06,1.90055e-06,50,100,100,412500,7 1 11 3 2 4 6 10 14 0 8 9 5 13 12 
848,2.08789e-06,2.42424e-06,1.9346e-06,50,100,100,412500,7 1 11 3 2 4 6 10 14 0 8 9 5 13 12 
849,2.07754e-06,2.42424e-06,1.9477e-06,50,100,100,412500,7 1 11 3 2 4 6 10 14 0 8 9 5 13 12 
850,2.06483e-06,2.42424e-06,1.88048e-06,50,100,100,412500,7 1 11 3 2 4 6 10 14 0 8 9 5 13 12 
851,2.0725e-06,2.42424e-06,1.92349e-06,50,100,100,412500,7 1 11 3 2 4 6 10 14 0 8 9 5 13 12 
852,2.06981e-06,2.42424e-06,1.88343e-06,50,100,100,412500,7 1 11 3 2 4 6 10 14 0 8 9 5 13 12 
853,2.05827e-06,2.42424e-06,1.90324e-06,50,100,100,412500,7 1 11 3 2 4 6 10 14 0 8 9 5 13 12 
854,2.06307e-06,2.42424e-06,1.90671e-06,50,100,100,412500,7 1 11 3 2 4 6 10 14 0 8 9 5 13 12 
855,2.05404e-06,2.42424e-06,1.90138e-06,50,100,100,412500,7 1 11 3 2 4 6 10 14 0 8 9 5 13 12 
856,2.06516e-06,2.42424e-06,1.92878e-06,50,100,100,412500,7 1 11 3 2 4 6 10 14 0 8 9 5 13 12 
857,2.06887e-06,2.42424e-06,1.91922e-06,50,100,100,412500,7 1 11 3 2 4 6 10 14 0 8 9 5 13 12 
858,2.06902e-06,2.42424e-06,1.91446e-06,50,100,100,412500,7 1 11 3 2 4 6 10 14 0 8 9 5 13 12 
859,2.06808e-06,2.42424e-06,1.89909e-06,50,100,100,412500,7 1 11 3 2 4 6 10 14 0 8 9 5 13 12 
860,2.07311e-06,2.42424e-06,1.87792e-06,50,100,100,412500,7 1 11 3 2 4 6 10 14 0 8 9 5 13 12 
861,2.07467e-06,2.42424e-06,1.92616e-06,50,100,100,412500,7 1 11 3 2 4 6 10 14 0 8 9 5 13 12 
862,2.06498e-06,2.42424e-06,1.8819e-06,50,100,100,412500,7 1 11 3 2 4 6 10 14 0 8 9 5 13 12 
863,2.0656e-06,2.42424e-06,1.92129e-06,50,100,100,412500,7 1 11 3 2 4 6 10 14 0 8 9 5 13 12 
864,2.07457e-06,2.42424e-06,1.94171e-06,50,100,100,412500,7 1 11 3 2 4 6 10 14 0 8 9 5 13 12 
865,2.07338e-06,2.42424e-06,1.91985e-06,50,100,100,412500,7 1 11 3 2 4 6 10 14 0 8 9 5 13 12 
866,2.06884e-06,2.42424e-06,1.88651e-06,50,100,100,412500,7 1 11 3 2 4 6 10 14 0 8 9 5 13 12 
867,2.08347e-06,2.42424e-06,1.92434e-06,50,100,100,412500,7 1 11 3 2 4 6 10 14 0 8 9 5 13 12 
868,2.08388e-06,2.42424e-06,1.90831e-06,50,100,100,412500,7 1 11 3 2 4 6 10 14 0 8 9 5 13 12 
869,2.06537e-06,2.42424e-06,1.90047e-06,50,100,100,412500,7 1 11 3 2 4 6 10 14 0 8 9 5 13 12 
870,2.0608e-06,2.42424e-06,1.8645e-06,50,100,100,412500,7 1 11 3 2 4 6 10 14 0 8 9 5 13 12 
871,2.07003e-06,2.42424e-06,1.93572e-06,50,100,100,412500,7 1 11 3 2 4 6 10 14 0 8 9 5 13 12 
872,2.0648e-06,2.42424e-06,1.92451e-06,50,100,100,412500,7 1 11 3 2 4 6 10 14 0 8 9 5 13 12 
873,2.07216e-06,2.42424e-06,1.89773e-06,50,100,100,412500,7 1 11 3 2 4 6 10 14 0 8 9 5 13 12 
874,2.07953e-06,2.42424e-06,1.93031e-06,50,100,100,412500,7 1 11 3 2 4 6 10 14 0 8 9 5 13 12 
875,2.07986e-06,2.42424e-06,1.94576e-06,50,100,100,412500,7 1 11 3 2 4 6 10 14 0 8 9 5 13 12 
876,2.06973e-06,2.42424e-06,1.92324e-06,50,100,100,412500,7 1 11 3 2 4 6 10 14 0 8 9 5 13 12 
877,2.06825e-06,2.42424e-06,1.90995e-06,50,100,100,412500,7 1 11 3 2 4 6 10 14 0 8 9 5 13 12 
878,2.06713e-06,2.42424e-06,1.88769e-06,50,100,100,412500,7 1 11 3 2 4 6 10 14 0 8 9 5 13 12 
879,2.06484e-06,2.42424e-06,1.94e-06,50,100,100,412500,7 1 11 3 2 4 6 10 14 0 8 9 5 13 12 
880,2.06342e-06,2.42424e-06,1.87521e-06,50,100,100,412500,7 1 11 3 2 4 6 10 14 0 8 9 5 13 12 
881,2.06503e-06,2.42424e-06,1.90536e-06,50,100,100,412500,7 1 11 3 2 4 6 10 14 0 8 9 5 13 12 
882,2.06435e-06,2.42424e-06,1.92223e-06,50,100,100,412500,7 1 11 3 2 4 6 10 14 0 8 9 5 13 12 
883,2.07426e-06,2.42424e-06,1.91803e-06,50,100,100,412500,7 1 11 3 2 4 6 10 14 0 8 9 5 13 12 
884,2.07417e-06,2.42424e-06,1.91772e-06,50,100,100,412500,7 1 11 3 2 4 6 10 14 0 8 9 5 13 12 
885,2.07059e-06,2.42424e-06,1.8976e-06,50,100,100,412500,7 1 11 3 2 4 6 10 14 0 8 9 5 13 12 
886,2.07081e-06,2.42424e-06,1.92664e-06,50,100,100,412500,7 1 11 3 2 4 6 10 14 0 8 9 5 13 12 
887,2.07032e-06,2.42424e-06,1.91019e-06,50,100,100,412500,7 1 11 3 2 4 6 10 14 0 8 9 5 13 12 
888,2.07433e-06,2.42424e-06,1.91749e-06,50,100,100,412500,7 1 11 3 2 4 6 10 14 0 8 9 5 13 12 
889,2.07318e-06,2.42424e-06,1.92276e-06,50,100,100,412500,7 1 11 3 2 4 6 10 14 0 8 9 5 13 12 
890,2.05717e-06,2.42424e-06,1.92059e-06,50,100,100,412500,7 1 11 3 2 4 6 10 14 0 8 9 5 13 12 
891,2.07677e-06,2.42424e-06,1.91155e-06,50,100,100,412500,7 1 11 3 2 4 6 10 14 0 8 9 5 13 12 
892,2.09086e-06,2.42424e-06,1.89021e-06,50,100,100,412500,7 1 11 3 2 4 6 10 14 0 8 9 5 13 12 
893,2.07795e-06,2.42424e-06,1.94495e-06,50,100,100,412500,7 1 11 3 2 4 6 10 14 0 8 9 5 13 12 
894,2.07176e-06,2.42424e-06,1.91828e-06,50,100,100,412500,7 1 11 3 2 4 6 10 14 0 8 9 5 13 12 
895,2.06755e-06,2.42424e-06,1.91386e-06,50,100,100,412500,7 1 11 3 2 4 6 10 14 0 8 9 5 13 12 
896,2.08004e-06,2.42424e-06,1.91952e-06,50,100,100,412500,7 1 11 3 2 4 6 10 14 0 8 9 5 13 12 
897,2.07222e-06,2.42424e-06,1.90165e-06,50,100,100,412500,7 1 11 3 2 4 6 10 14 0 8 9 5 13 12 
898,2.06961e-06,2.42424e-06,1.90719e-06,50,100,100,412500,7 1 11 3 2 4 6 10 14 0 8 9 5 13 12 
899,2.07646e-06,2.42424e-06,1.88957e-06,50,100,100,412500,7 1 11 3 2 4 6 10 14 0 8 9 5 13 12 
900,2.07621e-06,2.42424e-06,1.92447e-06,50,100,100,412500,7 1 11 3 2 4 6 10 14 0 8 9 5 13 12 
901,2.06795e-06,2.42424e-06,1.89354e-06,50,100,100,412500,7 1 11 3 2 4 6 10 14 0 8 9 5 13 12 
902,2.06779e-06,2.42424e-06,1.90569e-06,50,100,100,412500,7 1 11 3 2 4 6 10 14 0 8 9 5 13 12 
903,2.07343e-06,2.42424e-06,1.91658e-06,50,100,100,412500,7 1 11 3 2 4 6 10 14 0 8 9 5 13 12 
904,2.07308e-06,2.42424e-06,1.92412e-06,50,100,100,412500,7 1 11 3 2 4 6 10 14 0 8 9 5 13 12 
905,2.08244e-06,2.42424e-06,1.91444e-06,50,100,100,412500,7 1 11 3 2 4 6 10 14 0 8 9 5 13 12 
906,2.09093e-06,2.42424e-06,1.92446e-06,50,100,100,412500,7 1 11 3 2 4 6 10 14 0 8 9 5 13 12 
907,2.08787e-06,2.42424e-06,1.91484e-06,50,100,100,412500,7 1 11 3 2 4 6 10 14 0 8 9 5 13 12 
908,2.08556e-06,2.42424e-06,1.92586e-06,50,100,100,412500,7 1 11 3 2 4 6 10 14 0 8 9 5 13 12 
909,2.08252e-06,2.42424e-06,1.9492e-06,50,100,100,412500,7 1 11 3 2 4 6 10 14 0 8 9 5 13 12 
910,2.09052e-06,2.42424e-06,1.93738e-06,50,100,100,412500,7 1 11 3 2 4 6 10 14 0 8 9 5 13 12 
911,2.07383e-06,2.42424e-06,1.94195e-06,50,100,100,412500,7 1 11 3 2 4 6 10 14 0 8 9 5 13 12 
912,2.08584e-06,2.42424e-06,1.93446e-06,50,100,100,412500,7 1 11 3 2 4 6 10 14 0 8 9 5 13 12 
913,2.08455e-06,2.42424e-06,1.89559e-06,50,100,100,412500,7 1 11 3 2 4 6 10 14 0 8 9 5 13 12 
914,2.08016e-06,2.42424e-06,1.92275e-06,50,100,100,412500,7 1 11 3 2 4 6 10 14 0 8 9 5 13 12 
915,2.05874e-06,2.42424e-06,1.9152e-06,50,100,100,412500,7 1 11 3 2 4 6 10 14 0 8 9 5 13 12 
916,2.07553e-06,2.42424e-06,1.94557e-06,50,100,100,412500,7 1 11 3 2 4 6 10 14 0 8 9 5 13 12 
917,2.08657e-06,2.42424e-06,1.94096e-06,50,100,100,412500,7 1 11 3 2 4 6 10 14 0 8 9 5 13 12 
918,2.07074e-06,2.42424e-06,1.89381e-06,50,100,100,412500,7 1 11 3 2 4 6 10 14 0 8 9 5 13 12 
919,2.07988e-06,2.42424e-06,1.94944e-06,50,100,100,412500,7 1 11 3 2 4 6 10 14 0 8 9 5 13 12 
920,2.07954e-06,2.42424e-06,1.91389e-06,50,100,100,412500,7 1 11 3 2 4 6 10 14 0 8 9 5 13 12 
921,2.08373e-06,2.42424e-06,1.93107e-06,50,100,100,412500,7 1 11 3 2 4 6 10 14 0 8 9 5 13 12 
922,2.07625e-06,2.42424e-06,1.92475e-06,50,100,100,412500,7 1 11 3 2 4 6 10 14 0 8 9 5 13 12 
923,2.07897e-06,2.42424e-06,1.92024e-06,50,100,100,412500,7 1 11 3 2 4 6 10 14 0 8 9 5 13 12 
924,2.07159e-06,2.42424e-06,1.92514e-06,50,100,100,412500,7 1 11 3 2 4 6 10 14 0 8 9 5 13 12 
925,2.06525e-06,2.42424e-06,1.90791e-06,50,100,100,412500,7 1 11 3 2 4 6 10 14 0 8 9 5 13 12 
926,2.06014e-06,2.42424e-06,1.91587e-06,50,100,100,412500,7 1 11 3 2 4 6 10 14 0 8 9 5 13 12 
927,2.07437e-06,2.42424e-06,1.90907e-06,50,100,100,412500,7 1 11 3 2 4 6 10 14 0 8 9 5 13 12 
928,2.07065e-06,2.42424e-06,1.94052e-06,50,100,100,412500,7 1 11 3 2 4 6 10 14 0 8 9 5 13 12 
929,2.07053e-06,2.42424e-06,1.90623e-06,50,100,100,412500,7 1 11 3 2 4 6 10 14 0 8 9 5 13 12 
930,2.06664e-06,2.42424e-06,1.89865e-06,50,100,100,412500,7 1 11 3 2 4 6 10 14 0 8 9 5 13 12 
931,2.07182e-06,2.42424e-06,1.8986e-06,50,100,100,412500,7 1 11 3 2 4 6 10 14 0 8 9 5 13 12 
932,2.0703e-06,2.42424e-06,1.92541e-06,50,100,100,412500,7 1 11 3 2 4 6 10 14 0 8 9 5 13 12 
933,2.06293e-06,2.42424e-06,1.93244e-06,50,100,100,412500,7 1 11 3 2 4 6 10 14 0 8 9 5 13 12 
934,2.06258e-06,2.42424e-06,1.93741e-06,50,100,100,412500,7 1 11 3 2 4 6 10 14 0 8 9 5 13 12 
935,2.07015e-06,2.42424e-06,1.89001e-06,50,100,100,412500,7 1 11 3 2 4 6 10 14 0 8 9 5 13 12 
936,2.05927e-06,2.42424e-06,1.89943e-06,50,100,100,412500,7 1 11 3 2 4 6 10 14 0 8 9 5 13 12 
937,2.05558e-06,2.42424e-06,1.89165e-06,50,100,100,412500,7 1 11 3 2 4 6 10 14 0 8 9 5 13 12 
938,2.0537e-06,2.42424e-06,1.92544e-06,50,100,100,412500,7 1 11 3 2 4 6 10 14 0 8 9 5 13 12 
939,2.06095e-06,2.42424e-06,1.91364e-06,50,100,100,412500,7 1 11 3 2 4 6 10 14 0 8 9 5 13 12 
940,2.06227e-06,2.42424e-06,1.92244e-06,50,100,100,412500,7 1 11 3 2 4 6 10 14 0 8 9 5 13 12 
941,2.06734e-06,2.42424e-06,1.87854e-06,50,100,100,412500,7 1 11 3 2 4 6 10 14 0 8 9 5 13 12 
942,2.06077e-06,2.42424e-06,1.90506e-06,50,100,100,412500,7 1 11 3 2 4 6 10 14 0 8 9 5 13 12 
943,2.06968e-06,2.42424e-06,1.90178e-06,50,100,100,412500,7 1 11 3 2 4 6 10 14 0 8 9 5 13 12 
944,2.06923e-06,2.42424e-06,1.91791e-06,50,100,100,412500,7 1 11 3 2 4 6 10 14 0 8 9 5 13 12 
945,2.06594e-06,2.42424e-06,1.86848e-06,50,100,100,412500,7 1 11 3 2 4 6 10 14 0 8 9 5 13 12 
946,2.06894e-06,2.42424e-06,1.92753e-06,50,100,100,412500,7 1 11 3 2 4 6 10 14 0 8 9 5 13 12 
947,2.07066e-06,2.42424e-06,1.93646e-06,50,100,100,412500,7 1 11 3 2 4 6 10 14 0 8 9 5 13 12 
948,2.064e-06,2.42424e-06,1.89667e-06,50,100,100,412500,7 1 11 3 2 4 6 10 14 0 8 9 5 13 12 
949,2.0701e-06,2.42424e-06,1.93482e-06,50,100,100,412500,7 1 11 3 2 4 6 10 14 0 8 9 5 13 12 
950,2.06572e-06,2.42424e-06,1.93349e-06,50,100,100,412500,7 1 11 3 2 4 6 10 14 0 8 9 5 13 12 
951,2.07411e-06,2.42424e-06,1.94805e-06,50,100,100,412500,7 1 11 3 2 4 6 10 14 0 8 9 5 13 12 
952,2.09017e-06,2.42424e-06,1.95557e-06,50,100,100,412500,7 1 11 3 2 4 6 10 14 0 8 9 5 13 12 
953,2.07425e-06,2.42424e-06,1.90026e-06,50,100,100,412500,7 1 11 3 2 4 6 10 14 0 8 9 5 13 12 
954,2.05969e-06,2.42424e-06,1.93017e-06,50,100,100,412500,7 1 11 3 2 4 6 10 14 0 8 9 5 13 12 
955,2.07464e-06,2.42424e-06,1.89718e-06,50,100,100,412500,7 1 11 3 2 4 6 10 14 0 8 9 5 13 12 
956,2.07012e-06,2.42424e-06,1.90567e-06,50,100,100,412500,7 1 11 3 2 4 6 10 14 0 8 9 5 13 12 
957,2.07568e-06,2.42424e-06,1.89858e-06,50,100,100,412500,7 1 11 3 2 4 6 10 14 0 8 9 5 13 12 
958,2.07247e-06,2.42424e-06,1.9313e-06,50,100,100,412500,7 1 11 3 2 4 6 10 14 0 8 9 5 13 12 
959,2.07206e-06,2.42424e-06,1.91337e-06,50,100,100,412500,7 1 11 3 2 4 6 10 14 0 8 9 5 13 12 
960,2.07024e-06,2.42424e-06,1.9343e-06,50,100,100,412500,7 1 11 3 2 4 6 10 14 0 8 9 5 13 12 
961,2.06325e-06,2.42424e-06,1.89184e-06,50,100,100,412500,7 1 11 3 2 4 6 10 14 0 8 9 5 13 12 
962,2.06525e-06,2.42424e-06,1.85764e-06,50,100,100,412500,7 1 11 3 2 4 6 10 14 0 8 9 5 13 12 
963,2.06814e-06,2.42424e-06,1.90415e-06,50,100,100,412500,7 1 11 3 2 4 6 10 14 0 8 9 5 13 12 
964,2.07317e-06,2.42424e-06,1.91517e-06,50,100,100,412500,7 1 11 3 2 4 6 10 14 0 8 9 5 13 12 
965,2.05614e-06,2.42424e-06,1.93255e-06,50,100,100,412500,7 1 11 3 2 4 6 10 14 0 8 9 5 13 12 
966,2.07169e-06,2.42424e-06,1.90193e-06,50,100,100,412500,7 1 11 3 2 4 6 10 14 0 8 9 5 13 12 
967,2.081e-06,2.42424e-06,1.9438e-06,50,100,100,412500,7 1 11 3 2 4 6 10 14 0 8 9 5 13 12 
968,2.07364e-06,2.42424e-06,1.88998e-06,50,100,100,412500,7 1 11 3 2 4 6 10 14 0 8 9 5 13 12 
969,2.06679e-06,2.42424e-06,1.88806e-06,50,100,100,412500,7 1 11 3 2 4 6 10 14 0 8 9 5 13 12 
970,2.06943e-06,2.42424e-06,1.90917e-06,50,100,100,412500,7 1 11 3 2 4 6 10 14 0 8 9 5 13 12 
971,2.07068e-06,2.42424e-06,1.90676e-06,50,100,100,412500,7 1 11 3 2 4 6 10 14 0 8 9 5 13 12 
972,2.07799e-06,2.42424e-06,1.94476e-06,50,100,100,412500,7 1 11 3 2 4 6 10 14 0 8 9 5 13 12 
973,2.06308e-06,2.42424e-06,1.91015e-06,50,100,100,412500,7 1 11 3 2 4 6 10 14 0 8 9 5 13 12 
974,2.05497e-06,2.42424e-06,1.89401e-06,50,100,100,412500,7 1 11 3 2 4 6 10 14 0 8 9 5 13 12 
975,2.06806e-06,2.42424e-06,1.93863e-06,50,100,100,412500,7 1 11 3 2 4 6 10 14 0 8 9 5 13 12 
976,2.06572e-06,2.42424e-06,1.90929e-06,50,100,100,412500,7 1 11 3 2 4 6 10 14 0 8 9 5 13 12 
977,2.07667e-06,2.42424e-06,1.93206e-06,50,100,100,412500,7 1 11 3 2 4 6 10 14 0 8 9 5 13 12 
978,2.07047e-06,2.42424e-06,1.88791e-06,50,100,100,412500,7 1 11 3 2 4 6 10 14 0 8 9 5 13 12 
979,2.06861e-06,2.42424e-06,1.94149e-06,50,100,100,412500,7 1 11 3 2 4 6 10 14 0 8 9 5 13 12 
980,2.06112e-06,2.42424e-06,1.90126e-06,50,100,100,412500,7 1 11 3 2 4 6 10 14 0 8 9 5 13 12 
981,2.0729e-06,2.42424e-06,1.91263e-06,50,100,100,412500,7 1 11 3 2 4 6 10 14 0 8 9 5 13 12 
982,2.0601e-06,2.42424e-06,1.92103e-06,50,100,100,412500,7 1 11 3 2 4 6 10 14 0 8 9 5 13 12 
983,2.06943e-06,2.42424e-06,1.90499e-06,50,100,100,412500,7 1 11 3 2 4 6 10 14 0 8 9 5 13 12 
984,2.08395e-06,2.42424e-06,1.92799e-06,50,100,100,412500,7 1 11 3 2 4 6 10 14 0 8 9 5 13 12 
985,2.08249e-06,2.42424e-06,1.91063e-06,50,100,100,412500,7 1 11 3 2 4 6 10 14 0 8 9 5 13 12 
986,2.06018e-06,2.42424e-06,1.92172e-06,50,100,100,412500,7 1 11 3 2 4 6 10 14 0 8 9 5 13 12 
987,2.05452e-06,2.42424e-06,1.90561e-06,50,100,100,412500,7 1 11 3 2 4 6 10 14 0 8 9 5 13 12 
988,2.07197e-06,2.42424e-06,1.91459e-06,50,100,100,412500,7 1 11 3 2 4 6 10 14 0 8 9 5 13 12 
989,2.07172e-06,2.42424e-06,1.88886e-06,50,100,100,412500,7 1 11 3 2 4 6 10 14 0 8 9 5 13 12 
990,2.08329e-06,2.42424e-06,1.90883e-06,50,100,100,412500,7 1 11 3 2 4 6 10 14 0 8 9 5 13 12 
991,2.08674e-06,2.42424e-06,1.94911e-06,50,100,100,412500,7 1 11 3 2 4 6 10 14 0 8 9 5 13 12 
992,2.07482e-06,2.42424e-06,1.92326e-06,50,100,100,412500,7 1 11 3 2 4 6 10 14 0 8 9 5 13 12 
993,2.0868e-06,2.42424e-06,1.92213e-06,50,100,100,412500,7 1 11 3 2 4 6 10 14 0 8 9 5 13 12 
994,2.0749e-06,2.42424e-06,1.94002e-06,50,100,100,412500,7 1 11 3 2 4 6 10 14 0 8 9 5 13 12 
995,2.06466e-06,2.42424e-06,1.9046e-06,50,100,100,412500,7 1 11 3 2 4 6 10 14 0 8 9 5 13 12 
996,2.06633e-06,2.42424e-06,1.95912e-06,50,100,100,412500,7 1 11 3 2 4 6 10 14 0 8 9 5 13 12 
997,2.06203e-06,2.42424e-06,1.91094e-06,50,100,100,412500,7 1 11 3 2 4 6 10 14 0 8 9 5 13 12 
998,2.06384e-06,2.42424e-06,1.90971e-06,50,100,100,412500,7 1 11 3 2 4 6 10 14 0 8 9 5 13 12 
999,2.06141e-06,2.42424e-06,1.88679e-06,50,100,100,412500,7 1 11 3 2 4 6 10 14 0 8 9 5 13 12 
