Generación,Media,Mejor,Peor,Cruzas,Mutaciones,Inversiones,Costo,Permutación
1,2.04916e-06,2.21548e-06,1.90678e-06,50,100,100,451368,7 3 5 0 6 10 14 1 2 13 9 4 8 11 12 
2,2.05442e-06,2.26036e-06,1.86916e-06,50,100,100,442406,7 2 13 12 14 0 8 1 11 4 3 10 5 9 6 
3,2.05145e-06,2.26036e-06,1.87409e-06,50,100,100,442406,7 2 13 12 14 0 8 1 11 4 3 10 5 9 6 
4,2.0457e-06,2.27757e-06,1.89991e-06,50,100,100,439064,8 1 14 12 11 0 10 2 5 7 13 4 3 9 6 
5,2.05274e-06,2.27757e-06,1.88726e-06,50,100,100,439064,8 1 14 12 11 0 10 2 5 7 13 4 3 9 6 
6,2.05336e-06,2.27757e-06,1.87398e-06,50,100,100,439064,8 1 14 12 11 0 10 2 5 7 13 4 3 9 6 
7,2.05569e-06,2.27757e-06,1.91601e-06,50,100,100,439064,8 1 14 12 11 0 10 2 5 7 13 4 3 9 6 
8,2.05468e-06,2.27757e-06,1.90127e-06,50,100,100,439064,8 1 14 12 11 0 10 2 5 7 13 4 3 9 6 
9,2.05574e-06,2.27757e-06,1.87858e-06,50,100,100,439064,8 1 14 12 11 0 10 2 5 7 13 4 3 9 6 
10,2.06687e-06,2.27757e-06,1.92182e-06,50,100,100,439064,8 1 14 12 11 0 10 2 5 7 13 4 3 9 6 
11,2.05866e-06,2.27757e-06,1.93234e-06,50,100,100,439064,8 1 14 12 11 0 10 2 5 7 13 4 3 9 6 
12,2.05665e-06,2.27757e-06,1.90933e-06,50,100,100,439064,8 1 14 12 11 0 10 2 5 7 13 4 3 9 6 
13,2.05982e-06,2.28015e-06,1.8825e-06,50,100,100,438566,8 3 1 14 11 0 4 2 7 10 5 13 6 9 12 
14,2.0532e-06,2.28015e-06,1.94645e-06,50,100,100,438566,8 3 1 14 11 0 4 2 7 10 5 13 6 9 12 
15,2.06105e-06,2.29186e-06,1.90784e-06,50,100,100,436326,10 1 14 3 11 2 6 7 4 0 8 9 5 13 12 
16,2.05424e-06,2.29186e-06,1.9339e-06,50,100,100,436326,10 1 14 3 11 2 6 7 4 0 8 9 5 13 12 
17,2.0553e-06,2.29186e-06,1.9142e-06,50,100,100,436326,10 1 14 3 11 2 6 7 4 0 8 9 5 13 12 
18,2.05075e-06,2.29186e-06,1.93022e-06,50,100,100,436326,10 1 14 3 11 2 6 7 4 0 8 9 5 13 12 
19,2.06038e-06,2.29186e-06,1.91636e-06,50,100,100,436326,10 1 14 3 11 2 6 7 4 0 8 9 5 13 12 
20,2.06548e-06,2.29186e-06,1.91399e-06,50,100,100,436326,10 1 14 3 11 2 6 7 4 0 8 9 5 13 12 
21,2.07258e-06,2.29186e-06,1.91332e-06,50,100,100,436326,10 1 14 3 11 2 6 7 4 0 8 9 5 13 12 
22,2.07371e-06,2.29186e-06,1.90037e-06,50,100,100,436326,10 1 14 3 11 2 6 7 4 0 8 9 5 13 12 
23,2.05402e-06,2.29186e-06,1.91502e-06,50,100,100,436326,10 1 14 3 11 2 6 7 4 0 8 9 5 13 12 
24,2.04449e-06,2.29186e-06,1.89949e-06,50,100,100,436326,10 1 14 3 11 2 6 7 4 0 8 9 5 13 12 
25,2.06287e-06,2.29186e-06,1.91413e-06,50,100,100,436326,10 1 14 3 11 2 6 7 4 0 8 9 5 13 12 
26,2.07465e-06,2.29186e-06,1.92198e-06,50,100,100,436326,10 1 14 3 11 2 6 7 4 0 8 9 5 13 12 
27,2.0606e-06,2.29186e-06,1.92293e-06,50,100,100,436326,10 1 14 3 11 2 6 7 4 0 8 9 5 13 12 
28,2.05793e-06,2.29186e-06,1.90546e-06,50,100,100,436326,10 1 14 3 11 2 6 7 4 0 8 9 5 13 12 
29,2.05272e-06,2.29186e-06,1.91338e-06,50,100,100,436326,10 1 14 3 11 2 6 7 4 0 8 9 5 13 12 
30,2.06027e-06,2.29186e-06,1.92464e-06,50,100,100,436326,10 1 14 3 11 2 6 7 4 0 8 9 5 13 12 
31,2.07097e-06,2.29186e-06,1.91999e-06,50,100,100,436326,10 1 14 3 11 2 6 7 4 0 8 9 5 13 12 
32,2.07546e-06,2.29186e-06,1.93557e-06,50,100,100,436326,10 1 14 3 11 2 6 7 4 0 8 9 5 13 12 
33,2.06577e-06,2.29186e-06,1.92154e-06,50,100,100,436326,10 1 14 3 11 2 6 7 4 0 8 9 5 13 12 
34,2.05485e-06,2.29186e-06,1.89189e-06,50,100,100,436326,10 1 14 3 11 2 6 7 4 0 8 9 5 13 12 
35,2.07183e-06,2.29225e-06,1.93033e-06,50,100,100,436252,6 2 14 8 12 0 10 11 13 5 1 3 4 9 7 
36,2.05323e-06,2.3697e-06,1.89036e-06,50,100,100,421994,1 2 14 12 11 0 10 8 7 6 5 3 9 4 13 
37,2.04523e-06,2.3697e-06,1.89692e-06,50,100,100,421994,1 2 14 12 11 0 10 8 7 6 5 3 9 4 13 
38,2.04706e-06,2.3697e-06,1.90559e-06,50,100,100,421994,1 2 14 12 11 0 10 8 7 6 5 3 9 4 13 
39,2.05432e-06,2.3697e-06,1.93289e-06,50,100,100,421994,1 2 14 12 11 0 10 8 7 6 5 3 9 4 13 
40,2.06352e-06,2.3697e-06,1.90918e-06,50,100,100,421994,1 2 14 12 11 0 10 8 7 6 5 3 9 4 13 
41,2.05071e-06,2.3697e-06,1.89207e-06,50,100,100,421994,1 2 14 12 11 0 10 8 7 6 5 3 9 4 13 
42,2.05477e-06,2.3697e-06,1.86876e-06,50,100,100,421994,1 2 14 12 11 0 10 8 7 6 5 3 9 4 13 
43,2.05145e-06,2.3697e-06,1.89146e-06,50,100,100,421994,1 2 14 12 11 0 10 8 7 6 5 3 9 4 13 
44,2.04147e-06,2.3697e-06,1.92544e-06,50,100,100,421994,1 2 14 12 11 0 10 8 7 6 5 3 9 4 13 
45,2.0451e-06,2.3697e-06,1.89956e-06,50,100,100,421994,1 2 14 12 11 0 10 8 7 6 5 3 9 4 13 
46,2.0614e-06,2.3697e-06,1.91243e-06,50,100,100,421994,1 2 14 12 11 0 10 8 7 6 5 3 9 4 13 
47,2.04736e-06,2.3697e-06,1.92409e-06,50,100,100,421994,1 2 14 12 11 0 10 8 7 6 5 3 9 4 13 
48,2.05799e-06,2.3697e-06,1.92561e-06,50,100,100,421994,1 2 14 12 11 0 10 8 7 6 5 3 9 4 13 
49,2.06197e-06,2.3697e-06,1.90125e-06,50,100,100,421994,1 2 14 12 11 0 10 8 7 6 5 3 9 4 13 
50,2.05606e-06,2.3697e-06,1.89666e-06,50,100,100,421994,1 2 14 12 11 0 10 8 7 6 5 3 9 4 13 
51,2.04823e-06,2.3697e-06,1.91011e-06,50,100,100,421994,1 2 14 12 11 0 10 8 7 6 5 3 9 4 13 
52,2.05166e-06,2.3697e-06,1.91258e-06,50,100,100,421994,1 2 14 12 11 0 10 8 7 6 5 3 9 4 13 
53,2.05646e-06,2.3697e-06,1.91136e-06,50,100,100,421994,1 2 14 12 11 0 10 8 7 6 5 3 9 4 13 
54,2.05285e-06,2.3697e-06,1.89154e-06,50,100,100,421994,1 2 14 12 11 0 10 8 7 6 5 3 9 4 13 
55,2.05353e-06,2.3697e-06,1.92005e-06,50,100,100,421994,1 2 14 12 11 0 10 8 7 6 5 3 9 4 13 
56,2.05848e-06,2.3697e-06,1.91614e-06,50,100,100,421994,1 2 14 12 11 0 10 8 7 6 5 3 9 4 13 
57,2.05699e-06,2.3697e-06,1.88542e-06,50,100,100,421994,1 2 14 12 11 0 10 8 7 6 5 3 9 4 13 
58,2.05919e-06,2.39303e-06,1.93666e-06,50,100,100,417880,1 2 14 12 11 0 10 6 8 7 5 3 4 9 13 
59,2.05454e-06,2.39303e-06,1.89705e-06,50,100,100,417880,1 2 14 12 11 0 10 6 8 7 5 3 4 9 13 
60,2.04555e-06,2.39303e-06,1.91508e-06,50,100,100,417880,1 2 14 12 11 0 10 6 8 7 5 3 4 9 13 
61,2.05721e-06,2.39303e-06,1.91495e-06,50,100,100,417880,1 2 14 12 11 0 10 6 8 7 5 3 4 9 13 
62,2.0531e-06,2.39303e-06,1.89778e-06,50,100,100,417880,1 2 14 12 11 0 10 6 8 7 5 3 4 9 13 
63,2.05783e-06,2.39303e-06,1.90692e-06,50,100,100,417880,1 2 14 12 11 0 10 6 8 7 5 3 4 9 13 
64,2.05439e-06,2.39303e-06,1.91035e-06,50,100,100,417880,1 2 14 12 11 0 10 6 8 7 5 3 4 9 13 
65,2.05668e-06,2.39303e-06,1.89892e-06,50,100,100,417880,1 2 14 12 11 0 10 6 8 7 5 3 4 9 13 
66,2.04857e-06,2.39303e-06,1.9096e-06,50,100,100,417880,1 2 14 12 11 0 10 6 8 7 5 3 4 9 13 
67,2.05596e-06,2.39303e-06,1.90808e-06,50,100,100,417880,1 2 14 12 11 0 10 6 8 7 5 3 4 9 13 
68,2.06449e-06,2.39303e-06,1.89156e-06,50,100,100,417880,1 2 14 12 11 0 10 6 8 7 5 3 4 9 13 
69,2.04383e-06,2.39303e-06,1.907e-06,50,100,100,417880,1 2 14 12 11 0 10 6 8 7 5 3 4 9 13 
70,2.05149e-06,2.39303e-06,1.89994e-06,50,100,100,417880,1 2 14 12 11 0 10 6 8 7 5 3 4 9 13 
71,2.05372e-06,2.39303e-06,1.91187e-06,50,100,100,417880,1 2 14 12 11 0 10 6 8 7 5 3 4 9 13 
72,2.05159e-06,2.39303e-06,1.88741e-06,50,100,100,417880,1 2 14 12 11 0 10 6 8 7 5 3 4 9 13 
73,2.05439e-06,2.39303e-06,1.91899e-06,50,100,100,417880,1 2 14 12 11 0 10 6 8 7 5 3 4 9 13 
74,2.06813e-06,2.39303e-06,1.94661e-06,50,100,100,417880,1 2 14 12 11 0 10 6 8 7 5 3 4 9 13 
75,2.07216e-06,2.39303e-06,1.91604e-06,50,100,100,417880,1 2 14 12 11 0 10 6 8 7 5 3 4 9 13 
76,2.06297e-06,2.39303e-06,1.88272e-06,50,100,100,417880,1 2 14 12 11 0 10 6 8 7 5 3 4 9 13 
77,2.06103e-06,2.39303e-06,1.91401e-06,50,100,100,417880,1 2 14 12 11 0 10 6 8 7 5 3 4 9 13 
78,2.06254e-06,2.39303e-06,1.93601e-06,50,100,100,417880,1 2 14 12 11 0 10 6 8 7 5 3 4 9 13 
79,2.06771e-06,2.39303e-06,1.94034e-06,50,100,100,417880,1 2 14 12 11 0 10 6 8 7 5 3 4 9 13 
80,2.05892e-06,2.39303e-06,1.893e-06,50,100,100,417880,1 2 14 12 11 0 10 6 8 7 5 3 4 9 13 
81,2.05955e-06,2.39303e-06,1.93072e-06,50,100,100,417880,1 2 14 12 11 0 10 6 8 7 5 3 4 9 13 
82,2.0499e-06,2.39303e-06,1.91277e-06,50,100,100,417880,1 2 14 12 11 0 10 6 8 7 5 3 4 9 13 
83,2.06467e-06,2.39303e-06,1.92632e-06,50,100,100,417880,1 2 14 12 11 0 10 6 8 7 5 3 4 9 13 
84,2.06146e-06,2.39303e-06,1.92608e-06,50,100,100,417880,1 2 14 12 11 0 10 6 8 7 5 3 4 9 13 
85,2.06549e-06,2.39303e-06,1.91764e-06,50,100,100,417880,1 2 14 12 11 0 10 6 8 7 5 3 4 9 13 
86,2.0611e-06,2.39303e-06,1.93339e-06,50,100,100,417880,1 2 14 12 11 0 10 6 8 7 5 3 4 9 13 
87,2.05008e-06,2.39303e-06,1.88127e-06,50,100,100,417880,1 2 14 12 11 0 10 6 8 7 5 3 4 9 13 
88,2.06623e-06,2.39303e-06,1.94931e-06,50,100,100,417880,1 2 14 12 11 0 10 6 8 7 5 3 4 9 13 
89,2.0736e-06,2.39303e-06,1.92054e-06,50,100,100,417880,1 2 14 12 11 0 10 6 8 7 5 3 4 9 13 
90,2.07364e-06,2.39303e-06,1.92605e-06,50,100,100,417880,1 2 14 12 11 0 10 6 8 7 5 3 4 9 13 
91,2.0661e-06,2.39303e-06,1.8809e-06,50,100,100,417880,1 2 14 12 11 0 10 6 8 7 5 3 4 9 13 
92,2.07125e-06,2.39303e-06,1.90871e-06,50,100,100,417880,1 2 14 12 11 0 10 6 8 7 5 3 4 9 13 
93,2.06594e-06,2.39303e-06,1.89262e-06,50,100,100,417880,1 2 14 12 11 0 10 6 8 7 5 3 4 9 13 
94,2.05089e-06,2.39303e-06,1.9195e-06,50,100,100,417880,1 2 14 12 11 0 10 6 8 7 5 3 4 9 13 
95,2.05968e-06,2.39303e-06,1.90564e-06,50,100,100,417880,1 2 14 12 11 0 10 6 8 7 5 3 4 9 13 
96,2.05167e-06,2.39303e-06,1.91954e-06,50,100,100,417880,1 2 14 12 11 0 10 6 8 7 5 3 4 9 13 
97,2.04871e-06,2.39303e-06,1.86835e-06,50,100,100,417880,1 2 14 12 11 0 10 6 8 7 5 3 4 9 13 
98,2.06267e-06,2.39303e-06,1.93147e-06,50,100,100,417880,1 2 14 12 11 0 10 6 8 7 5 3 4 9 13 
99,2.06304e-06,2.39303e-06,1.92777e-06,50,100,100,417880,1 2 14 12 11 0 10 6 8 7 5 3 4 9 13 
100,2.06196e-06,2.39303e-06,1.87941e-06,50,100,100,417880,1 2 14 12 11 0 10 6 8 7 5 3 4 9 13 
101,2.05295e-06,2.39303e-06,1.90336e-06,50,100,100,417880,1 2 14 12 11 0 10 6 8 7 5 3 4 9 13 
102,2.06467e-06,2.39303e-06,1.92509e-06,50,100,100,417880,1 2 14 12 11 0 10 6 8 7 5 3 4 9 13 
103,2.05286e-06,2.39303e-06,1.90837e-06,50,100,100,417880,1 2 14 12 11 0 10 6 8 7 5 3 4 9 13 
104,2.06256e-06,2.39303e-06,1.92364e-06,50,100,100,417880,1 2 14 12 11 0 10 6 8 7 5 3 4 9 13 
105,2.05937e-06,2.39303e-06,1.90049e-06,50,100,100,417880,1 2 14 12 11 0 10 6 8 7 5 3 4 9 13 
106,2.05263e-06,2.39303e-06,1.85816e-06,50,100,100,417880,1 2 14 12 11 0 10 6 8 7 5 3 4 9 13 
107,2.05873e-06,2.39303e-06,1.90585e-06,50,100,100,417880,1 2 14 12 11 0 10 6 8 7 5 3 4 9 13 
108,2.0546e-06,2.39303e-06,1.91875e-06,50,100,100,417880,1 2 14 12 11 0 10 6 8 7 5 3 4 9 13 
109,2.05355e-06,2.39303e-06,1.87055e-06,50,100,100,417880,1 2 14 12 11 0 10 6 8 7 5 3 4 9 13 
110,2.05379e-06,2.39303e-06,1.90178e-06,50,100,100,417880,1 2 14 12 11 0 10 6 8 7 5 3 4 9 13 
111,2.0651e-06,2.39303e-06,1.88802e-06,50,100,100,417880,1 2 14 12 11 0 10 6 8 7 5 3 4 9 13 
112,2.05095e-06,2.39303e-06,1.91709e-06,50,100,100,417880,1 2 14 12 11 0 10 6 8 7 5 3 4 9 13 
113,2.04911e-06,2.39303e-06,1.92023e-06,50,100,100,417880,1 2 14 12 11 0 10 6 8 7 5 3 4 9 13 
114,2.03882e-06,2.39303e-06,1.88378e-06,50,100,100,417880,1 2 14 12 11 0 10 6 8 7 5 3 4 9 13 
115,2.05485e-06,2.39303e-06,1.91631e-06,50,100,100,417880,1 2 14 12 11 0 10 6 8 7 5 3 4 9 13 
116,2.06086e-06,2.39303e-06,1.90148e-06,50,100,100,417880,1 2 14 12 11 0 10 6 8 7 5 3 4 9 13 
117,2.04395e-06,2.39303e-06,1.91119e-06,50,100,100,417880,1 2 14 12 11 0 10 6 8 7 5 3 4 9 13 
118,2.05798e-06,2.39303e-06,1.88178e-06,50,100,100,417880,1 2 14 12 11 0 10 6 8 7 5 3 4 9 13 
119,2.06906e-06,2.39303e-06,1.95531e-06,50,100,100,417880,1 2 14 12 11 0 10 6 8 7 5 3 4 9 13 
120,2.06317e-06,2.39303e-06,1.92205e-06,50,100,100,417880,1 2 14 12 11 0 10 6 8 7 5 3 4 9 13 
121,2.06257e-06,2.39303e-06,1.9094e-06,50,100,100,417880,1 2 14 12 11 0 10 6 8 7 5 3 4 9 13 
122,2.07458e-06,2.39303e-06,1.92748e-06,50,100,100,417880,1 2 14 12 11 0 10 6 8 7 5 3 4 9 13 
123,2.05479e-06,2.39303e-06,1.88606e-06,50,100,100,417880,1 2 14 12 11 0 10 6 8 7 5 3 4 9 13 
124,2.0665e-06,2.39303e-06,1.9071e-06,50,100,100,417880,1 2 14 12 11 0 10 6 8 7 5 3 4 9 13 
125,2.06088e-06,2.39303e-06,1.91255e-06,50,100,100,417880,1 2 14 12 11 0 10 6 8 7 5 3 4 9 13 
126,2.05951e-06,2.39303e-06,1.86805e-06,50,100,100,417880,1 2 14 12 11 0 10 6 8 7 5 3 4 9 13 
127,2.05881e-06,2.39303e-06,1.91956e-06,50,100,100,417880,1 2 14 12 11 0 10 6 8 7 5 3 4 9 13 
128,2.0641e-06,2.39303e-06,1.92415e-06,50,100,100,417880,1 2 14 12 11 0 10 6 8 7 5 3 4 9 13 
129,2.06159e-06,2.39303e-06,1.86634e-06,50,100,100,417880,1 2 14 12 11 0 10 6 8 7 5 3 4 9 13 
130,2.06418e-06,2.39303e-06,1.91972e-06,50,100,100,417880,1 2 14 12 11 0 10 6 8 7 5 3 4 9 13 
131,2.05931e-06,2.39303e-06,1.91643e-06,50,100,100,417880,1 2 14 12 11 0 10 6 8 7 5 3 4 9 13 
132,2.04888e-06,2.39303e-06,1.86117e-06,50,100,100,417880,1 2 14 12 11 0 10 6 8 7 5 3 4 9 13 
133,2.05551e-06,2.39303e-06,1.93227e-06,50,100,100,417880,1 2 14 12 11 0 10 6 8 7 5 3 4 9 13 
134,2.05481e-06,2.39303e-06,1.90641e-06,50,100,100,417880,1 2 14 12 11 0 10 6 8 7 5 3 4 9 13 
135,2.04763e-06,2.39303e-06,1.90337e-06,50,100,100,417880,1 2 14 12 11 0 10 6 8 7 5 3 4 9 13 
136,2.05041e-06,2.39303e-06,1.90368e-06,50,100,100,417880,1 2 14 12 11 0 10 6 8 7 5 3 4 9 13 
137,2.05375e-06,2.39303e-06,1.87858e-06,50,100,100,417880,1 2 14 12 11 0 10 6 8 7 5 3 4 9 13 
138,2.05823e-06,2.39303e-06,1.9266e-06,50,100,100,417880,1 2 14 12 11 0 10 6 8 7 5 3 4 9 13 
139,2.04199e-06,2.39303e-06,1.8702e-06,50,100,100,417880,1 2 14 12 11 0 10 6 8 7 5 3 4 9 13 
140,2.05256e-06,2.39303e-06,1.9045e-06,50,100,100,417880,1 2 14 12 11 0 10 6 8 7 5 3 4 9 13 
141,2.04632e-06,2.39303e-06,1.89969e-06,50,100,100,417880,1 2 14 12 11 0 10 6 8 7 5 3 4 9 13 
142,2.06076e-06,2.39303e-06,1.89096e-06,50,100,100,417880,1 2 14 12 11 0 10 6 8 7 5 3 4 9 13 
143,2.07421e-06,2.39303e-06,1.91301e-06,50,100,100,417880,1 2 14 12 11 0 10 6 8 7 5 3 4 9 13 
144,2.06102e-06,2.39303e-06,1.88639e-06,50,100,100,417880,1 2 14 12 11 0 10 6 8 7 5 3 4 9 13 
145,2.05951e-06,2.39303e-06,1.93136e-06,50,100,100,417880,1 2 14 12 11 0 10 6 8 7 5 3 4 9 13 
146,2.06351e-06,2.39303e-06,1.87424e-06,50,100,100,417880,1 2 14 12 11 0 10 6 8 7 5 3 4 9 13 
147,2.0678e-06,2.39303e-06,1.90106e-06,50,100,100,417880,1 2 14 12 11 0 10 6 8 7 5 3 4 9 13 
148,2.05893e-06,2.39303e-06,1.89768e-06,50,100,100,417880,1 2 14 12 11 0 10 6 8 7 5 3 4 9 13 
149,2.05238e-06,2.39303e-06,1.9073e-06,50,100,100,417880,1 2 14 12 11 0 10 6 8 7 5 3 4 9 13 
150,2.05805e-06,2.39303e-06,1.90795e-06,50,100,100,417880,1 2 14 12 11 0 10 6 8 7 5 3 4 9 13 
151,2.05337e-06,2.39303e-06,1.8607e-06,50,100,100,417880,1 2 14 12 11 0 10 6 8 7 5 3 4 9 13 
152,2.05378e-06,2.39303e-06,1.91386e-06,50,100,100,417880,1 2 14 12 11 0 10 6 8 7 5 3 4 9 13 
153,2.0585e-06,2.39303e-06,1.90966e-06,50,100,100,417880,1 2 14 12 11 0 10 6 8 7 5 3 4 9 13 
154,2.05561e-06,2.39303e-06,1.92065e-06,50,100,100,417880,1 2 14 12 11 0 10 6 8 7 5 3 4 9 13 
155,2.05683e-06,2.39303e-06,1.87031e-06,50,100,100,417880,1 2 14 12 11 0 10 6 8 7 5 3 4 9 13 
156,2.059e-06,2.39303e-06,1.91535e-06,50,100,100,417880,1 2 14 12 11 0 10 6 8 7 5 3 4 9 13 
157,2.04819e-06,2.39303e-06,1.8574e-06,50,100,100,417880,1 2 14 12 11 0 10 6 8 7 5 3 4 9 13 
158,2.06354e-06,2.39303e-06,1.93643e-06,50,100,100,417880,1 2 14 12 11 0 10 6 8 7 5 3 4 9 13 
159,2.07684e-06,2.39303e-06,1.89306e-06,50,100,100,417880,1 2 14 12 11 0 10 6 8 7 5 3 4 9 13 
160,2.06097e-06,2.39303e-06,1.91767e-06,50,100,100,417880,1 2 14 12 11 0 10 6 8 7 5 3 4 9 13 
161,2.06273e-06,2.39303e-06,1.92852e-06,50,100,100,417880,1 2 14 12 11 0 10 6 8 7 5 3 4 9 13 
162,2.06524e-06,2.39303e-06,1.90751e-06,50,100,100,417880,1 2 14 12 11 0 10 6 8 7 5 3 4 9 13 
163,2.05875e-06,2.39303e-06,1.90511e-06,50,100,100,417880,1 2 14 12 11 0 10 6 8 7 5 3 4 9 13 
164,2.05201e-06,2.39303e-06,1.92882e-06,50,100,100,417880,1 2 14 12 11 0 10 6 8 7 5 3 4 9 13 
165,2.05564e-06,2.39303e-06,1.88484e-06,50,100,100,417880,1 2 14 12 11 0 10 6 8 7 5 3 4 9 13 
166,2.06042e-06,2.39303e-06,1.8738e-06,50,100,100,417880,1 2 14 12 11 0 10 6 8 7 5 3 4 9 13 
167,2.06047e-06,2.39303e-06,1.90662e-06,50,100,100,417880,1 2 14 12 11 0 10 6 8 7 5 3 4 9 13 
168,2.05656e-06,2.39303e-06,1.85736e-06,50,100,100,417880,1 2 14 12 11 0 10 6 8 7 5 3 4 9 13 
169,2.06803e-06,2.39303e-06,1.94711e-06,50,100,100,417880,1 2 14 12 11 0 10 6 8 7 5 3 4 9 13 
170,2.0773e-06,2.39303e-06,1.91163e-06,50,100,100,417880,1 2 14 12 11 0 10 6 8 7 5 3 4 9 13 
171,2.06467e-06,2.39303e-06,1.93704e-06,50,100,100,417880,1 2 14 12 11 0 10 6 8 7 5 3 4 9 13 
172,2.05163e-06,2.39303e-06,1.92288e-06,50,100,100,417880,1 2 14 12 11 0 10 6 8 7 5 3 4 9 13 
173,2.06058e-06,2.39303e-06,1.92067e-06,50,100,100,417880,1 2 14 12 11 0 10 6 8 7 5 3 4 9 13 
174,2.0591e-06,2.39303e-06,1.92139e-06,50,100,100,417880,1 2 14 12 11 0 10 6 8 7 5 3 4 9 13 
175,2.06189e-06,2.39303e-06,1.8734e-06,50,100,100,417880,1 2 14 12 11 0 10 6 8 7 5 3 4 9 13 
176,2.06015e-06,2.39303e-06,1.91478e-06,50,100,100,417880,1 2 14 12 11 0 10 6 8 7 5 3 4 9 13 
177,2.05082e-06,2.39303e-06,1.89732e-06,50,100,100,417880,1 2 14 12 11 0 10 6 8 7 5 3 4 9 13 
178,2.0521e-06,2.39303e-06,1.91365e-06,50,100,100,417880,1 2 14 12 11 0 10 6 8 7 5 3 4 9 13 
179,2.03988e-06,2.39303e-06,1.87799e-06,50,100,100,417880,1 2 14 12 11 0 10 6 8 7 5 3 4 9 13 
180,2.05021e-06,2.39303e-06,1.92081e-06,50,100,100,417880,1 2 14 12 11 0 10 6 8 7 5 3 4 9 13 
181,2.04653e-06,2.39303e-06,1.87663e-06,50,100,100,417880,1 2 14 12 11 0 10 6 8 7 5 3 4 9 13 
182,2.05057e-06,2.39303e-06,1.91206e-06,50,100,100,417880,1 2 14 12 11 0 10 6 8 7 5 3 4 9 13 
183,2.05455e-06,2.39303e-06,1.87859e-06,50,100,100,417880,1 2 14 12 11 0 10 6 8 7 5 3 4 9 13 
184,2.06468e-06,2.39303e-06,1.91128e-06,50,100,100,417880,1 2 14 12 11 0 10 6 8 7 5 3 4 9 13 
185,2.06792e-06,2.39303e-06,1.91831e-06,50,100,100,417880,1 2 14 12 11 0 10 6 8 7 5 3 4 9 13 
186,2.06419e-06,2.39303e-06,1.92142e-06,50,100,100,417880,1 2 14 12 11 0 10 6 8 7 5 3 4 9 13 
187,2.04958e-06,2.39303e-06,1.92245e-06,50,100,100,417880,1 2 14 12 11 0 10 6 8 7 5 3 4 9 13 
188,2.05312e-06,2.39303e-06,1.93335e-06,50,100,100,417880,1 2 14 12 11 0 10 6 8 7 5 3 4 9 13 
189,2.05379e-06,2.39303e-06,1.91466e-06,50,100,100,417880,1 2 14 12 11 0 10 6 8 7 5 3 4 9 13 
190,2.06177e-06,2.39303e-06,1.94607e-06,50,100,100,417880,1 2 14 12 11 0 10 6 8 7 5 3 4 9 13 
191,2.05481e-06,2.39303e-06,1.89088e-06,50,100,100,417880,1 2 14 12 11 0 10 6 8 7 5 3 4 9 13 
192,2.05098e-06,2.39303e-06,1.87567e-06,50,100,100,417880,1 2 14 12 11 0 10 6 8 7 5 3 4 9 13 
193,2.05923e-06,2.39303e-06,1.91385e-06,50,100,100,417880,1 2 14 12 11 0 10 6 8 7 5 3 4 9 13 
194,2.04406e-06,2.39303e-06,1.90548e-06,50,100,100,417880,1 2 14 12 11 0 10 6 8 7 5 3 4 9 13 
195,2.0621e-06,2.39303e-06,1.91504e-06,50,100,100,417880,1 2 14 12 11 0 10 6 8 7 5 3 4 9 13 
196,2.06197e-06,2.39303e-06,1.87463e-06,50,100,100,417880,1 2 14 12 11 0 10 6 8 7 5 3 4 9 13 
197,2.05823e-06,2.39303e-06,1.91739e-06,50,100,100,417880,1 2 14 12 11 0 10 6 8 7 5 3 4 9 13 
198,2.07017e-06,2.39303e-06,1.91738e-06,50,100,100,417880,1 2 14 12 11 0 10 6 8 7 5 3 4 9 13 
199,2.06848e-06,2.39303e-06,1.88127e-06,50,100,100,417880,1 2 14 12 11 0 10 6 8 7 5 3 4 9 13 
200,2.06041e-06,2.39303e-06,1.91969e-06,50,100,100,417880,1 2 14 12 11 0 10 6 8 7 5 3 4 9 13 
201,2.07128e-06,2.39303e-06,1.92244e-06,50,100,100,417880,1 2 14 12 11 0 10 6 8 7 5 3 4 9 13 
202,2.05647e-06,2.39303e-06,1.90689e-06,50,100,100,417880,1 2 14 12 11 0 10 6 8 7 5 3 4 9 13 
203,2.05079e-06,2.39303e-06,1.92541e-06,50,100,100,417880,1 2 14 12 11 0 10 6 8 7 5 3 4 9 13 
204,2.06058e-06,2.39303e-06,1.92452e-06,50,100,100,417880,1 2 14 12 11 0 10 6 8 7 5 3 4 9 13 
205,2.06299e-06,2.39303e-06,1.86277e-06,50,100,100,417880,1 2 14 12 11 0 10 6 8 7 5 3 4 9 13 
206,2.06122e-06,2.39303e-06,1.88601e-06,50,100,100,417880,1 2 14 12 11 0 10 6 8 7 5 3 4 9 13 
207,2.05308e-06,2.39303e-06,1.87471e-06,50,100,100,417880,1 2 14 12 11 0 10 6 8 7 5 3 4 9 13 
208,2.0689e-06,2.39303e-06,1.86951e-06,50,100,100,417880,1 2 14 12 11 0 10 6 8 7 5 3 4 9 13 
209,2.0714e-06,2.39303e-06,1.95039e-06,50,100,100,417880,1 2 14 12 11 0 10 6 8 7 5 3 4 9 13 
210,2.06303e-06,2.39303e-06,1.93993e-06,50,100,100,417880,1 2 14 12 11 0 10 6 8 7 5 3 4 9 13 
211,2.06412e-06,2.39303e-06,1.92613e-06,50,100,100,417880,1 2 14 12 11 0 10 6 8 7 5 3 4 9 13 
212,2.06717e-06,2.39303e-06,1.92517e-06,50,100,100,417880,1 2 14 12 11 0 10 6 8 7 5 3 4 9 13 
213,2.0633e-06,2.39303e-06,1.90044e-06,50,100,100,417880,1 2 14 12 11 0 10 6 8 7 5 3 4 9 13 
214,2.05714e-06,2.39303e-06,1.93484e-06,50,100,100,417880,1 2 14 12 11 0 10 6 8 7 5 3 4 9 13 
215,2.0572e-06,2.39303e-06,1.90787e-06,50,100,100,417880,1 2 14 12 11 0 10 6 8 7 5 3 4 9 13 
216,2.05078e-06,2.39303e-06,1.90931e-06,50,100,100,417880,1 2 14 12 11 0 10 6 8 7 5 3 4 9 13 
217,2.05195e-06,2.39303e-06,1.88273e-06,50,100,100,417880,1 2 14 12 11 0 10 6 8 7 5 3 4 9 13 
218,2.07392e-06,2.39303e-06,1.94919e-06,50,100,100,417880,1 2 14 12 11 0 10 6 8 7 5 3 4 9 13 
219,2.06612e-06,2.39303e-06,1.90694e-06,50,100,100,417880,1 2 14 12 11 0 10 6 8 7 5 3 4 9 13 
220,2.06972e-06,2.39303e-06,1.90216e-06,50,100,100,417880,1 2 14 12 11 0 10 6 8 7 5 3 4 9 13 
221,2.05986e-06,2.39303e-06,1.93019e-06,50,100,100,417880,1 2 14 12 11 0 10 6 8 7 5 3 4 9 13 
222,2.06448e-06,2.39303e-06,1.9324e-06,50,100,100,417880,1 2 14 12 11 0 10 6 8 7 5 3 4 9 13 
223,2.07302e-06,2.39303e-06,1.92452e-06,50,100,100,417880,1 2 14 12 11 0 10 6 8 7 5 3 4 9 13 
224,2.05344e-06,2.39303e-06,1.90135e-06,50,100,100,417880,1 2 14 12 11 0 10 6 8 7 5 3 4 9 13 
225,2.05688e-06,2.39303e-06,1.895e-06,50,100,100,417880,1 2 14 12 11 0 10 6 8 7 5 3 4 9 13 
226,2.05748e-06,2.39303e-06,1.84558e-06,50,100,100,417880,1 2 14 12 11 0 10 6 8 7 5 3 4 9 13 
227,2.07464e-06,2.39303e-06,1.91354e-06,50,100,100,417880,1 2 14 12 11 0 10 6 8 7 5 3 4 9 13 
228,2.04872e-06,2.39303e-06,1.90013e-06,50,100,100,417880,1 2 14 12 11 0 10 6 8 7 5 3 4 9 13 
229,2.06132e-06,2.39303e-06,1.92019e-06,50,100,100,417880,1 2 14 12 11 0 10 6 8 7 5 3 4 9 13 
230,2.05165e-06,2.39303e-06,1.90528e-06,50,100,100,417880,1 2 14 12 11 0 10 6 8 7 5 3 4 9 13 
231,2.05308e-06,2.39303e-06,1.94019e-06,50,100,100,417880,1 2 14 12 11 0 10 6 8 7 5 3 4 9 13 
232,2.07178e-06,2.39303e-06,1.86909e-06,50,100,100,417880,1 2 14 12 11 0 10 6 8 7 5 3 4 9 13 
233,2.07222e-06,2.39303e-06,1.91212e-06,50,100,100,417880,1 2 14 12 11 0 10 6 8 7 5 3 4 9 13 
234,2.06298e-06,2.39303e-06,1.87723e-06,50,100,100,417880,1 2 14 12 11 0 10 6 8 7 5 3 4 9 13 
235,2.06383e-06,2.39303e-06,1.91964e-06,50,100,100,417880,1 2 14 12 11 0 10 6 8 7 5 3 4 9 13 
236,2.06428e-06,2.39303e-06,1.88491e-06,50,100,100,417880,1 2 14 12 11 0 10 6 8 7 5 3 4 9 13 
237,2.05688e-06,2.39303e-06,1.91508e-06,50,100,100,417880,1 2 14 12 11 0 10 6 8 7 5 3 4 9 13 
238,2.06903e-06,2.39303e-06,1.92529e-06,50,100,100,417880,1 2 14 12 11 0 10 6 8 7 5 3 4 9 13 
239,2.06836e-06,2.39303e-06,1.93818e-06,50,100,100,417880,1 2 14 12 11 0 10 6 8 7 5 3 4 9 13 
240,2.06882e-06,2.39303e-06,1.90633e-06,50,100,100,417880,1 2 14 12 11 0 10 6 8 7 5 3 4 9 13 
241,2.05289e-06,2.39303e-06,1.87692e-06,50,100,100,417880,1 2 14 12 11 0 10 6 8 7 5 3 4 9 13 
242,2.05357e-06,2.39303e-06,1.89341e-06,50,100,100,417880,1 2 14 12 11 0 10 6 8 7 5 3 4 9 13 
243,2.05424e-06,2.39303e-06,1.9203e-06,50,100,100,417880,1 2 14 12 11 0 10 6 8 7 5 3 4 9 13 
244,2.04918e-06,2.39303e-06,1.8802e-06,50,100,100,417880,1 2 14 12 11 0 10 6 8 7 5 3 4 9 13 
245,2.04757e-06,2.39303e-06,1.9091e-06,50,100,100,417880,1 2 14 12 11 0 10 6 8 7 5 3 4 9 13 
246,2.04802e-06,2.39303e-06,1.90442e-06,50,100,100,417880,1 2 14 12 11 0 10 6 8 7 5 3 4 9 13 
247,2.07718e-06,2.39303e-06,1.91495e-06,50,100,100,417880,1 2 14 12 11 0 10 6 8 7 5 3 4 9 13 
248,2.06619e-06,2.39303e-06,1.93329e-06,50,100,100,417880,1 2 14 12 11 0 10 6 8 7 5 3 4 9 13 
249,2.05653e-06,2.39303e-06,1.85694e-06,50,100,100,417880,1 2 14 12 11 0 10 6 8 7 5 3 4 9 13 
250,2.06096e-06,2.39303e-06,1.91331e-06,50,100,100,417880,1 2 14 12 11 0 10 6 8 7 5 3 4 9 13 
251,2.06119e-06,2.39303e-06,1.93083e-06,50,100,100,417880,1 2 14 12 11 0 10 6 8 7 5 3 4 9 13 
252,2.06628e-06,2.39303e-06,1.90539e-06,50,100,100,417880,1 2 14 12 11 0 10 6 8 7 5 3 4 9 13 
253,2.06609e-06,2.39303e-06,1.91042e-06,50,100,100,417880,1 2 14 12 11 0 10 6 8 7 5 3 4 9 13 
254,2.07042e-06,2.39303e-06,1.94362e-06,50,100,100,417880,1 2 14 12 11 0 10 6 8 7 5 3 4 9 13 
255,2.07068e-06,2.39303e-06,1.90975e-06,50,100,100,417880,1 2 14 12 11 0 10 6 8 7 5 3 4 9 13 
256,2.06098e-06,2.39303e-06,1.89869e-06,50,100,100,417880,1 2 14 12 11 0 10 6 8 7 5 3 4 9 13 
257,2.06299e-06,2.39303e-06,1.88475e-06,50,100,100,417880,1 2 14 12 11 0 10 6 8 7 5 3 4 9 13 
258,2.06711e-06,2.39303e-06,1.90293e-06,50,100,100,417880,1 2 14 12 11 0 10 6 8 7 5 3 4 9 13 
259,2.06367e-06,2.39303e-06,1.91073e-06,50,100,100,417880,1 2 14 12 11 0 10 6 8 7 5 3 4 9 13 
260,2.05664e-06,2.39303e-06,1.91133e-06,50,100,100,417880,1 2 14 12 11 0 10 6 8 7 5 3 4 9 13 
261,2.0496e-06,2.39303e-06,1.87769e-06,50,100,100,417880,1 2 14 12 11 0 10 6 8 7 5 3 4 9 13 
262,2.05212e-06,2.39303e-06,1.86791e-06,50,100,100,417880,1 2 14 12 11 0 10 6 8 7 5 3 4 9 13 
263,2.0647e-06,2.39303e-06,1.95396e-06,50,100,100,417880,1 2 14 12 11 0 10 6 8 7 5 3 4 9 13 
264,2.04661e-06,2.39303e-06,1.90674e-06,50,100,100,417880,1 2 14 12 11 0 10 6 8 7 5 3 4 9 13 
265,2.05514e-06,2.39303e-06,1.92036e-06,50,100,100,417880,1 2 14 12 11 0 10 6 8 7 5 3 4 9 13 
266,2.06556e-06,2.39303e-06,1.94648e-06,50,100,100,417880,1 2 14 12 11 0 10 6 8 7 5 3 4 9 13 
267,2.06382e-06,2.41917e-06,1.92642e-06,50,100,100,413364,1 2 14 12 11 0 10 8 9 7 5 3 4 6 13 
268,2.06951e-06,2.41917e-06,1.91653e-06,50,100,100,413364,1 2 14 12 11 0 10 8 9 7 5 3 4 6 13 
269,2.07707e-06,2.41917e-06,1.91559e-06,50,100,100,413364,1 2 14 12 11 0 10 8 9 7 5 3 4 6 13 
270,2.07028e-06,2.41917e-06,1.91741e-06,50,100,100,413364,1 2 14 12 11 0 10 8 9 7 5 3 4 6 13 
271,2.07176e-06,2.41917e-06,1.9526e-06,50,100,100,413364,1 2 14 12 11 0 10 8 9 7 5 3 4 6 13 
272,2.05666e-06,2.41917e-06,1.88824e-06,50,100,100,413364,1 2 14 12 11 0 10 8 9 7 5 3 4 6 13 
273,2.06158e-06,2.41917e-06,1.90312e-06,50,100,100,413364,1 2 14 12 11 0 10 8 9 7 5 3 4 6 13 
274,2.0645e-06,2.41917e-06,1.9399e-06,50,100,100,413364,1 2 14 12 11 0 10 8 9 7 5 3 4 6 13 
275,2.05139e-06,2.41917e-06,1.90186e-06,50,100,100,413364,1 2 14 12 11 0 10 8 9 7 5 3 4 6 13 
276,2.05771e-06,2.41917e-06,1.89713e-06,50,100,100,413364,1 2 14 12 11 0 10 8 9 7 5 3 4 6 13 
277,2.04883e-06,2.41917e-06,1.8753e-06,50,100,100,413364,1 2 14 12 11 0 10 8 9 7 5 3 4 6 13 
278,2.05681e-06,2.41917e-06,1.89811e-06,50,100,100,413364,1 2 14 12 11 0 10 8 9 7 5 3 4 6 13 
279,2.06029e-06,2.41917e-06,1.89404e-06,50,100,100,413364,1 2 14 12 11 0 10 8 9 7 5 3 4 6 13 
280,2.06588e-06,2.41917e-06,1.90922e-06,50,100,100,413364,1 2 14 12 11 0 10 8 9 7 5 3 4 6 13 
281,2.05469e-06,2.41917e-06,1.92031e-06,50,100,100,413364,1 2 14 12 11 0 10 8 9 7 5 3 4 6 13 
282,2.07012e-06,2.41917e-06,1.94333e-06,50,100,100,413364,1 2 14 12 11 0 10 8 9 7 5 3 4 6 13 
283,2.06384e-06,2.41917e-06,1.89249e-06,50,100,100,413364,1 2 14 12 11 0 10 8 9 7 5 3 4 6 13 
284,2.06066e-06,2.41917e-06,1.9248e-06,50,100,100,413364,1 2 14 12 11 0 10 8 9 7 5 3 4 6 13 
285,2.06668e-06,2.41917e-06,1.91145e-06,50,100,100,413364,1 2 14 12 11 0 10 8 9 7 5 3 4 6 13 
286,2.0619e-06,2.41917e-06,1.92995e-06,50,100,100,413364,1 2 14 12 11 0 10 8 9 7 5 3 4 6 13 
287,2.05838e-06,2.41917e-06,1.90773e-06,50,100,100,413364,1 2 14 12 11 0 10 8 9 7 5 3 4 6 13 
288,2.0735e-06,2.41917e-06,1.91424e-06,50,100,100,413364,1 2 14 12 11 0 10 8 9 7 5 3 4 6 13 
289,2.06108e-06,2.41917e-06,1.91767e-06,50,100,100,413364,1 2 14 12 11 0 10 8 9 7 5 3 4 6 13 
290,2.05137e-06,2.41917e-06,1.8806e-06,50,100,100,413364,1 2 14 12 11 0 10 8 9 7 5 3 4 6 13 
291,2.05618e-06,2.41917e-06,1.90718e-06,50,100,100,413364,1 2 14 12 11 0 10 8 9 7 5 3 4 6 13 
292,2.05258e-06,2.41917e-06,1.92018e-06,50,100,100,413364,1 2 14 12 11 0 10 8 9 7 5 3 4 6 13 
293,2.06708e-06,2.41917e-06,1.92389e-06,50,100,100,413364,1 2 14 12 11 0 10 8 9 7 5 3 4 6 13 
294,2.05992e-06,2.41917e-06,1.90056e-06,50,100,100,413364,1 2 14 12 11 0 10 8 9 7 5 3 4 6 13 
295,2.05553e-06,2.41917e-06,1.88652e-06,50,100,100,413364,1 2 14 12 11 0 10 8 9 7 5 3 4 6 13 
296,2.05572e-06,2.41917e-06,1.87587e-06,50,100,100,413364,1 2 14 12 11 0 10 8 9 7 5 3 4 6 13 
297,2.05664e-06,2.41917e-06,1.88649e-06,50,100,100,413364,1 2 14 12 11 0 10 8 9 7 5 3 4 6 13 
298,2.06252e-06,2.41917e-06,1.85179e-06,50,100,100,413364,1 2 14 12 11 0 10 8 9 7 5 3 4 6 13 
299,2.06951e-06,2.41917e-06,1.91299e-06,50,100,100,413364,1 2 14 12 11 0 10 8 9 7 5 3 4 6 13 
300,2.07398e-06,2.41917e-06,1.9215e-06,50,100,100,413364,1 2 14 12 11 0 10 8 9 7 5 3 4 6 13 
301,2.06681e-06,2.41917e-06,1.88042e-06,50,100,100,413364,1 2 14 12 11 0 10 8 9 7 5 3 4 6 13 
302,2.06592e-06,2.41917e-06,1.87682e-06,50,100,100,413364,1 2 14 12 11 0 10 8 9 7 5 3 4 6 13 
303,2.06445e-06,2.41917e-06,1.91272e-06,50,100,100,413364,1 2 14 12 11 0 10 8 9 7 5 3 4 6 13 
304,2.06711e-06,2.41917e-06,1.93585e-06,50,100,100,413364,1 2 14 12 11 0 10 8 9 7 5 3 4 6 13 
305,2.05888e-06,2.41917e-06,1.93954e-06,50,100,100,413364,1 2 14 12 11 0 10 8 9 7 5 3 4 6 13 
306,2.06253e-06,2.41917e-06,1.90776e-06,50,100,100,413364,1 2 14 12 11 0 10 8 9 7 5 3 4 6 13 
307,2.0666e-06,2.41917e-06,1.92835e-06,50,100,100,413364,1 2 14 12 11 0 10 8 9 7 5 3 4 6 13 
308,2.06744e-06,2.41917e-06,1.91905e-06,50,100,100,413364,1 2 14 12 11 0 10 8 9 7 5 3 4 6 13 
309,2.05698e-06,2.41917e-06,1.93218e-06,50,100,100,413364,1 2 14 12 11 0 10 8 9 7 5 3 4 6 13 
310,2.04941e-06,2.41917e-06,1.90889e-06,50,100,100,413364,1 2 14 12 11 0 10 8 9 7 5 3 4 6 13 
311,2.06697e-06,2.41917e-06,1.93685e-06,50,100,100,413364,1 2 14 12 11 0 10 8 9 7 5 3 4 6 13 
312,2.06097e-06,2.41917e-06,1.91275e-06,50,100,100,413364,1 2 14 12 11 0 10 8 9 7 5 3 4 6 13 
313,2.05913e-06,2.41917e-06,1.8787e-06,50,100,100,413364,1 2 14 12 11 0 10 8 9 7 5 3 4 6 13 
314,2.06094e-06,2.41917e-06,1.87664e-06,50,100,100,413364,1 2 14 12 11 0 10 8 9 7 5 3 4 6 13 
315,2.07046e-06,2.41917e-06,1.91011e-06,50,100,100,413364,1 2 14 12 11 0 10 8 9 7 5 3 4 6 13 
316,2.06441e-06,2.41917e-06,1.9195e-06,50,100,100,413364,1 2 14 12 11 0 10 8 9 7 5 3 4 6 13 
317,2.07616e-06,2.41917e-06,1.91637e-06,50,100,100,413364,1 2 14 12 11 0 10 8 9 7 5 3 4 6 13 
318,2.0593e-06,2.41917e-06,1.91884e-06,50,100,100,413364,1 2 14 12 11 0 10 8 9 7 5 3 4 6 13 
319,2.0565e-06,2.41917e-06,1.87163e-06,50,100,100,413364,1 2 14 12 11 0 10 8 9 7 5 3 4 6 13 
320,2.06229e-06,2.41917e-06,1.88156e-06,50,100,100,413364,1 2 14 12 11 0 10 8 9 7 5 3 4 6 13 
321,2.06459e-06,2.41917e-06,1.85133e-06,50,100,100,413364,1 2 14 12 11 0 10 8 9 7 5 3 4 6 13 
322,2.06287e-06,2.41917e-06,1.87269e-06,50,100,100,413364,1 2 14 12 11 0 10 8 9 7 5 3 4 6 13 
323,2.05329e-06,2.41917e-06,1.89671e-06,50,100,100,413364,1 2 14 12 11 0 10 8 9 7 5 3 4 6 13 
324,2.05249e-06,2.41917e-06,1.89394e-06,50,100,100,413364,1 2 14 12 11 0 10 8 9 7 5 3 4 6 13 
325,2.06048e-06,2.41917e-06,1.90183e-06,50,100,100,413364,1 2 14 12 11 0 10 8 9 7 5 3 4 6 13 
326,2.05463e-06,2.41917e-06,1.88856e-06,50,100,100,413364,1 2 14 12 11 0 10 8 9 7 5 3 4 6 13 
327,2.06626e-06,2.41917e-06,1.91313e-06,50,100,100,413364,1 2 14 12 11 0 10 8 9 7 5 3 4 6 13 
328,2.07425e-06,2.41917e-06,1.94629e-06,50,100,100,413364,1 2 14 12 11 0 10 8 9 7 5 3 4 6 13 
329,2.06848e-06,2.41917e-06,1.92378e-06,50,100,100,413364,1 2 14 12 11 0 10 8 9 7 5 3 4 6 13 
330,2.07215e-06,2.41917e-06,1.92475e-06,50,100,100,413364,1 2 14 12 11 0 10 8 9 7 5 3 4 6 13 
331,2.06513e-06,2.41917e-06,1.93077e-06,50,100,100,413364,1 2 14 12 11 0 10 8 9 7 5 3 4 6 13 
332,2.05394e-06,2.41917e-06,1.88479e-06,50,100,100,413364,1 2 14 12 11 0 10 8 9 7 5 3 4 6 13 
333,2.04734e-06,2.41917e-06,1.89016e-06,50,100,100,413364,1 2 14 12 11 0 10 8 9 7 5 3 4 6 13 
334,2.07955e-06,2.41917e-06,1.94712e-06,50,100,100,413364,1 2 14 12 11 0 10 8 9 7 5 3 4 6 13 
335,2.05025e-06,2.41917e-06,1.89506e-06,50,100,100,413364,1 2 14 12 11 0 10 8 9 7 5 3 4 6 13 
336,2.04073e-06,2.41917e-06,1.88936e-06,50,100,100,413364,1 2 14 12 11 0 10 8 9 7 5 3 4 6 13 
337,2.05404e-06,2.41917e-06,1.90897e-06,50,100,100,413364,1 2 14 12 11 0 10 8 9 7 5 3 4 6 13 
338,2.06429e-06,2.41917e-06,1.91296e-06,50,100,100,413364,1 2 14 12 11 0 10 8 9 7 5 3 4 6 13 
339,2.05709e-06,2.41917e-06,1.89035e-06,50,100,100,413364,1 2 14 12 11 0 10 8 9 7 5 3 4 6 13 
340,2.0523e-06,2.41917e-06,1.87243e-06,50,100,100,413364,1 2 14 12 11 0 10 8 9 7 5 3 4 6 13 
341,2.05571e-06,2.41917e-06,1.9162e-06,50,100,100,413364,1 2 14 12 11 0 10 8 9 7 5 3 4 6 13 
342,2.06275e-06,2.41917e-06,1.91133e-06,50,100,100,413364,1 2 14 12 11 0 10 8 9 7 5 3 4 6 13 
343,2.07151e-06,2.41917e-06,1.91624e-06,50,100,100,413364,1 2 14 12 11 0 10 8 9 7 5 3 4 6 13 
344,2.06779e-06,2.41917e-06,1.90781e-06,50,100,100,413364,1 2 14 12 11 0 10 8 9 7 5 3 4 6 13 
345,2.05823e-06,2.41917e-06,1.92126e-06,50,100,100,413364,1 2 14 12 11 0 10 8 9 7 5 3 4 6 13 
346,2.05151e-06,2.41917e-06,1.9159e-06,50,100,100,413364,1 2 14 12 11 0 10 8 9 7 5 3 4 6 13 
347,2.0525e-06,2.41917e-06,1.88936e-06,50,100,100,413364,1 2 14 12 11 0 10 8 9 7 5 3 4 6 13 
348,2.04878e-06,2.41917e-06,1.90663e-06,50,100,100,413364,1 2 14 12 11 0 10 8 9 7 5 3 4 6 13 
349,2.05699e-06,2.41917e-06,1.91807e-06,50,100,100,413364,1 2 14 12 11 0 10 8 9 7 5 3 4 6 13 
350,2.06066e-06,2.41917e-06,1.92101e-06,50,100,100,413364,1 2 14 12 11 0 10 8 9 7 5 3 4 6 13 
351,2.05741e-06,2.41917e-06,1.89681e-06,50,100,100,413364,1 2 14 12 11 0 10 8 9 7 5 3 4 6 13 
352,2.05825e-06,2.41917e-06,1.91054e-06,50,100,100,413364,1 2 14 12 11 0 10 8 9 7 5 3 4 6 13 
353,2.06757e-06,2.41917e-06,1.90605e-06,50,100,100,413364,1 2 14 12 11 0 10 8 9 7 5 3 4 6 13 
354,2.05614e-06,2.41917e-06,1.87888e-06,50,100,100,413364,1 2 14 12 11 0 10 8 9 7 5 3 4 6 13 
355,2.06589e-06,2.41917e-06,1.88302e-06,50,100,100,413364,1 2 14 12 11 0 10 8 9 7 5 3 4 6 13 
356,2.05505e-06,2.41917e-06,1.91516e-06,50,100,100,413364,1 2 14 12 11 0 10 8 9 7 5 3 4 6 13 
357,2.06002e-06,2.41917e-06,1.90141e-06,50,100,100,413364,1 2 14 12 11 0 10 8 9 7 5 3 4 6 13 
358,2.04868e-06,2.41917e-06,1.91144e-06,50,100,100,413364,1 2 14 12 11 0 10 8 9 7 5 3 4 6 13 
359,2.04318e-06,2.41917e-06,1.87816e-06,50,100,100,413364,1 2 14 12 11 0 10 8 9 7 5 3 4 6 13 
360,2.04939e-06,2.41917e-06,1.9221e-06,50,100,100,413364,1 2 14 12 11 0 10 8 9 7 5 3 4 6 13 
361,2.04973e-06,2.41917e-06,1.87715e-06,50,100,100,413364,1 2 14 12 11 0 10 8 9 7 5 3 4 6 13 
362,2.0472e-06,2.41917e-06,1.92139e-06,50,100,100,413364,1 2 14 12 11 0 10 8 9 7 5 3 4 6 13 
363,2.0471e-06,2.41917e-06,1.91168e-06,50,100,100,413364,1 2 14 12 11 0 10 8 9 7 5 3 4 6 13 
364,2.04716e-06,2.41917e-06,1.88682e-06,50,100,100,413364,1 2 14 12 11 0 10 8 9 7 5 3 4 6 13 
365,2.0512e-06,2.41917e-06,1.86735e-06,50,100,100,413364,1 2 14 12 11 0 10 8 9 7 5 3 4 6 13 
366,2.06311e-06,2.41917e-06,1.90661e-06,50,100,100,413364,1 2 14 12 11 0 10 8 9 7 5 3 4 6 13 
367,2.06067e-06,2.41917e-06,1.93467e-06,50,100,100,413364,1 2 14 12 11 0 10 8 9 7 5 3 4 6 13 
368,2.05566e-06,2.41917e-06,1.92206e-06,50,100,100,413364,1 2 14 12 11 0 10 8 9 7 5 3 4 6 13 
369,2.0515e-06,2.41917e-06,1.9344e-06,50,100,100,413364,1 2 14 12 11 0 10 8 9 7 5 3 4 6 13 
370,2.05925e-06,2.41917e-06,1.93755e-06,50,100,100,413364,1 2 14 12 11 0 10 8 9 7 5 3 4 6 13 
371,2.05265e-06,2.41917e-06,1.89305e-06,50,100,100,413364,1 2 14 12 11 0 10 8 9 7 5 3 4 6 13 
372,2.0638e-06,2.41917e-06,1.9019e-06,50,100,100,413364,1 2 14 12 11 0 10 8 9 7 5 3 4 6 13 
373,2.06101e-06,2.41917e-06,1.9003e-06,50,100,100,413364,1 2 14 12 11 0 10 8 9 7 5 3 4 6 13 
374,2.04508e-06,2.41917e-06,1.89101e-06,50,100,100,413364,1 2 14 12 11 0 10 8 9 7 5 3 4 6 13 
375,2.05114e-06,2.41917e-06,1.93548e-06,50,100,100,413364,1 2 14 12 11 0 10 8 9 7 5 3 4 6 13 
376,2.05134e-06,2.41917e-06,1.90015e-06,50,100,100,413364,1 2 14 12 11 0 10 8 9 7 5 3 4 6 13 
377,2.05371e-06,2.41917e-06,1.90088e-06,50,100,100,413364,1 2 14 12 11 0 10 8 9 7 5 3 4 6 13 
378,2.0419e-06,2.41917e-06,1.88751e-06,50,100,100,413364,1 2 14 12 11 0 10 8 9 7 5 3 4 6 13 
379,2.05083e-06,2.41917e-06,1.90501e-06,50,100,100,413364,1 2 14 12 11 0 10 8 9 7 5 3 4 6 13 
380,2.04043e-06,2.41917e-06,1.87798e-06,50,100,100,413364,1 2 14 12 11 0 10 8 9 7 5 3 4 6 13 
381,2.04062e-06,2.41917e-06,1.87728e-06,50,100,100,413364,1 2 14 12 11 0 10 8 9 7 5 3 4 6 13 
382,2.04745e-06,2.41917e-06,1.9189e-06,50,100,100,413364,1 2 14 12 11 0 10 8 9 7 5 3 4 6 13 
383,2.0504e-06,2.41917e-06,1.93208e-06,50,100,100,413364,1 2 14 12 11 0 10 8 9 7 5 3 4 6 13 
384,2.05308e-06,2.41917e-06,1.86443e-06,50,100,100,413364,1 2 14 12 11 0 10 8 9 7 5 3 4 6 13 
385,2.0609e-06,2.41917e-06,1.93036e-06,50,100,100,413364,1 2 14 12 11 0 10 8 9 7 5 3 4 6 13 
386,2.06007e-06,2.41917e-06,1.91565e-06,50,100,100,413364,1 2 14 12 11 0 10 8 9 7 5 3 4 6 13 
387,2.06634e-06,2.41917e-06,1.88653e-06,50,100,100,413364,1 2 14 12 11 0 10 8 9 7 5 3 4 6 13 
388,2.05333e-06,2.41917e-06,1.924e-06,50,100,100,413364,1 2 14 12 11 0 10 8 9 7 5 3 4 6 13 
389,2.05943e-06,2.41917e-06,1.90059e-06,50,100,100,413364,1 2 14 12 11 0 10 8 9 7 5 3 4 6 13 
390,2.06402e-06,2.41917e-06,1.9162e-06,50,100,100,413364,1 2 14 12 11 0 10 8 9 7 5 3 4 6 13 
391,2.06687e-06,2.41917e-06,1.89728e-06,50,100,100,413364,1 2 14 12 11 0 10 8 9 7 5 3 4 6 13 
392,2.07053e-06,2.41917e-06,1.89392e-06,50,100,100,413364,1 2 14 12 11 0 10 8 9 7 5 3 4 6 13 
393,2.0516e-06,2.41917e-06,1.89687e-06,50,100,100,413364,1 2 14 12 11 0 10 8 9 7 5 3 4 6 13 
394,2.06379e-06,2.41917e-06,1.92693e-06,50,100,100,413364,1 2 14 12 11 0 10 8 9 7 5 3 4 6 13 
395,2.04779e-06,2.41917e-06,1.88184e-06,50,100,100,413364,1 2 14 12 11 0 10 8 9 7 5 3 4 6 13 
396,2.05713e-06,2.41917e-06,1.90384e-06,50,100,100,413364,1 2 14 12 11 0 10 8 9 7 5 3 4 6 13 
397,2.04554e-06,2.41917e-06,1.89662e-06,50,100,100,413364,1 2 14 12 11 0 10 8 9 7 5 3 4 6 13 
398,2.05222e-06,2.41917e-06,1.90389e-06,50,100,100,413364,1 2 14 12 11 0 10 8 9 7 5 3 4 6 13 
399,2.05765e-06,2.41917e-06,1.91355e-06,50,100,100,413364,1 2 14 12 11 0 10 8 9 7 5 3 4 6 13 
400,2.05045e-06,2.41917e-06,1.89378e-06,50,100,100,413364,1 2 14 12 11 0 10 8 9 7 5 3 4 6 13 
401,2.04909e-06,2.41917e-06,1.89457e-06,50,100,100,413364,1 2 14 12 11 0 10 8 9 7 5 3 4 6 13 
402,2.05654e-06,2.41917e-06,1.87094e-06,50,100,100,413364,1 2 14 12 11 0 10 8 9 7 5 3 4 6 13 
403,2.06175e-06,2.41917e-06,1.90616e-06,50,100,100,413364,1 2 14 12 11 0 10 8 9 7 5 3 4 6 13 
404,2.05985e-06,2.41917e-06,1.91741e-06,50,100,100,413364,1 2 14 12 11 0 10 8 9 7 5 3 4 6 13 
405,2.05005e-06,2.41917e-06,1.90737e-06,50,100,100,413364,1 2 14 12 11 0 10 8 9 7 5 3 4 6 13 
406,2.06485e-06,2.41917e-06,1.91926e-06,50,100,100,413364,1 2 14 12 11 0 10 8 9 7 5 3 4 6 13 
407,2.05864e-06,2.41917e-06,1.91348e-06,50,100,100,413364,1 2 14 12 11 0 10 8 9 7 5 3 4 6 13 
408,2.0542e-06,2.41917e-06,1.8762e-06,50,100,100,413364,1 2 14 12 11 0 10 8 9 7 5 3 4 6 13 
409,2.06025e-06,2.41917e-06,1.90106e-06,50,100,100,413364,1 2 14 12 11 0 10 8 9 7 5 3 4 6 13 
410,2.05819e-06,2.41917e-06,1.89333e-06,50,100,100,413364,1 2 14 12 11 0 10 8 9 7 5 3 4 6 13 
411,2.05094e-06,2.48855e-06,1.89233e-06,50,100,100,401840,1 2 4 12 11 0 10 8 9 14 5 3 7 6 13 
412,2.06014e-06,2.48855e-06,1.93521e-06,50,100,100,401840,1 2 4 12 11 0 10 8 9 14 5 3 7 6 13 
413,2.06158e-06,2.48855e-06,1.93138e-06,50,100,100,401840,1 2 4 12 11 0 10 8 9 14 5 3 7 6 13 
414,2.06636e-06,2.48855e-06,1.91302e-06,50,100,100,401840,1 2 4 12 11 0 10 8 9 14 5 3 7 6 13 
415,2.05035e-06,2.48855e-06,1.90749e-06,50,100,100,401840,1 2 4 12 11 0 10 8 9 14 5 3 7 6 13 
416,2.0509e-06,2.48855e-06,1.92278e-06,50,100,100,401840,1 2 4 12 11 0 10 8 9 14 5 3 7 6 13 
417,2.05735e-06,2.48855e-06,1.90482e-06,50,100,100,401840,1 2 4 12 11 0 10 8 9 14 5 3 7 6 13 
418,2.06982e-06,2.48855e-06,1.94374e-06,50,100,100,401840,1 2 4 12 11 0 10 8 9 14 5 3 7 6 13 
419,2.05911e-06,2.48855e-06,1.93933e-06,50,100,100,401840,1 2 4 12 11 0 10 8 9 14 5 3 7 6 13 
420,2.05691e-06,2.48855e-06,1.90752e-06,50,100,100,401840,1 2 4 12 11 0 10 8 9 14 5 3 7 6 13 
421,2.04476e-06,2.48855e-06,1.92426e-06,50,100,100,401840,1 2 4 12 11 0 10 8 9 14 5 3 7 6 13 
422,2.05146e-06,2.48855e-06,1.90327e-06,50,100,100,401840,1 2 4 12 11 0 10 8 9 14 5 3 7 6 13 
423,2.06096e-06,2.48855e-06,1.906e-06,50,100,100,401840,1 2 4 12 11 0 10 8 9 14 5 3 7 6 13 
424,2.06374e-06,2.48855e-06,1.91473e-06,50,100,100,401840,1 2 4 12 11 0 10 8 9 14 5 3 7 6 13 
425,2.06106e-06,2.48855e-06,1.92882e-06,50,100,100,401840,1 2 4 12 11 0 10 8 9 14 5 3 7 6 13 
426,2.05725e-06,2.48855e-06,1.91751e-06,50,100,100,401840,1 2 4 12 11 0 10 8 9 14 5 3 7 6 13 
427,2.07552e-06,2.48855e-06,1.94177e-06,50,100,100,401840,1 2 4 12 11 0 10 8 9 14 5 3 7 6 13 
428,2.07523e-06,2.48855e-06,1.90259e-06,50,100,100,401840,1 2 4 12 11 0 10 8 9 14 5 3 7 6 13 
429,2.07287e-06,2.48855e-06,1.92192e-06,50,100,100,401840,1 2 4 12 11 0 10 8 9 14 5 3 7 6 13 
430,2.06887e-06,2.48855e-06,1.9216e-06,50,100,100,401840,1 2 4 12 11 0 10 8 9 14 5 3 7 6 13 
431,2.06263e-06,2.48855e-06,1.93944e-06,50,100,100,401840,1 2 4 12 11 0 10 8 9 14 5 3 7 6 13 
432,2.0485e-06,2.48855e-06,1.90668e-06,50,100,100,401840,1 2 4 12 11 0 10 8 9 14 5 3 7 6 13 
433,2.05764e-06,2.48855e-06,1.90465e-06,50,100,100,401840,1 2 4 12 11 0 10 8 9 14 5 3 7 6 13 
434,2.06126e-06,2.48855e-06,1.92549e-06,50,100,100,401840,1 2 4 12 11 0 10 8 9 14 5 3 7 6 13 
435,2.07683e-06,2.48855e-06,1.91126e-06,50,100,100,401840,1 2 4 12 11 0 10 8 9 14 5 3 7 6 13 
436,2.0655e-06,2.48855e-06,1.91298e-06,50,100,100,401840,1 2 4 12 11 0 10 8 9 14 5 3 7 6 13 
437,2.06346e-06,2.48855e-06,1.90804e-06,50,100,100,401840,1 2 4 12 11 0 10 8 9 14 5 3 7 6 13 
438,2.05757e-06,2.48855e-06,1.92611e-06,50,100,100,401840,1 2 4 12 11 0 10 8 9 14 5 3 7 6 13 
439,2.06447e-06,2.48855e-06,1.90259e-06,50,100,100,401840,1 2 4 12 11 0 10 8 9 14 5 3 7 6 13 
440,2.05975e-06,2.48855e-06,1.93654e-06,50,100,100,401840,1 2 4 12 11 0 10 8 9 14 5 3 7 6 13 
441,2.0574e-06,2.48855e-06,1.91988e-06,50,100,100,401840,1 2 4 12 11 0 10 8 9 14 5 3 7 6 13 
442,2.06814e-06,2.48855e-06,1.91896e-06,50,100,100,401840,1 2 4 12 11 0 10 8 9 14 5 3 7 6 13 
443,2.08071e-06,2.48855e-06,1.90828e-06,50,100,100,401840,1 2 4 12 11 0 10 8 9 14 5 3 7 6 13 
444,2.06768e-06,2.48855e-06,1.91291e-06,50,100,100,401840,1 2 4 12 11 0 10 8 9 14 5 3 7 6 13 
445,2.06339e-06,2.48855e-06,1.89692e-06,50,100,100,401840,1 2 4 12 11 0 10 8 9 14 5 3 7 6 13 
446,2.07014e-06,2.48855e-06,1.92917e-06,50,100,100,401840,1 2 4 12 11 0 10 8 9 14 5 3 7 6 13 
447,2.07286e-06,2.48855e-06,1.90513e-06,50,100,100,401840,1 2 4 12 11 0 10 8 9 14 5 3 7 6 13 
448,2.0548e-06,2.48855e-06,1.90666e-06,50,100,100,401840,1 2 4 12 11 0 10 8 9 14 5 3 7 6 13 
449,2.06223e-06,2.48855e-06,1.89881e-06,50,100,100,401840,1 2 4 12 11 0 10 8 9 14 5 3 7 6 13 
450,2.06186e-06,2.48855e-06,1.91504e-06,50,100,100,401840,1 2 4 12 11 0 10 8 9 14 5 3 7 6 13 
451,2.06683e-06,2.48855e-06,1.95057e-06,50,100,100,401840,1 2 4 12 11 0 10 8 9 14 5 3 7 6 13 
452,2.06614e-06,2.48855e-06,1.93072e-06,50,100,100,401840,1 2 4 12 11 0 10 8 9 14 5 3 7 6 13 
453,2.0609e-06,2.48855e-06,1.91827e-06,50,100,100,401840,1 2 4 12 11 0 10 8 9 14 5 3 7 6 13 
454,2.07429e-06,2.48855e-06,1.923e-06,50,100,100,401840,1 2 4 12 11 0 10 8 9 14 5 3 7 6 13 
455,2.0697e-06,2.48855e-06,1.88764e-06,50,100,100,401840,1 2 4 12 11 0 10 8 9 14 5 3 7 6 13 
456,2.07338e-06,2.48855e-06,1.89883e-06,50,100,100,401840,1 2 4 12 11 0 10 8 9 14 5 3 7 6 13 
457,2.0741e-06,2.48855e-06,1.91729e-06,50,100,100,401840,1 2 4 12 11 0 10 8 9 14 5 3 7 6 13 
458,2.06301e-06,2.48855e-06,1.90208e-06,50,100,100,401840,1 2 4 12 11 0 10 8 9 14 5 3 7 6 13 
459,2.07156e-06,2.48855e-06,1.91403e-06,50,100,100,401840,1 2 4 12 11 0 10 8 9 14 5 3 7 6 13 
460,2.07569e-06,2.48855e-06,1.94414e-06,50,100,100,401840,1 2 4 12 11 0 10 8 9 14 5 3 7 6 13 
461,2.06421e-06,2.48855e-06,1.91225e-06,50,100,100,401840,1 2 4 12 11 0 10 8 9 14 5 3 7 6 13 
462,2.06855e-06,2.48855e-06,1.91331e-06,50,100,100,401840,1 2 4 12 11 0 10 8 9 14 5 3 7 6 13 
463,2.06964e-06,2.48855e-06,1.88091e-06,50,100,100,401840,1 2 4 12 11 0 10 8 9 14 5 3 7 6 13 
464,2.06726e-06,2.48855e-06,1.91585e-06,50,100,100,401840,1 2 4 12 11 0 10 8 9 14 5 3 7 6 13 
465,2.0743e-06,2.48855e-06,1.92956e-06,50,100,100,401840,1 2 4 12 11 0 10 8 9 14 5 3 7 6 13 
466,2.08403e-06,2.48855e-06,1.90115e-06,50,100,100,401840,1 2 4 12 11 0 10 8 9 14 5 3 7 6 13 
467,2.08549e-06,2.48855e-06,1.94545e-06,50,100,100,401840,1 2 4 12 11 0 10 8 9 14 5 3 7 6 13 
468,2.07653e-06,2.48855e-06,1.92689e-06,50,100,100,401840,1 2 4 12 11 0 10 8 9 14 5 3 7 6 13 
469,2.07216e-06,2.48855e-06,1.92809e-06,50,100,100,401840,1 2 4 12 11 0 10 8 9 14 5 3 7 6 13 
470,2.07101e-06,2.48855e-06,1.91181e-06,50,100,100,401840,1 2 4 12 11 0 10 8 9 14 5 3 7 6 13 
471,2.07966e-06,2.48855e-06,1.94673e-06,50,100,100,401840,1 2 4 12 11 0 10 8 9 14 5 3 7 6 13 
472,2.08072e-06,2.48855e-06,1.9265e-06,50,100,100,401840,1 2 4 12 11 0 10 8 9 14 5 3 7 6 13 
473,2.07436e-06,2.48855e-06,1.88748e-06,50,100,100,401840,1 2 4 12 11 0 10 8 9 14 5 3 7 6 13 
474,2.07204e-06,2.48855e-06,1.91619e-06,50,100,100,401840,1 2 4 12 11 0 10 8 9 14 5 3 7 6 13 
475,2.06569e-06,2.48855e-06,1.88929e-06,50,100,100,401840,1 2 4 12 11 0 10 8 9 14 5 3 7 6 13 
476,2.06e-06,2.48855e-06,1.92131e-06,50,100,100,401840,1 2 4 12 11 0 10 8 9 14 5 3 7 6 13 
477,2.06063e-06,2.48855e-06,1.8947e-06,50,100,100,401840,1 2 4 12 11 0 10 8 9 14 5 3 7 6 13 
478,2.06669e-06,2.48855e-06,1.90657e-06,50,100,100,401840,1 2 4 12 11 0 10 8 9 14 5 3 7 6 13 
479,2.05041e-06,2.48855e-06,1.90361e-06,50,100,100,401840,1 2 4 12 11 0 10 8 9 14 5 3 7 6 13 
480,2.05754e-06,2.48855e-06,1.92487e-06,50,100,100,401840,1 2 4 12 11 0 10 8 9 14 5 3 7 6 13 
481,2.06329e-06,2.48855e-06,1.92063e-06,50,100,100,401840,1 2 4 12 11 0 10 8 9 14 5 3 7 6 13 
482,2.07452e-06,2.48855e-06,1.92244e-06,50,100,100,401840,1 2 4 12 11 0 10 8 9 14 5 3 7 6 13 
483,2.06699e-06,2.48855e-06,1.91184e-06,50,100,100,401840,1 2 4 12 11 0 10 8 9 14 5 3 7 6 13 
484,2.06156e-06,2.48855e-06,1.93629e-06,50,100,100,401840,1 2 4 12 11 0 10 8 9 14 5 3 7 6 13 
485,2.06984e-06,2.48855e-06,1.94848e-06,50,100,100,401840,1 2 4 12 11 0 10 8 9 14 5 3 7 6 13 
486,2.05649e-06,2.48855e-06,1.91612e-06,50,100,100,401840,1 2 4 12 11 0 10 8 9 14 5 3 7 6 13 
487,2.05822e-06,2.48855e-06,1.92222e-06,50,100,100,401840,1 2 4 12 11 0 10 8 9 14 5 3 7 6 13 
488,2.0575e-06,2.48855e-06,1.90174e-06,50,100,100,401840,1 2 4 12 11 0 10 8 9 14 5 3 7 6 13 
489,2.06382e-06,2.48855e-06,1.92636e-06,50,100,100,401840,1 2 4 12 11 0 10 8 9 14 5 3 7 6 13 
490,2.04138e-06,2.48855e-06,1.89659e-06,50,100,100,401840,1 2 4 12 11 0 10 8 9 14 5 3 7 6 13 
491,2.06844e-06,2.48855e-06,1.92443e-06,50,100,100,401840,1 2 4 12 11 0 10 8 9 14 5 3 7 6 13 
492,2.05715e-06,2.48855e-06,1.88173e-06,50,100,100,401840,1 2 4 12 11 0 10 8 9 14 5 3 7 6 13 
493,2.06604e-06,2.48855e-06,1.91225e-06,50,100,100,401840,1 2 4 12 11 0 10 8 9 14 5 3 7 6 13 
494,2.06084e-06,2.48855e-06,1.92755e-06,50,100,100,401840,1 2 4 12 11 0 10 8 9 14 5 3 7 6 13 
495,2.06703e-06,2.48855e-06,1.93558e-06,50,100,100,401840,1 2 4 12 11 0 10 8 9 14 5 3 7 6 13 
496,2.06344e-06,2.48855e-06,1.90482e-06,50,100,100,401840,1 2 4 12 11 0 10 8 9 14 5 3 7 6 13 
497,2.07645e-06,2.48855e-06,1.91849e-06,50,100,100,401840,1 2 4 12 11 0 10 8 9 14 5 3 7 6 13 
498,2.05981e-06,2.48855e-06,1.91547e-06,50,100,100,401840,1 2 4 12 11 0 10 8 9 14 5 3 7 6 13 
499,2.07024e-06,2.48855e-06,1.93152e-06,50,100,100,401840,1 2 4 12 11 0 10 8 9 14 5 3 7 6 13 
500,2.0653e-06,2.48855e-06,1.90068e-06,50,100,100,401840,1 2 4 12 11 0 10 8 9 14 5 3 7 6 13 
501,2.0559e-06,2.48855e-06,1.88724e-06,50,100,100,401840,1 2 4 12 11 0 10 8 9 14 5 3 7 6 13 
502,2.06978e-06,2.48855e-06,1.94208e-06,50,100,100,401840,1 2 4 12 11 0 10 8 9 14 5 3 7 6 13 
503,2.06424e-06,2.48855e-06,1.90853e-06,50,100,100,401840,1 2 4 12 11 0 10 8 9 14 5 3 7 6 13 
504,2.06203e-06,2.48855e-06,1.89757e-06,50,100,100,401840,1 2 4 12 11 0 10 8 9 14 5 3 7 6 13 
505,2.06489e-06,2.48855e-06,1.93068e-06,50,100,100,401840,1 2 4 12 11 0 10 8 9 14 5 3 7 6 13 
506,2.05404e-06,2.48855e-06,1.9186e-06,50,100,100,401840,1 2 4 12 11 0 10 8 9 14 5 3 7 6 13 
507,2.05312e-06,2.48855e-06,1.87484e-06,50,100,100,401840,1 2 4 12 11 0 10 8 9 14 5 3 7 6 13 
508,2.06893e-06,2.48855e-06,1.90219e-06,50,100,100,401840,1 2 4 12 11 0 10 8 9 14 5 3 7 6 13 
509,2.06105e-06,2.48855e-06,1.88173e-06,50,100,100,401840,1 2 4 12 11 0 10 8 9 14 5 3 7 6 13 
510,2.05625e-06,2.48855e-06,1.89256e-06,50,100,100,401840,1 2 4 12 11 0 10 8 9 14 5 3 7 6 13 
511,2.06721e-06,2.48855e-06,1.91582e-06,50,100,100,401840,1 2 4 12 11 0 10 8 9 14 5 3 7 6 13 
512,2.08045e-06,2.48855e-06,1.92905e-06,50,100,100,401840,1 2 4 12 11 0 10 8 9 14 5 3 7 6 13 
513,2.05772e-06,2.48855e-06,1.88514e-06,50,100,100,401840,1 2 4 12 11 0 10 8 9 14 5 3 7 6 13 
514,2.06366e-06,2.48855e-06,1.91347e-06,50,100,100,401840,1 2 4 12 11 0 10 8 9 14 5 3 7 6 13 
515,2.06362e-06,2.48855e-06,1.92708e-06,50,100,100,401840,1 2 4 12 11 0 10 8 9 14 5 3 7 6 13 
516,2.05973e-06,2.48855e-06,1.93337e-06,50,100,100,401840,1 2 4 12 11 0 10 8 9 14 5 3 7 6 13 
517,2.05168e-06,2.48855e-06,1.90135e-06,50,100,100,401840,1 2 4 12 11 0 10 8 9 14 5 3 7 6 13 
518,2.05818e-06,2.48855e-06,1.91346e-06,50,100,100,401840,1 2 4 12 11 0 10 8 9 14 5 3 7 6 13 
519,2.06593e-06,2.48855e-06,1.92916e-06,50,100,100,401840,1 2 4 12 11 0 10 8 9 14 5 3 7 6 13 
520,2.06526e-06,2.48855e-06,1.89397e-06,50,100,100,401840,1 2 4 12 11 0 10 8 9 14 5 3 7 6 13 
521,2.06054e-06,2.48855e-06,1.92052e-06,50,100,100,401840,1 2 4 12 11 0 10 8 9 14 5 3 7 6 13 
522,2.06369e-06,2.48855e-06,1.93715e-06,50,100,100,401840,1 2 4 12 11 0 10 8 9 14 5 3 7 6 13 
523,2.06054e-06,2.48855e-06,1.87564e-06,50,100,100,401840,1 2 4 12 11 0 10 8 9 14 5 3 7 6 13 
524,2.05965e-06,2.48855e-06,1.93334e-06,50,100,100,401840,1 2 4 12 11 0 10 8 9 14 5 3 7 6 13 
525,2.04757e-06,2.48855e-06,1.88687e-06,50,100,100,401840,1 2 4 12 11 0 10 8 9 14 5 3 7 6 13 
526,2.06277e-06,2.48855e-06,1.91711e-06,50,100,100,401840,1 2 4 12 11 0 10 8 9 14 5 3 7 6 13 
527,2.04544e-06,2.48855e-06,1.92061e-06,50,100,100,401840,1 2 4 12 11 0 10 8 9 14 5 3 7 6 13 
528,2.06745e-06,2.48855e-06,1.88779e-06,50,100,100,401840,1 2 4 12 11 0 10 8 9 14 5 3 7 6 13 
529,2.06978e-06,2.48855e-06,1.88809e-06,50,100,100,401840,1 2 4 12 11 0 10 8 9 14 5 3 7 6 13 
530,2.07514e-06,2.48855e-06,1.91404e-06,50,100,100,401840,1 2 4 12 11 0 10 8 9 14 5 3 7 6 13 
531,2.06351e-06,2.48855e-06,1.90904e-06,50,100,100,401840,1 2 4 12 11 0 10 8 9 14 5 3 7 6 13 
532,2.06275e-06,2.48855e-06,1.88898e-06,50,100,100,401840,1 2 4 12 11 0 10 8 9 14 5 3 7 6 13 
533,2.06662e-06,2.48855e-06,1.89005e-06,50,100,100,401840,1 2 4 12 11 0 10 8 9 14 5 3 7 6 13 
534,2.06288e-06,2.48855e-06,1.91912e-06,50,100,100,401840,1 2 4 12 11 0 10 8 9 14 5 3 7 6 13 
535,2.07296e-06,2.48855e-06,1.90169e-06,50,100,100,401840,1 2 4 12 11 0 10 8 9 14 5 3 7 6 13 
536,2.05668e-06,2.48855e-06,1.91795e-06,50,100,100,401840,1 2 4 12 11 0 10 8 9 14 5 3 7 6 13 
537,2.05464e-06,2.48855e-06,1.91072e-06,50,100,100,401840,1 2 4 12 11 0 10 8 9 14 5 3 7 6 13 
538,2.05092e-06,2.48855e-06,1.90817e-06,50,100,100,401840,1 2 4 12 11 0 10 8 9 14 5 3 7 6 13 
539,2.06163e-06,2.48855e-06,1.91766e-06,50,100,100,401840,1 2 4 12 11 0 10 8 9 14 5 3 7 6 13 
540,2.05864e-06,2.48855e-06,1.90735e-06,50,100,100,401840,1 2 4 12 11 0 10 8 9 14 5 3 7 6 13 
541,2.05918e-06,2.48855e-06,1.8985e-06,50,100,100,401840,1 2 4 12 11 0 10 8 9 14 5 3 7 6 13 
542,2.07255e-06,2.48855e-06,1.90572e-06,50,100,100,401840,1 2 4 12 11 0 10 8 9 14 5 3 7 6 13 
543,2.05702e-06,2.48855e-06,1.90684e-06,50,100,100,401840,1 2 4 12 11 0 10 8 9 14 5 3 7 6 13 
544,2.06724e-06,2.48855e-06,1.92602e-06,50,100,100,401840,1 2 4 12 11 0 10 8 9 14 5 3 7 6 13 
545,2.07458e-06,2.48855e-06,1.94094e-06,50,100,100,401840,1 2 4 12 11 0 10 8 9 14 5 3 7 6 13 
546,2.07041e-06,2.48855e-06,1.90841e-06,50,100,100,401840,1 2 4 12 11 0 10 8 9 14 5 3 7 6 13 
547,2.07162e-06,2.48855e-06,1.89526e-06,50,100,100,401840,1 2 4 12 11 0 10 8 9 14 5 3 7 6 13 
548,2.07677e-06,2.48855e-06,1.93421e-06,50,100,100,401840,1 2 4 12 11 0 10 8 9 14 5 3 7 6 13 
549,2.05755e-06,2.48855e-06,1.90829e-06,50,100,100,401840,1 2 4 12 11 0 10 8 9 14 5 3 7 6 13 
550,2.05983e-06,2.48855e-06,1.90511e-06,50,100,100,401840,1 2 4 12 11 0 10 8 9 14 5 3 7 6 13 
551,2.06058e-06,2.48855e-06,1.9195e-06,50,100,100,401840,1 2 4 12 11 0 10 8 9 14 5 3 7 6 13 
552,2.07119e-06,2.48855e-06,1.9463e-06,50,100,100,401840,1 2 4 12 11 0 10 8 9 14 5 3 7 6 13 
553,2.06549e-06,2.48855e-06,1.91321e-06,50,100,100,401840,1 2 4 12 11 0 10 8 9 14 5 3 7 6 13 
554,2.06322e-06,2.48855e-06,1.89063e-06,50,100,100,401840,1 2 4 12 11 0 10 8 9 14 5 3 7 6 13 
555,2.06738e-06,2.48855e-06,1.9468e-06,50,100,100,401840,1 2 4 12 11 0 10 8 9 14 5 3 7 6 13 
556,2.0574e-06,2.48855e-06,1.91951e-06,50,100,100,401840,1 2 4 12 11 0 10 8 9 14 5 3 7 6 13 
557,2.04327e-06,2.48855e-06,1.9095e-06,50,100,100,401840,1 2 4 12 11 0 10 8 9 14 5 3 7 6 13 
558,2.04808e-06,2.48855e-06,1.9067e-06,50,100,100,401840,1 2 4 12 11 0 10 8 9 14 5 3 7 6 13 
559,2.0605e-06,2.48855e-06,1.89721e-06,50,100,100,401840,1 2 4 12 11 0 10 8 9 14 5 3 7 6 13 
560,2.05704e-06,2.48855e-06,1.90769e-06,50,100,100,401840,1 2 4 12 11 0 10 8 9 14 5 3 7 6 13 
561,2.05968e-06,2.48855e-06,1.90157e-06,50,100,100,401840,1 2 4 12 11 0 10 8 9 14 5 3 7 6 13 
562,2.06368e-06,2.48855e-06,1.92394e-06,50,100,100,401840,1 2 4 12 11 0 10 8 9 14 5 3 7 6 13 
563,2.06479e-06,2.48855e-06,1.90021e-06,50,100,100,401840,1 2 4 12 11 0 10 8 9 14 5 3 7 6 13 
564,2.06464e-06,2.48855e-06,1.91794e-06,50,100,100,401840,1 2 4 12 11 0 10 8 9 14 5 3 7 6 13 
565,2.06446e-06,2.48855e-06,1.90219e-06,50,100,100,401840,1 2 4 12 11 0 10 8 9 14 5 3 7 6 13 
566,2.04886e-06,2.48855e-06,1.89662e-06,50,100,100,401840,1 2 4 12 11 0 10 8 9 14 5 3 7 6 13 
567,2.06644e-06,2.48855e-06,1.92244e-06,50,100,100,401840,1 2 4 12 11 0 10 8 9 14 5 3 7 6 13 
568,2.06836e-06,2.48855e-06,1.91578e-06,50,100,100,401840,1 2 4 12 11 0 10 8 9 14 5 3 7 6 13 
569,2.06299e-06,2.48855e-06,1.90538e-06,50,100,100,401840,1 2 4 12 11 0 10 8 9 14 5 3 7 6 13 
570,2.05978e-06,2.48855e-06,1.93e-06,50,100,100,401840,1 2 4 12 11 0 10 8 9 14 5 3 7 6 13 
571,2.07061e-06,2.48855e-06,1.87806e-06,50,100,100,401840,1 2 4 12 11 0 10 8 9 14 5 3 7 6 13 
572,2.06865e-06,2.48855e-06,1.90062e-06,50,100,100,401840,1 2 4 12 11 0 10 8 9 14 5 3 7 6 13 
573,2.06941e-06,2.48855e-06,1.934e-06,50,100,100,401840,1 2 4 12 11 0 10 8 9 14 5 3 7 6 13 
574,2.06408e-06,2.48855e-06,1.90783e-06,50,100,100,401840,1 2 4 12 11 0 10 8 9 14 5 3 7 6 13 
575,2.07814e-06,2.48855e-06,1.95133e-06,50,100,100,401840,1 2 4 12 11 0 10 8 9 14 5 3 7 6 13 
576,2.05945e-06,2.48855e-06,1.86604e-06,50,100,100,401840,1 2 4 12 11 0 10 8 9 14 5 3 7 6 13 
577,2.05926e-06,2.48855e-06,1.88003e-06,50,100,100,401840,1 2 4 12 11 0 10 8 9 14 5 3 7 6 13 
578,2.06379e-06,2.48855e-06,1.88635e-06,50,100,100,401840,1 2 4 12 11 0 10 8 9 14 5 3 7 6 13 
579,2.05702e-06,2.48855e-06,1.89126e-06,50,100,100,401840,1 2 4 12 11 0 10 8 9 14 5 3 7 6 13 
580,2.0548e-06,2.48855e-06,1.90705e-06,50,100,100,401840,1 2 4 12 11 0 10 8 9 14 5 3 7 6 13 
581,2.05998e-06,2.48855e-06,1.89813e-06,50,100,100,401840,1 2 4 12 11 0 10 8 9 14 5 3 7 6 13 
582,2.06308e-06,2.48855e-06,1.91408e-06,50,100,100,401840,1 2 4 12 11 0 10 8 9 14 5 3 7 6 13 
583,2.06629e-06,2.48855e-06,1.92458e-06,50,100,100,401840,1 2 4 12 11 0 10 8 9 14 5 3 7 6 13 
584,2.06664e-06,2.48855e-06,1.91049e-06,50,100,100,401840,1 2 4 12 11 0 10 8 9 14 5 3 7 6 13 
585,2.07012e-06,2.48855e-06,1.91001e-06,50,100,100,401840,1 2 4 12 11 0 10 8 9 14 5 3 7 6 13 
586,2.05737e-06,2.48855e-06,1.88062e-06,50,100,100,401840,1 2 4 12 11 0 10 8 9 14 5 3 7 6 13 
587,2.06149e-06,2.48855e-06,1.9342e-06,50,100,100,401840,1 2 4 12 11 0 10 8 9 14 5 3 7 6 13 
588,2.07002e-06,2.48855e-06,1.91022e-06,50,100,100,401840,1 2 4 12 11 0 10 8 9 14 5 3 7 6 13 
589,2.06395e-06,2.48855e-06,1.92042e-06,50,100,100,401840,1 2 4 12 11 0 10 8 9 14 5 3 7 6 13 
590,2.06881e-06,2.48855e-06,1.89891e-06,50,100,100,401840,1 2 4 12 11 0 10 8 9 14 5 3 7 6 13 
591,2.06386e-06,2.48855e-06,1.91662e-06,50,100,100,401840,1 2 4 12 11 0 10 8 9 14 5 3 7 6 13 
592,2.0665e-06,2.48855e-06,1.88948e-06,50,100,100,401840,1 2 4 12 11 0 10 8 9 14 5 3 7 6 13 
593,2.07194e-06,2.48855e-06,1.90698e-06,50,100,100,401840,1 2 4 12 11 0 10 8 9 14 5 3 7 6 13 
594,2.06742e-06,2.48855e-06,1.91935e-06,50,100,100,401840,1 2 4 12 11 0 10 8 9 14 5 3 7 6 13 
595,2.0551e-06,2.48855e-06,1.91192e-06,50,100,100,401840,1 2 4 12 11 0 10 8 9 14 5 3 7 6 13 
596,2.06766e-06,2.48855e-06,1.93752e-06,50,100,100,401840,1 2 4 12 11 0 10 8 9 14 5 3 7 6 13 
597,2.0695e-06,2.48855e-06,1.90738e-06,50,100,100,401840,1 2 4 12 11 0 10 8 9 14 5 3 7 6 13 
598,2.06895e-06,2.48855e-06,1.91248e-06,50,100,100,401840,1 2 4 12 11 0 10 8 9 14 5 3 7 6 13 
599,2.06133e-06,2.48855e-06,1.92103e-06,50,100,100,401840,1 2 4 12 11 0 10 8 9 14 5 3 7 6 13 
600,2.07091e-06,2.48855e-06,1.92226e-06,50,100,100,401840,1 2 4 12 11 0 10 8 9 14 5 3 7 6 13 
601,2.06495e-06,2.48855e-06,1.90991e-06,50,100,100,401840,1 2 4 12 11 0 10 8 9 14 5 3 7 6 13 
602,2.06665e-06,2.48855e-06,1.89101e-06,50,100,100,401840,1 2 4 12 11 0 10 8 9 14 5 3 7 6 13 
603,2.06631e-06,2.48855e-06,1.91645e-06,50,100,100,401840,1 2 4 12 11 0 10 8 9 14 5 3 7 6 13 
604,2.06407e-06,2.48855e-06,1.91854e-06,50,100,100,401840,1 2 4 12 11 0 10 8 9 14 5 3 7 6 13 
605,2.06105e-06,2.48855e-06,1.9146e-06,50,100,100,401840,1 2 4 12 11 0 10 8 9 14 5 3 7 6 13 
606,2.06878e-06,2.48855e-06,1.92127e-06,50,100,100,401840,1 2 4 12 11 0 10 8 9 14 5 3 7 6 13 
607,2.06967e-06,2.48855e-06,1.90652e-06,50,100,100,401840,1 2 4 12 11 0 10 8 9 14 5 3 7 6 13 
608,2.06788e-06,2.48855e-06,1.91865e-06,50,100,100,401840,1 2 4 12 11 0 10 8 9 14 5 3 7 6 13 
609,2.05952e-06,2.48855e-06,1.92116e-06,50,100,100,401840,1 2 4 12 11 0 10 8 9 14 5 3 7 6 13 
610,2.06686e-06,2.48855e-06,1.91921e-06,50,100,100,401840,1 2 4 12 11 0 10 8 9 14 5 3 7 6 13 
611,2.06356e-06,2.48855e-06,1.89554e-06,50,100,100,401840,1 2 4 12 11 0 10 8 9 14 5 3 7 6 13 
612,2.06016e-06,2.48855e-06,1.93288e-06,50,100,100,401840,1 2 4 12 11 0 10 8 9 14 5 3 7 6 13 
613,2.062e-06,2.48855e-06,1.87422e-06,50,100,100,401840,1 2 4 12 11 0 10 8 9 14 5 3 7 6 13 
614,2.06268e-06,2.48855e-06,1.91687e-06,50,100,100,401840,1 2 4 12 11 0 10 8 9 14 5 3 7 6 13 
615,2.06957e-06,2.48855e-06,1.92093e-06,50,100,100,401840,1 2 4 12 11 0 10 8 9 14 5 3 7 6 13 
616,2.07096e-06,2.48855e-06,1.91025e-06,50,100,100,401840,1 2 4 12 11 0 10 8 9 14 5 3 7 6 13 
617,2.0695e-06,2.48855e-06,1.91635e-06,50,100,100,401840,1 2 4 12 11 0 10 8 9 14 5 3 7 6 13 
618,2.07379e-06,2.48855e-06,1.92745e-06,50,100,100,401840,1 2 4 12 11 0 10 8 9 14 5 3 7 6 13 
619,2.05777e-06,2.48855e-06,1.87546e-06,50,100,100,401840,1 2 4 12 11 0 10 8 9 14 5 3 7 6 13 
620,2.05579e-06,2.48855e-06,1.9058e-06,50,100,100,401840,1 2 4 12 11 0 10 8 9 14 5 3 7 6 13 
621,2.06327e-06,2.48855e-06,1.89477e-06,50,100,100,401840,1 2 4 12 11 0 10 8 9 14 5 3 7 6 13 
622,2.06645e-06,2.48855e-06,1.91612e-06,50,100,100,401840,1 2 4 12 11 0 10 8 9 14 5 3 7 6 13 
623,2.06178e-06,2.48855e-06,1.87956e-06,50,100,100,401840,1 2 4 12 11 0 10 8 9 14 5 3 7 6 13 
624,2.06818e-06,2.48855e-06,1.93215e-06,50,100,100,401840,1 2 4 12 11 0 10 8 9 14 5 3 7 6 13 
625,2.06619e-06,2.48855e-06,1.94408e-06,50,100,100,401840,1 2 4 12 11 0 10 8 9 14 5 3 7 6 13 
626,2.06341e-06,2.48855e-06,1.89669e-06,50,100,100,401840,1 2 4 12 11 0 10 8 9 14 5 3 7 6 13 
627,2.0609e-06,2.48855e-06,1.8797e-06,50,100,100,401840,1 2 4 12 11 0 10 8 9 14 5 3 7 6 13 
628,2.05114e-06,2.48855e-06,1.91055e-06,50,100,100,401840,1 2 4 12 11 0 10 8 9 14 5 3 7 6 13 
629,2.06161e-06,2.48855e-06,1.92914e-06,50,100,100,401840,1 2 4 12 11 0 10 8 9 14 5 3 7 6 13 
630,2.07619e-06,2.48855e-06,1.86932e-06,50,100,100,401840,1 2 4 12 11 0 10 8 9 14 5 3 7 6 13 
631,2.07309e-06,2.48855e-06,1.94732e-06,50,100,100,401840,1 2 4 12 11 0 10 8 9 14 5 3 7 6 13 
632,2.07649e-06,2.48855e-06,1.91332e-06,50,100,100,401840,1 2 4 12 11 0 10 8 9 14 5 3 7 6 13 
633,2.07679e-06,2.48855e-06,1.92106e-06,50,100,100,401840,1 2 4 12 11 0 10 8 9 14 5 3 7 6 13 
634,2.06929e-06,2.48855e-06,1.93075e-06,50,100,100,401840,1 2 4 12 11 0 10 8 9 14 5 3 7 6 13 
635,2.06224e-06,2.48855e-06,1.90346e-06,50,100,100,401840,1 2 4 12 11 0 10 8 9 14 5 3 7 6 13 
636,2.04992e-06,2.48855e-06,1.88824e-06,50,100,100,401840,1 2 4 12 11 0 10 8 9 14 5 3 7 6 13 
637,2.0603e-06,2.48855e-06,1.91909e-06,50,100,100,401840,1 2 4 12 11 0 10 8 9 14 5 3 7 6 13 
638,2.04745e-06,2.48855e-06,1.90361e-06,50,100,100,401840,1 2 4 12 11 0 10 8 9 14 5 3 7 6 13 
639,2.05851e-06,2.48855e-06,1.91855e-06,50,100,100,401840,1 2 4 12 11 0 10 8 9 14 5 3 7 6 13 
640,2.06629e-06,2.48855e-06,1.90886e-06,50,100,100,401840,1 2 4 12 11 0 10 8 9 14 5 3 7 6 13 
641,2.06075e-06,2.48855e-06,1.91604e-06,50,100,100,401840,1 2 4 12 11 0 10 8 9 14 5 3 7 6 13 
642,2.06246e-06,2.48855e-06,1.90877e-06,50,100,100,401840,1 2 4 12 11 0 10 8 9 14 5 3 7 6 13 
643,2.0677e-06,2.48855e-06,1.89389e-06,50,100,100,401840,1 2 4 12 11 0 10 8 9 14 5 3 7 6 13 
644,2.0748e-06,2.48855e-06,1.90344e-06,50,100,100,401840,1 2 4 12 11 0 10 8 9 14 5 3 7 6 13 
645,2.05742e-06,2.48855e-06,1.89343e-06,50,100,100,401840,1 2 4 12 11 0 10 8 9 14 5 3 7 6 13 
646,2.08014e-06,2.48855e-06,1.91406e-06,50,100,100,401840,1 2 4 12 11 0 10 8 9 14 5 3 7 6 13 
647,2.06251e-06,2.48855e-06,1.94067e-06,50,100,100,401840,1 2 4 12 11 0 10 8 9 14 5 3 7 6 13 
648,2.06636e-06,2.48855e-06,1.91723e-06,50,100,100,401840,1 2 4 12 11 0 10 8 9 14 5 3 7 6 13 
649,2.07072e-06,2.48855e-06,1.89888e-06,50,100,100,401840,1 2 4 12 11 0 10 8 9 14 5 3 7 6 13 
650,2.0637e-06,2.48855e-06,1.88896e-06,50,100,100,401840,1 2 4 12 11 0 10 8 9 14 5 3 7 6 13 
651,2.07811e-06,2.48855e-06,1.92395e-06,50,100,100,401840,1 2 4 12 11 0 10 8 9 14 5 3 7 6 13 
652,2.07275e-06,2.48855e-06,1.92044e-06,50,100,100,401840,1 2 4 12 11 0 10 8 9 14 5 3 7 6 13 
653,2.06192e-06,2.48855e-06,1.9082e-06,50,100,100,401840,1 2 4 12 11 0 10 8 9 14 5 3 7 6 13 
654,2.07876e-06,2.48855e-06,1.87802e-06,50,100,100,401840,1 2 4 12 11 0 10 8 9 14 5 3 7 6 13 
655,2.08672e-06,2.48855e-06,1.93485e-06,50,100,100,401840,1 2 4 12 11 0 10 8 9 14 5 3 7 6 13 
656,2.06758e-06,2.48855e-06,1.86249e-06,50,100,100,401840,1 2 4 12 11 0 10 8 9 14 5 3 7 6 13 
657,2.06511e-06,2.48855e-06,1.92412e-06,50,100,100,401840,1 2 4 12 11 0 10 8 9 14 5 3 7 6 13 
658,2.06937e-06,2.48855e-06,1.90161e-06,50,100,100,401840,1 2 4 12 11 0 10 8 9 14 5 3 7 6 13 
659,2.06318e-06,2.48855e-06,1.89144e-06,50,100,100,401840,1 2 4 12 11 0 10 8 9 14 5 3 7 6 13 
660,2.06829e-06,2.48855e-06,1.92718e-06,50,100,100,401840,1 2 4 12 11 0 10 8 9 14 5 3 7 6 13 
661,2.07649e-06,2.48855e-06,1.94617e-06,50,100,100,401840,1 2 4 12 11 0 10 8 9 14 5 3 7 6 13 
662,2.06177e-06,2.48855e-06,1.90407e-06,50,100,100,401840,1 2 4 12 11 0 10 8 9 14 5 3 7 6 13 
663,2.05531e-06,2.48855e-06,1.90936e-06,50,100,100,401840,1 2 4 12 11 0 10 8 9 14 5 3 7 6 13 
664,2.05842e-06,2.48855e-06,1.93006e-06,50,100,100,401840,1 2 4 12 11 0 10 8 9 14 5 3 7 6 13 
665,2.07011e-06,2.48855e-06,1.92312e-06,50,100,100,401840,1 2 4 12 11 0 10 8 9 14 5 3 7 6 13 
666,2.06669e-06,2.48855e-06,1.94332e-06,50,100,100,401840,1 2 4 12 11 0 10 8 9 14 5 3 7 6 13 
667,2.07127e-06,2.48855e-06,1.89028e-06,50,100,100,401840,1 2 4 12 11 0 10 8 9 14 5 3 7 6 13 
668,2.06822e-06,2.48855e-06,1.88393e-06,50,100,100,401840,1 2 4 12 11 0 10 8 9 14 5 3 7 6 13 
669,2.06241e-06,2.48855e-06,1.9148e-06,50,100,100,401840,1 2 4 12 11 0 10 8 9 14 5 3 7 6 13 
670,2.06273e-06,2.48855e-06,1.92119e-06,50,100,100,401840,1 2 4 12 11 0 10 8 9 14 5 3 7 6 13 
671,2.08548e-06,2.48855e-06,1.93835e-06,50,100,100,401840,1 2 4 12 11 0 10 8 9 14 5 3 7 6 13 
672,2.06949e-06,2.48855e-06,1.93679e-06,50,100,100,401840,1 2 4 12 11 0 10 8 9 14 5 3 7 6 13 
673,2.07841e-06,2.48855e-06,1.89046e-06,50,100,100,401840,1 2 4 12 11 0 10 8 9 14 5 3 7 6 13 
674,2.05795e-06,2.48855e-06,1.90297e-06,50,100,100,401840,1 2 4 12 11 0 10 8 9 14 5 3 7 6 13 
675,2.0613e-06,2.48855e-06,1.89611e-06,50,100,100,401840,1 2 4 12 11 0 10 8 9 14 5 3 7 6 13 
676,2.06992e-06,2.48855e-06,1.91444e-06,50,100,100,401840,1 2 4 12 11 0 10 8 9 14 5 3 7 6 13 
677,2.06655e-06,2.48855e-06,1.89644e-06,50,100,100,401840,1 2 4 12 11 0 10 8 9 14 5 3 7 6 13 
678,2.0619e-06,2.48855e-06,1.91212e-06,50,100,100,401840,1 2 4 12 11 0 10 8 9 14 5 3 7 6 13 
679,2.05535e-06,2.48855e-06,1.91921e-06,50,100,100,401840,1 2 4 12 11 0 10 8 9 14 5 3 7 6 13 
680,2.06609e-06,2.48855e-06,1.91594e-06,50,100,100,401840,1 2 4 12 11 0 10 8 9 14 5 3 7 6 13 
681,2.06508e-06,2.48855e-06,1.93009e-06,50,100,100,401840,1 2 4 12 11 0 10 8 9 14 5 3 7 6 13 
682,2.06232e-06,2.48855e-06,1.90791e-06,50,100,100,401840,1 2 4 12 11 0 10 8 9 14 5 3 7 6 13 
683,2.06623e-06,2.48855e-06,1.9354e-06,50,100,100,401840,1 2 4 12 11 0 10 8 9 14 5 3 7 6 13 
684,2.06107e-06,2.48855e-06,1.91175e-06,50,100,100,401840,1 2 4 12 11 0 10 8 9 14 5 3 7 6 13 
685,2.06483e-06,2.48855e-06,1.9082e-06,50,100,100,401840,1 2 4 12 11 0 10 8 9 14 5 3 7 6 13 
686,2.07084e-06,2.48855e-06,1.92243e-06,50,100,100,401840,1 2 4 12 11 0 10 8 9 14 5 3 7 6 13 
687,2.06328e-06,2.48855e-06,1.88705e-06,50,100,100,401840,1 2 4 12 11 0 10 8 9 14 5 3 7 6 13 
688,2.0665e-06,2.48855e-06,1.88069e-06,50,100,100,401840,1 2 4 12 11 0 10 8 9 14 5 3 7 6 13 
689,2.06907e-06,2.48855e-06,1.92848e-06,50,100,100,401840,1 2 4 12 11 0 10 8 9 14 5 3 7 6 13 
690,2.06569e-06,2.48855e-06,1.92195e-06,50,100,100,401840,1 2 4 12 11 0 10 8 9 14 5 3 7 6 13 
691,2.06345e-06,2.48855e-06,1.87586e-06,50,100,100,401840,1 2 4 12 11 0 10 8 9 14 5 3 7 6 13 
692,2.05998e-06,2.48855e-06,1.86866e-06,50,100,100,401840,1 2 4 12 11 0 10 8 9 14 5 3 7 6 13 
693,2.05656e-06,2.48855e-06,1.93251e-06,50,100,100,401840,1 2 4 12 11 0 10 8 9 14 5 3 7 6 13 
694,2.03865e-06,2.48855e-06,1.89437e-06,50,100,100,401840,1 2 4 12 11 0 10 8 9 14 5 3 7 6 13 
695,2.05969e-06,2.48855e-06,1.90092e-06,50,100,100,401840,1 2 4 12 11 0 10 8 9 14 5 3 7 6 13 
696,2.07078e-06,2.48855e-06,1.91985e-06,50,100,100,401840,1 2 4 12 11 0 10 8 9 14 5 3 7 6 13 
697,2.06293e-06,2.48855e-06,1.94139e-06,50,100,100,401840,1 2 4 12 11 0 10 8 9 14 5 3 7 6 13 
698,2.06122e-06,2.48855e-06,1.89886e-06,50,100,100,401840,1 2 4 12 11 0 10 8 9 14 5 3 7 6 13 
699,2.05653e-06,2.48855e-06,1.87931e-06,50,100,100,401840,1 2 4 12 11 0 10 8 9 14 5 3 7 6 13 
700,2.06371e-06,2.48855e-06,1.89758e-06,50,100,100,401840,1 2 4 12 11 0 10 8 9 14 5 3 7 6 13 
701,2.06791e-06,2.48855e-06,1.90628e-06,50,100,100,401840,1 2 4 12 11 0 10 8 9 14 5 3 7 6 13 
702,2.07325e-06,2.48855e-06,1.91972e-06,50,100,100,401840,1 2 4 12 11 0 10 8 9 14 5 3 7 6 13 
703,2.07184e-06,2.48855e-06,1.88299e-06,50,100,100,401840,1 2 4 12 11 0 10 8 9 14 5 3 7 6 13 
704,2.06773e-06,2.48855e-06,1.93063e-06,50,100,100,401840,1 2 4 12 11 0 10 8 9 14 5 3 7 6 13 
705,2.05457e-06,2.48855e-06,1.89936e-06,50,100,100,401840,1 2 4 12 11 0 10 8 9 14 5 3 7 6 13 
706,2.07284e-06,2.48855e-06,1.89685e-06,50,100,100,401840,1 2 4 12 11 0 10 8 9 14 5 3 7 6 13 
707,2.06189e-06,2.48855e-06,1.84606e-06,50,100,100,401840,1 2 4 12 11 0 10 8 9 14 5 3 7 6 13 
708,2.05889e-06,2.48855e-06,1.91995e-06,50,100,100,401840,1 2 4 12 11 0 10 8 9 14 5 3 7 6 13 
709,2.0593e-06,2.48855e-06,1.89473e-06,50,100,100,401840,1 2 4 12 11 0 10 8 9 14 5 3 7 6 13 
710,2.06284e-06,2.48855e-06,1.90767e-06,50,100,100,401840,1 2 4 12 11 0 10 8 9 14 5 3 7 6 13 
711,2.06781e-06,2.48855e-06,1.9131e-06,50,100,100,401840,1 2 4 12 11 0 10 8 9 14 5 3 7 6 13 
712,2.06178e-06,2.48855e-06,1.91993e-06,50,100,100,401840,1 2 4 12 11 0 10 8 9 14 5 3 7 6 13 
713,2.06362e-06,2.48855e-06,1.89532e-06,50,100,100,401840,1 2 4 12 11 0 10 8 9 14 5 3 7 6 13 
714,2.06243e-06,2.48855e-06,1.88601e-06,50,100,100,401840,1 2 4 12 11 0 10 8 9 14 5 3 7 6 13 
715,2.04111e-06,2.48855e-06,1.89644e-06,50,100,100,401840,1 2 4 12 11 0 10 8 9 14 5 3 7 6 13 
716,2.06071e-06,2.48855e-06,1.91633e-06,50,100,100,401840,1 2 4 12 11 0 10 8 9 14 5 3 7 6 13 
717,2.06394e-06,2.48855e-06,1.91844e-06,50,100,100,401840,1 2 4 12 11 0 10 8 9 14 5 3 7 6 13 
718,2.05377e-06,2.48855e-06,1.89093e-06,50,100,100,401840,1 2 4 12 11 0 10 8 9 14 5 3 7 6 13 
719,2.05031e-06,2.48855e-06,1.90066e-06,50,100,100,401840,1 2 4 12 11 0 10 8 9 14 5 3 7 6 13 
720,2.05703e-06,2.48855e-06,1.90023e-06,50,100,100,401840,1 2 4 12 11 0 10 8 9 14 5 3 7 6 13 
721,2.04381e-06,2.48855e-06,1.89159e-06,50,100,100,401840,1 2 4 12 11 0 10 8 9 14 5 3 7 6 13 
722,2.06119e-06,2.48855e-06,1.91087e-06,50,100,100,401840,1 2 4 12 11 0 10 8 9 14 5 3 7 6 13 
723,2.06856e-06,2.48855e-06,1.86615e-06,50,100,100,401840,1 2 4 12 11 0 10 8 9 14 5 3 7 6 13 
724,2.07088e-06,2.48855e-06,1.91421e-06,50,100,100,401840,1 2 4 12 11 0 10 8 9 14 5 3 7 6 13 
725,2.0763e-06,2.48855e-06,1.88302e-06,50,100,100,401840,1 2 4 12 11 0 10 8 9 14 5 3 7 6 13 
726,2.06809e-06,2.48855e-06,1.93179e-06,50,100,100,401840,1 2 4 12 11 0 10 8 9 14 5 3 7 6 13 
727,2.06684e-06,2.48855e-06,1.89597e-06,50,100,100,401840,1 2 4 12 11 0 10 8 9 14 5 3 7 6 13 
728,2.05867e-06,2.48855e-06,1.92086e-06,50,100,100,401840,1 2 4 12 11 0 10 8 9 14 5 3 7 6 13 
729,2.05967e-06,2.48855e-06,1.88147e-06,50,100,100,401840,1 2 4 12 11 0 10 8 9 14 5 3 7 6 13 
730,2.06907e-06,2.48855e-06,1.88884e-06,50,100,100,401840,1 2 4 12 11 0 10 8 9 14 5 3 7 6 13 
731,2.07392e-06,2.48855e-06,1.89559e-06,50,100,100,401840,1 2 4 12 11 0 10 8 9 14 5 3 7 6 13 
732,2.06537e-06,2.48855e-06,1.91106e-06,50,100,100,401840,1 2 4 12 11 0 10 8 9 14 5 3 7 6 13 
733,2.06468e-06,2.48855e-06,1.92107e-06,50,100,100,401840,1 2 4 12 11 0 10 8 9 14 5 3 7 6 13 
734,2.07514e-06,2.48855e-06,1.92461e-06,50,100,100,401840,1 2 4 12 11 0 10 8 9 14 5 3 7 6 13 
735,2.06378e-06,2.48855e-06,1.93164e-06,50,100,100,401840,1 2 4 12 11 0 10 8 9 14 5 3 7 6 13 
736,2.06e-06,2.48855e-06,1.89096e-06,50,100,100,401840,1 2 4 12 11 0 10 8 9 14 5 3 7 6 13 
737,2.05606e-06,2.48855e-06,1.90186e-06,50,100,100,401840,1 2 4 12 11 0 10 8 9 14 5 3 7 6 13 
738,2.06547e-06,2.48855e-06,1.92431e-06,50,100,100,401840,1 2 4 12 11 0 10 8 9 14 5 3 7 6 13 
739,2.06473e-06,2.48855e-06,1.89837e-06,50,100,100,401840,1 2 4 12 11 0 10 8 9 14 5 3 7 6 13 
740,2.0503e-06,2.48855e-06,1.90176e-06,50,100,100,401840,1 2 4 12 11 0 10 8 9 14 5 3 7 6 13 
741,2.05332e-06,2.48855e-06,1.90187e-06,50,100,100,401840,1 2 4 12 11 0 10 8 9 14 5 3 7 6 13 
742,2.07361e-06,2.48855e-06,1.92763e-06,50,100,100,401840,1 2 4 12 11 0 10 8 9 14 5 3 7 6 13 
743,2.0618e-06,2.48855e-06,1.92529e-06,50,100,100,401840,1 2 4 12 11 0 10 8 9 14 5 3 7 6 13 
744,2.06824e-06,2.48855e-06,1.93377e-06,50,100,100,401840,1 2 4 12 11 0 10 8 9 14 5 3 7 6 13 
745,2.07721e-06,2.48855e-06,1.92777e-06,50,100,100,401840,1 2 4 12 11 0 10 8 9 14 5 3 7 6 13 
746,2.07479e-06,2.48855e-06,1.91188e-06,50,100,100,401840,1 2 4 12 11 0 10 8 9 14 5 3 7 6 13 
747,2.0796e-06,2.48855e-06,1.90812e-06,50,100,100,401840,1 2 4 12 11 0 10 8 9 14 5 3 7 6 13 
748,2.0732e-06,2.48855e-06,1.90303e-06,50,100,100,401840,1 2 4 12 11 0 10 8 9 14 5 3 7 6 13 
749,2.06552e-06,2.48855e-06,1.90023e-06,50,100,100,401840,1 2 4 12 11 0 10 8 9 14 5 3 7 6 13 
750,2.06636e-06,2.48855e-06,1.89578e-06,50,100,100,401840,1 2 4 12 11 0 10 8 9 14 5 3 7 6 13 
751,2.07273e-06,2.48855e-06,1.91601e-06,50,100,100,401840,1 2 4 12 11 0 10 8 9 14 5 3 7 6 13 
752,2.06512e-06,2.48855e-06,1.90993e-06,50,100,100,401840,1 2 4 12 11 0 10 8 9 14 5 3 7 6 13 
753,2.06673e-06,2.48855e-06,1.90611e-06,50,100,100,401840,1 2 4 12 11 0 10 8 9 14 5 3 7 6 13 
754,2.05722e-06,2.48855e-06,1.89093e-06,50,100,100,401840,1 2 4 12 11 0 10 8 9 14 5 3 7 6 13 
755,2.06057e-06,2.48855e-06,1.92244e-06,50,100,100,401840,1 2 4 12 11 0 10 8 9 14 5 3 7 6 13 
756,2.06032e-06,2.48855e-06,1.88373e-06,50,100,100,401840,1 2 4 12 11 0 10 8 9 14 5 3 7 6 13 
757,2.07122e-06,2.48855e-06,1.94159e-06,50,100,100,401840,1 2 4 12 11 0 10 8 9 14 5 3 7 6 13 
758,2.06958e-06,2.48855e-06,1.90882e-06,50,100,100,401840,1 2 4 12 11 0 10 8 9 14 5 3 7 6 13 
759,2.06656e-06,2.48855e-06,1.90126e-06,50,100,100,401840,1 2 4 12 11 0 10 8 9 14 5 3 7 6 13 
760,2.06657e-06,2.48855e-06,1.92786e-06,50,100,100,401840,1 2 4 12 11 0 10 8 9 14 5 3 7 6 13 
761,2.06463e-06,2.48855e-06,1.9296e-06,50,100,100,401840,1 2 4 12 11 0 10 8 9 14 5 3 7 6 13 
762,2.06571e-06,2.48855e-06,1.92224e-06,50,100,100,401840,1 2 4 12 11 0 10 8 9 14 5 3 7 6 13 
763,2.06979e-06,2.48855e-06,1.90441e-06,50,100,100,401840,1 2 4 12 11 0 10 8 9 14 5 3 7 6 13 
764,2.07429e-06,2.48855e-06,1.91288e-06,50,100,100,401840,1 2 4 12 11 0 10 8 9 14 5 3 7 6 13 
765,2.06741e-06,2.48855e-06,1.92862e-06,50,100,100,401840,1 2 4 12 11 0 10 8 9 14 5 3 7 6 13 
766,2.05133e-06,2.48855e-06,1.93884e-06,50,100,100,401840,1 2 4 12 11 0 10 8 9 14 5 3 7 6 13 
767,2.05515e-06,2.48855e-06,1.9265e-06,50,100,100,401840,1 2 4 12 11 0 10 8 9 14 5 3 7 6 13 
768,2.05045e-06,2.48855e-06,1.86972e-06,50,100,100,401840,1 2 4 12 11 0 10 8 9 14 5 3 7 6 13 
769,2.05827e-06,2.48855e-06,1.89888e-06,50,100,100,401840,1 2 4 12 11 0 10 8 9 14 5 3 7 6 13 
770,2.05845e-06,2.48855e-06,1.84621e-06,50,100,100,401840,1 2 4 12 11 0 10 8 9 14 5 3 7 6 13 
771,2.07058e-06,2.48855e-06,1.93199e-06,50,100,100,401840,1 2 4 12 11 0 10 8 9 14 5 3 7 6 13 
772,2.077e-06,2.48855e-06,1.9118e-06,50,100,100,401840,1 2 4 12 11 0 10 8 9 14 5 3 7 6 13 
773,2.07608e-06,2.48855e-06,1.91507e-06,50,100,100,401840,1 2 4 12 11 0 10 8 9 14 5 3 7 6 13 
774,2.07058e-06,2.48855e-06,1.87929e-06,50,100,100,401840,1 2 4 12 11 0 10 8 9 14 5 3 7 6 13 
775,2.07557e-06,2.48855e-06,1.9203e-06,50,100,100,401840,1 2 4 12 11 0 10 8 9 14 5 3 7 6 13 
776,2.08155e-06,2.48855e-06,1.93284e-06,50,100,100,401840,1 2 4 12 11 0 10 8 9 14 5 3 7 6 13 
777,2.07219e-06,2.48855e-06,1.92656e-06,50,100,100,401840,1 2 4 12 11 0 10 8 9 14 5 3 7 6 13 
778,2.05581e-06,2.48855e-06,1.9262e-06,50,100,100,401840,1 2 4 12 11 0 10 8 9 14 5 3 7 6 13 
779,2.06372e-06,2.48855e-06,1.90548e-06,50,100,100,401840,1 2 4 12 11 0 10 8 9 14 5 3 7 6 13 
780,2.05285e-06,2.48855e-06,1.91498e-06,50,100,100,401840,1 2 4 12 11 0 10 8 9 14 5 3 7 6 13 
781,2.05188e-06,2.48855e-06,1.93852e-06,50,100,100,401840,1 2 4 12 11 0 10 8 9 14 5 3 7 6 13 
782,2.05923e-06,2.48855e-06,1.93101e-06,50,100,100,401840,1 2 4 12 11 0 10 8 9 14 5 3 7 6 13 
783,2.05513e-06,2.48855e-06,1.88738e-06,50,100,100,401840,1 2 4 12 11 0 10 8 9 14 5 3 7 6 13 
784,2.0612e-06,2.48855e-06,1.90832e-06,50,100,100,401840,1 2 4 12 11 0 10 8 9 14 5 3 7 6 13 
785,2.05637e-06,2.48855e-06,1.90871e-06,50,100,100,401840,1 2 4 12 11 0 10 8 9 14 5 3 7 6 13 
786,2.06341e-06,2.48855e-06,1.92835e-06,50,100,100,401840,1 2 4 12 11 0 10 8 9 14 5 3 7 6 13 
787,2.06767e-06,2.48855e-06,1.93241e-06,50,100,100,401840,1 2 4 12 11 0 10 8 9 14 5 3 7 6 13 
788,2.06268e-06,2.48855e-06,1.91884e-06,50,100,100,401840,1 2 4 12 11 0 10 8 9 14 5 3 7 6 13 
789,2.06199e-06,2.48855e-06,1.91817e-06,50,100,100,401840,1 2 4 12 11 0 10 8 9 14 5 3 7 6 13 
790,2.05568e-06,2.48855e-06,1.90575e-06,50,100,100,401840,1 2 4 12 11 0 10 8 9 14 5 3 7 6 13 
791,2.05529e-06,2.48855e-06,1.9324e-06,50,100,100,401840,1 2 4 12 11 0 10 8 9 14 5 3 7 6 13 
792,2.05847e-06,2.48855e-06,1.92372e-06,50,100,100,401840,1 2 4 12 11 0 10 8 9 14 5 3 7 6 13 
793,2.05003e-06,2.48855e-06,1.89703e-06,50,100,100,401840,1 2 4 12 11 0 10 8 9 14 5 3 7 6 13 
794,2.04892e-06,2.48855e-06,1.90809e-06,50,100,100,401840,1 2 4 12 11 0 10 8 9 14 5 3 7 6 13 
795,2.06251e-06,2.48855e-06,1.91688e-06,50,100,100,401840,1 2 4 12 11 0 10 8 9 14 5 3 7 6 13 
796,2.07134e-06,2.48855e-06,1.91037e-06,50,100,100,401840,1 2 4 12 11 0 10 8 9 14 5 3 7 6 13 
797,2.06257e-06,2.48855e-06,1.90018e-06,50,100,100,401840,1 2 4 12 11 0 10 8 9 14 5 3 7 6 13 
798,2.04966e-06,2.48855e-06,1.9213e-06,50,100,100,401840,1 2 4 12 11 0 10 8 9 14 5 3 7 6 13 
799,2.06502e-06,2.48855e-06,1.89845e-06,50,100,100,401840,1 2 4 12 11 0 10 8 9 14 5 3 7 6 13 
800,2.065e-06,2.48855e-06,1.92549e-06,50,100,100,401840,1 2 4 12 11 0 10 8 9 14 5 3 7 6 13 
801,2.04918e-06,2.48855e-06,1.90049e-06,50,100,100,401840,1 2 4 12 11 0 10 8 9 14 5 3 7 6 13 
802,2.06845e-06,2.48855e-06,1.917e-06,50,100,100,401840,1 2 4 12 11 0 10 8 9 14 5 3 7 6 13 
803,2.07798e-06,2.48855e-06,1.9233e-06,50,100,100,401840,1 2 4 12 11 0 10 8 9 14 5 3 7 6 13 
804,2.07545e-06,2.48855e-06,1.92182e-06,50,100,100,401840,1 2 4 12 11 0 10 8 9 14 5 3 7 6 13 
805,2.05877e-06,2.48855e-06,1.91767e-06,50,100,100,401840,1 2 4 12 11 0 10 8 9 14 5 3 7 6 13 
806,2.0644e-06,2.48855e-06,1.88177e-06,50,100,100,401840,1 2 4 12 11 0 10 8 9 14 5 3 7 6 13 
807,2.06345e-06,2.48855e-06,1.90169e-06,50,100,100,401840,1 2 4 12 11 0 10 8 9 14 5 3 7 6 13 
808,2.06915e-06,2.48855e-06,1.93234e-06,50,100,100,401840,1 2 4 12 11 0 10 8 9 14 5 3 7 6 13 
809,2.05164e-06,2.48855e-06,1.91793e-06,50,100,100,401840,1 2 4 12 11 0 10 8 9 14 5 3 7 6 13 
810,2.05761e-06,2.48855e-06,1.89516e-06,50,100,100,401840,1 2 4 12 11 0 10 8 9 14 5 3 7 6 13 
811,2.05392e-06,2.48855e-06,1.89931e-06,50,100,100,401840,1 2 4 12 11 0 10 8 9 14 5 3 7 6 13 
812,2.06042e-06,2.48855e-06,1.90792e-06,50,100,100,401840,1 2 4 12 11 0 10 8 9 14 5 3 7 6 13 
813,2.06604e-06,2.48855e-06,1.95536e-06,50,100,100,401840,1 2 4 12 11 0 10 8 9 14 5 3 7 6 13 
814,2.06838e-06,2.48855e-06,1.92335e-06,50,100,100,401840,1 2 4 12 11 0 10 8 9 14 5 3 7 6 13 
815,2.06051e-06,2.48855e-06,1.9231e-06,50,100,100,401840,1 2 4 12 11 0 10 8 9 14 5 3 7 6 13 
816,2.06362e-06,2.48855e-06,1.9421e-06,50,100,100,401840,1 2 4 12 11 0 10 8 9 14 5 3 7 6 13 
817,2.0581e-06,2.48855e-06,1.90009e-06,50,100,100,401840,1 2 4 12 11 0 10 8 9 14 5 3 7 6 13 
818,2.06155e-06,2.48855e-06,1.92702e-06,50,100,100,401840,1 2 4 12 11 0 10 8 9 14 5 3 7 6 13 
819,2.05252e-06,2.48855e-06,1.90276e-06,50,100,100,401840,1 2 4 12 11 0 10 8 9 14 5 3 7 6 13 
820,2.06566e-06,2.48855e-06,1.91323e-06,50,100,100,401840,1 2 4 12 11 0 10 8 9 14 5 3 7 6 13 
821,2.05666e-06,2.48855e-06,1.89252e-06,50,100,100,401840,1 2 4 12 11 0 10 8 9 14 5 3 7 6 13 
822,2.07081e-06,2.48855e-06,1.92237e-06,50,100,100,401840,1 2 4 12 11 0 10 8 9 14 5 3 7 6 13 
823,2.08106e-06,2.48855e-06,1.9164e-06,50,100,100,401840,1 2 4 12 11 0 10 8 9 14 5 3 7 6 13 
824,2.0669e-06,2.48855e-06,1.93023e-06,50,100,100,401840,1 2 4 12 11 0 10 8 9 14 5 3 7 6 13 
825,2.06295e-06,2.48855e-06,1.9214e-06,50,100,100,401840,1 2 4 12 11 0 10 8 9 14 5 3 7 6 13 
826,2.071e-06,2.48855e-06,1.94079e-06,50,100,100,401840,1 2 4 12 11 0 10 8 9 14 5 3 7 6 13 
827,2.06217e-06,2.48855e-06,1.91963e-06,50,100,100,401840,1 2 4 12 11 0 10 8 9 14 5 3 7 6 13 
828,2.06515e-06,2.48855e-06,1.91013e-06,50,100,100,401840,1 2 4 12 11 0 10 8 9 14 5 3 7 6 13 
829,2.07356e-06,2.48855e-06,1.86385e-06,50,100,100,401840,1 2 4 12 11 0 10 8 9 14 5 3 7 6 13 
830,2.06034e-06,2.48855e-06,1.91006e-06,50,100,100,401840,1 2 4 12 11 0 10 8 9 14 5 3 7 6 13 
831,2.0662e-06,2.48855e-06,1.91688e-06,50,100,100,401840,1 2 4 12 11 0 10 8 9 14 5 3 7 6 13 
832,2.07536e-06,2.48855e-06,1.94379e-06,50,100,100,401840,1 2 4 12 11 0 10 8 9 14 5 3 7 6 13 
833,2.0672e-06,2.48855e-06,1.92074e-06,50,100,100,401840,1 2 4 12 11 0 10 8 9 14 5 3 7 6 13 
834,2.05063e-06,2.48855e-06,1.90319e-06,50,100,100,401840,1 2 4 12 11 0 10 8 9 14 5 3 7 6 13 
835,2.06249e-06,2.48855e-06,1.91625e-06,50,100,100,401840,1 2 4 12 11 0 10 8 9 14 5 3 7 6 13 
836,2.06937e-06,2.48855e-06,1.92526e-06,50,100,100,401840,1 2 4 12 11 0 10 8 9 14 5 3 7 6 13 
837,2.06648e-06,2.48855e-06,1.93412e-06,50,100,100,401840,1 2 4 12 11 0 10 8 9 14 5 3 7 6 13 
838,2.06916e-06,2.48855e-06,1.9364e-06,50,100,100,401840,1 2 4 12 11 0 10 8 9 14 5 3 7 6 13 
839,2.07684e-06,2.48855e-06,1.95938e-06,50,100,100,401840,1 2 4 12 11 0 10 8 9 14 5 3 7 6 13 
840,2.0609e-06,2.48855e-06,1.90599e-06,50,100,100,401840,1 2 4 12 11 0 10 8 9 14 5 3 7 6 13 
841,2.05323e-06,2.48855e-06,1.92191e-06,50,100,100,401840,1 2 4 12 11 0 10 8 9 14 5 3 7 6 13 
842,2.06046e-06,2.48855e-06,1.92172e-06,50,100,100,401840,1 2 4 12 11 0 10 8 9 14 5 3 7 6 13 
843,2.06072e-06,2.48855e-06,1.90487e-06,50,100,100,401840,1 2 4 12 11 0 10 8 9 14 5 3 7 6 13 
844,2.06929e-06,2.48855e-06,1.89919e-06,50,100,100,401840,1 2 4 12 11 0 10 8 9 14 5 3 7 6 13 
845,2.053e-06,2.48855e-06,1.9009e-06,50,100,100,401840,1 2 4 12 11 0 10 8 9 14 5 3 7 6 13 
846,2.05834e-06,2.48855e-06,1.89249e-06,50,100,100,401840,1 2 4 12 11 0 10 8 9 14 5 3 7 6 13 
847,2.07085e-06,2.48855e-06,1.92855e-06,50,100,100,401840,1 2 4 12 11 0 10 8 9 14 5 3 7 6 13 
848,2.06598e-06,2.48855e-06,1.88175e-06,50,100,100,401840,1 2 4 12 11 0 10 8 9 14 5 3 7 6 13 
849,2.05509e-06,2.48855e-06,1.87802e-06,50,100,100,401840,1 2 4 12 11 0 10 8 9 14 5 3 7 6 13 
850,2.05621e-06,2.48855e-06,1.93242e-06,50,100,100,401840,1 2 4 12 11 0 10 8 9 14 5 3 7 6 13 
851,2.06892e-06,2.48855e-06,1.89601e-06,50,100,100,401840,1 2 4 12 11 0 10 8 9 14 5 3 7 6 13 
852,2.05453e-06,2.48855e-06,1.92649e-06,50,100,100,401840,1 2 4 12 11 0 10 8 9 14 5 3 7 6 13 
853,2.05996e-06,2.48855e-06,1.91325e-06,50,100,100,401840,1 2 4 12 11 0 10 8 9 14 5 3 7 6 13 
854,2.06212e-06,2.48855e-06,1.9177e-06,50,100,100,401840,1 2 4 12 11 0 10 8 9 14 5 3 7 6 13 
855,2.05912e-06,2.48855e-06,1.91139e-06,50,100,100,401840,1 2 4 12 11 0 10 8 9 14 5 3 7 6 13 
856,2.06642e-06,2.48855e-06,1.9008e-06,50,100,100,401840,1 2 4 12 11 0 10 8 9 14 5 3 7 6 13 
857,2.05345e-06,2.48855e-06,1.8659e-06,50,100,100,401840,1 2 4 12 11 0 10 8 9 14 5 3 7 6 13 
858,2.05347e-06,2.48855e-06,1.88587e-06,50,100,100,401840,1 2 4 12 11 0 10 8 9 14 5 3 7 6 13 
859,2.05423e-06,2.48855e-06,1.89188e-06,50,100,100,401840,1 2 4 12 11 0 10 8 9 14 5 3 7 6 13 
860,2.05017e-06,2.48855e-06,1.89858e-06,50,100,100,401840,1 2 4 12 11 0 10 8 9 14 5 3 7 6 13 
861,2.05497e-06,2.48855e-06,1.88487e-06,50,100,100,401840,1 2 4 12 11 0 10 8 9 14 5 3 7 6 13 
862,2.05695e-06,2.48855e-06,1.88858e-06,50,100,100,401840,1 2 4 12 11 0 10 8 9 14 5 3 7 6 13 
863,2.07364e-06,2.48855e-06,1.90734e-06,50,100,100,401840,1 2 4 12 11 0 10 8 9 14 5 3 7 6 13 
864,2.07191e-06,2.48855e-06,1.91709e-06,50,100,100,401840,1 2 4 12 11 0 10 8 9 14 5 3 7 6 13 
865,2.07824e-06,2.48855e-06,1.92708e-06,50,100,100,401840,1 2 4 12 11 0 10 8 9 14 5 3 7 6 13 
866,2.06549e-06,2.48855e-06,1.94407e-06,50,100,100,401840,1 2 4 12 11 0 10 8 9 14 5 3 7 6 13 
867,2.06211e-06,2.48855e-06,1.89792e-06,50,100,100,401840,1 2 4 12 11 0 10 8 9 14 5 3 7 6 13 
868,2.0645e-06,2.48855e-06,1.90487e-06,50,100,100,401840,1 2 4 12 11 0 10 8 9 14 5 3 7 6 13 
869,2.06398e-06,2.48855e-06,1.90515e-06,50,100,100,401840,1 2 4 12 11 0 10 8 9 14 5 3 7 6 13 
870,2.07603e-06,2.48855e-06,1.90216e-06,50,100,100,401840,1 2 4 12 11 0 10 8 9 14 5 3 7 6 13 
871,2.06187e-06,2.48855e-06,1.9271e-06,50,100,100,401840,1 2 4 12 11 0 10 8 9 14 5 3 7 6 13 
872,2.07721e-06,2.48855e-06,1.91903e-06,50,100,100,401840,1 2 4 12 11 0 10 8 9 14 5 3 7 6 13 
873,2.07138e-06,2.48855e-06,1.91865e-06,50,100,100,401840,1 2 4 12 11 0 10 8 9 14 5 3 7 6 13 
874,2.05523e-06,2.48855e-06,1.87471e-06,50,100,100,401840,1 2 4 12 11 0 10 8 9 14 5 3 7 6 13 
875,2.06598e-06,2.48855e-06,1.94517e-06,50,100,100,401840,1 2 4 12 11 0 10 8 9 14 5 3 7 6 13 
876,2.06497e-06,2.48855e-06,1.928e-06,50,100,100,401840,1 2 4 12 11 0 10 8 9 14 5 3 7 6 13 
877,2.05675e-06,2.48855e-06,1.93352e-06,50,100,100,401840,1 2 4 12 11 0 10 8 9 14 5 3 7 6 13 
878,2.05621e-06,2.48855e-06,1.90205e-06,50,100,100,401840,1 2 4 12 11 0 10 8 9 14 5 3 7 6 13 
879,2.06375e-06,2.48855e-06,1.91893e-06,50,100,100,401840,1 2 4 12 11 0 10 8 9 14 5 3 7 6 13 
880,2.05861e-06,2.48855e-06,1.89399e-06,50,100,100,401840,1 2 4 12 11 0 10 8 9 14 5 3 7 6 13 
881,2.06439e-06,2.48855e-06,1.91682e-06,50,100,100,401840,1 2 4 12 11 0 10 8 9 14 5 3 7 6 13 
882,2.0647e-06,2.48855e-06,1.92771e-06,50,100,100,401840,1 2 4 12 11 0 10 8 9 14 5 3 7 6 13 
883,2.0629e-06,2.48855e-06,1.88139e-06,50,100,100,401840,1 2 4 12 11 0 10 8 9 14 5 3 7 6 13 
884,2.0695e-06,2.48855e-06,1.9102e-06,50,100,100,401840,1 2 4 12 11 0 10 8 9 14 5 3 7 6 13 
885,2.07135e-06,2.48855e-06,1.92772e-06,50,100,100,401840,1 2 4 12 11 0 10 8 9 14 5 3 7 6 13 
886,2.08053e-06,2.48855e-06,1.89237e-06,50,100,100,401840,1 2 4 12 11 0 10 8 9 14 5 3 7 6 13 
887,2.06968e-06,2.48855e-06,1.92301e-06,50,100,100,401840,1 2 4 12 11 0 10 8 9 14 5 3 7 6 13 
888,2.08667e-06,2.48855e-06,1.93295e-06,50,100,100,401840,1 2 4 12 11 0 10 8 9 14 5 3 7 6 13 
889,2.07227e-06,2.48855e-06,1.93416e-06,50,100,100,401840,1 2 4 12 11 0 10 8 9 14 5 3 7 6 13 
890,2.07477e-06,2.48855e-06,1.9221e-06,50,100,100,401840,1 2 4 12 11 0 10 8 9 14 5 3 7 6 13 
891,2.06686e-06,2.48855e-06,1.94675e-06,50,100,100,401840,1 2 4 12 11 0 10 8 9 14 5 3 7 6 13 
892,2.05554e-06,2.48855e-06,1.90043e-06,50,100,100,401840,1 2 4 12 11 0 10 8 9 14 5 3 7 6 13 
893,2.06998e-06,2.48855e-06,1.92988e-06,50,100,100,401840,1 2 4 12 11 0 10 8 9 14 5 3 7 6 13 
894,2.06786e-06,2.48855e-06,1.9126e-06,50,100,100,401840,1 2 4 12 11 0 10 8 9 14 5 3 7 6 13 
895,2.06696e-06,2.48855e-06,1.92247e-06,50,100,100,401840,1 2 4 12 11 0 10 8 9 14 5 3 7 6 13 
896,2.06732e-06,2.48855e-06,1.9068e-06,50,100,100,401840,1 2 4 12 11 0 10 8 9 14 5 3 7 6 13 
897,2.06489e-06,2.48855e-06,1.9378e-06,50,100,100,401840,1 2 4 12 11 0 10 8 9 14 5 3 7 6 13 
898,2.06069e-06,2.48855e-06,1.854e-06,50,100,100,401840,1 2 4 12 11 0 10 8 9 14 5 3 7 6 13 
899,2.07085e-06,2.48855e-06,1.87812e-06,50,100,100,401840,1 2 4 12 11 0 10 8 9 14 5 3 7 6 13 
900,2.06203e-06,2.48855e-06,1.93647e-06,50,100,100,401840,1 2 4 12 11 0 10 8 9 14 5 3 7 6 13 
901,2.05674e-06,2.48855e-06,1.88342e-06,50,100,100,401840,1 2 4 12 11 0 10 8 9 14 5 3 7 6 13 
902,2.06125e-06,2.48855e-06,1.90871e-06,50,100,100,401840,1 2 4 12 11 0 10 8 9 14 5 3 7 6 13 
903,2.06023e-06,2.48855e-06,1.89422e-06,50,100,100,401840,1 2 4 12 11 0 10 8 9 14 5 3 7 6 13 
904,2.06805e-06,2.48855e-06,1.9346e-06,50,100,100,401840,1 2 4 12 11 0 10 8 9 14 5 3 7 6 13 
905,2.06742e-06,2.48855e-06,1.88018e-06,50,100,100,401840,1 2 4 12 11 0 10 8 9 14 5 3 7 6 13 
906,2.07942e-06,2.48855e-06,1.92096e-06,50,100,100,401840,1 2 4 12 11 0 10 8 9 14 5 3 7 6 13 
907,2.07048e-06,2.48855e-06,1.94518e-06,50,100,100,401840,1 2 4 12 11 0 10 8 9 14 5 3 7 6 13 
908,2.05831e-06,2.48855e-06,1.90609e-06,50,100,100,401840,1 2 4 12 11 0 10 8 9 14 5 3 7 6 13 
909,2.0653e-06,2.48855e-06,1.88704e-06,50,100,100,401840,1 2 4 12 11 0 10 8 9 14 5 3 7 6 13 
910,2.06205e-06,2.48855e-06,1.93969e-06,50,100,100,401840,1 2 4 12 11 0 10 8 9 14 5 3 7 6 13 
911,2.07451e-06,2.48855e-06,1.90395e-06,50,100,100,401840,1 2 4 12 11 0 10 8 9 14 5 3 7 6 13 
912,2.07008e-06,2.48855e-06,1.91e-06,50,100,100,401840,1 2 4 12 11 0 10 8 9 14 5 3 7 6 13 
913,2.07148e-06,2.48855e-06,1.87942e-06,50,100,100,401840,1 2 4 12 11 0 10 8 9 14 5 3 7 6 13 
914,2.07042e-06,2.48855e-06,1.91638e-06,50,100,100,401840,1 2 4 12 11 0 10 8 9 14 5 3 7 6 13 
915,2.06504e-06,2.48855e-06,1.92706e-06,50,100,100,401840,1 2 4 12 11 0 10 8 9 14 5 3 7 6 13 
916,2.07298e-06,2.48855e-06,1.90344e-06,50,100,100,401840,1 2 4 12 11 0 10 8 9 14 5 3 7 6 13 
917,2.07163e-06,2.48855e-06,1.92313e-06,50,100,100,401840,1 2 4 12 11 0 10 8 9 14 5 3 7 6 13 
918,2.07556e-06,2.48855e-06,1.90326e-06,50,100,100,401840,1 2 4 12 11 0 10 8 9 14 5 3 7 6 13 
919,2.05851e-06,2.48855e-06,1.92261e-06,50,100,100,401840,1 2 4 12 11 0 10 8 9 14 5 3 7 6 13 
920,2.06596e-06,2.48855e-06,1.89214e-06,50,100,100,401840,1 2 4 12 11 0 10 8 9 14 5 3 7 6 13 
921,2.06089e-06,2.48855e-06,1.90412e-06,50,100,100,401840,1 2 4 12 11 0 10 8 9 14 5 3 7 6 13 
922,2.06489e-06,2.48855e-06,1.89408e-06,50,100,100,401840,1 2 4 12 11 0 10 8 9 14 5 3 7 6 13 
923,2.06786e-06,2.48855e-06,1.90318e-06,50,100,100,401840,1 2 4 12 11 0 10 8 9 14 5 3 7 6 13 
924,2.06816e-06,2.48855e-06,1.93613e-06,50,100,100,401840,1 2 4 12 11 0 10 8 9 14 5 3 7 6 13 
925,2.06012e-06,2.48855e-06,1.897e-06,50,100,100,401840,1 2 4 12 11 0 10 8 9 14 5 3 7 6 13 
926,2.0719e-06,2.48855e-06,1.89864e-06,50,100,100,401840,1 2 4 12 11 0 10 8 9 14 5 3 7 6 13 
927,2.05876e-06,2.48855e-06,1.92007e-06,50,100,100,401840,1 2 4 12 11 0 10 8 9 14 5 3 7 6 13 
928,2.05351e-06,2.48855e-06,1.89607e-06,50,100,100,401840,1 2 4 12 11 0 10 8 9 14 5 3 7 6 13 
929,2.06762e-06,2.48855e-06,1.94824e-06,50,100,100,401840,1 2 4 12 11 0 10 8 9 14 5 3 7 6 13 
930,2.06617e-06,2.48855e-06,1.89914e-06,50,100,100,401840,1 2 4 12 11 0 10 8 9 14 5 3 7 6 13 
931,2.07541e-06,2.48855e-06,1.93933e-06,50,100,100,401840,1 2 4 12 11 0 10 8 9 14 5 3 7 6 13 
932,2.08135e-06,2.48855e-06,1.89434e-06,50,100,100,401840,1 2 4 12 11 0 10 8 9 14 5 3 7 6 13 
933,2.07984e-06,2.48855e-06,1.89229e-06,50,100,100,401840,1 2 4 12 11 0 10 8 9 14 5 3 7 6 13 
934,2.05914e-06,2.48855e-06,1.90886e-06,50,100,100,401840,1 2 4 12 11 0 10 8 9 14 5 3 7 6 13 
935,2.06537e-06,2.48855e-06,1.91441e-06,50,100,100,401840,1 2 4 12 11 0 10 8 9 14 5 3 7 6 13 
936,2.06774e-06,2.48855e-06,1.92814e-06,50,100,100,401840,1 2 4 12 11 0 10 8 9 14 5 3 7 6 13 
937,2.0847e-06,2.48855e-06,1.8811e-06,50,100,100,401840,1 2 4 12 11 0 10 8 9 14 5 3 7 6 13 
938,2.06668e-06,2.48855e-06,1.92955e-06,50,100,100,401840,1 2 4 12 11 0 10 8 9 14 5 3 7 6 13 
939,2.05634e-06,2.48855e-06,1.89136e-06,50,100,100,401840,1 2 4 12 11 0 10 8 9 14 5 3 7 6 13 
940,2.05991e-06,2.48855e-06,1.90721e-06,50,100,100,401840,1 2 4 12 11 0 10 8 9 14 5 3 7 6 13 
941,2.06058e-06,2.48855e-06,1.93145e-06,50,100,100,401840,1 2 4 12 11 0 10 8 9 14 5 3 7 6 13 
942,2.05629e-06,2.48855e-06,1.87996e-06,50,100,100,401840,1 2 4 12 11 0 10 8 9 14 5 3 7 6 13 
943,2.0537e-06,2.48855e-06,1.92101e-06,50,100,100,401840,1 2 4 12 11 0 10 8 9 14 5 3 7 6 13 
944,2.05847e-06,2.48855e-06,1.92474e-06,50,100,100,401840,1 2 4 12 11 0 10 8 9 14 5 3 7 6 13 
945,2.0698e-06,2.48855e-06,1.92434e-06,50,100,100,401840,1 2 4 12 11 0 10 8 9 14 5 3 7 6 13 
946,2.06615e-06,2.48855e-06,1.91518e-06,50,100,100,401840,1 2 4 12 11 0 10 8 9 14 5 3 7 6 13 
947,2.061e-06,2.48855e-06,1.91461e-06,50,100,100,401840,1 2 4 12 11 0 10 8 9 14 5 3 7 6 13 
948,2.06024e-06,2.48855e-06,1.9292e-06,50,100,100,401840,1 2 4 12 11 0 10 8 9 14 5 3 7 6 13 
949,2.05408e-06,2.48855e-06,1.88351e-06,50,100,100,401840,1 2 4 12 11 0 10 8 9 14 5 3 7 6 13 
950,2.05882e-06,2.48855e-06,1.90495e-06,50,100,100,401840,1 2 4 12 11 0 10 8 9 14 5 3 7 6 13 
951,2.05954e-06,2.48855e-06,1.89138e-06,50,100,100,401840,1 2 4 12 11 0 10 8 9 14 5 3 7 6 13 
952,2.04821e-06,2.48855e-06,1.89247e-06,50,100,100,401840,1 2 4 12 11 0 10 8 9 14 5 3 7 6 13 
953,2.0505e-06,2.48855e-06,1.89906e-06,50,100,100,401840,1 2 4 12 11 0 10 8 9 14 5 3 7 6 13 
954,2.06056e-06,2.48855e-06,1.88779e-06,50,100,100,401840,1 2 4 12 11 0 10 8 9 14 5 3 7 6 13 
955,2.04593e-06,2.48855e-06,1.88066e-06,50,100,100,401840,1 2 4 12 11 0 10 8 9 14 5 3 7 6 13 
956,2.05565e-06,2.48855e-06,1.91402e-06,50,100,100,401840,1 2 4 12 11 0 10 8 9 14 5 3 7 6 13 
957,2.05898e-06,2.48855e-06,1.89e-06,50,100,100,401840,1 2 4 12 11 0 10 8 9 14 5 3 7 6 13 
958,2.05369e-06,2.48855e-06,1.8804e-06,50,100,100,401840,1 2 4 12 11 0 10 8 9 14 5 3 7 6 13 
959,2.07373e-06,2.48855e-06,1.90442e-06,50,100,100,401840,1 2 4 12 11 0 10 8 9 14 5 3 7 6 13 
960,2.06791e-06,2.48855e-06,1.92061e-06,50,100,100,401840,1 2 4 12 11 0 10 8 9 14 5 3 7 6 13 
961,2.06922e-06,2.48855e-06,1.90462e-06,50,100,100,401840,1 2 4 12 11 0 10 8 9 14 5 3 7 6 13 
962,2.06899e-06,2.48855e-06,1.93355e-06,50,100,100,401840,1 2 4 12 11 0 10 8 9 14 5 3 7 6 13 
963,2.06874e-06,2.48855e-06,1.87668e-06,50,100,100,401840,1 2 4 12 11 0 10 8 9 14 5 3 7 6 13 
964,2.06101e-06,2.48855e-06,1.88933e-06,50,100,100,401840,1 2 4 12 11 0 10 8 9 14 5 3 7 6 13 
965,2.07629e-06,2.48855e-06,1.89799e-06,50,100,100,401840,1 2 4 12 11 0 10 8 9 14 5 3 7 6 13 
966,2.07779e-06,2.48855e-06,1.93148e-06,50,100,100,401840,1 2 4 12 11 0 10 8 9 14 5 3 7 6 13 
967,2.07094e-06,2.48855e-06,1.91784e-06,50,100,100,401840,1 2 4 12 11 0 10 8 9 14 5 3 7 6 13 
968,2.07755e-06,2.48855e-06,1.9133e-06,50,100,100,401840,1 2 4 12 11 0 10 8 9 14 5 3 7 6 13 
969,2.07092e-06,2.48855e-06,1.9205e-06,50,100,100,401840,1 2 4 12 11 0 10 8 9 14 5 3 7 6 13 
970,2.0647e-06,2.48855e-06,1.89984e-06,50,100,100,401840,1 2 4 12 11 0 10 8 9 14 5 3 7 6 13 
971,2.06894e-06,2.48855e-06,1.95573e-06,50,100,100,401840,1 2 4 12 11 0 10 8 9 14 5 3 7 6 13 
972,2.08167e-06,2.48855e-06,1.91947e-06,50,100,100,401840,1 2 4 12 11 0 10 8 9 14 5 3 7 6 13 
973,2.06472e-06,2.48855e-06,1.95399e-06,50,100,100,401840,1 2 4 12 11 0 10 8 9 14 5 3 7 6 13 
974,2.05638e-06,2.48855e-06,1.86965e-06,50,100,100,401840,1 2 4 12 11 0 10 8 9 14 5 3 7 6 13 
975,2.06456e-06,2.48855e-06,1.93107e-06,50,100,100,401840,1 2 4 12 11 0 10 8 9 14 5 3 7 6 13 
976,2.06027e-06,2.48855e-06,1.89577e-06,50,100,100,401840,1 2 4 12 11 0 10 8 9 14 5 3 7 6 13 
977,2.06329e-06,2.48855e-06,1.88798e-06,50,100,100,401840,1 2 4 12 11 0 10 8 9 14 5 3 7 6 13 
978,2.06886e-06,2.48855e-06,1.91492e-06,50,100,100,401840,1 2 4 12 11 0 10 8 9 14 5 3 7 6 13 
979,2.06009e-06,2.48855e-06,1.93271e-06,50,100,100,401840,1 2 4 12 11 0 10 8 9 14 5 3 7 6 13 
980,2.05982e-06,2.48855e-06,1.91907e-06,50,100,100,401840,1 2 4 12 11 0 10 8 9 14 5 3 7 6 13 
981,2.05881e-06,2.48855e-06,1.93596e-06,50,100,100,401840,1 2 4 12 11 0 10 8 9 14 5 3 7 6 13 
982,2.04095e-06,2.48855e-06,1.87319e-06,50,100,100,401840,1 2 4 12 11 0 10 8 9 14 5 3 7 6 13 
983,2.05321e-06,2.48855e-06,1.90413e-06,50,100,100,401840,1 2 4 12 11 0 10 8 9 14 5 3 7 6 13 
984,2.05445e-06,2.48855e-06,1.9105e-06,50,100,100,401840,1 2 4 12 11 0 10 8 9 14 5 3 7 6 13 
985,2.0558e-06,2.48855e-06,1.8993e-06,50,100,100,401840,1 2 4 12 11 0 10 8 9 14 5 3 7 6 13 
986,2.05587e-06,2.48855e-06,1.89829e-06,50,100,100,401840,1 2 4 12 11 0 10 8 9 14 5 3 7 6 13 
987,2.06102e-06,2.48855e-06,1.86442e-06,50,100,100,401840,1 2 4 12 11 0 10 8 9 14 5 3 7 6 13 
988,2.06229e-06,2.48855e-06,1.91001e-06,50,100,100,401840,1 2 4 12 11 0 10 8 9 14 5 3 7 6 13 
989,2.06437e-06,2.48855e-06,1.9578e-06,50,100,100,401840,1 2 4 12 11 0 10 8 9 14 5 3 7 6 13 
990,2.06778e-06,2.48855e-06,1.9216e-06,50,100,100,401840,1 2 4 12 11 0 10 8 9 14 5 3 7 6 13 
991,2.05944e-06,2.48855e-06,1.92876e-06,50,100,100,401840,1 2 4 12 11 0 10 8 9 14 5 3 7 6 13 
992,2.0582e-06,2.48855e-06,1.91954e-06,50,100,100,401840,1 2 4 12 11 0 10 8 9 14 5 3 7 6 13 
993,2.04693e-06,2.48855e-06,1.88975e-06,50,100,100,401840,1 2 4 12 11 0 10 8 9 14 5 3 7 6 13 
994,2.05781e-06,2.48855e-06,1.91774e-06,50,100,100,401840,1 2 4 12 11 0 10 8 9 14 5 3 7 6 13 
995,2.06152e-06,2.48855e-06,1.92853e-06,50,100,100,401840,1 2 4 12 11 0 10 8 9 14 5 3 7 6 13 
996,2.0632e-06,2.48855e-06,1.93152e-06,50,100,100,401840,1 2 4 12 11 0 10 8 9 14 5 3 7 6 13 
997,2.06786e-06,2.48855e-06,1.93428e-06,50,100,100,401840,1 2 4 12 11 0 10 8 9 14 5 3 7 6 13 
998,2.06033e-06,2.48855e-06,1.90979e-06,50,100,100,401840,1 2 4 12 11 0 10 8 9 14 5 3 7 6 13 
999,2.05354e-06,2.48855e-06,1.92449e-06,50,100,100,401840,1 2 4 12 11 0 10 8 9 14 5 3 7 6 13 
