Generación,Media,Mejor,Peor,Cruzas,Mutaciones,Inversiones,Costo,Permutación
1,2.04826e-06,2.28578e-06,1.89971e-06,50,100,100,437486,5 0 12 11 8 3 4 2 14 9 13 7 6 10 1 
2,2.05314e-06,2.28578e-06,1.90782e-06,50,100,100,437486,5 0 12 11 8 3 4 2 14 9 13 7 6 10 1 
3,2.03461e-06,2.28578e-06,1.85922e-06,50,100,100,437486,5 0 12 11 8 3 4 2 14 9 13 7 6 10 1 
4,2.04638e-06,2.28578e-06,1.8514e-06,50,100,100,437486,5 0 12 11 8 3 4 2 14 9 13 7 6 10 1 
5,2.05183e-06,2.28578e-06,1.87442e-06,50,100,100,437486,5 0 12 11 8 3 4 2 14 9 13 7 6 10 1 
6,2.0513e-06,2.28578e-06,1.91614e-06,50,100,100,437486,5 0 12 11 8 3 4 2 14 9 13 7 6 10 1 
7,2.05826e-06,2.28578e-06,1.87288e-06,50,100,100,437486,5 0 12 11 8 3 4 2 14 9 13 7 6 10 1 
8,2.0575e-06,2.28578e-06,1.87277e-06,50,100,100,437486,5 0 12 11 8 3 4 2 14 9 13 7 6 10 1 
9,2.04996e-06,2.28578e-06,1.9034e-06,50,100,100,437486,5 0 12 11 8 3 4 2 14 9 13 7 6 10 1 
10,2.05418e-06,2.32154e-06,1.90428e-06,50,100,100,430748,14 0 8 11 4 2 6 7 9 5 13 12 1 3 10 
11,2.06258e-06,2.32154e-06,1.95259e-06,50,100,100,430748,14 0 8 11 4 2 6 7 9 5 13 12 1 3 10 
12,2.05662e-06,2.32154e-06,1.88809e-06,50,100,100,430748,14 0 8 11 4 2 6 7 9 5 13 12 1 3 10 
13,2.05871e-06,2.32154e-06,1.93613e-06,50,100,100,430748,14 0 8 11 4 2 6 7 9 5 13 12 1 3 10 
14,2.0652e-06,2.32154e-06,1.93529e-06,50,100,100,430748,14 0 8 11 4 2 6 7 9 5 13 12 1 3 10 
15,2.05995e-06,2.32154e-06,1.93392e-06,50,100,100,430748,14 0 8 11 4 2 6 7 9 5 13 12 1 3 10 
16,2.0502e-06,2.32154e-06,1.85587e-06,50,100,100,430748,14 0 8 11 4 2 6 7 9 5 13 12 1 3 10 
17,2.05907e-06,2.32154e-06,1.91594e-06,50,100,100,430748,14 0 8 11 4 2 6 7 9 5 13 12 1 3 10 
18,2.05971e-06,2.32154e-06,1.86331e-06,50,100,100,430748,14 0 8 11 4 2 6 7 9 5 13 12 1 3 10 
19,2.07161e-06,2.32154e-06,1.88618e-06,50,100,100,430748,14 0 8 11 4 2 6 7 9 5 13 12 1 3 10 
20,2.05213e-06,2.32154e-06,1.90783e-06,50,100,100,430748,14 0 8 11 4 2 6 7 9 5 13 12 1 3 10 
21,2.07228e-06,2.32154e-06,1.93027e-06,50,100,100,430748,14 0 8 11 4 2 6 7 9 5 13 12 1 3 10 
22,2.056e-06,2.32154e-06,1.91518e-06,50,100,100,430748,14 0 8 11 4 2 6 7 9 5 13 12 1 3 10 
23,2.05572e-06,2.32154e-06,1.91209e-06,50,100,100,430748,14 0 8 11 4 2 6 7 9 5 13 12 1 3 10 
24,2.05266e-06,2.32154e-06,1.91071e-06,50,100,100,430748,14 0 8 11 4 2 6 7 9 5 13 12 1 3 10 
25,2.06243e-06,2.32154e-06,1.87968e-06,50,100,100,430748,14 0 8 11 4 2 6 7 9 5 13 12 1 3 10 
26,2.0672e-06,2.32154e-06,1.94689e-06,50,100,100,430748,14 0 8 11 4 2 6 7 9 5 13 12 1 3 10 
27,2.05606e-06,2.32154e-06,1.90156e-06,50,100,100,430748,14 0 8 11 4 2 6 7 9 5 13 12 1 3 10 
28,2.05385e-06,2.32154e-06,1.90809e-06,50,100,100,430748,14 0 8 11 4 2 6 7 9 5 13 12 1 3 10 
29,2.06034e-06,2.32154e-06,1.91746e-06,50,100,100,430748,14 0 8 11 4 2 6 7 9 5 13 12 1 3 10 
30,2.06777e-06,2.32154e-06,1.91676e-06,50,100,100,430748,14 0 8 11 4 2 6 7 9 5 13 12 1 3 10 
31,2.06313e-06,2.32154e-06,1.92071e-06,50,100,100,430748,14 0 8 11 4 2 6 7 9 5 13 12 1 3 10 
32,2.05657e-06,2.32154e-06,1.8873e-06,50,100,100,430748,14 0 8 11 4 2 6 7 9 5 13 12 1 3 10 
33,2.06611e-06,2.32154e-06,1.92549e-06,50,100,100,430748,14 0 8 11 4 2 6 7 9 5 13 12 1 3 10 
34,2.06563e-06,2.32154e-06,1.94622e-06,50,100,100,430748,14 0 8 11 4 2 6 7 9 5 13 12 1 3 10 
35,2.05944e-06,2.32154e-06,1.92401e-06,50,100,100,430748,14 0 8 11 4 2 6 7 9 5 13 12 1 3 10 
36,2.06706e-06,2.32154e-06,1.92194e-06,50,100,100,430748,14 0 8 11 4 2 6 7 9 5 13 12 1 3 10 
37,2.06013e-06,2.32154e-06,1.87745e-06,50,100,100,430748,14 0 8 11 4 2 6 7 9 5 13 12 1 3 10 
38,2.06852e-06,2.32154e-06,1.93149e-06,50,100,100,430748,14 0 8 11 4 2 6 7 9 5 13 12 1 3 10 
39,2.06024e-06,2.32154e-06,1.90838e-06,50,100,100,430748,14 0 8 11 4 2 6 7 9 5 13 12 1 3 10 
40,2.05457e-06,2.32154e-06,1.90469e-06,50,100,100,430748,14 0 8 11 4 2 6 7 9 5 13 12 1 3 10 
41,2.0443e-06,2.32154e-06,1.88874e-06,50,100,100,430748,14 0 8 11 4 2 6 7 9 5 13 12 1 3 10 
42,2.06002e-06,2.32154e-06,1.93425e-06,50,100,100,430748,14 0 8 11 4 2 6 7 9 5 13 12 1 3 10 
43,2.06743e-06,2.32154e-06,1.93288e-06,50,100,100,430748,14 0 8 11 4 2 6 7 9 5 13 12 1 3 10 
44,2.06061e-06,2.32154e-06,1.90057e-06,50,100,100,430748,14 0 8 11 4 2 6 7 9 5 13 12 1 3 10 
45,2.05809e-06,2.32154e-06,1.91226e-06,50,100,100,430748,14 0 8 11 4 2 6 7 9 5 13 12 1 3 10 
46,2.0666e-06,2.32154e-06,1.93589e-06,50,100,100,430748,14 0 8 11 4 2 6 7 9 5 13 12 1 3 10 
47,2.07437e-06,2.32154e-06,1.93797e-06,50,100,100,430748,14 0 8 11 4 2 6 7 9 5 13 12 1 3 10 
48,2.07348e-06,2.3285e-06,1.92978e-06,50,100,100,429460,9 6 8 14 4 2 0 7 13 5 12 1 3 11 10 
49,2.07795e-06,2.3285e-06,1.91049e-06,50,100,100,429460,9 6 8 14 4 2 0 7 13 5 12 1 3 11 10 
50,2.0667e-06,2.3285e-06,1.91759e-06,50,100,100,429460,9 6 8 14 4 2 0 7 13 5 12 1 3 11 10 
51,2.06658e-06,2.3285e-06,1.91496e-06,50,100,100,429460,9 6 8 14 4 2 0 7 13 5 12 1 3 11 10 
52,2.06409e-06,2.3285e-06,1.92567e-06,50,100,100,429460,9 6 8 14 4 2 0 7 13 5 12 1 3 11 10 
53,2.05585e-06,2.37423e-06,1.90142e-06,50,100,100,421188,8 10 7 4 3 1 5 6 11 14 13 2 0 12 9 
54,2.06032e-06,2.37423e-06,1.92541e-06,50,100,100,421188,8 10 7 4 3 1 5 6 11 14 13 2 0 12 9 
55,2.05993e-06,2.37423e-06,1.93694e-06,50,100,100,421188,8 10 7 4 3 1 5 6 11 14 13 2 0 12 9 
56,2.05897e-06,2.37423e-06,1.92375e-06,50,100,100,421188,8 10 7 4 3 1 5 6 11 14 13 2 0 12 9 
57,2.06389e-06,2.37423e-06,1.90067e-06,50,100,100,421188,8 10 7 4 3 1 5 6 11 14 13 2 0 12 9 
58,2.05322e-06,2.37423e-06,1.91537e-06,50,100,100,421188,8 10 7 4 3 1 5 6 11 14 13 2 0 12 9 
59,2.04289e-06,2.37423e-06,1.89409e-06,50,100,100,421188,8 10 7 4 3 1 5 6 11 14 13 2 0 12 9 
60,2.07019e-06,2.37423e-06,1.89363e-06,50,100,100,421188,8 10 7 4 3 1 5 6 11 14 13 2 0 12 9 
61,2.06614e-06,2.37423e-06,1.93288e-06,50,100,100,421188,8 10 7 4 3 1 5 6 11 14 13 2 0 12 9 
62,2.05339e-06,2.37423e-06,1.91854e-06,50,100,100,421188,8 10 7 4 3 1 5 6 11 14 13 2 0 12 9 
63,2.0696e-06,2.37423e-06,1.91284e-06,50,100,100,421188,8 10 7 4 3 1 5 6 11 14 13 2 0 12 9 
64,2.06215e-06,2.37423e-06,1.88757e-06,50,100,100,421188,8 10 7 4 3 1 5 6 11 14 13 2 0 12 9 
65,2.06296e-06,2.37904e-06,1.91261e-06,50,100,100,420336,6 11 3 8 14 4 10 12 13 1 7 5 2 9 0 
66,2.05678e-06,2.37904e-06,1.90044e-06,50,100,100,420336,6 11 3 8 14 4 10 12 13 1 7 5 2 9 0 
67,2.06853e-06,2.37904e-06,1.9484e-06,50,100,100,420336,6 11 3 8 14 4 10 12 13 1 7 5 2 9 0 
68,2.07035e-06,2.37904e-06,1.92522e-06,50,100,100,420336,6 11 3 8 14 4 10 12 13 1 7 5 2 9 0 
69,2.06949e-06,2.37904e-06,1.92922e-06,50,100,100,420336,6 11 3 8 14 4 10 12 13 1 7 5 2 9 0 
70,2.06304e-06,2.37904e-06,1.92701e-06,50,100,100,420336,6 11 3 8 14 4 10 12 13 1 7 5 2 9 0 
71,2.07134e-06,2.37904e-06,1.95417e-06,50,100,100,420336,6 11 3 8 14 4 10 12 13 1 7 5 2 9 0 
72,2.05578e-06,2.37904e-06,1.8796e-06,50,100,100,420336,6 11 3 8 14 4 10 12 13 1 7 5 2 9 0 
73,2.05839e-06,2.37904e-06,1.93022e-06,50,100,100,420336,6 11 3 8 14 4 10 12 13 1 7 5 2 9 0 
74,2.06528e-06,2.37904e-06,1.91566e-06,50,100,100,420336,6 11 3 8 14 4 10 12 13 1 7 5 2 9 0 
75,2.05655e-06,2.37904e-06,1.90173e-06,50,100,100,420336,6 11 3 8 14 4 10 12 13 1 7 5 2 9 0 
76,2.0607e-06,2.37904e-06,1.91981e-06,50,100,100,420336,6 11 3 8 14 4 10 12 13 1 7 5 2 9 0 
77,2.06676e-06,2.37904e-06,1.87444e-06,50,100,100,420336,6 11 3 8 14 4 10 12 13 1 7 5 2 9 0 
78,2.06455e-06,2.37904e-06,1.89405e-06,50,100,100,420336,6 11 3 8 14 4 10 12 13 1 7 5 2 9 0 
79,2.06596e-06,2.37904e-06,1.93128e-06,50,100,100,420336,6 11 3 8 14 4 10 12 13 1 7 5 2 9 0 
80,2.06074e-06,2.37904e-06,1.86161e-06,50,100,100,420336,6 11 3 8 14 4 10 12 13 1 7 5 2 9 0 
81,2.06198e-06,2.37904e-06,1.95196e-06,50,100,100,420336,6 11 3 8 14 4 10 12 13 1 7 5 2 9 0 
82,2.06199e-06,2.37904e-06,1.90969e-06,50,100,100,420336,6 11 3 8 14 4 10 12 13 1 7 5 2 9 0 
83,2.05474e-06,2.37904e-06,1.89548e-06,50,100,100,420336,6 11 3 8 14 4 10 12 13 1 7 5 2 9 0 
84,2.0519e-06,2.37904e-06,1.88617e-06,50,100,100,420336,6 11 3 8 14 4 10 12 13 1 7 5 2 9 0 
85,2.05541e-06,2.37904e-06,1.91144e-06,50,100,100,420336,6 11 3 8 14 4 10 12 13 1 7 5 2 9 0 
86,2.05608e-06,2.37904e-06,1.89631e-06,50,100,100,420336,6 11 3 8 14 4 10 12 13 1 7 5 2 9 0 
87,2.0569e-06,2.37904e-06,1.9098e-06,50,100,100,420336,6 11 3 8 14 4 10 12 13 1 7 5 2 9 0 
88,2.06506e-06,2.37904e-06,1.90276e-06,50,100,100,420336,6 11 3 8 14 4 10 12 13 1 7 5 2 9 0 
89,2.06323e-06,2.37904e-06,1.93262e-06,50,100,100,420336,6 11 3 8 14 4 10 12 13 1 7 5 2 9 0 
90,2.06558e-06,2.37904e-06,1.91712e-06,50,100,100,420336,6 11 3 8 14 4 10 12 13 1 7 5 2 9 0 
91,2.0646e-06,2.37904e-06,1.92267e-06,50,100,100,420336,6 11 3 8 14 4 10 12 13 1 7 5 2 9 0 
92,2.06189e-06,2.37904e-06,1.92282e-06,50,100,100,420336,6 11 3 8 14 4 10 12 13 1 7 5 2 9 0 
93,2.04983e-06,2.37904e-06,1.9049e-06,50,100,100,420336,6 11 3 8 14 4 10 12 13 1 7 5 2 9 0 
94,2.0485e-06,2.37904e-06,1.93048e-06,50,100,100,420336,6 11 3 8 14 4 10 12 13 1 7 5 2 9 0 
95,2.04704e-06,2.37904e-06,1.88429e-06,50,100,100,420336,6 11 3 8 14 4 10 12 13 1 7 5 2 9 0 
96,2.06983e-06,2.37904e-06,1.88285e-06,50,100,100,420336,6 11 3 8 14 4 10 12 13 1 7 5 2 9 0 
97,2.06601e-06,2.37904e-06,1.90678e-06,50,100,100,420336,6 11 3 8 14 4 10 12 13 1 7 5 2 9 0 
98,2.06109e-06,2.37904e-06,1.91032e-06,50,100,100,420336,6 11 3 8 14 4 10 12 13 1 7 5 2 9 0 
99,2.0514e-06,2.37904e-06,1.89534e-06,50,100,100,420336,6 11 3 8 14 4 10 12 13 1 7 5 2 9 0 
100,2.05077e-06,2.37904e-06,1.90744e-06,50,100,100,420336,6 11 3 8 14 4 10 12 13 1 7 5 2 9 0 
101,2.06213e-06,2.37904e-06,1.91361e-06,50,100,100,420336,6 11 3 8 14 4 10 12 13 1 7 5 2 9 0 
102,2.06367e-06,2.37904e-06,1.91007e-06,50,100,100,420336,6 11 3 8 14 4 10 12 13 1 7 5 2 9 0 
103,2.06461e-06,2.37904e-06,1.9202e-06,50,100,100,420336,6 11 3 8 14 4 10 12 13 1 7 5 2 9 0 
104,2.0617e-06,2.37904e-06,1.89798e-06,50,100,100,420336,6 11 3 8 14 4 10 12 13 1 7 5 2 9 0 
105,2.05936e-06,2.37904e-06,1.90772e-06,50,100,100,420336,6 11 3 8 14 4 10 12 13 1 7 5 2 9 0 
106,2.04735e-06,2.37904e-06,1.91364e-06,50,100,100,420336,6 11 3 8 14 4 10 12 13 1 7 5 2 9 0 
107,2.0532e-06,2.37904e-06,1.89912e-06,50,100,100,420336,6 11 3 8 14 4 10 12 13 1 7 5 2 9 0 
108,2.04486e-06,2.37904e-06,1.88886e-06,50,100,100,420336,6 11 3 8 14 4 10 12 13 1 7 5 2 9 0 
109,2.06353e-06,2.37904e-06,1.92798e-06,50,100,100,420336,6 11 3 8 14 4 10 12 13 1 7 5 2 9 0 
110,2.06334e-06,2.37904e-06,1.91472e-06,50,100,100,420336,6 11 3 8 14 4 10 12 13 1 7 5 2 9 0 
111,2.05868e-06,2.37904e-06,1.85816e-06,50,100,100,420336,6 11 3 8 14 4 10 12 13 1 7 5 2 9 0 
112,2.05474e-06,2.37904e-06,1.92007e-06,50,100,100,420336,6 11 3 8 14 4 10 12 13 1 7 5 2 9 0 
113,2.05608e-06,2.37904e-06,1.91764e-06,50,100,100,420336,6 11 3 8 14 4 10 12 13 1 7 5 2 9 0 
114,2.06443e-06,2.37904e-06,1.91557e-06,50,100,100,420336,6 11 3 8 14 4 10 12 13 1 7 5 2 9 0 
115,2.04975e-06,2.37904e-06,1.9136e-06,50,100,100,420336,6 11 3 8 14 4 10 12 13 1 7 5 2 9 0 
116,2.04693e-06,2.37904e-06,1.89921e-06,50,100,100,420336,6 11 3 8 14 4 10 12 13 1 7 5 2 9 0 
117,2.05652e-06,2.37904e-06,1.89144e-06,50,100,100,420336,6 11 3 8 14 4 10 12 13 1 7 5 2 9 0 
118,2.0577e-06,2.37904e-06,1.907e-06,50,100,100,420336,6 11 3 8 14 4 10 12 13 1 7 5 2 9 0 
119,2.04591e-06,2.37904e-06,1.88018e-06,50,100,100,420336,6 11 3 8 14 4 10 12 13 1 7 5 2 9 0 
120,2.05831e-06,2.37904e-06,1.92893e-06,50,100,100,420336,6 11 3 8 14 4 10 12 13 1 7 5 2 9 0 
121,2.05657e-06,2.37904e-06,1.91809e-06,50,100,100,420336,6 11 3 8 14 4 10 12 13 1 7 5 2 9 0 
122,2.05922e-06,2.37904e-06,1.92047e-06,50,100,100,420336,6 11 3 8 14 4 10 12 13 1 7 5 2 9 0 
123,2.06612e-06,2.37904e-06,1.89331e-06,50,100,100,420336,6 11 3 8 14 4 10 12 13 1 7 5 2 9 0 
124,2.05259e-06,2.37904e-06,1.90005e-06,50,100,100,420336,6 11 3 8 14 4 10 12 13 1 7 5 2 9 0 
125,2.06266e-06,2.37904e-06,1.92999e-06,50,100,100,420336,6 11 3 8 14 4 10 12 13 1 7 5 2 9 0 
126,2.04679e-06,2.37904e-06,1.87921e-06,50,100,100,420336,6 11 3 8 14 4 10 12 13 1 7 5 2 9 0 
127,2.06278e-06,2.37904e-06,1.92352e-06,50,100,100,420336,6 11 3 8 14 4 10 12 13 1 7 5 2 9 0 
128,2.06701e-06,2.37904e-06,1.92581e-06,50,100,100,420336,6 11 3 8 14 4 10 12 13 1 7 5 2 9 0 
129,2.06671e-06,2.37904e-06,1.86421e-06,50,100,100,420336,6 11 3 8 14 4 10 12 13 1 7 5 2 9 0 
130,2.06827e-06,2.37904e-06,1.92929e-06,50,100,100,420336,6 11 3 8 14 4 10 12 13 1 7 5 2 9 0 
131,2.06459e-06,2.37904e-06,1.91662e-06,50,100,100,420336,6 11 3 8 14 4 10 12 13 1 7 5 2 9 0 
132,2.06805e-06,2.37904e-06,1.88694e-06,50,100,100,420336,6 11 3 8 14 4 10 12 13 1 7 5 2 9 0 
133,2.04815e-06,2.37904e-06,1.86735e-06,50,100,100,420336,6 11 3 8 14 4 10 12 13 1 7 5 2 9 0 
134,2.05695e-06,2.37904e-06,1.89626e-06,50,100,100,420336,6 11 3 8 14 4 10 12 13 1 7 5 2 9 0 
135,2.06826e-06,2.37904e-06,1.92413e-06,50,100,100,420336,6 11 3 8 14 4 10 12 13 1 7 5 2 9 0 
136,2.061e-06,2.37904e-06,1.91319e-06,50,100,100,420336,6 11 3 8 14 4 10 12 13 1 7 5 2 9 0 
137,2.06101e-06,2.37904e-06,1.9313e-06,50,100,100,420336,6 11 3 8 14 4 10 12 13 1 7 5 2 9 0 
138,2.05338e-06,2.37904e-06,1.92131e-06,50,100,100,420336,6 11 3 8 14 4 10 12 13 1 7 5 2 9 0 
139,2.06052e-06,2.37904e-06,1.92543e-06,50,100,100,420336,6 11 3 8 14 4 10 12 13 1 7 5 2 9 0 
140,2.06485e-06,2.37904e-06,1.90625e-06,50,100,100,420336,6 11 3 8 14 4 10 12 13 1 7 5 2 9 0 
141,2.06166e-06,2.37904e-06,1.92287e-06,50,100,100,420336,6 11 3 8 14 4 10 12 13 1 7 5 2 9 0 
142,2.0478e-06,2.37904e-06,1.86392e-06,50,100,100,420336,6 11 3 8 14 4 10 12 13 1 7 5 2 9 0 
143,2.05936e-06,2.37904e-06,1.92994e-06,50,100,100,420336,6 11 3 8 14 4 10 12 13 1 7 5 2 9 0 
144,2.05642e-06,2.37904e-06,1.899e-06,50,100,100,420336,6 11 3 8 14 4 10 12 13 1 7 5 2 9 0 
145,2.06519e-06,2.37904e-06,1.93576e-06,50,100,100,420336,6 11 3 8 14 4 10 12 13 1 7 5 2 9 0 
146,2.05254e-06,2.37904e-06,1.91093e-06,50,100,100,420336,6 11 3 8 14 4 10 12 13 1 7 5 2 9 0 
147,2.04888e-06,2.37904e-06,1.85793e-06,50,100,100,420336,6 11 3 8 14 4 10 12 13 1 7 5 2 9 0 
148,2.05591e-06,2.37904e-06,1.93092e-06,50,100,100,420336,6 11 3 8 14 4 10 12 13 1 7 5 2 9 0 
149,2.07113e-06,2.37904e-06,1.9313e-06,50,100,100,420336,6 11 3 8 14 4 10 12 13 1 7 5 2 9 0 
150,2.06844e-06,2.37904e-06,1.87355e-06,50,100,100,420336,6 11 3 8 14 4 10 12 13 1 7 5 2 9 0 
151,2.0816e-06,2.37904e-06,1.92725e-06,50,100,100,420336,6 11 3 8 14 4 10 12 13 1 7 5 2 9 0 
152,2.07297e-06,2.37904e-06,1.9526e-06,50,100,100,420336,6 11 3 8 14 4 10 12 13 1 7 5 2 9 0 
153,2.0603e-06,2.37904e-06,1.88506e-06,50,100,100,420336,6 11 3 8 14 4 10 12 13 1 7 5 2 9 0 
154,2.05641e-06,2.37904e-06,1.87111e-06,50,100,100,420336,6 11 3 8 14 4 10 12 13 1 7 5 2 9 0 
155,2.06579e-06,2.37904e-06,1.91699e-06,50,100,100,420336,6 11 3 8 14 4 10 12 13 1 7 5 2 9 0 
156,2.07198e-06,2.37904e-06,1.92691e-06,50,100,100,420336,6 11 3 8 14 4 10 12 13 1 7 5 2 9 0 
157,2.05526e-06,2.37904e-06,1.90792e-06,50,100,100,420336,6 11 3 8 14 4 10 12 13 1 7 5 2 9 0 
158,2.06267e-06,2.37904e-06,1.91253e-06,50,100,100,420336,6 11 3 8 14 4 10 12 13 1 7 5 2 9 0 
159,2.0485e-06,2.37904e-06,1.90056e-06,50,100,100,420336,6 11 3 8 14 4 10 12 13 1 7 5 2 9 0 
160,2.0651e-06,2.37904e-06,1.84745e-06,50,100,100,420336,6 11 3 8 14 4 10 12 13 1 7 5 2 9 0 
161,2.05782e-06,2.37904e-06,1.91186e-06,50,100,100,420336,6 11 3 8 14 4 10 12 13 1 7 5 2 9 0 
162,2.06106e-06,2.37904e-06,1.90905e-06,50,100,100,420336,6 11 3 8 14 4 10 12 13 1 7 5 2 9 0 
163,2.06975e-06,2.37904e-06,1.92988e-06,50,100,100,420336,6 11 3 8 14 4 10 12 13 1 7 5 2 9 0 
164,2.06869e-06,2.37904e-06,1.93924e-06,50,100,100,420336,6 11 3 8 14 4 10 12 13 1 7 5 2 9 0 
165,2.06566e-06,2.37904e-06,1.91452e-06,50,100,100,420336,6 11 3 8 14 4 10 12 13 1 7 5 2 9 0 
166,2.05299e-06,2.37904e-06,1.92427e-06,50,100,100,420336,6 11 3 8 14 4 10 12 13 1 7 5 2 9 0 
167,2.04645e-06,2.37904e-06,1.91117e-06,50,100,100,420336,6 11 3 8 14 4 10 12 13 1 7 5 2 9 0 
168,2.06129e-06,2.37904e-06,1.89204e-06,50,100,100,420336,6 11 3 8 14 4 10 12 13 1 7 5 2 9 0 
169,2.05959e-06,2.37904e-06,1.92335e-06,50,100,100,420336,6 11 3 8 14 4 10 12 13 1 7 5 2 9 0 
170,2.04968e-06,2.37904e-06,1.92241e-06,50,100,100,420336,6 11 3 8 14 4 10 12 13 1 7 5 2 9 0 
171,2.05915e-06,2.37904e-06,1.92911e-06,50,100,100,420336,6 11 3 8 14 4 10 12 13 1 7 5 2 9 0 
172,2.06442e-06,2.37904e-06,1.90084e-06,50,100,100,420336,6 11 3 8 14 4 10 12 13 1 7 5 2 9 0 
173,2.08391e-06,2.37904e-06,1.91604e-06,50,100,100,420336,6 11 3 8 14 4 10 12 13 1 7 5 2 9 0 
174,2.07736e-06,2.37904e-06,1.93295e-06,50,100,100,420336,6 11 3 8 14 4 10 12 13 1 7 5 2 9 0 
175,2.07307e-06,2.37904e-06,1.94477e-06,50,100,100,420336,6 11 3 8 14 4 10 12 13 1 7 5 2 9 0 
176,2.06316e-06,2.37904e-06,1.89302e-06,50,100,100,420336,6 11 3 8 14 4 10 12 13 1 7 5 2 9 0 
177,2.05955e-06,2.37904e-06,1.87797e-06,50,100,100,420336,6 11 3 8 14 4 10 12 13 1 7 5 2 9 0 
178,2.05967e-06,2.37904e-06,1.90625e-06,50,100,100,420336,6 11 3 8 14 4 10 12 13 1 7 5 2 9 0 
179,2.05486e-06,2.37904e-06,1.88697e-06,50,100,100,420336,6 11 3 8 14 4 10 12 13 1 7 5 2 9 0 
180,2.05804e-06,2.37904e-06,1.90772e-06,50,100,100,420336,6 11 3 8 14 4 10 12 13 1 7 5 2 9 0 
181,2.05272e-06,2.37904e-06,1.9248e-06,50,100,100,420336,6 11 3 8 14 4 10 12 13 1 7 5 2 9 0 
182,2.07015e-06,2.37904e-06,1.92494e-06,50,100,100,420336,6 11 3 8 14 4 10 12 13 1 7 5 2 9 0 
183,2.0567e-06,2.37904e-06,1.89512e-06,50,100,100,420336,6 11 3 8 14 4 10 12 13 1 7 5 2 9 0 
184,2.06132e-06,2.37904e-06,1.91432e-06,50,100,100,420336,6 11 3 8 14 4 10 12 13 1 7 5 2 9 0 
185,2.06181e-06,2.37904e-06,1.89633e-06,50,100,100,420336,6 11 3 8 14 4 10 12 13 1 7 5 2 9 0 
186,2.06962e-06,2.37904e-06,1.92557e-06,50,100,100,420336,6 11 3 8 14 4 10 12 13 1 7 5 2 9 0 
187,2.05667e-06,2.37904e-06,1.89943e-06,50,100,100,420336,6 11 3 8 14 4 10 12 13 1 7 5 2 9 0 
188,2.05773e-06,2.37904e-06,1.92276e-06,50,100,100,420336,6 11 3 8 14 4 10 12 13 1 7 5 2 9 0 
189,2.05699e-06,2.37904e-06,1.91418e-06,50,100,100,420336,6 11 3 8 14 4 10 12 13 1 7 5 2 9 0 
190,2.05226e-06,2.37904e-06,1.90932e-06,50,100,100,420336,6 11 3 8 14 4 10 12 13 1 7 5 2 9 0 
191,2.05656e-06,2.37904e-06,1.88294e-06,50,100,100,420336,6 11 3 8 14 4 10 12 13 1 7 5 2 9 0 
192,2.05558e-06,2.37904e-06,1.88094e-06,50,100,100,420336,6 11 3 8 14 4 10 12 13 1 7 5 2 9 0 
193,2.06869e-06,2.37904e-06,1.89949e-06,50,100,100,420336,6 11 3 8 14 4 10 12 13 1 7 5 2 9 0 
194,2.06112e-06,2.37904e-06,1.89335e-06,50,100,100,420336,6 11 3 8 14 4 10 12 13 1 7 5 2 9 0 
195,2.05265e-06,2.37904e-06,1.88782e-06,50,100,100,420336,6 11 3 8 14 4 10 12 13 1 7 5 2 9 0 
196,2.05625e-06,2.37904e-06,1.91623e-06,50,100,100,420336,6 11 3 8 14 4 10 12 13 1 7 5 2 9 0 
197,2.04644e-06,2.37904e-06,1.89028e-06,50,100,100,420336,6 11 3 8 14 4 10 12 13 1 7 5 2 9 0 
198,2.05664e-06,2.37904e-06,1.9086e-06,50,100,100,420336,6 11 3 8 14 4 10 12 13 1 7 5 2 9 0 
199,2.06492e-06,2.37904e-06,1.89412e-06,50,100,100,420336,6 11 3 8 14 4 10 12 13 1 7 5 2 9 0 
200,2.05307e-06,2.37904e-06,1.93002e-06,50,100,100,420336,6 11 3 8 14 4 10 12 13 1 7 5 2 9 0 
201,2.07075e-06,2.37904e-06,1.90141e-06,50,100,100,420336,6 11 3 8 14 4 10 12 13 1 7 5 2 9 0 
202,2.05743e-06,2.37904e-06,1.88679e-06,50,100,100,420336,6 11 3 8 14 4 10 12 13 1 7 5 2 9 0 
203,2.0635e-06,2.37904e-06,1.9164e-06,50,100,100,420336,6 11 3 8 14 4 10 12 13 1 7 5 2 9 0 
204,2.07841e-06,2.37904e-06,1.94989e-06,50,100,100,420336,6 11 3 8 14 4 10 12 13 1 7 5 2 9 0 
205,2.06432e-06,2.37904e-06,1.88434e-06,50,100,100,420336,6 11 3 8 14 4 10 12 13 1 7 5 2 9 0 
206,2.06301e-06,2.37904e-06,1.88592e-06,50,100,100,420336,6 11 3 8 14 4 10 12 13 1 7 5 2 9 0 
207,2.06478e-06,2.37904e-06,1.93436e-06,50,100,100,420336,6 11 3 8 14 4 10 12 13 1 7 5 2 9 0 
208,2.05354e-06,2.37904e-06,1.89017e-06,50,100,100,420336,6 11 3 8 14 4 10 12 13 1 7 5 2 9 0 
209,2.06288e-06,2.37904e-06,1.90785e-06,50,100,100,420336,6 11 3 8 14 4 10 12 13 1 7 5 2 9 0 
210,2.05722e-06,2.37904e-06,1.91672e-06,50,100,100,420336,6 11 3 8 14 4 10 12 13 1 7 5 2 9 0 
211,2.05941e-06,2.37904e-06,1.91375e-06,50,100,100,420336,6 11 3 8 14 4 10 12 13 1 7 5 2 9 0 
212,2.05534e-06,2.37904e-06,1.90109e-06,50,100,100,420336,6 11 3 8 14 4 10 12 13 1 7 5 2 9 0 
213,2.07153e-06,2.37904e-06,1.94824e-06,50,100,100,420336,6 11 3 8 14 4 10 12 13 1 7 5 2 9 0 
214,2.06146e-06,2.37904e-06,1.9227e-06,50,100,100,420336,6 11 3 8 14 4 10 12 13 1 7 5 2 9 0 
215,2.07404e-06,2.37904e-06,1.92132e-06,50,100,100,420336,6 11 3 8 14 4 10 12 13 1 7 5 2 9 0 
216,2.0614e-06,2.37904e-06,1.87674e-06,50,100,100,420336,6 11 3 8 14 4 10 12 13 1 7 5 2 9 0 
217,2.06267e-06,2.37904e-06,1.96331e-06,50,100,100,420336,6 11 3 8 14 4 10 12 13 1 7 5 2 9 0 
218,2.05909e-06,2.37904e-06,1.90028e-06,50,100,100,420336,6 11 3 8 14 4 10 12 13 1 7 5 2 9 0 
219,2.04459e-06,2.37904e-06,1.91129e-06,50,100,100,420336,6 11 3 8 14 4 10 12 13 1 7 5 2 9 0 
220,2.05404e-06,2.37904e-06,1.9193e-06,50,100,100,420336,6 11 3 8 14 4 10 12 13 1 7 5 2 9 0 
221,2.06507e-06,2.37904e-06,1.91028e-06,50,100,100,420336,6 11 3 8 14 4 10 12 13 1 7 5 2 9 0 
222,2.05911e-06,2.37904e-06,1.91135e-06,50,100,100,420336,6 11 3 8 14 4 10 12 13 1 7 5 2 9 0 
223,2.05648e-06,2.37904e-06,1.9047e-06,50,100,100,420336,6 11 3 8 14 4 10 12 13 1 7 5 2 9 0 
224,2.06468e-06,2.37904e-06,1.90723e-06,50,100,100,420336,6 11 3 8 14 4 10 12 13 1 7 5 2 9 0 
225,2.05415e-06,2.37904e-06,1.90511e-06,50,100,100,420336,6 11 3 8 14 4 10 12 13 1 7 5 2 9 0 
226,2.05026e-06,2.37904e-06,1.88685e-06,50,100,100,420336,6 11 3 8 14 4 10 12 13 1 7 5 2 9 0 
227,2.05717e-06,2.37904e-06,1.8868e-06,50,100,100,420336,6 11 3 8 14 4 10 12 13 1 7 5 2 9 0 
228,2.04943e-06,2.37904e-06,1.91869e-06,50,100,100,420336,6 11 3 8 14 4 10 12 13 1 7 5 2 9 0 
229,2.05635e-06,2.37904e-06,1.91704e-06,50,100,100,420336,6 11 3 8 14 4 10 12 13 1 7 5 2 9 0 
230,2.05468e-06,2.37904e-06,1.91627e-06,50,100,100,420336,6 11 3 8 14 4 10 12 13 1 7 5 2 9 0 
231,2.05173e-06,2.37904e-06,1.9013e-06,50,100,100,420336,6 11 3 8 14 4 10 12 13 1 7 5 2 9 0 
232,2.05428e-06,2.37904e-06,1.91881e-06,50,100,100,420336,6 11 3 8 14 4 10 12 13 1 7 5 2 9 0 
233,2.05185e-06,2.37904e-06,1.91959e-06,50,100,100,420336,6 11 3 8 14 4 10 12 13 1 7 5 2 9 0 
234,2.05401e-06,2.37904e-06,1.93445e-06,50,100,100,420336,6 11 3 8 14 4 10 12 13 1 7 5 2 9 0 
235,2.04176e-06,2.37904e-06,1.90864e-06,50,100,100,420336,6 11 3 8 14 4 10 12 13 1 7 5 2 9 0 
236,2.05457e-06,2.37904e-06,1.90696e-06,50,100,100,420336,6 11 3 8 14 4 10 12 13 1 7 5 2 9 0 
237,2.05902e-06,2.37904e-06,1.91627e-06,50,100,100,420336,6 11 3 8 14 4 10 12 13 1 7 5 2 9 0 
238,2.06175e-06,2.37904e-06,1.92025e-06,50,100,100,420336,6 11 3 8 14 4 10 12 13 1 7 5 2 9 0 
239,2.05932e-06,2.37904e-06,1.92729e-06,50,100,100,420336,6 11 3 8 14 4 10 12 13 1 7 5 2 9 0 
240,2.06137e-06,2.37904e-06,1.92919e-06,50,100,100,420336,6 11 3 8 14 4 10 12 13 1 7 5 2 9 0 
241,2.06109e-06,2.37904e-06,1.90753e-06,50,100,100,420336,6 11 3 8 14 4 10 12 13 1 7 5 2 9 0 
242,2.06144e-06,2.37904e-06,1.88948e-06,50,100,100,420336,6 11 3 8 14 4 10 12 13 1 7 5 2 9 0 
243,2.05563e-06,2.37904e-06,1.91423e-06,50,100,100,420336,6 11 3 8 14 4 10 12 13 1 7 5 2 9 0 
244,2.05239e-06,2.37904e-06,1.922e-06,50,100,100,420336,6 11 3 8 14 4 10 12 13 1 7 5 2 9 0 
245,2.06138e-06,2.37904e-06,1.92815e-06,50,100,100,420336,6 11 3 8 14 4 10 12 13 1 7 5 2 9 0 
246,2.04534e-06,2.37904e-06,1.9278e-06,50,100,100,420336,6 11 3 8 14 4 10 12 13 1 7 5 2 9 0 
247,2.05381e-06,2.37904e-06,1.89516e-06,50,100,100,420336,6 11 3 8 14 4 10 12 13 1 7 5 2 9 0 
248,2.04484e-06,2.37904e-06,1.90322e-06,50,100,100,420336,6 11 3 8 14 4 10 12 13 1 7 5 2 9 0 
249,2.05556e-06,2.37904e-06,1.92777e-06,50,100,100,420336,6 11 3 8 14 4 10 12 13 1 7 5 2 9 0 
250,2.07271e-06,2.37904e-06,1.91834e-06,50,100,100,420336,6 11 3 8 14 4 10 12 13 1 7 5 2 9 0 
251,2.06799e-06,2.37904e-06,1.93399e-06,50,100,100,420336,6 11 3 8 14 4 10 12 13 1 7 5 2 9 0 
252,2.05396e-06,2.37904e-06,1.89436e-06,50,100,100,420336,6 11 3 8 14 4 10 12 13 1 7 5 2 9 0 
253,2.06144e-06,2.37904e-06,1.90987e-06,50,100,100,420336,6 11 3 8 14 4 10 12 13 1 7 5 2 9 0 
254,2.05479e-06,2.37904e-06,1.88261e-06,50,100,100,420336,6 11 3 8 14 4 10 12 13 1 7 5 2 9 0 
255,2.06163e-06,2.37904e-06,1.91608e-06,50,100,100,420336,6 11 3 8 14 4 10 12 13 1 7 5 2 9 0 
256,2.05626e-06,2.37904e-06,1.88273e-06,50,100,100,420336,6 11 3 8 14 4 10 12 13 1 7 5 2 9 0 
257,2.06011e-06,2.37904e-06,1.90263e-06,50,100,100,420336,6 11 3 8 14 4 10 12 13 1 7 5 2 9 0 
258,2.06338e-06,2.37904e-06,1.90203e-06,50,100,100,420336,6 11 3 8 14 4 10 12 13 1 7 5 2 9 0 
259,2.05052e-06,2.37904e-06,1.89616e-06,50,100,100,420336,6 11 3 8 14 4 10 12 13 1 7 5 2 9 0 
260,2.0653e-06,2.37904e-06,1.94573e-06,50,100,100,420336,6 11 3 8 14 4 10 12 13 1 7 5 2 9 0 
261,2.07093e-06,2.37904e-06,1.93672e-06,50,100,100,420336,6 11 3 8 14 4 10 12 13 1 7 5 2 9 0 
262,2.06476e-06,2.37904e-06,1.89961e-06,50,100,100,420336,6 11 3 8 14 4 10 12 13 1 7 5 2 9 0 
263,2.05837e-06,2.37904e-06,1.90747e-06,50,100,100,420336,6 11 3 8 14 4 10 12 13 1 7 5 2 9 0 
264,2.05441e-06,2.37904e-06,1.91628e-06,50,100,100,420336,6 11 3 8 14 4 10 12 13 1 7 5 2 9 0 
265,2.05824e-06,2.37904e-06,1.92748e-06,50,100,100,420336,6 11 3 8 14 4 10 12 13 1 7 5 2 9 0 
266,2.06114e-06,2.37904e-06,1.91698e-06,50,100,100,420336,6 11 3 8 14 4 10 12 13 1 7 5 2 9 0 
267,2.06479e-06,2.37904e-06,1.90662e-06,50,100,100,420336,6 11 3 8 14 4 10 12 13 1 7 5 2 9 0 
268,2.05658e-06,2.37904e-06,1.92828e-06,50,100,100,420336,6 11 3 8 14 4 10 12 13 1 7 5 2 9 0 
269,2.0565e-06,2.37904e-06,1.88625e-06,50,100,100,420336,6 11 3 8 14 4 10 12 13 1 7 5 2 9 0 
270,2.04714e-06,2.37904e-06,1.90716e-06,50,100,100,420336,6 11 3 8 14 4 10 12 13 1 7 5 2 9 0 
271,2.04362e-06,2.37904e-06,1.88392e-06,50,100,100,420336,6 11 3 8 14 4 10 12 13 1 7 5 2 9 0 
272,2.04921e-06,2.37904e-06,1.93092e-06,50,100,100,420336,6 11 3 8 14 4 10 12 13 1 7 5 2 9 0 
273,2.05273e-06,2.37904e-06,1.90325e-06,50,100,100,420336,6 11 3 8 14 4 10 12 13 1 7 5 2 9 0 
274,2.05998e-06,2.37904e-06,1.91381e-06,50,100,100,420336,6 11 3 8 14 4 10 12 13 1 7 5 2 9 0 
275,2.05689e-06,2.37904e-06,1.92449e-06,50,100,100,420336,6 11 3 8 14 4 10 12 13 1 7 5 2 9 0 
276,2.06226e-06,2.37904e-06,1.89958e-06,50,100,100,420336,6 11 3 8 14 4 10 12 13 1 7 5 2 9 0 
277,2.05342e-06,2.37904e-06,1.90156e-06,50,100,100,420336,6 11 3 8 14 4 10 12 13 1 7 5 2 9 0 
278,2.04531e-06,2.37904e-06,1.91e-06,50,100,100,420336,6 11 3 8 14 4 10 12 13 1 7 5 2 9 0 
279,2.05686e-06,2.37904e-06,1.91884e-06,50,100,100,420336,6 11 3 8 14 4 10 12 13 1 7 5 2 9 0 
280,2.04797e-06,2.37904e-06,1.90261e-06,50,100,100,420336,6 11 3 8 14 4 10 12 13 1 7 5 2 9 0 
281,2.0585e-06,2.37904e-06,1.91505e-06,50,100,100,420336,6 11 3 8 14 4 10 12 13 1 7 5 2 9 0 
282,2.03978e-06,2.37904e-06,1.88829e-06,50,100,100,420336,6 11 3 8 14 4 10 12 13 1 7 5 2 9 0 
283,2.05112e-06,2.37904e-06,1.87899e-06,50,100,100,420336,6 11 3 8 14 4 10 12 13 1 7 5 2 9 0 
284,2.05619e-06,2.37904e-06,1.92853e-06,50,100,100,420336,6 11 3 8 14 4 10 12 13 1 7 5 2 9 0 
285,2.04523e-06,2.37904e-06,1.92284e-06,50,100,100,420336,6 11 3 8 14 4 10 12 13 1 7 5 2 9 0 
286,2.04461e-06,2.37904e-06,1.87697e-06,50,100,100,420336,6 11 3 8 14 4 10 12 13 1 7 5 2 9 0 
287,2.0516e-06,2.37904e-06,1.90301e-06,50,100,100,420336,6 11 3 8 14 4 10 12 13 1 7 5 2 9 0 
288,2.0488e-06,2.37904e-06,1.90324e-06,50,100,100,420336,6 11 3 8 14 4 10 12 13 1 7 5 2 9 0 
289,2.04898e-06,2.37904e-06,1.8859e-06,50,100,100,420336,6 11 3 8 14 4 10 12 13 1 7 5 2 9 0 
290,2.04821e-06,2.37904e-06,1.88684e-06,50,100,100,420336,6 11 3 8 14 4 10 12 13 1 7 5 2 9 0 
291,2.06045e-06,2.37904e-06,1.90546e-06,50,100,100,420336,6 11 3 8 14 4 10 12 13 1 7 5 2 9 0 
292,2.06295e-06,2.37904e-06,1.87131e-06,50,100,100,420336,6 11 3 8 14 4 10 12 13 1 7 5 2 9 0 
293,2.05644e-06,2.37904e-06,1.89884e-06,50,100,100,420336,6 11 3 8 14 4 10 12 13 1 7 5 2 9 0 
294,2.07012e-06,2.37904e-06,1.92845e-06,50,100,100,420336,6 11 3 8 14 4 10 12 13 1 7 5 2 9 0 
295,2.05199e-06,2.37904e-06,1.91508e-06,50,100,100,420336,6 11 3 8 14 4 10 12 13 1 7 5 2 9 0 
296,2.05679e-06,2.37904e-06,1.89346e-06,50,100,100,420336,6 11 3 8 14 4 10 12 13 1 7 5 2 9 0 
297,2.07121e-06,2.37904e-06,1.90992e-06,50,100,100,420336,6 11 3 8 14 4 10 12 13 1 7 5 2 9 0 
298,2.05872e-06,2.37904e-06,1.91291e-06,50,100,100,420336,6 11 3 8 14 4 10 12 13 1 7 5 2 9 0 
299,2.06105e-06,2.37904e-06,1.91111e-06,50,100,100,420336,6 11 3 8 14 4 10 12 13 1 7 5 2 9 0 
300,2.05913e-06,2.37904e-06,1.91587e-06,50,100,100,420336,6 11 3 8 14 4 10 12 13 1 7 5 2 9 0 
301,2.04763e-06,2.37904e-06,1.91197e-06,50,100,100,420336,6 11 3 8 14 4 10 12 13 1 7 5 2 9 0 
302,2.05958e-06,2.37904e-06,1.93334e-06,50,100,100,420336,6 11 3 8 14 4 10 12 13 1 7 5 2 9 0 
303,2.06415e-06,2.37904e-06,1.90693e-06,50,100,100,420336,6 11 3 8 14 4 10 12 13 1 7 5 2 9 0 
304,2.07691e-06,2.37904e-06,1.938e-06,50,100,100,420336,6 11 3 8 14 4 10 12 13 1 7 5 2 9 0 
305,2.06504e-06,2.37904e-06,1.90689e-06,50,100,100,420336,6 11 3 8 14 4 10 12 13 1 7 5 2 9 0 
306,2.06181e-06,2.37904e-06,1.91263e-06,50,100,100,420336,6 11 3 8 14 4 10 12 13 1 7 5 2 9 0 
307,2.05752e-06,2.37904e-06,1.87476e-06,50,100,100,420336,6 11 3 8 14 4 10 12 13 1 7 5 2 9 0 
308,2.05553e-06,2.37904e-06,1.93127e-06,50,100,100,420336,6 11 3 8 14 4 10 12 13 1 7 5 2 9 0 
309,2.04277e-06,2.37904e-06,1.92369e-06,50,100,100,420336,6 11 3 8 14 4 10 12 13 1 7 5 2 9 0 
310,2.05108e-06,2.37904e-06,1.90122e-06,50,100,100,420336,6 11 3 8 14 4 10 12 13 1 7 5 2 9 0 
311,2.05766e-06,2.37904e-06,1.90548e-06,50,100,100,420336,6 11 3 8 14 4 10 12 13 1 7 5 2 9 0 
312,2.05495e-06,2.37904e-06,1.92714e-06,50,100,100,420336,6 11 3 8 14 4 10 12 13 1 7 5 2 9 0 
313,2.06672e-06,2.37904e-06,1.9162e-06,50,100,100,420336,6 11 3 8 14 4 10 12 13 1 7 5 2 9 0 
314,2.06262e-06,2.37904e-06,1.9178e-06,50,100,100,420336,6 11 3 8 14 4 10 12 13 1 7 5 2 9 0 
315,2.05904e-06,2.37904e-06,1.89083e-06,50,100,100,420336,6 11 3 8 14 4 10 12 13 1 7 5 2 9 0 
316,2.05213e-06,2.37904e-06,1.91337e-06,50,100,100,420336,6 11 3 8 14 4 10 12 13 1 7 5 2 9 0 
317,2.05581e-06,2.37904e-06,1.91689e-06,50,100,100,420336,6 11 3 8 14 4 10 12 13 1 7 5 2 9 0 
318,2.05448e-06,2.37904e-06,1.89842e-06,50,100,100,420336,6 11 3 8 14 4 10 12 13 1 7 5 2 9 0 
319,2.05822e-06,2.37904e-06,1.92194e-06,50,100,100,420336,6 11 3 8 14 4 10 12 13 1 7 5 2 9 0 
320,2.06394e-06,2.37904e-06,1.94528e-06,50,100,100,420336,6 11 3 8 14 4 10 12 13 1 7 5 2 9 0 
321,2.05657e-06,2.37904e-06,1.92747e-06,50,100,100,420336,6 11 3 8 14 4 10 12 13 1 7 5 2 9 0 
322,2.06081e-06,2.37904e-06,1.88338e-06,50,100,100,420336,6 11 3 8 14 4 10 12 13 1 7 5 2 9 0 
323,2.05856e-06,2.37904e-06,1.90775e-06,50,100,100,420336,6 11 3 8 14 4 10 12 13 1 7 5 2 9 0 
324,2.05558e-06,2.37904e-06,1.89169e-06,50,100,100,420336,6 11 3 8 14 4 10 12 13 1 7 5 2 9 0 
325,2.05701e-06,2.37904e-06,1.91795e-06,50,100,100,420336,6 11 3 8 14 4 10 12 13 1 7 5 2 9 0 
326,2.04843e-06,2.37904e-06,1.87841e-06,50,100,100,420336,6 11 3 8 14 4 10 12 13 1 7 5 2 9 0 
327,2.05903e-06,2.37904e-06,1.90005e-06,50,100,100,420336,6 11 3 8 14 4 10 12 13 1 7 5 2 9 0 
328,2.05836e-06,2.37904e-06,1.90488e-06,50,100,100,420336,6 11 3 8 14 4 10 12 13 1 7 5 2 9 0 
329,2.05919e-06,2.37904e-06,1.90715e-06,50,100,100,420336,6 11 3 8 14 4 10 12 13 1 7 5 2 9 0 
330,2.06233e-06,2.37904e-06,1.92173e-06,50,100,100,420336,6 11 3 8 14 4 10 12 13 1 7 5 2 9 0 
331,2.06608e-06,2.37904e-06,1.90676e-06,50,100,100,420336,6 11 3 8 14 4 10 12 13 1 7 5 2 9 0 
332,2.05878e-06,2.37904e-06,1.88993e-06,50,100,100,420336,6 11 3 8 14 4 10 12 13 1 7 5 2 9 0 
333,2.05882e-06,2.37904e-06,1.9195e-06,50,100,100,420336,6 11 3 8 14 4 10 12 13 1 7 5 2 9 0 
334,2.06194e-06,2.37904e-06,1.91999e-06,50,100,100,420336,6 11 3 8 14 4 10 12 13 1 7 5 2 9 0 
335,2.05659e-06,2.37904e-06,1.90466e-06,50,100,100,420336,6 11 3 8 14 4 10 12 13 1 7 5 2 9 0 
336,2.05954e-06,2.37904e-06,1.9306e-06,50,100,100,420336,6 11 3 8 14 4 10 12 13 1 7 5 2 9 0 
337,2.06457e-06,2.37904e-06,1.92141e-06,50,100,100,420336,6 11 3 8 14 4 10 12 13 1 7 5 2 9 0 
338,2.06325e-06,2.37904e-06,1.91395e-06,50,100,100,420336,6 11 3 8 14 4 10 12 13 1 7 5 2 9 0 
339,2.06962e-06,2.37904e-06,1.93583e-06,50,100,100,420336,6 11 3 8 14 4 10 12 13 1 7 5 2 9 0 
340,2.04804e-06,2.37904e-06,1.86265e-06,50,100,100,420336,6 11 3 8 14 4 10 12 13 1 7 5 2 9 0 
341,2.0647e-06,2.37904e-06,1.89667e-06,50,100,100,420336,6 11 3 8 14 4 10 12 13 1 7 5 2 9 0 
342,2.05703e-06,2.37904e-06,1.93575e-06,50,100,100,420336,6 11 3 8 14 4 10 12 13 1 7 5 2 9 0 
343,2.06562e-06,2.37904e-06,1.95e-06,50,100,100,420336,6 11 3 8 14 4 10 12 13 1 7 5 2 9 0 
344,2.07079e-06,2.37904e-06,1.92421e-06,50,100,100,420336,6 11 3 8 14 4 10 12 13 1 7 5 2 9 0 
345,2.06065e-06,2.37904e-06,1.89055e-06,50,100,100,420336,6 11 3 8 14 4 10 12 13 1 7 5 2 9 0 
346,2.06409e-06,2.37904e-06,1.90967e-06,50,100,100,420336,6 11 3 8 14 4 10 12 13 1 7 5 2 9 0 
347,2.066e-06,2.37904e-06,1.93083e-06,50,100,100,420336,6 11 3 8 14 4 10 12 13 1 7 5 2 9 0 
348,2.07256e-06,2.37904e-06,1.9426e-06,50,100,100,420336,6 11 3 8 14 4 10 12 13 1 7 5 2 9 0 
349,2.07356e-06,2.37904e-06,1.93484e-06,50,100,100,420336,6 11 3 8 14 4 10 12 13 1 7 5 2 9 0 
350,2.08053e-06,2.37904e-06,1.94508e-06,50,100,100,420336,6 11 3 8 14 4 10 12 13 1 7 5 2 9 0 
351,2.06797e-06,2.37904e-06,1.90283e-06,50,100,100,420336,6 11 3 8 14 4 10 12 13 1 7 5 2 9 0 
352,2.06484e-06,2.37904e-06,1.93906e-06,50,100,100,420336,6 11 3 8 14 4 10 12 13 1 7 5 2 9 0 
353,2.05869e-06,2.37904e-06,1.91356e-06,50,100,100,420336,6 11 3 8 14 4 10 12 13 1 7 5 2 9 0 
354,2.06605e-06,2.37904e-06,1.92764e-06,50,100,100,420336,6 11 3 8 14 4 10 12 13 1 7 5 2 9 0 
355,2.06281e-06,2.37904e-06,1.92651e-06,50,100,100,420336,6 11 3 8 14 4 10 12 13 1 7 5 2 9 0 
356,2.06755e-06,2.37904e-06,1.94266e-06,50,100,100,420336,6 11 3 8 14 4 10 12 13 1 7 5 2 9 0 
357,2.05941e-06,2.37904e-06,1.92284e-06,50,100,100,420336,6 11 3 8 14 4 10 12 13 1 7 5 2 9 0 
358,2.0589e-06,2.37904e-06,1.92693e-06,50,100,100,420336,6 11 3 8 14 4 10 12 13 1 7 5 2 9 0 
359,2.07136e-06,2.37904e-06,1.90831e-06,50,100,100,420336,6 11 3 8 14 4 10 12 13 1 7 5 2 9 0 
360,2.08314e-06,2.37904e-06,1.9305e-06,50,100,100,420336,6 11 3 8 14 4 10 12 13 1 7 5 2 9 0 
361,2.05769e-06,2.37904e-06,1.92822e-06,50,100,100,420336,6 11 3 8 14 4 10 12 13 1 7 5 2 9 0 
362,2.06272e-06,2.37904e-06,1.92427e-06,50,100,100,420336,6 11 3 8 14 4 10 12 13 1 7 5 2 9 0 
363,2.05883e-06,2.37904e-06,1.90715e-06,50,100,100,420336,6 11 3 8 14 4 10 12 13 1 7 5 2 9 0 
364,2.06839e-06,2.37904e-06,1.92975e-06,50,100,100,420336,6 11 3 8 14 4 10 12 13 1 7 5 2 9 0 
365,2.05824e-06,2.37904e-06,1.89449e-06,50,100,100,420336,6 11 3 8 14 4 10 12 13 1 7 5 2 9 0 
366,2.0619e-06,2.37904e-06,1.89947e-06,50,100,100,420336,6 11 3 8 14 4 10 12 13 1 7 5 2 9 0 
367,2.06155e-06,2.37904e-06,1.89238e-06,50,100,100,420336,6 11 3 8 14 4 10 12 13 1 7 5 2 9 0 
368,2.07135e-06,2.37904e-06,1.87442e-06,50,100,100,420336,6 11 3 8 14 4 10 12 13 1 7 5 2 9 0 
369,2.05356e-06,2.37904e-06,1.92209e-06,50,100,100,420336,6 11 3 8 14 4 10 12 13 1 7 5 2 9 0 
370,2.05953e-06,2.37904e-06,1.9504e-06,50,100,100,420336,6 11 3 8 14 4 10 12 13 1 7 5 2 9 0 
371,2.05735e-06,2.37904e-06,1.91768e-06,50,100,100,420336,6 11 3 8 14 4 10 12 13 1 7 5 2 9 0 
372,2.06504e-06,2.37904e-06,1.91534e-06,50,100,100,420336,6 11 3 8 14 4 10 12 13 1 7 5 2 9 0 
373,2.07304e-06,2.37904e-06,1.89521e-06,50,100,100,420336,6 11 3 8 14 4 10 12 13 1 7 5 2 9 0 
374,2.07262e-06,2.37904e-06,1.93419e-06,50,100,100,420336,6 11 3 8 14 4 10 12 13 1 7 5 2 9 0 
375,2.06999e-06,2.37904e-06,1.92652e-06,50,100,100,420336,6 11 3 8 14 4 10 12 13 1 7 5 2 9 0 
376,2.06973e-06,2.37904e-06,1.9478e-06,50,100,100,420336,6 11 3 8 14 4 10 12 13 1 7 5 2 9 0 
377,2.06493e-06,2.37904e-06,1.91468e-06,50,100,100,420336,6 11 3 8 14 4 10 12 13 1 7 5 2 9 0 
378,2.06331e-06,2.37904e-06,1.90255e-06,50,100,100,420336,6 11 3 8 14 4 10 12 13 1 7 5 2 9 0 
379,2.06345e-06,2.37904e-06,1.90608e-06,50,100,100,420336,6 11 3 8 14 4 10 12 13 1 7 5 2 9 0 
380,2.06025e-06,2.37904e-06,1.92508e-06,50,100,100,420336,6 11 3 8 14 4 10 12 13 1 7 5 2 9 0 
381,2.06328e-06,2.37904e-06,1.91201e-06,50,100,100,420336,6 11 3 8 14 4 10 12 13 1 7 5 2 9 0 
382,2.05184e-06,2.37904e-06,1.88219e-06,50,100,100,420336,6 11 3 8 14 4 10 12 13 1 7 5 2 9 0 
383,2.05946e-06,2.37904e-06,1.90416e-06,50,100,100,420336,6 11 3 8 14 4 10 12 13 1 7 5 2 9 0 
384,2.06557e-06,2.37904e-06,1.90404e-06,50,100,100,420336,6 11 3 8 14 4 10 12 13 1 7 5 2 9 0 
385,2.07602e-06,2.37904e-06,1.93235e-06,50,100,100,420336,6 11 3 8 14 4 10 12 13 1 7 5 2 9 0 
386,2.06544e-06,2.37904e-06,1.91272e-06,50,100,100,420336,6 11 3 8 14 4 10 12 13 1 7 5 2 9 0 
387,2.05956e-06,2.37904e-06,1.87223e-06,50,100,100,420336,6 11 3 8 14 4 10 12 13 1 7 5 2 9 0 
388,2.05345e-06,2.37904e-06,1.89327e-06,50,100,100,420336,6 11 3 8 14 4 10 12 13 1 7 5 2 9 0 
389,2.05738e-06,2.37904e-06,1.89798e-06,50,100,100,420336,6 11 3 8 14 4 10 12 13 1 7 5 2 9 0 
390,2.05861e-06,2.37904e-06,1.92992e-06,50,100,100,420336,6 11 3 8 14 4 10 12 13 1 7 5 2 9 0 
391,2.05398e-06,2.37904e-06,1.92121e-06,50,100,100,420336,6 11 3 8 14 4 10 12 13 1 7 5 2 9 0 
392,2.05733e-06,2.37904e-06,1.93174e-06,50,100,100,420336,6 11 3 8 14 4 10 12 13 1 7 5 2 9 0 
393,2.06557e-06,2.37904e-06,1.92409e-06,50,100,100,420336,6 11 3 8 14 4 10 12 13 1 7 5 2 9 0 
394,2.06991e-06,2.37904e-06,1.94503e-06,50,100,100,420336,6 11 3 8 14 4 10 12 13 1 7 5 2 9 0 
395,2.04872e-06,2.37904e-06,1.90208e-06,50,100,100,420336,6 11 3 8 14 4 10 12 13 1 7 5 2 9 0 
396,2.06562e-06,2.37904e-06,1.93292e-06,50,100,100,420336,6 11 3 8 14 4 10 12 13 1 7 5 2 9 0 
397,2.06822e-06,2.37904e-06,1.90415e-06,50,100,100,420336,6 11 3 8 14 4 10 12 13 1 7 5 2 9 0 
398,2.05858e-06,2.37904e-06,1.9109e-06,50,100,100,420336,6 11 3 8 14 4 10 12 13 1 7 5 2 9 0 
399,2.06781e-06,2.37904e-06,1.91225e-06,50,100,100,420336,6 11 3 8 14 4 10 12 13 1 7 5 2 9 0 
400,2.04943e-06,2.37904e-06,1.86747e-06,50,100,100,420336,6 11 3 8 14 4 10 12 13 1 7 5 2 9 0 
401,2.05498e-06,2.37904e-06,1.89901e-06,50,100,100,420336,6 11 3 8 14 4 10 12 13 1 7 5 2 9 0 
402,2.06158e-06,2.37904e-06,1.91681e-06,50,100,100,420336,6 11 3 8 14 4 10 12 13 1 7 5 2 9 0 
403,2.07056e-06,2.37904e-06,1.89953e-06,50,100,100,420336,6 11 3 8 14 4 10 12 13 1 7 5 2 9 0 
404,2.0645e-06,2.37904e-06,1.92581e-06,50,100,100,420336,6 11 3 8 14 4 10 12 13 1 7 5 2 9 0 
405,2.06571e-06,2.37904e-06,1.91143e-06,50,100,100,420336,6 11 3 8 14 4 10 12 13 1 7 5 2 9 0 
406,2.06462e-06,2.37904e-06,1.9161e-06,50,100,100,420336,6 11 3 8 14 4 10 12 13 1 7 5 2 9 0 
407,2.06408e-06,2.37904e-06,1.92472e-06,50,100,100,420336,6 11 3 8 14 4 10 12 13 1 7 5 2 9 0 
408,2.05699e-06,2.37904e-06,1.88781e-06,50,100,100,420336,6 11 3 8 14 4 10 12 13 1 7 5 2 9 0 
409,2.06562e-06,2.37904e-06,1.90625e-06,50,100,100,420336,6 11 3 8 14 4 10 12 13 1 7 5 2 9 0 
410,2.06449e-06,2.37904e-06,1.89271e-06,50,100,100,420336,6 11 3 8 14 4 10 12 13 1 7 5 2 9 0 
411,2.05491e-06,2.37904e-06,1.89386e-06,50,100,100,420336,6 11 3 8 14 4 10 12 13 1 7 5 2 9 0 
412,2.0575e-06,2.37904e-06,1.86957e-06,50,100,100,420336,6 11 3 8 14 4 10 12 13 1 7 5 2 9 0 
413,2.06968e-06,2.37904e-06,1.89901e-06,50,100,100,420336,6 11 3 8 14 4 10 12 13 1 7 5 2 9 0 
414,2.05887e-06,2.37904e-06,1.89649e-06,50,100,100,420336,6 11 3 8 14 4 10 12 13 1 7 5 2 9 0 
415,2.05244e-06,2.37904e-06,1.91174e-06,50,100,100,420336,6 11 3 8 14 4 10 12 13 1 7 5 2 9 0 
416,2.06137e-06,2.37904e-06,1.91408e-06,50,100,100,420336,6 11 3 8 14 4 10 12 13 1 7 5 2 9 0 
417,2.06222e-06,2.37904e-06,1.89934e-06,50,100,100,420336,6 11 3 8 14 4 10 12 13 1 7 5 2 9 0 
418,2.07012e-06,2.37904e-06,1.94299e-06,50,100,100,420336,6 11 3 8 14 4 10 12 13 1 7 5 2 9 0 
419,2.06631e-06,2.37904e-06,1.90054e-06,50,100,100,420336,6 11 3 8 14 4 10 12 13 1 7 5 2 9 0 
420,2.05651e-06,2.37904e-06,1.91432e-06,50,100,100,420336,6 11 3 8 14 4 10 12 13 1 7 5 2 9 0 
421,2.0561e-06,2.37904e-06,1.94319e-06,50,100,100,420336,6 11 3 8 14 4 10 12 13 1 7 5 2 9 0 
422,2.06324e-06,2.37904e-06,1.89328e-06,50,100,100,420336,6 11 3 8 14 4 10 12 13 1 7 5 2 9 0 
423,2.0642e-06,2.37904e-06,1.91734e-06,50,100,100,420336,6 11 3 8 14 4 10 12 13 1 7 5 2 9 0 
424,2.07462e-06,2.37904e-06,1.94962e-06,50,100,100,420336,6 11 3 8 14 4 10 12 13 1 7 5 2 9 0 
425,2.06048e-06,2.37904e-06,1.92863e-06,50,100,100,420336,6 11 3 8 14 4 10 12 13 1 7 5 2 9 0 
426,2.05495e-06,2.37904e-06,1.90192e-06,50,100,100,420336,6 11 3 8 14 4 10 12 13 1 7 5 2 9 0 
427,2.06014e-06,2.37904e-06,1.91364e-06,50,100,100,420336,6 11 3 8 14 4 10 12 13 1 7 5 2 9 0 
428,2.08528e-06,2.37904e-06,1.9496e-06,50,100,100,420336,6 11 3 8 14 4 10 12 13 1 7 5 2 9 0 
429,2.0678e-06,2.37904e-06,1.92267e-06,50,100,100,420336,6 11 3 8 14 4 10 12 13 1 7 5 2 9 0 
430,2.06129e-06,2.37904e-06,1.90337e-06,50,100,100,420336,6 11 3 8 14 4 10 12 13 1 7 5 2 9 0 
431,2.07693e-06,2.37904e-06,1.9099e-06,50,100,100,420336,6 11 3 8 14 4 10 12 13 1 7 5 2 9 0 
432,2.06935e-06,2.37904e-06,1.9271e-06,50,100,100,420336,6 11 3 8 14 4 10 12 13 1 7 5 2 9 0 
433,2.06087e-06,2.37904e-06,1.91868e-06,50,100,100,420336,6 11 3 8 14 4 10 12 13 1 7 5 2 9 0 
434,2.04791e-06,2.37904e-06,1.89387e-06,50,100,100,420336,6 11 3 8 14 4 10 12 13 1 7 5 2 9 0 
435,2.06303e-06,2.37904e-06,1.89798e-06,50,100,100,420336,6 11 3 8 14 4 10 12 13 1 7 5 2 9 0 
436,2.05313e-06,2.37904e-06,1.89397e-06,50,100,100,420336,6 11 3 8 14 4 10 12 13 1 7 5 2 9 0 
437,2.05298e-06,2.37904e-06,1.90075e-06,50,100,100,420336,6 11 3 8 14 4 10 12 13 1 7 5 2 9 0 
438,2.05046e-06,2.37904e-06,1.91739e-06,50,100,100,420336,6 11 3 8 14 4 10 12 13 1 7 5 2 9 0 
439,2.05646e-06,2.37904e-06,1.90601e-06,50,100,100,420336,6 11 3 8 14 4 10 12 13 1 7 5 2 9 0 
440,2.06182e-06,2.37904e-06,1.91187e-06,50,100,100,420336,6 11 3 8 14 4 10 12 13 1 7 5 2 9 0 
441,2.04327e-06,2.37904e-06,1.89554e-06,50,100,100,420336,6 11 3 8 14 4 10 12 13 1 7 5 2 9 0 
442,2.0521e-06,2.37904e-06,1.87613e-06,50,100,100,420336,6 11 3 8 14 4 10 12 13 1 7 5 2 9 0 
443,2.06233e-06,2.37904e-06,1.90183e-06,50,100,100,420336,6 11 3 8 14 4 10 12 13 1 7 5 2 9 0 
444,2.0627e-06,2.37904e-06,1.92332e-06,50,100,100,420336,6 11 3 8 14 4 10 12 13 1 7 5 2 9 0 
445,2.06397e-06,2.37904e-06,1.91509e-06,50,100,100,420336,6 11 3 8 14 4 10 12 13 1 7 5 2 9 0 
446,2.0604e-06,2.37904e-06,1.93401e-06,50,100,100,420336,6 11 3 8 14 4 10 12 13 1 7 5 2 9 0 
447,2.05484e-06,2.37904e-06,1.89678e-06,50,100,100,420336,6 11 3 8 14 4 10 12 13 1 7 5 2 9 0 
448,2.06016e-06,2.37904e-06,1.9079e-06,50,100,100,420336,6 11 3 8 14 4 10 12 13 1 7 5 2 9 0 
449,2.05903e-06,2.37904e-06,1.91148e-06,50,100,100,420336,6 11 3 8 14 4 10 12 13 1 7 5 2 9 0 
450,2.05228e-06,2.37904e-06,1.88358e-06,50,100,100,420336,6 11 3 8 14 4 10 12 13 1 7 5 2 9 0 
451,2.06923e-06,2.37904e-06,1.90774e-06,50,100,100,420336,6 11 3 8 14 4 10 12 13 1 7 5 2 9 0 
452,2.05823e-06,2.37904e-06,1.89176e-06,50,100,100,420336,6 11 3 8 14 4 10 12 13 1 7 5 2 9 0 
453,2.06923e-06,2.37904e-06,1.88054e-06,50,100,100,420336,6 11 3 8 14 4 10 12 13 1 7 5 2 9 0 
454,2.0695e-06,2.38432e-06,1.94119e-06,50,100,100,419406,10 11 3 8 14 4 6 12 13 1 7 5 2 9 0 
455,2.08346e-06,2.38432e-06,1.93648e-06,50,100,100,419406,10 11 3 8 14 4 6 12 13 1 7 5 2 9 0 
456,2.07567e-06,2.38432e-06,1.8841e-06,50,100,100,419406,10 11 3 8 14 4 6 12 13 1 7 5 2 9 0 
457,2.07401e-06,2.38432e-06,1.92388e-06,50,100,100,419406,10 11 3 8 14 4 6 12 13 1 7 5 2 9 0 
458,2.06965e-06,2.38432e-06,1.91488e-06,50,100,100,419406,10 11 3 8 14 4 6 12 13 1 7 5 2 9 0 
459,2.06548e-06,2.38432e-06,1.9141e-06,50,100,100,419406,10 11 3 8 14 4 6 12 13 1 7 5 2 9 0 
460,2.05185e-06,2.38432e-06,1.90513e-06,50,100,100,419406,10 11 3 8 14 4 6 12 13 1 7 5 2 9 0 
461,2.05406e-06,2.38432e-06,1.90522e-06,50,100,100,419406,10 11 3 8 14 4 6 12 13 1 7 5 2 9 0 
462,2.05113e-06,2.38432e-06,1.91323e-06,50,100,100,419406,10 11 3 8 14 4 6 12 13 1 7 5 2 9 0 
463,2.06185e-06,2.38432e-06,1.91884e-06,50,100,100,419406,10 11 3 8 14 4 6 12 13 1 7 5 2 9 0 
464,2.07246e-06,2.38432e-06,1.93856e-06,50,100,100,419406,10 11 3 8 14 4 6 12 13 1 7 5 2 9 0 
465,2.08414e-06,2.38432e-06,1.95951e-06,50,100,100,419406,10 11 3 8 14 4 6 12 13 1 7 5 2 9 0 
466,2.07218e-06,2.38432e-06,1.89318e-06,50,100,100,419406,10 11 3 8 14 4 6 12 13 1 7 5 2 9 0 
467,2.06867e-06,2.38432e-06,1.90356e-06,50,100,100,419406,10 11 3 8 14 4 6 12 13 1 7 5 2 9 0 
468,2.06891e-06,2.38432e-06,1.88358e-06,50,100,100,419406,10 11 3 8 14 4 6 12 13 1 7 5 2 9 0 
469,2.07174e-06,2.38432e-06,1.94047e-06,50,100,100,419406,10 11 3 8 14 4 6 12 13 1 7 5 2 9 0 
470,2.06267e-06,2.38432e-06,1.91533e-06,50,100,100,419406,10 11 3 8 14 4 6 12 13 1 7 5 2 9 0 
471,2.06723e-06,2.38432e-06,1.89393e-06,50,100,100,419406,10 11 3 8 14 4 6 12 13 1 7 5 2 9 0 
472,2.07915e-06,2.38432e-06,1.92289e-06,50,100,100,419406,10 11 3 8 14 4 6 12 13 1 7 5 2 9 0 
473,2.06803e-06,2.38432e-06,1.90285e-06,50,100,100,419406,10 11 3 8 14 4 6 12 13 1 7 5 2 9 0 
474,2.07693e-06,2.38432e-06,1.92305e-06,50,100,100,419406,10 11 3 8 14 4 6 12 13 1 7 5 2 9 0 
475,2.07187e-06,2.38432e-06,1.92817e-06,50,100,100,419406,10 11 3 8 14 4 6 12 13 1 7 5 2 9 0 
476,2.07575e-06,2.38432e-06,1.91593e-06,50,100,100,419406,10 11 3 8 14 4 6 12 13 1 7 5 2 9 0 
477,2.07088e-06,2.38432e-06,1.90199e-06,50,100,100,419406,10 11 3 8 14 4 6 12 13 1 7 5 2 9 0 
478,2.05617e-06,2.38432e-06,1.92512e-06,50,100,100,419406,10 11 3 8 14 4 6 12 13 1 7 5 2 9 0 
479,2.06779e-06,2.38432e-06,1.90752e-06,50,100,100,419406,10 11 3 8 14 4 6 12 13 1 7 5 2 9 0 
480,2.05969e-06,2.38432e-06,1.9306e-06,50,100,100,419406,10 11 3 8 14 4 6 12 13 1 7 5 2 9 0 
481,2.05436e-06,2.38432e-06,1.89445e-06,50,100,100,419406,10 11 3 8 14 4 6 12 13 1 7 5 2 9 0 
482,2.06691e-06,2.38432e-06,1.89636e-06,50,100,100,419406,10 11 3 8 14 4 6 12 13 1 7 5 2 9 0 
483,2.05868e-06,2.38432e-06,1.92097e-06,50,100,100,419406,10 11 3 8 14 4 6 12 13 1 7 5 2 9 0 
484,2.06605e-06,2.38432e-06,1.91464e-06,50,100,100,419406,10 11 3 8 14 4 6 12 13 1 7 5 2 9 0 
485,2.07692e-06,2.38432e-06,1.94174e-06,50,100,100,419406,10 11 3 8 14 4 6 12 13 1 7 5 2 9 0 
486,2.072e-06,2.38432e-06,1.8631e-06,50,100,100,419406,10 11 3 8 14 4 6 12 13 1 7 5 2 9 0 
487,2.07241e-06,2.38432e-06,1.91125e-06,50,100,100,419406,10 11 3 8 14 4 6 12 13 1 7 5 2 9 0 
488,2.06669e-06,2.38432e-06,1.89748e-06,50,100,100,419406,10 11 3 8 14 4 6 12 13 1 7 5 2 9 0 
489,2.05937e-06,2.38432e-06,1.90198e-06,50,100,100,419406,10 11 3 8 14 4 6 12 13 1 7 5 2 9 0 
490,2.05376e-06,2.38432e-06,1.91079e-06,50,100,100,419406,10 11 3 8 14 4 6 12 13 1 7 5 2 9 0 
491,2.06272e-06,2.38432e-06,1.89261e-06,50,100,100,419406,10 11 3 8 14 4 6 12 13 1 7 5 2 9 0 
492,2.06057e-06,2.38432e-06,1.89626e-06,50,100,100,419406,10 11 3 8 14 4 6 12 13 1 7 5 2 9 0 
493,2.0561e-06,2.38432e-06,1.87969e-06,50,100,100,419406,10 11 3 8 14 4 6 12 13 1 7 5 2 9 0 
494,2.07004e-06,2.38432e-06,1.92137e-06,50,100,100,419406,10 11 3 8 14 4 6 12 13 1 7 5 2 9 0 
495,2.06786e-06,2.38432e-06,1.9438e-06,50,100,100,419406,10 11 3 8 14 4 6 12 13 1 7 5 2 9 0 
496,2.08039e-06,2.38432e-06,1.91534e-06,50,100,100,419406,10 11 3 8 14 4 6 12 13 1 7 5 2 9 0 
497,2.0489e-06,2.38432e-06,1.91667e-06,50,100,100,419406,10 11 3 8 14 4 6 12 13 1 7 5 2 9 0 
498,2.058e-06,2.38432e-06,1.9192e-06,50,100,100,419406,10 11 3 8 14 4 6 12 13 1 7 5 2 9 0 
499,2.06414e-06,2.38432e-06,1.90982e-06,50,100,100,419406,10 11 3 8 14 4 6 12 13 1 7 5 2 9 0 
500,2.05247e-06,2.38432e-06,1.89577e-06,50,100,100,419406,10 11 3 8 14 4 6 12 13 1 7 5 2 9 0 
501,2.05492e-06,2.38432e-06,1.90292e-06,50,100,100,419406,10 11 3 8 14 4 6 12 13 1 7 5 2 9 0 
502,2.072e-06,2.38432e-06,1.89478e-06,50,100,100,419406,10 11 3 8 14 4 6 12 13 1 7 5 2 9 0 
503,2.05446e-06,2.38432e-06,1.92925e-06,50,100,100,419406,10 11 3 8 14 4 6 12 13 1 7 5 2 9 0 
504,2.05109e-06,2.38432e-06,1.91172e-06,50,100,100,419406,10 11 3 8 14 4 6 12 13 1 7 5 2 9 0 
505,2.04683e-06,2.38432e-06,1.89234e-06,50,100,100,419406,10 11 3 8 14 4 6 12 13 1 7 5 2 9 0 
506,2.05551e-06,2.38432e-06,1.90632e-06,50,100,100,419406,10 11 3 8 14 4 6 12 13 1 7 5 2 9 0 
507,2.05842e-06,2.38432e-06,1.91209e-06,50,100,100,419406,10 11 3 8 14 4 6 12 13 1 7 5 2 9 0 
508,2.05654e-06,2.38432e-06,1.89939e-06,50,100,100,419406,10 11 3 8 14 4 6 12 13 1 7 5 2 9 0 
509,2.05879e-06,2.38432e-06,1.91329e-06,50,100,100,419406,10 11 3 8 14 4 6 12 13 1 7 5 2 9 0 
510,2.06186e-06,2.39856e-06,1.88307e-06,50,100,100,416916,10 11 3 8 14 6 2 12 13 1 7 5 4 9 0 
511,2.06269e-06,2.39856e-06,1.90866e-06,50,100,100,416916,10 11 3 8 14 6 2 12 13 1 7 5 4 9 0 
512,2.05157e-06,2.39856e-06,1.92142e-06,50,100,100,416916,10 11 3 8 14 6 2 12 13 1 7 5 4 9 0 
513,2.05326e-06,2.39856e-06,1.92398e-06,50,100,100,416916,10 11 3 8 14 6 2 12 13 1 7 5 4 9 0 
514,2.06411e-06,2.39856e-06,1.89432e-06,50,100,100,416916,10 11 3 8 14 6 2 12 13 1 7 5 4 9 0 
515,2.05069e-06,2.39856e-06,1.92196e-06,50,100,100,416916,10 11 3 8 14 6 2 12 13 1 7 5 4 9 0 
516,2.04821e-06,2.39856e-06,1.91743e-06,50,100,100,416916,10 11 3 8 14 6 2 12 13 1 7 5 4 9 0 
517,2.05958e-06,2.39856e-06,1.91547e-06,50,100,100,416916,10 11 3 8 14 6 2 12 13 1 7 5 4 9 0 
518,2.05847e-06,2.39856e-06,1.90441e-06,50,100,100,416916,10 11 3 8 14 6 2 12 13 1 7 5 4 9 0 
519,2.04717e-06,2.39856e-06,1.9121e-06,50,100,100,416916,10 11 3 8 14 6 2 12 13 1 7 5 4 9 0 
520,2.05623e-06,2.39856e-06,1.92503e-06,50,100,100,416916,10 11 3 8 14 6 2 12 13 1 7 5 4 9 0 
521,2.05391e-06,2.39856e-06,1.88529e-06,50,100,100,416916,10 11 3 8 14 6 2 12 13 1 7 5 4 9 0 
522,2.05847e-06,2.39856e-06,1.86864e-06,50,100,100,416916,10 11 3 8 14 6 2 12 13 1 7 5 4 9 0 
523,2.06254e-06,2.39856e-06,1.92722e-06,50,100,100,416916,10 11 3 8 14 6 2 12 13 1 7 5 4 9 0 
524,2.06371e-06,2.39856e-06,1.91589e-06,50,100,100,416916,10 11 3 8 14 6 2 12 13 1 7 5 4 9 0 
525,2.05887e-06,2.39856e-06,1.90952e-06,50,100,100,416916,10 11 3 8 14 6 2 12 13 1 7 5 4 9 0 
526,2.0537e-06,2.39856e-06,1.9086e-06,50,100,100,416916,10 11 3 8 14 6 2 12 13 1 7 5 4 9 0 
527,2.05348e-06,2.39856e-06,1.90681e-06,50,100,100,416916,10 11 3 8 14 6 2 12 13 1 7 5 4 9 0 
528,2.04481e-06,2.39856e-06,1.9189e-06,50,100,100,416916,10 11 3 8 14 6 2 12 13 1 7 5 4 9 0 
529,2.03792e-06,2.39856e-06,1.88913e-06,50,100,100,416916,10 11 3 8 14 6 2 12 13 1 7 5 4 9 0 
530,2.04975e-06,2.39856e-06,1.93289e-06,50,100,100,416916,10 11 3 8 14 6 2 12 13 1 7 5 4 9 0 
531,2.06032e-06,2.39856e-06,1.90457e-06,50,100,100,416916,10 11 3 8 14 6 2 12 13 1 7 5 4 9 0 
532,2.05485e-06,2.39856e-06,1.90099e-06,50,100,100,416916,10 11 3 8 14 6 2 12 13 1 7 5 4 9 0 
533,2.04508e-06,2.39856e-06,1.90657e-06,50,100,100,416916,10 11 3 8 14 6 2 12 13 1 7 5 4 9 0 
534,2.06161e-06,2.39856e-06,1.94252e-06,50,100,100,416916,10 11 3 8 14 6 2 12 13 1 7 5 4 9 0 
535,2.04293e-06,2.39856e-06,1.87584e-06,50,100,100,416916,10 11 3 8 14 6 2 12 13 1 7 5 4 9 0 
536,2.05983e-06,2.39856e-06,1.91255e-06,50,100,100,416916,10 11 3 8 14 6 2 12 13 1 7 5 4 9 0 
537,2.05785e-06,2.39856e-06,1.9286e-06,50,100,100,416916,10 11 3 8 14 6 2 12 13 1 7 5 4 9 0 
538,2.06069e-06,2.39856e-06,1.91636e-06,50,100,100,416916,10 11 3 8 14 6 2 12 13 1 7 5 4 9 0 
539,2.06102e-06,2.39856e-06,1.90671e-06,50,100,100,416916,10 11 3 8 14 6 2 12 13 1 7 5 4 9 0 
540,2.06022e-06,2.39856e-06,1.88799e-06,50,100,100,416916,10 11 3 8 14 6 2 12 13 1 7 5 4 9 0 
541,2.06393e-06,2.39856e-06,1.91546e-06,50,100,100,416916,10 11 3 8 14 6 2 12 13 1 7 5 4 9 0 
542,2.05283e-06,2.39856e-06,1.89062e-06,50,100,100,416916,10 11 3 8 14 6 2 12 13 1 7 5 4 9 0 
543,2.04547e-06,2.39856e-06,1.8932e-06,50,100,100,416916,10 11 3 8 14 6 2 12 13 1 7 5 4 9 0 
544,2.05044e-06,2.39856e-06,1.89315e-06,50,100,100,416916,10 11 3 8 14 6 2 12 13 1 7 5 4 9 0 
545,2.05781e-06,2.39856e-06,1.91524e-06,50,100,100,416916,10 11 3 8 14 6 2 12 13 1 7 5 4 9 0 
546,2.07233e-06,2.39856e-06,1.89248e-06,50,100,100,416916,10 11 3 8 14 6 2 12 13 1 7 5 4 9 0 
547,2.05603e-06,2.39856e-06,1.89737e-06,50,100,100,416916,10 11 3 8 14 6 2 12 13 1 7 5 4 9 0 
548,2.05896e-06,2.39856e-06,1.8969e-06,50,100,100,416916,10 11 3 8 14 6 2 12 13 1 7 5 4 9 0 
549,2.05315e-06,2.39856e-06,1.90766e-06,50,100,100,416916,10 11 3 8 14 6 2 12 13 1 7 5 4 9 0 
550,2.06873e-06,2.39856e-06,1.91779e-06,50,100,100,416916,10 11 3 8 14 6 2 12 13 1 7 5 4 9 0 
551,2.07367e-06,2.39856e-06,1.93276e-06,50,100,100,416916,10 11 3 8 14 6 2 12 13 1 7 5 4 9 0 
552,2.06078e-06,2.39856e-06,1.89437e-06,50,100,100,416916,10 11 3 8 14 6 2 12 13 1 7 5 4 9 0 
553,2.04925e-06,2.39856e-06,1.9303e-06,50,100,100,416916,10 11 3 8 14 6 2 12 13 1 7 5 4 9 0 
554,2.05271e-06,2.39856e-06,1.89796e-06,50,100,100,416916,10 11 3 8 14 6 2 12 13 1 7 5 4 9 0 
555,2.0515e-06,2.39856e-06,1.92106e-06,50,100,100,416916,10 11 3 8 14 6 2 12 13 1 7 5 4 9 0 
556,2.04408e-06,2.39856e-06,1.88426e-06,50,100,100,416916,10 11 3 8 14 6 2 12 13 1 7 5 4 9 0 
557,2.04864e-06,2.39856e-06,1.88853e-06,50,100,100,416916,10 11 3 8 14 6 2 12 13 1 7 5 4 9 0 
558,2.07078e-06,2.39856e-06,1.94831e-06,50,100,100,416916,10 11 3 8 14 6 2 12 13 1 7 5 4 9 0 
559,2.06162e-06,2.39856e-06,1.90814e-06,50,100,100,416916,10 11 3 8 14 6 2 12 13 1 7 5 4 9 0 
560,2.07255e-06,2.39856e-06,1.90593e-06,50,100,100,416916,10 11 3 8 14 6 2 12 13 1 7 5 4 9 0 
561,2.07547e-06,2.39856e-06,1.95281e-06,50,100,100,416916,10 11 3 8 14 6 2 12 13 1 7 5 4 9 0 
562,2.07022e-06,2.39856e-06,1.92498e-06,50,100,100,416916,10 11 3 8 14 6 2 12 13 1 7 5 4 9 0 
563,2.05575e-06,2.39856e-06,1.91323e-06,50,100,100,416916,10 11 3 8 14 6 2 12 13 1 7 5 4 9 0 
564,2.0473e-06,2.39856e-06,1.90108e-06,50,100,100,416916,10 11 3 8 14 6 2 12 13 1 7 5 4 9 0 
565,2.067e-06,2.39856e-06,1.93604e-06,50,100,100,416916,10 11 3 8 14 6 2 12 13 1 7 5 4 9 0 
566,2.05202e-06,2.39856e-06,1.87204e-06,50,100,100,416916,10 11 3 8 14 6 2 12 13 1 7 5 4 9 0 
567,2.07059e-06,2.39856e-06,1.93515e-06,50,100,100,416916,10 11 3 8 14 6 2 12 13 1 7 5 4 9 0 
568,2.05914e-06,2.39856e-06,1.90793e-06,50,100,100,416916,10 11 3 8 14 6 2 12 13 1 7 5 4 9 0 
569,2.04133e-06,2.39856e-06,1.88469e-06,50,100,100,416916,10 11 3 8 14 6 2 12 13 1 7 5 4 9 0 
570,2.05917e-06,2.39856e-06,1.87277e-06,50,100,100,416916,10 11 3 8 14 6 2 12 13 1 7 5 4 9 0 
571,2.05622e-06,2.39856e-06,1.92182e-06,50,100,100,416916,10 11 3 8 14 6 2 12 13 1 7 5 4 9 0 
572,2.05595e-06,2.39856e-06,1.90791e-06,50,100,100,416916,10 11 3 8 14 6 2 12 13 1 7 5 4 9 0 
573,2.06066e-06,2.39856e-06,1.90298e-06,50,100,100,416916,10 11 3 8 14 6 2 12 13 1 7 5 4 9 0 
574,2.04942e-06,2.39856e-06,1.92055e-06,50,100,100,416916,10 11 3 8 14 6 2 12 13 1 7 5 4 9 0 
575,2.05588e-06,2.39856e-06,1.92908e-06,50,100,100,416916,10 11 3 8 14 6 2 12 13 1 7 5 4 9 0 
576,2.06474e-06,2.39856e-06,1.95434e-06,50,100,100,416916,10 11 3 8 14 6 2 12 13 1 7 5 4 9 0 
577,2.06034e-06,2.39856e-06,1.8874e-06,50,100,100,416916,10 11 3 8 14 6 2 12 13 1 7 5 4 9 0 
578,2.05244e-06,2.39856e-06,1.89442e-06,50,100,100,416916,10 11 3 8 14 6 2 12 13 1 7 5 4 9 0 
579,2.0778e-06,2.39856e-06,1.94803e-06,50,100,100,416916,10 11 3 8 14 6 2 12 13 1 7 5 4 9 0 
580,2.06122e-06,2.39856e-06,1.92798e-06,50,100,100,416916,10 11 3 8 14 6 2 12 13 1 7 5 4 9 0 
581,2.05499e-06,2.39856e-06,1.9187e-06,50,100,100,416916,10 11 3 8 14 6 2 12 13 1 7 5 4 9 0 
582,2.05941e-06,2.39856e-06,1.90379e-06,50,100,100,416916,10 11 3 8 14 6 2 12 13 1 7 5 4 9 0 
583,2.06966e-06,2.39856e-06,1.90989e-06,50,100,100,416916,10 11 3 8 14 6 2 12 13 1 7 5 4 9 0 
584,2.07147e-06,2.39856e-06,1.88079e-06,50,100,100,416916,10 11 3 8 14 6 2 12 13 1 7 5 4 9 0 
585,2.07297e-06,2.39856e-06,1.92644e-06,50,100,100,416916,10 11 3 8 14 6 2 12 13 1 7 5 4 9 0 
586,2.05363e-06,2.39856e-06,1.90739e-06,50,100,100,416916,10 11 3 8 14 6 2 12 13 1 7 5 4 9 0 
587,2.05812e-06,2.39856e-06,1.90764e-06,50,100,100,416916,10 11 3 8 14 6 2 12 13 1 7 5 4 9 0 
588,2.05157e-06,2.39856e-06,1.88828e-06,50,100,100,416916,10 11 3 8 14 6 2 12 13 1 7 5 4 9 0 
589,2.05363e-06,2.39856e-06,1.84484e-06,50,100,100,416916,10 11 3 8 14 6 2 12 13 1 7 5 4 9 0 
590,2.05132e-06,2.39856e-06,1.90955e-06,50,100,100,416916,10 11 3 8 14 6 2 12 13 1 7 5 4 9 0 
591,2.06144e-06,2.39856e-06,1.87245e-06,50,100,100,416916,10 11 3 8 14 6 2 12 13 1 7 5 4 9 0 
592,2.06057e-06,2.39856e-06,1.88397e-06,50,100,100,416916,10 11 3 8 14 6 2 12 13 1 7 5 4 9 0 
593,2.05649e-06,2.39856e-06,1.85348e-06,50,100,100,416916,10 11 3 8 14 6 2 12 13 1 7 5 4 9 0 
594,2.06939e-06,2.39856e-06,1.92747e-06,50,100,100,416916,10 11 3 8 14 6 2 12 13 1 7 5 4 9 0 
595,2.06298e-06,2.39856e-06,1.91967e-06,50,100,100,416916,10 11 3 8 14 6 2 12 13 1 7 5 4 9 0 
596,2.05544e-06,2.39856e-06,1.9003e-06,50,100,100,416916,10 11 3 8 14 6 2 12 13 1 7 5 4 9 0 
597,2.06324e-06,2.39856e-06,1.93277e-06,50,100,100,416916,10 11 3 8 14 6 2 12 13 1 7 5 4 9 0 
598,2.05551e-06,2.39856e-06,1.88822e-06,50,100,100,416916,10 11 3 8 14 6 2 12 13 1 7 5 4 9 0 
599,2.0547e-06,2.39856e-06,1.90229e-06,50,100,100,416916,10 11 3 8 14 6 2 12 13 1 7 5 4 9 0 
600,2.05447e-06,2.39856e-06,1.8968e-06,50,100,100,416916,10 11 3 8 14 6 2 12 13 1 7 5 4 9 0 
601,2.04804e-06,2.39856e-06,1.90313e-06,50,100,100,416916,10 11 3 8 14 6 2 12 13 1 7 5 4 9 0 
602,2.05705e-06,2.39856e-06,1.88269e-06,50,100,100,416916,10 11 3 8 14 6 2 12 13 1 7 5 4 9 0 
603,2.04369e-06,2.39856e-06,1.87995e-06,50,100,100,416916,10 11 3 8 14 6 2 12 13 1 7 5 4 9 0 
604,2.05421e-06,2.39856e-06,1.91138e-06,50,100,100,416916,10 11 3 8 14 6 2 12 13 1 7 5 4 9 0 
605,2.05036e-06,2.39856e-06,1.88478e-06,50,100,100,416916,10 11 3 8 14 6 2 12 13 1 7 5 4 9 0 
606,2.06191e-06,2.39856e-06,1.92617e-06,50,100,100,416916,10 11 3 8 14 6 2 12 13 1 7 5 4 9 0 
607,2.07678e-06,2.39856e-06,1.94147e-06,50,100,100,416916,10 11 3 8 14 6 2 12 13 1 7 5 4 9 0 
608,2.06207e-06,2.39856e-06,1.89442e-06,50,100,100,416916,10 11 3 8 14 6 2 12 13 1 7 5 4 9 0 
609,2.05729e-06,2.39856e-06,1.87486e-06,50,100,100,416916,10 11 3 8 14 6 2 12 13 1 7 5 4 9 0 
610,2.05985e-06,2.39856e-06,1.90873e-06,50,100,100,416916,10 11 3 8 14 6 2 12 13 1 7 5 4 9 0 
611,2.07509e-06,2.39856e-06,1.90028e-06,50,100,100,416916,10 11 3 8 14 6 2 12 13 1 7 5 4 9 0 
612,2.08016e-06,2.39856e-06,1.95845e-06,50,100,100,416916,10 11 3 8 14 6 2 12 13 1 7 5 4 9 0 
613,2.07172e-06,2.39856e-06,1.90443e-06,50,100,100,416916,10 11 3 8 14 6 2 12 13 1 7 5 4 9 0 
614,2.06392e-06,2.39856e-06,1.93725e-06,50,100,100,416916,10 11 3 8 14 6 2 12 13 1 7 5 4 9 0 
615,2.05816e-06,2.39856e-06,1.90662e-06,50,100,100,416916,10 11 3 8 14 6 2 12 13 1 7 5 4 9 0 
616,2.07476e-06,2.39856e-06,1.92549e-06,50,100,100,416916,10 11 3 8 14 6 2 12 13 1 7 5 4 9 0 
617,2.08191e-06,2.39856e-06,1.90707e-06,50,100,100,416916,10 11 3 8 14 6 2 12 13 1 7 5 4 9 0 
618,2.06943e-06,2.39856e-06,1.92308e-06,50,100,100,416916,10 11 3 8 14 6 2 12 13 1 7 5 4 9 0 
619,2.0558e-06,2.39856e-06,1.89851e-06,50,100,100,416916,10 11 3 8 14 6 2 12 13 1 7 5 4 9 0 
620,2.05386e-06,2.39856e-06,1.92892e-06,50,100,100,416916,10 11 3 8 14 6 2 12 13 1 7 5 4 9 0 
621,2.06298e-06,2.39856e-06,1.92133e-06,50,100,100,416916,10 11 3 8 14 6 2 12 13 1 7 5 4 9 0 
622,2.06461e-06,2.39856e-06,1.92881e-06,50,100,100,416916,10 11 3 8 14 6 2 12 13 1 7 5 4 9 0 
623,2.07089e-06,2.39856e-06,1.922e-06,50,100,100,416916,10 11 3 8 14 6 2 12 13 1 7 5 4 9 0 
624,2.05462e-06,2.39856e-06,1.92331e-06,50,100,100,416916,10 11 3 8 14 6 2 12 13 1 7 5 4 9 0 
625,2.05635e-06,2.39856e-06,1.92888e-06,50,100,100,416916,10 11 3 8 14 6 2 12 13 1 7 5 4 9 0 
626,2.05061e-06,2.39856e-06,1.88849e-06,50,100,100,416916,10 11 3 8 14 6 2 12 13 1 7 5 4 9 0 
627,2.05319e-06,2.39856e-06,1.90486e-06,50,100,100,416916,10 11 3 8 14 6 2 12 13 1 7 5 4 9 0 
628,2.0538e-06,2.39856e-06,1.92565e-06,50,100,100,416916,10 11 3 8 14 6 2 12 13 1 7 5 4 9 0 
629,2.0509e-06,2.39856e-06,1.90987e-06,50,100,100,416916,10 11 3 8 14 6 2 12 13 1 7 5 4 9 0 
630,2.06049e-06,2.39856e-06,1.92176e-06,50,100,100,416916,10 11 3 8 14 6 2 12 13 1 7 5 4 9 0 
631,2.05791e-06,2.39856e-06,1.88655e-06,50,100,100,416916,10 11 3 8 14 6 2 12 13 1 7 5 4 9 0 
632,2.05406e-06,2.39856e-06,1.88697e-06,50,100,100,416916,10 11 3 8 14 6 2 12 13 1 7 5 4 9 0 
633,2.06067e-06,2.39856e-06,1.90922e-06,50,100,100,416916,10 11 3 8 14 6 2 12 13 1 7 5 4 9 0 
634,2.05494e-06,2.39856e-06,1.92229e-06,50,100,100,416916,10 11 3 8 14 6 2 12 13 1 7 5 4 9 0 
635,2.05462e-06,2.39856e-06,1.9171e-06,50,100,100,416916,10 11 3 8 14 6 2 12 13 1 7 5 4 9 0 
636,2.04572e-06,2.39856e-06,1.90713e-06,50,100,100,416916,10 11 3 8 14 6 2 12 13 1 7 5 4 9 0 
637,2.05433e-06,2.39856e-06,1.9221e-06,50,100,100,416916,10 11 3 8 14 6 2 12 13 1 7 5 4 9 0 
638,2.05912e-06,2.39856e-06,1.88366e-06,50,100,100,416916,10 11 3 8 14 6 2 12 13 1 7 5 4 9 0 
639,2.06315e-06,2.39856e-06,1.91369e-06,50,100,100,416916,10 11 3 8 14 6 2 12 13 1 7 5 4 9 0 
640,2.05493e-06,2.39856e-06,1.90801e-06,50,100,100,416916,10 11 3 8 14 6 2 12 13 1 7 5 4 9 0 
641,2.04756e-06,2.39856e-06,1.91515e-06,50,100,100,416916,10 11 3 8 14 6 2 12 13 1 7 5 4 9 0 
642,2.06495e-06,2.39856e-06,1.9047e-06,50,100,100,416916,10 11 3 8 14 6 2 12 13 1 7 5 4 9 0 
643,2.05829e-06,2.39856e-06,1.90929e-06,50,100,100,416916,10 11 3 8 14 6 2 12 13 1 7 5 4 9 0 
644,2.06163e-06,2.39856e-06,1.94122e-06,50,100,100,416916,10 11 3 8 14 6 2 12 13 1 7 5 4 9 0 
645,2.07297e-06,2.39856e-06,1.92058e-06,50,100,100,416916,10 11 3 8 14 6 2 12 13 1 7 5 4 9 0 
646,2.06581e-06,2.39856e-06,1.91679e-06,50,100,100,416916,10 11 3 8 14 6 2 12 13 1 7 5 4 9 0 
647,2.06396e-06,2.39856e-06,1.92182e-06,50,100,100,416916,10 11 3 8 14 6 2 12 13 1 7 5 4 9 0 
648,2.05034e-06,2.39856e-06,1.93057e-06,50,100,100,416916,10 11 3 8 14 6 2 12 13 1 7 5 4 9 0 
649,2.0527e-06,2.39856e-06,1.92156e-06,50,100,100,416916,10 11 3 8 14 6 2 12 13 1 7 5 4 9 0 
650,2.06969e-06,2.39856e-06,1.90466e-06,50,100,100,416916,10 11 3 8 14 6 2 12 13 1 7 5 4 9 0 
651,2.06237e-06,2.39856e-06,1.92627e-06,50,100,100,416916,10 11 3 8 14 6 2 12 13 1 7 5 4 9 0 
652,2.05523e-06,2.39856e-06,1.93764e-06,50,100,100,416916,10 11 3 8 14 6 2 12 13 1 7 5 4 9 0 
653,2.05715e-06,2.39856e-06,1.89255e-06,50,100,100,416916,10 11 3 8 14 6 2 12 13 1 7 5 4 9 0 
654,2.05856e-06,2.39856e-06,1.89906e-06,50,100,100,416916,10 11 3 8 14 6 2 12 13 1 7 5 4 9 0 
655,2.06247e-06,2.39856e-06,1.90641e-06,50,100,100,416916,10 11 3 8 14 6 2 12 13 1 7 5 4 9 0 
656,2.07067e-06,2.39856e-06,1.91762e-06,50,100,100,416916,10 11 3 8 14 6 2 12 13 1 7 5 4 9 0 
657,2.06422e-06,2.39856e-06,1.87967e-06,50,100,100,416916,10 11 3 8 14 6 2 12 13 1 7 5 4 9 0 
658,2.0625e-06,2.39856e-06,1.92202e-06,50,100,100,416916,10 11 3 8 14 6 2 12 13 1 7 5 4 9 0 
659,2.07429e-06,2.39856e-06,1.9259e-06,50,100,100,416916,10 11 3 8 14 6 2 12 13 1 7 5 4 9 0 
660,2.06017e-06,2.39856e-06,1.89697e-06,50,100,100,416916,10 11 3 8 14 6 2 12 13 1 7 5 4 9 0 
661,2.06267e-06,2.39856e-06,1.90625e-06,50,100,100,416916,10 11 3 8 14 6 2 12 13 1 7 5 4 9 0 
662,2.06986e-06,2.39856e-06,1.9094e-06,50,100,100,416916,10 11 3 8 14 6 2 12 13 1 7 5 4 9 0 
663,2.05427e-06,2.39856e-06,1.90639e-06,50,100,100,416916,10 11 3 8 14 6 2 12 13 1 7 5 4 9 0 
664,2.06196e-06,2.39856e-06,1.93945e-06,50,100,100,416916,10 11 3 8 14 6 2 12 13 1 7 5 4 9 0 
665,2.0572e-06,2.39856e-06,1.90199e-06,50,100,100,416916,10 11 3 8 14 6 2 12 13 1 7 5 4 9 0 
666,2.05289e-06,2.39856e-06,1.93664e-06,50,100,100,416916,10 11 3 8 14 6 2 12 13 1 7 5 4 9 0 
667,2.05368e-06,2.39856e-06,1.92131e-06,50,100,100,416916,10 11 3 8 14 6 2 12 13 1 7 5 4 9 0 
668,2.04489e-06,2.39856e-06,1.90399e-06,50,100,100,416916,10 11 3 8 14 6 2 12 13 1 7 5 4 9 0 
669,2.04701e-06,2.39856e-06,1.90656e-06,50,100,100,416916,10 11 3 8 14 6 2 12 13 1 7 5 4 9 0 
670,2.05762e-06,2.39856e-06,1.90909e-06,50,100,100,416916,10 11 3 8 14 6 2 12 13 1 7 5 4 9 0 
671,2.05223e-06,2.39856e-06,1.9003e-06,50,100,100,416916,10 11 3 8 14 6 2 12 13 1 7 5 4 9 0 
672,2.04893e-06,2.39856e-06,1.89717e-06,50,100,100,416916,10 11 3 8 14 6 2 12 13 1 7 5 4 9 0 
673,2.067e-06,2.39856e-06,1.94107e-06,50,100,100,416916,10 11 3 8 14 6 2 12 13 1 7 5 4 9 0 
674,2.05916e-06,2.39856e-06,1.8934e-06,50,100,100,416916,10 11 3 8 14 6 2 12 13 1 7 5 4 9 0 
675,2.05752e-06,2.39856e-06,1.89437e-06,50,100,100,416916,10 11 3 8 14 6 2 12 13 1 7 5 4 9 0 
676,2.072e-06,2.39856e-06,1.86446e-06,50,100,100,416916,10 11 3 8 14 6 2 12 13 1 7 5 4 9 0 
677,2.05722e-06,2.39856e-06,1.93455e-06,50,100,100,416916,10 11 3 8 14 6 2 12 13 1 7 5 4 9 0 
678,2.05615e-06,2.39856e-06,1.887e-06,50,100,100,416916,10 11 3 8 14 6 2 12 13 1 7 5 4 9 0 
679,2.06002e-06,2.39856e-06,1.91397e-06,50,100,100,416916,10 11 3 8 14 6 2 12 13 1 7 5 4 9 0 
680,2.06489e-06,2.39856e-06,1.9311e-06,50,100,100,416916,10 11 3 8 14 6 2 12 13 1 7 5 4 9 0 
681,2.05517e-06,2.39856e-06,1.88155e-06,50,100,100,416916,10 11 3 8 14 6 2 12 13 1 7 5 4 9 0 
682,2.05728e-06,2.39856e-06,1.89358e-06,50,100,100,416916,10 11 3 8 14 6 2 12 13 1 7 5 4 9 0 
683,2.06044e-06,2.39856e-06,1.85629e-06,50,100,100,416916,10 11 3 8 14 6 2 12 13 1 7 5 4 9 0 
684,2.05016e-06,2.39856e-06,1.9011e-06,50,100,100,416916,10 11 3 8 14 6 2 12 13 1 7 5 4 9 0 
685,2.05819e-06,2.39856e-06,1.89222e-06,50,100,100,416916,10 11 3 8 14 6 2 12 13 1 7 5 4 9 0 
686,2.05684e-06,2.39856e-06,1.91614e-06,50,100,100,416916,10 11 3 8 14 6 2 12 13 1 7 5 4 9 0 
687,2.05847e-06,2.39856e-06,1.91981e-06,50,100,100,416916,10 11 3 8 14 6 2 12 13 1 7 5 4 9 0 
688,2.05218e-06,2.39856e-06,1.87781e-06,50,100,100,416916,10 11 3 8 14 6 2 12 13 1 7 5 4 9 0 
689,2.06144e-06,2.39856e-06,1.89685e-06,50,100,100,416916,10 11 3 8 14 6 2 12 13 1 7 5 4 9 0 
690,2.05425e-06,2.39856e-06,1.91219e-06,50,100,100,416916,10 11 3 8 14 6 2 12 13 1 7 5 4 9 0 
691,2.05679e-06,2.39856e-06,1.91225e-06,50,100,100,416916,10 11 3 8 14 6 2 12 13 1 7 5 4 9 0 
692,2.0613e-06,2.39856e-06,1.90974e-06,50,100,100,416916,10 11 3 8 14 6 2 12 13 1 7 5 4 9 0 
693,2.06277e-06,2.39856e-06,1.88232e-06,50,100,100,416916,10 11 3 8 14 6 2 12 13 1 7 5 4 9 0 
694,2.06492e-06,2.39856e-06,1.91893e-06,50,100,100,416916,10 11 3 8 14 6 2 12 13 1 7 5 4 9 0 
695,2.0554e-06,2.39856e-06,1.89052e-06,50,100,100,416916,10 11 3 8 14 6 2 12 13 1 7 5 4 9 0 
696,2.06155e-06,2.39856e-06,1.9323e-06,50,100,100,416916,10 11 3 8 14 6 2 12 13 1 7 5 4 9 0 
697,2.05761e-06,2.39856e-06,1.91567e-06,50,100,100,416916,10 11 3 8 14 6 2 12 13 1 7 5 4 9 0 
698,2.0542e-06,2.39856e-06,1.93037e-06,50,100,100,416916,10 11 3 8 14 6 2 12 13 1 7 5 4 9 0 
699,2.06268e-06,2.39856e-06,1.9091e-06,50,100,100,416916,10 11 3 8 14 6 2 12 13 1 7 5 4 9 0 
700,2.06097e-06,2.39856e-06,1.91832e-06,50,100,100,416916,10 11 3 8 14 6 2 12 13 1 7 5 4 9 0 
701,2.059e-06,2.39856e-06,1.92525e-06,50,100,100,416916,10 11 3 8 14 6 2 12 13 1 7 5 4 9 0 
702,2.06086e-06,2.39856e-06,1.89636e-06,50,100,100,416916,10 11 3 8 14 6 2 12 13 1 7 5 4 9 0 
703,2.04918e-06,2.39856e-06,1.93386e-06,50,100,100,416916,10 11 3 8 14 6 2 12 13 1 7 5 4 9 0 
704,2.05436e-06,2.39856e-06,1.90812e-06,50,100,100,416916,10 11 3 8 14 6 2 12 13 1 7 5 4 9 0 
705,2.05372e-06,2.39856e-06,1.87878e-06,50,100,100,416916,10 11 3 8 14 6 2 12 13 1 7 5 4 9 0 
706,2.05105e-06,2.39856e-06,1.90981e-06,50,100,100,416916,10 11 3 8 14 6 2 12 13 1 7 5 4 9 0 
707,2.0491e-06,2.39856e-06,1.94288e-06,50,100,100,416916,10 11 3 8 14 6 2 12 13 1 7 5 4 9 0 
708,2.04921e-06,2.39856e-06,1.92426e-06,50,100,100,416916,10 11 3 8 14 6 2 12 13 1 7 5 4 9 0 
709,2.06163e-06,2.39856e-06,1.92539e-06,50,100,100,416916,10 11 3 8 14 6 2 12 13 1 7 5 4 9 0 
710,2.06682e-06,2.39856e-06,1.87322e-06,50,100,100,416916,10 11 3 8 14 6 2 12 13 1 7 5 4 9 0 
711,2.06206e-06,2.39856e-06,1.89259e-06,50,100,100,416916,10 11 3 8 14 6 2 12 13 1 7 5 4 9 0 
712,2.04836e-06,2.39856e-06,1.87827e-06,50,100,100,416916,10 11 3 8 14 6 2 12 13 1 7 5 4 9 0 
713,2.05669e-06,2.39856e-06,1.89415e-06,50,100,100,416916,10 11 3 8 14 6 2 12 13 1 7 5 4 9 0 
714,2.05412e-06,2.39856e-06,1.91551e-06,50,100,100,416916,10 11 3 8 14 6 2 12 13 1 7 5 4 9 0 
715,2.05028e-06,2.39856e-06,1.9103e-06,50,100,100,416916,10 11 3 8 14 6 2 12 13 1 7 5 4 9 0 
716,2.06158e-06,2.39856e-06,1.91931e-06,50,100,100,416916,10 11 3 8 14 6 2 12 13 1 7 5 4 9 0 
717,2.0612e-06,2.39856e-06,1.92145e-06,50,100,100,416916,10 11 3 8 14 6 2 12 13 1 7 5 4 9 0 
718,2.05853e-06,2.39856e-06,1.87014e-06,50,100,100,416916,10 11 3 8 14 6 2 12 13 1 7 5 4 9 0 
719,2.07082e-06,2.39856e-06,1.93435e-06,50,100,100,416916,10 11 3 8 14 6 2 12 13 1 7 5 4 9 0 
720,2.0549e-06,2.39856e-06,1.89902e-06,50,100,100,416916,10 11 3 8 14 6 2 12 13 1 7 5 4 9 0 
721,2.06287e-06,2.39856e-06,1.90836e-06,50,100,100,416916,10 11 3 8 14 6 2 12 13 1 7 5 4 9 0 
722,2.05768e-06,2.39856e-06,1.9032e-06,50,100,100,416916,10 11 3 8 14 6 2 12 13 1 7 5 4 9 0 
723,2.05763e-06,2.39856e-06,1.92286e-06,50,100,100,416916,10 11 3 8 14 6 2 12 13 1 7 5 4 9 0 
724,2.05756e-06,2.39856e-06,1.88648e-06,50,100,100,416916,10 11 3 8 14 6 2 12 13 1 7 5 4 9 0 
725,2.05677e-06,2.39856e-06,1.89101e-06,50,100,100,416916,10 11 3 8 14 6 2 12 13 1 7 5 4 9 0 
726,2.05019e-06,2.39856e-06,1.89827e-06,50,100,100,416916,10 11 3 8 14 6 2 12 13 1 7 5 4 9 0 
727,2.06349e-06,2.39856e-06,1.93033e-06,50,100,100,416916,10 11 3 8 14 6 2 12 13 1 7 5 4 9 0 
728,2.05304e-06,2.39856e-06,1.93727e-06,50,100,100,416916,10 11 3 8 14 6 2 12 13 1 7 5 4 9 0 
729,2.03232e-06,2.39856e-06,1.90829e-06,50,100,100,416916,10 11 3 8 14 6 2 12 13 1 7 5 4 9 0 
730,2.04998e-06,2.39856e-06,1.91491e-06,50,100,100,416916,10 11 3 8 14 6 2 12 13 1 7 5 4 9 0 
731,2.05477e-06,2.39856e-06,1.90938e-06,50,100,100,416916,10 11 3 8 14 6 2 12 13 1 7 5 4 9 0 
732,2.05684e-06,2.39856e-06,1.92654e-06,50,100,100,416916,10 11 3 8 14 6 2 12 13 1 7 5 4 9 0 
733,2.05929e-06,2.39856e-06,1.92197e-06,50,100,100,416916,10 11 3 8 14 6 2 12 13 1 7 5 4 9 0 
734,2.0538e-06,2.39856e-06,1.88124e-06,50,100,100,416916,10 11 3 8 14 6 2 12 13 1 7 5 4 9 0 
735,2.05281e-06,2.39856e-06,1.89253e-06,50,100,100,416916,10 11 3 8 14 6 2 12 13 1 7 5 4 9 0 
736,2.06722e-06,2.39856e-06,1.8773e-06,50,100,100,416916,10 11 3 8 14 6 2 12 13 1 7 5 4 9 0 
737,2.06427e-06,2.39856e-06,1.91305e-06,50,100,100,416916,10 11 3 8 14 6 2 12 13 1 7 5 4 9 0 
738,2.06454e-06,2.39856e-06,1.92123e-06,50,100,100,416916,10 11 3 8 14 6 2 12 13 1 7 5 4 9 0 
739,2.04769e-06,2.39856e-06,1.90962e-06,50,100,100,416916,10 11 3 8 14 6 2 12 13 1 7 5 4 9 0 
740,2.05314e-06,2.39856e-06,1.92475e-06,50,100,100,416916,10 11 3 8 14 6 2 12 13 1 7 5 4 9 0 
741,2.04857e-06,2.39856e-06,1.90207e-06,50,100,100,416916,10 11 3 8 14 6 2 12 13 1 7 5 4 9 0 
742,2.05406e-06,2.39856e-06,1.91297e-06,50,100,100,416916,10 11 3 8 14 6 2 12 13 1 7 5 4 9 0 
743,2.05028e-06,2.39856e-06,1.91795e-06,50,100,100,416916,10 11 3 8 14 6 2 12 13 1 7 5 4 9 0 
744,2.05643e-06,2.39856e-06,1.91486e-06,50,100,100,416916,10 11 3 8 14 6 2 12 13 1 7 5 4 9 0 
745,2.05526e-06,2.39856e-06,1.92817e-06,50,100,100,416916,10 11 3 8 14 6 2 12 13 1 7 5 4 9 0 
746,2.0747e-06,2.39856e-06,1.91296e-06,50,100,100,416916,10 11 3 8 14 6 2 12 13 1 7 5 4 9 0 
747,2.06099e-06,2.39856e-06,1.93806e-06,50,100,100,416916,10 11 3 8 14 6 2 12 13 1 7 5 4 9 0 
748,2.06223e-06,2.39856e-06,1.91087e-06,50,100,100,416916,10 11 3 8 14 6 2 12 13 1 7 5 4 9 0 
749,2.05732e-06,2.39856e-06,1.91856e-06,50,100,100,416916,10 11 3 8 14 6 2 12 13 1 7 5 4 9 0 
750,2.0662e-06,2.39856e-06,1.92086e-06,50,100,100,416916,10 11 3 8 14 6 2 12 13 1 7 5 4 9 0 
751,2.05572e-06,2.39856e-06,1.92965e-06,50,100,100,416916,10 11 3 8 14 6 2 12 13 1 7 5 4 9 0 
752,2.05163e-06,2.39856e-06,1.89818e-06,50,100,100,416916,10 11 3 8 14 6 2 12 13 1 7 5 4 9 0 
753,2.06995e-06,2.39856e-06,1.91919e-06,50,100,100,416916,10 11 3 8 14 6 2 12 13 1 7 5 4 9 0 
754,2.05521e-06,2.39856e-06,1.90858e-06,50,100,100,416916,10 11 3 8 14 6 2 12 13 1 7 5 4 9 0 
755,2.06713e-06,2.39856e-06,1.92036e-06,50,100,100,416916,10 11 3 8 14 6 2 12 13 1 7 5 4 9 0 
756,2.0599e-06,2.39856e-06,1.90354e-06,50,100,100,416916,10 11 3 8 14 6 2 12 13 1 7 5 4 9 0 
757,2.06168e-06,2.39856e-06,1.91006e-06,50,100,100,416916,10 11 3 8 14 6 2 12 13 1 7 5 4 9 0 
758,2.04905e-06,2.39856e-06,1.87008e-06,50,100,100,416916,10 11 3 8 14 6 2 12 13 1 7 5 4 9 0 
759,2.05493e-06,2.39856e-06,1.83723e-06,50,100,100,416916,10 11 3 8 14 6 2 12 13 1 7 5 4 9 0 
760,2.05302e-06,2.39856e-06,1.9132e-06,50,100,100,416916,10 11 3 8 14 6 2 12 13 1 7 5 4 9 0 
761,2.06426e-06,2.39856e-06,1.91258e-06,50,100,100,416916,10 11 3 8 14 6 2 12 13 1 7 5 4 9 0 
762,2.07508e-06,2.39856e-06,1.93391e-06,50,100,100,416916,10 11 3 8 14 6 2 12 13 1 7 5 4 9 0 
763,2.06043e-06,2.39856e-06,1.92713e-06,50,100,100,416916,10 11 3 8 14 6 2 12 13 1 7 5 4 9 0 
764,2.0411e-06,2.39856e-06,1.92867e-06,50,100,100,416916,10 11 3 8 14 6 2 12 13 1 7 5 4 9 0 
765,2.05274e-06,2.39856e-06,1.90858e-06,50,100,100,416916,10 11 3 8 14 6 2 12 13 1 7 5 4 9 0 
766,2.05559e-06,2.39856e-06,1.93123e-06,50,100,100,416916,10 11 3 8 14 6 2 12 13 1 7 5 4 9 0 
767,2.06766e-06,2.39856e-06,1.93669e-06,50,100,100,416916,10 11 3 8 14 6 2 12 13 1 7 5 4 9 0 
768,2.05849e-06,2.39856e-06,1.90571e-06,50,100,100,416916,10 11 3 8 14 6 2 12 13 1 7 5 4 9 0 
769,2.06099e-06,2.39856e-06,1.92876e-06,50,100,100,416916,10 11 3 8 14 6 2 12 13 1 7 5 4 9 0 
770,2.05506e-06,2.39856e-06,1.90296e-06,50,100,100,416916,10 11 3 8 14 6 2 12 13 1 7 5 4 9 0 
771,2.06424e-06,2.39856e-06,1.92758e-06,50,100,100,416916,10 11 3 8 14 6 2 12 13 1 7 5 4 9 0 
772,2.06852e-06,2.39856e-06,1.85814e-06,50,100,100,416916,10 11 3 8 14 6 2 12 13 1 7 5 4 9 0 
773,2.05561e-06,2.39856e-06,1.90938e-06,50,100,100,416916,10 11 3 8 14 6 2 12 13 1 7 5 4 9 0 
774,2.0623e-06,2.39856e-06,1.91981e-06,50,100,100,416916,10 11 3 8 14 6 2 12 13 1 7 5 4 9 0 
775,2.06173e-06,2.39856e-06,1.89843e-06,50,100,100,416916,10 11 3 8 14 6 2 12 13 1 7 5 4 9 0 
776,2.06355e-06,2.39856e-06,1.9257e-06,50,100,100,416916,10 11 3 8 14 6 2 12 13 1 7 5 4 9 0 
777,2.05596e-06,2.39856e-06,1.90531e-06,50,100,100,416916,10 11 3 8 14 6 2 12 13 1 7 5 4 9 0 
778,2.05868e-06,2.39856e-06,1.91322e-06,50,100,100,416916,10 11 3 8 14 6 2 12 13 1 7 5 4 9 0 
779,2.07412e-06,2.39856e-06,1.92214e-06,50,100,100,416916,10 11 3 8 14 6 2 12 13 1 7 5 4 9 0 
780,2.06043e-06,2.39856e-06,1.91817e-06,50,100,100,416916,10 11 3 8 14 6 2 12 13 1 7 5 4 9 0 
781,2.04731e-06,2.39856e-06,1.91007e-06,50,100,100,416916,10 11 3 8 14 6 2 12 13 1 7 5 4 9 0 
782,2.04806e-06,2.39856e-06,1.90938e-06,50,100,100,416916,10 11 3 8 14 6 2 12 13 1 7 5 4 9 0 
783,2.03368e-06,2.39856e-06,1.90363e-06,50,100,100,416916,10 11 3 8 14 6 2 12 13 1 7 5 4 9 0 
784,2.0563e-06,2.39856e-06,1.93017e-06,50,100,100,416916,10 11 3 8 14 6 2 12 13 1 7 5 4 9 0 
785,2.05312e-06,2.39856e-06,1.92292e-06,50,100,100,416916,10 11 3 8 14 6 2 12 13 1 7 5 4 9 0 
786,2.05624e-06,2.39856e-06,1.87816e-06,50,100,100,416916,10 11 3 8 14 6 2 12 13 1 7 5 4 9 0 
787,2.04935e-06,2.39856e-06,1.92298e-06,50,100,100,416916,10 11 3 8 14 6 2 12 13 1 7 5 4 9 0 
788,2.05424e-06,2.39856e-06,1.87563e-06,50,100,100,416916,10 11 3 8 14 6 2 12 13 1 7 5 4 9 0 
789,2.05013e-06,2.39856e-06,1.91738e-06,50,100,100,416916,10 11 3 8 14 6 2 12 13 1 7 5 4 9 0 
790,2.06069e-06,2.39856e-06,1.89907e-06,50,100,100,416916,10 11 3 8 14 6 2 12 13 1 7 5 4 9 0 
791,2.05497e-06,2.39856e-06,1.89488e-06,50,100,100,416916,10 11 3 8 14 6 2 12 13 1 7 5 4 9 0 
792,2.07241e-06,2.39856e-06,1.90084e-06,50,100,100,416916,10 11 3 8 14 6 2 12 13 1 7 5 4 9 0 
793,2.04996e-06,2.39856e-06,1.87842e-06,50,100,100,416916,10 11 3 8 14 6 2 12 13 1 7 5 4 9 0 
794,2.06782e-06,2.39856e-06,1.93932e-06,50,100,100,416916,10 11 3 8 14 6 2 12 13 1 7 5 4 9 0 
795,2.06241e-06,2.39856e-06,1.90219e-06,50,100,100,416916,10 11 3 8 14 6 2 12 13 1 7 5 4 9 0 
796,2.0616e-06,2.39856e-06,1.88492e-06,50,100,100,416916,10 11 3 8 14 6 2 12 13 1 7 5 4 9 0 
797,2.06459e-06,2.39856e-06,1.92561e-06,50,100,100,416916,10 11 3 8 14 6 2 12 13 1 7 5 4 9 0 
798,2.06602e-06,2.39856e-06,1.91707e-06,50,100,100,416916,10 11 3 8 14 6 2 12 13 1 7 5 4 9 0 
799,2.05291e-06,2.39856e-06,1.924e-06,50,100,100,416916,10 11 3 8 14 6 2 12 13 1 7 5 4 9 0 
800,2.07179e-06,2.39856e-06,1.8994e-06,50,100,100,416916,10 11 3 8 14 6 2 12 13 1 7 5 4 9 0 
801,2.06419e-06,2.39856e-06,1.92725e-06,50,100,100,416916,10 11 3 8 14 6 2 12 13 1 7 5 4 9 0 
802,2.05943e-06,2.39856e-06,1.89694e-06,50,100,100,416916,10 11 3 8 14 6 2 12 13 1 7 5 4 9 0 
803,2.05327e-06,2.39856e-06,1.90018e-06,50,100,100,416916,10 11 3 8 14 6 2 12 13 1 7 5 4 9 0 
804,2.05719e-06,2.39856e-06,1.89464e-06,50,100,100,416916,10 11 3 8 14 6 2 12 13 1 7 5 4 9 0 
805,2.05975e-06,2.39856e-06,1.92744e-06,50,100,100,416916,10 11 3 8 14 6 2 12 13 1 7 5 4 9 0 
806,2.04221e-06,2.39856e-06,1.91721e-06,50,100,100,416916,10 11 3 8 14 6 2 12 13 1 7 5 4 9 0 
807,2.03943e-06,2.39856e-06,1.88453e-06,50,100,100,416916,10 11 3 8 14 6 2 12 13 1 7 5 4 9 0 
808,2.05307e-06,2.39856e-06,1.91792e-06,50,100,100,416916,10 11 3 8 14 6 2 12 13 1 7 5 4 9 0 
809,2.05295e-06,2.39856e-06,1.89325e-06,50,100,100,416916,10 11 3 8 14 6 2 12 13 1 7 5 4 9 0 
810,2.04799e-06,2.39856e-06,1.90564e-06,50,100,100,416916,10 11 3 8 14 6 2 12 13 1 7 5 4 9 0 
811,2.05745e-06,2.39856e-06,1.89764e-06,50,100,100,416916,10 11 3 8 14 6 2 12 13 1 7 5 4 9 0 
812,2.06584e-06,2.39856e-06,1.90693e-06,50,100,100,416916,10 11 3 8 14 6 2 12 13 1 7 5 4 9 0 
813,2.06491e-06,2.39856e-06,1.89669e-06,50,100,100,416916,10 11 3 8 14 6 2 12 13 1 7 5 4 9 0 
814,2.06353e-06,2.39856e-06,1.89271e-06,50,100,100,416916,10 11 3 8 14 6 2 12 13 1 7 5 4 9 0 
815,2.06628e-06,2.39856e-06,1.90079e-06,50,100,100,416916,10 11 3 8 14 6 2 12 13 1 7 5 4 9 0 
816,2.05303e-06,2.39856e-06,1.91907e-06,50,100,100,416916,10 11 3 8 14 6 2 12 13 1 7 5 4 9 0 
817,2.0581e-06,2.39856e-06,1.92361e-06,50,100,100,416916,10 11 3 8 14 6 2 12 13 1 7 5 4 9 0 
818,2.04577e-06,2.39856e-06,1.88846e-06,50,100,100,416916,10 11 3 8 14 6 2 12 13 1 7 5 4 9 0 
819,2.05105e-06,2.39856e-06,1.92054e-06,50,100,100,416916,10 11 3 8 14 6 2 12 13 1 7 5 4 9 0 
820,2.05455e-06,2.39856e-06,1.89596e-06,50,100,100,416916,10 11 3 8 14 6 2 12 13 1 7 5 4 9 0 
821,2.0474e-06,2.39856e-06,1.89222e-06,50,100,100,416916,10 11 3 8 14 6 2 12 13 1 7 5 4 9 0 
822,2.0558e-06,2.39856e-06,1.86889e-06,50,100,100,416916,10 11 3 8 14 6 2 12 13 1 7 5 4 9 0 
823,2.06005e-06,2.39856e-06,1.90713e-06,50,100,100,416916,10 11 3 8 14 6 2 12 13 1 7 5 4 9 0 
824,2.04646e-06,2.39856e-06,1.87078e-06,50,100,100,416916,10 11 3 8 14 6 2 12 13 1 7 5 4 9 0 
825,2.06401e-06,2.39856e-06,1.89011e-06,50,100,100,416916,10 11 3 8 14 6 2 12 13 1 7 5 4 9 0 
826,2.05009e-06,2.39856e-06,1.906e-06,50,100,100,416916,10 11 3 8 14 6 2 12 13 1 7 5 4 9 0 
827,2.05173e-06,2.39856e-06,1.92033e-06,50,100,100,416916,10 11 3 8 14 6 2 12 13 1 7 5 4 9 0 
828,2.04475e-06,2.39856e-06,1.90615e-06,50,100,100,416916,10 11 3 8 14 6 2 12 13 1 7 5 4 9 0 
829,2.05584e-06,2.39856e-06,1.93237e-06,50,100,100,416916,10 11 3 8 14 6 2 12 13 1 7 5 4 9 0 
830,2.05309e-06,2.39856e-06,1.92025e-06,50,100,100,416916,10 11 3 8 14 6 2 12 13 1 7 5 4 9 0 
831,2.05679e-06,2.39856e-06,1.90027e-06,50,100,100,416916,10 11 3 8 14 6 2 12 13 1 7 5 4 9 0 
832,2.05641e-06,2.39856e-06,1.92807e-06,50,100,100,416916,10 11 3 8 14 6 2 12 13 1 7 5 4 9 0 
833,2.05502e-06,2.39856e-06,1.93736e-06,50,100,100,416916,10 11 3 8 14 6 2 12 13 1 7 5 4 9 0 
834,2.05581e-06,2.39856e-06,1.89423e-06,50,100,100,416916,10 11 3 8 14 6 2 12 13 1 7 5 4 9 0 
835,2.06516e-06,2.39856e-06,1.9197e-06,50,100,100,416916,10 11 3 8 14 6 2 12 13 1 7 5 4 9 0 
836,2.06465e-06,2.39856e-06,1.91546e-06,50,100,100,416916,10 11 3 8 14 6 2 12 13 1 7 5 4 9 0 
837,2.06489e-06,2.39856e-06,1.90028e-06,50,100,100,416916,10 11 3 8 14 6 2 12 13 1 7 5 4 9 0 
838,2.05156e-06,2.39856e-06,1.92167e-06,50,100,100,416916,10 11 3 8 14 6 2 12 13 1 7 5 4 9 0 
839,2.06059e-06,2.39856e-06,1.90225e-06,50,100,100,416916,10 11 3 8 14 6 2 12 13 1 7 5 4 9 0 
840,2.06602e-06,2.39856e-06,1.90153e-06,50,100,100,416916,10 11 3 8 14 6 2 12 13 1 7 5 4 9 0 
841,2.06199e-06,2.39856e-06,1.87956e-06,50,100,100,416916,10 11 3 8 14 6 2 12 13 1 7 5 4 9 0 
842,2.0525e-06,2.39856e-06,1.90048e-06,50,100,100,416916,10 11 3 8 14 6 2 12 13 1 7 5 4 9 0 
843,2.05161e-06,2.39856e-06,1.92245e-06,50,100,100,416916,10 11 3 8 14 6 2 12 13 1 7 5 4 9 0 
844,2.06349e-06,2.39856e-06,1.9053e-06,50,100,100,416916,10 11 3 8 14 6 2 12 13 1 7 5 4 9 0 
845,2.06184e-06,2.39856e-06,1.90119e-06,50,100,100,416916,10 11 3 8 14 6 2 12 13 1 7 5 4 9 0 
846,2.06712e-06,2.39856e-06,1.93449e-06,50,100,100,416916,10 11 3 8 14 6 2 12 13 1 7 5 4 9 0 
847,2.07317e-06,2.39856e-06,1.90995e-06,50,100,100,416916,10 11 3 8 14 6 2 12 13 1 7 5 4 9 0 
848,2.06112e-06,2.39856e-06,1.9225e-06,50,100,100,416916,10 11 3 8 14 6 2 12 13 1 7 5 4 9 0 
849,2.05943e-06,2.39856e-06,1.87303e-06,50,100,100,416916,10 11 3 8 14 6 2 12 13 1 7 5 4 9 0 
850,2.06782e-06,2.39856e-06,1.87859e-06,50,100,100,416916,10 11 3 8 14 6 2 12 13 1 7 5 4 9 0 
851,2.05631e-06,2.39856e-06,1.85361e-06,50,100,100,416916,10 11 3 8 14 6 2 12 13 1 7 5 4 9 0 
852,2.06675e-06,2.39856e-06,1.90629e-06,50,100,100,416916,10 11 3 8 14 6 2 12 13 1 7 5 4 9 0 
853,2.06625e-06,2.39856e-06,1.93964e-06,50,100,100,416916,10 11 3 8 14 6 2 12 13 1 7 5 4 9 0 
854,2.04749e-06,2.39856e-06,1.87738e-06,50,100,100,416916,10 11 3 8 14 6 2 12 13 1 7 5 4 9 0 
855,2.05065e-06,2.39856e-06,1.86675e-06,50,100,100,416916,10 11 3 8 14 6 2 12 13 1 7 5 4 9 0 
856,2.05245e-06,2.39856e-06,1.92288e-06,50,100,100,416916,10 11 3 8 14 6 2 12 13 1 7 5 4 9 0 
857,2.06168e-06,2.39856e-06,1.88486e-06,50,100,100,416916,10 11 3 8 14 6 2 12 13 1 7 5 4 9 0 
858,2.06526e-06,2.39856e-06,1.91069e-06,50,100,100,416916,10 11 3 8 14 6 2 12 13 1 7 5 4 9 0 
859,2.06011e-06,2.39856e-06,1.88829e-06,50,100,100,416916,10 11 3 8 14 6 2 12 13 1 7 5 4 9 0 
860,2.055e-06,2.39856e-06,1.90645e-06,50,100,100,416916,10 11 3 8 14 6 2 12 13 1 7 5 4 9 0 
861,2.06167e-06,2.39856e-06,1.91131e-06,50,100,100,416916,10 11 3 8 14 6 2 12 13 1 7 5 4 9 0 
862,2.04756e-06,2.39856e-06,1.91597e-06,50,100,100,416916,10 11 3 8 14 6 2 12 13 1 7 5 4 9 0 
863,2.05958e-06,2.39856e-06,1.90117e-06,50,100,100,416916,10 11 3 8 14 6 2 12 13 1 7 5 4 9 0 
864,2.05739e-06,2.39856e-06,1.90713e-06,50,100,100,416916,10 11 3 8 14 6 2 12 13 1 7 5 4 9 0 
865,2.06063e-06,2.39856e-06,1.90411e-06,50,100,100,416916,10 11 3 8 14 6 2 12 13 1 7 5 4 9 0 
866,2.05481e-06,2.39856e-06,1.89591e-06,50,100,100,416916,10 11 3 8 14 6 2 12 13 1 7 5 4 9 0 
867,2.07194e-06,2.39856e-06,1.92703e-06,50,100,100,416916,10 11 3 8 14 6 2 12 13 1 7 5 4 9 0 
868,2.06584e-06,2.39856e-06,1.91762e-06,50,100,100,416916,10 11 3 8 14 6 2 12 13 1 7 5 4 9 0 
869,2.06052e-06,2.39856e-06,1.91049e-06,50,100,100,416916,10 11 3 8 14 6 2 12 13 1 7 5 4 9 0 
870,2.05859e-06,2.39856e-06,1.91671e-06,50,100,100,416916,10 11 3 8 14 6 2 12 13 1 7 5 4 9 0 
871,2.06684e-06,2.39856e-06,1.88385e-06,50,100,100,416916,10 11 3 8 14 6 2 12 13 1 7 5 4 9 0 
872,2.07126e-06,2.39856e-06,1.92304e-06,50,100,100,416916,10 11 3 8 14 6 2 12 13 1 7 5 4 9 0 
873,2.05455e-06,2.39856e-06,1.91207e-06,50,100,100,416916,10 11 3 8 14 6 2 12 13 1 7 5 4 9 0 
874,2.07288e-06,2.39856e-06,1.94794e-06,50,100,100,416916,10 11 3 8 14 6 2 12 13 1 7 5 4 9 0 
875,2.06721e-06,2.39856e-06,1.93809e-06,50,100,100,416916,10 11 3 8 14 6 2 12 13 1 7 5 4 9 0 
876,2.05562e-06,2.39856e-06,1.92301e-06,50,100,100,416916,10 11 3 8 14 6 2 12 13 1 7 5 4 9 0 
877,2.06278e-06,2.39856e-06,1.88698e-06,50,100,100,416916,10 11 3 8 14 6 2 12 13 1 7 5 4 9 0 
878,2.06396e-06,2.39856e-06,1.90774e-06,50,100,100,416916,10 11 3 8 14 6 2 12 13 1 7 5 4 9 0 
879,2.05798e-06,2.39856e-06,1.90211e-06,50,100,100,416916,10 11 3 8 14 6 2 12 13 1 7 5 4 9 0 
880,2.05756e-06,2.39856e-06,1.89104e-06,50,100,100,416916,10 11 3 8 14 6 2 12 13 1 7 5 4 9 0 
881,2.05675e-06,2.39856e-06,1.89513e-06,50,100,100,416916,10 11 3 8 14 6 2 12 13 1 7 5 4 9 0 
882,2.06372e-06,2.39856e-06,1.8711e-06,50,100,100,416916,10 11 3 8 14 6 2 12 13 1 7 5 4 9 0 
883,2.05621e-06,2.39856e-06,1.90768e-06,50,100,100,416916,10 11 3 8 14 6 2 12 13 1 7 5 4 9 0 
884,2.06935e-06,2.39856e-06,1.87195e-06,50,100,100,416916,10 11 3 8 14 6 2 12 13 1 7 5 4 9 0 
885,2.06268e-06,2.39856e-06,1.9283e-06,50,100,100,416916,10 11 3 8 14 6 2 12 13 1 7 5 4 9 0 
886,2.0487e-06,2.39856e-06,1.88079e-06,50,100,100,416916,10 11 3 8 14 6 2 12 13 1 7 5 4 9 0 
887,2.05283e-06,2.39856e-06,1.88418e-06,50,100,100,416916,10 11 3 8 14 6 2 12 13 1 7 5 4 9 0 
888,2.06408e-06,2.39856e-06,1.89896e-06,50,100,100,416916,10 11 3 8 14 6 2 12 13 1 7 5 4 9 0 
889,2.06498e-06,2.39856e-06,1.93126e-06,50,100,100,416916,10 11 3 8 14 6 2 12 13 1 7 5 4 9 0 
890,2.05831e-06,2.39856e-06,1.90209e-06,50,100,100,416916,10 11 3 8 14 6 2 12 13 1 7 5 4 9 0 
891,2.0579e-06,2.39856e-06,1.9128e-06,50,100,100,416916,10 11 3 8 14 6 2 12 13 1 7 5 4 9 0 
892,2.05537e-06,2.39856e-06,1.88767e-06,50,100,100,416916,10 11 3 8 14 6 2 12 13 1 7 5 4 9 0 
893,2.06301e-06,2.39856e-06,1.8755e-06,50,100,100,416916,10 11 3 8 14 6 2 12 13 1 7 5 4 9 0 
894,2.04973e-06,2.39856e-06,1.88762e-06,50,100,100,416916,10 11 3 8 14 6 2 12 13 1 7 5 4 9 0 
895,2.04582e-06,2.39856e-06,1.90527e-06,50,100,100,416916,10 11 3 8 14 6 2 12 13 1 7 5 4 9 0 
896,2.06684e-06,2.39856e-06,1.92117e-06,50,100,100,416916,10 11 3 8 14 6 2 12 13 1 7 5 4 9 0 
897,2.04157e-06,2.39856e-06,1.89457e-06,50,100,100,416916,10 11 3 8 14 6 2 12 13 1 7 5 4 9 0 
898,2.0531e-06,2.39856e-06,1.90727e-06,50,100,100,416916,10 11 3 8 14 6 2 12 13 1 7 5 4 9 0 
899,2.0468e-06,2.39856e-06,1.91701e-06,50,100,100,416916,10 11 3 8 14 6 2 12 13 1 7 5 4 9 0 
900,2.04915e-06,2.39856e-06,1.89167e-06,50,100,100,416916,10 11 3 8 14 6 2 12 13 1 7 5 4 9 0 
901,2.05772e-06,2.39856e-06,1.8615e-06,50,100,100,416916,10 11 3 8 14 6 2 12 13 1 7 5 4 9 0 
902,2.049e-06,2.39856e-06,1.91379e-06,50,100,100,416916,10 11 3 8 14 6 2 12 13 1 7 5 4 9 0 
903,2.05023e-06,2.39856e-06,1.91877e-06,50,100,100,416916,10 11 3 8 14 6 2 12 13 1 7 5 4 9 0 
904,2.05509e-06,2.39856e-06,1.89705e-06,50,100,100,416916,10 11 3 8 14 6 2 12 13 1 7 5 4 9 0 
905,2.05441e-06,2.39856e-06,1.93116e-06,50,100,100,416916,10 11 3 8 14 6 2 12 13 1 7 5 4 9 0 
906,2.05901e-06,2.39856e-06,1.92402e-06,50,100,100,416916,10 11 3 8 14 6 2 12 13 1 7 5 4 9 0 
907,2.06127e-06,2.39856e-06,1.90296e-06,50,100,100,416916,10 11 3 8 14 6 2 12 13 1 7 5 4 9 0 
908,2.06335e-06,2.39856e-06,1.90188e-06,50,100,100,416916,10 11 3 8 14 6 2 12 13 1 7 5 4 9 0 
909,2.06772e-06,2.39856e-06,1.94213e-06,50,100,100,416916,10 11 3 8 14 6 2 12 13 1 7 5 4 9 0 
910,2.07601e-06,2.39856e-06,1.93411e-06,50,100,100,416916,10 11 3 8 14 6 2 12 13 1 7 5 4 9 0 
911,2.0624e-06,2.39856e-06,1.91337e-06,50,100,100,416916,10 11 3 8 14 6 2 12 13 1 7 5 4 9 0 
912,2.06967e-06,2.39856e-06,1.95259e-06,50,100,100,416916,10 11 3 8 14 6 2 12 13 1 7 5 4 9 0 
913,2.0603e-06,2.39856e-06,1.93054e-06,50,100,100,416916,10 11 3 8 14 6 2 12 13 1 7 5 4 9 0 
914,2.06024e-06,2.39856e-06,1.8957e-06,50,100,100,416916,10 11 3 8 14 6 2 12 13 1 7 5 4 9 0 
915,2.06588e-06,2.39856e-06,1.89851e-06,50,100,100,416916,10 11 3 8 14 6 2 12 13 1 7 5 4 9 0 
916,2.05808e-06,2.39856e-06,1.91012e-06,50,100,100,416916,10 11 3 8 14 6 2 12 13 1 7 5 4 9 0 
917,2.06942e-06,2.39856e-06,1.894e-06,50,100,100,416916,10 11 3 8 14 6 2 12 13 1 7 5 4 9 0 
918,2.05236e-06,2.39856e-06,1.90711e-06,50,100,100,416916,10 11 3 8 14 6 2 12 13 1 7 5 4 9 0 
919,2.05195e-06,2.39856e-06,1.89858e-06,50,100,100,416916,10 11 3 8 14 6 2 12 13 1 7 5 4 9 0 
920,2.05447e-06,2.39856e-06,1.9396e-06,50,100,100,416916,10 11 3 8 14 6 2 12 13 1 7 5 4 9 0 
921,2.0553e-06,2.39856e-06,1.9168e-06,50,100,100,416916,10 11 3 8 14 6 2 12 13 1 7 5 4 9 0 
922,2.05641e-06,2.39856e-06,1.91576e-06,50,100,100,416916,10 11 3 8 14 6 2 12 13 1 7 5 4 9 0 
923,2.06046e-06,2.39856e-06,1.91949e-06,50,100,100,416916,10 11 3 8 14 6 2 12 13 1 7 5 4 9 0 
924,2.07049e-06,2.39856e-06,1.9034e-06,50,100,100,416916,10 11 3 8 14 6 2 12 13 1 7 5 4 9 0 
925,2.06297e-06,2.39856e-06,1.91996e-06,50,100,100,416916,10 11 3 8 14 6 2 12 13 1 7 5 4 9 0 
926,2.05336e-06,2.39856e-06,1.91855e-06,50,100,100,416916,10 11 3 8 14 6 2 12 13 1 7 5 4 9 0 
927,2.04927e-06,2.39856e-06,1.90448e-06,50,100,100,416916,10 11 3 8 14 6 2 12 13 1 7 5 4 9 0 
928,2.05688e-06,2.39856e-06,1.88019e-06,50,100,100,416916,10 11 3 8 14 6 2 12 13 1 7 5 4 9 0 
929,2.04937e-06,2.39856e-06,1.86878e-06,50,100,100,416916,10 11 3 8 14 6 2 12 13 1 7 5 4 9 0 
930,2.05016e-06,2.39856e-06,1.89358e-06,50,100,100,416916,10 11 3 8 14 6 2 12 13 1 7 5 4 9 0 
931,2.05615e-06,2.39856e-06,1.89692e-06,50,100,100,416916,10 11 3 8 14 6 2 12 13 1 7 5 4 9 0 
932,2.05198e-06,2.39856e-06,1.91784e-06,50,100,100,416916,10 11 3 8 14 6 2 12 13 1 7 5 4 9 0 
933,2.05928e-06,2.39856e-06,1.89557e-06,50,100,100,416916,10 11 3 8 14 6 2 12 13 1 7 5 4 9 0 
934,2.04774e-06,2.39856e-06,1.85395e-06,50,100,100,416916,10 11 3 8 14 6 2 12 13 1 7 5 4 9 0 
935,2.048e-06,2.39856e-06,1.90619e-06,50,100,100,416916,10 11 3 8 14 6 2 12 13 1 7 5 4 9 0 
936,2.05034e-06,2.39856e-06,1.92947e-06,50,100,100,416916,10 11 3 8 14 6 2 12 13 1 7 5 4 9 0 
937,2.05674e-06,2.39856e-06,1.93536e-06,50,100,100,416916,10 11 3 8 14 6 2 12 13 1 7 5 4 9 0 
938,2.06609e-06,2.39856e-06,1.92729e-06,50,100,100,416916,10 11 3 8 14 6 2 12 13 1 7 5 4 9 0 
939,2.07077e-06,2.39856e-06,1.93441e-06,50,100,100,416916,10 11 3 8 14 6 2 12 13 1 7 5 4 9 0 
940,2.06138e-06,2.39856e-06,1.9334e-06,50,100,100,416916,10 11 3 8 14 6 2 12 13 1 7 5 4 9 0 
941,2.06988e-06,2.39856e-06,1.91019e-06,50,100,100,416916,10 11 3 8 14 6 2 12 13 1 7 5 4 9 0 
942,2.07055e-06,2.39856e-06,1.9062e-06,50,100,100,416916,10 11 3 8 14 6 2 12 13 1 7 5 4 9 0 
943,2.07619e-06,2.39856e-06,1.90219e-06,50,100,100,416916,10 11 3 8 14 6 2 12 13 1 7 5 4 9 0 
944,2.04826e-06,2.39856e-06,1.89743e-06,50,100,100,416916,10 11 3 8 14 6 2 12 13 1 7 5 4 9 0 
945,2.05777e-06,2.39856e-06,1.94036e-06,50,100,100,416916,10 11 3 8 14 6 2 12 13 1 7 5 4 9 0 
946,2.06193e-06,2.39856e-06,1.9181e-06,50,100,100,416916,10 11 3 8 14 6 2 12 13 1 7 5 4 9 0 
947,2.06595e-06,2.39856e-06,1.93015e-06,50,100,100,416916,10 11 3 8 14 6 2 12 13 1 7 5 4 9 0 
948,2.05451e-06,2.39856e-06,1.89086e-06,50,100,100,416916,10 11 3 8 14 6 2 12 13 1 7 5 4 9 0 
949,2.05476e-06,2.39856e-06,1.89728e-06,50,100,100,416916,10 11 3 8 14 6 2 12 13 1 7 5 4 9 0 
950,2.053e-06,2.39856e-06,1.90612e-06,50,100,100,416916,10 11 3 8 14 6 2 12 13 1 7 5 4 9 0 
951,2.04718e-06,2.39856e-06,1.88648e-06,50,100,100,416916,10 11 3 8 14 6 2 12 13 1 7 5 4 9 0 
952,2.04718e-06,2.39856e-06,1.8767e-06,50,100,100,416916,10 11 3 8 14 6 2 12 13 1 7 5 4 9 0 
953,2.07201e-06,2.39856e-06,1.93286e-06,50,100,100,416916,10 11 3 8 14 6 2 12 13 1 7 5 4 9 0 
954,2.06639e-06,2.39856e-06,1.90506e-06,50,100,100,416916,10 11 3 8 14 6 2 12 13 1 7 5 4 9 0 
955,2.06731e-06,2.39856e-06,1.90228e-06,50,100,100,416916,10 11 3 8 14 6 2 12 13 1 7 5 4 9 0 
956,2.06203e-06,2.39856e-06,1.85097e-06,50,100,100,416916,10 11 3 8 14 6 2 12 13 1 7 5 4 9 0 
957,2.06137e-06,2.39856e-06,1.90869e-06,50,100,100,416916,10 11 3 8 14 6 2 12 13 1 7 5 4 9 0 
958,2.06395e-06,2.39856e-06,1.89631e-06,50,100,100,416916,10 11 3 8 14 6 2 12 13 1 7 5 4 9 0 
959,2.06534e-06,2.39856e-06,1.92038e-06,50,100,100,416916,10 11 3 8 14 6 2 12 13 1 7 5 4 9 0 
960,2.07267e-06,2.39856e-06,1.89112e-06,50,100,100,416916,10 11 3 8 14 6 2 12 13 1 7 5 4 9 0 
961,2.06932e-06,2.39856e-06,1.9084e-06,50,100,100,416916,10 11 3 8 14 6 2 12 13 1 7 5 4 9 0 
962,2.06211e-06,2.39856e-06,1.89371e-06,50,100,100,416916,10 11 3 8 14 6 2 12 13 1 7 5 4 9 0 
963,2.06224e-06,2.39856e-06,1.94922e-06,50,100,100,416916,10 11 3 8 14 6 2 12 13 1 7 5 4 9 0 
964,2.0443e-06,2.39856e-06,1.87431e-06,50,100,100,416916,10 11 3 8 14 6 2 12 13 1 7 5 4 9 0 
965,2.05851e-06,2.39856e-06,1.92236e-06,50,100,100,416916,10 11 3 8 14 6 2 12 13 1 7 5 4 9 0 
966,2.06514e-06,2.39856e-06,1.91112e-06,50,100,100,416916,10 11 3 8 14 6 2 12 13 1 7 5 4 9 0 
967,2.06433e-06,2.39856e-06,1.93142e-06,50,100,100,416916,10 11 3 8 14 6 2 12 13 1 7 5 4 9 0 
968,2.06441e-06,2.39856e-06,1.93935e-06,50,100,100,416916,10 11 3 8 14 6 2 12 13 1 7 5 4 9 0 
969,2.0615e-06,2.39856e-06,1.91441e-06,50,100,100,416916,10 11 3 8 14 6 2 12 13 1 7 5 4 9 0 
970,2.05811e-06,2.39856e-06,1.89881e-06,50,100,100,416916,10 11 3 8 14 6 2 12 13 1 7 5 4 9 0 
971,2.06087e-06,2.39856e-06,1.92493e-06,50,100,100,416916,10 11 3 8 14 6 2 12 13 1 7 5 4 9 0 
972,2.06758e-06,2.39856e-06,1.92329e-06,50,100,100,416916,10 11 3 8 14 6 2 12 13 1 7 5 4 9 0 
973,2.05882e-06,2.39856e-06,1.88715e-06,50,100,100,416916,10 11 3 8 14 6 2 12 13 1 7 5 4 9 0 
974,2.06e-06,2.39856e-06,1.90913e-06,50,100,100,416916,10 11 3 8 14 6 2 12 13 1 7 5 4 9 0 
975,2.05979e-06,2.39856e-06,1.91187e-06,50,100,100,416916,10 11 3 8 14 6 2 12 13 1 7 5 4 9 0 
976,2.06632e-06,2.39856e-06,1.93125e-06,50,100,100,416916,10 11 3 8 14 6 2 12 13 1 7 5 4 9 0 
977,2.07574e-06,2.39856e-06,1.91677e-06,50,100,100,416916,10 11 3 8 14 6 2 12 13 1 7 5 4 9 0 
978,2.06452e-06,2.39856e-06,1.90044e-06,50,100,100,416916,10 11 3 8 14 6 2 12 13 1 7 5 4 9 0 
979,2.07848e-06,2.39856e-06,1.95165e-06,50,100,100,416916,10 11 3 8 14 6 2 12 13 1 7 5 4 9 0 
980,2.07452e-06,2.39856e-06,1.91839e-06,50,100,100,416916,10 11 3 8 14 6 2 12 13 1 7 5 4 9 0 
981,2.0659e-06,2.39856e-06,1.92174e-06,50,100,100,416916,10 11 3 8 14 6 2 12 13 1 7 5 4 9 0 
982,2.06297e-06,2.39856e-06,1.91949e-06,50,100,100,416916,10 11 3 8 14 6 2 12 13 1 7 5 4 9 0 
983,2.05786e-06,2.39856e-06,1.92376e-06,50,100,100,416916,10 11 3 8 14 6 2 12 13 1 7 5 4 9 0 
984,2.05389e-06,2.39856e-06,1.89589e-06,50,100,100,416916,10 11 3 8 14 6 2 12 13 1 7 5 4 9 0 
985,2.06236e-06,2.39856e-06,1.93514e-06,50,100,100,416916,10 11 3 8 14 6 2 12 13 1 7 5 4 9 0 
986,2.05321e-06,2.39856e-06,1.90752e-06,50,100,100,416916,10 11 3 8 14 6 2 12 13 1 7 5 4 9 0 
987,2.06968e-06,2.39856e-06,1.90514e-06,50,100,100,416916,10 11 3 8 14 6 2 12 13 1 7 5 4 9 0 
988,2.06242e-06,2.39856e-06,1.94257e-06,50,100,100,416916,10 11 3 8 14 6 2 12 13 1 7 5 4 9 0 
989,2.05486e-06,2.39856e-06,1.93718e-06,50,100,100,416916,10 11 3 8 14 6 2 12 13 1 7 5 4 9 0 
990,2.05792e-06,2.39856e-06,1.88931e-06,50,100,100,416916,10 11 3 8 14 6 2 12 13 1 7 5 4 9 0 
991,2.05684e-06,2.39856e-06,1.93507e-06,50,100,100,416916,10 11 3 8 14 6 2 12 13 1 7 5 4 9 0 
992,2.06181e-06,2.39856e-06,1.89672e-06,50,100,100,416916,10 11 3 8 14 6 2 12 13 1 7 5 4 9 0 
993,2.06201e-06,2.39856e-06,1.93148e-06,50,100,100,416916,10 11 3 8 14 6 2 12 13 1 7 5 4 9 0 
994,2.06079e-06,2.39856e-06,1.88141e-06,50,100,100,416916,10 11 3 8 14 6 2 12 13 1 7 5 4 9 0 
995,2.05519e-06,2.39856e-06,1.89403e-06,50,100,100,416916,10 11 3 8 14 6 2 12 13 1 7 5 4 9 0 
996,2.05969e-06,2.39856e-06,1.90851e-06,50,100,100,416916,10 11 3 8 14 6 2 12 13 1 7 5 4 9 0 
997,2.05515e-06,2.39856e-06,1.91959e-06,50,100,100,416916,10 11 3 8 14 6 2 12 13 1 7 5 4 9 0 
998,2.07851e-06,2.39856e-06,1.93763e-06,50,100,100,416916,10 11 3 8 14 6 2 12 13 1 7 5 4 9 0 
999,2.07316e-06,2.39856e-06,1.92676e-06,50,100,100,416916,10 11 3 8 14 6 2 12 13 1 7 5 4 9 0 
