Generación,Media,Mejor,Peor,Cruzas,Mutaciones,Inversiones,Costo,Permutación
1,2.05471e-06,2.32076e-06,1.88031e-06,50,100,100,430892,6 7 2 14 10 8 0 5 13 1 11 12 3 9 4 
2,2.04986e-06,2.32076e-06,1.94748e-06,50,100,100,430892,6 7 2 14 10 8 0 5 13 1 11 12 3 9 4 
3,2.04307e-06,2.32076e-06,1.91624e-06,50,100,100,430892,6 7 2 14 10 8 0 5 13 1 11 12 3 9 4 
4,2.05302e-06,2.32076e-06,1.89503e-06,50,100,100,430892,6 7 2 14 10 8 0 5 13 1 11 12 3 9 4 
5,2.04976e-06,2.32076e-06,1.90335e-06,50,100,100,430892,6 7 2 14 10 8 0 5 13 1 11 12 3 9 4 
6,2.04667e-06,2.32483e-06,1.90868e-06,50,100,100,430138,14 6 10 5 11 4 1 12 0 8 3 7 9 2 13 
7,2.05067e-06,2.32483e-06,1.89126e-06,50,100,100,430138,14 6 10 5 11 4 1 12 0 8 3 7 9 2 13 
8,2.04162e-06,2.32483e-06,1.872e-06,50,100,100,430138,14 6 10 5 11 4 1 12 0 8 3 7 9 2 13 
9,2.04825e-06,2.32834e-06,1.90636e-06,50,100,100,429490,12 8 4 10 5 0 1 6 7 2 11 14 9 3 13 
10,2.06002e-06,2.32834e-06,1.93231e-06,50,100,100,429490,12 8 4 10 5 0 1 6 7 2 11 14 9 3 13 
11,2.05035e-06,2.32834e-06,1.89176e-06,50,100,100,429490,12 8 4 10 5 0 1 6 7 2 11 14 9 3 13 
12,2.05616e-06,2.32834e-06,1.90968e-06,50,100,100,429490,12 8 4 10 5 0 1 6 7 2 11 14 9 3 13 
13,2.03849e-06,2.32834e-06,1.89841e-06,50,100,100,429490,12 8 4 10 5 0 1 6 7 2 11 14 9 3 13 
14,2.062e-06,2.32834e-06,1.88837e-06,50,100,100,429490,12 8 4 10 5 0 1 6 7 2 11 14 9 3 13 
15,2.0427e-06,2.32834e-06,1.87212e-06,50,100,100,429490,12 8 4 10 5 0 1 6 7 2 11 14 9 3 13 
16,2.04115e-06,2.32834e-06,1.88376e-06,50,100,100,429490,12 8 4 10 5 0 1 6 7 2 11 14 9 3 13 
17,2.05841e-06,2.32834e-06,1.91378e-06,50,100,100,429490,12 8 4 10 5 0 1 6 7 2 11 14 9 3 13 
18,2.05226e-06,2.32834e-06,1.93093e-06,50,100,100,429490,12 8 4 10 5 0 1 6 7 2 11 14 9 3 13 
19,2.05516e-06,2.32834e-06,1.90884e-06,50,100,100,429490,12 8 4 10 5 0 1 6 7 2 11 14 9 3 13 
20,2.06061e-06,2.32834e-06,1.9122e-06,50,100,100,429490,12 8 4 10 5 0 1 6 7 2 11 14 9 3 13 
21,2.05367e-06,2.32834e-06,1.89685e-06,50,100,100,429490,12 8 4 10 5 0 1 6 7 2 11 14 9 3 13 
22,2.05338e-06,2.32834e-06,1.88761e-06,50,100,100,429490,12 8 4 10 5 0 1 6 7 2 11 14 9 3 13 
23,2.04327e-06,2.32834e-06,1.89886e-06,50,100,100,429490,12 8 4 10 5 0 1 6 7 2 11 14 9 3 13 
24,2.04187e-06,2.32834e-06,1.88368e-06,50,100,100,429490,12 8 4 10 5 0 1 6 7 2 11 14 9 3 13 
25,2.05011e-06,2.32834e-06,1.9059e-06,50,100,100,429490,12 8 4 10 5 0 1 6 7 2 11 14 9 3 13 
26,2.06679e-06,2.32834e-06,1.92908e-06,50,100,100,429490,12 8 4 10 5 0 1 6 7 2 11 14 9 3 13 
27,2.06736e-06,2.32834e-06,1.93138e-06,50,100,100,429490,12 8 4 10 5 0 1 6 7 2 11 14 9 3 13 
28,2.054e-06,2.32834e-06,1.90093e-06,50,100,100,429490,12 8 4 10 5 0 1 6 7 2 11 14 9 3 13 
29,2.0545e-06,2.32834e-06,1.9254e-06,50,100,100,429490,12 8 4 10 5 0 1 6 7 2 11 14 9 3 13 
30,2.04681e-06,2.32834e-06,1.92516e-06,50,100,100,429490,12 8 4 10 5 0 1 6 7 2 11 14 9 3 13 
31,2.05897e-06,2.32834e-06,1.92036e-06,50,100,100,429490,12 8 4 10 5 0 1 6 7 2 11 14 9 3 13 
32,2.06848e-06,2.32834e-06,1.89952e-06,50,100,100,429490,12 8 4 10 5 0 1 6 7 2 11 14 9 3 13 
33,2.05703e-06,2.32834e-06,1.90303e-06,50,100,100,429490,12 8 4 10 5 0 1 6 7 2 11 14 9 3 13 
34,2.05501e-06,2.32834e-06,1.90159e-06,50,100,100,429490,12 8 4 10 5 0 1 6 7 2 11 14 9 3 13 
35,2.05258e-06,2.32834e-06,1.92553e-06,50,100,100,429490,12 8 4 10 5 0 1 6 7 2 11 14 9 3 13 
36,2.06626e-06,2.32834e-06,1.91349e-06,50,100,100,429490,12 8 4 10 5 0 1 6 7 2 11 14 9 3 13 
37,2.06171e-06,2.32834e-06,1.88648e-06,50,100,100,429490,12 8 4 10 5 0 1 6 7 2 11 14 9 3 13 
38,2.06633e-06,2.32834e-06,1.92711e-06,50,100,100,429490,12 8 4 10 5 0 1 6 7 2 11 14 9 3 13 
39,2.05387e-06,2.32834e-06,1.88115e-06,50,100,100,429490,12 8 4 10 5 0 1 6 7 2 11 14 9 3 13 
40,2.05272e-06,2.32834e-06,1.92472e-06,50,100,100,429490,12 8 4 10 5 0 1 6 7 2 11 14 9 3 13 
41,2.05741e-06,2.32834e-06,1.92707e-06,50,100,100,429490,12 8 4 10 5 0 1 6 7 2 11 14 9 3 13 
42,2.0573e-06,2.32834e-06,1.91407e-06,50,100,100,429490,12 8 4 10 5 0 1 6 7 2 11 14 9 3 13 
43,2.05837e-06,2.32834e-06,1.92309e-06,50,100,100,429490,12 8 4 10 5 0 1 6 7 2 11 14 9 3 13 
44,2.05254e-06,2.32834e-06,1.90902e-06,50,100,100,429490,12 8 4 10 5 0 1 6 7 2 11 14 9 3 13 
45,2.06987e-06,2.32834e-06,1.91752e-06,50,100,100,429490,12 8 4 10 5 0 1 6 7 2 11 14 9 3 13 
46,2.06881e-06,2.32834e-06,1.88868e-06,50,100,100,429490,12 8 4 10 5 0 1 6 7 2 11 14 9 3 13 
47,2.05585e-06,2.32834e-06,1.91392e-06,50,100,100,429490,12 8 4 10 5 0 1 6 7 2 11 14 9 3 13 
48,2.04954e-06,2.32834e-06,1.93759e-06,50,100,100,429490,12 8 4 10 5 0 1 6 7 2 11 14 9 3 13 
49,2.04884e-06,2.32834e-06,1.88978e-06,50,100,100,429490,12 8 4 10 5 0 1 6 7 2 11 14 9 3 13 
50,2.06388e-06,2.32834e-06,1.88184e-06,50,100,100,429490,12 8 4 10 5 0 1 6 7 2 11 14 9 3 13 
51,2.05616e-06,2.32834e-06,1.90188e-06,50,100,100,429490,12 8 4 10 5 0 1 6 7 2 11 14 9 3 13 
52,2.06427e-06,2.32834e-06,1.9092e-06,50,100,100,429490,12 8 4 10 5 0 1 6 7 2 11 14 9 3 13 
53,2.06159e-06,2.32834e-06,1.8778e-06,50,100,100,429490,12 8 4 10 5 0 1 6 7 2 11 14 9 3 13 
54,2.07494e-06,2.32834e-06,1.92788e-06,50,100,100,429490,12 8 4 10 5 0 1 6 7 2 11 14 9 3 13 
55,2.07331e-06,2.32834e-06,1.94995e-06,50,100,100,429490,12 8 4 10 5 0 1 6 7 2 11 14 9 3 13 
56,2.06e-06,2.32834e-06,1.90013e-06,50,100,100,429490,12 8 4 10 5 0 1 6 7 2 11 14 9 3 13 
57,2.06003e-06,2.32834e-06,1.90278e-06,50,100,100,429490,12 8 4 10 5 0 1 6 7 2 11 14 9 3 13 
58,2.05804e-06,2.32834e-06,1.86896e-06,50,100,100,429490,12 8 4 10 5 0 1 6 7 2 11 14 9 3 13 
59,2.06323e-06,2.32834e-06,1.88533e-06,50,100,100,429490,12 8 4 10 5 0 1 6 7 2 11 14 9 3 13 
60,2.06416e-06,2.36217e-06,1.93994e-06,50,100,100,423338,6 9 4 10 5 8 0 14 1 7 11 13 2 12 3 
61,2.05897e-06,2.36217e-06,1.9201e-06,50,100,100,423338,6 9 4 10 5 8 0 14 1 7 11 13 2 12 3 
62,2.04848e-06,2.36217e-06,1.91122e-06,50,100,100,423338,6 9 4 10 5 8 0 14 1 7 11 13 2 12 3 
63,2.05669e-06,2.36217e-06,1.90934e-06,50,100,100,423338,6 9 4 10 5 8 0 14 1 7 11 13 2 12 3 
64,2.05328e-06,2.36217e-06,1.91328e-06,50,100,100,423338,6 9 4 10 5 8 0 14 1 7 11 13 2 12 3 
65,2.04861e-06,2.36217e-06,1.89509e-06,50,100,100,423338,6 9 4 10 5 8 0 14 1 7 11 13 2 12 3 
66,2.06561e-06,2.36217e-06,1.88166e-06,50,100,100,423338,6 9 4 10 5 8 0 14 1 7 11 13 2 12 3 
67,2.07709e-06,2.36217e-06,1.93156e-06,50,100,100,423338,6 9 4 10 5 8 0 14 1 7 11 13 2 12 3 
68,2.06409e-06,2.36217e-06,1.90325e-06,50,100,100,423338,6 9 4 10 5 8 0 14 1 7 11 13 2 12 3 
69,2.06787e-06,2.36217e-06,1.92295e-06,50,100,100,423338,6 9 4 10 5 8 0 14 1 7 11 13 2 12 3 
70,2.05851e-06,2.36217e-06,1.8954e-06,50,100,100,423338,6 9 4 10 5 8 0 14 1 7 11 13 2 12 3 
71,2.06059e-06,2.36217e-06,1.89237e-06,50,100,100,423338,6 9 4 10 5 8 0 14 1 7 11 13 2 12 3 
72,2.0697e-06,2.36217e-06,1.89963e-06,50,100,100,423338,6 9 4 10 5 8 0 14 1 7 11 13 2 12 3 
73,2.06237e-06,2.36217e-06,1.84639e-06,50,100,100,423338,6 9 4 10 5 8 0 14 1 7 11 13 2 12 3 
74,2.05708e-06,2.36217e-06,1.90123e-06,50,100,100,423338,6 9 4 10 5 8 0 14 1 7 11 13 2 12 3 
75,2.0683e-06,2.36217e-06,1.90034e-06,50,100,100,423338,6 9 4 10 5 8 0 14 1 7 11 13 2 12 3 
76,2.07315e-06,2.36217e-06,1.93032e-06,50,100,100,423338,6 9 4 10 5 8 0 14 1 7 11 13 2 12 3 
77,2.06689e-06,2.36217e-06,1.90047e-06,50,100,100,423338,6 9 4 10 5 8 0 14 1 7 11 13 2 12 3 
78,2.05738e-06,2.36217e-06,1.91634e-06,50,100,100,423338,6 9 4 10 5 8 0 14 1 7 11 13 2 12 3 
79,2.07041e-06,2.36217e-06,1.92515e-06,50,100,100,423338,6 9 4 10 5 8 0 14 1 7 11 13 2 12 3 
80,2.065e-06,2.36217e-06,1.92127e-06,50,100,100,423338,6 9 4 10 5 8 0 14 1 7 11 13 2 12 3 
81,2.04691e-06,2.36217e-06,1.91564e-06,50,100,100,423338,6 9 4 10 5 8 0 14 1 7 11 13 2 12 3 
82,2.05545e-06,2.36217e-06,1.90137e-06,50,100,100,423338,6 9 4 10 5 8 0 14 1 7 11 13 2 12 3 
83,2.0582e-06,2.36217e-06,1.90617e-06,50,100,100,423338,6 9 4 10 5 8 0 14 1 7 11 13 2 12 3 
84,2.06538e-06,2.36217e-06,1.92168e-06,50,100,100,423338,6 9 4 10 5 8 0 14 1 7 11 13 2 12 3 
85,2.07792e-06,2.36217e-06,1.93288e-06,50,100,100,423338,6 9 4 10 5 8 0 14 1 7 11 13 2 12 3 
86,2.06996e-06,2.36217e-06,1.90247e-06,50,100,100,423338,6 9 4 10 5 8 0 14 1 7 11 13 2 12 3 
87,2.0684e-06,2.36217e-06,1.91873e-06,50,100,100,423338,6 9 4 10 5 8 0 14 1 7 11 13 2 12 3 
88,2.0678e-06,2.36217e-06,1.89429e-06,50,100,100,423338,6 9 4 10 5 8 0 14 1 7 11 13 2 12 3 
89,2.07331e-06,2.36217e-06,1.89925e-06,50,100,100,423338,6 9 4 10 5 8 0 14 1 7 11 13 2 12 3 
90,2.07039e-06,2.36217e-06,1.9202e-06,50,100,100,423338,6 9 4 10 5 8 0 14 1 7 11 13 2 12 3 
91,2.05451e-06,2.36217e-06,1.90147e-06,50,100,100,423338,6 9 4 10 5 8 0 14 1 7 11 13 2 12 3 
92,2.04461e-06,2.36217e-06,1.88032e-06,50,100,100,423338,6 9 4 10 5 8 0 14 1 7 11 13 2 12 3 
93,2.06428e-06,2.36217e-06,1.93304e-06,50,100,100,423338,6 9 4 10 5 8 0 14 1 7 11 13 2 12 3 
94,2.05285e-06,2.36217e-06,1.89819e-06,50,100,100,423338,6 9 4 10 5 8 0 14 1 7 11 13 2 12 3 
95,2.07304e-06,2.36217e-06,1.94868e-06,50,100,100,423338,6 9 4 10 5 8 0 14 1 7 11 13 2 12 3 
96,2.06561e-06,2.36217e-06,1.93205e-06,50,100,100,423338,6 9 4 10 5 8 0 14 1 7 11 13 2 12 3 
97,2.06243e-06,2.36217e-06,1.94269e-06,50,100,100,423338,6 9 4 10 5 8 0 14 1 7 11 13 2 12 3 
98,2.05364e-06,2.36217e-06,1.8736e-06,50,100,100,423338,6 9 4 10 5 8 0 14 1 7 11 13 2 12 3 
99,2.06906e-06,2.36217e-06,1.92931e-06,50,100,100,423338,6 9 4 10 5 8 0 14 1 7 11 13 2 12 3 
100,2.05765e-06,2.36217e-06,1.8805e-06,50,100,100,423338,6 9 4 10 5 8 0 14 1 7 11 13 2 12 3 
101,2.06518e-06,2.36217e-06,1.95041e-06,50,100,100,423338,6 9 4 10 5 8 0 14 1 7 11 13 2 12 3 
102,2.06419e-06,2.36217e-06,1.89935e-06,50,100,100,423338,6 9 4 10 5 8 0 14 1 7 11 13 2 12 3 
103,2.06403e-06,2.36217e-06,1.92616e-06,50,100,100,423338,6 9 4 10 5 8 0 14 1 7 11 13 2 12 3 
104,2.0605e-06,2.36217e-06,1.90665e-06,50,100,100,423338,6 9 4 10 5 8 0 14 1 7 11 13 2 12 3 
105,2.06585e-06,2.36217e-06,1.88977e-06,50,100,100,423338,6 9 4 10 5 8 0 14 1 7 11 13 2 12 3 
106,2.05965e-06,2.36217e-06,1.91016e-06,50,100,100,423338,6 9 4 10 5 8 0 14 1 7 11 13 2 12 3 
107,2.06373e-06,2.36217e-06,1.91881e-06,50,100,100,423338,6 9 4 10 5 8 0 14 1 7 11 13 2 12 3 
108,2.06368e-06,2.36217e-06,1.92282e-06,50,100,100,423338,6 9 4 10 5 8 0 14 1 7 11 13 2 12 3 
109,2.06864e-06,2.36217e-06,1.90473e-06,50,100,100,423338,6 9 4 10 5 8 0 14 1 7 11 13 2 12 3 
110,2.06856e-06,2.36217e-06,1.91404e-06,50,100,100,423338,6 9 4 10 5 8 0 14 1 7 11 13 2 12 3 
111,2.05495e-06,2.36217e-06,1.90212e-06,50,100,100,423338,6 9 4 10 5 8 0 14 1 7 11 13 2 12 3 
112,2.06363e-06,2.36217e-06,1.90812e-06,50,100,100,423338,6 9 4 10 5 8 0 14 1 7 11 13 2 12 3 
113,2.05451e-06,2.36217e-06,1.84306e-06,50,100,100,423338,6 9 4 10 5 8 0 14 1 7 11 13 2 12 3 
114,2.0582e-06,2.36217e-06,1.91152e-06,50,100,100,423338,6 9 4 10 5 8 0 14 1 7 11 13 2 12 3 
115,2.0571e-06,2.36217e-06,1.90345e-06,50,100,100,423338,6 9 4 10 5 8 0 14 1 7 11 13 2 12 3 
116,2.06087e-06,2.36217e-06,1.87698e-06,50,100,100,423338,6 9 4 10 5 8 0 14 1 7 11 13 2 12 3 
117,2.05974e-06,2.36217e-06,1.89336e-06,50,100,100,423338,6 9 4 10 5 8 0 14 1 7 11 13 2 12 3 
118,2.05224e-06,2.36217e-06,1.91714e-06,50,100,100,423338,6 9 4 10 5 8 0 14 1 7 11 13 2 12 3 
119,2.06063e-06,2.36217e-06,1.90232e-06,50,100,100,423338,6 9 4 10 5 8 0 14 1 7 11 13 2 12 3 
120,2.05786e-06,2.36217e-06,1.90293e-06,50,100,100,423338,6 9 4 10 5 8 0 14 1 7 11 13 2 12 3 
121,2.05677e-06,2.36217e-06,1.94407e-06,50,100,100,423338,6 9 4 10 5 8 0 14 1 7 11 13 2 12 3 
122,2.06116e-06,2.36217e-06,1.90245e-06,50,100,100,423338,6 9 4 10 5 8 0 14 1 7 11 13 2 12 3 
123,2.05141e-06,2.36217e-06,1.93081e-06,50,100,100,423338,6 9 4 10 5 8 0 14 1 7 11 13 2 12 3 
124,2.06167e-06,2.36217e-06,1.89809e-06,50,100,100,423338,6 9 4 10 5 8 0 14 1 7 11 13 2 12 3 
125,2.05605e-06,2.36217e-06,1.90237e-06,50,100,100,423338,6 9 4 10 5 8 0 14 1 7 11 13 2 12 3 
126,2.06217e-06,2.36217e-06,1.88719e-06,50,100,100,423338,6 9 4 10 5 8 0 14 1 7 11 13 2 12 3 
127,2.06012e-06,2.36217e-06,1.93643e-06,50,100,100,423338,6 9 4 10 5 8 0 14 1 7 11 13 2 12 3 
128,2.05858e-06,2.36217e-06,1.91282e-06,50,100,100,423338,6 9 4 10 5 8 0 14 1 7 11 13 2 12 3 
129,2.07169e-06,2.36217e-06,1.93133e-06,50,100,100,423338,6 9 4 10 5 8 0 14 1 7 11 13 2 12 3 
130,2.06381e-06,2.36217e-06,1.92404e-06,50,100,100,423338,6 9 4 10 5 8 0 14 1 7 11 13 2 12 3 
131,2.06834e-06,2.36217e-06,1.9211e-06,50,100,100,423338,6 9 4 10 5 8 0 14 1 7 11 13 2 12 3 
132,2.07681e-06,2.36217e-06,1.95156e-06,50,100,100,423338,6 9 4 10 5 8 0 14 1 7 11 13 2 12 3 
133,2.06345e-06,2.36217e-06,1.93623e-06,50,100,100,423338,6 9 4 10 5 8 0 14 1 7 11 13 2 12 3 
134,2.05183e-06,2.36217e-06,1.90985e-06,50,100,100,423338,6 9 4 10 5 8 0 14 1 7 11 13 2 12 3 
135,2.05893e-06,2.36217e-06,1.89096e-06,50,100,100,423338,6 9 4 10 5 8 0 14 1 7 11 13 2 12 3 
136,2.06361e-06,2.36217e-06,1.90108e-06,50,100,100,423338,6 9 4 10 5 8 0 14 1 7 11 13 2 12 3 
137,2.0577e-06,2.36217e-06,1.88732e-06,50,100,100,423338,6 9 4 10 5 8 0 14 1 7 11 13 2 12 3 
138,2.06604e-06,2.36217e-06,1.92754e-06,50,100,100,423338,6 9 4 10 5 8 0 14 1 7 11 13 2 12 3 
139,2.06993e-06,2.36217e-06,1.92635e-06,50,100,100,423338,6 9 4 10 5 8 0 14 1 7 11 13 2 12 3 
140,2.05498e-06,2.36217e-06,1.91008e-06,50,100,100,423338,6 9 4 10 5 8 0 14 1 7 11 13 2 12 3 
141,2.06124e-06,2.36217e-06,1.92954e-06,50,100,100,423338,6 9 4 10 5 8 0 14 1 7 11 13 2 12 3 
142,2.05606e-06,2.36217e-06,1.91455e-06,50,100,100,423338,6 9 4 10 5 8 0 14 1 7 11 13 2 12 3 
143,2.06026e-06,2.36217e-06,1.92626e-06,50,100,100,423338,6 9 4 10 5 8 0 14 1 7 11 13 2 12 3 
144,2.0605e-06,2.36217e-06,1.93048e-06,50,100,100,423338,6 9 4 10 5 8 0 14 1 7 11 13 2 12 3 
145,2.05882e-06,2.36217e-06,1.91257e-06,50,100,100,423338,6 9 4 10 5 8 0 14 1 7 11 13 2 12 3 
146,2.06878e-06,2.36217e-06,1.9206e-06,50,100,100,423338,6 9 4 10 5 8 0 14 1 7 11 13 2 12 3 
147,2.07848e-06,2.36217e-06,1.94714e-06,50,100,100,423338,6 9 4 10 5 8 0 14 1 7 11 13 2 12 3 
148,2.07141e-06,2.36217e-06,1.85618e-06,50,100,100,423338,6 9 4 10 5 8 0 14 1 7 11 13 2 12 3 
149,2.06444e-06,2.36217e-06,1.89921e-06,50,100,100,423338,6 9 4 10 5 8 0 14 1 7 11 13 2 12 3 
150,2.06845e-06,2.36217e-06,1.93867e-06,50,100,100,423338,6 9 4 10 5 8 0 14 1 7 11 13 2 12 3 
151,2.06754e-06,2.36217e-06,1.96254e-06,50,100,100,423338,6 9 4 10 5 8 0 14 1 7 11 13 2 12 3 
152,2.06839e-06,2.36217e-06,1.93266e-06,50,100,100,423338,6 9 4 10 5 8 0 14 1 7 11 13 2 12 3 
153,2.05724e-06,2.36217e-06,1.86312e-06,50,100,100,423338,6 9 4 10 5 8 0 14 1 7 11 13 2 12 3 
154,2.05206e-06,2.36217e-06,1.89605e-06,50,100,100,423338,6 9 4 10 5 8 0 14 1 7 11 13 2 12 3 
155,2.06182e-06,2.36217e-06,1.91323e-06,50,100,100,423338,6 9 4 10 5 8 0 14 1 7 11 13 2 12 3 
156,2.06269e-06,2.36217e-06,1.89462e-06,50,100,100,423338,6 9 4 10 5 8 0 14 1 7 11 13 2 12 3 
157,2.05739e-06,2.36217e-06,1.9053e-06,50,100,100,423338,6 9 4 10 5 8 0 14 1 7 11 13 2 12 3 
158,2.06038e-06,2.36217e-06,1.90663e-06,50,100,100,423338,6 9 4 10 5 8 0 14 1 7 11 13 2 12 3 
159,2.05722e-06,2.36217e-06,1.91877e-06,50,100,100,423338,6 9 4 10 5 8 0 14 1 7 11 13 2 12 3 
160,2.06439e-06,2.36217e-06,1.94194e-06,50,100,100,423338,6 9 4 10 5 8 0 14 1 7 11 13 2 12 3 
161,2.05824e-06,2.36217e-06,1.8687e-06,50,100,100,423338,6 9 4 10 5 8 0 14 1 7 11 13 2 12 3 
162,2.05369e-06,2.36217e-06,1.87675e-06,50,100,100,423338,6 9 4 10 5 8 0 14 1 7 11 13 2 12 3 
163,2.04717e-06,2.36217e-06,1.90818e-06,50,100,100,423338,6 9 4 10 5 8 0 14 1 7 11 13 2 12 3 
164,2.04535e-06,2.36217e-06,1.93751e-06,50,100,100,423338,6 9 4 10 5 8 0 14 1 7 11 13 2 12 3 
165,2.05973e-06,2.36217e-06,1.90314e-06,50,100,100,423338,6 9 4 10 5 8 0 14 1 7 11 13 2 12 3 
166,2.05927e-06,2.36217e-06,1.90233e-06,50,100,100,423338,6 9 4 10 5 8 0 14 1 7 11 13 2 12 3 
167,2.07166e-06,2.36217e-06,1.91138e-06,50,100,100,423338,6 9 4 10 5 8 0 14 1 7 11 13 2 12 3 
168,2.0746e-06,2.36217e-06,1.93449e-06,50,100,100,423338,6 9 4 10 5 8 0 14 1 7 11 13 2 12 3 
169,2.05812e-06,2.36217e-06,1.91745e-06,50,100,100,423338,6 9 4 10 5 8 0 14 1 7 11 13 2 12 3 
170,2.06636e-06,2.36217e-06,1.91658e-06,50,100,100,423338,6 9 4 10 5 8 0 14 1 7 11 13 2 12 3 
171,2.06927e-06,2.36217e-06,1.91051e-06,50,100,100,423338,6 9 4 10 5 8 0 14 1 7 11 13 2 12 3 
172,2.04684e-06,2.36217e-06,1.89198e-06,50,100,100,423338,6 9 4 10 5 8 0 14 1 7 11 13 2 12 3 
173,2.04967e-06,2.36217e-06,1.90469e-06,50,100,100,423338,6 9 4 10 5 8 0 14 1 7 11 13 2 12 3 
174,2.06075e-06,2.36217e-06,1.90242e-06,50,100,100,423338,6 9 4 10 5 8 0 14 1 7 11 13 2 12 3 
175,2.05669e-06,2.36217e-06,1.91172e-06,50,100,100,423338,6 9 4 10 5 8 0 14 1 7 11 13 2 12 3 
176,2.05472e-06,2.36217e-06,1.88285e-06,50,100,100,423338,6 9 4 10 5 8 0 14 1 7 11 13 2 12 3 
177,2.05352e-06,2.36217e-06,1.92832e-06,50,100,100,423338,6 9 4 10 5 8 0 14 1 7 11 13 2 12 3 
178,2.05469e-06,2.36217e-06,1.92529e-06,50,100,100,423338,6 9 4 10 5 8 0 14 1 7 11 13 2 12 3 
179,2.0714e-06,2.36217e-06,1.91637e-06,50,100,100,423338,6 9 4 10 5 8 0 14 1 7 11 13 2 12 3 
180,2.06001e-06,2.36217e-06,1.89875e-06,50,100,100,423338,6 9 4 10 5 8 0 14 1 7 11 13 2 12 3 
181,2.05315e-06,2.36217e-06,1.90066e-06,50,100,100,423338,6 9 4 10 5 8 0 14 1 7 11 13 2 12 3 
182,2.06544e-06,2.36217e-06,1.90831e-06,50,100,100,423338,6 9 4 10 5 8 0 14 1 7 11 13 2 12 3 
183,2.06142e-06,2.36217e-06,1.93627e-06,50,100,100,423338,6 9 4 10 5 8 0 14 1 7 11 13 2 12 3 
184,2.06219e-06,2.36217e-06,1.91479e-06,50,100,100,423338,6 9 4 10 5 8 0 14 1 7 11 13 2 12 3 
185,2.0617e-06,2.36217e-06,1.91874e-06,50,100,100,423338,6 9 4 10 5 8 0 14 1 7 11 13 2 12 3 
186,2.06356e-06,2.36217e-06,1.92338e-06,50,100,100,423338,6 9 4 10 5 8 0 14 1 7 11 13 2 12 3 
187,2.06218e-06,2.36217e-06,1.89916e-06,50,100,100,423338,6 9 4 10 5 8 0 14 1 7 11 13 2 12 3 
188,2.05844e-06,2.36217e-06,1.89795e-06,50,100,100,423338,6 9 4 10 5 8 0 14 1 7 11 13 2 12 3 
189,2.05151e-06,2.36217e-06,1.89171e-06,50,100,100,423338,6 9 4 10 5 8 0 14 1 7 11 13 2 12 3 
190,2.06087e-06,2.36217e-06,1.88402e-06,50,100,100,423338,6 9 4 10 5 8 0 14 1 7 11 13 2 12 3 
191,2.07316e-06,2.36217e-06,1.9291e-06,50,100,100,423338,6 9 4 10 5 8 0 14 1 7 11 13 2 12 3 
192,2.06116e-06,2.36217e-06,1.86926e-06,50,100,100,423338,6 9 4 10 5 8 0 14 1 7 11 13 2 12 3 
193,2.07061e-06,2.36217e-06,1.92789e-06,50,100,100,423338,6 9 4 10 5 8 0 14 1 7 11 13 2 12 3 
194,2.07717e-06,2.36217e-06,1.91528e-06,50,100,100,423338,6 9 4 10 5 8 0 14 1 7 11 13 2 12 3 
195,2.07055e-06,2.36217e-06,1.94632e-06,50,100,100,423338,6 9 4 10 5 8 0 14 1 7 11 13 2 12 3 
196,2.06086e-06,2.36217e-06,1.93445e-06,50,100,100,423338,6 9 4 10 5 8 0 14 1 7 11 13 2 12 3 
197,2.06663e-06,2.36217e-06,1.93604e-06,50,100,100,423338,6 9 4 10 5 8 0 14 1 7 11 13 2 12 3 
198,2.06331e-06,2.41415e-06,1.91377e-06,50,100,100,414224,6 5 4 10 9 8 0 14 1 7 11 13 2 12 3 
199,2.07233e-06,2.41415e-06,1.91299e-06,50,100,100,414224,6 5 4 10 9 8 0 14 1 7 11 13 2 12 3 
200,2.06786e-06,2.41415e-06,1.92172e-06,50,100,100,414224,6 5 4 10 9 8 0 14 1 7 11 13 2 12 3 
201,2.06182e-06,2.41415e-06,1.9009e-06,50,100,100,414224,6 5 4 10 9 8 0 14 1 7 11 13 2 12 3 
202,2.07354e-06,2.41415e-06,1.93001e-06,50,100,100,414224,6 5 4 10 9 8 0 14 1 7 11 13 2 12 3 
203,2.06731e-06,2.41415e-06,1.91773e-06,50,100,100,414224,6 5 4 10 9 8 0 14 1 7 11 13 2 12 3 
204,2.06585e-06,2.41415e-06,1.90764e-06,50,100,100,414224,6 5 4 10 9 8 0 14 1 7 11 13 2 12 3 
205,2.06646e-06,2.41415e-06,1.92452e-06,50,100,100,414224,6 5 4 10 9 8 0 14 1 7 11 13 2 12 3 
206,2.0609e-06,2.41415e-06,1.94211e-06,50,100,100,414224,6 5 4 10 9 8 0 14 1 7 11 13 2 12 3 
207,2.06348e-06,2.41415e-06,1.91087e-06,50,100,100,414224,6 5 4 10 9 8 0 14 1 7 11 13 2 12 3 
208,2.06387e-06,2.41415e-06,1.90815e-06,50,100,100,414224,6 5 4 10 9 8 0 14 1 7 11 13 2 12 3 
209,2.05682e-06,2.41415e-06,1.90439e-06,50,100,100,414224,6 5 4 10 9 8 0 14 1 7 11 13 2 12 3 
210,2.07579e-06,2.41415e-06,1.92415e-06,50,100,100,414224,6 5 4 10 9 8 0 14 1 7 11 13 2 12 3 
211,2.06477e-06,2.41415e-06,1.91895e-06,50,100,100,414224,6 5 4 10 9 8 0 14 1 7 11 13 2 12 3 
212,2.0692e-06,2.41415e-06,1.90739e-06,50,100,100,414224,6 5 4 10 9 8 0 14 1 7 11 13 2 12 3 
213,2.05738e-06,2.41415e-06,1.88238e-06,50,100,100,414224,6 5 4 10 9 8 0 14 1 7 11 13 2 12 3 
214,2.04989e-06,2.41415e-06,1.91125e-06,50,100,100,414224,6 5 4 10 9 8 0 14 1 7 11 13 2 12 3 
215,2.04995e-06,2.41415e-06,1.89459e-06,50,100,100,414224,6 5 4 10 9 8 0 14 1 7 11 13 2 12 3 
216,2.06325e-06,2.41415e-06,1.92315e-06,50,100,100,414224,6 5 4 10 9 8 0 14 1 7 11 13 2 12 3 
217,2.07332e-06,2.41415e-06,1.91123e-06,50,100,100,414224,6 5 4 10 9 8 0 14 1 7 11 13 2 12 3 
218,2.07647e-06,2.41415e-06,1.90861e-06,50,100,100,414224,6 5 4 10 9 8 0 14 1 7 11 13 2 12 3 
219,2.06574e-06,2.41415e-06,1.93787e-06,50,100,100,414224,6 5 4 10 9 8 0 14 1 7 11 13 2 12 3 
220,2.06471e-06,2.41415e-06,1.91974e-06,50,100,100,414224,6 5 4 10 9 8 0 14 1 7 11 13 2 12 3 
221,2.07196e-06,2.41415e-06,1.93375e-06,50,100,100,414224,6 5 4 10 9 8 0 14 1 7 11 13 2 12 3 
222,2.06819e-06,2.41415e-06,1.91293e-06,50,100,100,414224,6 5 4 10 9 8 0 14 1 7 11 13 2 12 3 
223,2.06827e-06,2.41415e-06,1.90499e-06,50,100,100,414224,6 5 4 10 9 8 0 14 1 7 11 13 2 12 3 
224,2.06211e-06,2.41415e-06,1.91471e-06,50,100,100,414224,6 5 4 10 9 8 0 14 1 7 11 13 2 12 3 
225,2.06814e-06,2.41415e-06,1.91826e-06,50,100,100,414224,6 5 4 10 9 8 0 14 1 7 11 13 2 12 3 
226,2.06651e-06,2.41415e-06,1.87599e-06,50,100,100,414224,6 5 4 10 9 8 0 14 1 7 11 13 2 12 3 
227,2.07002e-06,2.41415e-06,1.92313e-06,50,100,100,414224,6 5 4 10 9 8 0 14 1 7 11 13 2 12 3 
228,2.06746e-06,2.41415e-06,1.8993e-06,50,100,100,414224,6 5 4 10 9 8 0 14 1 7 11 13 2 12 3 
229,2.08088e-06,2.41415e-06,1.91881e-06,50,100,100,414224,6 5 4 10 9 8 0 14 1 7 11 13 2 12 3 
230,2.07367e-06,2.41415e-06,1.90466e-06,50,100,100,414224,6 5 4 10 9 8 0 14 1 7 11 13 2 12 3 
231,2.06228e-06,2.41415e-06,1.88943e-06,50,100,100,414224,6 5 4 10 9 8 0 14 1 7 11 13 2 12 3 
232,2.06271e-06,2.41415e-06,1.91695e-06,50,100,100,414224,6 5 4 10 9 8 0 14 1 7 11 13 2 12 3 
233,2.06714e-06,2.41415e-06,1.92453e-06,50,100,100,414224,6 5 4 10 9 8 0 14 1 7 11 13 2 12 3 
234,2.08294e-06,2.41415e-06,1.90024e-06,50,100,100,414224,6 5 4 10 9 8 0 14 1 7 11 13 2 12 3 
235,2.05654e-06,2.41415e-06,1.90309e-06,50,100,100,414224,6 5 4 10 9 8 0 14 1 7 11 13 2 12 3 
236,2.06789e-06,2.41415e-06,1.90813e-06,50,100,100,414224,6 5 4 10 9 8 0 14 1 7 11 13 2 12 3 
237,2.06271e-06,2.41415e-06,1.93771e-06,50,100,100,414224,6 5 4 10 9 8 0 14 1 7 11 13 2 12 3 
238,2.04393e-06,2.41415e-06,1.87945e-06,50,100,100,414224,6 5 4 10 9 8 0 14 1 7 11 13 2 12 3 
239,2.05587e-06,2.41415e-06,1.8912e-06,50,100,100,414224,6 5 4 10 9 8 0 14 1 7 11 13 2 12 3 
240,2.05262e-06,2.41415e-06,1.90366e-06,50,100,100,414224,6 5 4 10 9 8 0 14 1 7 11 13 2 12 3 
241,2.06147e-06,2.41415e-06,1.8969e-06,50,100,100,414224,6 5 4 10 9 8 0 14 1 7 11 13 2 12 3 
242,2.06529e-06,2.41415e-06,1.92739e-06,50,100,100,414224,6 5 4 10 9 8 0 14 1 7 11 13 2 12 3 
243,2.07679e-06,2.41415e-06,1.90699e-06,50,100,100,414224,6 5 4 10 9 8 0 14 1 7 11 13 2 12 3 
244,2.07166e-06,2.41415e-06,1.916e-06,50,100,100,414224,6 5 4 10 9 8 0 14 1 7 11 13 2 12 3 
245,2.06573e-06,2.41415e-06,1.93694e-06,50,100,100,414224,6 5 4 10 9 8 0 14 1 7 11 13 2 12 3 
246,2.0674e-06,2.41415e-06,1.91626e-06,50,100,100,414224,6 5 4 10 9 8 0 14 1 7 11 13 2 12 3 
247,2.04566e-06,2.41415e-06,1.88034e-06,50,100,100,414224,6 5 4 10 9 8 0 14 1 7 11 13 2 12 3 
248,2.05692e-06,2.41415e-06,1.91176e-06,50,100,100,414224,6 5 4 10 9 8 0 14 1 7 11 13 2 12 3 
249,2.05234e-06,2.41415e-06,1.89814e-06,50,100,100,414224,6 5 4 10 9 8 0 14 1 7 11 13 2 12 3 
250,2.06107e-06,2.41415e-06,1.898e-06,50,100,100,414224,6 5 4 10 9 8 0 14 1 7 11 13 2 12 3 
251,2.0721e-06,2.41415e-06,1.92409e-06,50,100,100,414224,6 5 4 10 9 8 0 14 1 7 11 13 2 12 3 
252,2.07463e-06,2.41415e-06,1.914e-06,50,100,100,414224,6 5 4 10 9 8 0 14 1 7 11 13 2 12 3 
253,2.07393e-06,2.41415e-06,1.90481e-06,50,100,100,414224,6 5 4 10 9 8 0 14 1 7 11 13 2 12 3 
254,2.05829e-06,2.41415e-06,1.92273e-06,50,100,100,414224,6 5 4 10 9 8 0 14 1 7 11 13 2 12 3 
255,2.06017e-06,2.41415e-06,1.92951e-06,50,100,100,414224,6 5 4 10 9 8 0 14 1 7 11 13 2 12 3 
256,2.04929e-06,2.41415e-06,1.91204e-06,50,100,100,414224,6 5 4 10 9 8 0 14 1 7 11 13 2 12 3 
257,2.05397e-06,2.41415e-06,1.91217e-06,50,100,100,414224,6 5 4 10 9 8 0 14 1 7 11 13 2 12 3 
258,2.04764e-06,2.41415e-06,1.91767e-06,50,100,100,414224,6 5 4 10 9 8 0 14 1 7 11 13 2 12 3 
259,2.06276e-06,2.41415e-06,1.90351e-06,50,100,100,414224,6 5 4 10 9 8 0 14 1 7 11 13 2 12 3 
260,2.06231e-06,2.41415e-06,1.91508e-06,50,100,100,414224,6 5 4 10 9 8 0 14 1 7 11 13 2 12 3 
261,2.07103e-06,2.41415e-06,1.94208e-06,50,100,100,414224,6 5 4 10 9 8 0 14 1 7 11 13 2 12 3 
262,2.06424e-06,2.41415e-06,1.92041e-06,50,100,100,414224,6 5 4 10 9 8 0 14 1 7 11 13 2 12 3 
263,2.07167e-06,2.41415e-06,1.89102e-06,50,100,100,414224,6 5 4 10 9 8 0 14 1 7 11 13 2 12 3 
264,2.06401e-06,2.41415e-06,1.89479e-06,50,100,100,414224,6 5 4 10 9 8 0 14 1 7 11 13 2 12 3 
265,2.07061e-06,2.41415e-06,1.91442e-06,50,100,100,414224,6 5 4 10 9 8 0 14 1 7 11 13 2 12 3 
266,2.05429e-06,2.41415e-06,1.91762e-06,50,100,100,414224,6 5 4 10 9 8 0 14 1 7 11 13 2 12 3 
267,2.0635e-06,2.41415e-06,1.92016e-06,50,100,100,414224,6 5 4 10 9 8 0 14 1 7 11 13 2 12 3 
268,2.06606e-06,2.41415e-06,1.89304e-06,50,100,100,414224,6 5 4 10 9 8 0 14 1 7 11 13 2 12 3 
269,2.06982e-06,2.41415e-06,1.91783e-06,50,100,100,414224,6 5 4 10 9 8 0 14 1 7 11 13 2 12 3 
270,2.06007e-06,2.41415e-06,1.90917e-06,50,100,100,414224,6 5 4 10 9 8 0 14 1 7 11 13 2 12 3 
271,2.07181e-06,2.41415e-06,1.95668e-06,50,100,100,414224,6 5 4 10 9 8 0 14 1 7 11 13 2 12 3 
272,2.06412e-06,2.41415e-06,1.94075e-06,50,100,100,414224,6 5 4 10 9 8 0 14 1 7 11 13 2 12 3 
273,2.0594e-06,2.41415e-06,1.90981e-06,50,100,100,414224,6 5 4 10 9 8 0 14 1 7 11 13 2 12 3 
274,2.06753e-06,2.41415e-06,1.88016e-06,50,100,100,414224,6 5 4 10 9 8 0 14 1 7 11 13 2 12 3 
275,2.07535e-06,2.41415e-06,1.92901e-06,50,100,100,414224,6 5 4 10 9 8 0 14 1 7 11 13 2 12 3 
276,2.062e-06,2.41415e-06,1.9062e-06,50,100,100,414224,6 5 4 10 9 8 0 14 1 7 11 13 2 12 3 
277,2.06421e-06,2.41415e-06,1.88246e-06,50,100,100,414224,6 5 4 10 9 8 0 14 1 7 11 13 2 12 3 
278,2.06821e-06,2.41415e-06,1.89134e-06,50,100,100,414224,6 5 4 10 9 8 0 14 1 7 11 13 2 12 3 
279,2.06367e-06,2.41415e-06,1.92348e-06,50,100,100,414224,6 5 4 10 9 8 0 14 1 7 11 13 2 12 3 
280,2.07044e-06,2.41415e-06,1.94614e-06,50,100,100,414224,6 5 4 10 9 8 0 14 1 7 11 13 2 12 3 
281,2.06567e-06,2.41415e-06,1.93044e-06,50,100,100,414224,6 5 4 10 9 8 0 14 1 7 11 13 2 12 3 
282,2.07577e-06,2.41415e-06,1.93326e-06,50,100,100,414224,6 5 4 10 9 8 0 14 1 7 11 13 2 12 3 
283,2.06267e-06,2.41415e-06,1.92173e-06,50,100,100,414224,6 5 4 10 9 8 0 14 1 7 11 13 2 12 3 
284,2.04826e-06,2.41415e-06,1.89159e-06,50,100,100,414224,6 5 4 10 9 8 0 14 1 7 11 13 2 12 3 
285,2.0483e-06,2.41415e-06,1.91276e-06,50,100,100,414224,6 5 4 10 9 8 0 14 1 7 11 13 2 12 3 
286,2.05303e-06,2.41415e-06,1.87718e-06,50,100,100,414224,6 5 4 10 9 8 0 14 1 7 11 13 2 12 3 
287,2.06486e-06,2.41415e-06,1.91315e-06,50,100,100,414224,6 5 4 10 9 8 0 14 1 7 11 13 2 12 3 
288,2.07357e-06,2.41415e-06,1.92091e-06,50,100,100,414224,6 5 4 10 9 8 0 14 1 7 11 13 2 12 3 
289,2.06829e-06,2.41415e-06,1.91241e-06,50,100,100,414224,6 5 4 10 9 8 0 14 1 7 11 13 2 12 3 
290,2.06858e-06,2.41415e-06,1.91089e-06,50,100,100,414224,6 5 4 10 9 8 0 14 1 7 11 13 2 12 3 
291,2.06894e-06,2.41415e-06,1.93101e-06,50,100,100,414224,6 5 4 10 9 8 0 14 1 7 11 13 2 12 3 
292,2.06371e-06,2.41415e-06,1.90895e-06,50,100,100,414224,6 5 4 10 9 8 0 14 1 7 11 13 2 12 3 
293,2.06959e-06,2.41415e-06,1.92041e-06,50,100,100,414224,6 5 4 10 9 8 0 14 1 7 11 13 2 12 3 
294,2.06635e-06,2.41415e-06,1.90575e-06,50,100,100,414224,6 5 4 10 9 8 0 14 1 7 11 13 2 12 3 
295,2.07326e-06,2.41415e-06,1.90121e-06,50,100,100,414224,6 5 4 10 9 8 0 14 1 7 11 13 2 12 3 
296,2.07339e-06,2.41415e-06,1.92919e-06,50,100,100,414224,6 5 4 10 9 8 0 14 1 7 11 13 2 12 3 
297,2.05993e-06,2.41415e-06,1.89138e-06,50,100,100,414224,6 5 4 10 9 8 0 14 1 7 11 13 2 12 3 
298,2.05943e-06,2.41415e-06,1.92892e-06,50,100,100,414224,6 5 4 10 9 8 0 14 1 7 11 13 2 12 3 
299,2.06658e-06,2.41415e-06,1.91984e-06,50,100,100,414224,6 5 4 10 9 8 0 14 1 7 11 13 2 12 3 
300,2.06435e-06,2.41415e-06,1.90688e-06,50,100,100,414224,6 5 4 10 9 8 0 14 1 7 11 13 2 12 3 
301,2.07161e-06,2.41415e-06,1.92836e-06,50,100,100,414224,6 5 4 10 9 8 0 14 1 7 11 13 2 12 3 
302,2.0614e-06,2.41415e-06,1.90114e-06,50,100,100,414224,6 5 4 10 9 8 0 14 1 7 11 13 2 12 3 
303,2.08271e-06,2.41415e-06,1.9301e-06,50,100,100,414224,6 5 4 10 9 8 0 14 1 7 11 13 2 12 3 
304,2.06476e-06,2.41415e-06,1.92486e-06,50,100,100,414224,6 5 4 10 9 8 0 14 1 7 11 13 2 12 3 
305,2.05704e-06,2.41415e-06,1.89506e-06,50,100,100,414224,6 5 4 10 9 8 0 14 1 7 11 13 2 12 3 
306,2.06283e-06,2.41415e-06,1.92113e-06,50,100,100,414224,6 5 4 10 9 8 0 14 1 7 11 13 2 12 3 
307,2.06374e-06,2.41415e-06,1.91125e-06,50,100,100,414224,6 5 4 10 9 8 0 14 1 7 11 13 2 12 3 
308,2.06466e-06,2.41415e-06,1.90112e-06,50,100,100,414224,6 5 4 10 9 8 0 14 1 7 11 13 2 12 3 
309,2.05115e-06,2.41415e-06,1.89455e-06,50,100,100,414224,6 5 4 10 9 8 0 14 1 7 11 13 2 12 3 
310,2.05219e-06,2.41415e-06,1.89544e-06,50,100,100,414224,6 5 4 10 9 8 0 14 1 7 11 13 2 12 3 
311,2.05918e-06,2.41415e-06,1.91365e-06,50,100,100,414224,6 5 4 10 9 8 0 14 1 7 11 13 2 12 3 
312,2.06435e-06,2.41415e-06,1.9358e-06,50,100,100,414224,6 5 4 10 9 8 0 14 1 7 11 13 2 12 3 
313,2.06887e-06,2.4355e-06,1.907e-06,50,100,100,410592,6 5 4 10 9 8 0 13 1 7 11 14 2 12 3 
314,2.08171e-06,2.4355e-06,1.93939e-06,50,100,100,410592,6 5 4 10 9 8 0 13 1 7 11 14 2 12 3 
315,2.07755e-06,2.4355e-06,1.92354e-06,50,100,100,410592,6 5 4 10 9 8 0 13 1 7 11 14 2 12 3 
316,2.08156e-06,2.4355e-06,1.914e-06,50,100,100,410592,6 5 4 10 9 8 0 13 1 7 11 14 2 12 3 
317,2.07389e-06,2.4355e-06,1.92527e-06,50,100,100,410592,6 5 4 10 9 8 0 13 1 7 11 14 2 12 3 
318,2.06603e-06,2.4355e-06,1.9076e-06,50,100,100,410592,6 5 4 10 9 8 0 13 1 7 11 14 2 12 3 
319,2.06476e-06,2.4355e-06,1.91707e-06,50,100,100,410592,6 5 4 10 9 8 0 13 1 7 11 14 2 12 3 
320,2.06618e-06,2.4355e-06,1.90971e-06,50,100,100,410592,6 5 4 10 9 8 0 13 1 7 11 14 2 12 3 
321,2.07261e-06,2.4355e-06,1.92421e-06,50,100,100,410592,6 5 4 10 9 8 0 13 1 7 11 14 2 12 3 
322,2.06779e-06,2.4355e-06,1.90575e-06,50,100,100,410592,6 5 4 10 9 8 0 13 1 7 11 14 2 12 3 
323,2.0764e-06,2.4355e-06,1.91749e-06,50,100,100,410592,6 5 4 10 9 8 0 13 1 7 11 14 2 12 3 
324,2.06705e-06,2.4355e-06,1.87817e-06,50,100,100,410592,6 5 4 10 9 8 0 13 1 7 11 14 2 12 3 
325,2.07495e-06,2.4355e-06,1.93595e-06,50,100,100,410592,6 5 4 10 9 8 0 13 1 7 11 14 2 12 3 
326,2.07199e-06,2.4355e-06,1.87433e-06,50,100,100,410592,6 5 4 10 9 8 0 13 1 7 11 14 2 12 3 
327,2.06696e-06,2.4355e-06,1.92362e-06,50,100,100,410592,6 5 4 10 9 8 0 13 1 7 11 14 2 12 3 
328,2.05855e-06,2.4355e-06,1.90376e-06,50,100,100,410592,6 5 4 10 9 8 0 13 1 7 11 14 2 12 3 
329,2.05633e-06,2.4355e-06,1.90119e-06,50,100,100,410592,6 5 4 10 9 8 0 13 1 7 11 14 2 12 3 
330,2.06351e-06,2.4355e-06,1.91692e-06,50,100,100,410592,6 5 4 10 9 8 0 13 1 7 11 14 2 12 3 
331,2.07906e-06,2.4355e-06,1.92293e-06,50,100,100,410592,6 5 4 10 9 8 0 13 1 7 11 14 2 12 3 
332,2.0593e-06,2.4355e-06,1.90041e-06,50,100,100,410592,6 5 4 10 9 8 0 13 1 7 11 14 2 12 3 
333,2.07775e-06,2.4355e-06,1.88868e-06,50,100,100,410592,6 5 4 10 9 8 0 13 1 7 11 14 2 12 3 
334,2.06464e-06,2.4355e-06,1.9167e-06,50,100,100,410592,6 5 4 10 9 8 0 13 1 7 11 14 2 12 3 
335,2.0687e-06,2.4355e-06,1.91456e-06,50,100,100,410592,6 5 4 10 9 8 0 13 1 7 11 14 2 12 3 
336,2.07768e-06,2.4355e-06,1.88129e-06,50,100,100,410592,6 5 4 10 9 8 0 13 1 7 11 14 2 12 3 
337,2.07505e-06,2.4355e-06,1.92604e-06,50,100,100,410592,6 5 4 10 9 8 0 13 1 7 11 14 2 12 3 
338,2.0763e-06,2.4355e-06,1.9199e-06,50,100,100,410592,6 5 4 10 9 8 0 13 1 7 11 14 2 12 3 
339,2.06947e-06,2.4355e-06,1.93412e-06,50,100,100,410592,6 5 4 10 9 8 0 13 1 7 11 14 2 12 3 
340,2.06838e-06,2.4355e-06,1.89319e-06,50,100,100,410592,6 5 4 10 9 8 0 13 1 7 11 14 2 12 3 
341,2.07382e-06,2.4355e-06,1.92558e-06,50,100,100,410592,6 5 4 10 9 8 0 13 1 7 11 14 2 12 3 
342,2.06181e-06,2.4355e-06,1.91981e-06,50,100,100,410592,6 5 4 10 9 8 0 13 1 7 11 14 2 12 3 
343,2.07086e-06,2.4355e-06,1.91441e-06,50,100,100,410592,6 5 4 10 9 8 0 13 1 7 11 14 2 12 3 
344,2.05577e-06,2.4355e-06,1.90563e-06,50,100,100,410592,6 5 4 10 9 8 0 13 1 7 11 14 2 12 3 
345,2.06103e-06,2.4355e-06,1.89744e-06,50,100,100,410592,6 5 4 10 9 8 0 13 1 7 11 14 2 12 3 
346,2.07129e-06,2.4355e-06,1.92574e-06,50,100,100,410592,6 5 4 10 9 8 0 13 1 7 11 14 2 12 3 
347,2.07006e-06,2.4355e-06,1.87792e-06,50,100,100,410592,6 5 4 10 9 8 0 13 1 7 11 14 2 12 3 
348,2.0704e-06,2.4355e-06,1.90453e-06,50,100,100,410592,6 5 4 10 9 8 0 13 1 7 11 14 2 12 3 
349,2.05504e-06,2.4355e-06,1.899e-06,50,100,100,410592,6 5 4 10 9 8 0 13 1 7 11 14 2 12 3 
350,2.0552e-06,2.4355e-06,1.88284e-06,50,100,100,410592,6 5 4 10 9 8 0 13 1 7 11 14 2 12 3 
351,2.06799e-06,2.4355e-06,1.90811e-06,50,100,100,410592,6 5 4 10 9 8 0 13 1 7 11 14 2 12 3 
352,2.06795e-06,2.4355e-06,1.92359e-06,50,100,100,410592,6 5 4 10 9 8 0 13 1 7 11 14 2 12 3 
353,2.06584e-06,2.4355e-06,1.9108e-06,50,100,100,410592,6 5 4 10 9 8 0 13 1 7 11 14 2 12 3 
354,2.05067e-06,2.4355e-06,1.90407e-06,50,100,100,410592,6 5 4 10 9 8 0 13 1 7 11 14 2 12 3 
355,2.05687e-06,2.4355e-06,1.90106e-06,50,100,100,410592,6 5 4 10 9 8 0 13 1 7 11 14 2 12 3 
356,2.06442e-06,2.4355e-06,1.89703e-06,50,100,100,410592,6 5 4 10 9 8 0 13 1 7 11 14 2 12 3 
357,2.06068e-06,2.4355e-06,1.91828e-06,50,100,100,410592,6 5 4 10 9 8 0 13 1 7 11 14 2 12 3 
358,2.06167e-06,2.4355e-06,1.90912e-06,50,100,100,410592,6 5 4 10 9 8 0 13 1 7 11 14 2 12 3 
359,2.06228e-06,2.4355e-06,1.91092e-06,50,100,100,410592,6 5 4 10 9 8 0 13 1 7 11 14 2 12 3 
360,2.07641e-06,2.4355e-06,1.89481e-06,50,100,100,410592,6 5 4 10 9 8 0 13 1 7 11 14 2 12 3 
361,2.0672e-06,2.4355e-06,1.90648e-06,50,100,100,410592,6 5 4 10 9 8 0 13 1 7 11 14 2 12 3 
362,2.05412e-06,2.4355e-06,1.93221e-06,50,100,100,410592,6 5 4 10 9 8 0 13 1 7 11 14 2 12 3 
363,2.06173e-06,2.4355e-06,1.89434e-06,50,100,100,410592,6 5 4 10 9 8 0 13 1 7 11 14 2 12 3 
364,2.0713e-06,2.4355e-06,1.90502e-06,50,100,100,410592,6 5 4 10 9 8 0 13 1 7 11 14 2 12 3 
365,2.0712e-06,2.4355e-06,1.91623e-06,50,100,100,410592,6 5 4 10 9 8 0 13 1 7 11 14 2 12 3 
366,2.05657e-06,2.4355e-06,1.91097e-06,50,100,100,410592,6 5 4 10 9 8 0 13 1 7 11 14 2 12 3 
367,2.06486e-06,2.4355e-06,1.94585e-06,50,100,100,410592,6 5 4 10 9 8 0 13 1 7 11 14 2 12 3 
368,2.06566e-06,2.4355e-06,1.92514e-06,50,100,100,410592,6 5 4 10 9 8 0 13 1 7 11 14 2 12 3 
369,2.07455e-06,2.4355e-06,1.89146e-06,50,100,100,410592,6 5 4 10 9 8 0 13 1 7 11 14 2 12 3 
370,2.0731e-06,2.4355e-06,1.93605e-06,50,100,100,410592,6 5 4 10 9 8 0 13 1 7 11 14 2 12 3 
371,2.07155e-06,2.4355e-06,1.90761e-06,50,100,100,410592,6 5 4 10 9 8 0 13 1 7 11 14 2 12 3 
372,2.05433e-06,2.4355e-06,1.87765e-06,50,100,100,410592,6 5 4 10 9 8 0 13 1 7 11 14 2 12 3 
373,2.06093e-06,2.4355e-06,1.90535e-06,50,100,100,410592,6 5 4 10 9 8 0 13 1 7 11 14 2 12 3 
374,2.06892e-06,2.4355e-06,1.90749e-06,50,100,100,410592,6 5 4 10 9 8 0 13 1 7 11 14 2 12 3 
375,2.06478e-06,2.4355e-06,1.89789e-06,50,100,100,410592,6 5 4 10 9 8 0 13 1 7 11 14 2 12 3 
376,2.06426e-06,2.4355e-06,1.89141e-06,50,100,100,410592,6 5 4 10 9 8 0 13 1 7 11 14 2 12 3 
377,2.06725e-06,2.4355e-06,1.9288e-06,50,100,100,410592,6 5 4 10 9 8 0 13 1 7 11 14 2 12 3 
378,2.05597e-06,2.4355e-06,1.92281e-06,50,100,100,410592,6 5 4 10 9 8 0 13 1 7 11 14 2 12 3 
379,2.04397e-06,2.4355e-06,1.89333e-06,50,100,100,410592,6 5 4 10 9 8 0 13 1 7 11 14 2 12 3 
380,2.06476e-06,2.4355e-06,1.9269e-06,50,100,100,410592,6 5 4 10 9 8 0 13 1 7 11 14 2 12 3 
381,2.05858e-06,2.4355e-06,1.91137e-06,50,100,100,410592,6 5 4 10 9 8 0 13 1 7 11 14 2 12 3 
382,2.05815e-06,2.4355e-06,1.91296e-06,50,100,100,410592,6 5 4 10 9 8 0 13 1 7 11 14 2 12 3 
383,2.05976e-06,2.4355e-06,1.9049e-06,50,100,100,410592,6 5 4 10 9 8 0 13 1 7 11 14 2 12 3 
384,2.06314e-06,2.4355e-06,1.89145e-06,50,100,100,410592,6 5 4 10 9 8 0 13 1 7 11 14 2 12 3 
385,2.0695e-06,2.4355e-06,1.9137e-06,50,100,100,410592,6 5 4 10 9 8 0 13 1 7 11 14 2 12 3 
386,2.07545e-06,2.4355e-06,1.91836e-06,50,100,100,410592,6 5 4 10 9 8 0 13 1 7 11 14 2 12 3 
387,2.05689e-06,2.4355e-06,1.91771e-06,50,100,100,410592,6 5 4 10 9 8 0 13 1 7 11 14 2 12 3 
388,2.05495e-06,2.4355e-06,1.90079e-06,50,100,100,410592,6 5 4 10 9 8 0 13 1 7 11 14 2 12 3 
389,2.06179e-06,2.4355e-06,1.90963e-06,50,100,100,410592,6 5 4 10 9 8 0 13 1 7 11 14 2 12 3 
390,2.05423e-06,2.4355e-06,1.88581e-06,50,100,100,410592,6 5 4 10 9 8 0 13 1 7 11 14 2 12 3 
391,2.05514e-06,2.4355e-06,1.91127e-06,50,100,100,410592,6 5 4 10 9 8 0 13 1 7 11 14 2 12 3 
392,2.07303e-06,2.4355e-06,1.94325e-06,50,100,100,410592,6 5 4 10 9 8 0 13 1 7 11 14 2 12 3 
393,2.06315e-06,2.4355e-06,1.8672e-06,50,100,100,410592,6 5 4 10 9 8 0 13 1 7 11 14 2 12 3 
394,2.06049e-06,2.4355e-06,1.91202e-06,50,100,100,410592,6 5 4 10 9 8 0 13 1 7 11 14 2 12 3 
395,2.071e-06,2.4355e-06,1.90978e-06,50,100,100,410592,6 5 4 10 9 8 0 13 1 7 11 14 2 12 3 
396,2.06199e-06,2.4355e-06,1.90044e-06,50,100,100,410592,6 5 4 10 9 8 0 13 1 7 11 14 2 12 3 
397,2.06224e-06,2.4355e-06,1.9189e-06,50,100,100,410592,6 5 4 10 9 8 0 13 1 7 11 14 2 12 3 
398,2.05782e-06,2.4355e-06,1.92933e-06,50,100,100,410592,6 5 4 10 9 8 0 13 1 7 11 14 2 12 3 
399,2.05212e-06,2.4355e-06,1.89535e-06,50,100,100,410592,6 5 4 10 9 8 0 13 1 7 11 14 2 12 3 
400,2.05822e-06,2.4355e-06,1.90657e-06,50,100,100,410592,6 5 4 10 9 8 0 13 1 7 11 14 2 12 3 
401,2.05108e-06,2.4355e-06,1.8857e-06,50,100,100,410592,6 5 4 10 9 8 0 13 1 7 11 14 2 12 3 
402,2.0635e-06,2.4355e-06,1.91155e-06,50,100,100,410592,6 5 4 10 9 8 0 13 1 7 11 14 2 12 3 
403,2.06558e-06,2.4355e-06,1.9314e-06,50,100,100,410592,6 5 4 10 9 8 0 13 1 7 11 14 2 12 3 
404,2.05735e-06,2.4355e-06,1.91257e-06,50,100,100,410592,6 5 4 10 9 8 0 13 1 7 11 14 2 12 3 
405,2.06512e-06,2.4355e-06,1.91206e-06,50,100,100,410592,6 5 4 10 9 8 0 13 1 7 11 14 2 12 3 
406,2.07245e-06,2.4355e-06,1.91942e-06,50,100,100,410592,6 5 4 10 9 8 0 13 1 7 11 14 2 12 3 
407,2.0673e-06,2.4355e-06,1.93049e-06,50,100,100,410592,6 5 4 10 9 8 0 13 1 7 11 14 2 12 3 
408,2.06433e-06,2.4355e-06,1.89508e-06,50,100,100,410592,6 5 4 10 9 8 0 13 1 7 11 14 2 12 3 
409,2.05688e-06,2.4355e-06,1.86888e-06,50,100,100,410592,6 5 4 10 9 8 0 13 1 7 11 14 2 12 3 
410,2.05489e-06,2.4355e-06,1.8871e-06,50,100,100,410592,6 5 4 10 9 8 0 13 1 7 11 14 2 12 3 
411,2.06953e-06,2.4355e-06,1.90127e-06,50,100,100,410592,6 5 4 10 9 8 0 13 1 7 11 14 2 12 3 
412,2.05959e-06,2.4355e-06,1.92476e-06,50,100,100,410592,6 5 4 10 9 8 0 13 1 7 11 14 2 12 3 
413,2.0684e-06,2.4355e-06,1.92277e-06,50,100,100,410592,6 5 4 10 9 8 0 13 1 7 11 14 2 12 3 
414,2.05525e-06,2.4355e-06,1.93052e-06,50,100,100,410592,6 5 4 10 9 8 0 13 1 7 11 14 2 12 3 
415,2.05483e-06,2.4355e-06,1.92138e-06,50,100,100,410592,6 5 4 10 9 8 0 13 1 7 11 14 2 12 3 
416,2.07443e-06,2.4355e-06,1.92152e-06,50,100,100,410592,6 5 4 10 9 8 0 13 1 7 11 14 2 12 3 
417,2.07166e-06,2.4355e-06,1.9255e-06,50,100,100,410592,6 5 4 10 9 8 0 13 1 7 11 14 2 12 3 
418,2.06053e-06,2.4355e-06,1.91939e-06,50,100,100,410592,6 5 4 10 9 8 0 13 1 7 11 14 2 12 3 
419,2.06837e-06,2.4355e-06,1.91111e-06,50,100,100,410592,6 5 4 10 9 8 0 13 1 7 11 14 2 12 3 
420,2.06884e-06,2.4355e-06,1.9325e-06,50,100,100,410592,6 5 4 10 9 8 0 13 1 7 11 14 2 12 3 
421,2.07243e-06,2.4355e-06,1.90939e-06,50,100,100,410592,6 5 4 10 9 8 0 13 1 7 11 14 2 12 3 
422,2.07226e-06,2.4355e-06,1.91239e-06,50,100,100,410592,6 5 4 10 9 8 0 13 1 7 11 14 2 12 3 
423,2.06645e-06,2.4355e-06,1.91019e-06,50,100,100,410592,6 5 4 10 9 8 0 13 1 7 11 14 2 12 3 
424,2.05401e-06,2.4355e-06,1.91771e-06,50,100,100,410592,6 5 4 10 9 8 0 13 1 7 11 14 2 12 3 
425,2.07067e-06,2.4355e-06,1.89154e-06,50,100,100,410592,6 5 4 10 9 8 0 13 1 7 11 14 2 12 3 
426,2.05607e-06,2.4355e-06,1.93088e-06,50,100,100,410592,6 5 4 10 9 8 0 13 1 7 11 14 2 12 3 
427,2.05857e-06,2.4355e-06,1.88089e-06,50,100,100,410592,6 5 4 10 9 8 0 13 1 7 11 14 2 12 3 
428,2.06306e-06,2.4355e-06,1.89248e-06,50,100,100,410592,6 5 4 10 9 8 0 13 1 7 11 14 2 12 3 
429,2.081e-06,2.4355e-06,1.94197e-06,50,100,100,410592,6 5 4 10 9 8 0 13 1 7 11 14 2 12 3 
430,2.07371e-06,2.4355e-06,1.93744e-06,50,100,100,410592,6 5 4 10 9 8 0 13 1 7 11 14 2 12 3 
431,2.06579e-06,2.4355e-06,1.93282e-06,50,100,100,410592,6 5 4 10 9 8 0 13 1 7 11 14 2 12 3 
432,2.07106e-06,2.4355e-06,1.94898e-06,50,100,100,410592,6 5 4 10 9 8 0 13 1 7 11 14 2 12 3 
433,2.07689e-06,2.4355e-06,1.94947e-06,50,100,100,410592,6 5 4 10 9 8 0 13 1 7 11 14 2 12 3 
434,2.0691e-06,2.4355e-06,1.93229e-06,50,100,100,410592,6 5 4 10 9 8 0 13 1 7 11 14 2 12 3 
435,2.06789e-06,2.4355e-06,1.91941e-06,50,100,100,410592,6 5 4 10 9 8 0 13 1 7 11 14 2 12 3 
436,2.07122e-06,2.4355e-06,1.91479e-06,50,100,100,410592,6 5 4 10 9 8 0 13 1 7 11 14 2 12 3 
437,2.06471e-06,2.4355e-06,1.92515e-06,50,100,100,410592,6 5 4 10 9 8 0 13 1 7 11 14 2 12 3 
438,2.06871e-06,2.4355e-06,1.95236e-06,50,100,100,410592,6 5 4 10 9 8 0 13 1 7 11 14 2 12 3 
439,2.06484e-06,2.4355e-06,1.92858e-06,50,100,100,410592,6 5 4 10 9 8 0 13 1 7 11 14 2 12 3 
440,2.0702e-06,2.4355e-06,1.93088e-06,50,100,100,410592,6 5 4 10 9 8 0 13 1 7 11 14 2 12 3 
441,2.06402e-06,2.4355e-06,1.92673e-06,50,100,100,410592,6 5 4 10 9 8 0 13 1 7 11 14 2 12 3 
442,2.06189e-06,2.4355e-06,1.9244e-06,50,100,100,410592,6 5 4 10 9 8 0 13 1 7 11 14 2 12 3 
443,2.05283e-06,2.4355e-06,1.91898e-06,50,100,100,410592,6 5 4 10 9 8 0 13 1 7 11 14 2 12 3 
444,2.05359e-06,2.4355e-06,1.94979e-06,50,100,100,410592,6 5 4 10 9 8 0 13 1 7 11 14 2 12 3 
445,2.05002e-06,2.4355e-06,1.90909e-06,50,100,100,410592,6 5 4 10 9 8 0 13 1 7 11 14 2 12 3 
446,2.04593e-06,2.4355e-06,1.87775e-06,50,100,100,410592,6 5 4 10 9 8 0 13 1 7 11 14 2 12 3 
447,2.06128e-06,2.4355e-06,1.91382e-06,50,100,100,410592,6 5 4 10 9 8 0 13 1 7 11 14 2 12 3 
448,2.06601e-06,2.4355e-06,1.91555e-06,50,100,100,410592,6 5 4 10 9 8 0 13 1 7 11 14 2 12 3 
449,2.0574e-06,2.4355e-06,1.89129e-06,50,100,100,410592,6 5 4 10 9 8 0 13 1 7 11 14 2 12 3 
450,2.06278e-06,2.4355e-06,1.90935e-06,50,100,100,410592,6 5 4 10 9 8 0 13 1 7 11 14 2 12 3 
451,2.07647e-06,2.4355e-06,1.93085e-06,50,100,100,410592,6 5 4 10 9 8 0 13 1 7 11 14 2 12 3 
452,2.06578e-06,2.4355e-06,1.90925e-06,50,100,100,410592,6 5 4 10 9 8 0 13 1 7 11 14 2 12 3 
453,2.0597e-06,2.4355e-06,1.91801e-06,50,100,100,410592,6 5 4 10 9 8 0 13 1 7 11 14 2 12 3 
454,2.05817e-06,2.4355e-06,1.92517e-06,50,100,100,410592,6 5 4 10 9 8 0 13 1 7 11 14 2 12 3 
455,2.06819e-06,2.4355e-06,1.92469e-06,50,100,100,410592,6 5 4 10 9 8 0 13 1 7 11 14 2 12 3 
456,2.07026e-06,2.4355e-06,1.91698e-06,50,100,100,410592,6 5 4 10 9 8 0 13 1 7 11 14 2 12 3 
457,2.05049e-06,2.4355e-06,1.88941e-06,50,100,100,410592,6 5 4 10 9 8 0 13 1 7 11 14 2 12 3 
458,2.04975e-06,2.4355e-06,1.90144e-06,50,100,100,410592,6 5 4 10 9 8 0 13 1 7 11 14 2 12 3 
459,2.07001e-06,2.4355e-06,1.89398e-06,50,100,100,410592,6 5 4 10 9 8 0 13 1 7 11 14 2 12 3 
460,2.07537e-06,2.4355e-06,1.8947e-06,50,100,100,410592,6 5 4 10 9 8 0 13 1 7 11 14 2 12 3 
461,2.07261e-06,2.4355e-06,1.93866e-06,50,100,100,410592,6 5 4 10 9 8 0 13 1 7 11 14 2 12 3 
462,2.06513e-06,2.4355e-06,1.91901e-06,50,100,100,410592,6 5 4 10 9 8 0 13 1 7 11 14 2 12 3 
463,2.05853e-06,2.4355e-06,1.90674e-06,50,100,100,410592,6 5 4 10 9 8 0 13 1 7 11 14 2 12 3 
464,2.07377e-06,2.4355e-06,1.9171e-06,50,100,100,410592,6 5 4 10 9 8 0 13 1 7 11 14 2 12 3 
465,2.07365e-06,2.4355e-06,1.94231e-06,50,100,100,410592,6 5 4 10 9 8 0 13 1 7 11 14 2 12 3 
466,2.07106e-06,2.4355e-06,1.92812e-06,50,100,100,410592,6 5 4 10 9 8 0 13 1 7 11 14 2 12 3 
467,2.07241e-06,2.4355e-06,1.91869e-06,50,100,100,410592,6 5 4 10 9 8 0 13 1 7 11 14 2 12 3 
468,2.06891e-06,2.4355e-06,1.90973e-06,50,100,100,410592,6 5 4 10 9 8 0 13 1 7 11 14 2 12 3 
469,2.05681e-06,2.4355e-06,1.91468e-06,50,100,100,410592,6 5 4 10 9 8 0 13 1 7 11 14 2 12 3 
470,2.06278e-06,2.4355e-06,1.9215e-06,50,100,100,410592,6 5 4 10 9 8 0 13 1 7 11 14 2 12 3 
471,2.0531e-06,2.4355e-06,1.91612e-06,50,100,100,410592,6 5 4 10 9 8 0 13 1 7 11 14 2 12 3 
472,2.06402e-06,2.4355e-06,1.85986e-06,50,100,100,410592,6 5 4 10 9 8 0 13 1 7 11 14 2 12 3 
473,2.06653e-06,2.4355e-06,1.91731e-06,50,100,100,410592,6 5 4 10 9 8 0 13 1 7 11 14 2 12 3 
474,2.06301e-06,2.4355e-06,1.93833e-06,50,100,100,410592,6 5 4 10 9 8 0 13 1 7 11 14 2 12 3 
475,2.07111e-06,2.4355e-06,1.93013e-06,50,100,100,410592,6 5 4 10 9 8 0 13 1 7 11 14 2 12 3 
476,2.0691e-06,2.4355e-06,1.90298e-06,50,100,100,410592,6 5 4 10 9 8 0 13 1 7 11 14 2 12 3 
477,2.05811e-06,2.4355e-06,1.90101e-06,50,100,100,410592,6 5 4 10 9 8 0 13 1 7 11 14 2 12 3 
478,2.0623e-06,2.4355e-06,1.92459e-06,50,100,100,410592,6 5 4 10 9 8 0 13 1 7 11 14 2 12 3 
479,2.071e-06,2.4355e-06,1.92302e-06,50,100,100,410592,6 5 4 10 9 8 0 13 1 7 11 14 2 12 3 
480,2.06749e-06,2.4355e-06,1.91508e-06,50,100,100,410592,6 5 4 10 9 8 0 13 1 7 11 14 2 12 3 
481,2.07377e-06,2.4355e-06,1.93153e-06,50,100,100,410592,6 5 4 10 9 8 0 13 1 7 11 14 2 12 3 
482,2.07209e-06,2.4355e-06,1.93301e-06,50,100,100,410592,6 5 4 10 9 8 0 13 1 7 11 14 2 12 3 
483,2.07139e-06,2.4355e-06,1.94399e-06,50,100,100,410592,6 5 4 10 9 8 0 13 1 7 11 14 2 12 3 
484,2.06577e-06,2.4355e-06,1.89324e-06,50,100,100,410592,6 5 4 10 9 8 0 13 1 7 11 14 2 12 3 
485,2.0637e-06,2.4355e-06,1.93644e-06,50,100,100,410592,6 5 4 10 9 8 0 13 1 7 11 14 2 12 3 
486,2.06879e-06,2.4355e-06,1.9397e-06,50,100,100,410592,6 5 4 10 9 8 0 13 1 7 11 14 2 12 3 
487,2.07427e-06,2.4355e-06,1.9356e-06,50,100,100,410592,6 5 4 10 9 8 0 13 1 7 11 14 2 12 3 
488,2.06197e-06,2.4355e-06,1.91437e-06,50,100,100,410592,6 5 4 10 9 8 0 13 1 7 11 14 2 12 3 
489,2.06122e-06,2.4355e-06,1.9167e-06,50,100,100,410592,6 5 4 10 9 8 0 13 1 7 11 14 2 12 3 
490,2.06075e-06,2.4355e-06,1.91553e-06,50,100,100,410592,6 5 4 10 9 8 0 13 1 7 11 14 2 12 3 
491,2.06015e-06,2.4355e-06,1.90458e-06,50,100,100,410592,6 5 4 10 9 8 0 13 1 7 11 14 2 12 3 
492,2.06315e-06,2.4355e-06,1.90821e-06,50,100,100,410592,6 5 4 10 9 8 0 13 1 7 11 14 2 12 3 
493,2.0555e-06,2.4355e-06,1.89577e-06,50,100,100,410592,6 5 4 10 9 8 0 13 1 7 11 14 2 12 3 
494,2.05282e-06,2.4355e-06,1.888e-06,50,100,100,410592,6 5 4 10 9 8 0 13 1 7 11 14 2 12 3 
495,2.0647e-06,2.4355e-06,1.90219e-06,50,100,100,410592,6 5 4 10 9 8 0 13 1 7 11 14 2 12 3 
496,2.05945e-06,2.4355e-06,1.92063e-06,50,100,100,410592,6 5 4 10 9 8 0 13 1 7 11 14 2 12 3 
497,2.06355e-06,2.4355e-06,1.91821e-06,50,100,100,410592,6 5 4 10 9 8 0 13 1 7 11 14 2 12 3 
498,2.07186e-06,2.4355e-06,1.91803e-06,50,100,100,410592,6 5 4 10 9 8 0 13 1 7 11 14 2 12 3 
499,2.06211e-06,2.4355e-06,1.91778e-06,50,100,100,410592,6 5 4 10 9 8 0 13 1 7 11 14 2 12 3 
500,2.06789e-06,2.4355e-06,1.92734e-06,50,100,100,410592,6 5 4 10 9 8 0 13 1 7 11 14 2 12 3 
501,2.06116e-06,2.4355e-06,1.88674e-06,50,100,100,410592,6 5 4 10 9 8 0 13 1 7 11 14 2 12 3 
502,2.07022e-06,2.4355e-06,1.92426e-06,50,100,100,410592,6 5 4 10 9 8 0 13 1 7 11 14 2 12 3 
503,2.0598e-06,2.4355e-06,1.91662e-06,50,100,100,410592,6 5 4 10 9 8 0 13 1 7 11 14 2 12 3 
504,2.05069e-06,2.4355e-06,1.9119e-06,50,100,100,410592,6 5 4 10 9 8 0 13 1 7 11 14 2 12 3 
505,2.06911e-06,2.4355e-06,1.91054e-06,50,100,100,410592,6 5 4 10 9 8 0 13 1 7 11 14 2 12 3 
506,2.06546e-06,2.4355e-06,1.92279e-06,50,100,100,410592,6 5 4 10 9 8 0 13 1 7 11 14 2 12 3 
507,2.063e-06,2.4355e-06,1.92938e-06,50,100,100,410592,6 5 4 10 9 8 0 13 1 7 11 14 2 12 3 
508,2.07118e-06,2.4355e-06,1.87596e-06,50,100,100,410592,6 5 4 10 9 8 0 13 1 7 11 14 2 12 3 
509,2.06586e-06,2.4355e-06,1.94483e-06,50,100,100,410592,6 5 4 10 9 8 0 13 1 7 11 14 2 12 3 
510,2.05672e-06,2.4355e-06,1.90589e-06,50,100,100,410592,6 5 4 10 9 8 0 13 1 7 11 14 2 12 3 
511,2.04879e-06,2.4355e-06,1.9257e-06,50,100,100,410592,6 5 4 10 9 8 0 13 1 7 11 14 2 12 3 
512,2.05968e-06,2.4355e-06,1.89801e-06,50,100,100,410592,6 5 4 10 9 8 0 13 1 7 11 14 2 12 3 
513,2.07132e-06,2.4355e-06,1.92896e-06,50,100,100,410592,6 5 4 10 9 8 0 13 1 7 11 14 2 12 3 
514,2.06544e-06,2.4355e-06,1.91485e-06,50,100,100,410592,6 5 4 10 9 8 0 13 1 7 11 14 2 12 3 
515,2.06425e-06,2.4355e-06,1.93614e-06,50,100,100,410592,6 5 4 10 9 8 0 13 1 7 11 14 2 12 3 
516,2.05966e-06,2.4355e-06,1.90195e-06,50,100,100,410592,6 5 4 10 9 8 0 13 1 7 11 14 2 12 3 
517,2.06293e-06,2.4355e-06,1.90004e-06,50,100,100,410592,6 5 4 10 9 8 0 13 1 7 11 14 2 12 3 
518,2.0753e-06,2.4355e-06,1.90653e-06,50,100,100,410592,6 5 4 10 9 8 0 13 1 7 11 14 2 12 3 
519,2.06487e-06,2.4355e-06,1.8944e-06,50,100,100,410592,6 5 4 10 9 8 0 13 1 7 11 14 2 12 3 
520,2.06112e-06,2.4355e-06,1.90062e-06,50,100,100,410592,6 5 4 10 9 8 0 13 1 7 11 14 2 12 3 
521,2.05034e-06,2.4355e-06,1.94582e-06,50,100,100,410592,6 5 4 10 9 8 0 13 1 7 11 14 2 12 3 
522,2.05659e-06,2.4355e-06,1.92914e-06,50,100,100,410592,6 5 4 10 9 8 0 13 1 7 11 14 2 12 3 
523,2.05871e-06,2.4355e-06,1.90008e-06,50,100,100,410592,6 5 4 10 9 8 0 13 1 7 11 14 2 12 3 
524,2.06797e-06,2.4355e-06,1.93214e-06,50,100,100,410592,6 5 4 10 9 8 0 13 1 7 11 14 2 12 3 
525,2.07309e-06,2.4355e-06,1.90596e-06,50,100,100,410592,6 5 4 10 9 8 0 13 1 7 11 14 2 12 3 
526,2.07158e-06,2.4355e-06,1.9024e-06,50,100,100,410592,6 5 4 10 9 8 0 13 1 7 11 14 2 12 3 
527,2.077e-06,2.4355e-06,1.91155e-06,50,100,100,410592,6 5 4 10 9 8 0 13 1 7 11 14 2 12 3 
528,2.0599e-06,2.4355e-06,1.89753e-06,50,100,100,410592,6 5 4 10 9 8 0 13 1 7 11 14 2 12 3 
529,2.06271e-06,2.4355e-06,1.89861e-06,50,100,100,410592,6 5 4 10 9 8 0 13 1 7 11 14 2 12 3 
530,2.05551e-06,2.4355e-06,1.90399e-06,50,100,100,410592,6 5 4 10 9 8 0 13 1 7 11 14 2 12 3 
531,2.06934e-06,2.4355e-06,1.87413e-06,50,100,100,410592,6 5 4 10 9 8 0 13 1 7 11 14 2 12 3 
532,2.06659e-06,2.4355e-06,1.92981e-06,50,100,100,410592,6 5 4 10 9 8 0 13 1 7 11 14 2 12 3 
533,2.0723e-06,2.4355e-06,1.89699e-06,50,100,100,410592,6 5 4 10 9 8 0 13 1 7 11 14 2 12 3 
534,2.06264e-06,2.4355e-06,1.91059e-06,50,100,100,410592,6 5 4 10 9 8 0 13 1 7 11 14 2 12 3 
535,2.06433e-06,2.4355e-06,1.92559e-06,50,100,100,410592,6 5 4 10 9 8 0 13 1 7 11 14 2 12 3 
536,2.07179e-06,2.4355e-06,1.9277e-06,50,100,100,410592,6 5 4 10 9 8 0 13 1 7 11 14 2 12 3 
537,2.06268e-06,2.4355e-06,1.89663e-06,50,100,100,410592,6 5 4 10 9 8 0 13 1 7 11 14 2 12 3 
538,2.04583e-06,2.4355e-06,1.90211e-06,50,100,100,410592,6 5 4 10 9 8 0 13 1 7 11 14 2 12 3 
539,2.04798e-06,2.4355e-06,1.92499e-06,50,100,100,410592,6 5 4 10 9 8 0 13 1 7 11 14 2 12 3 
540,2.0529e-06,2.4355e-06,1.91911e-06,50,100,100,410592,6 5 4 10 9 8 0 13 1 7 11 14 2 12 3 
541,2.06198e-06,2.4355e-06,1.90792e-06,50,100,100,410592,6 5 4 10 9 8 0 13 1 7 11 14 2 12 3 
542,2.05995e-06,2.4355e-06,1.91449e-06,50,100,100,410592,6 5 4 10 9 8 0 13 1 7 11 14 2 12 3 
543,2.04817e-06,2.4355e-06,1.90725e-06,50,100,100,410592,6 5 4 10 9 8 0 13 1 7 11 14 2 12 3 
544,2.06485e-06,2.4355e-06,1.93599e-06,50,100,100,410592,6 5 4 10 9 8 0 13 1 7 11 14 2 12 3 
545,2.05962e-06,2.4355e-06,1.9096e-06,50,100,100,410592,6 5 4 10 9 8 0 13 1 7 11 14 2 12 3 
546,2.07149e-06,2.4355e-06,1.88276e-06,50,100,100,410592,6 5 4 10 9 8 0 13 1 7 11 14 2 12 3 
547,2.06894e-06,2.4355e-06,1.91847e-06,50,100,100,410592,6 5 4 10 9 8 0 13 1 7 11 14 2 12 3 
548,2.06813e-06,2.4355e-06,1.90981e-06,50,100,100,410592,6 5 4 10 9 8 0 13 1 7 11 14 2 12 3 
549,2.06635e-06,2.4355e-06,1.92484e-06,50,100,100,410592,6 5 4 10 9 8 0 13 1 7 11 14 2 12 3 
550,2.06713e-06,2.4355e-06,1.9054e-06,50,100,100,410592,6 5 4 10 9 8 0 13 1 7 11 14 2 12 3 
551,2.07566e-06,2.4355e-06,1.92168e-06,50,100,100,410592,6 5 4 10 9 8 0 13 1 7 11 14 2 12 3 
552,2.06767e-06,2.4355e-06,1.93255e-06,50,100,100,410592,6 5 4 10 9 8 0 13 1 7 11 14 2 12 3 
553,2.06801e-06,2.4355e-06,1.9053e-06,50,100,100,410592,6 5 4 10 9 8 0 13 1 7 11 14 2 12 3 
554,2.05209e-06,2.4355e-06,1.90951e-06,50,100,100,410592,6 5 4 10 9 8 0 13 1 7 11 14 2 12 3 
555,2.06414e-06,2.4355e-06,1.92567e-06,50,100,100,410592,6 5 4 10 9 8 0 13 1 7 11 14 2 12 3 
556,2.05766e-06,2.4355e-06,1.9174e-06,50,100,100,410592,6 5 4 10 9 8 0 13 1 7 11 14 2 12 3 
557,2.0465e-06,2.4355e-06,1.88978e-06,50,100,100,410592,6 5 4 10 9 8 0 13 1 7 11 14 2 12 3 
558,2.05736e-06,2.4355e-06,1.84852e-06,50,100,100,410592,6 5 4 10 9 8 0 13 1 7 11 14 2 12 3 
559,2.04905e-06,2.4355e-06,1.88118e-06,50,100,100,410592,6 5 4 10 9 8 0 13 1 7 11 14 2 12 3 
560,2.05556e-06,2.4355e-06,1.92626e-06,50,100,100,410592,6 5 4 10 9 8 0 13 1 7 11 14 2 12 3 
561,2.05743e-06,2.4355e-06,1.88148e-06,50,100,100,410592,6 5 4 10 9 8 0 13 1 7 11 14 2 12 3 
562,2.06255e-06,2.4355e-06,1.92514e-06,50,100,100,410592,6 5 4 10 9 8 0 13 1 7 11 14 2 12 3 
563,2.05392e-06,2.4355e-06,1.9004e-06,50,100,100,410592,6 5 4 10 9 8 0 13 1 7 11 14 2 12 3 
564,2.0734e-06,2.4355e-06,1.91863e-06,50,100,100,410592,6 5 4 10 9 8 0 13 1 7 11 14 2 12 3 
565,2.0738e-06,2.4355e-06,1.92202e-06,50,100,100,410592,6 5 4 10 9 8 0 13 1 7 11 14 2 12 3 
566,2.05765e-06,2.4355e-06,1.90887e-06,50,100,100,410592,6 5 4 10 9 8 0 13 1 7 11 14 2 12 3 
567,2.06432e-06,2.4355e-06,1.89808e-06,50,100,100,410592,6 5 4 10 9 8 0 13 1 7 11 14 2 12 3 
568,2.06123e-06,2.4355e-06,1.92044e-06,50,100,100,410592,6 5 4 10 9 8 0 13 1 7 11 14 2 12 3 
569,2.06926e-06,2.4355e-06,1.9262e-06,50,100,100,410592,6 5 4 10 9 8 0 13 1 7 11 14 2 12 3 
570,2.05291e-06,2.4355e-06,1.89233e-06,50,100,100,410592,6 5 4 10 9 8 0 13 1 7 11 14 2 12 3 
571,2.05598e-06,2.4355e-06,1.90498e-06,50,100,100,410592,6 5 4 10 9 8 0 13 1 7 11 14 2 12 3 
572,2.07249e-06,2.4355e-06,1.92978e-06,50,100,100,410592,6 5 4 10 9 8 0 13 1 7 11 14 2 12 3 
573,2.06909e-06,2.4355e-06,1.90128e-06,50,100,100,410592,6 5 4 10 9 8 0 13 1 7 11 14 2 12 3 
574,2.0683e-06,2.4355e-06,1.96647e-06,50,100,100,410592,6 5 4 10 9 8 0 13 1 7 11 14 2 12 3 
575,2.04746e-06,2.4355e-06,1.9086e-06,50,100,100,410592,6 5 4 10 9 8 0 13 1 7 11 14 2 12 3 
576,2.06115e-06,2.4355e-06,1.88472e-06,50,100,100,410592,6 5 4 10 9 8 0 13 1 7 11 14 2 12 3 
577,2.05376e-06,2.4355e-06,1.90921e-06,50,100,100,410592,6 5 4 10 9 8 0 13 1 7 11 14 2 12 3 
578,2.06391e-06,2.4355e-06,1.90069e-06,50,100,100,410592,6 5 4 10 9 8 0 13 1 7 11 14 2 12 3 
579,2.063e-06,2.4355e-06,1.92567e-06,50,100,100,410592,6 5 4 10 9 8 0 13 1 7 11 14 2 12 3 
580,2.05956e-06,2.4355e-06,1.93413e-06,50,100,100,410592,6 5 4 10 9 8 0 13 1 7 11 14 2 12 3 
581,2.06256e-06,2.4355e-06,1.86268e-06,50,100,100,410592,6 5 4 10 9 8 0 13 1 7 11 14 2 12 3 
582,2.06574e-06,2.4355e-06,1.92019e-06,50,100,100,410592,6 5 4 10 9 8 0 13 1 7 11 14 2 12 3 
583,2.06209e-06,2.4355e-06,1.92412e-06,50,100,100,410592,6 5 4 10 9 8 0 13 1 7 11 14 2 12 3 
584,2.07383e-06,2.4355e-06,1.94435e-06,50,100,100,410592,6 5 4 10 9 8 0 13 1 7 11 14 2 12 3 
585,2.05924e-06,2.4355e-06,1.92549e-06,50,100,100,410592,6 5 4 10 9 8 0 13 1 7 11 14 2 12 3 
586,2.06117e-06,2.4355e-06,1.92592e-06,50,100,100,410592,6 5 4 10 9 8 0 13 1 7 11 14 2 12 3 
587,2.06171e-06,2.4355e-06,1.88877e-06,50,100,100,410592,6 5 4 10 9 8 0 13 1 7 11 14 2 12 3 
588,2.06707e-06,2.4355e-06,1.90527e-06,50,100,100,410592,6 5 4 10 9 8 0 13 1 7 11 14 2 12 3 
589,2.06002e-06,2.4355e-06,1.89189e-06,50,100,100,410592,6 5 4 10 9 8 0 13 1 7 11 14 2 12 3 
590,2.06258e-06,2.4355e-06,1.90539e-06,50,100,100,410592,6 5 4 10 9 8 0 13 1 7 11 14 2 12 3 
591,2.07023e-06,2.4355e-06,1.9411e-06,50,100,100,410592,6 5 4 10 9 8 0 13 1 7 11 14 2 12 3 
592,2.06723e-06,2.4355e-06,1.88784e-06,50,100,100,410592,6 5 4 10 9 8 0 13 1 7 11 14 2 12 3 
593,2.06709e-06,2.4355e-06,1.90527e-06,50,100,100,410592,6 5 4 10 9 8 0 13 1 7 11 14 2 12 3 
594,2.06299e-06,2.4355e-06,1.9188e-06,50,100,100,410592,6 5 4 10 9 8 0 13 1 7 11 14 2 12 3 
595,2.06199e-06,2.4355e-06,1.9372e-06,50,100,100,410592,6 5 4 10 9 8 0 13 1 7 11 14 2 12 3 
596,2.06772e-06,2.4355e-06,1.9199e-06,50,100,100,410592,6 5 4 10 9 8 0 13 1 7 11 14 2 12 3 
597,2.05388e-06,2.4355e-06,1.88478e-06,50,100,100,410592,6 5 4 10 9 8 0 13 1 7 11 14 2 12 3 
598,2.06139e-06,2.4355e-06,1.92555e-06,50,100,100,410592,6 5 4 10 9 8 0 13 1 7 11 14 2 12 3 
599,2.05514e-06,2.4355e-06,1.91236e-06,50,100,100,410592,6 5 4 10 9 8 0 13 1 7 11 14 2 12 3 
600,2.05689e-06,2.4355e-06,1.92734e-06,50,100,100,410592,6 5 4 10 9 8 0 13 1 7 11 14 2 12 3 
601,2.05444e-06,2.4355e-06,1.91048e-06,50,100,100,410592,6 5 4 10 9 8 0 13 1 7 11 14 2 12 3 
602,2.05781e-06,2.4355e-06,1.88911e-06,50,100,100,410592,6 5 4 10 9 8 0 13 1 7 11 14 2 12 3 
603,2.05858e-06,2.4355e-06,1.90083e-06,50,100,100,410592,6 5 4 10 9 8 0 13 1 7 11 14 2 12 3 
604,2.05592e-06,2.4355e-06,1.87946e-06,50,100,100,410592,6 5 4 10 9 8 0 13 1 7 11 14 2 12 3 
605,2.05318e-06,2.4355e-06,1.89829e-06,50,100,100,410592,6 5 4 10 9 8 0 13 1 7 11 14 2 12 3 
606,2.06531e-06,2.4355e-06,1.92132e-06,50,100,100,410592,6 5 4 10 9 8 0 13 1 7 11 14 2 12 3 
607,2.06678e-06,2.4355e-06,1.83404e-06,50,100,100,410592,6 5 4 10 9 8 0 13 1 7 11 14 2 12 3 
608,2.06681e-06,2.4355e-06,1.93449e-06,50,100,100,410592,6 5 4 10 9 8 0 13 1 7 11 14 2 12 3 
609,2.06928e-06,2.4355e-06,1.90041e-06,50,100,100,410592,6 5 4 10 9 8 0 13 1 7 11 14 2 12 3 
610,2.06484e-06,2.4355e-06,1.90943e-06,50,100,100,410592,6 5 4 10 9 8 0 13 1 7 11 14 2 12 3 
611,2.06655e-06,2.4355e-06,1.92213e-06,50,100,100,410592,6 5 4 10 9 8 0 13 1 7 11 14 2 12 3 
612,2.06362e-06,2.4355e-06,1.9215e-06,50,100,100,410592,6 5 4 10 9 8 0 13 1 7 11 14 2 12 3 
613,2.05461e-06,2.4355e-06,1.92129e-06,50,100,100,410592,6 5 4 10 9 8 0 13 1 7 11 14 2 12 3 
614,2.06384e-06,2.4355e-06,1.90799e-06,50,100,100,410592,6 5 4 10 9 8 0 13 1 7 11 14 2 12 3 
615,2.07701e-06,2.4355e-06,1.9358e-06,50,100,100,410592,6 5 4 10 9 8 0 13 1 7 11 14 2 12 3 
616,2.0671e-06,2.4355e-06,1.91662e-06,50,100,100,410592,6 5 4 10 9 8 0 13 1 7 11 14 2 12 3 
617,2.06103e-06,2.4355e-06,1.89479e-06,50,100,100,410592,6 5 4 10 9 8 0 13 1 7 11 14 2 12 3 
618,2.06717e-06,2.4355e-06,1.90689e-06,50,100,100,410592,6 5 4 10 9 8 0 13 1 7 11 14 2 12 3 
619,2.06481e-06,2.4355e-06,1.86851e-06,50,100,100,410592,6 5 4 10 9 8 0 13 1 7 11 14 2 12 3 
620,2.06209e-06,2.4355e-06,1.85439e-06,50,100,100,410592,6 5 4 10 9 8 0 13 1 7 11 14 2 12 3 
621,2.05546e-06,2.4355e-06,1.91292e-06,50,100,100,410592,6 5 4 10 9 8 0 13 1 7 11 14 2 12 3 
622,2.04025e-06,2.4355e-06,1.90137e-06,50,100,100,410592,6 5 4 10 9 8 0 13 1 7 11 14 2 12 3 
623,2.06458e-06,2.4355e-06,1.90628e-06,50,100,100,410592,6 5 4 10 9 8 0 13 1 7 11 14 2 12 3 
624,2.05841e-06,2.4355e-06,1.8988e-06,50,100,100,410592,6 5 4 10 9 8 0 13 1 7 11 14 2 12 3 
625,2.06265e-06,2.4355e-06,1.92145e-06,50,100,100,410592,6 5 4 10 9 8 0 13 1 7 11 14 2 12 3 
626,2.06362e-06,2.4355e-06,1.87518e-06,50,100,100,410592,6 5 4 10 9 8 0 13 1 7 11 14 2 12 3 
627,2.06314e-06,2.4355e-06,1.92342e-06,50,100,100,410592,6 5 4 10 9 8 0 13 1 7 11 14 2 12 3 
628,2.06614e-06,2.4355e-06,1.92157e-06,50,100,100,410592,6 5 4 10 9 8 0 13 1 7 11 14 2 12 3 
629,2.07144e-06,2.4355e-06,1.89932e-06,50,100,100,410592,6 5 4 10 9 8 0 13 1 7 11 14 2 12 3 
630,2.06099e-06,2.4355e-06,1.93521e-06,50,100,100,410592,6 5 4 10 9 8 0 13 1 7 11 14 2 12 3 
631,2.05147e-06,2.4355e-06,1.90035e-06,50,100,100,410592,6 5 4 10 9 8 0 13 1 7 11 14 2 12 3 
632,2.05751e-06,2.4355e-06,1.90756e-06,50,100,100,410592,6 5 4 10 9 8 0 13 1 7 11 14 2 12 3 
633,2.05676e-06,2.4355e-06,1.87869e-06,50,100,100,410592,6 5 4 10 9 8 0 13 1 7 11 14 2 12 3 
634,2.05855e-06,2.4355e-06,1.90718e-06,50,100,100,410592,6 5 4 10 9 8 0 13 1 7 11 14 2 12 3 
635,2.06109e-06,2.4355e-06,1.90536e-06,50,100,100,410592,6 5 4 10 9 8 0 13 1 7 11 14 2 12 3 
636,2.08073e-06,2.4355e-06,1.94641e-06,50,100,100,410592,6 5 4 10 9 8 0 13 1 7 11 14 2 12 3 
637,2.05591e-06,2.4355e-06,1.91395e-06,50,100,100,410592,6 5 4 10 9 8 0 13 1 7 11 14 2 12 3 
638,2.06057e-06,2.4355e-06,1.86157e-06,50,100,100,410592,6 5 4 10 9 8 0 13 1 7 11 14 2 12 3 
639,2.06612e-06,2.4355e-06,1.92528e-06,50,100,100,410592,6 5 4 10 9 8 0 13 1 7 11 14 2 12 3 
640,2.07122e-06,2.4355e-06,1.92215e-06,50,100,100,410592,6 5 4 10 9 8 0 13 1 7 11 14 2 12 3 
641,2.07024e-06,2.4355e-06,1.90181e-06,50,100,100,410592,6 5 4 10 9 8 0 13 1 7 11 14 2 12 3 
642,2.0669e-06,2.4355e-06,1.89366e-06,50,100,100,410592,6 5 4 10 9 8 0 13 1 7 11 14 2 12 3 
643,2.07102e-06,2.4355e-06,1.93097e-06,50,100,100,410592,6 5 4 10 9 8 0 13 1 7 11 14 2 12 3 
644,2.06288e-06,2.4355e-06,1.92061e-06,50,100,100,410592,6 5 4 10 9 8 0 13 1 7 11 14 2 12 3 
645,2.06156e-06,2.4355e-06,1.9184e-06,50,100,100,410592,6 5 4 10 9 8 0 13 1 7 11 14 2 12 3 
646,2.05978e-06,2.4355e-06,1.92053e-06,50,100,100,410592,6 5 4 10 9 8 0 13 1 7 11 14 2 12 3 
647,2.0558e-06,2.4355e-06,1.91517e-06,50,100,100,410592,6 5 4 10 9 8 0 13 1 7 11 14 2 12 3 
648,2.05317e-06,2.4355e-06,1.91571e-06,50,100,100,410592,6 5 4 10 9 8 0 13 1 7 11 14 2 12 3 
649,2.06085e-06,2.4355e-06,1.90537e-06,50,100,100,410592,6 5 4 10 9 8 0 13 1 7 11 14 2 12 3 
650,2.04487e-06,2.4355e-06,1.91171e-06,50,100,100,410592,6 5 4 10 9 8 0 13 1 7 11 14 2 12 3 
651,2.05928e-06,2.4355e-06,1.91405e-06,50,100,100,410592,6 5 4 10 9 8 0 13 1 7 11 14 2 12 3 
652,2.06407e-06,2.4355e-06,1.90598e-06,50,100,100,410592,6 5 4 10 9 8 0 13 1 7 11 14 2 12 3 
653,2.06187e-06,2.4355e-06,1.88057e-06,50,100,100,410592,6 5 4 10 9 8 0 13 1 7 11 14 2 12 3 
654,2.06862e-06,2.4355e-06,1.91153e-06,50,100,100,410592,6 5 4 10 9 8 0 13 1 7 11 14 2 12 3 
655,2.06486e-06,2.4355e-06,1.87577e-06,50,100,100,410592,6 5 4 10 9 8 0 13 1 7 11 14 2 12 3 
656,2.06865e-06,2.4355e-06,1.94051e-06,50,100,100,410592,6 5 4 10 9 8 0 13 1 7 11 14 2 12 3 
657,2.0558e-06,2.4355e-06,1.91555e-06,50,100,100,410592,6 5 4 10 9 8 0 13 1 7 11 14 2 12 3 
658,2.06439e-06,2.4355e-06,1.91155e-06,50,100,100,410592,6 5 4 10 9 8 0 13 1 7 11 14 2 12 3 
659,2.06629e-06,2.4355e-06,1.90892e-06,50,100,100,410592,6 5 4 10 9 8 0 13 1 7 11 14 2 12 3 
660,2.05901e-06,2.4355e-06,1.90871e-06,50,100,100,410592,6 5 4 10 9 8 0 13 1 7 11 14 2 12 3 
661,2.04465e-06,2.4355e-06,1.90273e-06,50,100,100,410592,6 5 4 10 9 8 0 13 1 7 11 14 2 12 3 
662,2.05472e-06,2.4355e-06,1.90002e-06,50,100,100,410592,6 5 4 10 9 8 0 13 1 7 11 14 2 12 3 
663,2.06149e-06,2.4355e-06,1.91965e-06,50,100,100,410592,6 5 4 10 9 8 0 13 1 7 11 14 2 12 3 
664,2.06135e-06,2.4355e-06,1.89587e-06,50,100,100,410592,6 5 4 10 9 8 0 13 1 7 11 14 2 12 3 
665,2.06608e-06,2.4355e-06,1.92249e-06,50,100,100,410592,6 5 4 10 9 8 0 13 1 7 11 14 2 12 3 
666,2.06052e-06,2.4355e-06,1.92036e-06,50,100,100,410592,6 5 4 10 9 8 0 13 1 7 11 14 2 12 3 
667,2.04589e-06,2.4355e-06,1.90755e-06,50,100,100,410592,6 5 4 10 9 8 0 13 1 7 11 14 2 12 3 
668,2.06569e-06,2.4355e-06,1.88883e-06,50,100,100,410592,6 5 4 10 9 8 0 13 1 7 11 14 2 12 3 
669,2.05588e-06,2.4355e-06,1.92449e-06,50,100,100,410592,6 5 4 10 9 8 0 13 1 7 11 14 2 12 3 
670,2.05219e-06,2.4355e-06,1.89395e-06,50,100,100,410592,6 5 4 10 9 8 0 13 1 7 11 14 2 12 3 
671,2.0569e-06,2.4355e-06,1.88417e-06,50,100,100,410592,6 5 4 10 9 8 0 13 1 7 11 14 2 12 3 
672,2.06684e-06,2.4355e-06,1.90199e-06,50,100,100,410592,6 5 4 10 9 8 0 13 1 7 11 14 2 12 3 
673,2.05881e-06,2.4355e-06,1.92966e-06,50,100,100,410592,6 5 4 10 9 8 0 13 1 7 11 14 2 12 3 
674,2.0694e-06,2.4355e-06,1.89319e-06,50,100,100,410592,6 5 4 10 9 8 0 13 1 7 11 14 2 12 3 
675,2.07051e-06,2.4355e-06,1.89409e-06,50,100,100,410592,6 5 4 10 9 8 0 13 1 7 11 14 2 12 3 
676,2.06647e-06,2.4355e-06,1.8995e-06,50,100,100,410592,6 5 4 10 9 8 0 13 1 7 11 14 2 12 3 
677,2.0677e-06,2.4355e-06,1.92795e-06,50,100,100,410592,6 5 4 10 9 8 0 13 1 7 11 14 2 12 3 
678,2.06953e-06,2.4355e-06,1.91897e-06,50,100,100,410592,6 5 4 10 9 8 0 13 1 7 11 14 2 12 3 
679,2.06731e-06,2.4355e-06,1.91378e-06,50,100,100,410592,6 5 4 10 9 8 0 13 1 7 11 14 2 12 3 
680,2.05841e-06,2.4355e-06,1.89927e-06,50,100,100,410592,6 5 4 10 9 8 0 13 1 7 11 14 2 12 3 
681,2.06944e-06,2.4355e-06,1.91111e-06,50,100,100,410592,6 5 4 10 9 8 0 13 1 7 11 14 2 12 3 
682,2.06716e-06,2.4355e-06,1.85728e-06,50,100,100,410592,6 5 4 10 9 8 0 13 1 7 11 14 2 12 3 
683,2.06385e-06,2.4355e-06,1.90298e-06,50,100,100,410592,6 5 4 10 9 8 0 13 1 7 11 14 2 12 3 
684,2.07348e-06,2.4355e-06,1.84206e-06,50,100,100,410592,6 5 4 10 9 8 0 13 1 7 11 14 2 12 3 
685,2.06676e-06,2.4355e-06,1.89025e-06,50,100,100,410592,6 5 4 10 9 8 0 13 1 7 11 14 2 12 3 
686,2.0595e-06,2.4355e-06,1.90719e-06,50,100,100,410592,6 5 4 10 9 8 0 13 1 7 11 14 2 12 3 
687,2.05337e-06,2.4355e-06,1.89581e-06,50,100,100,410592,6 5 4 10 9 8 0 13 1 7 11 14 2 12 3 
688,2.05487e-06,2.4355e-06,1.90187e-06,50,100,100,410592,6 5 4 10 9 8 0 13 1 7 11 14 2 12 3 
689,2.06156e-06,2.4355e-06,1.90469e-06,50,100,100,410592,6 5 4 10 9 8 0 13 1 7 11 14 2 12 3 
690,2.06643e-06,2.4355e-06,1.90347e-06,50,100,100,410592,6 5 4 10 9 8 0 13 1 7 11 14 2 12 3 
691,2.05018e-06,2.4355e-06,1.90486e-06,50,100,100,410592,6 5 4 10 9 8 0 13 1 7 11 14 2 12 3 
692,2.06334e-06,2.4355e-06,1.89102e-06,50,100,100,410592,6 5 4 10 9 8 0 13 1 7 11 14 2 12 3 
693,2.08203e-06,2.4355e-06,1.90431e-06,50,100,100,410592,6 5 4 10 9 8 0 13 1 7 11 14 2 12 3 
694,2.0767e-06,2.4355e-06,1.88554e-06,50,100,100,410592,6 5 4 10 9 8 0 13 1 7 11 14 2 12 3 
695,2.06209e-06,2.4355e-06,1.86987e-06,50,100,100,410592,6 5 4 10 9 8 0 13 1 7 11 14 2 12 3 
696,2.06538e-06,2.4355e-06,1.91808e-06,50,100,100,410592,6 5 4 10 9 8 0 13 1 7 11 14 2 12 3 
697,2.07326e-06,2.4355e-06,1.95409e-06,50,100,100,410592,6 5 4 10 9 8 0 13 1 7 11 14 2 12 3 
698,2.07064e-06,2.4355e-06,1.92947e-06,50,100,100,410592,6 5 4 10 9 8 0 13 1 7 11 14 2 12 3 
699,2.06106e-06,2.4355e-06,1.91203e-06,50,100,100,410592,6 5 4 10 9 8 0 13 1 7 11 14 2 12 3 
700,2.0723e-06,2.4355e-06,1.91502e-06,50,100,100,410592,6 5 4 10 9 8 0 13 1 7 11 14 2 12 3 
701,2.07451e-06,2.4355e-06,1.88236e-06,50,100,100,410592,6 5 4 10 9 8 0 13 1 7 11 14 2 12 3 
702,2.06848e-06,2.4355e-06,1.91692e-06,50,100,100,410592,6 5 4 10 9 8 0 13 1 7 11 14 2 12 3 
703,2.07801e-06,2.4355e-06,1.90364e-06,50,100,100,410592,6 5 4 10 9 8 0 13 1 7 11 14 2 12 3 
704,2.06433e-06,2.4355e-06,1.93177e-06,50,100,100,410592,6 5 4 10 9 8 0 13 1 7 11 14 2 12 3 
705,2.05949e-06,2.4355e-06,1.92047e-06,50,100,100,410592,6 5 4 10 9 8 0 13 1 7 11 14 2 12 3 
706,2.07407e-06,2.4355e-06,1.94251e-06,50,100,100,410592,6 5 4 10 9 8 0 13 1 7 11 14 2 12 3 
707,2.0612e-06,2.4355e-06,1.89855e-06,50,100,100,410592,6 5 4 10 9 8 0 13 1 7 11 14 2 12 3 
708,2.04819e-06,2.4355e-06,1.89052e-06,50,100,100,410592,6 5 4 10 9 8 0 13 1 7 11 14 2 12 3 
709,2.05286e-06,2.4355e-06,1.88561e-06,50,100,100,410592,6 5 4 10 9 8 0 13 1 7 11 14 2 12 3 
710,2.07083e-06,2.4355e-06,1.89529e-06,50,100,100,410592,6 5 4 10 9 8 0 13 1 7 11 14 2 12 3 
711,2.06509e-06,2.4355e-06,1.92069e-06,50,100,100,410592,6 5 4 10 9 8 0 13 1 7 11 14 2 12 3 
712,2.06695e-06,2.4355e-06,1.90153e-06,50,100,100,410592,6 5 4 10 9 8 0 13 1 7 11 14 2 12 3 
713,2.05695e-06,2.4355e-06,1.90925e-06,50,100,100,410592,6 5 4 10 9 8 0 13 1 7 11 14 2 12 3 
714,2.05922e-06,2.4355e-06,1.90467e-06,50,100,100,410592,6 5 4 10 9 8 0 13 1 7 11 14 2 12 3 
715,2.07853e-06,2.4355e-06,1.89687e-06,50,100,100,410592,6 5 4 10 9 8 0 13 1 7 11 14 2 12 3 
716,2.06797e-06,2.4355e-06,1.87973e-06,50,100,100,410592,6 5 4 10 9 8 0 13 1 7 11 14 2 12 3 
717,2.06934e-06,2.4355e-06,1.90416e-06,50,100,100,410592,6 5 4 10 9 8 0 13 1 7 11 14 2 12 3 
718,2.06685e-06,2.4355e-06,1.88942e-06,50,100,100,410592,6 5 4 10 9 8 0 13 1 7 11 14 2 12 3 
719,2.07123e-06,2.4355e-06,1.91535e-06,50,100,100,410592,6 5 4 10 9 8 0 13 1 7 11 14 2 12 3 
720,2.07843e-06,2.4355e-06,1.96257e-06,50,100,100,410592,6 5 4 10 9 8 0 13 1 7 11 14 2 12 3 
721,2.07005e-06,2.4355e-06,1.9285e-06,50,100,100,410592,6 5 4 10 9 8 0 13 1 7 11 14 2 12 3 
722,2.06967e-06,2.4355e-06,1.93415e-06,50,100,100,410592,6 5 4 10 9 8 0 13 1 7 11 14 2 12 3 
723,2.0673e-06,2.4355e-06,1.9189e-06,50,100,100,410592,6 5 4 10 9 8 0 13 1 7 11 14 2 12 3 
724,2.07231e-06,2.4355e-06,1.94592e-06,50,100,100,410592,6 5 4 10 9 8 0 13 1 7 11 14 2 12 3 
725,2.06032e-06,2.4355e-06,1.88654e-06,50,100,100,410592,6 5 4 10 9 8 0 13 1 7 11 14 2 12 3 
726,2.06785e-06,2.4355e-06,1.91307e-06,50,100,100,410592,6 5 4 10 9 8 0 13 1 7 11 14 2 12 3 
727,2.08188e-06,2.4355e-06,1.92997e-06,50,100,100,410592,6 5 4 10 9 8 0 13 1 7 11 14 2 12 3 
728,2.08507e-06,2.4355e-06,1.93391e-06,50,100,100,410592,6 5 4 10 9 8 0 13 1 7 11 14 2 12 3 
729,2.0754e-06,2.4355e-06,1.90245e-06,50,100,100,410592,6 5 4 10 9 8 0 13 1 7 11 14 2 12 3 
730,2.07226e-06,2.4355e-06,1.92108e-06,50,100,100,410592,6 5 4 10 9 8 0 13 1 7 11 14 2 12 3 
731,2.07194e-06,2.4355e-06,1.89413e-06,50,100,100,410592,6 5 4 10 9 8 0 13 1 7 11 14 2 12 3 
732,2.07753e-06,2.4355e-06,1.92962e-06,50,100,100,410592,6 5 4 10 9 8 0 13 1 7 11 14 2 12 3 
733,2.07978e-06,2.4355e-06,1.88558e-06,50,100,100,410592,6 5 4 10 9 8 0 13 1 7 11 14 2 12 3 
734,2.08219e-06,2.4355e-06,1.97007e-06,50,100,100,410592,6 5 4 10 9 8 0 13 1 7 11 14 2 12 3 
735,2.05926e-06,2.4355e-06,1.93024e-06,50,100,100,410592,6 5 4 10 9 8 0 13 1 7 11 14 2 12 3 
736,2.06819e-06,2.4355e-06,1.91868e-06,50,100,100,410592,6 5 4 10 9 8 0 13 1 7 11 14 2 12 3 
737,2.07281e-06,2.4355e-06,1.91461e-06,50,100,100,410592,6 5 4 10 9 8 0 13 1 7 11 14 2 12 3 
738,2.07217e-06,2.4355e-06,1.92706e-06,50,100,100,410592,6 5 4 10 9 8 0 13 1 7 11 14 2 12 3 
739,2.07805e-06,2.4355e-06,1.91413e-06,50,100,100,410592,6 5 4 10 9 8 0 13 1 7 11 14 2 12 3 
740,2.0676e-06,2.4355e-06,1.90036e-06,50,100,100,410592,6 5 4 10 9 8 0 13 1 7 11 14 2 12 3 
741,2.07212e-06,2.4355e-06,1.937e-06,50,100,100,410592,6 5 4 10 9 8 0 13 1 7 11 14 2 12 3 
742,2.06767e-06,2.4355e-06,1.88674e-06,50,100,100,410592,6 5 4 10 9 8 0 13 1 7 11 14 2 12 3 
743,2.0668e-06,2.4355e-06,1.90548e-06,50,100,100,410592,6 5 4 10 9 8 0 13 1 7 11 14 2 12 3 
744,2.06712e-06,2.4355e-06,1.89573e-06,50,100,100,410592,6 5 4 10 9 8 0 13 1 7 11 14 2 12 3 
745,2.06625e-06,2.4355e-06,1.90823e-06,50,100,100,410592,6 5 4 10 9 8 0 13 1 7 11 14 2 12 3 
746,2.05584e-06,2.4355e-06,1.86046e-06,50,100,100,410592,6 5 4 10 9 8 0 13 1 7 11 14 2 12 3 
747,2.06587e-06,2.4355e-06,1.91491e-06,50,100,100,410592,6 5 4 10 9 8 0 13 1 7 11 14 2 12 3 
748,2.05407e-06,2.4355e-06,1.89966e-06,50,100,100,410592,6 5 4 10 9 8 0 13 1 7 11 14 2 12 3 
749,2.06291e-06,2.4355e-06,1.8884e-06,50,100,100,410592,6 5 4 10 9 8 0 13 1 7 11 14 2 12 3 
750,2.0523e-06,2.4355e-06,1.89945e-06,50,100,100,410592,6 5 4 10 9 8 0 13 1 7 11 14 2 12 3 
751,2.06811e-06,2.4355e-06,1.92016e-06,50,100,100,410592,6 5 4 10 9 8 0 13 1 7 11 14 2 12 3 
752,2.06059e-06,2.4355e-06,1.90143e-06,50,100,100,410592,6 5 4 10 9 8 0 13 1 7 11 14 2 12 3 
753,2.05639e-06,2.4355e-06,1.88569e-06,50,100,100,410592,6 5 4 10 9 8 0 13 1 7 11 14 2 12 3 
754,2.07064e-06,2.4355e-06,1.90045e-06,50,100,100,410592,6 5 4 10 9 8 0 13 1 7 11 14 2 12 3 
755,2.07196e-06,2.4355e-06,1.8832e-06,50,100,100,410592,6 5 4 10 9 8 0 13 1 7 11 14 2 12 3 
756,2.05892e-06,2.4355e-06,1.90117e-06,50,100,100,410592,6 5 4 10 9 8 0 13 1 7 11 14 2 12 3 
757,2.06273e-06,2.4355e-06,1.87337e-06,50,100,100,410592,6 5 4 10 9 8 0 13 1 7 11 14 2 12 3 
758,2.0539e-06,2.4355e-06,1.92055e-06,50,100,100,410592,6 5 4 10 9 8 0 13 1 7 11 14 2 12 3 
759,2.05975e-06,2.4355e-06,1.91225e-06,50,100,100,410592,6 5 4 10 9 8 0 13 1 7 11 14 2 12 3 
760,2.06275e-06,2.4355e-06,1.93979e-06,50,100,100,410592,6 5 4 10 9 8 0 13 1 7 11 14 2 12 3 
761,2.05861e-06,2.4355e-06,1.9148e-06,50,100,100,410592,6 5 4 10 9 8 0 13 1 7 11 14 2 12 3 
762,2.06067e-06,2.4355e-06,1.92558e-06,50,100,100,410592,6 5 4 10 9 8 0 13 1 7 11 14 2 12 3 
763,2.0678e-06,2.4355e-06,1.90748e-06,50,100,100,410592,6 5 4 10 9 8 0 13 1 7 11 14 2 12 3 
764,2.07294e-06,2.4355e-06,1.93835e-06,50,100,100,410592,6 5 4 10 9 8 0 13 1 7 11 14 2 12 3 
765,2.071e-06,2.4355e-06,1.94557e-06,50,100,100,410592,6 5 4 10 9 8 0 13 1 7 11 14 2 12 3 
766,2.06345e-06,2.4355e-06,1.95635e-06,50,100,100,410592,6 5 4 10 9 8 0 13 1 7 11 14 2 12 3 
767,2.05773e-06,2.4355e-06,1.89061e-06,50,100,100,410592,6 5 4 10 9 8 0 13 1 7 11 14 2 12 3 
768,2.06479e-06,2.4355e-06,1.91022e-06,50,100,100,410592,6 5 4 10 9 8 0 13 1 7 11 14 2 12 3 
769,2.06857e-06,2.4355e-06,1.89843e-06,50,100,100,410592,6 5 4 10 9 8 0 13 1 7 11 14 2 12 3 
770,2.06777e-06,2.4355e-06,1.91867e-06,50,100,100,410592,6 5 4 10 9 8 0 13 1 7 11 14 2 12 3 
771,2.07102e-06,2.4355e-06,1.9167e-06,50,100,100,410592,6 5 4 10 9 8 0 13 1 7 11 14 2 12 3 
772,2.07736e-06,2.4355e-06,1.88722e-06,50,100,100,410592,6 5 4 10 9 8 0 13 1 7 11 14 2 12 3 
773,2.08599e-06,2.4355e-06,1.90093e-06,50,100,100,410592,6 5 4 10 9 8 0 13 1 7 11 14 2 12 3 
774,2.06406e-06,2.4355e-06,1.88057e-06,50,100,100,410592,6 5 4 10 9 8 0 13 1 7 11 14 2 12 3 
775,2.06116e-06,2.4355e-06,1.93867e-06,50,100,100,410592,6 5 4 10 9 8 0 13 1 7 11 14 2 12 3 
776,2.05532e-06,2.4355e-06,1.89743e-06,50,100,100,410592,6 5 4 10 9 8 0 13 1 7 11 14 2 12 3 
777,2.06326e-06,2.4355e-06,1.93524e-06,50,100,100,410592,6 5 4 10 9 8 0 13 1 7 11 14 2 12 3 
778,2.07447e-06,2.4355e-06,1.9381e-06,50,100,100,410592,6 5 4 10 9 8 0 13 1 7 11 14 2 12 3 
779,2.0711e-06,2.4355e-06,1.88246e-06,50,100,100,410592,6 5 4 10 9 8 0 13 1 7 11 14 2 12 3 
780,2.06217e-06,2.4355e-06,1.91147e-06,50,100,100,410592,6 5 4 10 9 8 0 13 1 7 11 14 2 12 3 
781,2.06152e-06,2.4355e-06,1.92277e-06,50,100,100,410592,6 5 4 10 9 8 0 13 1 7 11 14 2 12 3 
782,2.06652e-06,2.4355e-06,1.89576e-06,50,100,100,410592,6 5 4 10 9 8 0 13 1 7 11 14 2 12 3 
783,2.06086e-06,2.4355e-06,1.89468e-06,50,100,100,410592,6 5 4 10 9 8 0 13 1 7 11 14 2 12 3 
784,2.07362e-06,2.4355e-06,1.91131e-06,50,100,100,410592,6 5 4 10 9 8 0 13 1 7 11 14 2 12 3 
785,2.0565e-06,2.4355e-06,1.88482e-06,50,100,100,410592,6 5 4 10 9 8 0 13 1 7 11 14 2 12 3 
786,2.04623e-06,2.4355e-06,1.90242e-06,50,100,100,410592,6 5 4 10 9 8 0 13 1 7 11 14 2 12 3 
787,2.05813e-06,2.4355e-06,1.87792e-06,50,100,100,410592,6 5 4 10 9 8 0 13 1 7 11 14 2 12 3 
788,2.06008e-06,2.4355e-06,1.90305e-06,50,100,100,410592,6 5 4 10 9 8 0 13 1 7 11 14 2 12 3 
789,2.05998e-06,2.4355e-06,1.90485e-06,50,100,100,410592,6 5 4 10 9 8 0 13 1 7 11 14 2 12 3 
790,2.06515e-06,2.4355e-06,1.91927e-06,50,100,100,410592,6 5 4 10 9 8 0 13 1 7 11 14 2 12 3 
791,2.07275e-06,2.4355e-06,1.91981e-06,50,100,100,410592,6 5 4 10 9 8 0 13 1 7 11 14 2 12 3 
792,2.05482e-06,2.4355e-06,1.90641e-06,50,100,100,410592,6 5 4 10 9 8 0 13 1 7 11 14 2 12 3 
793,2.05671e-06,2.4355e-06,1.88047e-06,50,100,100,410592,6 5 4 10 9 8 0 13 1 7 11 14 2 12 3 
794,2.0604e-06,2.4355e-06,1.91486e-06,50,100,100,410592,6 5 4 10 9 8 0 13 1 7 11 14 2 12 3 
795,2.0649e-06,2.4355e-06,1.9182e-06,50,100,100,410592,6 5 4 10 9 8 0 13 1 7 11 14 2 12 3 
796,2.06324e-06,2.4355e-06,1.90488e-06,50,100,100,410592,6 5 4 10 9 8 0 13 1 7 11 14 2 12 3 
797,2.06824e-06,2.4355e-06,1.93736e-06,50,100,100,410592,6 5 4 10 9 8 0 13 1 7 11 14 2 12 3 
798,2.06199e-06,2.4355e-06,1.9258e-06,50,100,100,410592,6 5 4 10 9 8 0 13 1 7 11 14 2 12 3 
799,2.0768e-06,2.4355e-06,1.91035e-06,50,100,100,410592,6 5 4 10 9 8 0 13 1 7 11 14 2 12 3 
800,2.0574e-06,2.4355e-06,1.89728e-06,50,100,100,410592,6 5 4 10 9 8 0 13 1 7 11 14 2 12 3 
801,2.06565e-06,2.4355e-06,1.88955e-06,50,100,100,410592,6 5 4 10 9 8 0 13 1 7 11 14 2 12 3 
802,2.06666e-06,2.4355e-06,1.9096e-06,50,100,100,410592,6 5 4 10 9 8 0 13 1 7 11 14 2 12 3 
803,2.06845e-06,2.4355e-06,1.91916e-06,50,100,100,410592,6 5 4 10 9 8 0 13 1 7 11 14 2 12 3 
804,2.06349e-06,2.4355e-06,1.89588e-06,50,100,100,410592,6 5 4 10 9 8 0 13 1 7 11 14 2 12 3 
805,2.06222e-06,2.4355e-06,1.92282e-06,50,100,100,410592,6 5 4 10 9 8 0 13 1 7 11 14 2 12 3 
806,2.07599e-06,2.4355e-06,1.91544e-06,50,100,100,410592,6 5 4 10 9 8 0 13 1 7 11 14 2 12 3 
807,2.07212e-06,2.4355e-06,1.9114e-06,50,100,100,410592,6 5 4 10 9 8 0 13 1 7 11 14 2 12 3 
808,2.06375e-06,2.4355e-06,1.8919e-06,50,100,100,410592,6 5 4 10 9 8 0 13 1 7 11 14 2 12 3 
809,2.06957e-06,2.4355e-06,1.92394e-06,50,100,100,410592,6 5 4 10 9 8 0 13 1 7 11 14 2 12 3 
810,2.06932e-06,2.4355e-06,1.88249e-06,50,100,100,410592,6 5 4 10 9 8 0 13 1 7 11 14 2 12 3 
811,2.05727e-06,2.4355e-06,1.92775e-06,50,100,100,410592,6 5 4 10 9 8 0 13 1 7 11 14 2 12 3 
812,2.05857e-06,2.4355e-06,1.88589e-06,50,100,100,410592,6 5 4 10 9 8 0 13 1 7 11 14 2 12 3 
813,2.0541e-06,2.4355e-06,1.91876e-06,50,100,100,410592,6 5 4 10 9 8 0 13 1 7 11 14 2 12 3 
814,2.05208e-06,2.4355e-06,1.89124e-06,50,100,100,410592,6 5 4 10 9 8 0 13 1 7 11 14 2 12 3 
815,2.06312e-06,2.4355e-06,1.88971e-06,50,100,100,410592,6 5 4 10 9 8 0 13 1 7 11 14 2 12 3 
816,2.05606e-06,2.4355e-06,1.91667e-06,50,100,100,410592,6 5 4 10 9 8 0 13 1 7 11 14 2 12 3 
817,2.06275e-06,2.4355e-06,1.91085e-06,50,100,100,410592,6 5 4 10 9 8 0 13 1 7 11 14 2 12 3 
818,2.05361e-06,2.4355e-06,1.86792e-06,50,100,100,410592,6 5 4 10 9 8 0 13 1 7 11 14 2 12 3 
819,2.05798e-06,2.4355e-06,1.84472e-06,50,100,100,410592,6 5 4 10 9 8 0 13 1 7 11 14 2 12 3 
820,2.05407e-06,2.4355e-06,1.89456e-06,50,100,100,410592,6 5 4 10 9 8 0 13 1 7 11 14 2 12 3 
821,2.05209e-06,2.4355e-06,1.90258e-06,50,100,100,410592,6 5 4 10 9 8 0 13 1 7 11 14 2 12 3 
822,2.06935e-06,2.4355e-06,1.87431e-06,50,100,100,410592,6 5 4 10 9 8 0 13 1 7 11 14 2 12 3 
823,2.05516e-06,2.4355e-06,1.87575e-06,50,100,100,410592,6 5 4 10 9 8 0 13 1 7 11 14 2 12 3 
824,2.06508e-06,2.4355e-06,1.92535e-06,50,100,100,410592,6 5 4 10 9 8 0 13 1 7 11 14 2 12 3 
825,2.05944e-06,2.4355e-06,1.91299e-06,50,100,100,410592,6 5 4 10 9 8 0 13 1 7 11 14 2 12 3 
826,2.05319e-06,2.4355e-06,1.93622e-06,50,100,100,410592,6 5 4 10 9 8 0 13 1 7 11 14 2 12 3 
827,2.06442e-06,2.4355e-06,1.90077e-06,50,100,100,410592,6 5 4 10 9 8 0 13 1 7 11 14 2 12 3 
828,2.05907e-06,2.4355e-06,1.91948e-06,50,100,100,410592,6 5 4 10 9 8 0 13 1 7 11 14 2 12 3 
829,2.07053e-06,2.4355e-06,1.92974e-06,50,100,100,410592,6 5 4 10 9 8 0 13 1 7 11 14 2 12 3 
830,2.05476e-06,2.4355e-06,1.88365e-06,50,100,100,410592,6 5 4 10 9 8 0 13 1 7 11 14 2 12 3 
831,2.05666e-06,2.4355e-06,1.92967e-06,50,100,100,410592,6 5 4 10 9 8 0 13 1 7 11 14 2 12 3 
832,2.05723e-06,2.4355e-06,1.89325e-06,50,100,100,410592,6 5 4 10 9 8 0 13 1 7 11 14 2 12 3 
833,2.06748e-06,2.4355e-06,1.87181e-06,50,100,100,410592,6 5 4 10 9 8 0 13 1 7 11 14 2 12 3 
834,2.07261e-06,2.4355e-06,1.874e-06,50,100,100,410592,6 5 4 10 9 8 0 13 1 7 11 14 2 12 3 
835,2.06833e-06,2.4355e-06,1.92484e-06,50,100,100,410592,6 5 4 10 9 8 0 13 1 7 11 14 2 12 3 
836,2.06496e-06,2.4355e-06,1.91116e-06,50,100,100,410592,6 5 4 10 9 8 0 13 1 7 11 14 2 12 3 
837,2.05261e-06,2.4355e-06,1.90918e-06,50,100,100,410592,6 5 4 10 9 8 0 13 1 7 11 14 2 12 3 
838,2.07089e-06,2.4355e-06,1.92337e-06,50,100,100,410592,6 5 4 10 9 8 0 13 1 7 11 14 2 12 3 
839,2.05654e-06,2.4355e-06,1.89182e-06,50,100,100,410592,6 5 4 10 9 8 0 13 1 7 11 14 2 12 3 
840,2.04979e-06,2.4355e-06,1.86115e-06,50,100,100,410592,6 5 4 10 9 8 0 13 1 7 11 14 2 12 3 
841,2.06035e-06,2.4355e-06,1.89134e-06,50,100,100,410592,6 5 4 10 9 8 0 13 1 7 11 14 2 12 3 
842,2.0614e-06,2.4355e-06,1.91127e-06,50,100,100,410592,6 5 4 10 9 8 0 13 1 7 11 14 2 12 3 
843,2.05952e-06,2.4355e-06,1.92261e-06,50,100,100,410592,6 5 4 10 9 8 0 13 1 7 11 14 2 12 3 
844,2.05642e-06,2.4355e-06,1.89315e-06,50,100,100,410592,6 5 4 10 9 8 0 13 1 7 11 14 2 12 3 
845,2.05857e-06,2.4355e-06,1.89267e-06,50,100,100,410592,6 5 4 10 9 8 0 13 1 7 11 14 2 12 3 
846,2.0641e-06,2.4355e-06,1.92985e-06,50,100,100,410592,6 5 4 10 9 8 0 13 1 7 11 14 2 12 3 
847,2.05583e-06,2.4355e-06,1.89759e-06,50,100,100,410592,6 5 4 10 9 8 0 13 1 7 11 14 2 12 3 
848,2.05873e-06,2.4355e-06,1.90628e-06,50,100,100,410592,6 5 4 10 9 8 0 13 1 7 11 14 2 12 3 
849,2.06383e-06,2.4355e-06,1.89212e-06,50,100,100,410592,6 5 4 10 9 8 0 13 1 7 11 14 2 12 3 
850,2.06084e-06,2.4355e-06,1.89184e-06,50,100,100,410592,6 5 4 10 9 8 0 13 1 7 11 14 2 12 3 
851,2.06675e-06,2.4355e-06,1.90942e-06,50,100,100,410592,6 5 4 10 9 8 0 13 1 7 11 14 2 12 3 
852,2.07101e-06,2.4355e-06,1.93314e-06,50,100,100,410592,6 5 4 10 9 8 0 13 1 7 11 14 2 12 3 
853,2.05895e-06,2.4355e-06,1.88628e-06,50,100,100,410592,6 5 4 10 9 8 0 13 1 7 11 14 2 12 3 
854,2.062e-06,2.4355e-06,1.89748e-06,50,100,100,410592,6 5 4 10 9 8 0 13 1 7 11 14 2 12 3 
855,2.07324e-06,2.4355e-06,1.91548e-06,50,100,100,410592,6 5 4 10 9 8 0 13 1 7 11 14 2 12 3 
856,2.07176e-06,2.4355e-06,1.88377e-06,50,100,100,410592,6 5 4 10 9 8 0 13 1 7 11 14 2 12 3 
857,2.06294e-06,2.4355e-06,1.87044e-06,50,100,100,410592,6 5 4 10 9 8 0 13 1 7 11 14 2 12 3 
858,2.07018e-06,2.4355e-06,1.91285e-06,50,100,100,410592,6 5 4 10 9 8 0 13 1 7 11 14 2 12 3 
859,2.07732e-06,2.4355e-06,1.90387e-06,50,100,100,410592,6 5 4 10 9 8 0 13 1 7 11 14 2 12 3 
860,2.07695e-06,2.4355e-06,1.92517e-06,50,100,100,410592,6 5 4 10 9 8 0 13 1 7 11 14 2 12 3 
861,2.05879e-06,2.4355e-06,1.92349e-06,50,100,100,410592,6 5 4 10 9 8 0 13 1 7 11 14 2 12 3 
862,2.06197e-06,2.4355e-06,1.91206e-06,50,100,100,410592,6 5 4 10 9 8 0 13 1 7 11 14 2 12 3 
863,2.05726e-06,2.4355e-06,1.90286e-06,50,100,100,410592,6 5 4 10 9 8 0 13 1 7 11 14 2 12 3 
864,2.05677e-06,2.4355e-06,1.88806e-06,50,100,100,410592,6 5 4 10 9 8 0 13 1 7 11 14 2 12 3 
865,2.07556e-06,2.4355e-06,1.89849e-06,50,100,100,410592,6 5 4 10 9 8 0 13 1 7 11 14 2 12 3 
866,2.05861e-06,2.4355e-06,1.91208e-06,50,100,100,410592,6 5 4 10 9 8 0 13 1 7 11 14 2 12 3 
867,2.06688e-06,2.4355e-06,1.94343e-06,50,100,100,410592,6 5 4 10 9 8 0 13 1 7 11 14 2 12 3 
868,2.07011e-06,2.4355e-06,1.92165e-06,50,100,100,410592,6 5 4 10 9 8 0 13 1 7 11 14 2 12 3 
869,2.05952e-06,2.4355e-06,1.92633e-06,50,100,100,410592,6 5 4 10 9 8 0 13 1 7 11 14 2 12 3 
870,2.05677e-06,2.4355e-06,1.9064e-06,50,100,100,410592,6 5 4 10 9 8 0 13 1 7 11 14 2 12 3 
871,2.05631e-06,2.4355e-06,1.91038e-06,50,100,100,410592,6 5 4 10 9 8 0 13 1 7 11 14 2 12 3 
872,2.0622e-06,2.4355e-06,1.88442e-06,50,100,100,410592,6 5 4 10 9 8 0 13 1 7 11 14 2 12 3 
873,2.06749e-06,2.4355e-06,1.91179e-06,50,100,100,410592,6 5 4 10 9 8 0 13 1 7 11 14 2 12 3 
874,2.07053e-06,2.4355e-06,1.93744e-06,50,100,100,410592,6 5 4 10 9 8 0 13 1 7 11 14 2 12 3 
875,2.06506e-06,2.4355e-06,1.89777e-06,50,100,100,410592,6 5 4 10 9 8 0 13 1 7 11 14 2 12 3 
876,2.06118e-06,2.4355e-06,1.91069e-06,50,100,100,410592,6 5 4 10 9 8 0 13 1 7 11 14 2 12 3 
877,2.05756e-06,2.4355e-06,1.89485e-06,50,100,100,410592,6 5 4 10 9 8 0 13 1 7 11 14 2 12 3 
878,2.05058e-06,2.4355e-06,1.92185e-06,50,100,100,410592,6 5 4 10 9 8 0 13 1 7 11 14 2 12 3 
879,2.0506e-06,2.4355e-06,1.89063e-06,50,100,100,410592,6 5 4 10 9 8 0 13 1 7 11 14 2 12 3 
880,2.06814e-06,2.4355e-06,1.89297e-06,50,100,100,410592,6 5 4 10 9 8 0 13 1 7 11 14 2 12 3 
881,2.05919e-06,2.4355e-06,1.89517e-06,50,100,100,410592,6 5 4 10 9 8 0 13 1 7 11 14 2 12 3 
882,2.06376e-06,2.4355e-06,1.92874e-06,50,100,100,410592,6 5 4 10 9 8 0 13 1 7 11 14 2 12 3 
883,2.07327e-06,2.4355e-06,1.9613e-06,50,100,100,410592,6 5 4 10 9 8 0 13 1 7 11 14 2 12 3 
884,2.06922e-06,2.4355e-06,1.92777e-06,50,100,100,410592,6 5 4 10 9 8 0 13 1 7 11 14 2 12 3 
885,2.0621e-06,2.4355e-06,1.92304e-06,50,100,100,410592,6 5 4 10 9 8 0 13 1 7 11 14 2 12 3 
886,2.06929e-06,2.4355e-06,1.8912e-06,50,100,100,410592,6 5 4 10 9 8 0 13 1 7 11 14 2 12 3 
887,2.06035e-06,2.4355e-06,1.89067e-06,50,100,100,410592,6 5 4 10 9 8 0 13 1 7 11 14 2 12 3 
888,2.06363e-06,2.4355e-06,1.90583e-06,50,100,100,410592,6 5 4 10 9 8 0 13 1 7 11 14 2 12 3 
889,2.05609e-06,2.4355e-06,1.89323e-06,50,100,100,410592,6 5 4 10 9 8 0 13 1 7 11 14 2 12 3 
890,2.06131e-06,2.4355e-06,1.89523e-06,50,100,100,410592,6 5 4 10 9 8 0 13 1 7 11 14 2 12 3 
891,2.07333e-06,2.4355e-06,1.9183e-06,50,100,100,410592,6 5 4 10 9 8 0 13 1 7 11 14 2 12 3 
892,2.06937e-06,2.4355e-06,1.88816e-06,50,100,100,410592,6 5 4 10 9 8 0 13 1 7 11 14 2 12 3 
893,2.05802e-06,2.4355e-06,1.92846e-06,50,100,100,410592,6 5 4 10 9 8 0 13 1 7 11 14 2 12 3 
894,2.05792e-06,2.4355e-06,1.87934e-06,50,100,100,410592,6 5 4 10 9 8 0 13 1 7 11 14 2 12 3 
895,2.05635e-06,2.4355e-06,1.93071e-06,50,100,100,410592,6 5 4 10 9 8 0 13 1 7 11 14 2 12 3 
896,2.06059e-06,2.4355e-06,1.91321e-06,50,100,100,410592,6 5 4 10 9 8 0 13 1 7 11 14 2 12 3 
897,2.0614e-06,2.4355e-06,1.91127e-06,50,100,100,410592,6 5 4 10 9 8 0 13 1 7 11 14 2 12 3 
898,2.03591e-06,2.4355e-06,1.88494e-06,50,100,100,410592,6 5 4 10 9 8 0 13 1 7 11 14 2 12 3 
899,2.05216e-06,2.4355e-06,1.93167e-06,50,100,100,410592,6 5 4 10 9 8 0 13 1 7 11 14 2 12 3 
900,2.06049e-06,2.4355e-06,1.93925e-06,50,100,100,410592,6 5 4 10 9 8 0 13 1 7 11 14 2 12 3 
901,2.06204e-06,2.4355e-06,1.94215e-06,50,100,100,410592,6 5 4 10 9 8 0 13 1 7 11 14 2 12 3 
902,2.06865e-06,2.4355e-06,1.93115e-06,50,100,100,410592,6 5 4 10 9 8 0 13 1 7 11 14 2 12 3 
903,2.0599e-06,2.4355e-06,1.93512e-06,50,100,100,410592,6 5 4 10 9 8 0 13 1 7 11 14 2 12 3 
904,2.06309e-06,2.4355e-06,1.87923e-06,50,100,100,410592,6 5 4 10 9 8 0 13 1 7 11 14 2 12 3 
905,2.05759e-06,2.4355e-06,1.92549e-06,50,100,100,410592,6 5 4 10 9 8 0 13 1 7 11 14 2 12 3 
906,2.05418e-06,2.4355e-06,1.9164e-06,50,100,100,410592,6 5 4 10 9 8 0 13 1 7 11 14 2 12 3 
907,2.05541e-06,2.4355e-06,1.91568e-06,50,100,100,410592,6 5 4 10 9 8 0 13 1 7 11 14 2 12 3 
908,2.05914e-06,2.4355e-06,1.94056e-06,50,100,100,410592,6 5 4 10 9 8 0 13 1 7 11 14 2 12 3 
909,2.08138e-06,2.4355e-06,1.93785e-06,50,100,100,410592,6 5 4 10 9 8 0 13 1 7 11 14 2 12 3 
910,2.06363e-06,2.4355e-06,1.91877e-06,50,100,100,410592,6 5 4 10 9 8 0 13 1 7 11 14 2 12 3 
911,2.0499e-06,2.4355e-06,1.91351e-06,50,100,100,410592,6 5 4 10 9 8 0 13 1 7 11 14 2 12 3 
912,2.06857e-06,2.4355e-06,1.91758e-06,50,100,100,410592,6 5 4 10 9 8 0 13 1 7 11 14 2 12 3 
913,2.06515e-06,2.4355e-06,1.90617e-06,50,100,100,410592,6 5 4 10 9 8 0 13 1 7 11 14 2 12 3 
914,2.05472e-06,2.4355e-06,1.90845e-06,50,100,100,410592,6 5 4 10 9 8 0 13 1 7 11 14 2 12 3 
915,2.05927e-06,2.4355e-06,1.92276e-06,50,100,100,410592,6 5 4 10 9 8 0 13 1 7 11 14 2 12 3 
916,2.07086e-06,2.4355e-06,1.92594e-06,50,100,100,410592,6 5 4 10 9 8 0 13 1 7 11 14 2 12 3 
917,2.07105e-06,2.4355e-06,1.93521e-06,50,100,100,410592,6 5 4 10 9 8 0 13 1 7 11 14 2 12 3 
918,2.0699e-06,2.4355e-06,1.8898e-06,50,100,100,410592,6 5 4 10 9 8 0 13 1 7 11 14 2 12 3 
919,2.0635e-06,2.4355e-06,1.94147e-06,50,100,100,410592,6 5 4 10 9 8 0 13 1 7 11 14 2 12 3 
920,2.05645e-06,2.4355e-06,1.90005e-06,50,100,100,410592,6 5 4 10 9 8 0 13 1 7 11 14 2 12 3 
921,2.06625e-06,2.4355e-06,1.89534e-06,50,100,100,410592,6 5 4 10 9 8 0 13 1 7 11 14 2 12 3 
922,2.05951e-06,2.4355e-06,1.89475e-06,50,100,100,410592,6 5 4 10 9 8 0 13 1 7 11 14 2 12 3 
923,2.06165e-06,2.4355e-06,1.89757e-06,50,100,100,410592,6 5 4 10 9 8 0 13 1 7 11 14 2 12 3 
924,2.07044e-06,2.4355e-06,1.8962e-06,50,100,100,410592,6 5 4 10 9 8 0 13 1 7 11 14 2 12 3 
925,2.05393e-06,2.4355e-06,1.92862e-06,50,100,100,410592,6 5 4 10 9 8 0 13 1 7 11 14 2 12 3 
926,2.05912e-06,2.4355e-06,1.90743e-06,50,100,100,410592,6 5 4 10 9 8 0 13 1 7 11 14 2 12 3 
927,2.05794e-06,2.4355e-06,1.86765e-06,50,100,100,410592,6 5 4 10 9 8 0 13 1 7 11 14 2 12 3 
928,2.05653e-06,2.4355e-06,1.909e-06,50,100,100,410592,6 5 4 10 9 8 0 13 1 7 11 14 2 12 3 
929,2.05784e-06,2.4355e-06,1.92724e-06,50,100,100,410592,6 5 4 10 9 8 0 13 1 7 11 14 2 12 3 
930,2.07008e-06,2.4355e-06,1.90854e-06,50,100,100,410592,6 5 4 10 9 8 0 13 1 7 11 14 2 12 3 
931,2.0628e-06,2.4355e-06,1.90433e-06,50,100,100,410592,6 5 4 10 9 8 0 13 1 7 11 14 2 12 3 
932,2.06423e-06,2.4355e-06,1.89615e-06,50,100,100,410592,6 5 4 10 9 8 0 13 1 7 11 14 2 12 3 
933,2.05249e-06,2.4355e-06,1.88243e-06,50,100,100,410592,6 5 4 10 9 8 0 13 1 7 11 14 2 12 3 
934,2.05247e-06,2.4355e-06,1.91862e-06,50,100,100,410592,6 5 4 10 9 8 0 13 1 7 11 14 2 12 3 
935,2.05513e-06,2.4355e-06,1.91633e-06,50,100,100,410592,6 5 4 10 9 8 0 13 1 7 11 14 2 12 3 
936,2.06139e-06,2.4355e-06,1.94321e-06,50,100,100,410592,6 5 4 10 9 8 0 13 1 7 11 14 2 12 3 
937,2.05471e-06,2.4355e-06,1.92834e-06,50,100,100,410592,6 5 4 10 9 8 0 13 1 7 11 14 2 12 3 
938,2.0657e-06,2.4355e-06,1.9401e-06,50,100,100,410592,6 5 4 10 9 8 0 13 1 7 11 14 2 12 3 
939,2.05561e-06,2.4355e-06,1.91408e-06,50,100,100,410592,6 5 4 10 9 8 0 13 1 7 11 14 2 12 3 
940,2.05621e-06,2.4355e-06,1.87284e-06,50,100,100,410592,6 5 4 10 9 8 0 13 1 7 11 14 2 12 3 
941,2.06063e-06,2.4355e-06,1.90251e-06,50,100,100,410592,6 5 4 10 9 8 0 13 1 7 11 14 2 12 3 
942,2.06582e-06,2.4355e-06,1.92048e-06,50,100,100,410592,6 5 4 10 9 8 0 13 1 7 11 14 2 12 3 
943,2.06116e-06,2.4355e-06,1.92308e-06,50,100,100,410592,6 5 4 10 9 8 0 13 1 7 11 14 2 12 3 
944,2.05292e-06,2.4355e-06,1.88331e-06,50,100,100,410592,6 5 4 10 9 8 0 13 1 7 11 14 2 12 3 
945,2.05402e-06,2.4355e-06,1.90151e-06,50,100,100,410592,6 5 4 10 9 8 0 13 1 7 11 14 2 12 3 
946,2.06159e-06,2.4355e-06,1.93888e-06,50,100,100,410592,6 5 4 10 9 8 0 13 1 7 11 14 2 12 3 
947,2.06054e-06,2.4355e-06,1.89685e-06,50,100,100,410592,6 5 4 10 9 8 0 13 1 7 11 14 2 12 3 
948,2.05192e-06,2.4355e-06,1.90055e-06,50,100,100,410592,6 5 4 10 9 8 0 13 1 7 11 14 2 12 3 
949,2.05962e-06,2.4355e-06,1.91132e-06,50,100,100,410592,6 5 4 10 9 8 0 13 1 7 11 14 2 12 3 
950,2.07371e-06,2.4355e-06,1.91877e-06,50,100,100,410592,6 5 4 10 9 8 0 13 1 7 11 14 2 12 3 
951,2.05306e-06,2.4355e-06,1.89452e-06,50,100,100,410592,6 5 4 10 9 8 0 13 1 7 11 14 2 12 3 
952,2.05846e-06,2.4355e-06,1.90358e-06,50,100,100,410592,6 5 4 10 9 8 0 13 1 7 11 14 2 12 3 
953,2.05782e-06,2.4355e-06,1.88262e-06,50,100,100,410592,6 5 4 10 9 8 0 13 1 7 11 14 2 12 3 
954,2.05401e-06,2.4355e-06,1.94086e-06,50,100,100,410592,6 5 4 10 9 8 0 13 1 7 11 14 2 12 3 
955,2.06941e-06,2.4355e-06,1.9138e-06,50,100,100,410592,6 5 4 10 9 8 0 13 1 7 11 14 2 12 3 
956,2.05789e-06,2.4355e-06,1.88786e-06,50,100,100,410592,6 5 4 10 9 8 0 13 1 7 11 14 2 12 3 
957,2.06315e-06,2.4355e-06,1.90456e-06,50,100,100,410592,6 5 4 10 9 8 0 13 1 7 11 14 2 12 3 
958,2.05512e-06,2.4355e-06,1.87814e-06,50,100,100,410592,6 5 4 10 9 8 0 13 1 7 11 14 2 12 3 
959,2.06818e-06,2.4355e-06,1.91425e-06,50,100,100,410592,6 5 4 10 9 8 0 13 1 7 11 14 2 12 3 
960,2.05566e-06,2.4355e-06,1.89299e-06,50,100,100,410592,6 5 4 10 9 8 0 13 1 7 11 14 2 12 3 
961,2.05809e-06,2.4355e-06,1.90726e-06,50,100,100,410592,6 5 4 10 9 8 0 13 1 7 11 14 2 12 3 
962,2.05192e-06,2.4355e-06,1.91008e-06,50,100,100,410592,6 5 4 10 9 8 0 13 1 7 11 14 2 12 3 
963,2.05993e-06,2.4355e-06,1.90101e-06,50,100,100,410592,6 5 4 10 9 8 0 13 1 7 11 14 2 12 3 
964,2.05999e-06,2.4355e-06,1.83746e-06,50,100,100,410592,6 5 4 10 9 8 0 13 1 7 11 14 2 12 3 
965,2.04591e-06,2.4355e-06,1.91011e-06,50,100,100,410592,6 5 4 10 9 8 0 13 1 7 11 14 2 12 3 
966,2.05143e-06,2.4355e-06,1.89474e-06,50,100,100,410592,6 5 4 10 9 8 0 13 1 7 11 14 2 12 3 
967,2.06562e-06,2.4355e-06,1.89997e-06,50,100,100,410592,6 5 4 10 9 8 0 13 1 7 11 14 2 12 3 
968,2.06736e-06,2.4355e-06,1.91348e-06,50,100,100,410592,6 5 4 10 9 8 0 13 1 7 11 14 2 12 3 
969,2.06114e-06,2.4355e-06,1.91315e-06,50,100,100,410592,6 5 4 10 9 8 0 13 1 7 11 14 2 12 3 
970,2.07286e-06,2.4355e-06,1.94467e-06,50,100,100,410592,6 5 4 10 9 8 0 13 1 7 11 14 2 12 3 
971,2.06285e-06,2.4355e-06,1.90156e-06,50,100,100,410592,6 5 4 10 9 8 0 13 1 7 11 14 2 12 3 
972,2.05787e-06,2.4355e-06,1.89592e-06,50,100,100,410592,6 5 4 10 9 8 0 13 1 7 11 14 2 12 3 
973,2.06143e-06,2.4355e-06,1.92896e-06,50,100,100,410592,6 5 4 10 9 8 0 13 1 7 11 14 2 12 3 
974,2.05501e-06,2.4355e-06,1.93107e-06,50,100,100,410592,6 5 4 10 9 8 0 13 1 7 11 14 2 12 3 
975,2.05576e-06,2.4355e-06,1.92158e-06,50,100,100,410592,6 5 4 10 9 8 0 13 1 7 11 14 2 12 3 
976,2.06372e-06,2.4355e-06,1.92239e-06,50,100,100,410592,6 5 4 10 9 8 0 13 1 7 11 14 2 12 3 
977,2.06017e-06,2.4355e-06,1.91014e-06,50,100,100,410592,6 5 4 10 9 8 0 13 1 7 11 14 2 12 3 
978,2.05438e-06,2.4355e-06,1.91135e-06,50,100,100,410592,6 5 4 10 9 8 0 13 1 7 11 14 2 12 3 
979,2.05108e-06,2.4355e-06,1.89757e-06,50,100,100,410592,6 5 4 10 9 8 0 13 1 7 11 14 2 12 3 
980,2.05707e-06,2.4355e-06,1.90303e-06,50,100,100,410592,6 5 4 10 9 8 0 13 1 7 11 14 2 12 3 
981,2.06261e-06,2.4355e-06,1.92476e-06,50,100,100,410592,6 5 4 10 9 8 0 13 1 7 11 14 2 12 3 
982,2.05739e-06,2.4355e-06,1.92939e-06,50,100,100,410592,6 5 4 10 9 8 0 13 1 7 11 14 2 12 3 
983,2.06059e-06,2.4355e-06,1.93437e-06,50,100,100,410592,6 5 4 10 9 8 0 13 1 7 11 14 2 12 3 
984,2.05671e-06,2.4355e-06,1.90604e-06,50,100,100,410592,6 5 4 10 9 8 0 13 1 7 11 14 2 12 3 
985,2.0609e-06,2.4355e-06,1.9201e-06,50,100,100,410592,6 5 4 10 9 8 0 13 1 7 11 14 2 12 3 
986,2.05795e-06,2.4355e-06,1.91177e-06,50,100,100,410592,6 5 4 10 9 8 0 13 1 7 11 14 2 12 3 
987,2.05026e-06,2.4355e-06,1.92e-06,50,100,100,410592,6 5 4 10 9 8 0 13 1 7 11 14 2 12 3 
988,2.05827e-06,2.4355e-06,1.91207e-06,50,100,100,410592,6 5 4 10 9 8 0 13 1 7 11 14 2 12 3 
989,2.05331e-06,2.4355e-06,1.93216e-06,50,100,100,410592,6 5 4 10 9 8 0 13 1 7 11 14 2 12 3 
990,2.05762e-06,2.4355e-06,1.9147e-06,50,100,100,410592,6 5 4 10 9 8 0 13 1 7 11 14 2 12 3 
991,2.07372e-06,2.4355e-06,1.93137e-06,50,100,100,410592,6 5 4 10 9 8 0 13 1 7 11 14 2 12 3 
992,2.06594e-06,2.4355e-06,1.92564e-06,50,100,100,410592,6 5 4 10 9 8 0 13 1 7 11 14 2 12 3 
993,2.05911e-06,2.4355e-06,1.88672e-06,50,100,100,410592,6 5 4 10 9 8 0 13 1 7 11 14 2 12 3 
994,2.05664e-06,2.4355e-06,1.89806e-06,50,100,100,410592,6 5 4 10 9 8 0 13 1 7 11 14 2 12 3 
995,2.06315e-06,2.4355e-06,1.89883e-06,50,100,100,410592,6 5 4 10 9 8 0 13 1 7 11 14 2 12 3 
996,2.06109e-06,2.4355e-06,1.91722e-06,50,100,100,410592,6 5 4 10 9 8 0 13 1 7 11 14 2 12 3 
997,2.04639e-06,2.4355e-06,1.84666e-06,50,100,100,410592,6 5 4 10 9 8 0 13 1 7 11 14 2 12 3 
998,2.0462e-06,2.4355e-06,1.89788e-06,50,100,100,410592,6 5 4 10 9 8 0 13 1 7 11 14 2 12 3 
999,2.05648e-06,2.4355e-06,1.90227e-06,50,100,100,410592,6 5 4 10 9 8 0 13 1 7 11 14 2 12 3 
