Generación,Media,Mejor,Peor,Cruzas,Mutaciones,Inversiones,Costo,Permutación
1,2.06884e-06,2.26977e-06,1.93884e-06,50,100,100,440572,1 3 10 4 11 5 6 14 2 8 0 9 13 7 12 
2,2.05685e-06,2.26977e-06,1.88682e-06,50,100,100,440572,1 3 10 4 11 5 6 14 2 8 0 9 13 7 12 
3,2.06108e-06,2.26977e-06,1.93497e-06,50,100,100,440572,1 3 10 4 11 5 6 14 2 8 0 9 13 7 12 
4,2.06552e-06,2.26977e-06,1.90098e-06,50,100,100,440572,1 3 10 4 11 5 6 14 2 8 0 9 13 7 12 
5,2.05381e-06,2.26977e-06,1.91129e-06,50,100,100,440572,1 3 10 4 11 5 6 14 2 8 0 9 13 7 12 
6,2.06086e-06,2.30306e-06,1.90603e-06,50,100,100,434204,6 10 14 7 13 4 1 5 2 0 9 8 12 11 3 
7,2.04964e-06,2.30306e-06,1.89663e-06,50,100,100,434204,6 10 14 7 13 4 1 5 2 0 9 8 12 11 3 
8,2.06697e-06,2.33266e-06,1.91184e-06,50,100,100,428694,5 4 1 14 0 7 8 11 6 2 13 10 3 12 9 
9,2.06358e-06,2.33266e-06,1.90561e-06,50,100,100,428694,5 4 1 14 0 7 8 11 6 2 13 10 3 12 9 
10,2.06289e-06,2.33266e-06,1.92378e-06,50,100,100,428694,5 4 1 14 0 7 8 11 6 2 13 10 3 12 9 
11,2.06039e-06,2.33266e-06,1.90678e-06,50,100,100,428694,5 4 1 14 0 7 8 11 6 2 13 10 3 12 9 
12,2.04537e-06,2.33266e-06,1.89713e-06,50,100,100,428694,5 4 1 14 0 7 8 11 6 2 13 10 3 12 9 
13,2.05607e-06,2.33266e-06,1.91034e-06,50,100,100,428694,5 4 1 14 0 7 8 11 6 2 13 10 3 12 9 
14,2.06991e-06,2.33266e-06,1.90311e-06,50,100,100,428694,5 4 1 14 0 7 8 11 6 2 13 10 3 12 9 
15,2.05764e-06,2.33266e-06,1.92504e-06,50,100,100,428694,5 4 1 14 0 7 8 11 6 2 13 10 3 12 9 
16,2.0579e-06,2.33266e-06,1.91141e-06,50,100,100,428694,5 4 1 14 0 7 8 11 6 2 13 10 3 12 9 
17,2.0648e-06,2.33266e-06,1.91861e-06,50,100,100,428694,5 4 1 14 0 7 8 11 6 2 13 10 3 12 9 
18,2.07202e-06,2.33266e-06,1.89622e-06,50,100,100,428694,5 4 1 14 0 7 8 11 6 2 13 10 3 12 9 
19,2.06259e-06,2.33266e-06,1.91131e-06,50,100,100,428694,5 4 1 14 0 7 8 11 6 2 13 10 3 12 9 
20,2.06502e-06,2.33266e-06,1.89984e-06,50,100,100,428694,5 4 1 14 0 7 8 11 6 2 13 10 3 12 9 
21,2.06241e-06,2.33266e-06,1.94251e-06,50,100,100,428694,5 4 1 14 0 7 8 11 6 2 13 10 3 12 9 
22,2.07204e-06,2.33266e-06,1.91834e-06,50,100,100,428694,5 4 1 14 0 7 8 11 6 2 13 10 3 12 9 
23,2.07136e-06,2.33266e-06,1.91535e-06,50,100,100,428694,5 4 1 14 0 7 8 11 6 2 13 10 3 12 9 
24,2.07261e-06,2.33266e-06,1.92409e-06,50,100,100,428694,5 4 1 14 0 7 8 11 6 2 13 10 3 12 9 
25,2.06543e-06,2.33266e-06,1.93533e-06,50,100,100,428694,5 4 1 14 0 7 8 11 6 2 13 10 3 12 9 
26,2.07712e-06,2.33266e-06,1.93542e-06,50,100,100,428694,5 4 1 14 0 7 8 11 6 2 13 10 3 12 9 
27,2.07482e-06,2.33266e-06,1.92916e-06,50,100,100,428694,5 4 1 14 0 7 8 11 6 2 13 10 3 12 9 
28,2.07025e-06,2.33266e-06,1.94698e-06,50,100,100,428694,5 4 1 14 0 7 8 11 6 2 13 10 3 12 9 
29,2.05312e-06,2.33266e-06,1.89576e-06,50,100,100,428694,5 4 1 14 0 7 8 11 6 2 13 10 3 12 9 
30,2.05941e-06,2.33266e-06,1.89737e-06,50,100,100,428694,5 4 1 14 0 7 8 11 6 2 13 10 3 12 9 
31,2.05626e-06,2.33266e-06,1.88361e-06,50,100,100,428694,5 4 1 14 0 7 8 11 6 2 13 10 3 12 9 
32,2.05621e-06,2.33266e-06,1.92649e-06,50,100,100,428694,5 4 1 14 0 7 8 11 6 2 13 10 3 12 9 
33,2.04993e-06,2.33266e-06,1.9363e-06,50,100,100,428694,5 4 1 14 0 7 8 11 6 2 13 10 3 12 9 
34,2.05705e-06,2.33266e-06,1.93806e-06,50,100,100,428694,5 4 1 14 0 7 8 11 6 2 13 10 3 12 9 
35,2.07336e-06,2.33266e-06,1.89842e-06,50,100,100,428694,5 4 1 14 0 7 8 11 6 2 13 10 3 12 9 
36,2.05623e-06,2.33266e-06,1.88986e-06,50,100,100,428694,5 4 1 14 0 7 8 11 6 2 13 10 3 12 9 
37,2.07702e-06,2.33266e-06,1.95475e-06,50,100,100,428694,5 4 1 14 0 7 8 11 6 2 13 10 3 12 9 
38,2.06574e-06,2.33266e-06,1.91263e-06,50,100,100,428694,5 4 1 14 0 7 8 11 6 2 13 10 3 12 9 
39,2.06335e-06,2.33266e-06,1.90558e-06,50,100,100,428694,5 4 1 14 0 7 8 11 6 2 13 10 3 12 9 
40,2.06224e-06,2.33266e-06,1.90921e-06,50,100,100,428694,5 4 1 14 0 7 8 11 6 2 13 10 3 12 9 
41,2.07236e-06,2.33266e-06,1.90692e-06,50,100,100,428694,5 4 1 14 0 7 8 11 6 2 13 10 3 12 9 
42,2.06272e-06,2.33266e-06,1.9274e-06,50,100,100,428694,5 4 1 14 0 7 8 11 6 2 13 10 3 12 9 
43,2.06038e-06,2.33266e-06,1.87089e-06,50,100,100,428694,5 4 1 14 0 7 8 11 6 2 13 10 3 12 9 
44,2.07381e-06,2.33266e-06,1.90906e-06,50,100,100,428694,5 4 1 14 0 7 8 11 6 2 13 10 3 12 9 
45,2.0772e-06,2.33266e-06,1.92596e-06,50,100,100,428694,5 4 1 14 0 7 8 11 6 2 13 10 3 12 9 
46,2.0788e-06,2.33266e-06,1.91676e-06,50,100,100,428694,5 4 1 14 0 7 8 11 6 2 13 10 3 12 9 
47,2.07018e-06,2.33266e-06,1.89478e-06,50,100,100,428694,5 4 1 14 0 7 8 11 6 2 13 10 3 12 9 
48,2.05854e-06,2.33266e-06,1.91112e-06,50,100,100,428694,5 4 1 14 0 7 8 11 6 2 13 10 3 12 9 
49,2.06773e-06,2.33266e-06,1.9349e-06,50,100,100,428694,5 4 1 14 0 7 8 11 6 2 13 10 3 12 9 
50,2.06074e-06,2.33266e-06,1.90881e-06,50,100,100,428694,5 4 1 14 0 7 8 11 6 2 13 10 3 12 9 
51,2.06436e-06,2.33266e-06,1.90169e-06,50,100,100,428694,5 4 1 14 0 7 8 11 6 2 13 10 3 12 9 
52,2.06906e-06,2.33266e-06,1.88936e-06,50,100,100,428694,5 4 1 14 0 7 8 11 6 2 13 10 3 12 9 
53,2.06993e-06,2.33266e-06,1.93208e-06,50,100,100,428694,5 4 1 14 0 7 8 11 6 2 13 10 3 12 9 
54,2.05781e-06,2.33266e-06,1.90158e-06,50,100,100,428694,5 4 1 14 0 7 8 11 6 2 13 10 3 12 9 
55,2.05755e-06,2.33266e-06,1.91535e-06,50,100,100,428694,5 4 1 14 0 7 8 11 6 2 13 10 3 12 9 
56,2.0575e-06,2.33266e-06,1.9094e-06,50,100,100,428694,5 4 1 14 0 7 8 11 6 2 13 10 3 12 9 
57,2.04854e-06,2.33266e-06,1.89369e-06,50,100,100,428694,5 4 1 14 0 7 8 11 6 2 13 10 3 12 9 
58,2.05533e-06,2.33266e-06,1.90584e-06,50,100,100,428694,5 4 1 14 0 7 8 11 6 2 13 10 3 12 9 
59,2.04524e-06,2.33266e-06,1.92036e-06,50,100,100,428694,5 4 1 14 0 7 8 11 6 2 13 10 3 12 9 
60,2.06454e-06,2.33266e-06,1.93411e-06,50,100,100,428694,5 4 1 14 0 7 8 11 6 2 13 10 3 12 9 
61,2.05466e-06,2.33266e-06,1.85294e-06,50,100,100,428694,5 4 1 14 0 7 8 11 6 2 13 10 3 12 9 
62,2.06423e-06,2.33266e-06,1.90367e-06,50,100,100,428694,5 4 1 14 0 7 8 11 6 2 13 10 3 12 9 
63,2.06985e-06,2.33266e-06,1.93845e-06,50,100,100,428694,5 4 1 14 0 7 8 11 6 2 13 10 3 12 9 
64,2.06267e-06,2.33266e-06,1.90905e-06,50,100,100,428694,5 4 1 14 0 7 8 11 6 2 13 10 3 12 9 
65,2.04385e-06,2.33266e-06,1.85526e-06,50,100,100,428694,5 4 1 14 0 7 8 11 6 2 13 10 3 12 9 
66,2.05306e-06,2.33266e-06,1.90385e-06,50,100,100,428694,5 4 1 14 0 7 8 11 6 2 13 10 3 12 9 
67,2.05581e-06,2.33266e-06,1.90103e-06,50,100,100,428694,5 4 1 14 0 7 8 11 6 2 13 10 3 12 9 
68,2.05999e-06,2.33266e-06,1.87126e-06,50,100,100,428694,5 4 1 14 0 7 8 11 6 2 13 10 3 12 9 
69,2.05096e-06,2.33266e-06,1.91106e-06,50,100,100,428694,5 4 1 14 0 7 8 11 6 2 13 10 3 12 9 
70,2.05156e-06,2.33266e-06,1.93295e-06,50,100,100,428694,5 4 1 14 0 7 8 11 6 2 13 10 3 12 9 
71,2.06219e-06,2.35055e-06,1.93636e-06,50,100,100,425432,5 1 12 11 4 14 6 3 10 0 8 7 9 13 2 
72,2.06291e-06,2.35055e-06,1.90938e-06,50,100,100,425432,5 1 12 11 4 14 6 3 10 0 8 7 9 13 2 
73,2.05471e-06,2.35055e-06,1.89091e-06,50,100,100,425432,5 1 12 11 4 14 6 3 10 0 8 7 9 13 2 
74,2.04784e-06,2.35055e-06,1.92049e-06,50,100,100,425432,5 1 12 11 4 14 6 3 10 0 8 7 9 13 2 
75,2.05038e-06,2.35055e-06,1.90114e-06,50,100,100,425432,5 1 12 11 4 14 6 3 10 0 8 7 9 13 2 
76,2.06203e-06,2.35055e-06,1.9557e-06,50,100,100,425432,5 1 12 11 4 14 6 3 10 0 8 7 9 13 2 
77,2.05967e-06,2.35055e-06,1.91893e-06,50,100,100,425432,5 1 12 11 4 14 6 3 10 0 8 7 9 13 2 
78,2.06455e-06,2.35055e-06,1.92536e-06,50,100,100,425432,5 1 12 11 4 14 6 3 10 0 8 7 9 13 2 
79,2.06478e-06,2.35055e-06,1.91456e-06,50,100,100,425432,5 1 12 11 4 14 6 3 10 0 8 7 9 13 2 
80,2.0825e-06,2.35055e-06,1.94616e-06,50,100,100,425432,5 1 12 11 4 14 6 3 10 0 8 7 9 13 2 
81,2.06451e-06,2.35055e-06,1.91835e-06,50,100,100,425432,5 1 12 11 4 14 6 3 10 0 8 7 9 13 2 
82,2.06651e-06,2.39711e-06,1.93141e-06,50,100,100,417168,5 1 12 11 4 14 6 3 10 0 8 9 7 13 2 
83,2.06729e-06,2.39711e-06,1.89207e-06,50,100,100,417168,5 1 12 11 4 14 6 3 10 0 8 9 7 13 2 
84,2.06359e-06,2.39711e-06,1.93171e-06,50,100,100,417168,5 1 12 11 4 14 6 3 10 0 8 9 7 13 2 
85,2.06623e-06,2.39711e-06,1.90519e-06,50,100,100,417168,5 1 12 11 4 14 6 3 10 0 8 9 7 13 2 
86,2.067e-06,2.39711e-06,1.92958e-06,50,100,100,417168,5 1 12 11 4 14 6 3 10 0 8 9 7 13 2 
87,2.03956e-06,2.39711e-06,1.91338e-06,50,100,100,417168,5 1 12 11 4 14 6 3 10 0 8 9 7 13 2 
88,2.05634e-06,2.39711e-06,1.93437e-06,50,100,100,417168,5 1 12 11 4 14 6 3 10 0 8 9 7 13 2 
89,2.06833e-06,2.39711e-06,1.90649e-06,50,100,100,417168,5 1 12 11 4 14 6 3 10 0 8 9 7 13 2 
90,2.06432e-06,2.39711e-06,1.90884e-06,50,100,100,417168,5 1 12 11 4 14 6 3 10 0 8 9 7 13 2 
91,2.05653e-06,2.39711e-06,1.91049e-06,50,100,100,417168,5 1 12 11 4 14 6 3 10 0 8 9 7 13 2 
92,2.07522e-06,2.39711e-06,1.93155e-06,50,100,100,417168,5 1 12 11 4 14 6 3 10 0 8 9 7 13 2 
93,2.06499e-06,2.39711e-06,1.90177e-06,50,100,100,417168,5 1 12 11 4 14 6 3 10 0 8 9 7 13 2 
94,2.06444e-06,2.39711e-06,1.90023e-06,50,100,100,417168,5 1 12 11 4 14 6 3 10 0 8 9 7 13 2 
95,2.06158e-06,2.39711e-06,1.93357e-06,50,100,100,417168,5 1 12 11 4 14 6 3 10 0 8 9 7 13 2 
96,2.06387e-06,2.39711e-06,1.91307e-06,50,100,100,417168,5 1 12 11 4 14 6 3 10 0 8 9 7 13 2 
97,2.06329e-06,2.39711e-06,1.89912e-06,50,100,100,417168,5 1 12 11 4 14 6 3 10 0 8 9 7 13 2 
98,2.05905e-06,2.39711e-06,1.91044e-06,50,100,100,417168,5 1 12 11 4 14 6 3 10 0 8 9 7 13 2 
99,2.04724e-06,2.39711e-06,1.87117e-06,50,100,100,417168,5 1 12 11 4 14 6 3 10 0 8 9 7 13 2 
100,2.05309e-06,2.39711e-06,1.89996e-06,50,100,100,417168,5 1 12 11 4 14 6 3 10 0 8 9 7 13 2 
101,2.0531e-06,2.39711e-06,1.88297e-06,50,100,100,417168,5 1 12 11 4 14 6 3 10 0 8 9 7 13 2 
102,2.06009e-06,2.39711e-06,1.8999e-06,50,100,100,417168,5 1 12 11 4 14 6 3 10 0 8 9 7 13 2 
103,2.06258e-06,2.39711e-06,1.90897e-06,50,100,100,417168,5 1 12 11 4 14 6 3 10 0 8 9 7 13 2 
104,2.04998e-06,2.39711e-06,1.92375e-06,50,100,100,417168,5 1 12 11 4 14 6 3 10 0 8 9 7 13 2 
105,2.06604e-06,2.39711e-06,1.92595e-06,50,100,100,417168,5 1 12 11 4 14 6 3 10 0 8 9 7 13 2 
106,2.05199e-06,2.39711e-06,1.90409e-06,50,100,100,417168,5 1 12 11 4 14 6 3 10 0 8 9 7 13 2 
107,2.06444e-06,2.39711e-06,1.91908e-06,50,100,100,417168,5 1 12 11 4 14 6 3 10 0 8 9 7 13 2 
108,2.05623e-06,2.39711e-06,1.91339e-06,50,100,100,417168,5 1 12 11 4 14 6 3 10 0 8 9 7 13 2 
109,2.0624e-06,2.39711e-06,1.89224e-06,50,100,100,417168,5 1 12 11 4 14 6 3 10 0 8 9 7 13 2 
110,2.05485e-06,2.39711e-06,1.92696e-06,50,100,100,417168,5 1 12 11 4 14 6 3 10 0 8 9 7 13 2 
111,2.05017e-06,2.39711e-06,1.90285e-06,50,100,100,417168,5 1 12 11 4 14 6 3 10 0 8 9 7 13 2 
112,2.04957e-06,2.39711e-06,1.83954e-06,50,100,100,417168,5 1 12 11 4 14 6 3 10 0 8 9 7 13 2 
113,2.05779e-06,2.39711e-06,1.90536e-06,50,100,100,417168,5 1 12 11 4 14 6 3 10 0 8 9 7 13 2 
114,2.06262e-06,2.39711e-06,1.89368e-06,50,100,100,417168,5 1 12 11 4 14 6 3 10 0 8 9 7 13 2 
115,2.07284e-06,2.39711e-06,1.93548e-06,50,100,100,417168,5 1 12 11 4 14 6 3 10 0 8 9 7 13 2 
116,2.06432e-06,2.39711e-06,1.90448e-06,50,100,100,417168,5 1 12 11 4 14 6 3 10 0 8 9 7 13 2 
117,2.06086e-06,2.39711e-06,1.91458e-06,50,100,100,417168,5 1 12 11 4 14 6 3 10 0 8 9 7 13 2 
118,2.06246e-06,2.39711e-06,1.89497e-06,50,100,100,417168,5 1 12 11 4 14 6 3 10 0 8 9 7 13 2 
119,2.06745e-06,2.39711e-06,1.90667e-06,50,100,100,417168,5 1 12 11 4 14 6 3 10 0 8 9 7 13 2 
120,2.06626e-06,2.39711e-06,1.90466e-06,50,100,100,417168,5 1 12 11 4 14 6 3 10 0 8 9 7 13 2 
121,2.05682e-06,2.39711e-06,1.92106e-06,50,100,100,417168,5 1 12 11 4 14 6 3 10 0 8 9 7 13 2 
122,2.05512e-06,2.39711e-06,1.91842e-06,50,100,100,417168,5 1 12 11 4 14 6 3 10 0 8 9 7 13 2 
123,2.04854e-06,2.39711e-06,1.88126e-06,50,100,100,417168,5 1 12 11 4 14 6 3 10 0 8 9 7 13 2 
124,2.05586e-06,2.39711e-06,1.8837e-06,50,100,100,417168,5 1 12 11 4 14 6 3 10 0 8 9 7 13 2 
125,2.04612e-06,2.39711e-06,1.90266e-06,50,100,100,417168,5 1 12 11 4 14 6 3 10 0 8 9 7 13 2 
126,2.05499e-06,2.39711e-06,1.91072e-06,50,100,100,417168,5 1 12 11 4 14 6 3 10 0 8 9 7 13 2 
127,2.05804e-06,2.39711e-06,1.91471e-06,50,100,100,417168,5 1 12 11 4 14 6 3 10 0 8 9 7 13 2 
128,2.05214e-06,2.39711e-06,1.93174e-06,50,100,100,417168,5 1 12 11 4 14 6 3 10 0 8 9 7 13 2 
129,2.05857e-06,2.39711e-06,1.90485e-06,50,100,100,417168,5 1 12 11 4 14 6 3 10 0 8 9 7 13 2 
130,2.07062e-06,2.39711e-06,1.88844e-06,50,100,100,417168,5 1 12 11 4 14 6 3 10 0 8 9 7 13 2 
131,2.06338e-06,2.39711e-06,1.91147e-06,50,100,100,417168,5 1 12 11 4 14 6 3 10 0 8 9 7 13 2 
132,2.05573e-06,2.39711e-06,1.91478e-06,50,100,100,417168,5 1 12 11 4 14 6 3 10 0 8 9 7 13 2 
133,2.06945e-06,2.39711e-06,1.91274e-06,50,100,100,417168,5 1 12 11 4 14 6 3 10 0 8 9 7 13 2 
134,2.06759e-06,2.39711e-06,1.93601e-06,50,100,100,417168,5 1 12 11 4 14 6 3 10 0 8 9 7 13 2 
135,2.06119e-06,2.39711e-06,1.9224e-06,50,100,100,417168,5 1 12 11 4 14 6 3 10 0 8 9 7 13 2 
136,2.06104e-06,2.39711e-06,1.9039e-06,50,100,100,417168,5 1 12 11 4 14 6 3 10 0 8 9 7 13 2 
137,2.05572e-06,2.39711e-06,1.87444e-06,50,100,100,417168,5 1 12 11 4 14 6 3 10 0 8 9 7 13 2 
138,2.06562e-06,2.39711e-06,1.9167e-06,50,100,100,417168,5 1 12 11 4 14 6 3 10 0 8 9 7 13 2 
139,2.0654e-06,2.39711e-06,1.91567e-06,50,100,100,417168,5 1 12 11 4 14 6 3 10 0 8 9 7 13 2 
140,2.05676e-06,2.39711e-06,1.90086e-06,50,100,100,417168,5 1 12 11 4 14 6 3 10 0 8 9 7 13 2 
141,2.05375e-06,2.39711e-06,1.91163e-06,50,100,100,417168,5 1 12 11 4 14 6 3 10 0 8 9 7 13 2 
142,2.05932e-06,2.39711e-06,1.92005e-06,50,100,100,417168,5 1 12 11 4 14 6 3 10 0 8 9 7 13 2 
143,2.05974e-06,2.39711e-06,1.91373e-06,50,100,100,417168,5 1 12 11 4 14 6 3 10 0 8 9 7 13 2 
144,2.0688e-06,2.39711e-06,1.90817e-06,50,100,100,417168,5 1 12 11 4 14 6 3 10 0 8 9 7 13 2 
145,2.06063e-06,2.39711e-06,1.91181e-06,50,100,100,417168,5 1 12 11 4 14 6 3 10 0 8 9 7 13 2 
146,2.07592e-06,2.40527e-06,1.87634e-06,50,100,100,415752,5 1 12 14 4 7 6 3 10 0 8 9 11 13 2 
147,2.07453e-06,2.40527e-06,1.89198e-06,50,100,100,415752,5 1 12 14 4 7 6 3 10 0 8 9 11 13 2 
148,2.07136e-06,2.40527e-06,1.95313e-06,50,100,100,415752,5 1 12 14 4 7 6 3 10 0 8 9 11 13 2 
149,2.06121e-06,2.40527e-06,1.91679e-06,50,100,100,415752,5 1 12 14 4 7 6 3 10 0 8 9 11 13 2 
150,2.06413e-06,2.40527e-06,1.86414e-06,50,100,100,415752,5 1 12 14 4 7 6 3 10 0 8 9 11 13 2 
151,2.06077e-06,2.40527e-06,1.90751e-06,50,100,100,415752,5 1 12 14 4 7 6 3 10 0 8 9 11 13 2 
152,2.05835e-06,2.40527e-06,1.93229e-06,50,100,100,415752,5 1 12 14 4 7 6 3 10 0 8 9 11 13 2 
153,2.05806e-06,2.40527e-06,1.91391e-06,50,100,100,415752,5 1 12 14 4 7 6 3 10 0 8 9 11 13 2 
154,2.06792e-06,2.40527e-06,1.90515e-06,50,100,100,415752,5 1 12 14 4 7 6 3 10 0 8 9 11 13 2 
155,2.08045e-06,2.40527e-06,1.90088e-06,50,100,100,415752,5 1 12 14 4 7 6 3 10 0 8 9 11 13 2 
156,2.06739e-06,2.40527e-06,1.93818e-06,50,100,100,415752,5 1 12 14 4 7 6 3 10 0 8 9 11 13 2 
157,2.06949e-06,2.40527e-06,1.89597e-06,50,100,100,415752,5 1 12 14 4 7 6 3 10 0 8 9 11 13 2 
158,2.05785e-06,2.40527e-06,1.91178e-06,50,100,100,415752,5 1 12 14 4 7 6 3 10 0 8 9 11 13 2 
159,2.05996e-06,2.40527e-06,1.89715e-06,50,100,100,415752,5 1 12 14 4 7 6 3 10 0 8 9 11 13 2 
160,2.06673e-06,2.40527e-06,1.89031e-06,50,100,100,415752,5 1 12 14 4 7 6 3 10 0 8 9 11 13 2 
161,2.0545e-06,2.40527e-06,1.92257e-06,50,100,100,415752,5 1 12 14 4 7 6 3 10 0 8 9 11 13 2 
162,2.05624e-06,2.40527e-06,1.90398e-06,50,100,100,415752,5 1 12 14 4 7 6 3 10 0 8 9 11 13 2 
163,2.06175e-06,2.40527e-06,1.89063e-06,50,100,100,415752,5 1 12 14 4 7 6 3 10 0 8 9 11 13 2 
164,2.04659e-06,2.40527e-06,1.92966e-06,50,100,100,415752,5 1 12 14 4 7 6 3 10 0 8 9 11 13 2 
165,2.04834e-06,2.40527e-06,1.89853e-06,50,100,100,415752,5 1 12 14 4 7 6 3 10 0 8 9 11 13 2 
166,2.05202e-06,2.40527e-06,1.9184e-06,50,100,100,415752,5 1 12 14 4 7 6 3 10 0 8 9 11 13 2 
167,2.05334e-06,2.40527e-06,1.91521e-06,50,100,100,415752,5 1 12 14 4 7 6 3 10 0 8 9 11 13 2 
168,2.04129e-06,2.40527e-06,1.8358e-06,50,100,100,415752,5 1 12 14 4 7 6 3 10 0 8 9 11 13 2 
169,2.06212e-06,2.40527e-06,1.90631e-06,50,100,100,415752,5 1 12 14 4 7 6 3 10 0 8 9 11 13 2 
170,2.06131e-06,2.40527e-06,1.92485e-06,50,100,100,415752,5 1 12 14 4 7 6 3 10 0 8 9 11 13 2 
171,2.06172e-06,2.40527e-06,1.93811e-06,50,100,100,415752,5 1 12 14 4 7 6 3 10 0 8 9 11 13 2 
172,2.0649e-06,2.40527e-06,1.90975e-06,50,100,100,415752,5 1 12 14 4 7 6 3 10 0 8 9 11 13 2 
173,2.05812e-06,2.40527e-06,1.91576e-06,50,100,100,415752,5 1 12 14 4 7 6 3 10 0 8 9 11 13 2 
174,2.06103e-06,2.40527e-06,1.91411e-06,50,100,100,415752,5 1 12 14 4 7 6 3 10 0 8 9 11 13 2 
175,2.05798e-06,2.40527e-06,1.89974e-06,50,100,100,415752,5 1 12 14 4 7 6 3 10 0 8 9 11 13 2 
176,2.07277e-06,2.40527e-06,1.93145e-06,50,100,100,415752,5 1 12 14 4 7 6 3 10 0 8 9 11 13 2 
177,2.06716e-06,2.40527e-06,1.87219e-06,50,100,100,415752,5 1 12 14 4 7 6 3 10 0 8 9 11 13 2 
178,2.067e-06,2.40527e-06,1.91745e-06,50,100,100,415752,5 1 12 14 4 7 6 3 10 0 8 9 11 13 2 
179,2.06655e-06,2.40527e-06,1.9131e-06,50,100,100,415752,5 1 12 14 4 7 6 3 10 0 8 9 11 13 2 
180,2.05047e-06,2.40527e-06,1.92537e-06,50,100,100,415752,5 1 12 14 4 7 6 3 10 0 8 9 11 13 2 
181,2.06467e-06,2.40527e-06,1.93812e-06,50,100,100,415752,5 1 12 14 4 7 6 3 10 0 8 9 11 13 2 
182,2.06181e-06,2.40527e-06,1.9399e-06,50,100,100,415752,5 1 12 14 4 7 6 3 10 0 8 9 11 13 2 
183,2.059e-06,2.40527e-06,1.89467e-06,50,100,100,415752,5 1 12 14 4 7 6 3 10 0 8 9 11 13 2 
184,2.061e-06,2.40527e-06,1.90426e-06,50,100,100,415752,5 1 12 14 4 7 6 3 10 0 8 9 11 13 2 
185,2.06702e-06,2.40527e-06,1.92654e-06,50,100,100,415752,5 1 12 14 4 7 6 3 10 0 8 9 11 13 2 
186,2.06251e-06,2.40527e-06,1.93197e-06,50,100,100,415752,5 1 12 14 4 7 6 3 10 0 8 9 11 13 2 
187,2.05949e-06,2.40527e-06,1.91204e-06,50,100,100,415752,5 1 12 14 4 7 6 3 10 0 8 9 11 13 2 
188,2.06992e-06,2.40527e-06,1.90739e-06,50,100,100,415752,5 1 12 14 4 7 6 3 10 0 8 9 11 13 2 
189,2.0545e-06,2.40527e-06,1.93333e-06,50,100,100,415752,5 1 12 14 4 7 6 3 10 0 8 9 11 13 2 
190,2.05429e-06,2.40527e-06,1.9133e-06,50,100,100,415752,5 1 12 14 4 7 6 3 10 0 8 9 11 13 2 
191,2.0575e-06,2.40527e-06,1.91601e-06,50,100,100,415752,5 1 12 14 4 7 6 3 10 0 8 9 11 13 2 
192,2.06862e-06,2.40527e-06,1.87485e-06,50,100,100,415752,5 1 12 14 4 7 6 3 10 0 8 9 11 13 2 
193,2.05569e-06,2.40527e-06,1.90028e-06,50,100,100,415752,5 1 12 14 4 7 6 3 10 0 8 9 11 13 2 
194,2.05676e-06,2.40527e-06,1.88819e-06,50,100,100,415752,5 1 12 14 4 7 6 3 10 0 8 9 11 13 2 
195,2.05265e-06,2.40527e-06,1.91223e-06,50,100,100,415752,5 1 12 14 4 7 6 3 10 0 8 9 11 13 2 
196,2.06951e-06,2.40527e-06,1.92598e-06,50,100,100,415752,5 1 12 14 4 7 6 3 10 0 8 9 11 13 2 
197,2.05923e-06,2.40527e-06,1.9146e-06,50,100,100,415752,5 1 12 14 4 7 6 3 10 0 8 9 11 13 2 
198,2.05962e-06,2.40527e-06,1.88789e-06,50,100,100,415752,5 1 12 14 4 7 6 3 10 0 8 9 11 13 2 
199,2.05306e-06,2.40527e-06,1.92241e-06,50,100,100,415752,5 1 12 14 4 7 6 3 10 0 8 9 11 13 2 
200,2.05821e-06,2.40527e-06,1.88976e-06,50,100,100,415752,5 1 12 14 4 7 6 3 10 0 8 9 11 13 2 
201,2.05958e-06,2.40527e-06,1.94399e-06,50,100,100,415752,5 1 12 14 4 7 6 3 10 0 8 9 11 13 2 
202,2.06583e-06,2.40527e-06,1.92038e-06,50,100,100,415752,5 1 12 14 4 7 6 3 10 0 8 9 11 13 2 
203,2.0638e-06,2.40527e-06,1.93265e-06,50,100,100,415752,5 1 12 14 4 7 6 3 10 0 8 9 11 13 2 
204,2.06359e-06,2.40527e-06,1.92662e-06,50,100,100,415752,5 1 12 14 4 7 6 3 10 0 8 9 11 13 2 
205,2.0686e-06,2.40527e-06,1.91211e-06,50,100,100,415752,5 1 12 14 4 7 6 3 10 0 8 9 11 13 2 
206,2.05992e-06,2.40527e-06,1.90681e-06,50,100,100,415752,5 1 12 14 4 7 6 3 10 0 8 9 11 13 2 
207,2.05885e-06,2.40527e-06,1.88462e-06,50,100,100,415752,5 1 12 14 4 7 6 3 10 0 8 9 11 13 2 
208,2.05407e-06,2.40527e-06,1.91733e-06,50,100,100,415752,5 1 12 14 4 7 6 3 10 0 8 9 11 13 2 
209,2.06065e-06,2.40527e-06,1.9187e-06,50,100,100,415752,5 1 12 14 4 7 6 3 10 0 8 9 11 13 2 
210,2.06868e-06,2.40527e-06,1.91605e-06,50,100,100,415752,5 1 12 14 4 7 6 3 10 0 8 9 11 13 2 
211,2.05954e-06,2.40527e-06,1.91416e-06,50,100,100,415752,5 1 12 14 4 7 6 3 10 0 8 9 11 13 2 
212,2.0565e-06,2.40527e-06,1.90214e-06,50,100,100,415752,5 1 12 14 4 7 6 3 10 0 8 9 11 13 2 
213,2.06001e-06,2.40527e-06,1.88979e-06,50,100,100,415752,5 1 12 14 4 7 6 3 10 0 8 9 11 13 2 
214,2.06255e-06,2.40527e-06,1.89596e-06,50,100,100,415752,5 1 12 14 4 7 6 3 10 0 8 9 11 13 2 
215,2.05558e-06,2.40527e-06,1.88166e-06,50,100,100,415752,5 1 12 14 4 7 6 3 10 0 8 9 11 13 2 
216,2.07326e-06,2.40527e-06,1.93039e-06,50,100,100,415752,5 1 12 14 4 7 6 3 10 0 8 9 11 13 2 
217,2.05794e-06,2.40527e-06,1.88997e-06,50,100,100,415752,5 1 12 14 4 7 6 3 10 0 8 9 11 13 2 
218,2.05783e-06,2.40527e-06,1.89432e-06,50,100,100,415752,5 1 12 14 4 7 6 3 10 0 8 9 11 13 2 
219,2.06295e-06,2.40527e-06,1.92135e-06,50,100,100,415752,5 1 12 14 4 7 6 3 10 0 8 9 11 13 2 
220,2.05314e-06,2.40527e-06,1.91107e-06,50,100,100,415752,5 1 12 14 4 7 6 3 10 0 8 9 11 13 2 
221,2.05366e-06,2.40527e-06,1.88083e-06,50,100,100,415752,5 1 12 14 4 7 6 3 10 0 8 9 11 13 2 
222,2.05921e-06,2.40527e-06,1.92208e-06,50,100,100,415752,5 1 12 14 4 7 6 3 10 0 8 9 11 13 2 
223,2.05532e-06,2.40527e-06,1.89823e-06,50,100,100,415752,5 1 12 14 4 7 6 3 10 0 8 9 11 13 2 
224,2.06129e-06,2.40527e-06,1.88116e-06,50,100,100,415752,5 1 12 14 4 7 6 3 10 0 8 9 11 13 2 
225,2.05856e-06,2.40527e-06,1.87097e-06,50,100,100,415752,5 1 12 14 4 7 6 3 10 0 8 9 11 13 2 
226,2.05929e-06,2.40527e-06,1.93521e-06,50,100,100,415752,5 1 12 14 4 7 6 3 10 0 8 9 11 13 2 
227,2.05453e-06,2.40527e-06,1.93979e-06,50,100,100,415752,5 1 12 14 4 7 6 3 10 0 8 9 11 13 2 
228,2.05976e-06,2.40527e-06,1.90298e-06,50,100,100,415752,5 1 12 14 4 7 6 3 10 0 8 9 11 13 2 
229,2.05779e-06,2.40527e-06,1.87071e-06,50,100,100,415752,5 1 12 14 4 7 6 3 10 0 8 9 11 13 2 
230,2.05966e-06,2.40527e-06,1.87671e-06,50,100,100,415752,5 1 12 14 4 7 6 3 10 0 8 9 11 13 2 
231,2.05588e-06,2.40527e-06,1.90745e-06,50,100,100,415752,5 1 12 14 4 7 6 3 10 0 8 9 11 13 2 
232,2.06051e-06,2.40527e-06,1.93122e-06,50,100,100,415752,5 1 12 14 4 7 6 3 10 0 8 9 11 13 2 
233,2.05101e-06,2.40527e-06,1.90237e-06,50,100,100,415752,5 1 12 14 4 7 6 3 10 0 8 9 11 13 2 
234,2.06963e-06,2.40527e-06,1.93902e-06,50,100,100,415752,5 1 12 14 4 7 6 3 10 0 8 9 11 13 2 
235,2.06065e-06,2.40527e-06,1.92393e-06,50,100,100,415752,5 1 12 14 4 7 6 3 10 0 8 9 11 13 2 
236,2.07068e-06,2.40527e-06,1.86621e-06,50,100,100,415752,5 1 12 14 4 7 6 3 10 0 8 9 11 13 2 
237,2.07212e-06,2.40527e-06,1.90936e-06,50,100,100,415752,5 1 12 14 4 7 6 3 10 0 8 9 11 13 2 
238,2.06615e-06,2.40527e-06,1.92741e-06,50,100,100,415752,5 1 12 14 4 7 6 3 10 0 8 9 11 13 2 
239,2.05602e-06,2.40527e-06,1.94167e-06,50,100,100,415752,5 1 12 14 4 7 6 3 10 0 8 9 11 13 2 
240,2.05699e-06,2.40527e-06,1.91779e-06,50,100,100,415752,5 1 12 14 4 7 6 3 10 0 8 9 11 13 2 
241,2.0644e-06,2.40527e-06,1.92823e-06,50,100,100,415752,5 1 12 14 4 7 6 3 10 0 8 9 11 13 2 
242,2.05789e-06,2.40527e-06,1.88856e-06,50,100,100,415752,5 1 12 14 4 7 6 3 10 0 8 9 11 13 2 
243,2.05097e-06,2.40527e-06,1.89461e-06,50,100,100,415752,5 1 12 14 4 7 6 3 10 0 8 9 11 13 2 
244,2.05696e-06,2.40527e-06,1.9008e-06,50,100,100,415752,5 1 12 14 4 7 6 3 10 0 8 9 11 13 2 
245,2.07215e-06,2.40527e-06,1.9225e-06,50,100,100,415752,5 1 12 14 4 7 6 3 10 0 8 9 11 13 2 
246,2.05725e-06,2.40527e-06,1.92443e-06,50,100,100,415752,5 1 12 14 4 7 6 3 10 0 8 9 11 13 2 
247,2.04892e-06,2.40527e-06,1.92285e-06,50,100,100,415752,5 1 12 14 4 7 6 3 10 0 8 9 11 13 2 
248,2.05571e-06,2.40527e-06,1.92427e-06,50,100,100,415752,5 1 12 14 4 7 6 3 10 0 8 9 11 13 2 
249,2.07285e-06,2.40527e-06,1.91422e-06,50,100,100,415752,5 1 12 14 4 7 6 3 10 0 8 9 11 13 2 
250,2.07597e-06,2.40527e-06,1.93256e-06,50,100,100,415752,5 1 12 14 4 7 6 3 10 0 8 9 11 13 2 
251,2.08339e-06,2.40527e-06,1.92069e-06,50,100,100,415752,5 1 12 14 4 7 6 3 10 0 8 9 11 13 2 
252,2.08309e-06,2.40527e-06,1.90293e-06,50,100,100,415752,5 1 12 14 4 7 6 3 10 0 8 9 11 13 2 
253,2.07354e-06,2.40527e-06,1.92515e-06,50,100,100,415752,5 1 12 14 4 7 6 3 10 0 8 9 11 13 2 
254,2.07381e-06,2.40527e-06,1.89789e-06,50,100,100,415752,5 1 12 14 4 7 6 3 10 0 8 9 11 13 2 
255,2.06631e-06,2.40527e-06,1.91436e-06,50,100,100,415752,5 1 12 14 4 7 6 3 10 0 8 9 11 13 2 
256,2.06317e-06,2.40527e-06,1.93078e-06,50,100,100,415752,5 1 12 14 4 7 6 3 10 0 8 9 11 13 2 
257,2.04651e-06,2.40527e-06,1.90537e-06,50,100,100,415752,5 1 12 14 4 7 6 3 10 0 8 9 11 13 2 
258,2.05427e-06,2.40527e-06,1.9033e-06,50,100,100,415752,5 1 12 14 4 7 6 3 10 0 8 9 11 13 2 
259,2.05339e-06,2.40527e-06,1.91072e-06,50,100,100,415752,5 1 12 14 4 7 6 3 10 0 8 9 11 13 2 
260,2.05456e-06,2.40527e-06,1.89969e-06,50,100,100,415752,5 1 12 14 4 7 6 3 10 0 8 9 11 13 2 
261,2.05435e-06,2.40527e-06,1.89317e-06,50,100,100,415752,5 1 12 14 4 7 6 3 10 0 8 9 11 13 2 
262,2.05687e-06,2.40527e-06,1.88951e-06,50,100,100,415752,5 1 12 14 4 7 6 3 10 0 8 9 11 13 2 
263,2.06902e-06,2.40527e-06,1.92641e-06,50,100,100,415752,5 1 12 14 4 7 6 3 10 0 8 9 11 13 2 
264,2.06326e-06,2.40527e-06,1.9039e-06,50,100,100,415752,5 1 12 14 4 7 6 3 10 0 8 9 11 13 2 
265,2.05788e-06,2.40527e-06,1.92532e-06,50,100,100,415752,5 1 12 14 4 7 6 3 10 0 8 9 11 13 2 
266,2.05708e-06,2.40527e-06,1.89987e-06,50,100,100,415752,5 1 12 14 4 7 6 3 10 0 8 9 11 13 2 
267,2.06329e-06,2.40527e-06,1.92262e-06,50,100,100,415752,5 1 12 14 4 7 6 3 10 0 8 9 11 13 2 
268,2.05906e-06,2.40527e-06,1.89866e-06,50,100,100,415752,5 1 12 14 4 7 6 3 10 0 8 9 11 13 2 
269,2.0664e-06,2.40527e-06,1.91759e-06,50,100,100,415752,5 1 12 14 4 7 6 3 10 0 8 9 11 13 2 
270,2.05921e-06,2.40527e-06,1.92219e-06,50,100,100,415752,5 1 12 14 4 7 6 3 10 0 8 9 11 13 2 
271,2.04993e-06,2.40527e-06,1.92334e-06,50,100,100,415752,5 1 12 14 4 7 6 3 10 0 8 9 11 13 2 
272,2.05729e-06,2.40527e-06,1.94309e-06,50,100,100,415752,5 1 12 14 4 7 6 3 10 0 8 9 11 13 2 
273,2.06425e-06,2.40527e-06,1.91394e-06,50,100,100,415752,5 1 12 14 4 7 6 3 10 0 8 9 11 13 2 
274,2.0587e-06,2.40527e-06,1.93389e-06,50,100,100,415752,5 1 12 14 4 7 6 3 10 0 8 9 11 13 2 
275,2.06224e-06,2.40527e-06,1.92058e-06,50,100,100,415752,5 1 12 14 4 7 6 3 10 0 8 9 11 13 2 
276,2.05344e-06,2.40527e-06,1.91902e-06,50,100,100,415752,5 1 12 14 4 7 6 3 10 0 8 9 11 13 2 
277,2.06075e-06,2.40527e-06,1.90673e-06,50,100,100,415752,5 1 12 14 4 7 6 3 10 0 8 9 11 13 2 
278,2.06738e-06,2.40527e-06,1.91266e-06,50,100,100,415752,5 1 12 14 4 7 6 3 10 0 8 9 11 13 2 
279,2.07627e-06,2.40527e-06,1.9415e-06,50,100,100,415752,5 1 12 14 4 7 6 3 10 0 8 9 11 13 2 
280,2.07951e-06,2.40527e-06,1.91244e-06,50,100,100,415752,5 1 12 14 4 7 6 3 10 0 8 9 11 13 2 
281,2.06757e-06,2.40527e-06,1.90412e-06,50,100,100,415752,5 1 12 14 4 7 6 3 10 0 8 9 11 13 2 
282,2.05552e-06,2.40527e-06,1.88461e-06,50,100,100,415752,5 1 12 14 4 7 6 3 10 0 8 9 11 13 2 
283,2.05868e-06,2.40527e-06,1.91618e-06,50,100,100,415752,5 1 12 14 4 7 6 3 10 0 8 9 11 13 2 
284,2.05475e-06,2.40527e-06,1.94087e-06,50,100,100,415752,5 1 12 14 4 7 6 3 10 0 8 9 11 13 2 
285,2.05731e-06,2.40527e-06,1.9137e-06,50,100,100,415752,5 1 12 14 4 7 6 3 10 0 8 9 11 13 2 
286,2.05398e-06,2.40527e-06,1.8853e-06,50,100,100,415752,5 1 12 14 4 7 6 3 10 0 8 9 11 13 2 
287,2.06197e-06,2.40527e-06,1.86317e-06,50,100,100,415752,5 1 12 14 4 7 6 3 10 0 8 9 11 13 2 
288,2.07457e-06,2.40527e-06,1.93914e-06,50,100,100,415752,5 1 12 14 4 7 6 3 10 0 8 9 11 13 2 
289,2.07225e-06,2.40527e-06,1.9349e-06,50,100,100,415752,5 1 12 14 4 7 6 3 10 0 8 9 11 13 2 
290,2.06925e-06,2.40527e-06,1.9203e-06,50,100,100,415752,5 1 12 14 4 7 6 3 10 0 8 9 11 13 2 
291,2.06408e-06,2.40527e-06,1.90719e-06,50,100,100,415752,5 1 12 14 4 7 6 3 10 0 8 9 11 13 2 
292,2.07228e-06,2.40527e-06,1.89961e-06,50,100,100,415752,5 1 12 14 4 7 6 3 10 0 8 9 11 13 2 
293,2.06588e-06,2.40527e-06,1.93854e-06,50,100,100,415752,5 1 12 14 4 7 6 3 10 0 8 9 11 13 2 
294,2.0594e-06,2.40527e-06,1.89518e-06,50,100,100,415752,5 1 12 14 4 7 6 3 10 0 8 9 11 13 2 
295,2.05547e-06,2.40527e-06,1.9114e-06,50,100,100,415752,5 1 12 14 4 7 6 3 10 0 8 9 11 13 2 
296,2.05995e-06,2.40527e-06,1.9068e-06,50,100,100,415752,5 1 12 14 4 7 6 3 10 0 8 9 11 13 2 
297,2.06507e-06,2.40527e-06,1.9347e-06,50,100,100,415752,5 1 12 14 4 7 6 3 10 0 8 9 11 13 2 
298,2.06122e-06,2.40527e-06,1.90282e-06,50,100,100,415752,5 1 12 14 4 7 6 3 10 0 8 9 11 13 2 
299,2.04506e-06,2.40527e-06,1.9065e-06,50,100,100,415752,5 1 12 14 4 7 6 3 10 0 8 9 11 13 2 
300,2.05911e-06,2.40527e-06,1.88287e-06,50,100,100,415752,5 1 12 14 4 7 6 3 10 0 8 9 11 13 2 
301,2.06075e-06,2.40527e-06,1.903e-06,50,100,100,415752,5 1 12 14 4 7 6 3 10 0 8 9 11 13 2 
302,2.06394e-06,2.40527e-06,1.91149e-06,50,100,100,415752,5 1 12 14 4 7 6 3 10 0 8 9 11 13 2 
303,2.058e-06,2.40527e-06,1.93356e-06,50,100,100,415752,5 1 12 14 4 7 6 3 10 0 8 9 11 13 2 
304,2.05244e-06,2.40527e-06,1.86785e-06,50,100,100,415752,5 1 12 14 4 7 6 3 10 0 8 9 11 13 2 
305,2.05878e-06,2.40527e-06,1.90943e-06,50,100,100,415752,5 1 12 14 4 7 6 3 10 0 8 9 11 13 2 
306,2.07237e-06,2.40527e-06,1.92139e-06,50,100,100,415752,5 1 12 14 4 7 6 3 10 0 8 9 11 13 2 
307,2.06375e-06,2.40527e-06,1.88222e-06,50,100,100,415752,5 1 12 14 4 7 6 3 10 0 8 9 11 13 2 
308,2.06206e-06,2.40527e-06,1.89582e-06,50,100,100,415752,5 1 12 14 4 7 6 3 10 0 8 9 11 13 2 
309,2.0601e-06,2.40527e-06,1.92255e-06,50,100,100,415752,5 1 12 14 4 7 6 3 10 0 8 9 11 13 2 
310,2.04854e-06,2.40527e-06,1.89021e-06,50,100,100,415752,5 1 12 14 4 7 6 3 10 0 8 9 11 13 2 
311,2.04208e-06,2.40527e-06,1.91496e-06,50,100,100,415752,5 1 12 14 4 7 6 3 10 0 8 9 11 13 2 
312,2.0469e-06,2.40527e-06,1.8867e-06,50,100,100,415752,5 1 12 14 4 7 6 3 10 0 8 9 11 13 2 
313,2.04972e-06,2.40527e-06,1.86588e-06,50,100,100,415752,5 1 12 14 4 7 6 3 10 0 8 9 11 13 2 
314,2.06235e-06,2.40527e-06,1.90879e-06,50,100,100,415752,5 1 12 14 4 7 6 3 10 0 8 9 11 13 2 
315,2.0557e-06,2.40527e-06,1.92166e-06,50,100,100,415752,5 1 12 14 4 7 6 3 10 0 8 9 11 13 2 
316,2.06345e-06,2.40527e-06,1.90855e-06,50,100,100,415752,5 1 12 14 4 7 6 3 10 0 8 9 11 13 2 
317,2.06794e-06,2.40527e-06,1.89824e-06,50,100,100,415752,5 1 12 14 4 7 6 3 10 0 8 9 11 13 2 
318,2.07172e-06,2.40527e-06,1.90812e-06,50,100,100,415752,5 1 12 14 4 7 6 3 10 0 8 9 11 13 2 
319,2.06305e-06,2.40527e-06,1.89997e-06,50,100,100,415752,5 1 12 14 4 7 6 3 10 0 8 9 11 13 2 
320,2.05874e-06,2.40527e-06,1.93315e-06,50,100,100,415752,5 1 12 14 4 7 6 3 10 0 8 9 11 13 2 
321,2.05234e-06,2.41581e-06,1.92691e-06,50,100,100,413938,5 1 12 7 4 3 6 2 0 10 8 9 13 11 14 
322,2.05077e-06,2.41581e-06,1.89361e-06,50,100,100,413938,5 1 12 7 4 3 6 2 0 10 8 9 13 11 14 
323,2.05385e-06,2.41581e-06,1.88504e-06,50,100,100,413938,5 1 12 7 4 3 6 2 0 10 8 9 13 11 14 
324,2.05543e-06,2.41581e-06,1.8976e-06,50,100,100,413938,5 1 12 7 4 3 6 2 0 10 8 9 13 11 14 
325,2.05092e-06,2.41581e-06,1.88178e-06,50,100,100,413938,5 1 12 7 4 3 6 2 0 10 8 9 13 11 14 
326,2.05385e-06,2.41581e-06,1.90147e-06,50,100,100,413938,5 1 12 7 4 3 6 2 0 10 8 9 13 11 14 
327,2.05693e-06,2.41581e-06,1.90639e-06,50,100,100,413938,5 1 12 7 4 3 6 2 0 10 8 9 13 11 14 
328,2.0484e-06,2.41581e-06,1.93896e-06,50,100,100,413938,5 1 12 7 4 3 6 2 0 10 8 9 13 11 14 
329,2.04598e-06,2.41581e-06,1.86811e-06,50,100,100,413938,5 1 12 7 4 3 6 2 0 10 8 9 13 11 14 
330,2.05873e-06,2.41581e-06,1.88732e-06,50,100,100,413938,5 1 12 7 4 3 6 2 0 10 8 9 13 11 14 
331,2.06485e-06,2.41581e-06,1.92409e-06,50,100,100,413938,5 1 12 7 4 3 6 2 0 10 8 9 13 11 14 
332,2.04744e-06,2.41581e-06,1.90538e-06,50,100,100,413938,5 1 12 7 4 3 6 2 0 10 8 9 13 11 14 
333,2.06495e-06,2.41581e-06,1.9173e-06,50,100,100,413938,5 1 12 7 4 3 6 2 0 10 8 9 13 11 14 
334,2.03686e-06,2.41581e-06,1.86668e-06,50,100,100,413938,5 1 12 7 4 3 6 2 0 10 8 9 13 11 14 
335,2.05806e-06,2.41581e-06,1.89093e-06,50,100,100,413938,5 1 12 7 4 3 6 2 0 10 8 9 13 11 14 
336,2.06646e-06,2.41581e-06,1.91548e-06,50,100,100,413938,5 1 12 7 4 3 6 2 0 10 8 9 13 11 14 
337,2.06938e-06,2.41581e-06,1.92434e-06,50,100,100,413938,5 1 12 7 4 3 6 2 0 10 8 9 13 11 14 
338,2.065e-06,2.41581e-06,1.90977e-06,50,100,100,413938,5 1 12 7 4 3 6 2 0 10 8 9 13 11 14 
339,2.06248e-06,2.41581e-06,1.89348e-06,50,100,100,413938,5 1 12 7 4 3 6 2 0 10 8 9 13 11 14 
340,2.05395e-06,2.41581e-06,1.85221e-06,50,100,100,413938,5 1 12 7 4 3 6 2 0 10 8 9 13 11 14 
341,2.06e-06,2.41581e-06,1.89925e-06,50,100,100,413938,5 1 12 7 4 3 6 2 0 10 8 9 13 11 14 
342,2.07293e-06,2.41581e-06,1.90959e-06,50,100,100,413938,5 1 12 7 4 3 6 2 0 10 8 9 13 11 14 
343,2.06478e-06,2.41581e-06,1.92297e-06,50,100,100,413938,5 1 12 7 4 3 6 2 0 10 8 9 13 11 14 
344,2.06825e-06,2.41581e-06,1.94207e-06,50,100,100,413938,5 1 12 7 4 3 6 2 0 10 8 9 13 11 14 
345,2.06041e-06,2.41581e-06,1.91737e-06,50,100,100,413938,5 1 12 7 4 3 6 2 0 10 8 9 13 11 14 
346,2.06564e-06,2.41581e-06,1.89049e-06,50,100,100,413938,5 1 12 7 4 3 6 2 0 10 8 9 13 11 14 
347,2.05961e-06,2.41581e-06,1.91114e-06,50,100,100,413938,5 1 12 7 4 3 6 2 0 10 8 9 13 11 14 
348,2.05929e-06,2.41581e-06,1.8949e-06,50,100,100,413938,5 1 12 7 4 3 6 2 0 10 8 9 13 11 14 
349,2.06341e-06,2.41581e-06,1.92656e-06,50,100,100,413938,5 1 12 7 4 3 6 2 0 10 8 9 13 11 14 
350,2.0489e-06,2.41581e-06,1.93191e-06,50,100,100,413938,5 1 12 7 4 3 6 2 0 10 8 9 13 11 14 
351,2.05223e-06,2.41581e-06,1.92739e-06,50,100,100,413938,5 1 12 7 4 3 6 2 0 10 8 9 13 11 14 
352,2.05766e-06,2.41581e-06,1.91571e-06,50,100,100,413938,5 1 12 7 4 3 6 2 0 10 8 9 13 11 14 
353,2.07106e-06,2.41581e-06,1.8946e-06,50,100,100,413938,5 1 12 7 4 3 6 2 0 10 8 9 13 11 14 
354,2.06587e-06,2.41581e-06,1.91362e-06,50,100,100,413938,5 1 12 7 4 3 6 2 0 10 8 9 13 11 14 
355,2.05391e-06,2.41581e-06,1.90767e-06,50,100,100,413938,5 1 12 7 4 3 6 2 0 10 8 9 13 11 14 
356,2.05659e-06,2.41581e-06,1.90922e-06,50,100,100,413938,5 1 12 7 4 3 6 2 0 10 8 9 13 11 14 
357,2.05584e-06,2.41581e-06,1.89104e-06,50,100,100,413938,5 1 12 7 4 3 6 2 0 10 8 9 13 11 14 
358,2.05589e-06,2.41581e-06,1.90735e-06,50,100,100,413938,5 1 12 7 4 3 6 2 0 10 8 9 13 11 14 
359,2.06111e-06,2.41581e-06,1.88542e-06,50,100,100,413938,5 1 12 7 4 3 6 2 0 10 8 9 13 11 14 
360,2.07162e-06,2.41581e-06,1.89946e-06,50,100,100,413938,5 1 12 7 4 3 6 2 0 10 8 9 13 11 14 
361,2.06852e-06,2.41581e-06,1.91269e-06,50,100,100,413938,5 1 12 7 4 3 6 2 0 10 8 9 13 11 14 
362,2.05695e-06,2.41581e-06,1.90922e-06,50,100,100,413938,5 1 12 7 4 3 6 2 0 10 8 9 13 11 14 
363,2.062e-06,2.41581e-06,1.87859e-06,50,100,100,413938,5 1 12 7 4 3 6 2 0 10 8 9 13 11 14 
364,2.06102e-06,2.41581e-06,1.88626e-06,50,100,100,413938,5 1 12 7 4 3 6 2 0 10 8 9 13 11 14 
365,2.05817e-06,2.41581e-06,1.93319e-06,50,100,100,413938,5 1 12 7 4 3 6 2 0 10 8 9 13 11 14 
366,2.06496e-06,2.41581e-06,1.90143e-06,50,100,100,413938,5 1 12 7 4 3 6 2 0 10 8 9 13 11 14 
367,2.06641e-06,2.41581e-06,1.9194e-06,50,100,100,413938,5 1 12 7 4 3 6 2 0 10 8 9 13 11 14 
368,2.0466e-06,2.41581e-06,1.91333e-06,50,100,100,413938,5 1 12 7 4 3 6 2 0 10 8 9 13 11 14 
369,2.0562e-06,2.41581e-06,1.89585e-06,50,100,100,413938,5 1 12 7 4 3 6 2 0 10 8 9 13 11 14 
370,2.07568e-06,2.41581e-06,1.91771e-06,50,100,100,413938,5 1 12 7 4 3 6 2 0 10 8 9 13 11 14 
371,2.06139e-06,2.41581e-06,1.92494e-06,50,100,100,413938,5 1 12 7 4 3 6 2 0 10 8 9 13 11 14 
372,2.05723e-06,2.41581e-06,1.92044e-06,50,100,100,413938,5 1 12 7 4 3 6 2 0 10 8 9 13 11 14 
373,2.05408e-06,2.41581e-06,1.88727e-06,50,100,100,413938,5 1 12 7 4 3 6 2 0 10 8 9 13 11 14 
374,2.05629e-06,2.41581e-06,1.91351e-06,50,100,100,413938,5 1 12 7 4 3 6 2 0 10 8 9 13 11 14 
375,2.05057e-06,2.41581e-06,1.90531e-06,50,100,100,413938,5 1 12 7 4 3 6 2 0 10 8 9 13 11 14 
376,2.06218e-06,2.41581e-06,1.89927e-06,50,100,100,413938,5 1 12 7 4 3 6 2 0 10 8 9 13 11 14 
377,2.08108e-06,2.41581e-06,1.90132e-06,50,100,100,413938,5 1 12 7 4 3 6 2 0 10 8 9 13 11 14 
378,2.07012e-06,2.41581e-06,1.91463e-06,50,100,100,413938,5 1 12 7 4 3 6 2 0 10 8 9 13 11 14 
379,2.06645e-06,2.41581e-06,1.92102e-06,50,100,100,413938,5 1 12 7 4 3 6 2 0 10 8 9 13 11 14 
380,2.0722e-06,2.41581e-06,1.92738e-06,50,100,100,413938,5 1 12 7 4 3 6 2 0 10 8 9 13 11 14 
381,2.049e-06,2.41581e-06,1.95264e-06,50,100,100,413938,5 1 12 7 4 3 6 2 0 10 8 9 13 11 14 
382,2.05784e-06,2.41581e-06,1.91211e-06,50,100,100,413938,5 1 12 7 4 3 6 2 0 10 8 9 13 11 14 
383,2.05988e-06,2.41581e-06,1.914e-06,50,100,100,413938,5 1 12 7 4 3 6 2 0 10 8 9 13 11 14 
384,2.05993e-06,2.41581e-06,1.88279e-06,50,100,100,413938,5 1 12 7 4 3 6 2 0 10 8 9 13 11 14 
385,2.06677e-06,2.41581e-06,1.90762e-06,50,100,100,413938,5 1 12 7 4 3 6 2 0 10 8 9 13 11 14 
386,2.06446e-06,2.41581e-06,1.90079e-06,50,100,100,413938,5 1 12 7 4 3 6 2 0 10 8 9 13 11 14 
387,2.06781e-06,2.41581e-06,1.90434e-06,50,100,100,413938,5 1 12 7 4 3 6 2 0 10 8 9 13 11 14 
388,2.06281e-06,2.41581e-06,1.91374e-06,50,100,100,413938,5 1 12 7 4 3 6 2 0 10 8 9 13 11 14 
389,2.06577e-06,2.41581e-06,1.91517e-06,50,100,100,413938,5 1 12 7 4 3 6 2 0 10 8 9 13 11 14 
390,2.06749e-06,2.41581e-06,1.91612e-06,50,100,100,413938,5 1 12 7 4 3 6 2 0 10 8 9 13 11 14 
391,2.06655e-06,2.41581e-06,1.93209e-06,50,100,100,413938,5 1 12 7 4 3 6 2 0 10 8 9 13 11 14 
392,2.07343e-06,2.41581e-06,1.92081e-06,50,100,100,413938,5 1 12 7 4 3 6 2 0 10 8 9 13 11 14 
393,2.0579e-06,2.41581e-06,1.92046e-06,50,100,100,413938,5 1 12 7 4 3 6 2 0 10 8 9 13 11 14 
394,2.06495e-06,2.41581e-06,1.91535e-06,50,100,100,413938,5 1 12 7 4 3 6 2 0 10 8 9 13 11 14 
395,2.06082e-06,2.41581e-06,1.92745e-06,50,100,100,413938,5 1 12 7 4 3 6 2 0 10 8 9 13 11 14 
396,2.07001e-06,2.41581e-06,1.92749e-06,50,100,100,413938,5 1 12 7 4 3 6 2 0 10 8 9 13 11 14 
397,2.06679e-06,2.41581e-06,1.89826e-06,50,100,100,413938,5 1 12 7 4 3 6 2 0 10 8 9 13 11 14 
398,2.08352e-06,2.41581e-06,1.93494e-06,50,100,100,413938,5 1 12 7 4 3 6 2 0 10 8 9 13 11 14 
399,2.07208e-06,2.41581e-06,1.95563e-06,50,100,100,413938,5 1 12 7 4 3 6 2 0 10 8 9 13 11 14 
400,2.05847e-06,2.41581e-06,1.93427e-06,50,100,100,413938,5 1 12 7 4 3 6 2 0 10 8 9 13 11 14 
401,2.06632e-06,2.41581e-06,1.93428e-06,50,100,100,413938,5 1 12 7 4 3 6 2 0 10 8 9 13 11 14 
402,2.06356e-06,2.41581e-06,1.89026e-06,50,100,100,413938,5 1 12 7 4 3 6 2 0 10 8 9 13 11 14 
403,2.07306e-06,2.41581e-06,1.88819e-06,50,100,100,413938,5 1 12 7 4 3 6 2 0 10 8 9 13 11 14 
404,2.07194e-06,2.41581e-06,1.90826e-06,50,100,100,413938,5 1 12 7 4 3 6 2 0 10 8 9 13 11 14 
405,2.08122e-06,2.41581e-06,1.91615e-06,50,100,100,413938,5 1 12 7 4 3 6 2 0 10 8 9 13 11 14 
406,2.06413e-06,2.41581e-06,1.90272e-06,50,100,100,413938,5 1 12 7 4 3 6 2 0 10 8 9 13 11 14 
407,2.06334e-06,2.41581e-06,1.91576e-06,50,100,100,413938,5 1 12 7 4 3 6 2 0 10 8 9 13 11 14 
408,2.07341e-06,2.43557e-06,1.916e-06,50,100,100,410580,5 1 12 7 4 3 13 2 0 10 8 9 6 11 14 
409,2.06261e-06,2.43557e-06,1.91657e-06,50,100,100,410580,5 1 12 7 4 3 13 2 0 10 8 9 6 11 14 
410,2.06486e-06,2.43557e-06,1.924e-06,50,100,100,410580,5 1 12 7 4 3 13 2 0 10 8 9 6 11 14 
411,2.0616e-06,2.43557e-06,1.88921e-06,50,100,100,410580,5 1 12 7 4 3 13 2 0 10 8 9 6 11 14 
412,2.07388e-06,2.43557e-06,1.88825e-06,50,100,100,410580,5 1 12 7 4 3 13 2 0 10 8 9 6 11 14 
413,2.06993e-06,2.43557e-06,1.90791e-06,50,100,100,410580,5 1 12 7 4 3 13 2 0 10 8 9 6 11 14 
414,2.07738e-06,2.43557e-06,1.93372e-06,50,100,100,410580,5 1 12 7 4 3 13 2 0 10 8 9 6 11 14 
415,2.05948e-06,2.43557e-06,1.91232e-06,50,100,100,410580,5 1 12 7 4 3 13 2 0 10 8 9 6 11 14 
416,2.07328e-06,2.43557e-06,1.93165e-06,50,100,100,410580,5 1 12 7 4 3 13 2 0 10 8 9 6 11 14 
417,2.07456e-06,2.43557e-06,1.89167e-06,50,100,100,410580,5 1 12 7 4 3 13 2 0 10 8 9 6 11 14 
418,2.0639e-06,2.43557e-06,1.91682e-06,50,100,100,410580,5 1 12 7 4 3 13 2 0 10 8 9 6 11 14 
419,2.07019e-06,2.43557e-06,1.94035e-06,50,100,100,410580,5 1 12 7 4 3 13 2 0 10 8 9 6 11 14 
420,2.06506e-06,2.43557e-06,1.9322e-06,50,100,100,410580,5 1 12 7 4 3 13 2 0 10 8 9 6 11 14 
421,2.05491e-06,2.43557e-06,1.90473e-06,50,100,100,410580,5 1 12 7 4 3 13 2 0 10 8 9 6 11 14 
422,2.04616e-06,2.43557e-06,1.91274e-06,50,100,100,410580,5 1 12 7 4 3 13 2 0 10 8 9 6 11 14 
423,2.04929e-06,2.43557e-06,1.89576e-06,50,100,100,410580,5 1 12 7 4 3 13 2 0 10 8 9 6 11 14 
424,2.05723e-06,2.43557e-06,1.91703e-06,50,100,100,410580,5 1 12 7 4 3 13 2 0 10 8 9 6 11 14 
425,2.05841e-06,2.43557e-06,1.9374e-06,50,100,100,410580,5 1 12 7 4 3 13 2 0 10 8 9 6 11 14 
426,2.06401e-06,2.43557e-06,1.9471e-06,50,100,100,410580,5 1 12 7 4 3 13 2 0 10 8 9 6 11 14 
427,2.06052e-06,2.43557e-06,1.91299e-06,50,100,100,410580,5 1 12 7 4 3 13 2 0 10 8 9 6 11 14 
428,2.06844e-06,2.43557e-06,1.90122e-06,50,100,100,410580,5 1 12 7 4 3 13 2 0 10 8 9 6 11 14 
429,2.07073e-06,2.43557e-06,1.90569e-06,50,100,100,410580,5 1 12 7 4 3 13 2 0 10 8 9 6 11 14 
430,2.06721e-06,2.43557e-06,1.94588e-06,50,100,100,410580,5 1 12 7 4 3 13 2 0 10 8 9 6 11 14 
431,2.0693e-06,2.43557e-06,1.92344e-06,50,100,100,410580,5 1 12 7 4 3 13 2 0 10 8 9 6 11 14 
432,2.0621e-06,2.43557e-06,1.92125e-06,50,100,100,410580,5 1 12 7 4 3 13 2 0 10 8 9 6 11 14 
433,2.05898e-06,2.43557e-06,1.91103e-06,50,100,100,410580,5 1 12 7 4 3 13 2 0 10 8 9 6 11 14 
434,2.05584e-06,2.43557e-06,1.91221e-06,50,100,100,410580,5 1 12 7 4 3 13 2 0 10 8 9 6 11 14 
435,2.04543e-06,2.43557e-06,1.91935e-06,50,100,100,410580,5 1 12 7 4 3 13 2 0 10 8 9 6 11 14 
436,2.06112e-06,2.43557e-06,1.88963e-06,50,100,100,410580,5 1 12 7 4 3 13 2 0 10 8 9 6 11 14 
437,2.05868e-06,2.43557e-06,1.88165e-06,50,100,100,410580,5 1 12 7 4 3 13 2 0 10 8 9 6 11 14 
438,2.07378e-06,2.43557e-06,1.92102e-06,50,100,100,410580,5 1 12 7 4 3 13 2 0 10 8 9 6 11 14 
439,2.06016e-06,2.43557e-06,1.92229e-06,50,100,100,410580,5 1 12 7 4 3 13 2 0 10 8 9 6 11 14 
440,2.05654e-06,2.43557e-06,1.89263e-06,50,100,100,410580,5 1 12 7 4 3 13 2 0 10 8 9 6 11 14 
441,2.05355e-06,2.43557e-06,1.89076e-06,50,100,100,410580,5 1 12 7 4 3 13 2 0 10 8 9 6 11 14 
442,2.04505e-06,2.43557e-06,1.88507e-06,50,100,100,410580,5 1 12 7 4 3 13 2 0 10 8 9 6 11 14 
443,2.05815e-06,2.43557e-06,1.90029e-06,50,100,100,410580,5 1 12 7 4 3 13 2 0 10 8 9 6 11 14 
444,2.06554e-06,2.43557e-06,1.9456e-06,50,100,100,410580,5 1 12 7 4 3 13 2 0 10 8 9 6 11 14 
445,2.05215e-06,2.43557e-06,1.88341e-06,50,100,100,410580,5 1 12 7 4 3 13 2 0 10 8 9 6 11 14 
446,2.03782e-06,2.43557e-06,1.87195e-06,50,100,100,410580,5 1 12 7 4 3 13 2 0 10 8 9 6 11 14 
447,2.0565e-06,2.43557e-06,1.92143e-06,50,100,100,410580,5 1 12 7 4 3 13 2 0 10 8 9 6 11 14 
448,2.06693e-06,2.43557e-06,1.92841e-06,50,100,100,410580,5 1 12 7 4 3 13 2 0 10 8 9 6 11 14 
449,2.05726e-06,2.43557e-06,1.89365e-06,50,100,100,410580,5 1 12 7 4 3 13 2 0 10 8 9 6 11 14 
450,2.05331e-06,2.43557e-06,1.92941e-06,50,100,100,410580,5 1 12 7 4 3 13 2 0 10 8 9 6 11 14 
451,2.05946e-06,2.43557e-06,1.92418e-06,50,100,100,410580,5 1 12 7 4 3 13 2 0 10 8 9 6 11 14 
452,2.06702e-06,2.43557e-06,1.90432e-06,50,100,100,410580,5 1 12 7 4 3 13 2 0 10 8 9 6 11 14 
453,2.06247e-06,2.43557e-06,1.89976e-06,50,100,100,410580,5 1 12 7 4 3 13 2 0 10 8 9 6 11 14 
454,2.05254e-06,2.43557e-06,1.90954e-06,50,100,100,410580,5 1 12 7 4 3 13 2 0 10 8 9 6 11 14 
455,2.04588e-06,2.43557e-06,1.89263e-06,50,100,100,410580,5 1 12 7 4 3 13 2 0 10 8 9 6 11 14 
456,2.05141e-06,2.43557e-06,1.88512e-06,50,100,100,410580,5 1 12 7 4 3 13 2 0 10 8 9 6 11 14 
457,2.05245e-06,2.43557e-06,1.90615e-06,50,100,100,410580,5 1 12 7 4 3 13 2 0 10 8 9 6 11 14 
458,2.06277e-06,2.43557e-06,1.91054e-06,50,100,100,410580,5 1 12 7 4 3 13 2 0 10 8 9 6 11 14 
459,2.07218e-06,2.43557e-06,1.9131e-06,50,100,100,410580,5 1 12 7 4 3 13 2 0 10 8 9 6 11 14 
460,2.06773e-06,2.43557e-06,1.93351e-06,50,100,100,410580,5 1 12 7 4 3 13 2 0 10 8 9 6 11 14 
461,2.0545e-06,2.43557e-06,1.90098e-06,50,100,100,410580,5 1 12 7 4 3 13 2 0 10 8 9 6 11 14 
462,2.05872e-06,2.43557e-06,1.90442e-06,50,100,100,410580,5 1 12 7 4 3 13 2 0 10 8 9 6 11 14 
463,2.05682e-06,2.43557e-06,1.91422e-06,50,100,100,410580,5 1 12 7 4 3 13 2 0 10 8 9 6 11 14 
464,2.05553e-06,2.43557e-06,1.88561e-06,50,100,100,410580,5 1 12 7 4 3 13 2 0 10 8 9 6 11 14 
465,2.05838e-06,2.43557e-06,1.92858e-06,50,100,100,410580,5 1 12 7 4 3 13 2 0 10 8 9 6 11 14 
466,2.05977e-06,2.43557e-06,1.89478e-06,50,100,100,410580,5 1 12 7 4 3 13 2 0 10 8 9 6 11 14 
467,2.06674e-06,2.43557e-06,1.90248e-06,50,100,100,410580,5 1 12 7 4 3 13 2 0 10 8 9 6 11 14 
468,2.06283e-06,2.43557e-06,1.92522e-06,50,100,100,410580,5 1 12 7 4 3 13 2 0 10 8 9 6 11 14 
469,2.06044e-06,2.43557e-06,1.94125e-06,50,100,100,410580,5 1 12 7 4 3 13 2 0 10 8 9 6 11 14 
470,2.05248e-06,2.43557e-06,1.87226e-06,50,100,100,410580,5 1 12 7 4 3 13 2 0 10 8 9 6 11 14 
471,2.05763e-06,2.43557e-06,1.93127e-06,50,100,100,410580,5 1 12 7 4 3 13 2 0 10 8 9 6 11 14 
472,2.06964e-06,2.43557e-06,1.92344e-06,50,100,100,410580,5 1 12 7 4 3 13 2 0 10 8 9 6 11 14 
473,2.06609e-06,2.43557e-06,1.92306e-06,50,100,100,410580,5 1 12 7 4 3 13 2 0 10 8 9 6 11 14 
474,2.0549e-06,2.43557e-06,1.92362e-06,50,100,100,410580,5 1 12 7 4 3 13 2 0 10 8 9 6 11 14 
475,2.06774e-06,2.43557e-06,1.89047e-06,50,100,100,410580,5 1 12 7 4 3 13 2 0 10 8 9 6 11 14 
476,2.07047e-06,2.43557e-06,1.9358e-06,50,100,100,410580,5 1 12 7 4 3 13 2 0 10 8 9 6 11 14 
477,2.07022e-06,2.43557e-06,1.92614e-06,50,100,100,410580,5 1 12 7 4 3 13 2 0 10 8 9 6 11 14 
478,2.06412e-06,2.43557e-06,1.89204e-06,50,100,100,410580,5 1 12 7 4 3 13 2 0 10 8 9 6 11 14 
479,2.06302e-06,2.43557e-06,1.87293e-06,50,100,100,410580,5 1 12 7 4 3 13 2 0 10 8 9 6 11 14 
480,2.0762e-06,2.43557e-06,1.91141e-06,50,100,100,410580,5 1 12 7 4 3 13 2 0 10 8 9 6 11 14 
481,2.06911e-06,2.43557e-06,1.92293e-06,50,100,100,410580,5 1 12 7 4 3 13 2 0 10 8 9 6 11 14 
482,2.06061e-06,2.43557e-06,1.9212e-06,50,100,100,410580,5 1 12 7 4 3 13 2 0 10 8 9 6 11 14 
483,2.05853e-06,2.43557e-06,1.90993e-06,50,100,100,410580,5 1 12 7 4 3 13 2 0 10 8 9 6 11 14 
484,2.0753e-06,2.43557e-06,1.8937e-06,50,100,100,410580,5 1 12 7 4 3 13 2 0 10 8 9 6 11 14 
485,2.06155e-06,2.43557e-06,1.90608e-06,50,100,100,410580,5 1 12 7 4 3 13 2 0 10 8 9 6 11 14 
486,2.07292e-06,2.43557e-06,1.93464e-06,50,100,100,410580,5 1 12 7 4 3 13 2 0 10 8 9 6 11 14 
487,2.06911e-06,2.43557e-06,1.90813e-06,50,100,100,410580,5 1 12 7 4 3 13 2 0 10 8 9 6 11 14 
488,2.05968e-06,2.43557e-06,1.92694e-06,50,100,100,410580,5 1 12 7 4 3 13 2 0 10 8 9 6 11 14 
489,2.04451e-06,2.43557e-06,1.89773e-06,50,100,100,410580,5 1 12 7 4 3 13 2 0 10 8 9 6 11 14 
490,2.05841e-06,2.43557e-06,1.94797e-06,50,100,100,410580,5 1 12 7 4 3 13 2 0 10 8 9 6 11 14 
491,2.05198e-06,2.43557e-06,1.89051e-06,50,100,100,410580,5 1 12 7 4 3 13 2 0 10 8 9 6 11 14 
492,2.06896e-06,2.43557e-06,1.92397e-06,50,100,100,410580,5 1 12 7 4 3 13 2 0 10 8 9 6 11 14 
493,2.05665e-06,2.43557e-06,1.89506e-06,50,100,100,410580,5 1 12 7 4 3 13 2 0 10 8 9 6 11 14 
494,2.05652e-06,2.43557e-06,1.91015e-06,50,100,100,410580,5 1 12 7 4 3 13 2 0 10 8 9 6 11 14 
495,2.06483e-06,2.43557e-06,1.92292e-06,50,100,100,410580,5 1 12 7 4 3 13 2 0 10 8 9 6 11 14 
496,2.06435e-06,2.43557e-06,1.91452e-06,50,100,100,410580,5 1 12 7 4 3 13 2 0 10 8 9 6 11 14 
497,2.06009e-06,2.43557e-06,1.91152e-06,50,100,100,410580,5 1 12 7 4 3 13 2 0 10 8 9 6 11 14 
498,2.07694e-06,2.43557e-06,1.95652e-06,50,100,100,410580,5 1 12 7 4 3 13 2 0 10 8 9 6 11 14 
499,2.05837e-06,2.43557e-06,1.89241e-06,50,100,100,410580,5 1 12 7 4 3 13 2 0 10 8 9 6 11 14 
500,2.06301e-06,2.43557e-06,1.90866e-06,50,100,100,410580,5 1 12 7 4 3 13 2 0 10 8 9 6 11 14 
501,2.07294e-06,2.43557e-06,1.94492e-06,50,100,100,410580,5 1 12 7 4 3 13 2 0 10 8 9 6 11 14 
502,2.06506e-06,2.43557e-06,1.89847e-06,50,100,100,410580,5 1 12 7 4 3 13 2 0 10 8 9 6 11 14 
503,2.07479e-06,2.43557e-06,1.93034e-06,50,100,100,410580,5 1 12 7 4 3 13 2 0 10 8 9 6 11 14 
504,2.05571e-06,2.43557e-06,1.91157e-06,50,100,100,410580,5 1 12 7 4 3 13 2 0 10 8 9 6 11 14 
505,2.06145e-06,2.43557e-06,1.8797e-06,50,100,100,410580,5 1 12 7 4 3 13 2 0 10 8 9 6 11 14 
506,2.06926e-06,2.43557e-06,1.92732e-06,50,100,100,410580,5 1 12 7 4 3 13 2 0 10 8 9 6 11 14 
507,2.05558e-06,2.43557e-06,1.89098e-06,50,100,100,410580,5 1 12 7 4 3 13 2 0 10 8 9 6 11 14 
508,2.05639e-06,2.43557e-06,1.89752e-06,50,100,100,410580,5 1 12 7 4 3 13 2 0 10 8 9 6 11 14 
509,2.05548e-06,2.43557e-06,1.91033e-06,50,100,100,410580,5 1 12 7 4 3 13 2 0 10 8 9 6 11 14 
510,2.04857e-06,2.43557e-06,1.8829e-06,50,100,100,410580,5 1 12 7 4 3 13 2 0 10 8 9 6 11 14 
511,2.06516e-06,2.43947e-06,1.92108e-06,50,100,100,409924,5 1 12 7 4 3 6 14 0 10 8 9 11 13 2 
512,2.05826e-06,2.43947e-06,1.88701e-06,50,100,100,409924,5 1 12 7 4 3 6 14 0 10 8 9 11 13 2 
513,2.05504e-06,2.43947e-06,1.86948e-06,50,100,100,409924,5 1 12 7 4 3 6 14 0 10 8 9 11 13 2 
514,2.06572e-06,2.44246e-06,1.8993e-06,50,100,100,409422,5 1 12 7 4 3 6 10 0 9 8 14 11 13 2 
515,2.06389e-06,2.44246e-06,1.90976e-06,50,100,100,409422,5 1 12 7 4 3 6 10 0 9 8 14 11 13 2 
516,2.06789e-06,2.44246e-06,1.93275e-06,50,100,100,409422,5 1 12 7 4 3 6 10 0 9 8 14 11 13 2 
517,2.08116e-06,2.44246e-06,1.91749e-06,50,100,100,409422,5 1 12 7 4 3 6 10 0 9 8 14 11 13 2 
518,2.07481e-06,2.44246e-06,1.94523e-06,50,100,100,409422,5 1 12 7 4 3 6 10 0 9 8 14 11 13 2 
519,2.07738e-06,2.44246e-06,1.95439e-06,50,100,100,409422,5 1 12 7 4 3 6 10 0 9 8 14 11 13 2 
520,2.07356e-06,2.44246e-06,1.91185e-06,50,100,100,409422,5 1 12 7 4 3 6 10 0 9 8 14 11 13 2 
521,2.07581e-06,2.44246e-06,1.9228e-06,50,100,100,409422,5 1 12 7 4 3 6 10 0 9 8 14 11 13 2 
522,2.07918e-06,2.44246e-06,1.93647e-06,50,100,100,409422,5 1 12 7 4 3 6 10 0 9 8 14 11 13 2 
523,2.07104e-06,2.44246e-06,1.92027e-06,50,100,100,409422,5 1 12 7 4 3 6 10 0 9 8 14 11 13 2 
524,2.0629e-06,2.44246e-06,1.90166e-06,50,100,100,409422,5 1 12 7 4 3 6 10 0 9 8 14 11 13 2 
525,2.07358e-06,2.44246e-06,1.94706e-06,50,100,100,409422,5 1 12 7 4 3 6 10 0 9 8 14 11 13 2 
526,2.06719e-06,2.44246e-06,1.92537e-06,50,100,100,409422,5 1 12 7 4 3 6 10 0 9 8 14 11 13 2 
527,2.0652e-06,2.44246e-06,1.92328e-06,50,100,100,409422,5 1 12 7 4 3 6 10 0 9 8 14 11 13 2 
528,2.0665e-06,2.44246e-06,1.9269e-06,50,100,100,409422,5 1 12 7 4 3 6 10 0 9 8 14 11 13 2 
529,2.06707e-06,2.44246e-06,1.90553e-06,50,100,100,409422,5 1 12 7 4 3 6 10 0 9 8 14 11 13 2 
530,2.0611e-06,2.44246e-06,1.92256e-06,50,100,100,409422,5 1 12 7 4 3 6 10 0 9 8 14 11 13 2 
531,2.06605e-06,2.44246e-06,1.90692e-06,50,100,100,409422,5 1 12 7 4 3 6 10 0 9 8 14 11 13 2 
532,2.06133e-06,2.44246e-06,1.90735e-06,50,100,100,409422,5 1 12 7 4 3 6 10 0 9 8 14 11 13 2 
533,2.05174e-06,2.44246e-06,1.93276e-06,50,100,100,409422,5 1 12 7 4 3 6 10 0 9 8 14 11 13 2 
534,2.0568e-06,2.44246e-06,1.91568e-06,50,100,100,409422,5 1 12 7 4 3 6 10 0 9 8 14 11 13 2 
535,2.06157e-06,2.44246e-06,1.92611e-06,50,100,100,409422,5 1 12 7 4 3 6 10 0 9 8 14 11 13 2 
536,2.08253e-06,2.44483e-06,1.9275e-06,50,100,100,409026,5 4 12 7 1 3 6 10 0 9 8 14 11 13 2 
537,2.08378e-06,2.44483e-06,1.93274e-06,50,100,100,409026,5 4 12 7 1 3 6 10 0 9 8 14 11 13 2 
538,2.07909e-06,2.44483e-06,1.87581e-06,50,100,100,409026,5 4 12 7 1 3 6 10 0 9 8 14 11 13 2 
539,2.07462e-06,2.44483e-06,1.9265e-06,50,100,100,409026,5 4 12 7 1 3 6 10 0 9 8 14 11 13 2 
540,2.076e-06,2.44483e-06,1.94185e-06,50,100,100,409026,5 4 12 7 1 3 6 10 0 9 8 14 11 13 2 
541,2.06766e-06,2.44483e-06,1.93092e-06,50,100,100,409026,5 4 12 7 1 3 6 10 0 9 8 14 11 13 2 
542,2.06005e-06,2.44483e-06,1.90901e-06,50,100,100,409026,5 4 12 7 1 3 6 10 0 9 8 14 11 13 2 
543,2.06726e-06,2.44483e-06,1.9057e-06,50,100,100,409026,5 4 12 7 1 3 6 10 0 9 8 14 11 13 2 
544,2.06799e-06,2.44483e-06,1.92201e-06,50,100,100,409026,5 4 12 7 1 3 6 10 0 9 8 14 11 13 2 
545,2.06489e-06,2.44483e-06,1.90535e-06,50,100,100,409026,5 4 12 7 1 3 6 10 0 9 8 14 11 13 2 
546,2.07063e-06,2.44483e-06,1.93529e-06,50,100,100,409026,5 4 12 7 1 3 6 10 0 9 8 14 11 13 2 
547,2.0512e-06,2.44483e-06,1.91736e-06,50,100,100,409026,5 4 12 7 1 3 6 10 0 9 8 14 11 13 2 
548,2.06021e-06,2.44483e-06,1.87823e-06,50,100,100,409026,5 4 12 7 1 3 6 10 0 9 8 14 11 13 2 
549,2.06065e-06,2.44483e-06,1.92048e-06,50,100,100,409026,5 4 12 7 1 3 6 10 0 9 8 14 11 13 2 
550,2.06263e-06,2.44483e-06,1.94723e-06,50,100,100,409026,5 4 12 7 1 3 6 10 0 9 8 14 11 13 2 
551,2.0756e-06,2.44483e-06,1.95119e-06,50,100,100,409026,5 4 12 7 1 3 6 10 0 9 8 14 11 13 2 
552,2.05826e-06,2.44483e-06,1.90578e-06,50,100,100,409026,5 4 12 7 1 3 6 10 0 9 8 14 11 13 2 
553,2.0516e-06,2.44483e-06,1.9106e-06,50,100,100,409026,5 4 12 7 1 3 6 10 0 9 8 14 11 13 2 
554,2.05916e-06,2.44483e-06,1.88821e-06,50,100,100,409026,5 4 12 7 1 3 6 10 0 9 8 14 11 13 2 
555,2.05855e-06,2.44483e-06,1.87372e-06,50,100,100,409026,5 4 12 7 1 3 6 10 0 9 8 14 11 13 2 
556,2.05208e-06,2.44483e-06,1.88415e-06,50,100,100,409026,5 4 12 7 1 3 6 10 0 9 8 14 11 13 2 
557,2.05876e-06,2.44483e-06,1.93868e-06,50,100,100,409026,5 4 12 7 1 3 6 10 0 9 8 14 11 13 2 
558,2.06056e-06,2.44483e-06,1.89322e-06,50,100,100,409026,5 4 12 7 1 3 6 10 0 9 8 14 11 13 2 
559,2.08356e-06,2.44483e-06,1.92372e-06,50,100,100,409026,5 4 12 7 1 3 6 10 0 9 8 14 11 13 2 
560,2.07508e-06,2.44483e-06,1.90804e-06,50,100,100,409026,5 4 12 7 1 3 6 10 0 9 8 14 11 13 2 
561,2.06144e-06,2.44483e-06,1.89711e-06,50,100,100,409026,5 4 12 7 1 3 6 10 0 9 8 14 11 13 2 
562,2.06495e-06,2.44483e-06,1.91898e-06,50,100,100,409026,5 4 12 7 1 3 6 10 0 9 8 14 11 13 2 
563,2.05749e-06,2.44483e-06,1.92188e-06,50,100,100,409026,5 4 12 7 1 3 6 10 0 9 8 14 11 13 2 
564,2.05594e-06,2.44483e-06,1.90031e-06,50,100,100,409026,5 4 12 7 1 3 6 10 0 9 8 14 11 13 2 
565,2.06708e-06,2.44483e-06,1.90207e-06,50,100,100,409026,5 4 12 7 1 3 6 10 0 9 8 14 11 13 2 
566,2.07027e-06,2.44483e-06,1.90537e-06,50,100,100,409026,5 4 12 7 1 3 6 10 0 9 8 14 11 13 2 
567,2.06716e-06,2.44483e-06,1.92469e-06,50,100,100,409026,5 4 12 7 1 3 6 10 0 9 8 14 11 13 2 
568,2.07078e-06,2.44483e-06,1.92951e-06,50,100,100,409026,5 4 12 7 1 3 6 10 0 9 8 14 11 13 2 
569,2.07129e-06,2.44483e-06,1.91798e-06,50,100,100,409026,5 4 12 7 1 3 6 10 0 9 8 14 11 13 2 
570,2.06953e-06,2.44483e-06,1.94231e-06,50,100,100,409026,5 4 12 7 1 3 6 10 0 9 8 14 11 13 2 
571,2.07247e-06,2.44483e-06,1.94475e-06,50,100,100,409026,5 4 12 7 1 3 6 10 0 9 8 14 11 13 2 
572,2.0655e-06,2.44483e-06,1.93123e-06,50,100,100,409026,5 4 12 7 1 3 6 10 0 9 8 14 11 13 2 
573,2.06461e-06,2.44483e-06,1.898e-06,50,100,100,409026,5 4 12 7 1 3 6 10 0 9 8 14 11 13 2 
574,2.07948e-06,2.44483e-06,1.91394e-06,50,100,100,409026,5 4 12 7 1 3 6 10 0 9 8 14 11 13 2 
575,2.08338e-06,2.44483e-06,1.94524e-06,50,100,100,409026,5 4 12 7 1 3 6 10 0 9 8 14 11 13 2 
576,2.06898e-06,2.44483e-06,1.93165e-06,50,100,100,409026,5 4 12 7 1 3 6 10 0 9 8 14 11 13 2 
577,2.08189e-06,2.44483e-06,1.91999e-06,50,100,100,409026,5 4 12 7 1 3 6 10 0 9 8 14 11 13 2 
578,2.07573e-06,2.44483e-06,1.93356e-06,50,100,100,409026,5 4 12 7 1 3 6 10 0 9 8 14 11 13 2 
579,2.05836e-06,2.44483e-06,1.87085e-06,50,100,100,409026,5 4 12 7 1 3 6 10 0 9 8 14 11 13 2 
580,2.06996e-06,2.44483e-06,1.89601e-06,50,100,100,409026,5 4 12 7 1 3 6 10 0 9 8 14 11 13 2 
581,2.06875e-06,2.44483e-06,1.94358e-06,50,100,100,409026,5 4 12 7 1 3 6 10 0 9 8 14 11 13 2 
582,2.07092e-06,2.44483e-06,1.92442e-06,50,100,100,409026,5 4 12 7 1 3 6 10 0 9 8 14 11 13 2 
583,2.06861e-06,2.44483e-06,1.90033e-06,50,100,100,409026,5 4 12 7 1 3 6 10 0 9 8 14 11 13 2 
584,2.06471e-06,2.44483e-06,1.9164e-06,50,100,100,409026,5 4 12 7 1 3 6 10 0 9 8 14 11 13 2 
585,2.07322e-06,2.44483e-06,1.89691e-06,50,100,100,409026,5 4 12 7 1 3 6 10 0 9 8 14 11 13 2 
586,2.06278e-06,2.44483e-06,1.94398e-06,50,100,100,409026,5 4 12 7 1 3 6 10 0 9 8 14 11 13 2 
587,2.07301e-06,2.44483e-06,1.89151e-06,50,100,100,409026,5 4 12 7 1 3 6 10 0 9 8 14 11 13 2 
588,2.0715e-06,2.44483e-06,1.9363e-06,50,100,100,409026,5 4 12 7 1 3 6 10 0 9 8 14 11 13 2 
589,2.06493e-06,2.44483e-06,1.90631e-06,50,100,100,409026,5 4 12 7 1 3 6 10 0 9 8 14 11 13 2 
590,2.06642e-06,2.44483e-06,1.93605e-06,50,100,100,409026,5 4 12 7 1 3 6 10 0 9 8 14 11 13 2 
591,2.06578e-06,2.44483e-06,1.93378e-06,50,100,100,409026,5 4 12 7 1 3 6 10 0 9 8 14 11 13 2 
592,2.06469e-06,2.44483e-06,1.93469e-06,50,100,100,409026,5 4 12 7 1 3 6 10 0 9 8 14 11 13 2 
593,2.06877e-06,2.44483e-06,1.87999e-06,50,100,100,409026,5 4 12 7 1 3 6 10 0 9 8 14 11 13 2 
594,2.07238e-06,2.44483e-06,1.93583e-06,50,100,100,409026,5 4 12 7 1 3 6 10 0 9 8 14 11 13 2 
595,2.06212e-06,2.44483e-06,1.89289e-06,50,100,100,409026,5 4 12 7 1 3 6 10 0 9 8 14 11 13 2 
596,2.06808e-06,2.44483e-06,1.91471e-06,50,100,100,409026,5 4 12 7 1 3 6 10 0 9 8 14 11 13 2 
597,2.06365e-06,2.44483e-06,1.92529e-06,50,100,100,409026,5 4 12 7 1 3 6 10 0 9 8 14 11 13 2 
598,2.06349e-06,2.44483e-06,1.89538e-06,50,100,100,409026,5 4 12 7 1 3 6 10 0 9 8 14 11 13 2 
599,2.07078e-06,2.44483e-06,1.90886e-06,50,100,100,409026,5 4 12 7 1 3 6 10 0 9 8 14 11 13 2 
600,2.07276e-06,2.44483e-06,1.94049e-06,50,100,100,409026,5 4 12 7 1 3 6 10 0 9 8 14 11 13 2 
601,2.07163e-06,2.44483e-06,1.87716e-06,50,100,100,409026,5 4 12 7 1 3 6 10 0 9 8 14 11 13 2 
602,2.06551e-06,2.44483e-06,1.89186e-06,50,100,100,409026,5 4 12 7 1 3 6 10 0 9 8 14 11 13 2 
603,2.06658e-06,2.44483e-06,1.888e-06,50,100,100,409026,5 4 12 7 1 3 6 10 0 9 8 14 11 13 2 
604,2.07349e-06,2.44483e-06,1.93148e-06,50,100,100,409026,5 4 12 7 1 3 6 10 0 9 8 14 11 13 2 
605,2.08121e-06,2.44483e-06,1.93248e-06,50,100,100,409026,5 4 12 7 1 3 6 10 0 9 8 14 11 13 2 
606,2.07493e-06,2.44483e-06,1.93278e-06,50,100,100,409026,5 4 12 7 1 3 6 10 0 9 8 14 11 13 2 
607,2.08411e-06,2.44483e-06,1.91392e-06,50,100,100,409026,5 4 12 7 1 3 6 10 0 9 8 14 11 13 2 
608,2.09666e-06,2.44483e-06,1.92921e-06,50,100,100,409026,5 4 12 7 1 3 6 10 0 9 8 14 11 13 2 
609,2.09837e-06,2.44483e-06,1.93204e-06,50,100,100,409026,5 4 12 7 1 3 6 10 0 9 8 14 11 13 2 
610,2.08483e-06,2.44483e-06,1.92099e-06,50,100,100,409026,5 4 12 7 1 3 6 10 0 9 8 14 11 13 2 
611,2.08592e-06,2.44483e-06,1.93134e-06,50,100,100,409026,5 4 12 7 1 3 6 10 0 9 8 14 11 13 2 
612,2.07899e-06,2.44483e-06,1.9032e-06,50,100,100,409026,5 4 12 7 1 3 6 10 0 9 8 14 11 13 2 
613,2.07633e-06,2.44483e-06,1.88676e-06,50,100,100,409026,5 4 12 7 1 3 6 10 0 9 8 14 11 13 2 
614,2.08266e-06,2.44483e-06,1.8946e-06,50,100,100,409026,5 4 12 7 1 3 6 10 0 9 8 14 11 13 2 
615,2.07656e-06,2.44483e-06,1.94356e-06,50,100,100,409026,5 4 12 7 1 3 6 10 0 9 8 14 11 13 2 
616,2.07478e-06,2.44483e-06,1.89267e-06,50,100,100,409026,5 4 12 7 1 3 6 10 0 9 8 14 11 13 2 
617,2.08012e-06,2.44483e-06,1.91508e-06,50,100,100,409026,5 4 12 7 1 3 6 10 0 9 8 14 11 13 2 
618,2.07841e-06,2.44483e-06,1.91958e-06,50,100,100,409026,5 4 12 7 1 3 6 10 0 9 8 14 11 13 2 
619,2.07168e-06,2.44483e-06,1.90143e-06,50,100,100,409026,5 4 12 7 1 3 6 10 0 9 8 14 11 13 2 
620,2.08511e-06,2.44483e-06,1.94242e-06,50,100,100,409026,5 4 12 7 1 3 6 10 0 9 8 14 11 13 2 
621,2.07751e-06,2.44483e-06,1.87615e-06,50,100,100,409026,5 4 12 7 1 3 6 10 0 9 8 14 11 13 2 
622,2.07904e-06,2.44483e-06,1.95929e-06,50,100,100,409026,5 4 12 7 1 3 6 10 0 9 8 14 11 13 2 
623,2.08077e-06,2.44483e-06,1.92098e-06,50,100,100,409026,5 4 12 7 1 3 6 10 0 9 8 14 11 13 2 
624,2.06696e-06,2.44483e-06,1.90018e-06,50,100,100,409026,5 4 12 7 1 3 6 10 0 9 8 14 11 13 2 
625,2.05502e-06,2.44483e-06,1.89914e-06,50,100,100,409026,5 4 12 7 1 3 6 10 0 9 8 14 11 13 2 
626,2.0714e-06,2.44483e-06,1.93203e-06,50,100,100,409026,5 4 12 7 1 3 6 10 0 9 8 14 11 13 2 
627,2.07215e-06,2.44483e-06,1.92329e-06,50,100,100,409026,5 4 12 7 1 3 6 10 0 9 8 14 11 13 2 
628,2.07201e-06,2.44483e-06,1.92449e-06,50,100,100,409026,5 4 12 7 1 3 6 10 0 9 8 14 11 13 2 
629,2.0782e-06,2.44483e-06,1.95674e-06,50,100,100,409026,5 4 12 7 1 3 6 10 0 9 8 14 11 13 2 
630,2.08595e-06,2.44483e-06,1.89876e-06,50,100,100,409026,5 4 12 7 1 3 6 10 0 9 8 14 11 13 2 
631,2.06831e-06,2.44483e-06,1.91821e-06,50,100,100,409026,5 4 12 7 1 3 6 10 0 9 8 14 11 13 2 
632,2.07901e-06,2.44483e-06,1.89217e-06,50,100,100,409026,5 4 12 7 1 3 6 10 0 9 8 14 11 13 2 
633,2.0805e-06,2.44483e-06,1.94797e-06,50,100,100,409026,5 4 12 7 1 3 6 10 0 9 8 14 11 13 2 
634,2.07956e-06,2.44483e-06,1.92793e-06,50,100,100,409026,5 4 12 7 1 3 6 10 0 9 8 14 11 13 2 
635,2.08586e-06,2.44483e-06,1.95154e-06,50,100,100,409026,5 4 12 7 1 3 6 10 0 9 8 14 11 13 2 
636,2.07673e-06,2.44483e-06,1.91751e-06,50,100,100,409026,5 4 12 7 1 3 6 10 0 9 8 14 11 13 2 
637,2.06696e-06,2.44483e-06,1.8986e-06,50,100,100,409026,5 4 12 7 1 3 6 10 0 9 8 14 11 13 2 
638,2.06089e-06,2.44483e-06,1.92083e-06,50,100,100,409026,5 4 12 7 1 3 6 10 0 9 8 14 11 13 2 
639,2.06555e-06,2.44483e-06,1.9154e-06,50,100,100,409026,5 4 12 7 1 3 6 10 0 9 8 14 11 13 2 
640,2.07303e-06,2.44483e-06,1.94518e-06,50,100,100,409026,5 4 12 7 1 3 6 10 0 9 8 14 11 13 2 
641,2.06151e-06,2.44483e-06,1.92685e-06,50,100,100,409026,5 4 12 7 1 3 6 10 0 9 8 14 11 13 2 
642,2.06436e-06,2.44483e-06,1.92737e-06,50,100,100,409026,5 4 12 7 1 3 6 10 0 9 8 14 11 13 2 
643,2.07643e-06,2.44483e-06,1.92872e-06,50,100,100,409026,5 4 12 7 1 3 6 10 0 9 8 14 11 13 2 
644,2.06703e-06,2.44483e-06,1.91296e-06,50,100,100,409026,5 4 12 7 1 3 6 10 0 9 8 14 11 13 2 
645,2.06161e-06,2.44483e-06,1.87488e-06,50,100,100,409026,5 4 12 7 1 3 6 10 0 9 8 14 11 13 2 
646,2.06685e-06,2.44483e-06,1.92334e-06,50,100,100,409026,5 4 12 7 1 3 6 10 0 9 8 14 11 13 2 
647,2.07012e-06,2.44483e-06,1.92108e-06,50,100,100,409026,5 4 12 7 1 3 6 10 0 9 8 14 11 13 2 
648,2.06533e-06,2.44483e-06,1.92087e-06,50,100,100,409026,5 4 12 7 1 3 6 10 0 9 8 14 11 13 2 
649,2.07142e-06,2.44483e-06,1.91507e-06,50,100,100,409026,5 4 12 7 1 3 6 10 0 9 8 14 11 13 2 
650,2.06159e-06,2.44483e-06,1.8947e-06,50,100,100,409026,5 4 12 7 1 3 6 10 0 9 8 14 11 13 2 
651,2.06365e-06,2.44483e-06,1.93722e-06,50,100,100,409026,5 4 12 7 1 3 6 10 0 9 8 14 11 13 2 
652,2.06037e-06,2.44483e-06,1.87865e-06,50,100,100,409026,5 4 12 7 1 3 6 10 0 9 8 14 11 13 2 
653,2.0654e-06,2.44483e-06,1.92562e-06,50,100,100,409026,5 4 12 7 1 3 6 10 0 9 8 14 11 13 2 
654,2.05405e-06,2.44483e-06,1.92744e-06,50,100,100,409026,5 4 12 7 1 3 6 10 0 9 8 14 11 13 2 
655,2.06736e-06,2.44483e-06,1.92205e-06,50,100,100,409026,5 4 12 7 1 3 6 10 0 9 8 14 11 13 2 
656,2.06088e-06,2.44483e-06,1.90253e-06,50,100,100,409026,5 4 12 7 1 3 6 10 0 9 8 14 11 13 2 
657,2.05919e-06,2.44483e-06,1.91115e-06,50,100,100,409026,5 4 12 7 1 3 6 10 0 9 8 14 11 13 2 
658,2.06586e-06,2.44483e-06,1.94159e-06,50,100,100,409026,5 4 12 7 1 3 6 10 0 9 8 14 11 13 2 
659,2.07389e-06,2.44483e-06,1.92572e-06,50,100,100,409026,5 4 12 7 1 3 6 10 0 9 8 14 11 13 2 
660,2.05653e-06,2.44483e-06,1.9082e-06,50,100,100,409026,5 4 12 7 1 3 6 10 0 9 8 14 11 13 2 
661,2.06043e-06,2.44483e-06,1.91042e-06,50,100,100,409026,5 4 12 7 1 3 6 10 0 9 8 14 11 13 2 
662,2.06503e-06,2.44483e-06,1.91886e-06,50,100,100,409026,5 4 12 7 1 3 6 10 0 9 8 14 11 13 2 
663,2.07228e-06,2.44483e-06,1.9443e-06,50,100,100,409026,5 4 12 7 1 3 6 10 0 9 8 14 11 13 2 
664,2.06109e-06,2.44483e-06,1.91432e-06,50,100,100,409026,5 4 12 7 1 3 6 10 0 9 8 14 11 13 2 
665,2.05494e-06,2.44483e-06,1.92952e-06,50,100,100,409026,5 4 12 7 1 3 6 10 0 9 8 14 11 13 2 
666,2.06141e-06,2.44483e-06,1.92429e-06,50,100,100,409026,5 4 12 7 1 3 6 10 0 9 8 14 11 13 2 
667,2.05806e-06,2.44483e-06,1.88352e-06,50,100,100,409026,5 4 12 7 1 3 6 10 0 9 8 14 11 13 2 
668,2.06225e-06,2.44483e-06,1.89545e-06,50,100,100,409026,5 4 12 7 1 3 6 10 0 9 8 14 11 13 2 
669,2.0608e-06,2.44483e-06,1.87878e-06,50,100,100,409026,5 4 12 7 1 3 6 10 0 9 8 14 11 13 2 
670,2.05303e-06,2.44483e-06,1.91676e-06,50,100,100,409026,5 4 12 7 1 3 6 10 0 9 8 14 11 13 2 
671,2.04823e-06,2.44483e-06,1.90292e-06,50,100,100,409026,5 4 12 7 1 3 6 10 0 9 8 14 11 13 2 
672,2.05393e-06,2.44483e-06,1.86955e-06,50,100,100,409026,5 4 12 7 1 3 6 10 0 9 8 14 11 13 2 
673,2.06783e-06,2.44483e-06,1.93755e-06,50,100,100,409026,5 4 12 7 1 3 6 10 0 9 8 14 11 13 2 
674,2.07073e-06,2.44483e-06,1.89113e-06,50,100,100,409026,5 4 12 7 1 3 6 10 0 9 8 14 11 13 2 
675,2.06807e-06,2.44483e-06,1.90961e-06,50,100,100,409026,5 4 12 7 1 3 6 10 0 9 8 14 11 13 2 
676,2.07534e-06,2.44483e-06,1.93901e-06,50,100,100,409026,5 4 12 7 1 3 6 10 0 9 8 14 11 13 2 
677,2.05027e-06,2.44483e-06,1.8812e-06,50,100,100,409026,5 4 12 7 1 3 6 10 0 9 8 14 11 13 2 
678,2.06141e-06,2.44483e-06,1.90981e-06,50,100,100,409026,5 4 12 7 1 3 6 10 0 9 8 14 11 13 2 
679,2.04551e-06,2.44483e-06,1.89974e-06,50,100,100,409026,5 4 12 7 1 3 6 10 0 9 8 14 11 13 2 
680,2.07451e-06,2.44483e-06,1.91887e-06,50,100,100,409026,5 4 12 7 1 3 6 10 0 9 8 14 11 13 2 
681,2.07855e-06,2.44483e-06,1.89034e-06,50,100,100,409026,5 4 12 7 1 3 6 10 0 9 8 14 11 13 2 
682,2.06536e-06,2.44483e-06,1.91362e-06,50,100,100,409026,5 4 12 7 1 3 6 10 0 9 8 14 11 13 2 
683,2.07149e-06,2.44483e-06,1.88599e-06,50,100,100,409026,5 4 12 7 1 3 6 10 0 9 8 14 11 13 2 
684,2.0783e-06,2.44483e-06,1.91507e-06,50,100,100,409026,5 4 12 7 1 3 6 10 0 9 8 14 11 13 2 
685,2.08825e-06,2.44483e-06,1.93192e-06,50,100,100,409026,5 4 12 7 1 3 6 10 0 9 8 14 11 13 2 
686,2.08234e-06,2.44483e-06,1.90569e-06,50,100,100,409026,5 4 12 7 1 3 6 10 0 9 8 14 11 13 2 
687,2.08875e-06,2.44483e-06,1.89415e-06,50,100,100,409026,5 4 12 7 1 3 6 10 0 9 8 14 11 13 2 
688,2.0803e-06,2.44483e-06,1.92911e-06,50,100,100,409026,5 4 12 7 1 3 6 10 0 9 8 14 11 13 2 
689,2.06027e-06,2.44483e-06,1.89381e-06,50,100,100,409026,5 4 12 7 1 3 6 10 0 9 8 14 11 13 2 
690,2.07574e-06,2.44483e-06,1.9164e-06,50,100,100,409026,5 4 12 7 1 3 6 10 0 9 8 14 11 13 2 
691,2.05523e-06,2.44483e-06,1.85619e-06,50,100,100,409026,5 4 12 7 1 3 6 10 0 9 8 14 11 13 2 
692,2.05741e-06,2.44483e-06,1.88559e-06,50,100,100,409026,5 4 12 7 1 3 6 10 0 9 8 14 11 13 2 
693,2.06764e-06,2.44483e-06,1.90047e-06,50,100,100,409026,5 4 12 7 1 3 6 10 0 9 8 14 11 13 2 
694,2.06561e-06,2.44483e-06,1.90943e-06,50,100,100,409026,5 4 12 7 1 3 6 10 0 9 8 14 11 13 2 
695,2.06219e-06,2.44483e-06,1.89653e-06,50,100,100,409026,5 4 12 7 1 3 6 10 0 9 8 14 11 13 2 
696,2.0658e-06,2.44483e-06,1.93217e-06,50,100,100,409026,5 4 12 7 1 3 6 10 0 9 8 14 11 13 2 
697,2.08965e-06,2.44483e-06,1.93969e-06,50,100,100,409026,5 4 12 7 1 3 6 10 0 9 8 14 11 13 2 
698,2.07351e-06,2.44483e-06,1.91803e-06,50,100,100,409026,5 4 12 7 1 3 6 10 0 9 8 14 11 13 2 
699,2.0721e-06,2.44483e-06,1.90511e-06,50,100,100,409026,5 4 12 7 1 3 6 10 0 9 8 14 11 13 2 
700,2.0727e-06,2.44483e-06,1.94082e-06,50,100,100,409026,5 4 12 7 1 3 6 10 0 9 8 14 11 13 2 
701,2.06121e-06,2.44483e-06,1.93118e-06,50,100,100,409026,5 4 12 7 1 3 6 10 0 9 8 14 11 13 2 
702,2.06349e-06,2.44483e-06,1.90159e-06,50,100,100,409026,5 4 12 7 1 3 6 10 0 9 8 14 11 13 2 
703,2.05572e-06,2.44483e-06,1.89775e-06,50,100,100,409026,5 4 12 7 1 3 6 10 0 9 8 14 11 13 2 
704,2.06982e-06,2.44483e-06,1.92328e-06,50,100,100,409026,5 4 12 7 1 3 6 10 0 9 8 14 11 13 2 
705,2.06359e-06,2.44483e-06,1.91348e-06,50,100,100,409026,5 4 12 7 1 3 6 10 0 9 8 14 11 13 2 
706,2.06773e-06,2.44483e-06,1.92351e-06,50,100,100,409026,5 4 12 7 1 3 6 10 0 9 8 14 11 13 2 
707,2.06967e-06,2.44483e-06,1.91295e-06,50,100,100,409026,5 4 12 7 1 3 6 10 0 9 8 14 11 13 2 
708,2.06123e-06,2.44483e-06,1.8879e-06,50,100,100,409026,5 4 12 7 1 3 6 10 0 9 8 14 11 13 2 
709,2.05335e-06,2.44483e-06,1.90067e-06,50,100,100,409026,5 4 12 7 1 3 6 10 0 9 8 14 11 13 2 
710,2.06655e-06,2.44483e-06,1.92171e-06,50,100,100,409026,5 4 12 7 1 3 6 10 0 9 8 14 11 13 2 
711,2.06388e-06,2.44483e-06,1.9138e-06,50,100,100,409026,5 4 12 7 1 3 6 10 0 9 8 14 11 13 2 
712,2.07354e-06,2.44483e-06,1.93525e-06,50,100,100,409026,5 4 12 7 1 3 6 10 0 9 8 14 11 13 2 
713,2.07485e-06,2.44483e-06,1.93595e-06,50,100,100,409026,5 4 12 7 1 3 6 10 0 9 8 14 11 13 2 
714,2.08401e-06,2.44483e-06,1.92692e-06,50,100,100,409026,5 4 12 7 1 3 6 10 0 9 8 14 11 13 2 
715,2.07536e-06,2.44483e-06,1.91171e-06,50,100,100,409026,5 4 12 7 1 3 6 10 0 9 8 14 11 13 2 
716,2.07479e-06,2.44483e-06,1.90933e-06,50,100,100,409026,5 4 12 7 1 3 6 10 0 9 8 14 11 13 2 
717,2.06941e-06,2.44483e-06,1.88285e-06,50,100,100,409026,5 4 12 7 1 3 6 10 0 9 8 14 11 13 2 
718,2.07812e-06,2.44483e-06,1.8976e-06,50,100,100,409026,5 4 12 7 1 3 6 10 0 9 8 14 11 13 2 
719,2.06187e-06,2.44483e-06,1.90211e-06,50,100,100,409026,5 4 12 7 1 3 6 10 0 9 8 14 11 13 2 
720,2.05209e-06,2.44483e-06,1.92467e-06,50,100,100,409026,5 4 12 7 1 3 6 10 0 9 8 14 11 13 2 
721,2.04727e-06,2.44483e-06,1.91339e-06,50,100,100,409026,5 4 12 7 1 3 6 10 0 9 8 14 11 13 2 
722,2.05183e-06,2.44483e-06,1.92401e-06,50,100,100,409026,5 4 12 7 1 3 6 10 0 9 8 14 11 13 2 
723,2.062e-06,2.44483e-06,1.90788e-06,50,100,100,409026,5 4 12 7 1 3 6 10 0 9 8 14 11 13 2 
724,2.07707e-06,2.44483e-06,1.91672e-06,50,100,100,409026,5 4 12 7 1 3 6 10 0 9 8 14 11 13 2 
725,2.07504e-06,2.44483e-06,1.92812e-06,50,100,100,409026,5 4 12 7 1 3 6 10 0 9 8 14 11 13 2 
726,2.0619e-06,2.44483e-06,1.88134e-06,50,100,100,409026,5 4 12 7 1 3 6 10 0 9 8 14 11 13 2 
727,2.06496e-06,2.44483e-06,1.89944e-06,50,100,100,409026,5 4 12 7 1 3 6 10 0 9 8 14 11 13 2 
728,2.0651e-06,2.44483e-06,1.9201e-06,50,100,100,409026,5 4 12 7 1 3 6 10 0 9 8 14 11 13 2 
729,2.07016e-06,2.44483e-06,1.93416e-06,50,100,100,409026,5 4 12 7 1 3 6 10 0 9 8 14 11 13 2 
730,2.05953e-06,2.44483e-06,1.87245e-06,50,100,100,409026,5 4 12 7 1 3 6 10 0 9 8 14 11 13 2 
731,2.06237e-06,2.44483e-06,1.92236e-06,50,100,100,409026,5 4 12 7 1 3 6 10 0 9 8 14 11 13 2 
732,2.07086e-06,2.44483e-06,1.94487e-06,50,100,100,409026,5 4 12 7 1 3 6 10 0 9 8 14 11 13 2 
733,2.06504e-06,2.44483e-06,1.96864e-06,50,100,100,409026,5 4 12 7 1 3 6 10 0 9 8 14 11 13 2 
734,2.06626e-06,2.44483e-06,1.91288e-06,50,100,100,409026,5 4 12 7 1 3 6 10 0 9 8 14 11 13 2 
735,2.06064e-06,2.44483e-06,1.89958e-06,50,100,100,409026,5 4 12 7 1 3 6 10 0 9 8 14 11 13 2 
736,2.06441e-06,2.44483e-06,1.94601e-06,50,100,100,409026,5 4 12 7 1 3 6 10 0 9 8 14 11 13 2 
737,2.05659e-06,2.44483e-06,1.89969e-06,50,100,100,409026,5 4 12 7 1 3 6 10 0 9 8 14 11 13 2 
738,2.06365e-06,2.44483e-06,1.95591e-06,50,100,100,409026,5 4 12 7 1 3 6 10 0 9 8 14 11 13 2 
739,2.05552e-06,2.44483e-06,1.88796e-06,50,100,100,409026,5 4 12 7 1 3 6 10 0 9 8 14 11 13 2 
740,2.05797e-06,2.44483e-06,1.90345e-06,50,100,100,409026,5 4 12 7 1 3 6 10 0 9 8 14 11 13 2 
741,2.04902e-06,2.44483e-06,1.90576e-06,50,100,100,409026,5 4 12 7 1 3 6 10 0 9 8 14 11 13 2 
742,2.05042e-06,2.44483e-06,1.90272e-06,50,100,100,409026,5 4 12 7 1 3 6 10 0 9 8 14 11 13 2 
743,2.05754e-06,2.44483e-06,1.91716e-06,50,100,100,409026,5 4 12 7 1 3 6 10 0 9 8 14 11 13 2 
744,2.06254e-06,2.44483e-06,1.92525e-06,50,100,100,409026,5 4 12 7 1 3 6 10 0 9 8 14 11 13 2 
745,2.07375e-06,2.44483e-06,1.92338e-06,50,100,100,409026,5 4 12 7 1 3 6 10 0 9 8 14 11 13 2 
746,2.06058e-06,2.44483e-06,1.93362e-06,50,100,100,409026,5 4 12 7 1 3 6 10 0 9 8 14 11 13 2 
747,2.06209e-06,2.44483e-06,1.90473e-06,50,100,100,409026,5 4 12 7 1 3 6 10 0 9 8 14 11 13 2 
748,2.05236e-06,2.44483e-06,1.89546e-06,50,100,100,409026,5 4 12 7 1 3 6 10 0 9 8 14 11 13 2 
749,2.04956e-06,2.44483e-06,1.88205e-06,50,100,100,409026,5 4 12 7 1 3 6 10 0 9 8 14 11 13 2 
750,2.05335e-06,2.44483e-06,1.90216e-06,50,100,100,409026,5 4 12 7 1 3 6 10 0 9 8 14 11 13 2 
751,2.07129e-06,2.44483e-06,1.90664e-06,50,100,100,409026,5 4 12 7 1 3 6 10 0 9 8 14 11 13 2 
752,2.06946e-06,2.44483e-06,1.91535e-06,50,100,100,409026,5 4 12 7 1 3 6 10 0 9 8 14 11 13 2 
753,2.07695e-06,2.44483e-06,1.91618e-06,50,100,100,409026,5 4 12 7 1 3 6 10 0 9 8 14 11 13 2 
754,2.07028e-06,2.44483e-06,1.90085e-06,50,100,100,409026,5 4 12 7 1 3 6 10 0 9 8 14 11 13 2 
755,2.06139e-06,2.44483e-06,1.90744e-06,50,100,100,409026,5 4 12 7 1 3 6 10 0 9 8 14 11 13 2 
756,2.04662e-06,2.44483e-06,1.8959e-06,50,100,100,409026,5 4 12 7 1 3 6 10 0 9 8 14 11 13 2 
757,2.05483e-06,2.44483e-06,1.90086e-06,50,100,100,409026,5 4 12 7 1 3 6 10 0 9 8 14 11 13 2 
758,2.05857e-06,2.44483e-06,1.92129e-06,50,100,100,409026,5 4 12 7 1 3 6 10 0 9 8 14 11 13 2 
759,2.06519e-06,2.44483e-06,1.92624e-06,50,100,100,409026,5 4 12 7 1 3 6 10 0 9 8 14 11 13 2 
760,2.05733e-06,2.44483e-06,1.92301e-06,50,100,100,409026,5 4 12 7 1 3 6 10 0 9 8 14 11 13 2 
761,2.04398e-06,2.44483e-06,1.89997e-06,50,100,100,409026,5 4 12 7 1 3 6 10 0 9 8 14 11 13 2 
762,2.07015e-06,2.44483e-06,1.92811e-06,50,100,100,409026,5 4 12 7 1 3 6 10 0 9 8 14 11 13 2 
763,2.05712e-06,2.44483e-06,1.93619e-06,50,100,100,409026,5 4 12 7 1 3 6 10 0 9 8 14 11 13 2 
764,2.05683e-06,2.44483e-06,1.91434e-06,50,100,100,409026,5 4 12 7 1 3 6 10 0 9 8 14 11 13 2 
765,2.05539e-06,2.44483e-06,1.91798e-06,50,100,100,409026,5 4 12 7 1 3 6 10 0 9 8 14 11 13 2 
766,2.05771e-06,2.44483e-06,1.9154e-06,50,100,100,409026,5 4 12 7 1 3 6 10 0 9 8 14 11 13 2 
767,2.06025e-06,2.44483e-06,1.9355e-06,50,100,100,409026,5 4 12 7 1 3 6 10 0 9 8 14 11 13 2 
768,2.05292e-06,2.44483e-06,1.90882e-06,50,100,100,409026,5 4 12 7 1 3 6 10 0 9 8 14 11 13 2 
769,2.06033e-06,2.44483e-06,1.9039e-06,50,100,100,409026,5 4 12 7 1 3 6 10 0 9 8 14 11 13 2 
770,2.06974e-06,2.44483e-06,1.92682e-06,50,100,100,409026,5 4 12 7 1 3 6 10 0 9 8 14 11 13 2 
771,2.07844e-06,2.44483e-06,1.90893e-06,50,100,100,409026,5 4 12 7 1 3 6 10 0 9 8 14 11 13 2 
772,2.06849e-06,2.44483e-06,1.92809e-06,50,100,100,409026,5 4 12 7 1 3 6 10 0 9 8 14 11 13 2 
773,2.06443e-06,2.44483e-06,1.86703e-06,50,100,100,409026,5 4 12 7 1 3 6 10 0 9 8 14 11 13 2 
774,2.07395e-06,2.44483e-06,1.92381e-06,50,100,100,409026,5 4 12 7 1 3 6 10 0 9 8 14 11 13 2 
775,2.07054e-06,2.44483e-06,1.94642e-06,50,100,100,409026,5 4 12 7 1 3 6 10 0 9 8 14 11 13 2 
776,2.07441e-06,2.44483e-06,1.92225e-06,50,100,100,409026,5 4 12 7 1 3 6 10 0 9 8 14 11 13 2 
777,2.07695e-06,2.44483e-06,1.90151e-06,50,100,100,409026,5 4 12 7 1 3 6 10 0 9 8 14 11 13 2 
778,2.06904e-06,2.44483e-06,1.91708e-06,50,100,100,409026,5 4 12 7 1 3 6 10 0 9 8 14 11 13 2 
779,2.05959e-06,2.44483e-06,1.90311e-06,50,100,100,409026,5 4 12 7 1 3 6 10 0 9 8 14 11 13 2 
780,2.06555e-06,2.44483e-06,1.92565e-06,50,100,100,409026,5 4 12 7 1 3 6 10 0 9 8 14 11 13 2 
781,2.06595e-06,2.44483e-06,1.90665e-06,50,100,100,409026,5 4 12 7 1 3 6 10 0 9 8 14 11 13 2 
782,2.06653e-06,2.44483e-06,1.92925e-06,50,100,100,409026,5 4 12 7 1 3 6 10 0 9 8 14 11 13 2 
783,2.05611e-06,2.44483e-06,1.91091e-06,50,100,100,409026,5 4 12 7 1 3 6 10 0 9 8 14 11 13 2 
784,2.06319e-06,2.44483e-06,1.88303e-06,50,100,100,409026,5 4 12 7 1 3 6 10 0 9 8 14 11 13 2 
785,2.07152e-06,2.44483e-06,1.91433e-06,50,100,100,409026,5 4 12 7 1 3 6 10 0 9 8 14 11 13 2 
786,2.08246e-06,2.44483e-06,1.94288e-06,50,100,100,409026,5 4 12 7 1 3 6 10 0 9 8 14 11 13 2 
787,2.07994e-06,2.44483e-06,1.92043e-06,50,100,100,409026,5 4 12 7 1 3 6 10 0 9 8 14 11 13 2 
788,2.06566e-06,2.44483e-06,1.90777e-06,50,100,100,409026,5 4 12 7 1 3 6 10 0 9 8 14 11 13 2 
789,2.06859e-06,2.44483e-06,1.92929e-06,50,100,100,409026,5 4 12 7 1 3 6 10 0 9 8 14 11 13 2 
790,2.07948e-06,2.44483e-06,1.91915e-06,50,100,100,409026,5 4 12 7 1 3 6 10 0 9 8 14 11 13 2 
791,2.07196e-06,2.44483e-06,1.91513e-06,50,100,100,409026,5 4 12 7 1 3 6 10 0 9 8 14 11 13 2 
792,2.067e-06,2.44483e-06,1.91586e-06,50,100,100,409026,5 4 12 7 1 3 6 10 0 9 8 14 11 13 2 
793,2.06731e-06,2.44483e-06,1.944e-06,50,100,100,409026,5 4 12 7 1 3 6 10 0 9 8 14 11 13 2 
794,2.062e-06,2.44483e-06,1.91765e-06,50,100,100,409026,5 4 12 7 1 3 6 10 0 9 8 14 11 13 2 
795,2.06696e-06,2.44483e-06,1.91681e-06,50,100,100,409026,5 4 12 7 1 3 6 10 0 9 8 14 11 13 2 
796,2.06877e-06,2.44483e-06,1.90495e-06,50,100,100,409026,5 4 12 7 1 3 6 10 0 9 8 14 11 13 2 
797,2.0759e-06,2.44483e-06,1.92488e-06,50,100,100,409026,5 4 12 7 1 3 6 10 0 9 8 14 11 13 2 
798,2.08102e-06,2.44483e-06,1.89446e-06,50,100,100,409026,5 4 12 7 1 3 6 10 0 9 8 14 11 13 2 
799,2.07008e-06,2.44483e-06,1.9235e-06,50,100,100,409026,5 4 12 7 1 3 6 10 0 9 8 14 11 13 2 
800,2.08247e-06,2.44483e-06,1.89824e-06,50,100,100,409026,5 4 12 7 1 3 6 10 0 9 8 14 11 13 2 
801,2.08044e-06,2.44483e-06,1.91405e-06,50,100,100,409026,5 4 12 7 1 3 6 10 0 9 8 14 11 13 2 
802,2.07726e-06,2.44483e-06,1.92655e-06,50,100,100,409026,5 4 12 7 1 3 6 10 0 9 8 14 11 13 2 
803,2.06633e-06,2.44483e-06,1.9383e-06,50,100,100,409026,5 4 12 7 1 3 6 10 0 9 8 14 11 13 2 
804,2.05212e-06,2.44483e-06,1.89623e-06,50,100,100,409026,5 4 12 7 1 3 6 10 0 9 8 14 11 13 2 
805,2.06152e-06,2.44483e-06,1.9056e-06,50,100,100,409026,5 4 12 7 1 3 6 10 0 9 8 14 11 13 2 
806,2.07534e-06,2.44483e-06,1.91095e-06,50,100,100,409026,5 4 12 7 1 3 6 10 0 9 8 14 11 13 2 
807,2.08185e-06,2.44483e-06,1.93283e-06,50,100,100,409026,5 4 12 7 1 3 6 10 0 9 8 14 11 13 2 
808,2.06879e-06,2.44483e-06,1.91704e-06,50,100,100,409026,5 4 12 7 1 3 6 10 0 9 8 14 11 13 2 
809,2.06312e-06,2.44483e-06,1.93685e-06,50,100,100,409026,5 4 12 7 1 3 6 10 0 9 8 14 11 13 2 
810,2.06002e-06,2.44483e-06,1.89253e-06,50,100,100,409026,5 4 12 7 1 3 6 10 0 9 8 14 11 13 2 
811,2.0593e-06,2.44483e-06,1.92952e-06,50,100,100,409026,5 4 12 7 1 3 6 10 0 9 8 14 11 13 2 
812,2.0705e-06,2.44483e-06,1.89172e-06,50,100,100,409026,5 4 12 7 1 3 6 10 0 9 8 14 11 13 2 
813,2.06733e-06,2.44483e-06,1.8863e-06,50,100,100,409026,5 4 12 7 1 3 6 10 0 9 8 14 11 13 2 
814,2.05731e-06,2.44483e-06,1.87906e-06,50,100,100,409026,5 4 12 7 1 3 6 10 0 9 8 14 11 13 2 
815,2.07254e-06,2.44483e-06,1.93584e-06,50,100,100,409026,5 4 12 7 1 3 6 10 0 9 8 14 11 13 2 
816,2.0632e-06,2.44483e-06,1.9165e-06,50,100,100,409026,5 4 12 7 1 3 6 10 0 9 8 14 11 13 2 
817,2.05654e-06,2.44483e-06,1.89196e-06,50,100,100,409026,5 4 12 7 1 3 6 10 0 9 8 14 11 13 2 
818,2.07166e-06,2.44483e-06,1.93498e-06,50,100,100,409026,5 4 12 7 1 3 6 10 0 9 8 14 11 13 2 
819,2.07521e-06,2.44483e-06,1.94801e-06,50,100,100,409026,5 4 12 7 1 3 6 10 0 9 8 14 11 13 2 
820,2.06034e-06,2.44483e-06,1.9093e-06,50,100,100,409026,5 4 12 7 1 3 6 10 0 9 8 14 11 13 2 
821,2.06099e-06,2.44483e-06,1.8925e-06,50,100,100,409026,5 4 12 7 1 3 6 10 0 9 8 14 11 13 2 
822,2.08331e-06,2.44483e-06,1.91459e-06,50,100,100,409026,5 4 12 7 1 3 6 10 0 9 8 14 11 13 2 
823,2.07818e-06,2.44483e-06,1.92787e-06,50,100,100,409026,5 4 12 7 1 3 6 10 0 9 8 14 11 13 2 
824,2.06207e-06,2.44483e-06,1.9116e-06,50,100,100,409026,5 4 12 7 1 3 6 10 0 9 8 14 11 13 2 
825,2.06432e-06,2.44483e-06,1.90221e-06,50,100,100,409026,5 4 12 7 1 3 6 10 0 9 8 14 11 13 2 
826,2.06425e-06,2.44483e-06,1.88176e-06,50,100,100,409026,5 4 12 7 1 3 6 10 0 9 8 14 11 13 2 
827,2.07116e-06,2.44483e-06,1.93299e-06,50,100,100,409026,5 4 12 7 1 3 6 10 0 9 8 14 11 13 2 
828,2.06429e-06,2.44483e-06,1.90355e-06,50,100,100,409026,5 4 12 7 1 3 6 10 0 9 8 14 11 13 2 
829,2.05806e-06,2.44483e-06,1.93177e-06,50,100,100,409026,5 4 12 7 1 3 6 10 0 9 8 14 11 13 2 
830,2.05505e-06,2.44483e-06,1.9123e-06,50,100,100,409026,5 4 12 7 1 3 6 10 0 9 8 14 11 13 2 
831,2.06178e-06,2.44483e-06,1.9192e-06,50,100,100,409026,5 4 12 7 1 3 6 10 0 9 8 14 11 13 2 
832,2.06139e-06,2.44483e-06,1.89034e-06,50,100,100,409026,5 4 12 7 1 3 6 10 0 9 8 14 11 13 2 
833,2.06375e-06,2.44483e-06,1.92312e-06,50,100,100,409026,5 4 12 7 1 3 6 10 0 9 8 14 11 13 2 
834,2.07437e-06,2.44483e-06,1.93174e-06,50,100,100,409026,5 4 12 7 1 3 6 10 0 9 8 14 11 13 2 
835,2.0505e-06,2.44483e-06,1.87607e-06,50,100,100,409026,5 4 12 7 1 3 6 10 0 9 8 14 11 13 2 
836,2.06736e-06,2.44483e-06,1.91647e-06,50,100,100,409026,5 4 12 7 1 3 6 10 0 9 8 14 11 13 2 
837,2.06856e-06,2.44483e-06,1.9283e-06,50,100,100,409026,5 4 12 7 1 3 6 10 0 9 8 14 11 13 2 
838,2.06364e-06,2.44483e-06,1.90823e-06,50,100,100,409026,5 4 12 7 1 3 6 10 0 9 8 14 11 13 2 
839,2.06588e-06,2.48601e-06,1.91463e-06,50,100,100,402250,5 4 12 7 1 2 6 10 0 9 8 14 11 13 3 
840,2.07736e-06,2.48601e-06,1.94825e-06,50,100,100,402250,5 4 12 7 1 2 6 10 0 9 8 14 11 13 3 
841,2.08526e-06,2.48601e-06,1.97091e-06,50,100,100,402250,5 4 12 7 1 2 6 10 0 9 8 14 11 13 3 
842,2.07541e-06,2.48601e-06,1.93045e-06,50,100,100,402250,5 4 12 7 1 2 6 10 0 9 8 14 11 13 3 
843,2.06598e-06,2.48601e-06,1.93627e-06,50,100,100,402250,5 4 12 7 1 2 6 10 0 9 8 14 11 13 3 
844,2.06559e-06,2.48601e-06,1.91661e-06,50,100,100,402250,5 4 12 7 1 2 6 10 0 9 8 14 11 13 3 
845,2.07054e-06,2.48601e-06,1.90485e-06,50,100,100,402250,5 4 12 7 1 2 6 10 0 9 8 14 11 13 3 
846,2.08178e-06,2.48601e-06,1.92069e-06,50,100,100,402250,5 4 12 7 1 2 6 10 0 9 8 14 11 13 3 
847,2.06772e-06,2.48601e-06,1.94202e-06,50,100,100,402250,5 4 12 7 1 2 6 10 0 9 8 14 11 13 3 
848,2.07299e-06,2.48601e-06,1.8919e-06,50,100,100,402250,5 4 12 7 1 2 6 10 0 9 8 14 11 13 3 
849,2.07647e-06,2.48601e-06,1.90623e-06,50,100,100,402250,5 4 12 7 1 2 6 10 0 9 8 14 11 13 3 
850,2.06606e-06,2.48601e-06,1.89316e-06,50,100,100,402250,5 4 12 7 1 2 6 10 0 9 8 14 11 13 3 
851,2.06956e-06,2.48601e-06,1.87454e-06,50,100,100,402250,5 4 12 7 1 2 6 10 0 9 8 14 11 13 3 
852,2.06487e-06,2.48601e-06,1.90987e-06,50,100,100,402250,5 4 12 7 1 2 6 10 0 9 8 14 11 13 3 
853,2.07294e-06,2.48601e-06,1.90929e-06,50,100,100,402250,5 4 12 7 1 2 6 10 0 9 8 14 11 13 3 
854,2.06488e-06,2.48601e-06,1.92587e-06,50,100,100,402250,5 4 12 7 1 2 6 10 0 9 8 14 11 13 3 
855,2.07066e-06,2.48601e-06,1.9126e-06,50,100,100,402250,5 4 12 7 1 2 6 10 0 9 8 14 11 13 3 
856,2.0729e-06,2.48601e-06,1.91931e-06,50,100,100,402250,5 4 12 7 1 2 6 10 0 9 8 14 11 13 3 
857,2.0751e-06,2.48601e-06,1.93593e-06,50,100,100,402250,5 4 12 7 1 2 6 10 0 9 8 14 11 13 3 
858,2.07567e-06,2.48601e-06,1.89904e-06,50,100,100,402250,5 4 12 7 1 2 6 10 0 9 8 14 11 13 3 
859,2.07313e-06,2.48601e-06,1.91495e-06,50,100,100,402250,5 4 12 7 1 2 6 10 0 9 8 14 11 13 3 
860,2.06931e-06,2.48601e-06,1.90202e-06,50,100,100,402250,5 4 12 7 1 2 6 10 0 9 8 14 11 13 3 
861,2.06592e-06,2.48601e-06,1.90205e-06,50,100,100,402250,5 4 12 7 1 2 6 10 0 9 8 14 11 13 3 
862,2.05864e-06,2.48601e-06,1.88809e-06,50,100,100,402250,5 4 12 7 1 2 6 10 0 9 8 14 11 13 3 
863,2.0652e-06,2.48601e-06,1.90275e-06,50,100,100,402250,5 4 12 7 1 2 6 10 0 9 8 14 11 13 3 
864,2.05882e-06,2.48601e-06,1.90268e-06,50,100,100,402250,5 4 12 7 1 2 6 10 0 9 8 14 11 13 3 
865,2.07616e-06,2.48601e-06,1.92143e-06,50,100,100,402250,5 4 12 7 1 2 6 10 0 9 8 14 11 13 3 
866,2.0634e-06,2.48601e-06,1.88871e-06,50,100,100,402250,5 4 12 7 1 2 6 10 0 9 8 14 11 13 3 
867,2.06039e-06,2.48601e-06,1.93045e-06,50,100,100,402250,5 4 12 7 1 2 6 10 0 9 8 14 11 13 3 
868,2.04996e-06,2.48601e-06,1.91003e-06,50,100,100,402250,5 4 12 7 1 2 6 10 0 9 8 14 11 13 3 
869,2.06254e-06,2.48601e-06,1.9323e-06,50,100,100,402250,5 4 12 7 1 2 6 10 0 9 8 14 11 13 3 
870,2.06175e-06,2.48601e-06,1.91812e-06,50,100,100,402250,5 4 12 7 1 2 6 10 0 9 8 14 11 13 3 
871,2.06353e-06,2.48601e-06,1.91051e-06,50,100,100,402250,5 4 12 7 1 2 6 10 0 9 8 14 11 13 3 
872,2.06868e-06,2.48601e-06,1.93633e-06,50,100,100,402250,5 4 12 7 1 2 6 10 0 9 8 14 11 13 3 
873,2.0669e-06,2.48601e-06,1.94159e-06,50,100,100,402250,5 4 12 7 1 2 6 10 0 9 8 14 11 13 3 
874,2.07801e-06,2.48601e-06,1.90332e-06,50,100,100,402250,5 4 12 7 1 2 6 10 0 9 8 14 11 13 3 
875,2.07545e-06,2.48601e-06,1.92207e-06,50,100,100,402250,5 4 12 7 1 2 6 10 0 9 8 14 11 13 3 
876,2.07373e-06,2.48601e-06,1.87632e-06,50,100,100,402250,5 4 12 7 1 2 6 10 0 9 8 14 11 13 3 
877,2.06747e-06,2.48601e-06,1.90669e-06,50,100,100,402250,5 4 12 7 1 2 6 10 0 9 8 14 11 13 3 
878,2.06005e-06,2.48601e-06,1.9254e-06,50,100,100,402250,5 4 12 7 1 2 6 10 0 9 8 14 11 13 3 
879,2.07983e-06,2.48601e-06,1.9393e-06,50,100,100,402250,5 4 12 7 1 2 6 10 0 9 8 14 11 13 3 
880,2.05522e-06,2.48601e-06,1.85836e-06,50,100,100,402250,5 4 12 7 1 2 6 10 0 9 8 14 11 13 3 
881,2.06647e-06,2.48601e-06,1.89145e-06,50,100,100,402250,5 4 12 7 1 2 6 10 0 9 8 14 11 13 3 
882,2.05901e-06,2.48601e-06,1.94635e-06,50,100,100,402250,5 4 12 7 1 2 6 10 0 9 8 14 11 13 3 
883,2.06304e-06,2.48601e-06,1.92312e-06,50,100,100,402250,5 4 12 7 1 2 6 10 0 9 8 14 11 13 3 
884,2.06192e-06,2.48601e-06,1.89969e-06,50,100,100,402250,5 4 12 7 1 2 6 10 0 9 8 14 11 13 3 
885,2.05617e-06,2.48601e-06,1.89255e-06,50,100,100,402250,5 4 12 7 1 2 6 10 0 9 8 14 11 13 3 
886,2.06182e-06,2.48601e-06,1.90136e-06,50,100,100,402250,5 4 12 7 1 2 6 10 0 9 8 14 11 13 3 
887,2.07139e-06,2.48601e-06,1.94436e-06,50,100,100,402250,5 4 12 7 1 2 6 10 0 9 8 14 11 13 3 
888,2.0632e-06,2.48601e-06,1.93531e-06,50,100,100,402250,5 4 12 7 1 2 6 10 0 9 8 14 11 13 3 
889,2.081e-06,2.48601e-06,1.92401e-06,50,100,100,402250,5 4 12 7 1 2 6 10 0 9 8 14 11 13 3 
890,2.08885e-06,2.48601e-06,1.90414e-06,50,100,100,402250,5 4 12 7 1 2 6 10 0 9 8 14 11 13 3 
891,2.07248e-06,2.48601e-06,1.91912e-06,50,100,100,402250,5 4 12 7 1 2 6 10 0 9 8 14 11 13 3 
892,2.06415e-06,2.48601e-06,1.93376e-06,50,100,100,402250,5 4 12 7 1 2 6 10 0 9 8 14 11 13 3 
893,2.07388e-06,2.48601e-06,1.93872e-06,50,100,100,402250,5 4 12 7 1 2 6 10 0 9 8 14 11 13 3 
894,2.07805e-06,2.48601e-06,1.91946e-06,50,100,100,402250,5 4 12 7 1 2 6 10 0 9 8 14 11 13 3 
895,2.04956e-06,2.48601e-06,1.92336e-06,50,100,100,402250,5 4 12 7 1 2 6 10 0 9 8 14 11 13 3 
896,2.04368e-06,2.48601e-06,1.89744e-06,50,100,100,402250,5 4 12 7 1 2 6 10 0 9 8 14 11 13 3 
897,2.06662e-06,2.48601e-06,1.91656e-06,50,100,100,402250,5 4 12 7 1 2 6 10 0 9 8 14 11 13 3 
898,2.05601e-06,2.48601e-06,1.90036e-06,50,100,100,402250,5 4 12 7 1 2 6 10 0 9 8 14 11 13 3 
899,2.06484e-06,2.48601e-06,1.90509e-06,50,100,100,402250,5 4 12 7 1 2 6 10 0 9 8 14 11 13 3 
900,2.07722e-06,2.48601e-06,1.9214e-06,50,100,100,402250,5 4 12 7 1 2 6 10 0 9 8 14 11 13 3 
901,2.07063e-06,2.48601e-06,1.91095e-06,50,100,100,402250,5 4 12 7 1 2 6 10 0 9 8 14 11 13 3 
902,2.05951e-06,2.48601e-06,1.89943e-06,50,100,100,402250,5 4 12 7 1 2 6 10 0 9 8 14 11 13 3 
903,2.05374e-06,2.48601e-06,1.86108e-06,50,100,100,402250,5 4 12 7 1 2 6 10 0 9 8 14 11 13 3 
904,2.05167e-06,2.48601e-06,1.92369e-06,50,100,100,402250,5 4 12 7 1 2 6 10 0 9 8 14 11 13 3 
905,2.05045e-06,2.48601e-06,1.84944e-06,50,100,100,402250,5 4 12 7 1 2 6 10 0 9 8 14 11 13 3 
906,2.05508e-06,2.48601e-06,1.89716e-06,50,100,100,402250,5 4 12 7 1 2 6 10 0 9 8 14 11 13 3 
907,2.05928e-06,2.48601e-06,1.92148e-06,50,100,100,402250,5 4 12 7 1 2 6 10 0 9 8 14 11 13 3 
908,2.06075e-06,2.48601e-06,1.91099e-06,50,100,100,402250,5 4 12 7 1 2 6 10 0 9 8 14 11 13 3 
909,2.07131e-06,2.48601e-06,1.92612e-06,50,100,100,402250,5 4 12 7 1 2 6 10 0 9 8 14 11 13 3 
910,2.06886e-06,2.48601e-06,1.91948e-06,50,100,100,402250,5 4 12 7 1 2 6 10 0 9 8 14 11 13 3 
911,2.05755e-06,2.48601e-06,1.90292e-06,50,100,100,402250,5 4 12 7 1 2 6 10 0 9 8 14 11 13 3 
912,2.0423e-06,2.48601e-06,1.88082e-06,50,100,100,402250,5 4 12 7 1 2 6 10 0 9 8 14 11 13 3 
913,2.05676e-06,2.48601e-06,1.92403e-06,50,100,100,402250,5 4 12 7 1 2 6 10 0 9 8 14 11 13 3 
914,2.05715e-06,2.48601e-06,1.92838e-06,50,100,100,402250,5 4 12 7 1 2 6 10 0 9 8 14 11 13 3 
915,2.06988e-06,2.48601e-06,1.91856e-06,50,100,100,402250,5 4 12 7 1 2 6 10 0 9 8 14 11 13 3 
916,2.07943e-06,2.48601e-06,1.87566e-06,50,100,100,402250,5 4 12 7 1 2 6 10 0 9 8 14 11 13 3 
917,2.07534e-06,2.48601e-06,1.92346e-06,50,100,100,402250,5 4 12 7 1 2 6 10 0 9 8 14 11 13 3 
918,2.06385e-06,2.48601e-06,1.93512e-06,50,100,100,402250,5 4 12 7 1 2 6 10 0 9 8 14 11 13 3 
919,2.06755e-06,2.48601e-06,1.91475e-06,50,100,100,402250,5 4 12 7 1 2 6 10 0 9 8 14 11 13 3 
920,2.07201e-06,2.48601e-06,1.94102e-06,50,100,100,402250,5 4 12 7 1 2 6 10 0 9 8 14 11 13 3 
921,2.066e-06,2.48601e-06,1.91586e-06,50,100,100,402250,5 4 12 7 1 2 6 10 0 9 8 14 11 13 3 
922,2.06221e-06,2.48601e-06,1.88311e-06,50,100,100,402250,5 4 12 7 1 2 6 10 0 9 8 14 11 13 3 
923,2.07859e-06,2.48601e-06,1.93405e-06,50,100,100,402250,5 4 12 7 1 2 6 10 0 9 8 14 11 13 3 
924,2.06937e-06,2.48601e-06,1.89797e-06,50,100,100,402250,5 4 12 7 1 2 6 10 0 9 8 14 11 13 3 
925,2.06763e-06,2.48601e-06,1.93563e-06,50,100,100,402250,5 4 12 7 1 2 6 10 0 9 8 14 11 13 3 
926,2.0554e-06,2.48601e-06,1.90465e-06,50,100,100,402250,5 4 12 7 1 2 6 10 0 9 8 14 11 13 3 
927,2.05547e-06,2.48601e-06,1.86842e-06,50,100,100,402250,5 4 12 7 1 2 6 10 0 9 8 14 11 13 3 
928,2.07566e-06,2.48601e-06,1.94058e-06,50,100,100,402250,5 4 12 7 1 2 6 10 0 9 8 14 11 13 3 
929,2.06618e-06,2.48601e-06,1.87984e-06,50,100,100,402250,5 4 12 7 1 2 6 10 0 9 8 14 11 13 3 
930,2.06791e-06,2.48601e-06,1.92983e-06,50,100,100,402250,5 4 12 7 1 2 6 10 0 9 8 14 11 13 3 
931,2.07577e-06,2.48601e-06,1.92693e-06,50,100,100,402250,5 4 12 7 1 2 6 10 0 9 8 14 11 13 3 
932,2.0671e-06,2.48601e-06,1.93491e-06,50,100,100,402250,5 4 12 7 1 2 6 10 0 9 8 14 11 13 3 
933,2.05754e-06,2.48601e-06,1.89353e-06,50,100,100,402250,5 4 12 7 1 2 6 10 0 9 8 14 11 13 3 
934,2.06033e-06,2.48601e-06,1.88834e-06,50,100,100,402250,5 4 12 7 1 2 6 10 0 9 8 14 11 13 3 
935,2.06243e-06,2.48601e-06,1.90579e-06,50,100,100,402250,5 4 12 7 1 2 6 10 0 9 8 14 11 13 3 
936,2.06573e-06,2.48601e-06,1.93307e-06,50,100,100,402250,5 4 12 7 1 2 6 10 0 9 8 14 11 13 3 
937,2.06627e-06,2.48601e-06,1.90519e-06,50,100,100,402250,5 4 12 7 1 2 6 10 0 9 8 14 11 13 3 
938,2.06455e-06,2.48601e-06,1.93321e-06,50,100,100,402250,5 4 12 7 1 2 6 10 0 9 8 14 11 13 3 
939,2.06675e-06,2.48601e-06,1.92428e-06,50,100,100,402250,5 4 12 7 1 2 6 10 0 9 8 14 11 13 3 
940,2.06446e-06,2.48601e-06,1.91038e-06,50,100,100,402250,5 4 12 7 1 2 6 10 0 9 8 14 11 13 3 
941,2.0542e-06,2.48601e-06,1.87865e-06,50,100,100,402250,5 4 12 7 1 2 6 10 0 9 8 14 11 13 3 
942,2.05811e-06,2.48601e-06,1.9025e-06,50,100,100,402250,5 4 12 7 1 2 6 10 0 9 8 14 11 13 3 
943,2.06765e-06,2.48601e-06,1.90488e-06,50,100,100,402250,5 4 12 7 1 2 6 10 0 9 8 14 11 13 3 
944,2.06761e-06,2.48601e-06,1.90516e-06,50,100,100,402250,5 4 12 7 1 2 6 10 0 9 8 14 11 13 3 
945,2.05775e-06,2.48601e-06,1.93542e-06,50,100,100,402250,5 4 12 7 1 2 6 10 0 9 8 14 11 13 3 
946,2.04764e-06,2.48601e-06,1.8846e-06,50,100,100,402250,5 4 12 7 1 2 6 10 0 9 8 14 11 13 3 
947,2.05835e-06,2.48601e-06,1.9182e-06,50,100,100,402250,5 4 12 7 1 2 6 10 0 9 8 14 11 13 3 
948,2.05922e-06,2.48601e-06,1.90721e-06,50,100,100,402250,5 4 12 7 1 2 6 10 0 9 8 14 11 13 3 
949,2.05974e-06,2.48601e-06,1.91599e-06,50,100,100,402250,5 4 12 7 1 2 6 10 0 9 8 14 11 13 3 
950,2.05917e-06,2.48601e-06,1.89343e-06,50,100,100,402250,5 4 12 7 1 2 6 10 0 9 8 14 11 13 3 
951,2.05479e-06,2.48601e-06,1.87372e-06,50,100,100,402250,5 4 12 7 1 2 6 10 0 9 8 14 11 13 3 
952,2.05794e-06,2.48601e-06,1.9153e-06,50,100,100,402250,5 4 12 7 1 2 6 10 0 9 8 14 11 13 3 
953,2.06017e-06,2.48601e-06,1.88095e-06,50,100,100,402250,5 4 12 7 1 2 6 10 0 9 8 14 11 13 3 
954,2.06895e-06,2.48601e-06,1.92069e-06,50,100,100,402250,5 4 12 7 1 2 6 10 0 9 8 14 11 13 3 
955,2.05806e-06,2.48601e-06,1.91144e-06,50,100,100,402250,5 4 12 7 1 2 6 10 0 9 8 14 11 13 3 
956,2.05752e-06,2.48601e-06,1.89365e-06,50,100,100,402250,5 4 12 7 1 2 6 10 0 9 8 14 11 13 3 
957,2.06106e-06,2.48601e-06,1.93629e-06,50,100,100,402250,5 4 12 7 1 2 6 10 0 9 8 14 11 13 3 
958,2.05927e-06,2.48601e-06,1.91809e-06,50,100,100,402250,5 4 12 7 1 2 6 10 0 9 8 14 11 13 3 
959,2.05365e-06,2.48601e-06,1.88514e-06,50,100,100,402250,5 4 12 7 1 2 6 10 0 9 8 14 11 13 3 
960,2.05179e-06,2.48601e-06,1.91325e-06,50,100,100,402250,5 4 12 7 1 2 6 10 0 9 8 14 11 13 3 
961,2.04977e-06,2.48601e-06,1.88973e-06,50,100,100,402250,5 4 12 7 1 2 6 10 0 9 8 14 11 13 3 
962,2.06906e-06,2.48601e-06,1.90763e-06,50,100,100,402250,5 4 12 7 1 2 6 10 0 9 8 14 11 13 3 
963,2.07618e-06,2.48601e-06,1.89882e-06,50,100,100,402250,5 4 12 7 1 2 6 10 0 9 8 14 11 13 3 
964,2.07006e-06,2.48601e-06,1.94297e-06,50,100,100,402250,5 4 12 7 1 2 6 10 0 9 8 14 11 13 3 
965,2.07765e-06,2.48601e-06,1.9408e-06,50,100,100,402250,5 4 12 7 1 2 6 10 0 9 8 14 11 13 3 
966,2.07427e-06,2.48601e-06,1.93719e-06,50,100,100,402250,5 4 12 7 1 2 6 10 0 9 8 14 11 13 3 
967,2.06165e-06,2.48601e-06,1.89912e-06,50,100,100,402250,5 4 12 7 1 2 6 10 0 9 8 14 11 13 3 
968,2.04811e-06,2.48601e-06,1.90265e-06,50,100,100,402250,5 4 12 7 1 2 6 10 0 9 8 14 11 13 3 
969,2.06382e-06,2.48601e-06,1.93274e-06,50,100,100,402250,5 4 12 7 1 2 6 10 0 9 8 14 11 13 3 
970,2.06609e-06,2.48601e-06,1.89476e-06,50,100,100,402250,5 4 12 7 1 2 6 10 0 9 8 14 11 13 3 
971,2.07252e-06,2.48601e-06,1.92162e-06,50,100,100,402250,5 4 12 7 1 2 6 10 0 9 8 14 11 13 3 
972,2.06219e-06,2.48601e-06,1.88236e-06,50,100,100,402250,5 4 12 7 1 2 6 10 0 9 8 14 11 13 3 
973,2.07085e-06,2.48601e-06,1.91383e-06,50,100,100,402250,5 4 12 7 1 2 6 10 0 9 8 14 11 13 3 
974,2.07443e-06,2.48601e-06,1.92226e-06,50,100,100,402250,5 4 12 7 1 2 6 10 0 9 8 14 11 13 3 
975,2.06381e-06,2.48601e-06,1.87188e-06,50,100,100,402250,5 4 12 7 1 2 6 10 0 9 8 14 11 13 3 
976,2.07018e-06,2.48601e-06,1.92693e-06,50,100,100,402250,5 4 12 7 1 2 6 10 0 9 8 14 11 13 3 
977,2.06486e-06,2.48601e-06,1.90994e-06,50,100,100,402250,5 4 12 7 1 2 6 10 0 9 8 14 11 13 3 
978,2.0644e-06,2.48601e-06,1.90405e-06,50,100,100,402250,5 4 12 7 1 2 6 10 0 9 8 14 11 13 3 
979,2.0575e-06,2.48601e-06,1.91107e-06,50,100,100,402250,5 4 12 7 1 2 6 10 0 9 8 14 11 13 3 
980,2.06791e-06,2.48601e-06,1.92293e-06,50,100,100,402250,5 4 12 7 1 2 6 10 0 9 8 14 11 13 3 
981,2.06549e-06,2.48601e-06,1.90943e-06,50,100,100,402250,5 4 12 7 1 2 6 10 0 9 8 14 11 13 3 
982,2.05845e-06,2.48601e-06,1.91051e-06,50,100,100,402250,5 4 12 7 1 2 6 10 0 9 8 14 11 13 3 
983,2.07509e-06,2.48601e-06,1.93068e-06,50,100,100,402250,5 4 12 7 1 2 6 10 0 9 8 14 11 13 3 
984,2.07771e-06,2.48601e-06,1.8687e-06,50,100,100,402250,5 4 12 7 1 2 6 10 0 9 8 14 11 13 3 
985,2.07457e-06,2.48601e-06,1.91677e-06,50,100,100,402250,5 4 12 7 1 2 6 10 0 9 8 14 11 13 3 
986,2.06987e-06,2.48601e-06,1.92401e-06,50,100,100,402250,5 4 12 7 1 2 6 10 0 9 8 14 11 13 3 
987,2.0655e-06,2.48601e-06,1.90229e-06,50,100,100,402250,5 4 12 7 1 2 6 10 0 9 8 14 11 13 3 
988,2.06207e-06,2.48601e-06,1.92146e-06,50,100,100,402250,5 4 12 7 1 2 6 10 0 9 8 14 11 13 3 
989,2.06205e-06,2.48601e-06,1.93173e-06,50,100,100,402250,5 4 12 7 1 2 6 10 0 9 8 14 11 13 3 
990,2.07081e-06,2.48601e-06,1.90203e-06,50,100,100,402250,5 4 12 7 1 2 6 10 0 9 8 14 11 13 3 
991,2.06814e-06,2.48601e-06,1.89348e-06,50,100,100,402250,5 4 12 7 1 2 6 10 0 9 8 14 11 13 3 
992,2.05355e-06,2.48601e-06,1.89903e-06,50,100,100,402250,5 4 12 7 1 2 6 10 0 9 8 14 11 13 3 
993,2.05768e-06,2.48601e-06,1.90863e-06,50,100,100,402250,5 4 12 7 1 2 6 10 0 9 8 14 11 13 3 
994,2.05478e-06,2.48601e-06,1.91438e-06,50,100,100,402250,5 4 12 7 1 2 6 10 0 9 8 14 11 13 3 
995,2.06917e-06,2.48601e-06,1.89429e-06,50,100,100,402250,5 4 12 7 1 2 6 10 0 9 8 14 11 13 3 
996,2.07735e-06,2.48601e-06,1.92257e-06,50,100,100,402250,5 4 12 7 1 2 6 10 0 9 8 14 11 13 3 
997,2.06989e-06,2.48601e-06,1.93844e-06,50,100,100,402250,5 4 12 7 1 2 6 10 0 9 8 14 11 13 3 
998,2.07349e-06,2.48601e-06,1.91223e-06,50,100,100,402250,5 4 12 7 1 2 6 10 0 9 8 14 11 13 3 
999,2.06743e-06,2.48601e-06,1.90576e-06,50,100,100,402250,5 4 12 7 1 2 6 10 0 9 8 14 11 13 3 
