Generación,Media,Mejor,Peor,Cruzas,Mutaciones,Inversiones,Costo,Permutación
1,2.04699e-06,2.26385e-06,1.89354e-06,50,100,100,441724,8 9 12 3 4 0 6 10 13 11 5 1 2 14 7 
2,2.04019e-06,2.26385e-06,1.87009e-06,50,100,100,441724,8 9 12 3 4 0 6 10 13 11 5 1 2 14 7 
3,2.04845e-06,2.2894e-06,1.89042e-06,50,100,100,436794,1 10 4 13 11 7 6 5 3 8 0 2 14 12 9 
4,2.05231e-06,2.2894e-06,1.92968e-06,50,100,100,436794,1 10 4 13 11 7 6 5 3 8 0 2 14 12 9 
5,2.05371e-06,2.2894e-06,1.91809e-06,50,100,100,436794,1 10 4 13 11 7 6 5 3 8 0 2 14 12 9 
6,2.05834e-06,2.2894e-06,1.93259e-06,50,100,100,436794,1 10 4 13 11 7 6 5 3 8 0 2 14 12 9 
7,2.06288e-06,2.33005e-06,1.91404e-06,50,100,100,429174,1 10 4 8 13 7 6 5 3 11 0 2 14 12 9 
8,2.05909e-06,2.33005e-06,1.93172e-06,50,100,100,429174,1 10 4 8 13 7 6 5 3 11 0 2 14 12 9 
9,2.063e-06,2.33005e-06,1.91725e-06,50,100,100,429174,1 10 4 8 13 7 6 5 3 11 0 2 14 12 9 
10,2.0545e-06,2.33005e-06,1.89424e-06,50,100,100,429174,1 10 4 8 13 7 6 5 3 11 0 2 14 12 9 
11,2.05677e-06,2.33005e-06,1.8961e-06,50,100,100,429174,1 10 4 8 13 7 6 5 3 11 0 2 14 12 9 
12,2.06872e-06,2.33005e-06,1.92406e-06,50,100,100,429174,1 10 4 8 13 7 6 5 3 11 0 2 14 12 9 
13,2.05486e-06,2.33005e-06,1.90914e-06,50,100,100,429174,1 10 4 8 13 7 6 5 3 11 0 2 14 12 9 
14,2.07516e-06,2.33005e-06,1.92456e-06,50,100,100,429174,1 10 4 8 13 7 6 5 3 11 0 2 14 12 9 
15,2.07296e-06,2.33005e-06,1.91757e-06,50,100,100,429174,1 10 4 8 13 7 6 5 3 11 0 2 14 12 9 
16,2.06079e-06,2.33005e-06,1.93119e-06,50,100,100,429174,1 10 4 8 13 7 6 5 3 11 0 2 14 12 9 
17,2.06919e-06,2.33005e-06,1.93092e-06,50,100,100,429174,1 10 4 8 13 7 6 5 3 11 0 2 14 12 9 
18,2.07298e-06,2.33005e-06,1.89644e-06,50,100,100,429174,1 10 4 8 13 7 6 5 3 11 0 2 14 12 9 
19,2.06722e-06,2.33005e-06,1.92406e-06,50,100,100,429174,1 10 4 8 13 7 6 5 3 11 0 2 14 12 9 
20,2.06957e-06,2.33005e-06,1.90514e-06,50,100,100,429174,1 10 4 8 13 7 6 5 3 11 0 2 14 12 9 
21,2.06435e-06,2.33005e-06,1.92544e-06,50,100,100,429174,1 10 4 8 13 7 6 5 3 11 0 2 14 12 9 
22,2.05389e-06,2.33005e-06,1.89184e-06,50,100,100,429174,1 10 4 8 13 7 6 5 3 11 0 2 14 12 9 
23,2.07313e-06,2.33005e-06,1.9268e-06,50,100,100,429174,1 10 4 8 13 7 6 5 3 11 0 2 14 12 9 
24,2.07894e-06,2.33005e-06,1.8952e-06,50,100,100,429174,1 10 4 8 13 7 6 5 3 11 0 2 14 12 9 
25,2.06029e-06,2.33005e-06,1.92075e-06,50,100,100,429174,1 10 4 8 13 7 6 5 3 11 0 2 14 12 9 
26,2.06445e-06,2.33005e-06,1.89649e-06,50,100,100,429174,1 10 4 8 13 7 6 5 3 11 0 2 14 12 9 
27,2.05239e-06,2.33005e-06,1.89349e-06,50,100,100,429174,1 10 4 8 13 7 6 5 3 11 0 2 14 12 9 
28,2.06425e-06,2.33005e-06,1.94172e-06,50,100,100,429174,1 10 4 8 13 7 6 5 3 11 0 2 14 12 9 
29,2.05854e-06,2.33005e-06,1.91858e-06,50,100,100,429174,1 10 4 8 13 7 6 5 3 11 0 2 14 12 9 
30,2.05354e-06,2.33005e-06,1.91522e-06,50,100,100,429174,1 10 4 8 13 7 6 5 3 11 0 2 14 12 9 
31,2.05512e-06,2.33005e-06,1.90213e-06,50,100,100,429174,1 10 4 8 13 7 6 5 3 11 0 2 14 12 9 
32,2.0552e-06,2.33005e-06,1.89472e-06,50,100,100,429174,1 10 4 8 13 7 6 5 3 11 0 2 14 12 9 
33,2.05868e-06,2.33005e-06,1.92789e-06,50,100,100,429174,1 10 4 8 13 7 6 5 3 11 0 2 14 12 9 
34,2.05279e-06,2.33005e-06,1.93239e-06,50,100,100,429174,1 10 4 8 13 7 6 5 3 11 0 2 14 12 9 
35,2.05721e-06,2.33005e-06,1.90876e-06,50,100,100,429174,1 10 4 8 13 7 6 5 3 11 0 2 14 12 9 
36,2.0654e-06,2.33005e-06,1.85701e-06,50,100,100,429174,1 10 4 8 13 7 6 5 3 11 0 2 14 12 9 
37,2.05927e-06,2.33005e-06,1.92211e-06,50,100,100,429174,1 10 4 8 13 7 6 5 3 11 0 2 14 12 9 
38,2.05309e-06,2.33005e-06,1.90469e-06,50,100,100,429174,1 10 4 8 13 7 6 5 3 11 0 2 14 12 9 
39,2.04379e-06,2.33005e-06,1.90145e-06,50,100,100,429174,1 10 4 8 13 7 6 5 3 11 0 2 14 12 9 
40,2.05124e-06,2.33005e-06,1.91604e-06,50,100,100,429174,1 10 4 8 13 7 6 5 3 11 0 2 14 12 9 
41,2.04019e-06,2.33005e-06,1.88069e-06,50,100,100,429174,1 10 4 8 13 7 6 5 3 11 0 2 14 12 9 
42,2.0431e-06,2.33005e-06,1.90749e-06,50,100,100,429174,1 10 4 8 13 7 6 5 3 11 0 2 14 12 9 
43,2.05111e-06,2.33005e-06,1.89742e-06,50,100,100,429174,1 10 4 8 13 7 6 5 3 11 0 2 14 12 9 
44,2.0531e-06,2.33005e-06,1.92295e-06,50,100,100,429174,1 10 4 8 13 7 6 5 3 11 0 2 14 12 9 
45,2.06095e-06,2.33005e-06,1.93403e-06,50,100,100,429174,1 10 4 8 13 7 6 5 3 11 0 2 14 12 9 
46,2.06434e-06,2.33005e-06,1.86389e-06,50,100,100,429174,1 10 4 8 13 7 6 5 3 11 0 2 14 12 9 
47,2.06066e-06,2.33005e-06,1.92469e-06,50,100,100,429174,1 10 4 8 13 7 6 5 3 11 0 2 14 12 9 
48,2.06043e-06,2.33005e-06,1.91609e-06,50,100,100,429174,1 10 4 8 13 7 6 5 3 11 0 2 14 12 9 
49,2.05292e-06,2.33005e-06,1.94122e-06,50,100,100,429174,1 10 4 8 13 7 6 5 3 11 0 2 14 12 9 
50,2.04998e-06,2.33005e-06,1.90472e-06,50,100,100,429174,1 10 4 8 13 7 6 5 3 11 0 2 14 12 9 
51,2.0648e-06,2.33005e-06,1.89017e-06,50,100,100,429174,1 10 4 8 13 7 6 5 3 11 0 2 14 12 9 
52,2.06449e-06,2.33005e-06,1.89559e-06,50,100,100,429174,1 10 4 8 13 7 6 5 3 11 0 2 14 12 9 
53,2.06603e-06,2.33005e-06,1.93461e-06,50,100,100,429174,1 10 4 8 13 7 6 5 3 11 0 2 14 12 9 
54,2.05194e-06,2.33005e-06,1.90679e-06,50,100,100,429174,1 10 4 8 13 7 6 5 3 11 0 2 14 12 9 
55,2.06445e-06,2.33005e-06,1.89663e-06,50,100,100,429174,1 10 4 8 13 7 6 5 3 11 0 2 14 12 9 
56,2.06123e-06,2.33005e-06,1.8677e-06,50,100,100,429174,1 10 4 8 13 7 6 5 3 11 0 2 14 12 9 
57,2.05441e-06,2.33005e-06,1.90726e-06,50,100,100,429174,1 10 4 8 13 7 6 5 3 11 0 2 14 12 9 
58,2.0694e-06,2.33005e-06,1.91185e-06,50,100,100,429174,1 10 4 8 13 7 6 5 3 11 0 2 14 12 9 
59,2.05646e-06,2.33005e-06,1.90763e-06,50,100,100,429174,1 10 4 8 13 7 6 5 3 11 0 2 14 12 9 
60,2.06249e-06,2.33005e-06,1.91936e-06,50,100,100,429174,1 10 4 8 13 7 6 5 3 11 0 2 14 12 9 
61,2.05888e-06,2.33005e-06,1.90732e-06,50,100,100,429174,1 10 4 8 13 7 6 5 3 11 0 2 14 12 9 
62,2.06036e-06,2.33005e-06,1.90909e-06,50,100,100,429174,1 10 4 8 13 7 6 5 3 11 0 2 14 12 9 
63,2.0542e-06,2.33005e-06,1.89901e-06,50,100,100,429174,1 10 4 8 13 7 6 5 3 11 0 2 14 12 9 
64,2.05156e-06,2.34247e-06,1.87217e-06,50,100,100,426898,9 10 2 12 7 14 6 5 3 11 0 1 8 13 4 
65,2.05517e-06,2.34247e-06,1.89633e-06,50,100,100,426898,9 10 2 12 7 14 6 5 3 11 0 1 8 13 4 
66,2.05985e-06,2.34247e-06,1.93116e-06,50,100,100,426898,9 10 2 12 7 14 6 5 3 11 0 1 8 13 4 
67,2.05898e-06,2.34247e-06,1.91612e-06,50,100,100,426898,9 10 2 12 7 14 6 5 3 11 0 1 8 13 4 
68,2.06063e-06,2.34247e-06,1.92313e-06,50,100,100,426898,9 10 2 12 7 14 6 5 3 11 0 1 8 13 4 
69,2.04153e-06,2.34247e-06,1.91072e-06,50,100,100,426898,9 10 2 12 7 14 6 5 3 11 0 1 8 13 4 
70,2.05025e-06,2.34247e-06,1.91946e-06,50,100,100,426898,9 10 2 12 7 14 6 5 3 11 0 1 8 13 4 
71,2.06356e-06,2.34247e-06,1.89366e-06,50,100,100,426898,9 10 2 12 7 14 6 5 3 11 0 1 8 13 4 
72,2.06436e-06,2.34247e-06,1.92278e-06,50,100,100,426898,9 10 2 12 7 14 6 5 3 11 0 1 8 13 4 
73,2.05752e-06,2.34247e-06,1.90556e-06,50,100,100,426898,9 10 2 12 7 14 6 5 3 11 0 1 8 13 4 
74,2.05226e-06,2.34247e-06,1.92922e-06,50,100,100,426898,9 10 2 12 7 14 6 5 3 11 0 1 8 13 4 
75,2.06175e-06,2.34247e-06,1.9037e-06,50,100,100,426898,9 10 2 12 7 14 6 5 3 11 0 1 8 13 4 
76,2.06271e-06,2.34247e-06,1.90261e-06,50,100,100,426898,9 10 2 12 7 14 6 5 3 11 0 1 8 13 4 
77,2.06353e-06,2.34247e-06,1.89732e-06,50,100,100,426898,9 10 2 12 7 14 6 5 3 11 0 1 8 13 4 
78,2.05979e-06,2.34247e-06,1.92078e-06,50,100,100,426898,9 10 2 12 7 14 6 5 3 11 0 1 8 13 4 
79,2.05195e-06,2.34247e-06,1.90267e-06,50,100,100,426898,9 10 2 12 7 14 6 5 3 11 0 1 8 13 4 
80,2.04564e-06,2.34247e-06,1.89506e-06,50,100,100,426898,9 10 2 12 7 14 6 5 3 11 0 1 8 13 4 
81,2.05474e-06,2.34247e-06,1.89739e-06,50,100,100,426898,9 10 2 12 7 14 6 5 3 11 0 1 8 13 4 
82,2.0525e-06,2.34247e-06,1.89232e-06,50,100,100,426898,9 10 2 12 7 14 6 5 3 11 0 1 8 13 4 
83,2.05395e-06,2.34247e-06,1.89883e-06,50,100,100,426898,9 10 2 12 7 14 6 5 3 11 0 1 8 13 4 
84,2.06249e-06,2.34247e-06,1.88779e-06,50,100,100,426898,9 10 2 12 7 14 6 5 3 11 0 1 8 13 4 
85,2.06471e-06,2.34247e-06,1.89929e-06,50,100,100,426898,9 10 2 12 7 14 6 5 3 11 0 1 8 13 4 
86,2.056e-06,2.34247e-06,1.91252e-06,50,100,100,426898,9 10 2 12 7 14 6 5 3 11 0 1 8 13 4 
87,2.06644e-06,2.34247e-06,1.88729e-06,50,100,100,426898,9 10 2 12 7 14 6 5 3 11 0 1 8 13 4 
88,2.05413e-06,2.34247e-06,1.87921e-06,50,100,100,426898,9 10 2 12 7 14 6 5 3 11 0 1 8 13 4 
89,2.05832e-06,2.34247e-06,1.89643e-06,50,100,100,426898,9 10 2 12 7 14 6 5 3 11 0 1 8 13 4 
90,2.05421e-06,2.34247e-06,1.92731e-06,50,100,100,426898,9 10 2 12 7 14 6 5 3 11 0 1 8 13 4 
91,2.05298e-06,2.34247e-06,1.90323e-06,50,100,100,426898,9 10 2 12 7 14 6 5 3 11 0 1 8 13 4 
92,2.04872e-06,2.34247e-06,1.91174e-06,50,100,100,426898,9 10 2 12 7 14 6 5 3 11 0 1 8 13 4 
93,2.05105e-06,2.34247e-06,1.93119e-06,50,100,100,426898,9 10 2 12 7 14 6 5 3 11 0 1 8 13 4 
94,2.05091e-06,2.34247e-06,1.9063e-06,50,100,100,426898,9 10 2 12 7 14 6 5 3 11 0 1 8 13 4 
95,2.05605e-06,2.34247e-06,1.89014e-06,50,100,100,426898,9 10 2 12 7 14 6 5 3 11 0 1 8 13 4 
96,2.06362e-06,2.34247e-06,1.92717e-06,50,100,100,426898,9 10 2 12 7 14 6 5 3 11 0 1 8 13 4 
97,2.06806e-06,2.34247e-06,1.92426e-06,50,100,100,426898,9 10 2 12 7 14 6 5 3 11 0 1 8 13 4 
98,2.05714e-06,2.34247e-06,1.88377e-06,50,100,100,426898,9 10 2 12 7 14 6 5 3 11 0 1 8 13 4 
99,2.05242e-06,2.34247e-06,1.91064e-06,50,100,100,426898,9 10 2 12 7 14 6 5 3 11 0 1 8 13 4 
100,2.04509e-06,2.34247e-06,1.90092e-06,50,100,100,426898,9 10 2 12 7 14 6 5 3 11 0 1 8 13 4 
101,2.06433e-06,2.34247e-06,1.94692e-06,50,100,100,426898,9 10 2 12 7 14 6 5 3 11 0 1 8 13 4 
102,2.051e-06,2.34247e-06,1.91292e-06,50,100,100,426898,9 10 2 12 7 14 6 5 3 11 0 1 8 13 4 
103,2.05573e-06,2.34247e-06,1.90281e-06,50,100,100,426898,9 10 2 12 7 14 6 5 3 11 0 1 8 13 4 
104,2.05247e-06,2.34247e-06,1.93003e-06,50,100,100,426898,9 10 2 12 7 14 6 5 3 11 0 1 8 13 4 
105,2.06001e-06,2.34247e-06,1.91127e-06,50,100,100,426898,9 10 2 12 7 14 6 5 3 11 0 1 8 13 4 
106,2.05425e-06,2.34247e-06,1.85462e-06,50,100,100,426898,9 10 2 12 7 14 6 5 3 11 0 1 8 13 4 
107,2.04344e-06,2.34247e-06,1.91367e-06,50,100,100,426898,9 10 2 12 7 14 6 5 3 11 0 1 8 13 4 
108,2.05538e-06,2.34247e-06,1.91725e-06,50,100,100,426898,9 10 2 12 7 14 6 5 3 11 0 1 8 13 4 
109,2.03884e-06,2.34247e-06,1.91328e-06,50,100,100,426898,9 10 2 12 7 14 6 5 3 11 0 1 8 13 4 
110,2.05389e-06,2.34247e-06,1.87126e-06,50,100,100,426898,9 10 2 12 7 14 6 5 3 11 0 1 8 13 4 
111,2.05068e-06,2.34247e-06,1.8957e-06,50,100,100,426898,9 10 2 12 7 14 6 5 3 11 0 1 8 13 4 
112,2.06508e-06,2.34247e-06,1.90916e-06,50,100,100,426898,9 10 2 12 7 14 6 5 3 11 0 1 8 13 4 
113,2.05414e-06,2.34247e-06,1.90419e-06,50,100,100,426898,9 10 2 12 7 14 6 5 3 11 0 1 8 13 4 
114,2.06165e-06,2.34247e-06,1.93017e-06,50,100,100,426898,9 10 2 12 7 14 6 5 3 11 0 1 8 13 4 
115,2.06079e-06,2.34247e-06,1.93289e-06,50,100,100,426898,9 10 2 12 7 14 6 5 3 11 0 1 8 13 4 
116,2.05281e-06,2.34247e-06,1.91645e-06,50,100,100,426898,9 10 2 12 7 14 6 5 3 11 0 1 8 13 4 
117,2.0588e-06,2.34247e-06,1.90379e-06,50,100,100,426898,9 10 2 12 7 14 6 5 3 11 0 1 8 13 4 
118,2.05498e-06,2.34247e-06,1.89134e-06,50,100,100,426898,9 10 2 12 7 14 6 5 3 11 0 1 8 13 4 
119,2.05296e-06,2.34247e-06,1.90655e-06,50,100,100,426898,9 10 2 12 7 14 6 5 3 11 0 1 8 13 4 
120,2.04119e-06,2.34247e-06,1.90105e-06,50,100,100,426898,9 10 2 12 7 14 6 5 3 11 0 1 8 13 4 
121,2.04946e-06,2.34247e-06,1.91615e-06,50,100,100,426898,9 10 2 12 7 14 6 5 3 11 0 1 8 13 4 
122,2.05107e-06,2.34247e-06,1.91812e-06,50,100,100,426898,9 10 2 12 7 14 6 5 3 11 0 1 8 13 4 
123,2.06206e-06,2.34247e-06,1.91383e-06,50,100,100,426898,9 10 2 12 7 14 6 5 3 11 0 1 8 13 4 
124,2.06354e-06,2.34247e-06,1.92315e-06,50,100,100,426898,9 10 2 12 7 14 6 5 3 11 0 1 8 13 4 
125,2.06227e-06,2.34247e-06,1.93701e-06,50,100,100,426898,9 10 2 12 7 14 6 5 3 11 0 1 8 13 4 
126,2.06079e-06,2.34247e-06,1.87459e-06,50,100,100,426898,9 10 2 12 7 14 6 5 3 11 0 1 8 13 4 
127,2.07087e-06,2.34247e-06,1.90078e-06,50,100,100,426898,9 10 2 12 7 14 6 5 3 11 0 1 8 13 4 
128,2.06036e-06,2.34247e-06,1.87037e-06,50,100,100,426898,9 10 2 12 7 14 6 5 3 11 0 1 8 13 4 
129,2.05656e-06,2.34247e-06,1.88726e-06,50,100,100,426898,9 10 2 12 7 14 6 5 3 11 0 1 8 13 4 
130,2.06618e-06,2.34247e-06,1.9032e-06,50,100,100,426898,9 10 2 12 7 14 6 5 3 11 0 1 8 13 4 
131,2.05783e-06,2.34247e-06,1.93039e-06,50,100,100,426898,9 10 2 12 7 14 6 5 3 11 0 1 8 13 4 
132,2.05584e-06,2.34247e-06,1.88877e-06,50,100,100,426898,9 10 2 12 7 14 6 5 3 11 0 1 8 13 4 
133,2.06204e-06,2.34247e-06,1.88119e-06,50,100,100,426898,9 10 2 12 7 14 6 5 3 11 0 1 8 13 4 
134,2.06768e-06,2.34247e-06,1.91689e-06,50,100,100,426898,9 10 2 12 7 14 6 5 3 11 0 1 8 13 4 
135,2.04287e-06,2.34247e-06,1.90299e-06,50,100,100,426898,9 10 2 12 7 14 6 5 3 11 0 1 8 13 4 
136,2.05441e-06,2.34247e-06,1.90452e-06,50,100,100,426898,9 10 2 12 7 14 6 5 3 11 0 1 8 13 4 
137,2.06004e-06,2.34247e-06,1.90328e-06,50,100,100,426898,9 10 2 12 7 14 6 5 3 11 0 1 8 13 4 
138,2.06647e-06,2.34247e-06,1.90979e-06,50,100,100,426898,9 10 2 12 7 14 6 5 3 11 0 1 8 13 4 
139,2.05447e-06,2.34247e-06,1.90414e-06,50,100,100,426898,9 10 2 12 7 14 6 5 3 11 0 1 8 13 4 
140,2.0443e-06,2.34247e-06,1.90673e-06,50,100,100,426898,9 10 2 12 7 14 6 5 3 11 0 1 8 13 4 
141,2.05439e-06,2.34247e-06,1.91837e-06,50,100,100,426898,9 10 2 12 7 14 6 5 3 11 0 1 8 13 4 
142,2.06422e-06,2.34247e-06,1.89774e-06,50,100,100,426898,9 10 2 12 7 14 6 5 3 11 0 1 8 13 4 
143,2.06297e-06,2.34247e-06,1.92001e-06,50,100,100,426898,9 10 2 12 7 14 6 5 3 11 0 1 8 13 4 
144,2.06841e-06,2.34247e-06,1.92162e-06,50,100,100,426898,9 10 2 12 7 14 6 5 3 11 0 1 8 13 4 
145,2.05605e-06,2.34247e-06,1.90822e-06,50,100,100,426898,9 10 2 12 7 14 6 5 3 11 0 1 8 13 4 
146,2.05537e-06,2.34247e-06,1.90091e-06,50,100,100,426898,9 10 2 12 7 14 6 5 3 11 0 1 8 13 4 
147,2.0561e-06,2.34247e-06,1.95515e-06,50,100,100,426898,9 10 2 12 7 14 6 5 3 11 0 1 8 13 4 
148,2.06893e-06,2.34247e-06,1.93635e-06,50,100,100,426898,9 10 2 12 7 14 6 5 3 11 0 1 8 13 4 
149,2.05749e-06,2.34247e-06,1.94309e-06,50,100,100,426898,9 10 2 12 7 14 6 5 3 11 0 1 8 13 4 
150,2.05629e-06,2.34247e-06,1.93295e-06,50,100,100,426898,9 10 2 12 7 14 6 5 3 11 0 1 8 13 4 
151,2.06456e-06,2.36129e-06,1.92366e-06,50,100,100,423496,9 11 2 12 7 14 6 5 3 13 0 1 8 10 4 
152,2.05888e-06,2.36129e-06,1.93608e-06,50,100,100,423496,9 11 2 12 7 14 6 5 3 13 0 1 8 10 4 
153,2.06486e-06,2.36129e-06,1.92572e-06,50,100,100,423496,9 11 2 12 7 14 6 5 3 13 0 1 8 10 4 
154,2.0631e-06,2.36129e-06,1.91239e-06,50,100,100,423496,9 11 2 12 7 14 6 5 3 13 0 1 8 10 4 
155,2.05465e-06,2.36129e-06,1.88791e-06,50,100,100,423496,9 11 2 12 7 14 6 5 3 13 0 1 8 10 4 
156,2.05352e-06,2.36129e-06,1.91899e-06,50,100,100,423496,9 11 2 12 7 14 6 5 3 13 0 1 8 10 4 
157,2.04911e-06,2.36129e-06,1.86664e-06,50,100,100,423496,9 11 2 12 7 14 6 5 3 13 0 1 8 10 4 
158,2.0617e-06,2.36129e-06,1.91746e-06,50,100,100,423496,9 11 2 12 7 14 6 5 3 13 0 1 8 10 4 
159,2.0487e-06,2.36129e-06,1.87485e-06,50,100,100,423496,9 11 2 12 7 14 6 5 3 13 0 1 8 10 4 
160,2.05215e-06,2.36129e-06,1.90172e-06,50,100,100,423496,9 11 2 12 7 14 6 5 3 13 0 1 8 10 4 
161,2.04339e-06,2.36129e-06,1.89969e-06,50,100,100,423496,9 11 2 12 7 14 6 5 3 13 0 1 8 10 4 
162,2.0459e-06,2.36129e-06,1.92118e-06,50,100,100,423496,9 11 2 12 7 14 6 5 3 13 0 1 8 10 4 
163,2.05566e-06,2.36129e-06,1.89521e-06,50,100,100,423496,9 11 2 12 7 14 6 5 3 13 0 1 8 10 4 
164,2.05805e-06,2.36129e-06,1.92205e-06,50,100,100,423496,9 11 2 12 7 14 6 5 3 13 0 1 8 10 4 
165,2.04854e-06,2.36129e-06,1.89825e-06,50,100,100,423496,9 11 2 12 7 14 6 5 3 13 0 1 8 10 4 
166,2.04502e-06,2.36129e-06,1.89775e-06,50,100,100,423496,9 11 2 12 7 14 6 5 3 13 0 1 8 10 4 
167,2.05199e-06,2.36129e-06,1.91952e-06,50,100,100,423496,9 11 2 12 7 14 6 5 3 13 0 1 8 10 4 
168,2.04832e-06,2.36129e-06,1.9021e-06,50,100,100,423496,9 11 2 12 7 14 6 5 3 13 0 1 8 10 4 
169,2.06291e-06,2.36129e-06,1.91207e-06,50,100,100,423496,9 11 2 12 7 14 6 5 3 13 0 1 8 10 4 
170,2.04807e-06,2.36129e-06,1.91461e-06,50,100,100,423496,9 11 2 12 7 14 6 5 3 13 0 1 8 10 4 
171,2.05887e-06,2.36129e-06,1.92422e-06,50,100,100,423496,9 11 2 12 7 14 6 5 3 13 0 1 8 10 4 
172,2.05503e-06,2.36129e-06,1.90827e-06,50,100,100,423496,9 11 2 12 7 14 6 5 3 13 0 1 8 10 4 
173,2.06397e-06,2.36129e-06,1.92886e-06,50,100,100,423496,9 11 2 12 7 14 6 5 3 13 0 1 8 10 4 
174,2.05501e-06,2.36129e-06,1.91678e-06,50,100,100,423496,9 11 2 12 7 14 6 5 3 13 0 1 8 10 4 
175,2.04466e-06,2.36129e-06,1.94554e-06,50,100,100,423496,9 11 2 12 7 14 6 5 3 13 0 1 8 10 4 
176,2.05374e-06,2.36129e-06,1.88675e-06,50,100,100,423496,9 11 2 12 7 14 6 5 3 13 0 1 8 10 4 
177,2.04888e-06,2.36129e-06,1.85323e-06,50,100,100,423496,9 11 2 12 7 14 6 5 3 13 0 1 8 10 4 
178,2.05086e-06,2.36129e-06,1.92253e-06,50,100,100,423496,9 11 2 12 7 14 6 5 3 13 0 1 8 10 4 
179,2.04298e-06,2.36129e-06,1.90415e-06,50,100,100,423496,9 11 2 12 7 14 6 5 3 13 0 1 8 10 4 
180,2.04657e-06,2.36129e-06,1.85882e-06,50,100,100,423496,9 11 2 12 7 14 6 5 3 13 0 1 8 10 4 
181,2.04848e-06,2.36129e-06,1.90464e-06,50,100,100,423496,9 11 2 12 7 14 6 5 3 13 0 1 8 10 4 
182,2.04869e-06,2.36129e-06,1.9113e-06,50,100,100,423496,9 11 2 12 7 14 6 5 3 13 0 1 8 10 4 
183,2.05556e-06,2.36129e-06,1.90543e-06,50,100,100,423496,9 11 2 12 7 14 6 5 3 13 0 1 8 10 4 
184,2.05819e-06,2.36129e-06,1.91411e-06,50,100,100,423496,9 11 2 12 7 14 6 5 3 13 0 1 8 10 4 
185,2.04074e-06,2.36129e-06,1.91529e-06,50,100,100,423496,9 11 2 12 7 14 6 5 3 13 0 1 8 10 4 
186,2.05719e-06,2.36129e-06,1.92604e-06,50,100,100,423496,9 11 2 12 7 14 6 5 3 13 0 1 8 10 4 
187,2.05123e-06,2.36129e-06,1.92192e-06,50,100,100,423496,9 11 2 12 7 14 6 5 3 13 0 1 8 10 4 
188,2.04811e-06,2.36129e-06,1.90114e-06,50,100,100,423496,9 11 2 12 7 14 6 5 3 13 0 1 8 10 4 
189,2.04876e-06,2.36129e-06,1.9153e-06,50,100,100,423496,9 11 2 12 7 14 6 5 3 13 0 1 8 10 4 
190,2.04555e-06,2.36129e-06,1.86889e-06,50,100,100,423496,9 11 2 12 7 14 6 5 3 13 0 1 8 10 4 
191,2.05358e-06,2.36129e-06,1.90977e-06,50,100,100,423496,9 11 2 12 7 14 6 5 3 13 0 1 8 10 4 
192,2.04785e-06,2.36129e-06,1.89042e-06,50,100,100,423496,9 11 2 12 7 14 6 5 3 13 0 1 8 10 4 
193,2.06398e-06,2.36129e-06,1.92859e-06,50,100,100,423496,9 11 2 12 7 14 6 5 3 13 0 1 8 10 4 
194,2.05211e-06,2.36129e-06,1.89856e-06,50,100,100,423496,9 11 2 12 7 14 6 5 3 13 0 1 8 10 4 
195,2.04302e-06,2.36129e-06,1.90384e-06,50,100,100,423496,9 11 2 12 7 14 6 5 3 13 0 1 8 10 4 
196,2.05126e-06,2.36129e-06,1.91389e-06,50,100,100,423496,9 11 2 12 7 14 6 5 3 13 0 1 8 10 4 
197,2.05467e-06,2.36129e-06,1.92757e-06,50,100,100,423496,9 11 2 12 7 14 6 5 3 13 0 1 8 10 4 
198,2.04089e-06,2.36129e-06,1.90547e-06,50,100,100,423496,9 11 2 12 7 14 6 5 3 13 0 1 8 10 4 
199,2.04612e-06,2.36129e-06,1.8453e-06,50,100,100,423496,9 11 2 12 7 14 6 5 3 13 0 1 8 10 4 
200,2.04775e-06,2.36129e-06,1.9318e-06,50,100,100,423496,9 11 2 12 7 14 6 5 3 13 0 1 8 10 4 
201,2.06277e-06,2.36129e-06,1.91521e-06,50,100,100,423496,9 11 2 12 7 14 6 5 3 13 0 1 8 10 4 
202,2.06012e-06,2.36129e-06,1.91434e-06,50,100,100,423496,9 11 2 12 7 14 6 5 3 13 0 1 8 10 4 
203,2.05889e-06,2.36129e-06,1.92789e-06,50,100,100,423496,9 11 2 12 7 14 6 5 3 13 0 1 8 10 4 
204,2.06399e-06,2.36129e-06,1.90346e-06,50,100,100,423496,9 11 2 12 7 14 6 5 3 13 0 1 8 10 4 
205,2.06455e-06,2.36129e-06,1.92688e-06,50,100,100,423496,9 11 2 12 7 14 6 5 3 13 0 1 8 10 4 
206,2.04756e-06,2.36129e-06,1.90326e-06,50,100,100,423496,9 11 2 12 7 14 6 5 3 13 0 1 8 10 4 
207,2.06433e-06,2.36129e-06,1.94753e-06,50,100,100,423496,9 11 2 12 7 14 6 5 3 13 0 1 8 10 4 
208,2.05355e-06,2.36129e-06,1.90321e-06,50,100,100,423496,9 11 2 12 7 14 6 5 3 13 0 1 8 10 4 
209,2.04921e-06,2.36129e-06,1.9047e-06,50,100,100,423496,9 11 2 12 7 14 6 5 3 13 0 1 8 10 4 
210,2.0546e-06,2.36129e-06,1.91565e-06,50,100,100,423496,9 11 2 12 7 14 6 5 3 13 0 1 8 10 4 
211,2.05346e-06,2.36129e-06,1.91871e-06,50,100,100,423496,9 11 2 12 7 14 6 5 3 13 0 1 8 10 4 
212,2.04861e-06,2.36129e-06,1.91734e-06,50,100,100,423496,9 11 2 12 7 14 6 5 3 13 0 1 8 10 4 
213,2.04328e-06,2.36129e-06,1.90202e-06,50,100,100,423496,9 11 2 12 7 14 6 5 3 13 0 1 8 10 4 
214,2.05404e-06,2.36129e-06,1.8865e-06,50,100,100,423496,9 11 2 12 7 14 6 5 3 13 0 1 8 10 4 
215,2.07052e-06,2.36129e-06,1.91638e-06,50,100,100,423496,9 11 2 12 7 14 6 5 3 13 0 1 8 10 4 
216,2.05845e-06,2.36129e-06,1.93305e-06,50,100,100,423496,9 11 2 12 7 14 6 5 3 13 0 1 8 10 4 
217,2.05553e-06,2.36129e-06,1.93244e-06,50,100,100,423496,9 11 2 12 7 14 6 5 3 13 0 1 8 10 4 
218,2.05049e-06,2.36129e-06,1.90047e-06,50,100,100,423496,9 11 2 12 7 14 6 5 3 13 0 1 8 10 4 
219,2.05054e-06,2.36129e-06,1.91842e-06,50,100,100,423496,9 11 2 12 7 14 6 5 3 13 0 1 8 10 4 
220,2.0506e-06,2.36129e-06,1.90828e-06,50,100,100,423496,9 11 2 12 7 14 6 5 3 13 0 1 8 10 4 
221,2.06372e-06,2.36129e-06,1.89464e-06,50,100,100,423496,9 11 2 12 7 14 6 5 3 13 0 1 8 10 4 
222,2.06105e-06,2.36129e-06,1.91666e-06,50,100,100,423496,9 11 2 12 7 14 6 5 3 13 0 1 8 10 4 
223,2.05932e-06,2.36129e-06,1.89121e-06,50,100,100,423496,9 11 2 12 7 14 6 5 3 13 0 1 8 10 4 
224,2.06659e-06,2.36129e-06,1.91894e-06,50,100,100,423496,9 11 2 12 7 14 6 5 3 13 0 1 8 10 4 
225,2.05063e-06,2.36129e-06,1.91311e-06,50,100,100,423496,9 11 2 12 7 14 6 5 3 13 0 1 8 10 4 
226,2.05136e-06,2.36129e-06,1.91822e-06,50,100,100,423496,9 11 2 12 7 14 6 5 3 13 0 1 8 10 4 
227,2.0552e-06,2.36129e-06,1.92373e-06,50,100,100,423496,9 11 2 12 7 14 6 5 3 13 0 1 8 10 4 
228,2.06362e-06,2.36129e-06,1.89829e-06,50,100,100,423496,9 11 2 12 7 14 6 5 3 13 0 1 8 10 4 
229,2.05127e-06,2.36129e-06,1.90043e-06,50,100,100,423496,9 11 2 12 7 14 6 5 3 13 0 1 8 10 4 
230,2.0624e-06,2.36129e-06,1.90195e-06,50,100,100,423496,9 11 2 12 7 14 6 5 3 13 0 1 8 10 4 
231,2.05438e-06,2.36129e-06,1.88409e-06,50,100,100,423496,9 11 2 12 7 14 6 5 3 13 0 1 8 10 4 
232,2.05538e-06,2.36129e-06,1.89473e-06,50,100,100,423496,9 11 2 12 7 14 6 5 3 13 0 1 8 10 4 
233,2.05534e-06,2.36129e-06,1.92754e-06,50,100,100,423496,9 11 2 12 7 14 6 5 3 13 0 1 8 10 4 
234,2.04137e-06,2.36129e-06,1.90015e-06,50,100,100,423496,9 11 2 12 7 14 6 5 3 13 0 1 8 10 4 
235,2.06002e-06,2.36129e-06,1.89318e-06,50,100,100,423496,9 11 2 12 7 14 6 5 3 13 0 1 8 10 4 
236,2.06068e-06,2.36129e-06,1.91052e-06,50,100,100,423496,9 11 2 12 7 14 6 5 3 13 0 1 8 10 4 
237,2.06123e-06,2.37756e-06,1.90579e-06,50,100,100,420598,9 7 2 12 11 14 6 5 3 13 0 1 8 10 4 
238,2.06236e-06,2.37756e-06,1.94088e-06,50,100,100,420598,9 7 2 12 11 14 6 5 3 13 0 1 8 10 4 
239,2.05017e-06,2.37756e-06,1.90305e-06,50,100,100,420598,9 7 2 12 11 14 6 5 3 13 0 1 8 10 4 
240,2.06519e-06,2.37756e-06,1.90682e-06,50,100,100,420598,9 7 2 12 11 14 6 5 3 13 0 1 8 10 4 
241,2.05625e-06,2.37756e-06,1.90275e-06,50,100,100,420598,9 7 2 12 11 14 6 5 3 13 0 1 8 10 4 
242,2.05642e-06,2.37756e-06,1.89369e-06,50,100,100,420598,9 7 2 12 11 14 6 5 3 13 0 1 8 10 4 
243,2.04329e-06,2.37756e-06,1.88104e-06,50,100,100,420598,9 7 2 12 11 14 6 5 3 13 0 1 8 10 4 
244,2.04517e-06,2.37756e-06,1.8922e-06,50,100,100,420598,9 7 2 12 11 14 6 5 3 13 0 1 8 10 4 
245,2.05772e-06,2.37756e-06,1.86433e-06,50,100,100,420598,9 7 2 12 11 14 6 5 3 13 0 1 8 10 4 
246,2.06e-06,2.37756e-06,1.92811e-06,50,100,100,420598,9 7 2 12 11 14 6 5 3 13 0 1 8 10 4 
247,2.05118e-06,2.37756e-06,1.88736e-06,50,100,100,420598,9 7 2 12 11 14 6 5 3 13 0 1 8 10 4 
248,2.06833e-06,2.37756e-06,1.92039e-06,50,100,100,420598,9 7 2 12 11 14 6 5 3 13 0 1 8 10 4 
249,2.04666e-06,2.37756e-06,1.92885e-06,50,100,100,420598,9 7 2 12 11 14 6 5 3 13 0 1 8 10 4 
250,2.05921e-06,2.37756e-06,1.91499e-06,50,100,100,420598,9 7 2 12 11 14 6 5 3 13 0 1 8 10 4 
251,2.06201e-06,2.37756e-06,1.88305e-06,50,100,100,420598,9 7 2 12 11 14 6 5 3 13 0 1 8 10 4 
252,2.05978e-06,2.37756e-06,1.9092e-06,50,100,100,420598,9 7 2 12 11 14 6 5 3 13 0 1 8 10 4 
253,2.05528e-06,2.37756e-06,1.92842e-06,50,100,100,420598,9 7 2 12 11 14 6 5 3 13 0 1 8 10 4 
254,2.06502e-06,2.37756e-06,1.92541e-06,50,100,100,420598,9 7 2 12 11 14 6 5 3 13 0 1 8 10 4 
255,2.07518e-06,2.37756e-06,1.93607e-06,50,100,100,420598,9 7 2 12 11 14 6 5 3 13 0 1 8 10 4 
256,2.04427e-06,2.37756e-06,1.91485e-06,50,100,100,420598,9 7 2 12 11 14 6 5 3 13 0 1 8 10 4 
257,2.05307e-06,2.37756e-06,1.89698e-06,50,100,100,420598,9 7 2 12 11 14 6 5 3 13 0 1 8 10 4 
258,2.04334e-06,2.37756e-06,1.88789e-06,50,100,100,420598,9 7 2 12 11 14 6 5 3 13 0 1 8 10 4 
259,2.05595e-06,2.37756e-06,1.94053e-06,50,100,100,420598,9 7 2 12 11 14 6 5 3 13 0 1 8 10 4 
260,2.06042e-06,2.37756e-06,1.93104e-06,50,100,100,420598,9 7 2 12 11 14 6 5 3 13 0 1 8 10 4 
261,2.06602e-06,2.37756e-06,1.91511e-06,50,100,100,420598,9 7 2 12 11 14 6 5 3 13 0 1 8 10 4 
262,2.05609e-06,2.37756e-06,1.89058e-06,50,100,100,420598,9 7 2 12 11 14 6 5 3 13 0 1 8 10 4 
263,2.05359e-06,2.37756e-06,1.92504e-06,50,100,100,420598,9 7 2 12 11 14 6 5 3 13 0 1 8 10 4 
264,2.04873e-06,2.37756e-06,1.91036e-06,50,100,100,420598,9 7 2 12 11 14 6 5 3 13 0 1 8 10 4 
265,2.05252e-06,2.37756e-06,1.90559e-06,50,100,100,420598,9 7 2 12 11 14 6 5 3 13 0 1 8 10 4 
266,2.05581e-06,2.37756e-06,1.8945e-06,50,100,100,420598,9 7 2 12 11 14 6 5 3 13 0 1 8 10 4 
267,2.06392e-06,2.37756e-06,1.93133e-06,50,100,100,420598,9 7 2 12 11 14 6 5 3 13 0 1 8 10 4 
268,2.05214e-06,2.37756e-06,1.93713e-06,50,100,100,420598,9 7 2 12 11 14 6 5 3 13 0 1 8 10 4 
269,2.07111e-06,2.37756e-06,1.92024e-06,50,100,100,420598,9 7 2 12 11 14 6 5 3 13 0 1 8 10 4 
270,2.06117e-06,2.37756e-06,1.86628e-06,50,100,100,420598,9 7 2 12 11 14 6 5 3 13 0 1 8 10 4 
271,2.05898e-06,2.37756e-06,1.93097e-06,50,100,100,420598,9 7 2 12 11 14 6 5 3 13 0 1 8 10 4 
272,2.05504e-06,2.37756e-06,1.91339e-06,50,100,100,420598,9 7 2 12 11 14 6 5 3 13 0 1 8 10 4 
273,2.0531e-06,2.37756e-06,1.89568e-06,50,100,100,420598,9 7 2 12 11 14 6 5 3 13 0 1 8 10 4 
274,2.04461e-06,2.37756e-06,1.8957e-06,50,100,100,420598,9 7 2 12 11 14 6 5 3 13 0 1 8 10 4 
275,2.05884e-06,2.37756e-06,1.91671e-06,50,100,100,420598,9 7 2 12 11 14 6 5 3 13 0 1 8 10 4 
276,2.06402e-06,2.37756e-06,1.91875e-06,50,100,100,420598,9 7 2 12 11 14 6 5 3 13 0 1 8 10 4 
277,2.06241e-06,2.37756e-06,1.9253e-06,50,100,100,420598,9 7 2 12 11 14 6 5 3 13 0 1 8 10 4 
278,2.05111e-06,2.37756e-06,1.88747e-06,50,100,100,420598,9 7 2 12 11 14 6 5 3 13 0 1 8 10 4 
279,2.05604e-06,2.37756e-06,1.92544e-06,50,100,100,420598,9 7 2 12 11 14 6 5 3 13 0 1 8 10 4 
280,2.0602e-06,2.37756e-06,1.94033e-06,50,100,100,420598,9 7 2 12 11 14 6 5 3 13 0 1 8 10 4 
281,2.04733e-06,2.37756e-06,1.90132e-06,50,100,100,420598,9 7 2 12 11 14 6 5 3 13 0 1 8 10 4 
282,2.05676e-06,2.37756e-06,1.88942e-06,50,100,100,420598,9 7 2 12 11 14 6 5 3 13 0 1 8 10 4 
283,2.0672e-06,2.37756e-06,1.91184e-06,50,100,100,420598,9 7 2 12 11 14 6 5 3 13 0 1 8 10 4 
284,2.05998e-06,2.37756e-06,1.8815e-06,50,100,100,420598,9 7 2 12 11 14 6 5 3 13 0 1 8 10 4 
285,2.04614e-06,2.37756e-06,1.88811e-06,50,100,100,420598,9 7 2 12 11 14 6 5 3 13 0 1 8 10 4 
286,2.04985e-06,2.37756e-06,1.89783e-06,50,100,100,420598,9 7 2 12 11 14 6 5 3 13 0 1 8 10 4 
287,2.03964e-06,2.37756e-06,1.90494e-06,50,100,100,420598,9 7 2 12 11 14 6 5 3 13 0 1 8 10 4 
288,2.03971e-06,2.37756e-06,1.90719e-06,50,100,100,420598,9 7 2 12 11 14 6 5 3 13 0 1 8 10 4 
289,2.05664e-06,2.37756e-06,1.90464e-06,50,100,100,420598,9 7 2 12 11 14 6 5 3 13 0 1 8 10 4 
290,2.05443e-06,2.37756e-06,1.9373e-06,50,100,100,420598,9 7 2 12 11 14 6 5 3 13 0 1 8 10 4 
291,2.05565e-06,2.37756e-06,1.86906e-06,50,100,100,420598,9 7 2 12 11 14 6 5 3 13 0 1 8 10 4 
292,2.0532e-06,2.37756e-06,1.89399e-06,50,100,100,420598,9 7 2 12 11 14 6 5 3 13 0 1 8 10 4 
293,2.0621e-06,2.37756e-06,1.90981e-06,50,100,100,420598,9 7 2 12 11 14 6 5 3 13 0 1 8 10 4 
294,2.04758e-06,2.37756e-06,1.90219e-06,50,100,100,420598,9 7 2 12 11 14 6 5 3 13 0 1 8 10 4 
295,2.04963e-06,2.37756e-06,1.8997e-06,50,100,100,420598,9 7 2 12 11 14 6 5 3 13 0 1 8 10 4 
296,2.0547e-06,2.37756e-06,1.89364e-06,50,100,100,420598,9 7 2 12 11 14 6 5 3 13 0 1 8 10 4 
297,2.06141e-06,2.37756e-06,1.88554e-06,50,100,100,420598,9 7 2 12 11 14 6 5 3 13 0 1 8 10 4 
298,2.06721e-06,2.37756e-06,1.941e-06,50,100,100,420598,9 7 2 12 11 14 6 5 3 13 0 1 8 10 4 
299,2.06296e-06,2.37756e-06,1.90213e-06,50,100,100,420598,9 7 2 12 11 14 6 5 3 13 0 1 8 10 4 
300,2.04244e-06,2.37756e-06,1.89435e-06,50,100,100,420598,9 7 2 12 11 14 6 5 3 13 0 1 8 10 4 
301,2.06359e-06,2.37756e-06,1.91141e-06,50,100,100,420598,9 7 2 12 11 14 6 5 3 13 0 1 8 10 4 
302,2.05788e-06,2.37756e-06,1.91364e-06,50,100,100,420598,9 7 2 12 11 14 6 5 3 13 0 1 8 10 4 
303,2.0562e-06,2.37756e-06,1.9119e-06,50,100,100,420598,9 7 2 12 11 14 6 5 3 13 0 1 8 10 4 
304,2.05704e-06,2.37756e-06,1.88837e-06,50,100,100,420598,9 7 2 12 11 14 6 5 3 13 0 1 8 10 4 
305,2.05847e-06,2.37756e-06,1.91222e-06,50,100,100,420598,9 7 2 12 11 14 6 5 3 13 0 1 8 10 4 
306,2.0582e-06,2.37756e-06,1.88105e-06,50,100,100,420598,9 7 2 12 11 14 6 5 3 13 0 1 8 10 4 
307,2.06733e-06,2.37756e-06,1.91431e-06,50,100,100,420598,9 7 2 12 11 14 6 5 3 13 0 1 8 10 4 
308,2.05595e-06,2.37756e-06,1.90295e-06,50,100,100,420598,9 7 2 12 11 14 6 5 3 13 0 1 8 10 4 
309,2.04633e-06,2.37756e-06,1.90255e-06,50,100,100,420598,9 7 2 12 11 14 6 5 3 13 0 1 8 10 4 
310,2.05248e-06,2.37756e-06,1.91931e-06,50,100,100,420598,9 7 2 12 11 14 6 5 3 13 0 1 8 10 4 
311,2.05622e-06,2.37756e-06,1.91845e-06,50,100,100,420598,9 7 2 12 11 14 6 5 3 13 0 1 8 10 4 
312,2.06925e-06,2.37756e-06,1.90083e-06,50,100,100,420598,9 7 2 12 11 14 6 5 3 13 0 1 8 10 4 
313,2.06113e-06,2.37756e-06,1.88309e-06,50,100,100,420598,9 7 2 12 11 14 6 5 3 13 0 1 8 10 4 
314,2.07194e-06,2.37756e-06,1.88173e-06,50,100,100,420598,9 7 2 12 11 14 6 5 3 13 0 1 8 10 4 
315,2.07734e-06,2.37756e-06,1.94125e-06,50,100,100,420598,9 7 2 12 11 14 6 5 3 13 0 1 8 10 4 
316,2.05802e-06,2.37756e-06,1.91262e-06,50,100,100,420598,9 7 2 12 11 14 6 5 3 13 0 1 8 10 4 
317,2.04683e-06,2.37756e-06,1.8963e-06,50,100,100,420598,9 7 2 12 11 14 6 5 3 13 0 1 8 10 4 
318,2.07292e-06,2.37756e-06,1.86154e-06,50,100,100,420598,9 7 2 12 11 14 6 5 3 13 0 1 8 10 4 
319,2.06603e-06,2.37756e-06,1.93166e-06,50,100,100,420598,9 7 2 12 11 14 6 5 3 13 0 1 8 10 4 
320,2.06159e-06,2.37756e-06,1.93344e-06,50,100,100,420598,9 7 2 12 11 14 6 5 3 13 0 1 8 10 4 
321,2.057e-06,2.37756e-06,1.93172e-06,50,100,100,420598,9 7 2 12 11 14 6 5 3 13 0 1 8 10 4 
322,2.0616e-06,2.37756e-06,1.8679e-06,50,100,100,420598,9 7 2 12 11 14 6 5 3 13 0 1 8 10 4 
323,2.07785e-06,2.37756e-06,1.90479e-06,50,100,100,420598,9 7 2 12 11 14 6 5 3 13 0 1 8 10 4 
324,2.05656e-06,2.37756e-06,1.87948e-06,50,100,100,420598,9 7 2 12 11 14 6 5 3 13 0 1 8 10 4 
325,2.07311e-06,2.37756e-06,1.93609e-06,50,100,100,420598,9 7 2 12 11 14 6 5 3 13 0 1 8 10 4 
326,2.05573e-06,2.37756e-06,1.91648e-06,50,100,100,420598,9 7 2 12 11 14 6 5 3 13 0 1 8 10 4 
327,2.05372e-06,2.37756e-06,1.90692e-06,50,100,100,420598,9 7 2 12 11 14 6 5 3 13 0 1 8 10 4 
328,2.05124e-06,2.37756e-06,1.89901e-06,50,100,100,420598,9 7 2 12 11 14 6 5 3 13 0 1 8 10 4 
329,2.05533e-06,2.37756e-06,1.90933e-06,50,100,100,420598,9 7 2 12 11 14 6 5 3 13 0 1 8 10 4 
330,2.05027e-06,2.37756e-06,1.92037e-06,50,100,100,420598,9 7 2 12 11 14 6 5 3 13 0 1 8 10 4 
331,2.04967e-06,2.37756e-06,1.89762e-06,50,100,100,420598,9 7 2 12 11 14 6 5 3 13 0 1 8 10 4 
332,2.03732e-06,2.37756e-06,1.90371e-06,50,100,100,420598,9 7 2 12 11 14 6 5 3 13 0 1 8 10 4 
333,2.05636e-06,2.40102e-06,1.90057e-06,50,100,100,416488,9 7 2 4 11 14 6 5 1 13 0 3 8 10 12 
334,2.05742e-06,2.40102e-06,1.91713e-06,50,100,100,416488,9 7 2 4 11 14 6 5 1 13 0 3 8 10 12 
335,2.06528e-06,2.40102e-06,1.89238e-06,50,100,100,416488,9 7 2 4 11 14 6 5 1 13 0 3 8 10 12 
336,2.0733e-06,2.40102e-06,1.90873e-06,50,100,100,416488,9 7 2 4 11 14 6 5 1 13 0 3 8 10 12 
337,2.06771e-06,2.40102e-06,1.91764e-06,50,100,100,416488,9 7 2 4 11 14 6 5 1 13 0 3 8 10 12 
338,2.06526e-06,2.40102e-06,1.89983e-06,50,100,100,416488,9 7 2 4 11 14 6 5 1 13 0 3 8 10 12 
339,2.05571e-06,2.40102e-06,1.89264e-06,50,100,100,416488,9 7 2 4 11 14 6 5 1 13 0 3 8 10 12 
340,2.06189e-06,2.40102e-06,1.91816e-06,50,100,100,416488,9 7 2 4 11 14 6 5 1 13 0 3 8 10 12 
341,2.06374e-06,2.40102e-06,1.9422e-06,50,100,100,416488,9 7 2 4 11 14 6 5 1 13 0 3 8 10 12 
342,2.061e-06,2.40102e-06,1.89317e-06,50,100,100,416488,9 7 2 4 11 14 6 5 1 13 0 3 8 10 12 
343,2.06566e-06,2.40102e-06,1.90898e-06,50,100,100,416488,9 7 2 4 11 14 6 5 1 13 0 3 8 10 12 
344,2.0706e-06,2.40102e-06,1.92433e-06,50,100,100,416488,9 7 2 4 11 14 6 5 1 13 0 3 8 10 12 
345,2.04927e-06,2.40102e-06,1.90266e-06,50,100,100,416488,9 7 2 4 11 14 6 5 1 13 0 3 8 10 12 
346,2.06709e-06,2.40102e-06,1.91259e-06,50,100,100,416488,9 7 2 4 11 14 6 5 1 13 0 3 8 10 12 
347,2.07045e-06,2.40102e-06,1.90438e-06,50,100,100,416488,9 7 2 4 11 14 6 5 1 13 0 3 8 10 12 
348,2.07146e-06,2.40102e-06,1.89936e-06,50,100,100,416488,9 7 2 4 11 14 6 5 1 13 0 3 8 10 12 
349,2.07288e-06,2.40102e-06,1.95049e-06,50,100,100,416488,9 7 2 4 11 14 6 5 1 13 0 3 8 10 12 
350,2.07017e-06,2.40102e-06,1.90788e-06,50,100,100,416488,9 7 2 4 11 14 6 5 1 13 0 3 8 10 12 
351,2.05651e-06,2.40102e-06,1.89826e-06,50,100,100,416488,9 7 2 4 11 14 6 5 1 13 0 3 8 10 12 
352,2.04499e-06,2.40102e-06,1.89856e-06,50,100,100,416488,9 7 2 4 11 14 6 5 1 13 0 3 8 10 12 
353,2.05735e-06,2.40102e-06,1.90973e-06,50,100,100,416488,9 7 2 4 11 14 6 5 1 13 0 3 8 10 12 
354,2.05341e-06,2.40102e-06,1.9025e-06,50,100,100,416488,9 7 2 4 11 14 6 5 1 13 0 3 8 10 12 
355,2.04292e-06,2.40102e-06,1.90416e-06,50,100,100,416488,9 7 2 4 11 14 6 5 1 13 0 3 8 10 12 
356,2.04607e-06,2.40102e-06,1.88049e-06,50,100,100,416488,9 7 2 4 11 14 6 5 1 13 0 3 8 10 12 
357,2.06076e-06,2.40102e-06,1.94067e-06,50,100,100,416488,9 7 2 4 11 14 6 5 1 13 0 3 8 10 12 
358,2.06062e-06,2.40102e-06,1.93019e-06,50,100,100,416488,9 7 2 4 11 14 6 5 1 13 0 3 8 10 12 
359,2.05263e-06,2.40102e-06,1.87768e-06,50,100,100,416488,9 7 2 4 11 14 6 5 1 13 0 3 8 10 12 
360,2.04497e-06,2.40102e-06,1.88313e-06,50,100,100,416488,9 7 2 4 11 14 6 5 1 13 0 3 8 10 12 
361,2.05861e-06,2.40102e-06,1.9153e-06,50,100,100,416488,9 7 2 4 11 14 6 5 1 13 0 3 8 10 12 
362,2.05593e-06,2.40102e-06,1.90089e-06,50,100,100,416488,9 7 2 4 11 14 6 5 1 13 0 3 8 10 12 
363,2.0519e-06,2.40102e-06,1.91057e-06,50,100,100,416488,9 7 2 4 11 14 6 5 1 13 0 3 8 10 12 
364,2.0684e-06,2.40102e-06,1.92281e-06,50,100,100,416488,9 7 2 4 11 14 6 5 1 13 0 3 8 10 12 
365,2.05314e-06,2.40102e-06,1.91565e-06,50,100,100,416488,9 7 2 4 11 14 6 5 1 13 0 3 8 10 12 
366,2.06223e-06,2.40102e-06,1.88371e-06,50,100,100,416488,9 7 2 4 11 14 6 5 1 13 0 3 8 10 12 
367,2.0583e-06,2.40102e-06,1.9287e-06,50,100,100,416488,9 7 2 4 11 14 6 5 1 13 0 3 8 10 12 
368,2.06498e-06,2.40102e-06,1.90909e-06,50,100,100,416488,9 7 2 4 11 14 6 5 1 13 0 3 8 10 12 
369,2.05268e-06,2.40102e-06,1.89701e-06,50,100,100,416488,9 7 2 4 11 14 6 5 1 13 0 3 8 10 12 
370,2.04895e-06,2.40102e-06,1.89443e-06,50,100,100,416488,9 7 2 4 11 14 6 5 1 13 0 3 8 10 12 
371,2.07598e-06,2.40102e-06,1.91065e-06,50,100,100,416488,9 7 2 4 11 14 6 5 1 13 0 3 8 10 12 
372,2.05847e-06,2.40102e-06,1.92667e-06,50,100,100,416488,9 7 2 4 11 14 6 5 1 13 0 3 8 10 12 
373,2.0647e-06,2.40102e-06,1.90807e-06,50,100,100,416488,9 7 2 4 11 14 6 5 1 13 0 3 8 10 12 
374,2.06451e-06,2.40102e-06,1.9085e-06,50,100,100,416488,9 7 2 4 11 14 6 5 1 13 0 3 8 10 12 
375,2.0704e-06,2.40102e-06,1.89751e-06,50,100,100,416488,9 7 2 4 11 14 6 5 1 13 0 3 8 10 12 
376,2.07299e-06,2.40102e-06,1.90546e-06,50,100,100,416488,9 7 2 4 11 14 6 5 1 13 0 3 8 10 12 
377,2.0732e-06,2.40102e-06,1.93786e-06,50,100,100,416488,9 7 2 4 11 14 6 5 1 13 0 3 8 10 12 
378,2.0703e-06,2.40102e-06,1.89677e-06,50,100,100,416488,9 7 2 4 11 14 6 5 1 13 0 3 8 10 12 
379,2.06523e-06,2.40102e-06,1.92155e-06,50,100,100,416488,9 7 2 4 11 14 6 5 1 13 0 3 8 10 12 
380,2.0665e-06,2.40102e-06,1.92381e-06,50,100,100,416488,9 7 2 4 11 14 6 5 1 13 0 3 8 10 12 
381,2.05421e-06,2.40102e-06,1.88763e-06,50,100,100,416488,9 7 2 4 11 14 6 5 1 13 0 3 8 10 12 
382,2.04905e-06,2.40102e-06,1.89819e-06,50,100,100,416488,9 7 2 4 11 14 6 5 1 13 0 3 8 10 12 
383,2.05398e-06,2.40102e-06,1.89448e-06,50,100,100,416488,9 7 2 4 11 14 6 5 1 13 0 3 8 10 12 
384,2.05792e-06,2.40102e-06,1.89412e-06,50,100,100,416488,9 7 2 4 11 14 6 5 1 13 0 3 8 10 12 
385,2.05247e-06,2.40102e-06,1.89284e-06,50,100,100,416488,9 7 2 4 11 14 6 5 1 13 0 3 8 10 12 
386,2.05642e-06,2.40102e-06,1.89064e-06,50,100,100,416488,9 7 2 4 11 14 6 5 1 13 0 3 8 10 12 
387,2.04933e-06,2.40102e-06,1.90221e-06,50,100,100,416488,9 7 2 4 11 14 6 5 1 13 0 3 8 10 12 
388,2.0594e-06,2.40102e-06,1.91317e-06,50,100,100,416488,9 7 2 4 11 14 6 5 1 13 0 3 8 10 12 
389,2.06013e-06,2.40102e-06,1.91269e-06,50,100,100,416488,9 7 2 4 11 14 6 5 1 13 0 3 8 10 12 
390,2.05793e-06,2.40102e-06,1.94656e-06,50,100,100,416488,9 7 2 4 11 14 6 5 1 13 0 3 8 10 12 
391,2.06469e-06,2.40102e-06,1.95382e-06,50,100,100,416488,9 7 2 4 11 14 6 5 1 13 0 3 8 10 12 
392,2.0577e-06,2.40102e-06,1.8995e-06,50,100,100,416488,9 7 2 4 11 14 6 5 1 13 0 3 8 10 12 
393,2.05423e-06,2.40102e-06,1.89359e-06,50,100,100,416488,9 7 2 4 11 14 6 5 1 13 0 3 8 10 12 
394,2.05694e-06,2.40102e-06,1.92847e-06,50,100,100,416488,9 7 2 4 11 14 6 5 1 13 0 3 8 10 12 
395,2.04897e-06,2.40102e-06,1.90772e-06,50,100,100,416488,9 7 2 4 11 14 6 5 1 13 0 3 8 10 12 
396,2.06473e-06,2.40102e-06,1.89528e-06,50,100,100,416488,9 7 2 4 11 14 6 5 1 13 0 3 8 10 12 
397,2.07181e-06,2.40102e-06,1.91471e-06,50,100,100,416488,9 7 2 4 11 14 6 5 1 13 0 3 8 10 12 
398,2.06337e-06,2.40102e-06,1.95005e-06,50,100,100,416488,9 7 2 4 11 14 6 5 1 13 0 3 8 10 12 
399,2.06357e-06,2.40102e-06,1.89354e-06,50,100,100,416488,9 7 2 4 11 14 6 5 1 13 0 3 8 10 12 
400,2.05491e-06,2.40102e-06,1.904e-06,50,100,100,416488,9 7 2 4 11 14 6 5 1 13 0 3 8 10 12 
401,2.07196e-06,2.40102e-06,1.92656e-06,50,100,100,416488,9 7 2 4 11 14 6 5 1 13 0 3 8 10 12 
402,2.06918e-06,2.40102e-06,1.92536e-06,50,100,100,416488,9 7 2 4 11 14 6 5 1 13 0 3 8 10 12 
403,2.0747e-06,2.40102e-06,1.94223e-06,50,100,100,416488,9 7 2 4 11 14 6 5 1 13 0 3 8 10 12 
404,2.06758e-06,2.40102e-06,1.89236e-06,50,100,100,416488,9 7 2 4 11 14 6 5 1 13 0 3 8 10 12 
405,2.08745e-06,2.40102e-06,1.92847e-06,50,100,100,416488,9 7 2 4 11 14 6 5 1 13 0 3 8 10 12 
406,2.07675e-06,2.40102e-06,1.94408e-06,50,100,100,416488,9 7 2 4 11 14 6 5 1 13 0 3 8 10 12 
407,2.06843e-06,2.40102e-06,1.88385e-06,50,100,100,416488,9 7 2 4 11 14 6 5 1 13 0 3 8 10 12 
408,2.06863e-06,2.40102e-06,1.90156e-06,50,100,100,416488,9 7 2 4 11 14 6 5 1 13 0 3 8 10 12 
409,2.07796e-06,2.40102e-06,1.91701e-06,50,100,100,416488,9 7 2 4 11 14 6 5 1 13 0 3 8 10 12 
410,2.05352e-06,2.40102e-06,1.89957e-06,50,100,100,416488,9 7 2 4 11 14 6 5 1 13 0 3 8 10 12 
411,2.07792e-06,2.40102e-06,1.93727e-06,50,100,100,416488,9 7 2 4 11 14 6 5 1 13 0 3 8 10 12 
412,2.07762e-06,2.40102e-06,1.91925e-06,50,100,100,416488,9 7 2 4 11 14 6 5 1 13 0 3 8 10 12 
413,2.06496e-06,2.40102e-06,1.9308e-06,50,100,100,416488,9 7 2 4 11 14 6 5 1 13 0 3 8 10 12 
414,2.06163e-06,2.40102e-06,1.91509e-06,50,100,100,416488,9 7 2 4 11 14 6 5 1 13 0 3 8 10 12 
415,2.07115e-06,2.40102e-06,1.93383e-06,50,100,100,416488,9 7 2 4 11 14 6 5 1 13 0 3 8 10 12 
416,2.0707e-06,2.40102e-06,1.91581e-06,50,100,100,416488,9 7 2 4 11 14 6 5 1 13 0 3 8 10 12 
417,2.06718e-06,2.40102e-06,1.92007e-06,50,100,100,416488,9 7 2 4 11 14 6 5 1 13 0 3 8 10 12 
418,2.0635e-06,2.40102e-06,1.89994e-06,50,100,100,416488,9 7 2 4 11 14 6 5 1 13 0 3 8 10 12 
419,2.05863e-06,2.40102e-06,1.90524e-06,50,100,100,416488,9 7 2 4 11 14 6 5 1 13 0 3 8 10 12 
420,2.05579e-06,2.40102e-06,1.93209e-06,50,100,100,416488,9 7 2 4 11 14 6 5 1 13 0 3 8 10 12 
421,2.07164e-06,2.40102e-06,1.93459e-06,50,100,100,416488,9 7 2 4 11 14 6 5 1 13 0 3 8 10 12 
422,2.07217e-06,2.40102e-06,1.92912e-06,50,100,100,416488,9 7 2 4 11 14 6 5 1 13 0 3 8 10 12 
423,2.07804e-06,2.40102e-06,1.93404e-06,50,100,100,416488,9 7 2 4 11 14 6 5 1 13 0 3 8 10 12 
424,2.06937e-06,2.40102e-06,1.93434e-06,50,100,100,416488,9 7 2 4 11 14 6 5 1 13 0 3 8 10 12 
425,2.07059e-06,2.40102e-06,1.94288e-06,50,100,100,416488,9 7 2 4 11 14 6 5 1 13 0 3 8 10 12 
426,2.06846e-06,2.40102e-06,1.91455e-06,50,100,100,416488,9 7 2 4 11 14 6 5 1 13 0 3 8 10 12 
427,2.05957e-06,2.40102e-06,1.91378e-06,50,100,100,416488,9 7 2 4 11 14 6 5 1 13 0 3 8 10 12 
428,2.0621e-06,2.40102e-06,1.89503e-06,50,100,100,416488,9 7 2 4 11 14 6 5 1 13 0 3 8 10 12 
429,2.06832e-06,2.40102e-06,1.88886e-06,50,100,100,416488,9 7 2 4 11 14 6 5 1 13 0 3 8 10 12 
430,2.06271e-06,2.40102e-06,1.89936e-06,50,100,100,416488,9 7 2 4 11 14 6 5 1 13 0 3 8 10 12 
431,2.05604e-06,2.40102e-06,1.90132e-06,50,100,100,416488,9 7 2 4 11 14 6 5 1 13 0 3 8 10 12 
432,2.06891e-06,2.40102e-06,1.92919e-06,50,100,100,416488,9 7 2 4 11 14 6 5 1 13 0 3 8 10 12 
433,2.06507e-06,2.40102e-06,1.92378e-06,50,100,100,416488,9 7 2 4 11 14 6 5 1 13 0 3 8 10 12 
434,2.0597e-06,2.40102e-06,1.92126e-06,50,100,100,416488,9 7 2 4 11 14 6 5 1 13 0 3 8 10 12 
435,2.06146e-06,2.40102e-06,1.92134e-06,50,100,100,416488,9 7 2 4 11 14 6 5 1 13 0 3 8 10 12 
436,2.06097e-06,2.40102e-06,1.94626e-06,50,100,100,416488,9 7 2 4 11 14 6 5 1 13 0 3 8 10 12 
437,2.05207e-06,2.40102e-06,1.91212e-06,50,100,100,416488,9 7 2 4 11 14 6 5 1 13 0 3 8 10 12 
438,2.05481e-06,2.40102e-06,1.91815e-06,50,100,100,416488,9 7 2 4 11 14 6 5 1 13 0 3 8 10 12 
439,2.07071e-06,2.40102e-06,1.8945e-06,50,100,100,416488,9 7 2 4 11 14 6 5 1 13 0 3 8 10 12 
440,2.06468e-06,2.40102e-06,1.90021e-06,50,100,100,416488,9 7 2 4 11 14 6 5 1 13 0 3 8 10 12 
441,2.06602e-06,2.40102e-06,1.88518e-06,50,100,100,416488,9 7 2 4 11 14 6 5 1 13 0 3 8 10 12 
442,2.07009e-06,2.40102e-06,1.8968e-06,50,100,100,416488,9 7 2 4 11 14 6 5 1 13 0 3 8 10 12 
443,2.06312e-06,2.40102e-06,1.92069e-06,50,100,100,416488,9 7 2 4 11 14 6 5 1 13 0 3 8 10 12 
444,2.06903e-06,2.40102e-06,1.91035e-06,50,100,100,416488,9 7 2 4 11 14 6 5 1 13 0 3 8 10 12 
445,2.0816e-06,2.41993e-06,1.92327e-06,50,100,100,413234,9 11 2 4 14 7 6 5 1 13 0 3 8 10 12 
446,2.07028e-06,2.41993e-06,1.9108e-06,50,100,100,413234,9 11 2 4 14 7 6 5 1 13 0 3 8 10 12 
447,2.05984e-06,2.41993e-06,1.93488e-06,50,100,100,413234,9 11 2 4 14 7 6 5 1 13 0 3 8 10 12 
448,2.05345e-06,2.41993e-06,1.90923e-06,50,100,100,413234,9 11 2 4 14 7 6 5 1 13 0 3 8 10 12 
449,2.05829e-06,2.41993e-06,1.92638e-06,50,100,100,413234,9 11 2 4 14 7 6 5 1 13 0 3 8 10 12 
450,2.05035e-06,2.41993e-06,1.9061e-06,50,100,100,413234,9 11 2 4 14 7 6 5 1 13 0 3 8 10 12 
451,2.06393e-06,2.41993e-06,1.88153e-06,50,100,100,413234,9 11 2 4 14 7 6 5 1 13 0 3 8 10 12 
452,2.0693e-06,2.41993e-06,1.92033e-06,50,100,100,413234,9 11 2 4 14 7 6 5 1 13 0 3 8 10 12 
453,2.06099e-06,2.41993e-06,1.90287e-06,50,100,100,413234,9 11 2 4 14 7 6 5 1 13 0 3 8 10 12 
454,2.06292e-06,2.42392e-06,1.91015e-06,50,100,100,412554,9 11 2 4 7 14 6 5 1 13 0 3 8 10 12 
455,2.06883e-06,2.42392e-06,1.93714e-06,50,100,100,412554,9 11 2 4 7 14 6 5 1 13 0 3 8 10 12 
456,2.06327e-06,2.42392e-06,1.92441e-06,50,100,100,412554,9 11 2 4 7 14 6 5 1 13 0 3 8 10 12 
457,2.06783e-06,2.42392e-06,1.88982e-06,50,100,100,412554,9 11 2 4 7 14 6 5 1 13 0 3 8 10 12 
458,2.0672e-06,2.42392e-06,1.94789e-06,50,100,100,412554,9 11 2 4 7 14 6 5 1 13 0 3 8 10 12 
459,2.06204e-06,2.42392e-06,1.90504e-06,50,100,100,412554,9 11 2 4 7 14 6 5 1 13 0 3 8 10 12 
460,2.06648e-06,2.42392e-06,1.9029e-06,50,100,100,412554,9 11 2 4 7 14 6 5 1 13 0 3 8 10 12 
461,2.07013e-06,2.42392e-06,1.92128e-06,50,100,100,412554,9 11 2 4 7 14 6 5 1 13 0 3 8 10 12 
462,2.06335e-06,2.42392e-06,1.89142e-06,50,100,100,412554,9 11 2 4 7 14 6 5 1 13 0 3 8 10 12 
463,2.08108e-06,2.42392e-06,1.93848e-06,50,100,100,412554,9 11 2 4 7 14 6 5 1 13 0 3 8 10 12 
464,2.07106e-06,2.42392e-06,1.87869e-06,50,100,100,412554,9 11 2 4 7 14 6 5 1 13 0 3 8 10 12 
465,2.06253e-06,2.42392e-06,1.88642e-06,50,100,100,412554,9 11 2 4 7 14 6 5 1 13 0 3 8 10 12 
466,2.06714e-06,2.42392e-06,1.92484e-06,50,100,100,412554,9 11 2 4 7 14 6 5 1 13 0 3 8 10 12 
467,2.06524e-06,2.42392e-06,1.94294e-06,50,100,100,412554,9 11 2 4 7 14 6 5 1 13 0 3 8 10 12 
468,2.06496e-06,2.42392e-06,1.90128e-06,50,100,100,412554,9 11 2 4 7 14 6 5 1 13 0 3 8 10 12 
469,2.07306e-06,2.42392e-06,1.88199e-06,50,100,100,412554,9 11 2 4 7 14 6 5 1 13 0 3 8 10 12 
470,2.08009e-06,2.42392e-06,1.94322e-06,50,100,100,412554,9 11 2 4 7 14 6 5 1 13 0 3 8 10 12 
471,2.06002e-06,2.42392e-06,1.92462e-06,50,100,100,412554,9 11 2 4 7 14 6 5 1 13 0 3 8 10 12 
472,2.05822e-06,2.42392e-06,1.9261e-06,50,100,100,412554,9 11 2 4 7 14 6 5 1 13 0 3 8 10 12 
473,2.04791e-06,2.42392e-06,1.91335e-06,50,100,100,412554,9 11 2 4 7 14 6 5 1 13 0 3 8 10 12 
474,2.05848e-06,2.42392e-06,1.94387e-06,50,100,100,412554,9 11 2 4 7 14 6 5 1 13 0 3 8 10 12 
475,2.06136e-06,2.42392e-06,1.94214e-06,50,100,100,412554,9 11 2 4 7 14 6 5 1 13 0 3 8 10 12 
476,2.07233e-06,2.42392e-06,1.93269e-06,50,100,100,412554,9 11 2 4 7 14 6 5 1 13 0 3 8 10 12 
477,2.07785e-06,2.42392e-06,1.92166e-06,50,100,100,412554,9 11 2 4 7 14 6 5 1 13 0 3 8 10 12 
478,2.06761e-06,2.42392e-06,1.95429e-06,50,100,100,412554,9 11 2 4 7 14 6 5 1 13 0 3 8 10 12 
479,2.06043e-06,2.42392e-06,1.9124e-06,50,100,100,412554,9 11 2 4 7 14 6 5 1 13 0 3 8 10 12 
480,2.06517e-06,2.42392e-06,1.93144e-06,50,100,100,412554,9 11 2 4 7 14 6 5 1 13 0 3 8 10 12 
481,2.0781e-06,2.42392e-06,1.92918e-06,50,100,100,412554,9 11 2 4 7 14 6 5 1 13 0 3 8 10 12 
482,2.06086e-06,2.42392e-06,1.90028e-06,50,100,100,412554,9 11 2 4 7 14 6 5 1 13 0 3 8 10 12 
483,2.06293e-06,2.42392e-06,1.91832e-06,50,100,100,412554,9 11 2 4 7 14 6 5 1 13 0 3 8 10 12 
484,2.0649e-06,2.42392e-06,1.9118e-06,50,100,100,412554,9 11 2 4 7 14 6 5 1 13 0 3 8 10 12 
485,2.07393e-06,2.42392e-06,1.91088e-06,50,100,100,412554,9 11 2 4 7 14 6 5 1 13 0 3 8 10 12 
486,2.0815e-06,2.42392e-06,1.93046e-06,50,100,100,412554,9 11 2 4 7 14 6 5 1 13 0 3 8 10 12 
487,2.07388e-06,2.42392e-06,1.89353e-06,50,100,100,412554,9 11 2 4 7 14 6 5 1 13 0 3 8 10 12 
488,2.07327e-06,2.42392e-06,1.91302e-06,50,100,100,412554,9 11 2 4 7 14 6 5 1 13 0 3 8 10 12 
489,2.0571e-06,2.42392e-06,1.87606e-06,50,100,100,412554,9 11 2 4 7 14 6 5 1 13 0 3 8 10 12 
490,2.06529e-06,2.42392e-06,1.90989e-06,50,100,100,412554,9 11 2 4 7 14 6 5 1 13 0 3 8 10 12 
491,2.0601e-06,2.42392e-06,1.89236e-06,50,100,100,412554,9 11 2 4 7 14 6 5 1 13 0 3 8 10 12 
492,2.05054e-06,2.42392e-06,1.89485e-06,50,100,100,412554,9 11 2 4 7 14 6 5 1 13 0 3 8 10 12 
493,2.0612e-06,2.42392e-06,1.9124e-06,50,100,100,412554,9 11 2 4 7 14 6 5 1 13 0 3 8 10 12 
494,2.07147e-06,2.42392e-06,1.92707e-06,50,100,100,412554,9 11 2 4 7 14 6 5 1 13 0 3 8 10 12 
495,2.05117e-06,2.42392e-06,1.92182e-06,50,100,100,412554,9 11 2 4 7 14 6 5 1 13 0 3 8 10 12 
496,2.05336e-06,2.42392e-06,1.88517e-06,50,100,100,412554,9 11 2 4 7 14 6 5 1 13 0 3 8 10 12 
497,2.06093e-06,2.42392e-06,1.90871e-06,50,100,100,412554,9 11 2 4 7 14 6 5 1 13 0 3 8 10 12 
498,2.06488e-06,2.42392e-06,1.86592e-06,50,100,100,412554,9 11 2 4 7 14 6 5 1 13 0 3 8 10 12 
499,2.05985e-06,2.42392e-06,1.92735e-06,50,100,100,412554,9 11 2 4 7 14 6 5 1 13 0 3 8 10 12 
500,2.07235e-06,2.42392e-06,1.90403e-06,50,100,100,412554,9 11 2 4 7 14 6 5 1 13 0 3 8 10 12 
501,2.05618e-06,2.42392e-06,1.89217e-06,50,100,100,412554,9 11 2 4 7 14 6 5 1 13 0 3 8 10 12 
502,2.07046e-06,2.42392e-06,1.91898e-06,50,100,100,412554,9 11 2 4 7 14 6 5 1 13 0 3 8 10 12 
503,2.06692e-06,2.42392e-06,1.91667e-06,50,100,100,412554,9 11 2 4 7 14 6 5 1 13 0 3 8 10 12 
504,2.0659e-06,2.42392e-06,1.92401e-06,50,100,100,412554,9 11 2 4 7 14 6 5 1 13 0 3 8 10 12 
505,2.05546e-06,2.42392e-06,1.9029e-06,50,100,100,412554,9 11 2 4 7 14 6 5 1 13 0 3 8 10 12 
506,2.05973e-06,2.42392e-06,1.92452e-06,50,100,100,412554,9 11 2 4 7 14 6 5 1 13 0 3 8 10 12 
507,2.06228e-06,2.42392e-06,1.91258e-06,50,100,100,412554,9 11 2 4 7 14 6 5 1 13 0 3 8 10 12 
508,2.06353e-06,2.42392e-06,1.91338e-06,50,100,100,412554,9 11 2 4 7 14 6 5 1 13 0 3 8 10 12 
509,2.04811e-06,2.42392e-06,1.88601e-06,50,100,100,412554,9 11 2 4 7 14 6 5 1 13 0 3 8 10 12 
510,2.07087e-06,2.42392e-06,1.91156e-06,50,100,100,412554,9 11 2 4 7 14 6 5 1 13 0 3 8 10 12 
511,2.06359e-06,2.42392e-06,1.88938e-06,50,100,100,412554,9 11 2 4 7 14 6 5 1 13 0 3 8 10 12 
512,2.06988e-06,2.42392e-06,1.93185e-06,50,100,100,412554,9 11 2 4 7 14 6 5 1 13 0 3 8 10 12 
513,2.05004e-06,2.42392e-06,1.90469e-06,50,100,100,412554,9 11 2 4 7 14 6 5 1 13 0 3 8 10 12 
514,2.06048e-06,2.42392e-06,1.91143e-06,50,100,100,412554,9 11 2 4 7 14 6 5 1 13 0 3 8 10 12 
515,2.06401e-06,2.42392e-06,1.92511e-06,50,100,100,412554,9 11 2 4 7 14 6 5 1 13 0 3 8 10 12 
516,2.05451e-06,2.42392e-06,1.92658e-06,50,100,100,412554,9 11 2 4 7 14 6 5 1 13 0 3 8 10 12 
517,2.06263e-06,2.42392e-06,1.91691e-06,50,100,100,412554,9 11 2 4 7 14 6 5 1 13 0 3 8 10 12 
518,2.05788e-06,2.42392e-06,1.89003e-06,50,100,100,412554,9 11 2 4 7 14 6 5 1 13 0 3 8 10 12 
519,2.06694e-06,2.42392e-06,1.88759e-06,50,100,100,412554,9 11 2 4 7 14 6 5 1 13 0 3 8 10 12 
520,2.07695e-06,2.42392e-06,1.93352e-06,50,100,100,412554,9 11 2 4 7 14 6 5 1 13 0 3 8 10 12 
521,2.06921e-06,2.42392e-06,1.89108e-06,50,100,100,412554,9 11 2 4 7 14 6 5 1 13 0 3 8 10 12 
522,2.07037e-06,2.42392e-06,1.92417e-06,50,100,100,412554,9 11 2 4 7 14 6 5 1 13 0 3 8 10 12 
523,2.06545e-06,2.42392e-06,1.91475e-06,50,100,100,412554,9 11 2 4 7 14 6 5 1 13 0 3 8 10 12 
524,2.07853e-06,2.42392e-06,1.93201e-06,50,100,100,412554,9 11 2 4 7 14 6 5 1 13 0 3 8 10 12 
525,2.07147e-06,2.42392e-06,1.88831e-06,50,100,100,412554,9 11 2 4 7 14 6 5 1 13 0 3 8 10 12 
526,2.06419e-06,2.42392e-06,1.93423e-06,50,100,100,412554,9 11 2 4 7 14 6 5 1 13 0 3 8 10 12 
527,2.06184e-06,2.42392e-06,1.90889e-06,50,100,100,412554,9 11 2 4 7 14 6 5 1 13 0 3 8 10 12 
528,2.07354e-06,2.42392e-06,1.93156e-06,50,100,100,412554,9 11 2 4 7 14 6 5 1 13 0 3 8 10 12 
529,2.07288e-06,2.42392e-06,1.90799e-06,50,100,100,412554,9 11 2 4 7 14 6 5 1 13 0 3 8 10 12 
530,2.06174e-06,2.42392e-06,1.92193e-06,50,100,100,412554,9 11 2 4 7 14 6 5 1 13 0 3 8 10 12 
531,2.06292e-06,2.42392e-06,1.87769e-06,50,100,100,412554,9 11 2 4 7 14 6 5 1 13 0 3 8 10 12 
532,2.07196e-06,2.42392e-06,1.88485e-06,50,100,100,412554,9 11 2 4 7 14 6 5 1 13 0 3 8 10 12 
533,2.06325e-06,2.42392e-06,1.90707e-06,50,100,100,412554,9 11 2 4 7 14 6 5 1 13 0 3 8 10 12 
534,2.06452e-06,2.42392e-06,1.92239e-06,50,100,100,412554,9 11 2 4 7 14 6 5 1 13 0 3 8 10 12 
535,2.06732e-06,2.42392e-06,1.89777e-06,50,100,100,412554,9 11 2 4 7 14 6 5 1 13 0 3 8 10 12 
536,2.06113e-06,2.42392e-06,1.89422e-06,50,100,100,412554,9 11 2 4 7 14 6 5 1 13 0 3 8 10 12 
537,2.0668e-06,2.42392e-06,1.91264e-06,50,100,100,412554,9 11 2 4 7 14 6 5 1 13 0 3 8 10 12 
538,2.06544e-06,2.42392e-06,1.89778e-06,50,100,100,412554,9 11 2 4 7 14 6 5 1 13 0 3 8 10 12 
539,2.06725e-06,2.42392e-06,1.90603e-06,50,100,100,412554,9 11 2 4 7 14 6 5 1 13 0 3 8 10 12 
540,2.06662e-06,2.42392e-06,1.88217e-06,50,100,100,412554,9 11 2 4 7 14 6 5 1 13 0 3 8 10 12 
541,2.0764e-06,2.42392e-06,1.92923e-06,50,100,100,412554,9 11 2 4 7 14 6 5 1 13 0 3 8 10 12 
542,2.0772e-06,2.42392e-06,1.90314e-06,50,100,100,412554,9 11 2 4 7 14 6 5 1 13 0 3 8 10 12 
543,2.07376e-06,2.42392e-06,1.88382e-06,50,100,100,412554,9 11 2 4 7 14 6 5 1 13 0 3 8 10 12 
544,2.06144e-06,2.42392e-06,1.90193e-06,50,100,100,412554,9 11 2 4 7 14 6 5 1 13 0 3 8 10 12 
545,2.07157e-06,2.42392e-06,1.91237e-06,50,100,100,412554,9 11 2 4 7 14 6 5 1 13 0 3 8 10 12 
546,2.05392e-06,2.42392e-06,1.9158e-06,50,100,100,412554,9 11 2 4 7 14 6 5 1 13 0 3 8 10 12 
547,2.0527e-06,2.42392e-06,1.8996e-06,50,100,100,412554,9 11 2 4 7 14 6 5 1 13 0 3 8 10 12 
548,2.06312e-06,2.42392e-06,1.89172e-06,50,100,100,412554,9 11 2 4 7 14 6 5 1 13 0 3 8 10 12 
549,2.07255e-06,2.42392e-06,1.91071e-06,50,100,100,412554,9 11 2 4 7 14 6 5 1 13 0 3 8 10 12 
550,2.06932e-06,2.42392e-06,1.95593e-06,50,100,100,412554,9 11 2 4 7 14 6 5 1 13 0 3 8 10 12 
551,2.05712e-06,2.42392e-06,1.89954e-06,50,100,100,412554,9 11 2 4 7 14 6 5 1 13 0 3 8 10 12 
552,2.06363e-06,2.42392e-06,1.9034e-06,50,100,100,412554,9 11 2 4 7 14 6 5 1 13 0 3 8 10 12 
553,2.06187e-06,2.42392e-06,1.91739e-06,50,100,100,412554,9 11 2 4 7 14 6 5 1 13 0 3 8 10 12 
554,2.05244e-06,2.42392e-06,1.91179e-06,50,100,100,412554,9 11 2 4 7 14 6 5 1 13 0 3 8 10 12 
555,2.06825e-06,2.42392e-06,1.85294e-06,50,100,100,412554,9 11 2 4 7 14 6 5 1 13 0 3 8 10 12 
556,2.06083e-06,2.42392e-06,1.93256e-06,50,100,100,412554,9 11 2 4 7 14 6 5 1 13 0 3 8 10 12 
557,2.04767e-06,2.42392e-06,1.90103e-06,50,100,100,412554,9 11 2 4 7 14 6 5 1 13 0 3 8 10 12 
558,2.04689e-06,2.42392e-06,1.89833e-06,50,100,100,412554,9 11 2 4 7 14 6 5 1 13 0 3 8 10 12 
559,2.05042e-06,2.42392e-06,1.90097e-06,50,100,100,412554,9 11 2 4 7 14 6 5 1 13 0 3 8 10 12 
560,2.05519e-06,2.42392e-06,1.87685e-06,50,100,100,412554,9 11 2 4 7 14 6 5 1 13 0 3 8 10 12 
561,2.06365e-06,2.42392e-06,1.90827e-06,50,100,100,412554,9 11 2 4 7 14 6 5 1 13 0 3 8 10 12 
562,2.05257e-06,2.42392e-06,1.90865e-06,50,100,100,412554,9 11 2 4 7 14 6 5 1 13 0 3 8 10 12 
563,2.06622e-06,2.42392e-06,1.92689e-06,50,100,100,412554,9 11 2 4 7 14 6 5 1 13 0 3 8 10 12 
564,2.06757e-06,2.42392e-06,1.88667e-06,50,100,100,412554,9 11 2 4 7 14 6 5 1 13 0 3 8 10 12 
565,2.0709e-06,2.42392e-06,1.91904e-06,50,100,100,412554,9 11 2 4 7 14 6 5 1 13 0 3 8 10 12 
566,2.073e-06,2.42392e-06,1.92699e-06,50,100,100,412554,9 11 2 4 7 14 6 5 1 13 0 3 8 10 12 
567,2.06525e-06,2.42392e-06,1.91551e-06,50,100,100,412554,9 11 2 4 7 14 6 5 1 13 0 3 8 10 12 
568,2.05939e-06,2.42392e-06,1.88544e-06,50,100,100,412554,9 11 2 4 7 14 6 5 1 13 0 3 8 10 12 
569,2.04613e-06,2.42392e-06,1.91461e-06,50,100,100,412554,9 11 2 4 7 14 6 5 1 13 0 3 8 10 12 
570,2.05959e-06,2.42392e-06,1.91905e-06,50,100,100,412554,9 11 2 4 7 14 6 5 1 13 0 3 8 10 12 
571,2.04664e-06,2.42392e-06,1.92966e-06,50,100,100,412554,9 11 2 4 7 14 6 5 1 13 0 3 8 10 12 
572,2.04587e-06,2.42392e-06,1.89817e-06,50,100,100,412554,9 11 2 4 7 14 6 5 1 13 0 3 8 10 12 
573,2.06127e-06,2.42392e-06,1.89925e-06,50,100,100,412554,9 11 2 4 7 14 6 5 1 13 0 3 8 10 12 
574,2.04907e-06,2.42392e-06,1.93523e-06,50,100,100,412554,9 11 2 4 7 14 6 5 1 13 0 3 8 10 12 
575,2.05264e-06,2.42392e-06,1.92578e-06,50,100,100,412554,9 11 2 4 7 14 6 5 1 13 0 3 8 10 12 
576,2.05053e-06,2.42392e-06,1.88705e-06,50,100,100,412554,9 11 2 4 7 14 6 5 1 13 0 3 8 10 12 
577,2.05694e-06,2.42392e-06,1.88482e-06,50,100,100,412554,9 11 2 4 7 14 6 5 1 13 0 3 8 10 12 
578,2.06097e-06,2.42392e-06,1.90665e-06,50,100,100,412554,9 11 2 4 7 14 6 5 1 13 0 3 8 10 12 
579,2.05847e-06,2.42392e-06,1.90652e-06,50,100,100,412554,9 11 2 4 7 14 6 5 1 13 0 3 8 10 12 
580,2.05874e-06,2.42392e-06,1.9001e-06,50,100,100,412554,9 11 2 4 7 14 6 5 1 13 0 3 8 10 12 
581,2.06359e-06,2.42392e-06,1.90454e-06,50,100,100,412554,9 11 2 4 7 14 6 5 1 13 0 3 8 10 12 
582,2.06918e-06,2.42392e-06,1.90882e-06,50,100,100,412554,9 11 2 4 7 14 6 5 1 13 0 3 8 10 12 
583,2.069e-06,2.42392e-06,1.92969e-06,50,100,100,412554,9 11 2 4 7 14 6 5 1 13 0 3 8 10 12 
584,2.06749e-06,2.42392e-06,1.89216e-06,50,100,100,412554,9 11 2 4 7 14 6 5 1 13 0 3 8 10 12 
585,2.06388e-06,2.42392e-06,1.90491e-06,50,100,100,412554,9 11 2 4 7 14 6 5 1 13 0 3 8 10 12 
586,2.05597e-06,2.42392e-06,1.92143e-06,50,100,100,412554,9 11 2 4 7 14 6 5 1 13 0 3 8 10 12 
587,2.05569e-06,2.42392e-06,1.90662e-06,50,100,100,412554,9 11 2 4 7 14 6 5 1 13 0 3 8 10 12 
588,2.06307e-06,2.42392e-06,1.93304e-06,50,100,100,412554,9 11 2 4 7 14 6 5 1 13 0 3 8 10 12 
589,2.06902e-06,2.42392e-06,1.93914e-06,50,100,100,412554,9 11 2 4 7 14 6 5 1 13 0 3 8 10 12 
590,2.06884e-06,2.42392e-06,1.92398e-06,50,100,100,412554,9 11 2 4 7 14 6 5 1 13 0 3 8 10 12 
591,2.06931e-06,2.42392e-06,1.93186e-06,50,100,100,412554,9 11 2 4 7 14 6 5 1 13 0 3 8 10 12 
592,2.06869e-06,2.42392e-06,1.91793e-06,50,100,100,412554,9 11 2 4 7 14 6 5 1 13 0 3 8 10 12 
593,2.0616e-06,2.42392e-06,1.91454e-06,50,100,100,412554,9 11 2 4 7 14 6 5 1 13 0 3 8 10 12 
594,2.05917e-06,2.42392e-06,1.88542e-06,50,100,100,412554,9 11 2 4 7 14 6 5 1 13 0 3 8 10 12 
595,2.05694e-06,2.42392e-06,1.8992e-06,50,100,100,412554,9 11 2 4 7 14 6 5 1 13 0 3 8 10 12 
596,2.0698e-06,2.42392e-06,1.89108e-06,50,100,100,412554,9 11 2 4 7 14 6 5 1 13 0 3 8 10 12 
597,2.08289e-06,2.42392e-06,1.93003e-06,50,100,100,412554,9 11 2 4 7 14 6 5 1 13 0 3 8 10 12 
598,2.07619e-06,2.42392e-06,1.9344e-06,50,100,100,412554,9 11 2 4 7 14 6 5 1 13 0 3 8 10 12 
599,2.06871e-06,2.42392e-06,1.91193e-06,50,100,100,412554,9 11 2 4 7 14 6 5 1 13 0 3 8 10 12 
600,2.06951e-06,2.42392e-06,1.92716e-06,50,100,100,412554,9 11 2 4 7 14 6 5 1 13 0 3 8 10 12 
601,2.05095e-06,2.42392e-06,1.89046e-06,50,100,100,412554,9 11 2 4 7 14 6 5 1 13 0 3 8 10 12 
602,2.05134e-06,2.42392e-06,1.92495e-06,50,100,100,412554,9 11 2 4 7 14 6 5 1 13 0 3 8 10 12 
603,2.05574e-06,2.42392e-06,1.92601e-06,50,100,100,412554,9 11 2 4 7 14 6 5 1 13 0 3 8 10 12 
604,2.06519e-06,2.42392e-06,1.90918e-06,50,100,100,412554,9 11 2 4 7 14 6 5 1 13 0 3 8 10 12 
605,2.06745e-06,2.42392e-06,1.91062e-06,50,100,100,412554,9 11 2 4 7 14 6 5 1 13 0 3 8 10 12 
606,2.05258e-06,2.42392e-06,1.92722e-06,50,100,100,412554,9 11 2 4 7 14 6 5 1 13 0 3 8 10 12 
607,2.06055e-06,2.42392e-06,1.9371e-06,50,100,100,412554,9 11 2 4 7 14 6 5 1 13 0 3 8 10 12 
608,2.05945e-06,2.42392e-06,1.87677e-06,50,100,100,412554,9 11 2 4 7 14 6 5 1 13 0 3 8 10 12 
609,2.06006e-06,2.42392e-06,1.93675e-06,50,100,100,412554,9 11 2 4 7 14 6 5 1 13 0 3 8 10 12 
610,2.05522e-06,2.42392e-06,1.87302e-06,50,100,100,412554,9 11 2 4 7 14 6 5 1 13 0 3 8 10 12 
611,2.0565e-06,2.42392e-06,1.92511e-06,50,100,100,412554,9 11 2 4 7 14 6 5 1 13 0 3 8 10 12 
612,2.06659e-06,2.42392e-06,1.91513e-06,50,100,100,412554,9 11 2 4 7 14 6 5 1 13 0 3 8 10 12 
613,2.06574e-06,2.42392e-06,1.91601e-06,50,100,100,412554,9 11 2 4 7 14 6 5 1 13 0 3 8 10 12 
614,2.05931e-06,2.42392e-06,1.91989e-06,50,100,100,412554,9 11 2 4 7 14 6 5 1 13 0 3 8 10 12 
615,2.05545e-06,2.42392e-06,1.92928e-06,50,100,100,412554,9 11 2 4 7 14 6 5 1 13 0 3 8 10 12 
616,2.05077e-06,2.42392e-06,1.90981e-06,50,100,100,412554,9 11 2 4 7 14 6 5 1 13 0 3 8 10 12 
617,2.05411e-06,2.42392e-06,1.91047e-06,50,100,100,412554,9 11 2 4 7 14 6 5 1 13 0 3 8 10 12 
618,2.04664e-06,2.42392e-06,1.88459e-06,50,100,100,412554,9 11 2 4 7 14 6 5 1 13 0 3 8 10 12 
619,2.06251e-06,2.42392e-06,1.89981e-06,50,100,100,412554,9 11 2 4 7 14 6 5 1 13 0 3 8 10 12 
620,2.06269e-06,2.42392e-06,1.89001e-06,50,100,100,412554,9 11 2 4 7 14 6 5 1 13 0 3 8 10 12 
621,2.05642e-06,2.42392e-06,1.90445e-06,50,100,100,412554,9 11 2 4 7 14 6 5 1 13 0 3 8 10 12 
622,2.05269e-06,2.42392e-06,1.90784e-06,50,100,100,412554,9 11 2 4 7 14 6 5 1 13 0 3 8 10 12 
623,2.05935e-06,2.42392e-06,1.91598e-06,50,100,100,412554,9 11 2 4 7 14 6 5 1 13 0 3 8 10 12 
624,2.04791e-06,2.42392e-06,1.91392e-06,50,100,100,412554,9 11 2 4 7 14 6 5 1 13 0 3 8 10 12 
625,2.04669e-06,2.42392e-06,1.91595e-06,50,100,100,412554,9 11 2 4 7 14 6 5 1 13 0 3 8 10 12 
626,2.05954e-06,2.42392e-06,1.88009e-06,50,100,100,412554,9 11 2 4 7 14 6 5 1 13 0 3 8 10 12 
627,2.06591e-06,2.42392e-06,1.89889e-06,50,100,100,412554,9 11 2 4 7 14 6 5 1 13 0 3 8 10 12 
628,2.06749e-06,2.42392e-06,1.93578e-06,50,100,100,412554,9 11 2 4 7 14 6 5 1 13 0 3 8 10 12 
629,2.06011e-06,2.42392e-06,1.93327e-06,50,100,100,412554,9 11 2 4 7 14 6 5 1 13 0 3 8 10 12 
630,2.06796e-06,2.42392e-06,1.921e-06,50,100,100,412554,9 11 2 4 7 14 6 5 1 13 0 3 8 10 12 
631,2.06785e-06,2.42392e-06,1.8975e-06,50,100,100,412554,9 11 2 4 7 14 6 5 1 13 0 3 8 10 12 
632,2.07358e-06,2.42392e-06,1.90854e-06,50,100,100,412554,9 11 2 4 7 14 6 5 1 13 0 3 8 10 12 
633,2.06266e-06,2.42392e-06,1.94661e-06,50,100,100,412554,9 11 2 4 7 14 6 5 1 13 0 3 8 10 12 
634,2.07107e-06,2.42392e-06,1.93173e-06,50,100,100,412554,9 11 2 4 7 14 6 5 1 13 0 3 8 10 12 
635,2.05958e-06,2.42392e-06,1.88954e-06,50,100,100,412554,9 11 2 4 7 14 6 5 1 13 0 3 8 10 12 
636,2.06676e-06,2.42392e-06,1.91197e-06,50,100,100,412554,9 11 2 4 7 14 6 5 1 13 0 3 8 10 12 
637,2.06116e-06,2.42392e-06,1.93673e-06,50,100,100,412554,9 11 2 4 7 14 6 5 1 13 0 3 8 10 12 
638,2.06265e-06,2.42392e-06,1.90876e-06,50,100,100,412554,9 11 2 4 7 14 6 5 1 13 0 3 8 10 12 
639,2.05239e-06,2.42392e-06,1.89394e-06,50,100,100,412554,9 11 2 4 7 14 6 5 1 13 0 3 8 10 12 
640,2.0574e-06,2.42392e-06,1.92363e-06,50,100,100,412554,9 11 2 4 7 14 6 5 1 13 0 3 8 10 12 
641,2.05702e-06,2.42392e-06,1.90843e-06,50,100,100,412554,9 11 2 4 7 14 6 5 1 13 0 3 8 10 12 
642,2.05766e-06,2.42392e-06,1.84697e-06,50,100,100,412554,9 11 2 4 7 14 6 5 1 13 0 3 8 10 12 
643,2.05112e-06,2.42392e-06,1.89581e-06,50,100,100,412554,9 11 2 4 7 14 6 5 1 13 0 3 8 10 12 
644,2.0638e-06,2.42392e-06,1.92452e-06,50,100,100,412554,9 11 2 4 7 14 6 5 1 13 0 3 8 10 12 
645,2.06229e-06,2.42392e-06,1.92266e-06,50,100,100,412554,9 11 2 4 7 14 6 5 1 13 0 3 8 10 12 
646,2.05099e-06,2.42392e-06,1.91999e-06,50,100,100,412554,9 11 2 4 7 14 6 5 1 13 0 3 8 10 12 
647,2.0556e-06,2.42392e-06,1.8955e-06,50,100,100,412554,9 11 2 4 7 14 6 5 1 13 0 3 8 10 12 
648,2.06374e-06,2.42392e-06,1.94237e-06,50,100,100,412554,9 11 2 4 7 14 6 5 1 13 0 3 8 10 12 
649,2.06086e-06,2.42392e-06,1.90954e-06,50,100,100,412554,9 11 2 4 7 14 6 5 1 13 0 3 8 10 12 
650,2.07254e-06,2.42392e-06,1.86655e-06,50,100,100,412554,9 11 2 4 7 14 6 5 1 13 0 3 8 10 12 
651,2.06097e-06,2.42392e-06,1.89151e-06,50,100,100,412554,9 11 2 4 7 14 6 5 1 13 0 3 8 10 12 
652,2.07561e-06,2.42392e-06,1.8959e-06,50,100,100,412554,9 11 2 4 7 14 6 5 1 13 0 3 8 10 12 
653,2.07173e-06,2.42392e-06,1.93063e-06,50,100,100,412554,9 11 2 4 7 14 6 5 1 13 0 3 8 10 12 
654,2.06168e-06,2.42392e-06,1.93027e-06,50,100,100,412554,9 11 2 4 7 14 6 5 1 13 0 3 8 10 12 
655,2.04811e-06,2.42392e-06,1.8683e-06,50,100,100,412554,9 11 2 4 7 14 6 5 1 13 0 3 8 10 12 
656,2.06393e-06,2.42392e-06,1.93967e-06,50,100,100,412554,9 11 2 4 7 14 6 5 1 13 0 3 8 10 12 
657,2.06212e-06,2.42392e-06,1.92376e-06,50,100,100,412554,9 11 2 4 7 14 6 5 1 13 0 3 8 10 12 
658,2.06813e-06,2.42392e-06,1.89577e-06,50,100,100,412554,9 11 2 4 7 14 6 5 1 13 0 3 8 10 12 
659,2.06085e-06,2.42392e-06,1.90028e-06,50,100,100,412554,9 11 2 4 7 14 6 5 1 13 0 3 8 10 12 
660,2.0591e-06,2.42392e-06,1.93342e-06,50,100,100,412554,9 11 2 4 7 14 6 5 1 13 0 3 8 10 12 
661,2.064e-06,2.42392e-06,1.93425e-06,50,100,100,412554,9 11 2 4 7 14 6 5 1 13 0 3 8 10 12 
662,2.05147e-06,2.42392e-06,1.90084e-06,50,100,100,412554,9 11 2 4 7 14 6 5 1 13 0 3 8 10 12 
663,2.0524e-06,2.42392e-06,1.87732e-06,50,100,100,412554,9 11 2 4 7 14 6 5 1 13 0 3 8 10 12 
664,2.06398e-06,2.42392e-06,1.92113e-06,50,100,100,412554,9 11 2 4 7 14 6 5 1 13 0 3 8 10 12 
665,2.08143e-06,2.42392e-06,1.94389e-06,50,100,100,412554,9 11 2 4 7 14 6 5 1 13 0 3 8 10 12 
666,2.07472e-06,2.42392e-06,1.90088e-06,50,100,100,412554,9 11 2 4 7 14 6 5 1 13 0 3 8 10 12 
667,2.07193e-06,2.42392e-06,1.91118e-06,50,100,100,412554,9 11 2 4 7 14 6 5 1 13 0 3 8 10 12 
668,2.0707e-06,2.42392e-06,1.92417e-06,50,100,100,412554,9 11 2 4 7 14 6 5 1 13 0 3 8 10 12 
669,2.06746e-06,2.42392e-06,1.93398e-06,50,100,100,412554,9 11 2 4 7 14 6 5 1 13 0 3 8 10 12 
670,2.06989e-06,2.42392e-06,1.91395e-06,50,100,100,412554,9 11 2 4 7 14 6 5 1 13 0 3 8 10 12 
671,2.06812e-06,2.42392e-06,1.8875e-06,50,100,100,412554,9 11 2 4 7 14 6 5 1 13 0 3 8 10 12 
672,2.05204e-06,2.42392e-06,1.88784e-06,50,100,100,412554,9 11 2 4 7 14 6 5 1 13 0 3 8 10 12 
673,2.05897e-06,2.42392e-06,1.89925e-06,50,100,100,412554,9 11 2 4 7 14 6 5 1 13 0 3 8 10 12 
674,2.06079e-06,2.42392e-06,1.93502e-06,50,100,100,412554,9 11 2 4 7 14 6 5 1 13 0 3 8 10 12 
675,2.05363e-06,2.42392e-06,1.8978e-06,50,100,100,412554,9 11 2 4 7 14 6 5 1 13 0 3 8 10 12 
676,2.06869e-06,2.42392e-06,1.92095e-06,50,100,100,412554,9 11 2 4 7 14 6 5 1 13 0 3 8 10 12 
677,2.06716e-06,2.42392e-06,1.91769e-06,50,100,100,412554,9 11 2 4 7 14 6 5 1 13 0 3 8 10 12 
678,2.05785e-06,2.42392e-06,1.89457e-06,50,100,100,412554,9 11 2 4 7 14 6 5 1 13 0 3 8 10 12 
679,2.07122e-06,2.42392e-06,1.92424e-06,50,100,100,412554,9 11 2 4 7 14 6 5 1 13 0 3 8 10 12 
680,2.06138e-06,2.42392e-06,1.93464e-06,50,100,100,412554,9 11 2 4 7 14 6 5 1 13 0 3 8 10 12 
681,2.05763e-06,2.42392e-06,1.87561e-06,50,100,100,412554,9 11 2 4 7 14 6 5 1 13 0 3 8 10 12 
682,2.06323e-06,2.42392e-06,1.91719e-06,50,100,100,412554,9 11 2 4 7 14 6 5 1 13 0 3 8 10 12 
683,2.05775e-06,2.42392e-06,1.91762e-06,50,100,100,412554,9 11 2 4 7 14 6 5 1 13 0 3 8 10 12 
684,2.06e-06,2.42392e-06,1.93128e-06,50,100,100,412554,9 11 2 4 7 14 6 5 1 13 0 3 8 10 12 
685,2.05287e-06,2.42392e-06,1.88274e-06,50,100,100,412554,9 11 2 4 7 14 6 5 1 13 0 3 8 10 12 
686,2.05345e-06,2.42392e-06,1.9216e-06,50,100,100,412554,9 11 2 4 7 14 6 5 1 13 0 3 8 10 12 
687,2.06498e-06,2.42392e-06,1.90782e-06,50,100,100,412554,9 11 2 4 7 14 6 5 1 13 0 3 8 10 12 
688,2.06017e-06,2.42392e-06,1.86008e-06,50,100,100,412554,9 11 2 4 7 14 6 5 1 13 0 3 8 10 12 
689,2.06671e-06,2.42392e-06,1.91654e-06,50,100,100,412554,9 11 2 4 7 14 6 5 1 13 0 3 8 10 12 
690,2.08275e-06,2.42392e-06,1.93482e-06,50,100,100,412554,9 11 2 4 7 14 6 5 1 13 0 3 8 10 12 
691,2.05592e-06,2.42392e-06,1.93027e-06,50,100,100,412554,9 11 2 4 7 14 6 5 1 13 0 3 8 10 12 
692,2.06185e-06,2.42392e-06,1.90984e-06,50,100,100,412554,9 11 2 4 7 14 6 5 1 13 0 3 8 10 12 
693,2.06854e-06,2.42392e-06,1.90994e-06,50,100,100,412554,9 11 2 4 7 14 6 5 1 13 0 3 8 10 12 
694,2.06513e-06,2.42392e-06,1.93715e-06,50,100,100,412554,9 11 2 4 7 14 6 5 1 13 0 3 8 10 12 
695,2.06461e-06,2.42392e-06,1.90279e-06,50,100,100,412554,9 11 2 4 7 14 6 5 1 13 0 3 8 10 12 
696,2.05523e-06,2.42392e-06,1.87412e-06,50,100,100,412554,9 11 2 4 7 14 6 5 1 13 0 3 8 10 12 
697,2.07459e-06,2.42392e-06,1.9418e-06,50,100,100,412554,9 11 2 4 7 14 6 5 1 13 0 3 8 10 12 
698,2.07395e-06,2.42392e-06,1.9256e-06,50,100,100,412554,9 11 2 4 7 14 6 5 1 13 0 3 8 10 12 
699,2.07203e-06,2.42392e-06,1.9384e-06,50,100,100,412554,9 11 2 4 7 14 6 5 1 13 0 3 8 10 12 
700,2.05503e-06,2.42392e-06,1.92017e-06,50,100,100,412554,9 11 2 4 7 14 6 5 1 13 0 3 8 10 12 
701,2.06844e-06,2.42392e-06,1.91758e-06,50,100,100,412554,9 11 2 4 7 14 6 5 1 13 0 3 8 10 12 
702,2.07423e-06,2.44368e-06,1.92565e-06,50,100,100,409218,9 11 2 4 7 14 6 5 1 10 0 3 8 13 12 
703,2.05746e-06,2.44368e-06,1.88908e-06,50,100,100,409218,9 11 2 4 7 14 6 5 1 10 0 3 8 13 12 
704,2.05938e-06,2.44368e-06,1.90702e-06,50,100,100,409218,9 11 2 4 7 14 6 5 1 10 0 3 8 13 12 
705,2.05337e-06,2.44368e-06,1.89554e-06,50,100,100,409218,9 11 2 4 7 14 6 5 1 10 0 3 8 13 12 
706,2.04441e-06,2.44368e-06,1.89901e-06,50,100,100,409218,9 11 2 4 7 14 6 5 1 10 0 3 8 13 12 
707,2.0542e-06,2.44368e-06,1.90036e-06,50,100,100,409218,9 11 2 4 7 14 6 5 1 10 0 3 8 13 12 
708,2.06012e-06,2.44368e-06,1.9402e-06,50,100,100,409218,9 11 2 4 7 14 6 5 1 10 0 3 8 13 12 
709,2.07158e-06,2.44368e-06,1.92777e-06,50,100,100,409218,9 11 2 4 7 14 6 5 1 10 0 3 8 13 12 
710,2.06224e-06,2.44368e-06,1.93432e-06,50,100,100,409218,9 11 2 4 7 14 6 5 1 10 0 3 8 13 12 
711,2.06984e-06,2.44368e-06,1.8996e-06,50,100,100,409218,9 11 2 4 7 14 6 5 1 10 0 3 8 13 12 
712,2.06895e-06,2.44368e-06,1.93406e-06,50,100,100,409218,9 11 2 4 7 14 6 5 1 10 0 3 8 13 12 
713,2.05293e-06,2.44368e-06,1.91362e-06,50,100,100,409218,9 11 2 4 7 14 6 5 1 10 0 3 8 13 12 
714,2.06523e-06,2.44368e-06,1.88873e-06,50,100,100,409218,9 11 2 4 7 14 6 5 1 10 0 3 8 13 12 
715,2.06042e-06,2.44368e-06,1.9041e-06,50,100,100,409218,9 11 2 4 7 14 6 5 1 10 0 3 8 13 12 
716,2.06447e-06,2.44368e-06,1.91868e-06,50,100,100,409218,9 11 2 4 7 14 6 5 1 10 0 3 8 13 12 
717,2.069e-06,2.44368e-06,1.8959e-06,50,100,100,409218,9 11 2 4 7 14 6 5 1 10 0 3 8 13 12 
718,2.06072e-06,2.44368e-06,1.9106e-06,50,100,100,409218,9 11 2 4 7 14 6 5 1 10 0 3 8 13 12 
719,2.06437e-06,2.44368e-06,1.9341e-06,50,100,100,409218,9 11 2 4 7 14 6 5 1 10 0 3 8 13 12 
720,2.07905e-06,2.44368e-06,1.92737e-06,50,100,100,409218,9 11 2 4 7 14 6 5 1 10 0 3 8 13 12 
721,2.06267e-06,2.44368e-06,1.92176e-06,50,100,100,409218,9 11 2 4 7 14 6 5 1 10 0 3 8 13 12 
722,2.06937e-06,2.44368e-06,1.89488e-06,50,100,100,409218,9 11 2 4 7 14 6 5 1 10 0 3 8 13 12 
723,2.06881e-06,2.44368e-06,1.93163e-06,50,100,100,409218,9 11 2 4 7 14 6 5 1 10 0 3 8 13 12 
724,2.07205e-06,2.44368e-06,1.91103e-06,50,100,100,409218,9 11 2 4 7 14 6 5 1 10 0 3 8 13 12 
725,2.06202e-06,2.44368e-06,1.90866e-06,50,100,100,409218,9 11 2 4 7 14 6 5 1 10 0 3 8 13 12 
726,2.0678e-06,2.44368e-06,1.93773e-06,50,100,100,409218,9 11 2 4 7 14 6 5 1 10 0 3 8 13 12 
727,2.06158e-06,2.44368e-06,1.89631e-06,50,100,100,409218,9 11 2 4 7 14 6 5 1 10 0 3 8 13 12 
728,2.06939e-06,2.44368e-06,1.88331e-06,50,100,100,409218,9 11 2 4 7 14 6 5 1 10 0 3 8 13 12 
729,2.0613e-06,2.44368e-06,1.94918e-06,50,100,100,409218,9 11 2 4 7 14 6 5 1 10 0 3 8 13 12 
730,2.05189e-06,2.44368e-06,1.91092e-06,50,100,100,409218,9 11 2 4 7 14 6 5 1 10 0 3 8 13 12 
731,2.06251e-06,2.44368e-06,1.92134e-06,50,100,100,409218,9 11 2 4 7 14 6 5 1 10 0 3 8 13 12 
732,2.08009e-06,2.44368e-06,1.92351e-06,50,100,100,409218,9 11 2 4 7 14 6 5 1 10 0 3 8 13 12 
733,2.07797e-06,2.44368e-06,1.92743e-06,50,100,100,409218,9 11 2 4 7 14 6 5 1 10 0 3 8 13 12 
734,2.06903e-06,2.44368e-06,1.90876e-06,50,100,100,409218,9 11 2 4 7 14 6 5 1 10 0 3 8 13 12 
735,2.07143e-06,2.44368e-06,1.8995e-06,50,100,100,409218,9 11 2 4 7 14 6 5 1 10 0 3 8 13 12 
736,2.08367e-06,2.44368e-06,1.92271e-06,50,100,100,409218,9 11 2 4 7 14 6 5 1 10 0 3 8 13 12 
737,2.06782e-06,2.44368e-06,1.91647e-06,50,100,100,409218,9 11 2 4 7 14 6 5 1 10 0 3 8 13 12 
738,2.07013e-06,2.44368e-06,1.9272e-06,50,100,100,409218,9 11 2 4 7 14 6 5 1 10 0 3 8 13 12 
739,2.06426e-06,2.44368e-06,1.91e-06,50,100,100,409218,9 11 2 4 7 14 6 5 1 10 0 3 8 13 12 
740,2.06451e-06,2.44368e-06,1.91677e-06,50,100,100,409218,9 11 2 4 7 14 6 5 1 10 0 3 8 13 12 
741,2.05866e-06,2.44368e-06,1.93305e-06,50,100,100,409218,9 11 2 4 7 14 6 5 1 10 0 3 8 13 12 
742,2.05547e-06,2.44368e-06,1.92236e-06,50,100,100,409218,9 11 2 4 7 14 6 5 1 10 0 3 8 13 12 
743,2.0664e-06,2.44368e-06,1.91914e-06,50,100,100,409218,9 11 2 4 7 14 6 5 1 10 0 3 8 13 12 
744,2.06437e-06,2.44368e-06,1.91136e-06,50,100,100,409218,9 11 2 4 7 14 6 5 1 10 0 3 8 13 12 
745,2.06803e-06,2.44368e-06,1.93732e-06,50,100,100,409218,9 11 2 4 7 14 6 5 1 10 0 3 8 13 12 
746,2.08089e-06,2.44368e-06,1.89947e-06,50,100,100,409218,9 11 2 4 7 14 6 5 1 10 0 3 8 13 12 
747,2.06736e-06,2.44368e-06,1.90747e-06,50,100,100,409218,9 11 2 4 7 14 6 5 1 10 0 3 8 13 12 
748,2.07558e-06,2.44368e-06,1.91337e-06,50,100,100,409218,9 11 2 4 7 14 6 5 1 10 0 3 8 13 12 
749,2.07702e-06,2.44368e-06,1.94371e-06,50,100,100,409218,9 11 2 4 7 14 6 5 1 10 0 3 8 13 12 
750,2.08488e-06,2.44368e-06,1.89543e-06,50,100,100,409218,9 11 2 4 7 14 6 5 1 10 0 3 8 13 12 
751,2.07437e-06,2.44368e-06,1.88598e-06,50,100,100,409218,9 11 2 4 7 14 6 5 1 10 0 3 8 13 12 
752,2.07195e-06,2.44368e-06,1.91038e-06,50,100,100,409218,9 11 2 4 7 14 6 5 1 10 0 3 8 13 12 
753,2.06905e-06,2.44368e-06,1.92364e-06,50,100,100,409218,9 11 2 4 7 14 6 5 1 10 0 3 8 13 12 
754,2.0624e-06,2.44368e-06,1.8947e-06,50,100,100,409218,9 11 2 4 7 14 6 5 1 10 0 3 8 13 12 
755,2.06422e-06,2.44368e-06,1.93008e-06,50,100,100,409218,9 11 2 4 7 14 6 5 1 10 0 3 8 13 12 
756,2.07793e-06,2.44368e-06,1.92899e-06,50,100,100,409218,9 11 2 4 7 14 6 5 1 10 0 3 8 13 12 
757,2.07399e-06,2.44368e-06,1.90338e-06,50,100,100,409218,9 11 2 4 7 14 6 5 1 10 0 3 8 13 12 
758,2.06648e-06,2.44368e-06,1.9009e-06,50,100,100,409218,9 11 2 4 7 14 6 5 1 10 0 3 8 13 12 
759,2.05856e-06,2.44368e-06,1.92594e-06,50,100,100,409218,9 11 2 4 7 14 6 5 1 10 0 3 8 13 12 
760,2.06837e-06,2.44368e-06,1.9196e-06,50,100,100,409218,9 11 2 4 7 14 6 5 1 10 0 3 8 13 12 
761,2.07399e-06,2.44368e-06,1.92655e-06,50,100,100,409218,9 11 2 4 7 14 6 5 1 10 0 3 8 13 12 
762,2.07596e-06,2.44368e-06,1.92911e-06,50,100,100,409218,9 11 2 4 7 14 6 5 1 10 0 3 8 13 12 
763,2.07284e-06,2.44368e-06,1.91828e-06,50,100,100,409218,9 11 2 4 7 14 6 5 1 10 0 3 8 13 12 
764,2.07411e-06,2.44368e-06,1.92123e-06,50,100,100,409218,9 11 2 4 7 14 6 5 1 10 0 3 8 13 12 
765,2.06882e-06,2.44368e-06,1.93683e-06,50,100,100,409218,9 11 2 4 7 14 6 5 1 10 0 3 8 13 12 
766,2.0761e-06,2.44368e-06,1.92415e-06,50,100,100,409218,9 11 2 4 7 14 6 5 1 10 0 3 8 13 12 
767,2.0798e-06,2.44368e-06,1.95585e-06,50,100,100,409218,9 11 2 4 7 14 6 5 1 10 0 3 8 13 12 
768,2.06876e-06,2.44368e-06,1.92689e-06,50,100,100,409218,9 11 2 4 7 14 6 5 1 10 0 3 8 13 12 
769,2.0718e-06,2.44368e-06,1.90436e-06,50,100,100,409218,9 11 2 4 7 14 6 5 1 10 0 3 8 13 12 
770,2.06976e-06,2.44368e-06,1.87794e-06,50,100,100,409218,9 11 2 4 7 14 6 5 1 10 0 3 8 13 12 
771,2.07355e-06,2.44368e-06,1.91325e-06,50,100,100,409218,9 11 2 4 7 14 6 5 1 10 0 3 8 13 12 
772,2.07587e-06,2.44368e-06,1.93579e-06,50,100,100,409218,9 11 2 4 7 14 6 5 1 10 0 3 8 13 12 
773,2.08331e-06,2.44368e-06,1.94162e-06,50,100,100,409218,9 11 2 4 7 14 6 5 1 10 0 3 8 13 12 
774,2.0882e-06,2.44368e-06,1.92864e-06,50,100,100,409218,9 11 2 4 7 14 6 5 1 10 0 3 8 13 12 
775,2.09363e-06,2.44368e-06,1.92236e-06,50,100,100,409218,9 11 2 4 7 14 6 5 1 10 0 3 8 13 12 
776,2.06763e-06,2.44368e-06,1.92378e-06,50,100,100,409218,9 11 2 4 7 14 6 5 1 10 0 3 8 13 12 
777,2.08807e-06,2.44368e-06,1.93039e-06,50,100,100,409218,9 11 2 4 7 14 6 5 1 10 0 3 8 13 12 
778,2.07819e-06,2.44368e-06,1.91456e-06,50,100,100,409218,9 11 2 4 7 14 6 5 1 10 0 3 8 13 12 
779,2.0958e-06,2.44368e-06,1.95079e-06,50,100,100,409218,9 11 2 4 7 14 6 5 1 10 0 3 8 13 12 
780,2.07084e-06,2.44368e-06,1.93144e-06,50,100,100,409218,9 11 2 4 7 14 6 5 1 10 0 3 8 13 12 
781,2.08203e-06,2.44368e-06,1.90458e-06,50,100,100,409218,9 11 2 4 7 14 6 5 1 10 0 3 8 13 12 
782,2.08354e-06,2.44368e-06,1.94727e-06,50,100,100,409218,9 11 2 4 7 14 6 5 1 10 0 3 8 13 12 
783,2.08448e-06,2.44368e-06,1.94482e-06,50,100,100,409218,9 11 2 4 7 14 6 5 1 10 0 3 8 13 12 
784,2.07122e-06,2.44368e-06,1.92488e-06,50,100,100,409218,9 11 2 4 7 14 6 5 1 10 0 3 8 13 12 
785,2.07927e-06,2.44368e-06,1.92945e-06,50,100,100,409218,9 11 2 4 7 14 6 5 1 10 0 3 8 13 12 
786,2.07814e-06,2.44368e-06,1.93342e-06,50,100,100,409218,9 11 2 4 7 14 6 5 1 10 0 3 8 13 12 
787,2.07366e-06,2.44368e-06,1.89086e-06,50,100,100,409218,9 11 2 4 7 14 6 5 1 10 0 3 8 13 12 
788,2.08423e-06,2.44368e-06,1.94796e-06,50,100,100,409218,9 11 2 4 7 14 6 5 1 10 0 3 8 13 12 
789,2.07609e-06,2.44368e-06,1.89623e-06,50,100,100,409218,9 11 2 4 7 14 6 5 1 10 0 3 8 13 12 
790,2.08023e-06,2.44368e-06,1.92547e-06,50,100,100,409218,9 11 2 4 7 14 6 5 1 10 0 3 8 13 12 
791,2.07382e-06,2.44368e-06,1.91874e-06,50,100,100,409218,9 11 2 4 7 14 6 5 1 10 0 3 8 13 12 
792,2.07373e-06,2.44368e-06,1.9135e-06,50,100,100,409218,9 11 2 4 7 14 6 5 1 10 0 3 8 13 12 
793,2.07633e-06,2.44368e-06,1.93595e-06,50,100,100,409218,9 11 2 4 7 14 6 5 1 10 0 3 8 13 12 
794,2.07317e-06,2.44368e-06,1.89857e-06,50,100,100,409218,9 11 2 4 7 14 6 5 1 10 0 3 8 13 12 
795,2.06139e-06,2.44368e-06,1.92094e-06,50,100,100,409218,9 11 2 4 7 14 6 5 1 10 0 3 8 13 12 
796,2.07182e-06,2.44368e-06,1.92589e-06,50,100,100,409218,9 11 2 4 7 14 6 5 1 10 0 3 8 13 12 
797,2.06869e-06,2.44368e-06,1.91056e-06,50,100,100,409218,9 11 2 4 7 14 6 5 1 10 0 3 8 13 12 
798,2.0738e-06,2.44368e-06,1.93124e-06,50,100,100,409218,9 11 2 4 7 14 6 5 1 10 0 3 8 13 12 
799,2.06367e-06,2.44368e-06,1.93601e-06,50,100,100,409218,9 11 2 4 7 14 6 5 1 10 0 3 8 13 12 
800,2.06845e-06,2.44368e-06,1.93304e-06,50,100,100,409218,9 11 2 4 7 14 6 5 1 10 0 3 8 13 12 
801,2.06221e-06,2.44368e-06,1.9206e-06,50,100,100,409218,9 11 2 4 7 14 6 5 1 10 0 3 8 13 12 
802,2.05557e-06,2.44368e-06,1.92314e-06,50,100,100,409218,9 11 2 4 7 14 6 5 1 10 0 3 8 13 12 
803,2.05004e-06,2.44368e-06,1.8849e-06,50,100,100,409218,9 11 2 4 7 14 6 5 1 10 0 3 8 13 12 
804,2.0513e-06,2.44368e-06,1.90154e-06,50,100,100,409218,9 11 2 4 7 14 6 5 1 10 0 3 8 13 12 
805,2.05958e-06,2.44368e-06,1.9194e-06,50,100,100,409218,9 11 2 4 7 14 6 5 1 10 0 3 8 13 12 
806,2.08141e-06,2.44368e-06,1.92119e-06,50,100,100,409218,9 11 2 4 7 14 6 5 1 10 0 3 8 13 12 
807,2.07198e-06,2.44368e-06,1.91144e-06,50,100,100,409218,9 11 2 4 7 14 6 5 1 10 0 3 8 13 12 
808,2.07825e-06,2.44368e-06,1.92293e-06,50,100,100,409218,9 11 2 4 7 14 6 5 1 10 0 3 8 13 12 
809,2.08794e-06,2.44368e-06,1.92475e-06,50,100,100,409218,9 11 2 4 7 14 6 5 1 10 0 3 8 13 12 
810,2.07197e-06,2.44368e-06,1.93277e-06,50,100,100,409218,9 11 2 4 7 14 6 5 1 10 0 3 8 13 12 
811,2.05366e-06,2.44368e-06,1.91366e-06,50,100,100,409218,9 11 2 4 7 14 6 5 1 10 0 3 8 13 12 
812,2.05653e-06,2.44368e-06,1.92728e-06,50,100,100,409218,9 11 2 4 7 14 6 5 1 10 0 3 8 13 12 
813,2.06453e-06,2.44368e-06,1.90809e-06,50,100,100,409218,9 11 2 4 7 14 6 5 1 10 0 3 8 13 12 
814,2.07421e-06,2.44368e-06,1.94299e-06,50,100,100,409218,9 11 2 4 7 14 6 5 1 10 0 3 8 13 12 
815,2.07751e-06,2.44368e-06,1.86708e-06,50,100,100,409218,9 11 2 4 7 14 6 5 1 10 0 3 8 13 12 
816,2.07516e-06,2.44368e-06,1.93157e-06,50,100,100,409218,9 11 2 4 7 14 6 5 1 10 0 3 8 13 12 
817,2.07149e-06,2.44368e-06,1.9429e-06,50,100,100,409218,9 11 2 4 7 14 6 5 1 10 0 3 8 13 12 
818,2.0734e-06,2.44368e-06,1.93251e-06,50,100,100,409218,9 11 2 4 7 14 6 5 1 10 0 3 8 13 12 
819,2.07317e-06,2.44368e-06,1.90788e-06,50,100,100,409218,9 11 2 4 7 14 6 5 1 10 0 3 8 13 12 
820,2.05947e-06,2.44368e-06,1.92341e-06,50,100,100,409218,9 11 2 4 7 14 6 5 1 10 0 3 8 13 12 
821,2.06614e-06,2.44368e-06,1.91594e-06,50,100,100,409218,9 11 2 4 7 14 6 5 1 10 0 3 8 13 12 
822,2.07648e-06,2.44368e-06,1.89915e-06,50,100,100,409218,9 11 2 4 7 14 6 5 1 10 0 3 8 13 12 
823,2.0726e-06,2.44368e-06,1.91507e-06,50,100,100,409218,9 11 2 4 7 14 6 5 1 10 0 3 8 13 12 
824,2.07742e-06,2.44368e-06,1.90904e-06,50,100,100,409218,9 11 2 4 7 14 6 5 1 10 0 3 8 13 12 
825,2.06315e-06,2.44368e-06,1.92168e-06,50,100,100,409218,9 11 2 4 7 14 6 5 1 10 0 3 8 13 12 
826,2.07876e-06,2.44368e-06,1.94128e-06,50,100,100,409218,9 11 2 4 7 14 6 5 1 10 0 3 8 13 12 
827,2.07527e-06,2.44368e-06,1.91891e-06,50,100,100,409218,9 11 2 4 7 14 6 5 1 10 0 3 8 13 12 
828,2.07973e-06,2.44368e-06,1.93054e-06,50,100,100,409218,9 11 2 4 7 14 6 5 1 10 0 3 8 13 12 
829,2.07086e-06,2.44368e-06,1.91512e-06,50,100,100,409218,9 11 2 4 7 14 6 5 1 10 0 3 8 13 12 
830,2.07986e-06,2.44368e-06,1.9339e-06,50,100,100,409218,9 11 2 4 7 14 6 5 1 10 0 3 8 13 12 
831,2.07426e-06,2.44368e-06,1.93375e-06,50,100,100,409218,9 11 2 4 7 14 6 5 1 10 0 3 8 13 12 
832,2.06653e-06,2.44368e-06,1.89564e-06,50,100,100,409218,9 11 2 4 7 14 6 5 1 10 0 3 8 13 12 
833,2.06718e-06,2.44368e-06,1.91199e-06,50,100,100,409218,9 11 2 4 7 14 6 5 1 10 0 3 8 13 12 
834,2.05998e-06,2.44368e-06,1.92067e-06,50,100,100,409218,9 11 2 4 7 14 6 5 1 10 0 3 8 13 12 
835,2.05939e-06,2.44368e-06,1.90468e-06,50,100,100,409218,9 11 2 4 7 14 6 5 1 10 0 3 8 13 12 
836,2.05633e-06,2.44368e-06,1.88383e-06,50,100,100,409218,9 11 2 4 7 14 6 5 1 10 0 3 8 13 12 
837,2.05202e-06,2.44368e-06,1.92678e-06,50,100,100,409218,9 11 2 4 7 14 6 5 1 10 0 3 8 13 12 
838,2.05216e-06,2.44368e-06,1.88547e-06,50,100,100,409218,9 11 2 4 7 14 6 5 1 10 0 3 8 13 12 
839,2.0656e-06,2.44368e-06,1.93172e-06,50,100,100,409218,9 11 2 4 7 14 6 5 1 10 0 3 8 13 12 
840,2.06581e-06,2.44368e-06,1.90893e-06,50,100,100,409218,9 11 2 4 7 14 6 5 1 10 0 3 8 13 12 
841,2.07049e-06,2.44368e-06,1.95264e-06,50,100,100,409218,9 11 2 4 7 14 6 5 1 10 0 3 8 13 12 
842,2.07004e-06,2.44368e-06,1.91499e-06,50,100,100,409218,9 11 2 4 7 14 6 5 1 10 0 3 8 13 12 
843,2.06169e-06,2.44368e-06,1.90745e-06,50,100,100,409218,9 11 2 4 7 14 6 5 1 10 0 3 8 13 12 
844,2.0733e-06,2.44368e-06,1.92516e-06,50,100,100,409218,9 11 2 4 7 14 6 5 1 10 0 3 8 13 12 
845,2.06946e-06,2.44368e-06,1.92596e-06,50,100,100,409218,9 11 2 4 7 14 6 5 1 10 0 3 8 13 12 
846,2.07216e-06,2.44368e-06,1.89844e-06,50,100,100,409218,9 11 2 4 7 14 6 5 1 10 0 3 8 13 12 
847,2.06001e-06,2.44368e-06,1.89343e-06,50,100,100,409218,9 11 2 4 7 14 6 5 1 10 0 3 8 13 12 
848,2.06807e-06,2.44368e-06,1.93147e-06,50,100,100,409218,9 11 2 4 7 14 6 5 1 10 0 3 8 13 12 
849,2.06714e-06,2.44368e-06,1.94344e-06,50,100,100,409218,9 11 2 4 7 14 6 5 1 10 0 3 8 13 12 
850,2.06854e-06,2.44368e-06,1.92966e-06,50,100,100,409218,9 11 2 4 7 14 6 5 1 10 0 3 8 13 12 
851,2.06999e-06,2.44368e-06,1.92331e-06,50,100,100,409218,9 11 2 4 7 14 6 5 1 10 0 3 8 13 12 
852,2.071e-06,2.44368e-06,1.92696e-06,50,100,100,409218,9 11 2 4 7 14 6 5 1 10 0 3 8 13 12 
853,2.06428e-06,2.44368e-06,1.85791e-06,50,100,100,409218,9 11 2 4 7 14 6 5 1 10 0 3 8 13 12 
854,2.07605e-06,2.44368e-06,1.91719e-06,50,100,100,409218,9 11 2 4 7 14 6 5 1 10 0 3 8 13 12 
855,2.07358e-06,2.44368e-06,1.90851e-06,50,100,100,409218,9 11 2 4 7 14 6 5 1 10 0 3 8 13 12 
856,2.0695e-06,2.44368e-06,1.92637e-06,50,100,100,409218,9 11 2 4 7 14 6 5 1 10 0 3 8 13 12 
857,2.07947e-06,2.44368e-06,1.91754e-06,50,100,100,409218,9 11 2 4 7 14 6 5 1 10 0 3 8 13 12 
858,2.06451e-06,2.44368e-06,1.92887e-06,50,100,100,409218,9 11 2 4 7 14 6 5 1 10 0 3 8 13 12 
859,2.07283e-06,2.44368e-06,1.91136e-06,50,100,100,409218,9 11 2 4 7 14 6 5 1 10 0 3 8 13 12 
860,2.05298e-06,2.44368e-06,1.92538e-06,50,100,100,409218,9 11 2 4 7 14 6 5 1 10 0 3 8 13 12 
861,2.07207e-06,2.44368e-06,1.93729e-06,50,100,100,409218,9 11 2 4 7 14 6 5 1 10 0 3 8 13 12 
862,2.06959e-06,2.44368e-06,1.9274e-06,50,100,100,409218,9 11 2 4 7 14 6 5 1 10 0 3 8 13 12 
863,2.07365e-06,2.44368e-06,1.93631e-06,50,100,100,409218,9 11 2 4 7 14 6 5 1 10 0 3 8 13 12 
864,2.06578e-06,2.44368e-06,1.89649e-06,50,100,100,409218,9 11 2 4 7 14 6 5 1 10 0 3 8 13 12 
865,2.06657e-06,2.44368e-06,1.91057e-06,50,100,100,409218,9 11 2 4 7 14 6 5 1 10 0 3 8 13 12 
866,2.07399e-06,2.44368e-06,1.93379e-06,50,100,100,409218,9 11 2 4 7 14 6 5 1 10 0 3 8 13 12 
867,2.06509e-06,2.44368e-06,1.91996e-06,50,100,100,409218,9 11 2 4 7 14 6 5 1 10 0 3 8 13 12 
868,2.06345e-06,2.44368e-06,1.92826e-06,50,100,100,409218,9 11 2 4 7 14 6 5 1 10 0 3 8 13 12 
869,2.06191e-06,2.44368e-06,1.89742e-06,50,100,100,409218,9 11 2 4 7 14 6 5 1 10 0 3 8 13 12 
870,2.06625e-06,2.44368e-06,1.88151e-06,50,100,100,409218,9 11 2 4 7 14 6 5 1 10 0 3 8 13 12 
871,2.06769e-06,2.44368e-06,1.92194e-06,50,100,100,409218,9 11 2 4 7 14 6 5 1 10 0 3 8 13 12 
872,2.08206e-06,2.44368e-06,1.91901e-06,50,100,100,409218,9 11 2 4 7 14 6 5 1 10 0 3 8 13 12 
873,2.07119e-06,2.44368e-06,1.89786e-06,50,100,100,409218,9 11 2 4 7 14 6 5 1 10 0 3 8 13 12 
874,2.07466e-06,2.44368e-06,1.91864e-06,50,100,100,409218,9 11 2 4 7 14 6 5 1 10 0 3 8 13 12 
875,2.07876e-06,2.44368e-06,1.92348e-06,50,100,100,409218,9 11 2 4 7 14 6 5 1 10 0 3 8 13 12 
876,2.05948e-06,2.44368e-06,1.9336e-06,50,100,100,409218,9 11 2 4 7 14 6 5 1 10 0 3 8 13 12 
877,2.05326e-06,2.44368e-06,1.91022e-06,50,100,100,409218,9 11 2 4 7 14 6 5 1 10 0 3 8 13 12 
878,2.0474e-06,2.44368e-06,1.8865e-06,50,100,100,409218,9 11 2 4 7 14 6 5 1 10 0 3 8 13 12 
879,2.05612e-06,2.44368e-06,1.90244e-06,50,100,100,409218,9 11 2 4 7 14 6 5 1 10 0 3 8 13 12 
880,2.05859e-06,2.44368e-06,1.88195e-06,50,100,100,409218,9 11 2 4 7 14 6 5 1 10 0 3 8 13 12 
881,2.05451e-06,2.44368e-06,1.91085e-06,50,100,100,409218,9 11 2 4 7 14 6 5 1 10 0 3 8 13 12 
882,2.05435e-06,2.44368e-06,1.8928e-06,50,100,100,409218,9 11 2 4 7 14 6 5 1 10 0 3 8 13 12 
883,2.04871e-06,2.44368e-06,1.8823e-06,50,100,100,409218,9 11 2 4 7 14 6 5 1 10 0 3 8 13 12 
884,2.06491e-06,2.44368e-06,1.91035e-06,50,100,100,409218,9 11 2 4 7 14 6 5 1 10 0 3 8 13 12 
885,2.05448e-06,2.44368e-06,1.91125e-06,50,100,100,409218,9 11 2 4 7 14 6 5 1 10 0 3 8 13 12 
886,2.06976e-06,2.44368e-06,1.92508e-06,50,100,100,409218,9 11 2 4 7 14 6 5 1 10 0 3 8 13 12 
887,2.05803e-06,2.44368e-06,1.90317e-06,50,100,100,409218,9 11 2 4 7 14 6 5 1 10 0 3 8 13 12 
888,2.06655e-06,2.44368e-06,1.92815e-06,50,100,100,409218,9 11 2 4 7 14 6 5 1 10 0 3 8 13 12 
889,2.07353e-06,2.44368e-06,1.93333e-06,50,100,100,409218,9 11 2 4 7 14 6 5 1 10 0 3 8 13 12 
890,2.06621e-06,2.44368e-06,1.91789e-06,50,100,100,409218,9 11 2 4 7 14 6 5 1 10 0 3 8 13 12 
891,2.05626e-06,2.44368e-06,1.88662e-06,50,100,100,409218,9 11 2 4 7 14 6 5 1 10 0 3 8 13 12 
892,2.06243e-06,2.44368e-06,1.91152e-06,50,100,100,409218,9 11 2 4 7 14 6 5 1 10 0 3 8 13 12 
893,2.06031e-06,2.44368e-06,1.93106e-06,50,100,100,409218,9 11 2 4 7 14 6 5 1 10 0 3 8 13 12 
894,2.0618e-06,2.44368e-06,1.93139e-06,50,100,100,409218,9 11 2 4 7 14 6 5 1 10 0 3 8 13 12 
895,2.06684e-06,2.44368e-06,1.86059e-06,50,100,100,409218,9 11 2 4 7 14 6 5 1 10 0 3 8 13 12 
896,2.08221e-06,2.44368e-06,1.91749e-06,50,100,100,409218,9 11 2 4 7 14 6 5 1 10 0 3 8 13 12 
897,2.07405e-06,2.44368e-06,1.88535e-06,50,100,100,409218,9 11 2 4 7 14 6 5 1 10 0 3 8 13 12 
898,2.06785e-06,2.44368e-06,1.90332e-06,50,100,100,409218,9 11 2 4 7 14 6 5 1 10 0 3 8 13 12 
899,2.07684e-06,2.44368e-06,1.91781e-06,50,100,100,409218,9 11 2 4 7 14 6 5 1 10 0 3 8 13 12 
900,2.06863e-06,2.44368e-06,1.90776e-06,50,100,100,409218,9 11 2 4 7 14 6 5 1 10 0 3 8 13 12 
901,2.06117e-06,2.44368e-06,1.90233e-06,50,100,100,409218,9 11 2 4 7 14 6 5 1 10 0 3 8 13 12 
902,2.07167e-06,2.44368e-06,1.91339e-06,50,100,100,409218,9 11 2 4 7 14 6 5 1 10 0 3 8 13 12 
903,2.07805e-06,2.44368e-06,1.91008e-06,50,100,100,409218,9 11 2 4 7 14 6 5 1 10 0 3 8 13 12 
904,2.06965e-06,2.44368e-06,1.89806e-06,50,100,100,409218,9 11 2 4 7 14 6 5 1 10 0 3 8 13 12 
905,2.07642e-06,2.44368e-06,1.92311e-06,50,100,100,409218,9 11 2 4 7 14 6 5 1 10 0 3 8 13 12 
906,2.07124e-06,2.44368e-06,1.91951e-06,50,100,100,409218,9 11 2 4 7 14 6 5 1 10 0 3 8 13 12 
907,2.08575e-06,2.44368e-06,1.92438e-06,50,100,100,409218,9 11 2 4 7 14 6 5 1 10 0 3 8 13 12 
908,2.0824e-06,2.44368e-06,1.9267e-06,50,100,100,409218,9 11 2 4 7 14 6 5 1 10 0 3 8 13 12 
909,2.07033e-06,2.44368e-06,1.92129e-06,50,100,100,409218,9 11 2 4 7 14 6 5 1 10 0 3 8 13 12 
910,2.0663e-06,2.44368e-06,1.90469e-06,50,100,100,409218,9 11 2 4 7 14 6 5 1 10 0 3 8 13 12 
911,2.08053e-06,2.44368e-06,1.91835e-06,50,100,100,409218,9 11 2 4 7 14 6 5 1 10 0 3 8 13 12 
912,2.06817e-06,2.44368e-06,1.89916e-06,50,100,100,409218,9 11 2 4 7 14 6 5 1 10 0 3 8 13 12 
913,2.07056e-06,2.44368e-06,1.91526e-06,50,100,100,409218,9 11 2 4 7 14 6 5 1 10 0 3 8 13 12 
914,2.06535e-06,2.44368e-06,1.88649e-06,50,100,100,409218,9 11 2 4 7 14 6 5 1 10 0 3 8 13 12 
915,2.07141e-06,2.44368e-06,1.91041e-06,50,100,100,409218,9 11 2 4 7 14 6 5 1 10 0 3 8 13 12 
916,2.07497e-06,2.44368e-06,1.91727e-06,50,100,100,409218,9 11 2 4 7 14 6 5 1 10 0 3 8 13 12 
917,2.07024e-06,2.44368e-06,1.9365e-06,50,100,100,409218,9 11 2 4 7 14 6 5 1 10 0 3 8 13 12 
918,2.06316e-06,2.44368e-06,1.92616e-06,50,100,100,409218,9 11 2 4 7 14 6 5 1 10 0 3 8 13 12 
919,2.06371e-06,2.44368e-06,1.93532e-06,50,100,100,409218,9 11 2 4 7 14 6 5 1 10 0 3 8 13 12 
920,2.05767e-06,2.44368e-06,1.88696e-06,50,100,100,409218,9 11 2 4 7 14 6 5 1 10 0 3 8 13 12 
921,2.0679e-06,2.44368e-06,1.89567e-06,50,100,100,409218,9 11 2 4 7 14 6 5 1 10 0 3 8 13 12 
922,2.05755e-06,2.44368e-06,1.87406e-06,50,100,100,409218,9 11 2 4 7 14 6 5 1 10 0 3 8 13 12 
923,2.05536e-06,2.44368e-06,1.86339e-06,50,100,100,409218,9 11 2 4 7 14 6 5 1 10 0 3 8 13 12 
924,2.06489e-06,2.44368e-06,1.94338e-06,50,100,100,409218,9 11 2 4 7 14 6 5 1 10 0 3 8 13 12 
925,2.06323e-06,2.44368e-06,1.91679e-06,50,100,100,409218,9 11 2 4 7 14 6 5 1 10 0 3 8 13 12 
926,2.07205e-06,2.44368e-06,1.90766e-06,50,100,100,409218,9 11 2 4 7 14 6 5 1 10 0 3 8 13 12 
927,2.06918e-06,2.44368e-06,1.908e-06,50,100,100,409218,9 11 2 4 7 14 6 5 1 10 0 3 8 13 12 
928,2.07198e-06,2.44368e-06,1.91706e-06,50,100,100,409218,9 11 2 4 7 14 6 5 1 10 0 3 8 13 12 
929,2.07044e-06,2.44368e-06,1.92363e-06,50,100,100,409218,9 11 2 4 7 14 6 5 1 10 0 3 8 13 12 
930,2.07557e-06,2.44368e-06,1.90463e-06,50,100,100,409218,9 11 2 4 7 14 6 5 1 10 0 3 8 13 12 
931,2.07229e-06,2.44368e-06,1.92134e-06,50,100,100,409218,9 11 2 4 7 14 6 5 1 10 0 3 8 13 12 
932,2.05882e-06,2.44368e-06,1.90437e-06,50,100,100,409218,9 11 2 4 7 14 6 5 1 10 0 3 8 13 12 
933,2.05634e-06,2.44368e-06,1.91042e-06,50,100,100,409218,9 11 2 4 7 14 6 5 1 10 0 3 8 13 12 
934,2.05666e-06,2.44368e-06,1.90805e-06,50,100,100,409218,9 11 2 4 7 14 6 5 1 10 0 3 8 13 12 
935,2.07624e-06,2.44368e-06,1.95036e-06,50,100,100,409218,9 11 2 4 7 14 6 5 1 10 0 3 8 13 12 
936,2.07358e-06,2.44368e-06,1.91509e-06,50,100,100,409218,9 11 2 4 7 14 6 5 1 10 0 3 8 13 12 
937,2.07561e-06,2.44368e-06,1.92763e-06,50,100,100,409218,9 11 2 4 7 14 6 5 1 10 0 3 8 13 12 
938,2.07153e-06,2.44368e-06,1.92227e-06,50,100,100,409218,9 11 2 4 7 14 6 5 1 10 0 3 8 13 12 
939,2.07162e-06,2.44368e-06,1.90057e-06,50,100,100,409218,9 11 2 4 7 14 6 5 1 10 0 3 8 13 12 
940,2.07077e-06,2.44368e-06,1.94686e-06,50,100,100,409218,9 11 2 4 7 14 6 5 1 10 0 3 8 13 12 
941,2.07205e-06,2.44368e-06,1.91756e-06,50,100,100,409218,9 11 2 4 7 14 6 5 1 10 0 3 8 13 12 
942,2.08313e-06,2.44368e-06,1.95287e-06,50,100,100,409218,9 11 2 4 7 14 6 5 1 10 0 3 8 13 12 
943,2.07456e-06,2.44368e-06,1.91152e-06,50,100,100,409218,9 11 2 4 7 14 6 5 1 10 0 3 8 13 12 
944,2.07369e-06,2.44368e-06,1.9419e-06,50,100,100,409218,9 11 2 4 7 14 6 5 1 10 0 3 8 13 12 
945,2.06134e-06,2.44368e-06,1.90729e-06,50,100,100,409218,9 11 2 4 7 14 6 5 1 10 0 3 8 13 12 
946,2.05647e-06,2.44368e-06,1.9129e-06,50,100,100,409218,9 11 2 4 7 14 6 5 1 10 0 3 8 13 12 
947,2.06626e-06,2.44368e-06,1.90481e-06,50,100,100,409218,9 11 2 4 7 14 6 5 1 10 0 3 8 13 12 
948,2.05979e-06,2.44368e-06,1.88574e-06,50,100,100,409218,9 11 2 4 7 14 6 5 1 10 0 3 8 13 12 
949,2.05326e-06,2.44368e-06,1.88856e-06,50,100,100,409218,9 11 2 4 7 14 6 5 1 10 0 3 8 13 12 
950,2.05759e-06,2.44368e-06,1.86175e-06,50,100,100,409218,9 11 2 4 7 14 6 5 1 10 0 3 8 13 12 
951,2.06145e-06,2.44368e-06,1.92151e-06,50,100,100,409218,9 11 2 4 7 14 6 5 1 10 0 3 8 13 12 
952,2.07181e-06,2.44368e-06,1.91844e-06,50,100,100,409218,9 11 2 4 7 14 6 5 1 10 0 3 8 13 12 
953,2.0613e-06,2.44368e-06,1.93702e-06,50,100,100,409218,9 11 2 4 7 14 6 5 1 10 0 3 8 13 12 
954,2.05289e-06,2.44368e-06,1.88144e-06,50,100,100,409218,9 11 2 4 7 14 6 5 1 10 0 3 8 13 12 
955,2.05762e-06,2.44368e-06,1.91479e-06,50,100,100,409218,9 11 2 4 7 14 6 5 1 10 0 3 8 13 12 
956,2.0619e-06,2.44368e-06,1.90893e-06,50,100,100,409218,9 11 2 4 7 14 6 5 1 10 0 3 8 13 12 
957,2.05623e-06,2.44368e-06,1.93698e-06,50,100,100,409218,9 11 2 4 7 14 6 5 1 10 0 3 8 13 12 
958,2.05841e-06,2.44368e-06,1.89731e-06,50,100,100,409218,9 11 2 4 7 14 6 5 1 10 0 3 8 13 12 
959,2.06147e-06,2.44368e-06,1.89636e-06,50,100,100,409218,9 11 2 4 7 14 6 5 1 10 0 3 8 13 12 
960,2.05982e-06,2.44368e-06,1.92881e-06,50,100,100,409218,9 11 2 4 7 14 6 5 1 10 0 3 8 13 12 
961,2.06833e-06,2.44368e-06,1.9019e-06,50,100,100,409218,9 11 2 4 7 14 6 5 1 10 0 3 8 13 12 
962,2.07592e-06,2.44368e-06,1.9343e-06,50,100,100,409218,9 11 2 4 7 14 6 5 1 10 0 3 8 13 12 
963,2.0705e-06,2.44368e-06,1.92894e-06,50,100,100,409218,9 11 2 4 7 14 6 5 1 10 0 3 8 13 12 
964,2.06194e-06,2.44368e-06,1.91943e-06,50,100,100,409218,9 11 2 4 7 14 6 5 1 10 0 3 8 13 12 
965,2.0679e-06,2.44368e-06,1.87996e-06,50,100,100,409218,9 11 2 4 7 14 6 5 1 10 0 3 8 13 12 
966,2.0492e-06,2.44368e-06,1.92412e-06,50,100,100,409218,9 11 2 4 7 14 6 5 1 10 0 3 8 13 12 
967,2.05625e-06,2.44368e-06,1.88006e-06,50,100,100,409218,9 11 2 4 7 14 6 5 1 10 0 3 8 13 12 
968,2.06252e-06,2.44368e-06,1.92006e-06,50,100,100,409218,9 11 2 4 7 14 6 5 1 10 0 3 8 13 12 
969,2.04819e-06,2.44368e-06,1.9095e-06,50,100,100,409218,9 11 2 4 7 14 6 5 1 10 0 3 8 13 12 
970,2.05091e-06,2.44368e-06,1.90991e-06,50,100,100,409218,9 11 2 4 7 14 6 5 1 10 0 3 8 13 12 
971,2.07348e-06,2.44368e-06,1.93036e-06,50,100,100,409218,9 11 2 4 7 14 6 5 1 10 0 3 8 13 12 
972,2.07046e-06,2.44368e-06,1.92987e-06,50,100,100,409218,9 11 2 4 7 14 6 5 1 10 0 3 8 13 12 
973,2.07132e-06,2.44368e-06,1.91728e-06,50,100,100,409218,9 11 2 4 7 14 6 5 1 10 0 3 8 13 12 
974,2.07252e-06,2.44368e-06,1.93354e-06,50,100,100,409218,9 11 2 4 7 14 6 5 1 10 0 3 8 13 12 
975,2.07243e-06,2.44368e-06,1.90756e-06,50,100,100,409218,9 11 2 4 7 14 6 5 1 10 0 3 8 13 12 
976,2.07119e-06,2.44368e-06,1.89995e-06,50,100,100,409218,9 11 2 4 7 14 6 5 1 10 0 3 8 13 12 
977,2.07074e-06,2.44368e-06,1.93736e-06,50,100,100,409218,9 11 2 4 7 14 6 5 1 10 0 3 8 13 12 
978,2.06688e-06,2.44368e-06,1.93117e-06,50,100,100,409218,9 11 2 4 7 14 6 5 1 10 0 3 8 13 12 
979,2.06218e-06,2.44368e-06,1.90277e-06,50,100,100,409218,9 11 2 4 7 14 6 5 1 10 0 3 8 13 12 
980,2.0761e-06,2.44368e-06,1.90215e-06,50,100,100,409218,9 11 2 4 7 14 6 5 1 10 0 3 8 13 12 
981,2.06297e-06,2.44368e-06,1.89887e-06,50,100,100,409218,9 11 2 4 7 14 6 5 1 10 0 3 8 13 12 
982,2.0709e-06,2.44368e-06,1.91828e-06,50,100,100,409218,9 11 2 4 7 14 6 5 1 10 0 3 8 13 12 
983,2.06715e-06,2.44368e-06,1.90595e-06,50,100,100,409218,9 11 2 4 7 14 6 5 1 10 0 3 8 13 12 
984,2.07335e-06,2.44368e-06,1.89569e-06,50,100,100,409218,9 11 2 4 7 14 6 5 1 10 0 3 8 13 12 
985,2.06779e-06,2.44368e-06,1.91485e-06,50,100,100,409218,9 11 2 4 7 14 6 5 1 10 0 3 8 13 12 
986,2.08001e-06,2.44368e-06,1.91551e-06,50,100,100,409218,9 11 2 4 7 14 6 5 1 10 0 3 8 13 12 
987,2.09011e-06,2.44368e-06,1.93259e-06,50,100,100,409218,9 11 2 4 7 14 6 5 1 10 0 3 8 13 12 
988,2.07301e-06,2.44368e-06,1.91261e-06,50,100,100,409218,9 11 2 4 7 14 6 5 1 10 0 3 8 13 12 
989,2.08185e-06,2.44368e-06,1.88821e-06,50,100,100,409218,9 11 2 4 7 14 6 5 1 10 0 3 8 13 12 
990,2.07386e-06,2.44368e-06,1.92614e-06,50,100,100,409218,9 11 2 4 7 14 6 5 1 10 0 3 8 13 12 
991,2.06924e-06,2.44368e-06,1.9074e-06,50,100,100,409218,9 11 2 4 7 14 6 5 1 10 0 3 8 13 12 
992,2.08288e-06,2.44368e-06,1.92289e-06,50,100,100,409218,9 11 2 4 7 14 6 5 1 10 0 3 8 13 12 
993,2.07956e-06,2.44368e-06,1.91811e-06,50,100,100,409218,9 11 2 4 7 14 6 5 1 10 0 3 8 13 12 
994,2.06462e-06,2.44368e-06,1.90976e-06,50,100,100,409218,9 11 2 4 7 14 6 5 1 10 0 3 8 13 12 
995,2.07421e-06,2.44368e-06,1.93412e-06,50,100,100,409218,9 11 2 4 7 14 6 5 1 10 0 3 8 13 12 
996,2.07192e-06,2.44368e-06,1.92002e-06,50,100,100,409218,9 11 2 4 7 14 6 5 1 10 0 3 8 13 12 
997,2.05971e-06,2.44368e-06,1.89953e-06,50,100,100,409218,9 11 2 4 7 14 6 5 1 10 0 3 8 13 12 
998,2.07067e-06,2.44368e-06,1.89492e-06,50,100,100,409218,9 11 2 4 7 14 6 5 1 10 0 3 8 13 12 
999,2.06742e-06,2.44368e-06,1.91479e-06,50,100,100,409218,9 11 2 4 7 14 6 5 1 10 0 3 8 13 12 
