Generación,Media,Mejor,Peor,Cruzas,Mutaciones,Inversiones,Costo,Permutación
1,2.03495e-06,2.21071e-06,1.88581e-06,50,100,100,452342,3 14 12 2 13 10 5 0 6 4 7 8 1 11 9 
2,2.04962e-06,2.21311e-06,1.91048e-06,50,100,100,451852,10 1 4 13 2 3 14 12 7 5 8 6 0 11 9 
3,2.04532e-06,2.29186e-06,1.89667e-06,50,100,100,436326,11 9 3 1 6 5 13 7 4 12 0 8 2 14 10 
4,2.0476e-06,2.29186e-06,1.91985e-06,50,100,100,436326,11 9 3 1 6 5 13 7 4 12 0 8 2 14 10 
5,2.04822e-06,2.29186e-06,1.88224e-06,50,100,100,436326,11 9 3 1 6 5 13 7 4 12 0 8 2 14 10 
6,2.06546e-06,2.29186e-06,1.87881e-06,50,100,100,436326,11 9 3 1 6 5 13 7 4 12 0 8 2 14 10 
7,2.05916e-06,2.29186e-06,1.89078e-06,50,100,100,436326,11 9 3 1 6 5 13 7 4 12 0 8 2 14 10 
8,2.04876e-06,2.29186e-06,1.90643e-06,50,100,100,436326,11 9 3 1 6 5 13 7 4 12 0 8 2 14 10 
9,2.0576e-06,2.29186e-06,1.90628e-06,50,100,100,436326,11 9 3 1 6 5 13 7 4 12 0 8 2 14 10 
10,2.06514e-06,2.29186e-06,1.93052e-06,50,100,100,436326,11 9 3 1 6 5 13 7 4 12 0 8 2 14 10 
11,2.04986e-06,2.29186e-06,1.8916e-06,50,100,100,436326,11 9 3 1 6 5 13 7 4 12 0 8 2 14 10 
12,2.05099e-06,2.29515e-06,1.91454e-06,50,100,100,435700,0 7 1 8 2 14 10 3 11 13 4 9 6 5 12 
13,2.04512e-06,2.29515e-06,1.92513e-06,50,100,100,435700,0 7 1 8 2 14 10 3 11 13 4 9 6 5 12 
14,2.05066e-06,2.29515e-06,1.88606e-06,50,100,100,435700,0 7 1 8 2 14 10 3 11 13 4 9 6 5 12 
15,2.04894e-06,2.29515e-06,1.86907e-06,50,100,100,435700,0 7 1 8 2 14 10 3 11 13 4 9 6 5 12 
16,2.04994e-06,2.29515e-06,1.92211e-06,50,100,100,435700,0 7 1 8 2 14 10 3 11 13 4 9 6 5 12 
17,2.05897e-06,2.29515e-06,1.91731e-06,50,100,100,435700,0 7 1 8 2 14 10 3 11 13 4 9 6 5 12 
18,2.05547e-06,2.29515e-06,1.93391e-06,50,100,100,435700,0 7 1 8 2 14 10 3 11 13 4 9 6 5 12 
19,2.05116e-06,2.29515e-06,1.9023e-06,50,100,100,435700,0 7 1 8 2 14 10 3 11 13 4 9 6 5 12 
20,2.06228e-06,2.29515e-06,1.92887e-06,50,100,100,435700,0 7 1 8 2 14 10 3 11 13 4 9 6 5 12 
21,2.05705e-06,2.3143e-06,1.88444e-06,50,100,100,432096,11 0 1 5 9 6 2 10 12 8 13 7 3 4 14 
22,2.04832e-06,2.3143e-06,1.8966e-06,50,100,100,432096,11 0 1 5 9 6 2 10 12 8 13 7 3 4 14 
23,2.05468e-06,2.3143e-06,1.9159e-06,50,100,100,432096,11 0 1 5 9 6 2 10 12 8 13 7 3 4 14 
24,2.06261e-06,2.3143e-06,1.91704e-06,50,100,100,432096,11 0 1 5 9 6 2 10 12 8 13 7 3 4 14 
25,2.06232e-06,2.3143e-06,1.93601e-06,50,100,100,432096,11 0 1 5 9 6 2 10 12 8 13 7 3 4 14 
26,2.06228e-06,2.3143e-06,1.90262e-06,50,100,100,432096,11 0 1 5 9 6 2 10 12 8 13 7 3 4 14 
27,2.06449e-06,2.3143e-06,1.86306e-06,50,100,100,432096,11 0 1 5 9 6 2 10 12 8 13 7 3 4 14 
28,2.04432e-06,2.3143e-06,1.90707e-06,50,100,100,432096,11 0 1 5 9 6 2 10 12 8 13 7 3 4 14 
29,2.04874e-06,2.3143e-06,1.92538e-06,50,100,100,432096,11 0 1 5 9 6 2 10 12 8 13 7 3 4 14 
30,2.06404e-06,2.3143e-06,1.93144e-06,50,100,100,432096,11 0 1 5 9 6 2 10 12 8 13 7 3 4 14 
31,2.05506e-06,2.3143e-06,1.87663e-06,50,100,100,432096,11 0 1 5 9 6 2 10 12 8 13 7 3 4 14 
32,2.05822e-06,2.3143e-06,1.93303e-06,50,100,100,432096,11 0 1 5 9 6 2 10 12 8 13 7 3 4 14 
33,2.05372e-06,2.3143e-06,1.9106e-06,50,100,100,432096,11 0 1 5 9 6 2 10 12 8 13 7 3 4 14 
34,2.04617e-06,2.3143e-06,1.86066e-06,50,100,100,432096,11 0 1 5 9 6 2 10 12 8 13 7 3 4 14 
35,2.03941e-06,2.3143e-06,1.91272e-06,50,100,100,432096,11 0 1 5 9 6 2 10 12 8 13 7 3 4 14 
36,2.06055e-06,2.3143e-06,1.88087e-06,50,100,100,432096,11 0 1 5 9 6 2 10 12 8 13 7 3 4 14 
37,2.05984e-06,2.3143e-06,1.90713e-06,50,100,100,432096,11 0 1 5 9 6 2 10 12 8 13 7 3 4 14 
38,2.06061e-06,2.3143e-06,1.92589e-06,50,100,100,432096,11 0 1 5 9 6 2 10 12 8 13 7 3 4 14 
39,2.0641e-06,2.3143e-06,1.91112e-06,50,100,100,432096,11 0 1 5 9 6 2 10 12 8 13 7 3 4 14 
40,2.03893e-06,2.3143e-06,1.89209e-06,50,100,100,432096,11 0 1 5 9 6 2 10 12 8 13 7 3 4 14 
41,2.0456e-06,2.3143e-06,1.87789e-06,50,100,100,432096,11 0 1 5 9 6 2 10 12 8 13 7 3 4 14 
42,2.04629e-06,2.41448e-06,1.894e-06,50,100,100,414166,3 0 8 11 12 4 6 1 9 2 7 13 5 10 14 
43,2.05199e-06,2.41448e-06,1.902e-06,50,100,100,414166,3 0 8 11 12 4 6 1 9 2 7 13 5 10 14 
44,2.04739e-06,2.41448e-06,1.90682e-06,50,100,100,414166,3 0 8 11 12 4 6 1 9 2 7 13 5 10 14 
45,2.06497e-06,2.41448e-06,1.94469e-06,50,100,100,414166,3 0 8 11 12 4 6 1 9 2 7 13 5 10 14 
46,2.05927e-06,2.41448e-06,1.90384e-06,50,100,100,414166,3 0 8 11 12 4 6 1 9 2 7 13 5 10 14 
47,2.06385e-06,2.41448e-06,1.91363e-06,50,100,100,414166,3 0 8 11 12 4 6 1 9 2 7 13 5 10 14 
48,2.06222e-06,2.41448e-06,1.89708e-06,50,100,100,414166,3 0 8 11 12 4 6 1 9 2 7 13 5 10 14 
49,2.06786e-06,2.41448e-06,1.91256e-06,50,100,100,414166,3 0 8 11 12 4 6 1 9 2 7 13 5 10 14 
50,2.05522e-06,2.41448e-06,1.88688e-06,50,100,100,414166,3 0 8 11 12 4 6 1 9 2 7 13 5 10 14 
51,2.06231e-06,2.41448e-06,1.90501e-06,50,100,100,414166,3 0 8 11 12 4 6 1 9 2 7 13 5 10 14 
52,2.0462e-06,2.41448e-06,1.919e-06,50,100,100,414166,3 0 8 11 12 4 6 1 9 2 7 13 5 10 14 
53,2.05832e-06,2.41448e-06,1.89371e-06,50,100,100,414166,3 0 8 11 12 4 6 1 9 2 7 13 5 10 14 
54,2.06462e-06,2.41448e-06,1.9211e-06,50,100,100,414166,3 0 8 11 12 4 6 1 9 2 7 13 5 10 14 
55,2.05598e-06,2.41448e-06,1.90716e-06,50,100,100,414166,3 0 8 11 12 4 6 1 9 2 7 13 5 10 14 
56,2.05562e-06,2.41448e-06,1.9089e-06,50,100,100,414166,3 0 8 11 12 4 6 1 9 2 7 13 5 10 14 
57,2.06627e-06,2.41448e-06,1.90542e-06,50,100,100,414166,3 0 8 11 12 4 6 1 9 2 7 13 5 10 14 
58,2.06713e-06,2.41448e-06,1.90006e-06,50,100,100,414166,3 0 8 11 12 4 6 1 9 2 7 13 5 10 14 
59,2.05173e-06,2.41448e-06,1.94156e-06,50,100,100,414166,3 0 8 11 12 4 6 1 9 2 7 13 5 10 14 
60,2.06781e-06,2.41448e-06,1.90871e-06,50,100,100,414166,3 0 8 11 12 4 6 1 9 2 7 13 5 10 14 
61,2.05477e-06,2.41448e-06,1.90713e-06,50,100,100,414166,3 0 8 11 12 4 6 1 9 2 7 13 5 10 14 
62,2.05499e-06,2.41448e-06,1.88097e-06,50,100,100,414166,3 0 8 11 12 4 6 1 9 2 7 13 5 10 14 
63,2.06116e-06,2.41448e-06,1.92546e-06,50,100,100,414166,3 0 8 11 12 4 6 1 9 2 7 13 5 10 14 
64,2.06389e-06,2.41448e-06,1.88387e-06,50,100,100,414166,3 0 8 11 12 4 6 1 9 2 7 13 5 10 14 
65,2.06399e-06,2.41448e-06,1.9034e-06,50,100,100,414166,3 0 8 11 12 4 6 1 9 2 7 13 5 10 14 
66,2.04972e-06,2.41448e-06,1.91405e-06,50,100,100,414166,3 0 8 11 12 4 6 1 9 2 7 13 5 10 14 
67,2.04461e-06,2.41448e-06,1.88846e-06,50,100,100,414166,3 0 8 11 12 4 6 1 9 2 7 13 5 10 14 
68,2.06738e-06,2.41448e-06,1.91572e-06,50,100,100,414166,3 0 8 11 12 4 6 1 9 2 7 13 5 10 14 
69,2.07106e-06,2.41448e-06,1.89082e-06,50,100,100,414166,3 0 8 11 12 4 6 1 9 2 7 13 5 10 14 
70,2.0736e-06,2.41448e-06,1.90957e-06,50,100,100,414166,3 0 8 11 12 4 6 1 9 2 7 13 5 10 14 
71,2.07319e-06,2.41448e-06,1.93378e-06,50,100,100,414166,3 0 8 11 12 4 6 1 9 2 7 13 5 10 14 
72,2.07669e-06,2.41448e-06,1.91384e-06,50,100,100,414166,3 0 8 11 12 4 6 1 9 2 7 13 5 10 14 
73,2.0668e-06,2.41448e-06,1.91261e-06,50,100,100,414166,3 0 8 11 12 4 6 1 9 2 7 13 5 10 14 
74,2.04226e-06,2.41448e-06,1.88737e-06,50,100,100,414166,3 0 8 11 12 4 6 1 9 2 7 13 5 10 14 
75,2.04035e-06,2.41448e-06,1.8932e-06,50,100,100,414166,3 0 8 11 12 4 6 1 9 2 7 13 5 10 14 
76,2.07247e-06,2.41448e-06,1.8917e-06,50,100,100,414166,3 0 8 11 12 4 6 1 9 2 7 13 5 10 14 
77,2.05765e-06,2.41448e-06,1.90429e-06,50,100,100,414166,3 0 8 11 12 4 6 1 9 2 7 13 5 10 14 
78,2.06767e-06,2.41448e-06,1.91025e-06,50,100,100,414166,3 0 8 11 12 4 6 1 9 2 7 13 5 10 14 
79,2.073e-06,2.41448e-06,1.92359e-06,50,100,100,414166,3 0 8 11 12 4 6 1 9 2 7 13 5 10 14 
80,2.05953e-06,2.41448e-06,1.90882e-06,50,100,100,414166,3 0 8 11 12 4 6 1 9 2 7 13 5 10 14 
81,2.05785e-06,2.41448e-06,1.86656e-06,50,100,100,414166,3 0 8 11 12 4 6 1 9 2 7 13 5 10 14 
82,2.05458e-06,2.41448e-06,1.90772e-06,50,100,100,414166,3 0 8 11 12 4 6 1 9 2 7 13 5 10 14 
83,2.05922e-06,2.41448e-06,1.93242e-06,50,100,100,414166,3 0 8 11 12 4 6 1 9 2 7 13 5 10 14 
84,2.07143e-06,2.41448e-06,1.90478e-06,50,100,100,414166,3 0 8 11 12 4 6 1 9 2 7 13 5 10 14 
85,2.04576e-06,2.41448e-06,1.90426e-06,50,100,100,414166,3 0 8 11 12 4 6 1 9 2 7 13 5 10 14 
86,2.05318e-06,2.41448e-06,1.92316e-06,50,100,100,414166,3 0 8 11 12 4 6 1 9 2 7 13 5 10 14 
87,2.06902e-06,2.41448e-06,1.88284e-06,50,100,100,414166,3 0 8 11 12 4 6 1 9 2 7 13 5 10 14 
88,2.06401e-06,2.41448e-06,1.8838e-06,50,100,100,414166,3 0 8 11 12 4 6 1 9 2 7 13 5 10 14 
89,2.05553e-06,2.41448e-06,1.92486e-06,50,100,100,414166,3 0 8 11 12 4 6 1 9 2 7 13 5 10 14 
90,2.05034e-06,2.41448e-06,1.91035e-06,50,100,100,414166,3 0 8 11 12 4 6 1 9 2 7 13 5 10 14 
91,2.06156e-06,2.41448e-06,1.9182e-06,50,100,100,414166,3 0 8 11 12 4 6 1 9 2 7 13 5 10 14 
92,2.06068e-06,2.41448e-06,1.91535e-06,50,100,100,414166,3 0 8 11 12 4 6 1 9 2 7 13 5 10 14 
93,2.07288e-06,2.41448e-06,1.91958e-06,50,100,100,414166,3 0 8 11 12 4 6 1 9 2 7 13 5 10 14 
94,2.06334e-06,2.41448e-06,1.89239e-06,50,100,100,414166,3 0 8 11 12 4 6 1 9 2 7 13 5 10 14 
95,2.06443e-06,2.41448e-06,1.89377e-06,50,100,100,414166,3 0 8 11 12 4 6 1 9 2 7 13 5 10 14 
96,2.07428e-06,2.41448e-06,1.90415e-06,50,100,100,414166,3 0 8 11 12 4 6 1 9 2 7 13 5 10 14 
97,2.07022e-06,2.41448e-06,1.9024e-06,50,100,100,414166,3 0 8 11 12 4 6 1 9 2 7 13 5 10 14 
98,2.05885e-06,2.41448e-06,1.89237e-06,50,100,100,414166,3 0 8 11 12 4 6 1 9 2 7 13 5 10 14 
99,2.06994e-06,2.41448e-06,1.90809e-06,50,100,100,414166,3 0 8 11 12 4 6 1 9 2 7 13 5 10 14 
100,2.05142e-06,2.41448e-06,1.9134e-06,50,100,100,414166,3 0 8 11 12 4 6 1 9 2 7 13 5 10 14 
101,2.06958e-06,2.41448e-06,1.9117e-06,50,100,100,414166,3 0 8 11 12 4 6 1 9 2 7 13 5 10 14 
102,2.05911e-06,2.41448e-06,1.9041e-06,50,100,100,414166,3 0 8 11 12 4 6 1 9 2 7 13 5 10 14 
103,2.05828e-06,2.41448e-06,1.91713e-06,50,100,100,414166,3 0 8 11 12 4 6 1 9 2 7 13 5 10 14 
104,2.05847e-06,2.41448e-06,1.9026e-06,50,100,100,414166,3 0 8 11 12 4 6 1 9 2 7 13 5 10 14 
105,2.06867e-06,2.41448e-06,1.89657e-06,50,100,100,414166,3 0 8 11 12 4 6 1 9 2 7 13 5 10 14 
106,2.06099e-06,2.41448e-06,1.90002e-06,50,100,100,414166,3 0 8 11 12 4 6 1 9 2 7 13 5 10 14 
107,2.05772e-06,2.41448e-06,1.91945e-06,50,100,100,414166,3 0 8 11 12 4 6 1 9 2 7 13 5 10 14 
108,2.05115e-06,2.41448e-06,1.89758e-06,50,100,100,414166,3 0 8 11 12 4 6 1 9 2 7 13 5 10 14 
109,2.05704e-06,2.41448e-06,1.87756e-06,50,100,100,414166,3 0 8 11 12 4 6 1 9 2 7 13 5 10 14 
110,2.05524e-06,2.41448e-06,1.92067e-06,50,100,100,414166,3 0 8 11 12 4 6 1 9 2 7 13 5 10 14 
111,2.07318e-06,2.41448e-06,1.9113e-06,50,100,100,414166,3 0 8 11 12 4 6 1 9 2 7 13 5 10 14 
112,2.06452e-06,2.41448e-06,1.94273e-06,50,100,100,414166,3 0 8 11 12 4 6 1 9 2 7 13 5 10 14 
113,2.06156e-06,2.41448e-06,1.93571e-06,50,100,100,414166,3 0 8 11 12 4 6 1 9 2 7 13 5 10 14 
114,2.05585e-06,2.41448e-06,1.91412e-06,50,100,100,414166,3 0 8 11 12 4 6 1 9 2 7 13 5 10 14 
115,2.06475e-06,2.41448e-06,1.92204e-06,50,100,100,414166,3 0 8 11 12 4 6 1 9 2 7 13 5 10 14 
116,2.06805e-06,2.41448e-06,1.89518e-06,50,100,100,414166,3 0 8 11 12 4 6 1 9 2 7 13 5 10 14 
117,2.06539e-06,2.41448e-06,1.9338e-06,50,100,100,414166,3 0 8 11 12 4 6 1 9 2 7 13 5 10 14 
118,2.05984e-06,2.41448e-06,1.93121e-06,50,100,100,414166,3 0 8 11 12 4 6 1 9 2 7 13 5 10 14 
119,2.05715e-06,2.41448e-06,1.90076e-06,50,100,100,414166,3 0 8 11 12 4 6 1 9 2 7 13 5 10 14 
120,2.05442e-06,2.41448e-06,1.88314e-06,50,100,100,414166,3 0 8 11 12 4 6 1 9 2 7 13 5 10 14 
121,2.05045e-06,2.41448e-06,1.92053e-06,50,100,100,414166,3 0 8 11 12 4 6 1 9 2 7 13 5 10 14 
122,2.05623e-06,2.41448e-06,1.91163e-06,50,100,100,414166,3 0 8 11 12 4 6 1 9 2 7 13 5 10 14 
123,2.05502e-06,2.41448e-06,1.92424e-06,50,100,100,414166,3 0 8 11 12 4 6 1 9 2 7 13 5 10 14 
124,2.04947e-06,2.41448e-06,1.90329e-06,50,100,100,414166,3 0 8 11 12 4 6 1 9 2 7 13 5 10 14 
125,2.04602e-06,2.41448e-06,1.89444e-06,50,100,100,414166,3 0 8 11 12 4 6 1 9 2 7 13 5 10 14 
126,2.0585e-06,2.41448e-06,1.90606e-06,50,100,100,414166,3 0 8 11 12 4 6 1 9 2 7 13 5 10 14 
127,2.04447e-06,2.41448e-06,1.90797e-06,50,100,100,414166,3 0 8 11 12 4 6 1 9 2 7 13 5 10 14 
128,2.06184e-06,2.41448e-06,1.92185e-06,50,100,100,414166,3 0 8 11 12 4 6 1 9 2 7 13 5 10 14 
129,2.04509e-06,2.41448e-06,1.90708e-06,50,100,100,414166,3 0 8 11 12 4 6 1 9 2 7 13 5 10 14 
130,2.05122e-06,2.41448e-06,1.91415e-06,50,100,100,414166,3 0 8 11 12 4 6 1 9 2 7 13 5 10 14 
131,2.04643e-06,2.41448e-06,1.90201e-06,50,100,100,414166,3 0 8 11 12 4 6 1 9 2 7 13 5 10 14 
132,2.04265e-06,2.41448e-06,1.87913e-06,50,100,100,414166,3 0 8 11 12 4 6 1 9 2 7 13 5 10 14 
133,2.04096e-06,2.41448e-06,1.89823e-06,50,100,100,414166,3 0 8 11 12 4 6 1 9 2 7 13 5 10 14 
134,2.05542e-06,2.41448e-06,1.90478e-06,50,100,100,414166,3 0 8 11 12 4 6 1 9 2 7 13 5 10 14 
135,2.06033e-06,2.41448e-06,1.90217e-06,50,100,100,414166,3 0 8 11 12 4 6 1 9 2 7 13 5 10 14 
136,2.06516e-06,2.41448e-06,1.90903e-06,50,100,100,414166,3 0 8 11 12 4 6 1 9 2 7 13 5 10 14 
137,2.0553e-06,2.41448e-06,1.89515e-06,50,100,100,414166,3 0 8 11 12 4 6 1 9 2 7 13 5 10 14 
138,2.04225e-06,2.41448e-06,1.89051e-06,50,100,100,414166,3 0 8 11 12 4 6 1 9 2 7 13 5 10 14 
139,2.04782e-06,2.41448e-06,1.88046e-06,50,100,100,414166,3 0 8 11 12 4 6 1 9 2 7 13 5 10 14 
140,2.05185e-06,2.41448e-06,1.9148e-06,50,100,100,414166,3 0 8 11 12 4 6 1 9 2 7 13 5 10 14 
141,2.05513e-06,2.41448e-06,1.92095e-06,50,100,100,414166,3 0 8 11 12 4 6 1 9 2 7 13 5 10 14 
142,2.06184e-06,2.41448e-06,1.91265e-06,50,100,100,414166,3 0 8 11 12 4 6 1 9 2 7 13 5 10 14 
143,2.06755e-06,2.41448e-06,1.89943e-06,50,100,100,414166,3 0 8 11 12 4 6 1 9 2 7 13 5 10 14 
144,2.05245e-06,2.41448e-06,1.92128e-06,50,100,100,414166,3 0 8 11 12 4 6 1 9 2 7 13 5 10 14 
145,2.06653e-06,2.41448e-06,1.90368e-06,50,100,100,414166,3 0 8 11 12 4 6 1 9 2 7 13 5 10 14 
146,2.05931e-06,2.41448e-06,1.91034e-06,50,100,100,414166,3 0 8 11 12 4 6 1 9 2 7 13 5 10 14 
147,2.06384e-06,2.41448e-06,1.88258e-06,50,100,100,414166,3 0 8 11 12 4 6 1 9 2 7 13 5 10 14 
148,2.05705e-06,2.41448e-06,1.91737e-06,50,100,100,414166,3 0 8 11 12 4 6 1 9 2 7 13 5 10 14 
149,2.05918e-06,2.41448e-06,1.93606e-06,50,100,100,414166,3 0 8 11 12 4 6 1 9 2 7 13 5 10 14 
150,2.06146e-06,2.41448e-06,1.90636e-06,50,100,100,414166,3 0 8 11 12 4 6 1 9 2 7 13 5 10 14 
151,2.06014e-06,2.41448e-06,1.91692e-06,50,100,100,414166,3 0 8 11 12 4 6 1 9 2 7 13 5 10 14 
152,2.07391e-06,2.41448e-06,1.89409e-06,50,100,100,414166,3 0 8 11 12 4 6 1 9 2 7 13 5 10 14 
153,2.06657e-06,2.41448e-06,1.91038e-06,50,100,100,414166,3 0 8 11 12 4 6 1 9 2 7 13 5 10 14 
154,2.05604e-06,2.42054e-06,1.91043e-06,50,100,100,413130,1 0 8 11 12 4 6 14 9 2 7 13 5 10 3 
155,2.06404e-06,2.42054e-06,1.91645e-06,50,100,100,413130,1 0 8 11 12 4 6 14 9 2 7 13 5 10 3 
156,2.06273e-06,2.42054e-06,1.90879e-06,50,100,100,413130,1 0 8 11 12 4 6 14 9 2 7 13 5 10 3 
157,2.07605e-06,2.42054e-06,1.91706e-06,50,100,100,413130,1 0 8 11 12 4 6 14 9 2 7 13 5 10 3 
158,2.07549e-06,2.42054e-06,1.88689e-06,50,100,100,413130,1 0 8 11 12 4 6 14 9 2 7 13 5 10 3 
159,2.06024e-06,2.44077e-06,1.91935e-06,50,100,100,409706,1 0 8 11 12 4 6 14 9 2 7 5 13 10 3 
160,2.06388e-06,2.44077e-06,1.93425e-06,50,100,100,409706,1 0 8 11 12 4 6 14 9 2 7 5 13 10 3 
161,2.06254e-06,2.44077e-06,1.90911e-06,50,100,100,409706,1 0 8 11 12 4 6 14 9 2 7 5 13 10 3 
162,2.06368e-06,2.44077e-06,1.91528e-06,50,100,100,409706,1 0 8 11 12 4 6 14 9 2 7 5 13 10 3 
163,2.06378e-06,2.44077e-06,1.91374e-06,50,100,100,409706,1 0 8 11 12 4 6 14 9 2 7 5 13 10 3 
164,2.05553e-06,2.44077e-06,1.93112e-06,50,100,100,409706,1 0 8 11 12 4 6 14 9 2 7 5 13 10 3 
165,2.0611e-06,2.44077e-06,1.90821e-06,50,100,100,409706,1 0 8 11 12 4 6 14 9 2 7 5 13 10 3 
166,2.04296e-06,2.44077e-06,1.9009e-06,50,100,100,409706,1 0 8 11 12 4 6 14 9 2 7 5 13 10 3 
167,2.06313e-06,2.44077e-06,1.90422e-06,50,100,100,409706,1 0 8 11 12 4 6 14 9 2 7 5 13 10 3 
168,2.0641e-06,2.44077e-06,1.9349e-06,50,100,100,409706,1 0 8 11 12 4 6 14 9 2 7 5 13 10 3 
169,2.05979e-06,2.44077e-06,1.90008e-06,50,100,100,409706,1 0 8 11 12 4 6 14 9 2 7 5 13 10 3 
170,2.0518e-06,2.44077e-06,1.9067e-06,50,100,100,409706,1 0 8 11 12 4 6 14 9 2 7 5 13 10 3 
171,2.05401e-06,2.44077e-06,1.8967e-06,50,100,100,409706,1 0 8 11 12 4 6 14 9 2 7 5 13 10 3 
172,2.05876e-06,2.44077e-06,1.89531e-06,50,100,100,409706,1 0 8 11 12 4 6 14 9 2 7 5 13 10 3 
173,2.05592e-06,2.44077e-06,1.90085e-06,50,100,100,409706,1 0 8 11 12 4 6 14 9 2 7 5 13 10 3 
174,2.068e-06,2.44077e-06,1.91539e-06,50,100,100,409706,1 0 8 11 12 4 6 14 9 2 7 5 13 10 3 
175,2.04604e-06,2.44077e-06,1.89322e-06,50,100,100,409706,1 0 8 11 12 4 6 14 9 2 7 5 13 10 3 
176,2.05944e-06,2.44077e-06,1.87019e-06,50,100,100,409706,1 0 8 11 12 4 6 14 9 2 7 5 13 10 3 
177,2.07129e-06,2.44077e-06,1.93261e-06,50,100,100,409706,1 0 8 11 12 4 6 14 9 2 7 5 13 10 3 
178,2.06949e-06,2.44077e-06,1.90005e-06,50,100,100,409706,1 0 8 11 12 4 6 14 9 2 7 5 13 10 3 
179,2.05769e-06,2.44077e-06,1.91526e-06,50,100,100,409706,1 0 8 11 12 4 6 14 9 2 7 5 13 10 3 
180,2.05922e-06,2.44077e-06,1.91066e-06,50,100,100,409706,1 0 8 11 12 4 6 14 9 2 7 5 13 10 3 
181,2.05664e-06,2.44077e-06,1.92038e-06,50,100,100,409706,1 0 8 11 12 4 6 14 9 2 7 5 13 10 3 
182,2.06816e-06,2.44077e-06,1.93027e-06,50,100,100,409706,1 0 8 11 12 4 6 14 9 2 7 5 13 10 3 
183,2.05401e-06,2.44077e-06,1.88643e-06,50,100,100,409706,1 0 8 11 12 4 6 14 9 2 7 5 13 10 3 
184,2.05708e-06,2.44077e-06,1.92756e-06,50,100,100,409706,1 0 8 11 12 4 6 14 9 2 7 5 13 10 3 
185,2.06e-06,2.44077e-06,1.9206e-06,50,100,100,409706,1 0 8 11 12 4 6 14 9 2 7 5 13 10 3 
186,2.06459e-06,2.44077e-06,1.90726e-06,50,100,100,409706,1 0 8 11 12 4 6 14 9 2 7 5 13 10 3 
187,2.06616e-06,2.44077e-06,1.89628e-06,50,100,100,409706,1 0 8 11 12 4 6 14 9 2 7 5 13 10 3 
188,2.05857e-06,2.44077e-06,1.8943e-06,50,100,100,409706,1 0 8 11 12 4 6 14 9 2 7 5 13 10 3 
189,2.05946e-06,2.44077e-06,1.92992e-06,50,100,100,409706,1 0 8 11 12 4 6 14 9 2 7 5 13 10 3 
190,2.06353e-06,2.44077e-06,1.941e-06,50,100,100,409706,1 0 8 11 12 4 6 14 9 2 7 5 13 10 3 
191,2.06259e-06,2.44077e-06,1.89222e-06,50,100,100,409706,1 0 8 11 12 4 6 14 9 2 7 5 13 10 3 
192,2.06641e-06,2.44077e-06,1.9024e-06,50,100,100,409706,1 0 8 11 12 4 6 14 9 2 7 5 13 10 3 
193,2.05993e-06,2.44077e-06,1.90228e-06,50,100,100,409706,1 0 8 11 12 4 6 14 9 2 7 5 13 10 3 
194,2.05153e-06,2.44077e-06,1.91436e-06,50,100,100,409706,1 0 8 11 12 4 6 14 9 2 7 5 13 10 3 
195,2.05542e-06,2.44077e-06,1.90508e-06,50,100,100,409706,1 0 8 11 12 4 6 14 9 2 7 5 13 10 3 
196,2.06696e-06,2.44077e-06,1.89636e-06,50,100,100,409706,1 0 8 11 12 4 6 14 9 2 7 5 13 10 3 
197,2.06479e-06,2.44077e-06,1.92347e-06,50,100,100,409706,1 0 8 11 12 4 6 14 9 2 7 5 13 10 3 
198,2.0768e-06,2.44077e-06,1.9049e-06,50,100,100,409706,1 0 8 11 12 4 6 14 9 2 7 5 13 10 3 
199,2.07121e-06,2.44077e-06,1.92916e-06,50,100,100,409706,1 0 8 11 12 4 6 14 9 2 7 5 13 10 3 
200,2.06357e-06,2.44077e-06,1.9184e-06,50,100,100,409706,1 0 8 11 12 4 6 14 9 2 7 5 13 10 3 
201,2.06925e-06,2.44077e-06,1.93994e-06,50,100,100,409706,1 0 8 11 12 4 6 14 9 2 7 5 13 10 3 
202,2.06745e-06,2.44077e-06,1.90661e-06,50,100,100,409706,1 0 8 11 12 4 6 14 9 2 7 5 13 10 3 
203,2.06292e-06,2.44077e-06,1.9193e-06,50,100,100,409706,1 0 8 11 12 4 6 14 9 2 7 5 13 10 3 
204,2.07238e-06,2.44077e-06,1.94313e-06,50,100,100,409706,1 0 8 11 12 4 6 14 9 2 7 5 13 10 3 
205,2.06779e-06,2.44077e-06,1.9024e-06,50,100,100,409706,1 0 8 11 12 4 6 14 9 2 7 5 13 10 3 
206,2.06335e-06,2.44077e-06,1.92137e-06,50,100,100,409706,1 0 8 11 12 4 6 14 9 2 7 5 13 10 3 
207,2.06621e-06,2.44077e-06,1.89983e-06,50,100,100,409706,1 0 8 11 12 4 6 14 9 2 7 5 13 10 3 
208,2.05464e-06,2.44077e-06,1.90508e-06,50,100,100,409706,1 0 8 11 12 4 6 14 9 2 7 5 13 10 3 
209,2.06782e-06,2.44077e-06,1.90358e-06,50,100,100,409706,1 0 8 11 12 4 6 14 9 2 7 5 13 10 3 
210,2.07353e-06,2.44077e-06,1.91014e-06,50,100,100,409706,1 0 8 11 12 4 6 14 9 2 7 5 13 10 3 
211,2.06655e-06,2.44077e-06,1.88851e-06,50,100,100,409706,1 0 8 11 12 4 6 14 9 2 7 5 13 10 3 
212,2.06582e-06,2.44077e-06,1.90524e-06,50,100,100,409706,1 0 8 11 12 4 6 14 9 2 7 5 13 10 3 
213,2.04757e-06,2.44077e-06,1.9086e-06,50,100,100,409706,1 0 8 11 12 4 6 14 9 2 7 5 13 10 3 
214,2.0673e-06,2.44077e-06,1.90498e-06,50,100,100,409706,1 0 8 11 12 4 6 14 9 2 7 5 13 10 3 
215,2.0767e-06,2.44077e-06,1.89929e-06,50,100,100,409706,1 0 8 11 12 4 6 14 9 2 7 5 13 10 3 
216,2.07179e-06,2.44077e-06,1.94171e-06,50,100,100,409706,1 0 8 11 12 4 6 14 9 2 7 5 13 10 3 
217,2.07549e-06,2.44077e-06,1.89966e-06,50,100,100,409706,1 0 8 11 12 4 6 14 9 2 7 5 13 10 3 
218,2.0711e-06,2.44077e-06,1.94992e-06,50,100,100,409706,1 0 8 11 12 4 6 14 9 2 7 5 13 10 3 
219,2.06781e-06,2.44077e-06,1.92095e-06,50,100,100,409706,1 0 8 11 12 4 6 14 9 2 7 5 13 10 3 
220,2.06505e-06,2.44077e-06,1.91651e-06,50,100,100,409706,1 0 8 11 12 4 6 14 9 2 7 5 13 10 3 
221,2.08107e-06,2.44077e-06,1.93467e-06,50,100,100,409706,1 0 8 11 12 4 6 14 9 2 7 5 13 10 3 
222,2.07918e-06,2.44077e-06,1.95362e-06,50,100,100,409706,1 0 8 11 12 4 6 14 9 2 7 5 13 10 3 
223,2.07583e-06,2.44077e-06,1.9154e-06,50,100,100,409706,1 0 8 11 12 4 6 14 9 2 7 5 13 10 3 
224,2.06638e-06,2.44077e-06,1.91957e-06,50,100,100,409706,1 0 8 11 12 4 6 14 9 2 7 5 13 10 3 
225,2.05872e-06,2.44077e-06,1.92473e-06,50,100,100,409706,1 0 8 11 12 4 6 14 9 2 7 5 13 10 3 
226,2.06919e-06,2.44077e-06,1.94124e-06,50,100,100,409706,1 0 8 11 12 4 6 14 9 2 7 5 13 10 3 
227,2.07466e-06,2.44077e-06,1.94988e-06,50,100,100,409706,1 0 8 11 12 4 6 14 9 2 7 5 13 10 3 
228,2.07342e-06,2.44077e-06,1.88615e-06,50,100,100,409706,1 0 8 11 12 4 6 14 9 2 7 5 13 10 3 
229,2.0839e-06,2.44077e-06,1.94516e-06,50,100,100,409706,1 0 8 11 12 4 6 14 9 2 7 5 13 10 3 
230,2.0818e-06,2.44077e-06,1.92419e-06,50,100,100,409706,1 0 8 11 12 4 6 14 9 2 7 5 13 10 3 
231,2.07451e-06,2.44077e-06,1.92929e-06,50,100,100,409706,1 0 8 11 12 4 6 14 9 2 7 5 13 10 3 
232,2.04481e-06,2.44077e-06,1.91855e-06,50,100,100,409706,1 0 8 11 12 4 6 14 9 2 7 5 13 10 3 
233,2.05542e-06,2.44077e-06,1.90153e-06,50,100,100,409706,1 0 8 11 12 4 6 14 9 2 7 5 13 10 3 
234,2.06593e-06,2.44077e-06,1.91737e-06,50,100,100,409706,1 0 8 11 12 4 6 14 9 2 7 5 13 10 3 
235,2.07214e-06,2.44077e-06,1.92113e-06,50,100,100,409706,1 0 8 11 12 4 6 14 9 2 7 5 13 10 3 
236,2.06359e-06,2.44077e-06,1.91881e-06,50,100,100,409706,1 0 8 11 12 4 6 14 9 2 7 5 13 10 3 
237,2.06559e-06,2.44077e-06,1.91455e-06,50,100,100,409706,1 0 8 11 12 4 6 14 9 2 7 5 13 10 3 
238,2.05474e-06,2.44077e-06,1.93009e-06,50,100,100,409706,1 0 8 11 12 4 6 14 9 2 7 5 13 10 3 
239,2.06462e-06,2.44077e-06,1.91753e-06,50,100,100,409706,1 0 8 11 12 4 6 14 9 2 7 5 13 10 3 
240,2.07493e-06,2.44077e-06,1.90676e-06,50,100,100,409706,1 0 8 11 12 4 6 14 9 2 7 5 13 10 3 
241,2.06847e-06,2.44077e-06,1.92613e-06,50,100,100,409706,1 0 8 11 12 4 6 14 9 2 7 5 13 10 3 
242,2.07342e-06,2.44077e-06,1.89487e-06,50,100,100,409706,1 0 8 11 12 4 6 14 9 2 7 5 13 10 3 
243,2.06575e-06,2.44077e-06,1.90372e-06,50,100,100,409706,1 0 8 11 12 4 6 14 9 2 7 5 13 10 3 
244,2.06831e-06,2.44077e-06,1.92593e-06,50,100,100,409706,1 0 8 11 12 4 6 14 9 2 7 5 13 10 3 
245,2.06163e-06,2.44077e-06,1.91066e-06,50,100,100,409706,1 0 8 11 12 4 6 14 9 2 7 5 13 10 3 
246,2.06578e-06,2.44077e-06,1.91985e-06,50,100,100,409706,1 0 8 11 12 4 6 14 9 2 7 5 13 10 3 
247,2.06721e-06,2.44077e-06,1.90148e-06,50,100,100,409706,1 0 8 11 12 4 6 14 9 2 7 5 13 10 3 
248,2.06304e-06,2.44077e-06,1.92928e-06,50,100,100,409706,1 0 8 11 12 4 6 14 9 2 7 5 13 10 3 
249,2.05804e-06,2.44077e-06,1.87013e-06,50,100,100,409706,1 0 8 11 12 4 6 14 9 2 7 5 13 10 3 
250,2.07336e-06,2.44077e-06,1.90893e-06,50,100,100,409706,1 0 8 11 12 4 6 14 9 2 7 5 13 10 3 
251,2.07972e-06,2.44077e-06,1.91204e-06,50,100,100,409706,1 0 8 11 12 4 6 14 9 2 7 5 13 10 3 
252,2.07768e-06,2.44077e-06,1.92075e-06,50,100,100,409706,1 0 8 11 12 4 6 14 9 2 7 5 13 10 3 
253,2.06498e-06,2.44077e-06,1.94955e-06,50,100,100,409706,1 0 8 11 12 4 6 14 9 2 7 5 13 10 3 
254,2.07119e-06,2.44077e-06,1.90887e-06,50,100,100,409706,1 0 8 11 12 4 6 14 9 2 7 5 13 10 3 
255,2.07367e-06,2.44077e-06,1.92333e-06,50,100,100,409706,1 0 8 11 12 4 6 14 9 2 7 5 13 10 3 
256,2.05354e-06,2.44077e-06,1.91889e-06,50,100,100,409706,1 0 8 11 12 4 6 14 9 2 7 5 13 10 3 
257,2.04902e-06,2.44077e-06,1.92357e-06,50,100,100,409706,1 0 8 11 12 4 6 14 9 2 7 5 13 10 3 
258,2.07196e-06,2.44077e-06,1.94184e-06,50,100,100,409706,1 0 8 11 12 4 6 14 9 2 7 5 13 10 3 
259,2.07337e-06,2.44077e-06,1.92087e-06,50,100,100,409706,1 0 8 11 12 4 6 14 9 2 7 5 13 10 3 
260,2.07106e-06,2.44077e-06,1.93168e-06,50,100,100,409706,1 0 8 11 12 4 6 14 9 2 7 5 13 10 3 
261,2.06481e-06,2.44077e-06,1.91137e-06,50,100,100,409706,1 0 8 11 12 4 6 14 9 2 7 5 13 10 3 
262,2.07228e-06,2.44077e-06,1.9229e-06,50,100,100,409706,1 0 8 11 12 4 6 14 9 2 7 5 13 10 3 
263,2.07453e-06,2.44077e-06,1.95317e-06,50,100,100,409706,1 0 8 11 12 4 6 14 9 2 7 5 13 10 3 
264,2.07803e-06,2.44077e-06,1.92943e-06,50,100,100,409706,1 0 8 11 12 4 6 14 9 2 7 5 13 10 3 
265,2.0795e-06,2.44077e-06,1.93396e-06,50,100,100,409706,1 0 8 11 12 4 6 14 9 2 7 5 13 10 3 
266,2.07256e-06,2.44077e-06,1.95833e-06,50,100,100,409706,1 0 8 11 12 4 6 14 9 2 7 5 13 10 3 
267,2.06406e-06,2.44077e-06,1.89723e-06,50,100,100,409706,1 0 8 11 12 4 6 14 9 2 7 5 13 10 3 
268,2.05997e-06,2.44077e-06,1.90919e-06,50,100,100,409706,1 0 8 11 12 4 6 14 9 2 7 5 13 10 3 
269,2.06662e-06,2.44077e-06,1.92425e-06,50,100,100,409706,1 0 8 11 12 4 6 14 9 2 7 5 13 10 3 
270,2.06147e-06,2.44077e-06,1.93403e-06,50,100,100,409706,1 0 8 11 12 4 6 14 9 2 7 5 13 10 3 
271,2.04886e-06,2.44077e-06,1.90504e-06,50,100,100,409706,1 0 8 11 12 4 6 14 9 2 7 5 13 10 3 
272,2.05196e-06,2.44077e-06,1.92273e-06,50,100,100,409706,1 0 8 11 12 4 6 14 9 2 7 5 13 10 3 
273,2.0533e-06,2.44077e-06,1.92453e-06,50,100,100,409706,1 0 8 11 12 4 6 14 9 2 7 5 13 10 3 
274,2.06054e-06,2.44077e-06,1.93691e-06,50,100,100,409706,1 0 8 11 12 4 6 14 9 2 7 5 13 10 3 
275,2.04967e-06,2.44077e-06,1.92766e-06,50,100,100,409706,1 0 8 11 12 4 6 14 9 2 7 5 13 10 3 
276,2.04431e-06,2.44077e-06,1.92178e-06,50,100,100,409706,1 0 8 11 12 4 6 14 9 2 7 5 13 10 3 
277,2.05664e-06,2.44077e-06,1.90416e-06,50,100,100,409706,1 0 8 11 12 4 6 14 9 2 7 5 13 10 3 
278,2.05795e-06,2.44077e-06,1.92865e-06,50,100,100,409706,1 0 8 11 12 4 6 14 9 2 7 5 13 10 3 
279,2.05365e-06,2.44077e-06,1.91185e-06,50,100,100,409706,1 0 8 11 12 4 6 14 9 2 7 5 13 10 3 
280,2.06159e-06,2.44077e-06,1.9032e-06,50,100,100,409706,1 0 8 11 12 4 6 14 9 2 7 5 13 10 3 
281,2.05995e-06,2.44077e-06,1.9188e-06,50,100,100,409706,1 0 8 11 12 4 6 14 9 2 7 5 13 10 3 
282,2.0679e-06,2.44077e-06,1.91581e-06,50,100,100,409706,1 0 8 11 12 4 6 14 9 2 7 5 13 10 3 
283,2.05437e-06,2.44077e-06,1.91329e-06,50,100,100,409706,1 0 8 11 12 4 6 14 9 2 7 5 13 10 3 
284,2.05691e-06,2.44077e-06,1.90324e-06,50,100,100,409706,1 0 8 11 12 4 6 14 9 2 7 5 13 10 3 
285,2.05616e-06,2.44077e-06,1.90421e-06,50,100,100,409706,1 0 8 11 12 4 6 14 9 2 7 5 13 10 3 
286,2.06104e-06,2.44077e-06,1.8927e-06,50,100,100,409706,1 0 8 11 12 4 6 14 9 2 7 5 13 10 3 
287,2.06807e-06,2.44702e-06,1.90633e-06,50,100,100,408660,1 0 2 11 12 4 6 14 9 8 7 5 13 10 3 
288,2.06543e-06,2.44702e-06,1.93386e-06,50,100,100,408660,1 0 2 11 12 4 6 14 9 8 7 5 13 10 3 
289,2.07422e-06,2.44702e-06,1.92117e-06,50,100,100,408660,1 0 2 11 12 4 6 14 9 8 7 5 13 10 3 
290,2.07807e-06,2.44702e-06,1.90899e-06,50,100,100,408660,1 0 2 11 12 4 6 14 9 8 7 5 13 10 3 
291,2.07106e-06,2.44702e-06,1.89901e-06,50,100,100,408660,1 0 2 11 12 4 6 14 9 8 7 5 13 10 3 
292,2.06087e-06,2.44702e-06,1.9071e-06,50,100,100,408660,1 0 2 11 12 4 6 14 9 8 7 5 13 10 3 
293,2.06183e-06,2.44702e-06,1.90845e-06,50,100,100,408660,1 0 2 11 12 4 6 14 9 8 7 5 13 10 3 
294,2.04541e-06,2.44702e-06,1.90743e-06,50,100,100,408660,1 0 2 11 12 4 6 14 9 8 7 5 13 10 3 
295,2.06891e-06,2.44702e-06,1.93065e-06,50,100,100,408660,1 0 2 11 12 4 6 14 9 8 7 5 13 10 3 
296,2.05966e-06,2.44702e-06,1.84774e-06,50,100,100,408660,1 0 2 11 12 4 6 14 9 8 7 5 13 10 3 
297,2.05755e-06,2.44702e-06,1.91343e-06,50,100,100,408660,1 0 2 11 12 4 6 14 9 8 7 5 13 10 3 
298,2.06771e-06,2.44702e-06,1.8736e-06,50,100,100,408660,1 0 2 11 12 4 6 14 9 8 7 5 13 10 3 
299,2.06831e-06,2.44702e-06,1.92782e-06,50,100,100,408660,1 0 2 11 12 4 6 14 9 8 7 5 13 10 3 
300,2.06072e-06,2.44702e-06,1.8769e-06,50,100,100,408660,1 0 2 11 12 4 6 14 9 8 7 5 13 10 3 
301,2.05883e-06,2.44702e-06,1.91579e-06,50,100,100,408660,1 0 2 11 12 4 6 14 9 8 7 5 13 10 3 
302,2.05307e-06,2.44702e-06,1.90747e-06,50,100,100,408660,1 0 2 11 12 4 6 14 9 8 7 5 13 10 3 
303,2.06144e-06,2.44702e-06,1.89495e-06,50,100,100,408660,1 0 2 11 12 4 6 14 9 8 7 5 13 10 3 
304,2.05385e-06,2.44702e-06,1.89152e-06,50,100,100,408660,1 0 2 11 12 4 6 14 9 8 7 5 13 10 3 
305,2.05951e-06,2.44702e-06,1.89521e-06,50,100,100,408660,1 0 2 11 12 4 6 14 9 8 7 5 13 10 3 
306,2.05362e-06,2.44702e-06,1.89126e-06,50,100,100,408660,1 0 2 11 12 4 6 14 9 8 7 5 13 10 3 
307,2.0523e-06,2.44702e-06,1.90517e-06,50,100,100,408660,1 0 2 11 12 4 6 14 9 8 7 5 13 10 3 
308,2.04754e-06,2.44702e-06,1.89772e-06,50,100,100,408660,1 0 2 11 12 4 6 14 9 8 7 5 13 10 3 
309,2.04955e-06,2.44702e-06,1.90021e-06,50,100,100,408660,1 0 2 11 12 4 6 14 9 8 7 5 13 10 3 
310,2.05521e-06,2.44702e-06,1.91176e-06,50,100,100,408660,1 0 2 11 12 4 6 14 9 8 7 5 13 10 3 
311,2.06142e-06,2.44702e-06,1.89971e-06,50,100,100,408660,1 0 2 11 12 4 6 14 9 8 7 5 13 10 3 
312,2.06258e-06,2.44702e-06,1.93353e-06,50,100,100,408660,1 0 2 11 12 4 6 14 9 8 7 5 13 10 3 
313,2.05196e-06,2.44702e-06,1.87346e-06,50,100,100,408660,1 0 2 11 12 4 6 14 9 8 7 5 13 10 3 
314,2.05357e-06,2.44702e-06,1.90825e-06,50,100,100,408660,1 0 2 11 12 4 6 14 9 8 7 5 13 10 3 
315,2.05925e-06,2.44702e-06,1.92422e-06,50,100,100,408660,1 0 2 11 12 4 6 14 9 8 7 5 13 10 3 
316,2.0496e-06,2.44702e-06,1.87517e-06,50,100,100,408660,1 0 2 11 12 4 6 14 9 8 7 5 13 10 3 
317,2.0494e-06,2.44702e-06,1.91363e-06,50,100,100,408660,1 0 2 11 12 4 6 14 9 8 7 5 13 10 3 
318,2.05145e-06,2.44702e-06,1.90865e-06,50,100,100,408660,1 0 2 11 12 4 6 14 9 8 7 5 13 10 3 
319,2.04965e-06,2.44702e-06,1.90811e-06,50,100,100,408660,1 0 2 11 12 4 6 14 9 8 7 5 13 10 3 
320,2.05075e-06,2.44702e-06,1.90265e-06,50,100,100,408660,1 0 2 11 12 4 6 14 9 8 7 5 13 10 3 
321,2.05778e-06,2.44702e-06,1.89223e-06,50,100,100,408660,1 0 2 11 12 4 6 14 9 8 7 5 13 10 3 
322,2.05844e-06,2.44702e-06,1.91332e-06,50,100,100,408660,1 0 2 11 12 4 6 14 9 8 7 5 13 10 3 
323,2.05899e-06,2.44702e-06,1.90939e-06,50,100,100,408660,1 0 2 11 12 4 6 14 9 8 7 5 13 10 3 
324,2.06323e-06,2.44702e-06,1.92564e-06,50,100,100,408660,1 0 2 11 12 4 6 14 9 8 7 5 13 10 3 
325,2.0681e-06,2.44702e-06,1.92055e-06,50,100,100,408660,1 0 2 11 12 4 6 14 9 8 7 5 13 10 3 
326,2.06455e-06,2.44702e-06,1.92925e-06,50,100,100,408660,1 0 2 11 12 4 6 14 9 8 7 5 13 10 3 
327,2.08997e-06,2.44702e-06,1.91099e-06,50,100,100,408660,1 0 2 11 12 4 6 14 9 8 7 5 13 10 3 
328,2.07442e-06,2.44702e-06,1.90119e-06,50,100,100,408660,1 0 2 11 12 4 6 14 9 8 7 5 13 10 3 
329,2.07628e-06,2.44702e-06,1.89348e-06,50,100,100,408660,1 0 2 11 12 4 6 14 9 8 7 5 13 10 3 
330,2.07758e-06,2.44702e-06,1.92954e-06,50,100,100,408660,1 0 2 11 12 4 6 14 9 8 7 5 13 10 3 
331,2.06306e-06,2.44702e-06,1.88373e-06,50,100,100,408660,1 0 2 11 12 4 6 14 9 8 7 5 13 10 3 
332,2.07107e-06,2.44702e-06,1.90114e-06,50,100,100,408660,1 0 2 11 12 4 6 14 9 8 7 5 13 10 3 
333,2.08137e-06,2.44702e-06,1.92604e-06,50,100,100,408660,1 0 2 11 12 4 6 14 9 8 7 5 13 10 3 
334,2.05786e-06,2.44702e-06,1.88718e-06,50,100,100,408660,1 0 2 11 12 4 6 14 9 8 7 5 13 10 3 
335,2.05287e-06,2.44702e-06,1.90922e-06,50,100,100,408660,1 0 2 11 12 4 6 14 9 8 7 5 13 10 3 
336,2.06481e-06,2.44702e-06,1.92624e-06,50,100,100,408660,1 0 2 11 12 4 6 14 9 8 7 5 13 10 3 
337,2.05554e-06,2.44702e-06,1.92148e-06,50,100,100,408660,1 0 2 11 12 4 6 14 9 8 7 5 13 10 3 
338,2.04189e-06,2.44702e-06,1.90366e-06,50,100,100,408660,1 0 2 11 12 4 6 14 9 8 7 5 13 10 3 
339,2.05705e-06,2.44702e-06,1.90676e-06,50,100,100,408660,1 0 2 11 12 4 6 14 9 8 7 5 13 10 3 
340,2.0559e-06,2.44702e-06,1.8878e-06,50,100,100,408660,1 0 2 11 12 4 6 14 9 8 7 5 13 10 3 
341,2.05935e-06,2.44702e-06,1.9265e-06,50,100,100,408660,1 0 2 11 12 4 6 14 9 8 7 5 13 10 3 
342,2.06078e-06,2.44702e-06,1.92737e-06,50,100,100,408660,1 0 2 11 12 4 6 14 9 8 7 5 13 10 3 
343,2.05964e-06,2.44702e-06,1.88866e-06,50,100,100,408660,1 0 2 11 12 4 6 14 9 8 7 5 13 10 3 
344,2.05944e-06,2.44702e-06,1.90833e-06,50,100,100,408660,1 0 2 11 12 4 6 14 9 8 7 5 13 10 3 
345,2.05967e-06,2.44702e-06,1.92446e-06,50,100,100,408660,1 0 2 11 12 4 6 14 9 8 7 5 13 10 3 
346,2.05831e-06,2.44702e-06,1.91079e-06,50,100,100,408660,1 0 2 11 12 4 6 14 9 8 7 5 13 10 3 
347,2.0566e-06,2.44702e-06,1.92924e-06,50,100,100,408660,1 0 2 11 12 4 6 14 9 8 7 5 13 10 3 
348,2.05933e-06,2.44702e-06,1.91437e-06,50,100,100,408660,1 0 2 11 12 4 6 14 9 8 7 5 13 10 3 
349,2.05393e-06,2.44702e-06,1.91347e-06,50,100,100,408660,1 0 2 11 12 4 6 14 9 8 7 5 13 10 3 
350,2.04787e-06,2.44702e-06,1.90237e-06,50,100,100,408660,1 0 2 11 12 4 6 14 9 8 7 5 13 10 3 
351,2.06034e-06,2.44702e-06,1.91756e-06,50,100,100,408660,1 0 2 11 12 4 6 14 9 8 7 5 13 10 3 
352,2.06021e-06,2.44702e-06,1.91258e-06,50,100,100,408660,1 0 2 11 12 4 6 14 9 8 7 5 13 10 3 
353,2.06342e-06,2.44702e-06,1.92065e-06,50,100,100,408660,1 0 2 11 12 4 6 14 9 8 7 5 13 10 3 
354,2.06398e-06,2.44702e-06,1.92544e-06,50,100,100,408660,1 0 2 11 12 4 6 14 9 8 7 5 13 10 3 
355,2.06341e-06,2.44702e-06,1.91674e-06,50,100,100,408660,1 0 2 11 12 4 6 14 9 8 7 5 13 10 3 
356,2.07156e-06,2.44702e-06,1.90378e-06,50,100,100,408660,1 0 2 11 12 4 6 14 9 8 7 5 13 10 3 
357,2.0696e-06,2.44702e-06,1.90626e-06,50,100,100,408660,1 0 2 11 12 4 6 14 9 8 7 5 13 10 3 
358,2.05838e-06,2.44702e-06,1.90676e-06,50,100,100,408660,1 0 2 11 12 4 6 14 9 8 7 5 13 10 3 
359,2.06997e-06,2.44702e-06,1.89441e-06,50,100,100,408660,1 0 2 11 12 4 6 14 9 8 7 5 13 10 3 
360,2.06749e-06,2.44702e-06,1.92504e-06,50,100,100,408660,1 0 2 11 12 4 6 14 9 8 7 5 13 10 3 
361,2.07522e-06,2.44702e-06,1.91866e-06,50,100,100,408660,1 0 2 11 12 4 6 14 9 8 7 5 13 10 3 
362,2.05818e-06,2.44702e-06,1.91375e-06,50,100,100,408660,1 0 2 11 12 4 6 14 9 8 7 5 13 10 3 
363,2.06151e-06,2.44702e-06,1.90054e-06,50,100,100,408660,1 0 2 11 12 4 6 14 9 8 7 5 13 10 3 
364,2.04835e-06,2.44702e-06,1.87784e-06,50,100,100,408660,1 0 2 11 12 4 6 14 9 8 7 5 13 10 3 
365,2.06897e-06,2.44702e-06,1.93093e-06,50,100,100,408660,1 0 2 11 12 4 6 14 9 8 7 5 13 10 3 
366,2.06324e-06,2.44702e-06,1.92541e-06,50,100,100,408660,1 0 2 11 12 4 6 14 9 8 7 5 13 10 3 
367,2.05807e-06,2.44702e-06,1.89692e-06,50,100,100,408660,1 0 2 11 12 4 6 14 9 8 7 5 13 10 3 
368,2.05434e-06,2.44702e-06,1.89768e-06,50,100,100,408660,1 0 2 11 12 4 6 14 9 8 7 5 13 10 3 
369,2.05806e-06,2.44702e-06,1.91519e-06,50,100,100,408660,1 0 2 11 12 4 6 14 9 8 7 5 13 10 3 
370,2.05116e-06,2.44702e-06,1.87266e-06,50,100,100,408660,1 0 2 11 12 4 6 14 9 8 7 5 13 10 3 
371,2.06499e-06,2.44702e-06,1.90746e-06,50,100,100,408660,1 0 2 11 12 4 6 14 9 8 7 5 13 10 3 
372,2.06453e-06,2.44702e-06,1.89557e-06,50,100,100,408660,1 0 2 11 12 4 6 14 9 8 7 5 13 10 3 
373,2.06123e-06,2.44702e-06,1.89315e-06,50,100,100,408660,1 0 2 11 12 4 6 14 9 8 7 5 13 10 3 
374,2.06274e-06,2.44702e-06,1.88572e-06,50,100,100,408660,1 0 2 11 12 4 6 14 9 8 7 5 13 10 3 
375,2.06301e-06,2.44702e-06,1.8868e-06,50,100,100,408660,1 0 2 11 12 4 6 14 9 8 7 5 13 10 3 
376,2.06004e-06,2.44702e-06,1.90081e-06,50,100,100,408660,1 0 2 11 12 4 6 14 9 8 7 5 13 10 3 
377,2.05181e-06,2.44702e-06,1.91894e-06,50,100,100,408660,1 0 2 11 12 4 6 14 9 8 7 5 13 10 3 
378,2.04294e-06,2.44702e-06,1.8793e-06,50,100,100,408660,1 0 2 11 12 4 6 14 9 8 7 5 13 10 3 
379,2.05813e-06,2.44702e-06,1.90503e-06,50,100,100,408660,1 0 2 11 12 4 6 14 9 8 7 5 13 10 3 
380,2.06136e-06,2.44702e-06,1.94276e-06,50,100,100,408660,1 0 2 11 12 4 6 14 9 8 7 5 13 10 3 
381,2.06122e-06,2.44702e-06,1.89015e-06,50,100,100,408660,1 0 2 11 12 4 6 14 9 8 7 5 13 10 3 
382,2.04787e-06,2.44702e-06,1.87462e-06,50,100,100,408660,1 0 2 11 12 4 6 14 9 8 7 5 13 10 3 
383,2.06154e-06,2.44702e-06,1.89323e-06,50,100,100,408660,1 0 2 11 12 4 6 14 9 8 7 5 13 10 3 
384,2.0639e-06,2.44702e-06,1.89622e-06,50,100,100,408660,1 0 2 11 12 4 6 14 9 8 7 5 13 10 3 
385,2.06782e-06,2.44702e-06,1.91687e-06,50,100,100,408660,1 0 2 11 12 4 6 14 9 8 7 5 13 10 3 
386,2.06718e-06,2.44702e-06,1.90767e-06,50,100,100,408660,1 0 2 11 12 4 6 14 9 8 7 5 13 10 3 
387,2.07471e-06,2.44702e-06,1.93032e-06,50,100,100,408660,1 0 2 11 12 4 6 14 9 8 7 5 13 10 3 
388,2.05844e-06,2.44702e-06,1.93361e-06,50,100,100,408660,1 0 2 11 12 4 6 14 9 8 7 5 13 10 3 
389,2.0591e-06,2.44702e-06,1.91689e-06,50,100,100,408660,1 0 2 11 12 4 6 14 9 8 7 5 13 10 3 
390,2.07436e-06,2.44702e-06,1.93794e-06,50,100,100,408660,1 0 2 11 12 4 6 14 9 8 7 5 13 10 3 
391,2.08011e-06,2.44702e-06,1.93067e-06,50,100,100,408660,1 0 2 11 12 4 6 14 9 8 7 5 13 10 3 
392,2.0718e-06,2.44702e-06,1.92972e-06,50,100,100,408660,1 0 2 11 12 4 6 14 9 8 7 5 13 10 3 
393,2.06209e-06,2.44702e-06,1.92745e-06,50,100,100,408660,1 0 2 11 12 4 6 14 9 8 7 5 13 10 3 
394,2.05784e-06,2.44702e-06,1.94167e-06,50,100,100,408660,1 0 2 11 12 4 6 14 9 8 7 5 13 10 3 
395,2.06492e-06,2.44702e-06,1.8973e-06,50,100,100,408660,1 0 2 11 12 4 6 14 9 8 7 5 13 10 3 
396,2.05491e-06,2.44702e-06,1.90971e-06,50,100,100,408660,1 0 2 11 12 4 6 14 9 8 7 5 13 10 3 
397,2.06376e-06,2.44702e-06,1.90675e-06,50,100,100,408660,1 0 2 11 12 4 6 14 9 8 7 5 13 10 3 
398,2.06294e-06,2.44702e-06,1.90756e-06,50,100,100,408660,1 0 2 11 12 4 6 14 9 8 7 5 13 10 3 
399,2.07042e-06,2.44702e-06,1.91926e-06,50,100,100,408660,1 0 2 11 12 4 6 14 9 8 7 5 13 10 3 
400,2.06256e-06,2.44702e-06,1.91001e-06,50,100,100,408660,1 0 2 11 12 4 6 14 9 8 7 5 13 10 3 
401,2.06589e-06,2.44702e-06,1.92385e-06,50,100,100,408660,1 0 2 11 12 4 6 14 9 8 7 5 13 10 3 
402,2.06861e-06,2.44702e-06,1.94174e-06,50,100,100,408660,1 0 2 11 12 4 6 14 9 8 7 5 13 10 3 
403,2.04942e-06,2.44702e-06,1.87766e-06,50,100,100,408660,1 0 2 11 12 4 6 14 9 8 7 5 13 10 3 
404,2.05745e-06,2.44702e-06,1.90559e-06,50,100,100,408660,1 0 2 11 12 4 6 14 9 8 7 5 13 10 3 
405,2.06325e-06,2.44702e-06,1.8901e-06,50,100,100,408660,1 0 2 11 12 4 6 14 9 8 7 5 13 10 3 
406,2.06121e-06,2.44702e-06,1.90067e-06,50,100,100,408660,1 0 2 11 12 4 6 14 9 8 7 5 13 10 3 
407,2.06528e-06,2.44702e-06,1.90777e-06,50,100,100,408660,1 0 2 11 12 4 6 14 9 8 7 5 13 10 3 
408,2.06172e-06,2.44702e-06,1.885e-06,50,100,100,408660,1 0 2 11 12 4 6 14 9 8 7 5 13 10 3 
409,2.05954e-06,2.44702e-06,1.89629e-06,50,100,100,408660,1 0 2 11 12 4 6 14 9 8 7 5 13 10 3 
410,2.05751e-06,2.44702e-06,1.89477e-06,50,100,100,408660,1 0 2 11 12 4 6 14 9 8 7 5 13 10 3 
411,2.05502e-06,2.44702e-06,1.87255e-06,50,100,100,408660,1 0 2 11 12 4 6 14 9 8 7 5 13 10 3 
412,2.07093e-06,2.44702e-06,1.91779e-06,50,100,100,408660,1 0 2 11 12 4 6 14 9 8 7 5 13 10 3 
413,2.05324e-06,2.44702e-06,1.90341e-06,50,100,100,408660,1 0 2 11 12 4 6 14 9 8 7 5 13 10 3 
414,2.05937e-06,2.44702e-06,1.89613e-06,50,100,100,408660,1 0 2 11 12 4 6 14 9 8 7 5 13 10 3 
415,2.05657e-06,2.44702e-06,1.91641e-06,50,100,100,408660,1 0 2 11 12 4 6 14 9 8 7 5 13 10 3 
416,2.04527e-06,2.44702e-06,1.90034e-06,50,100,100,408660,1 0 2 11 12 4 6 14 9 8 7 5 13 10 3 
417,2.05306e-06,2.44702e-06,1.89683e-06,50,100,100,408660,1 0 2 11 12 4 6 14 9 8 7 5 13 10 3 
418,2.06123e-06,2.44702e-06,1.90493e-06,50,100,100,408660,1 0 2 11 12 4 6 14 9 8 7 5 13 10 3 
419,2.06658e-06,2.44702e-06,1.92264e-06,50,100,100,408660,1 0 2 11 12 4 6 14 9 8 7 5 13 10 3 
420,2.05737e-06,2.44702e-06,1.9095e-06,50,100,100,408660,1 0 2 11 12 4 6 14 9 8 7 5 13 10 3 
421,2.07065e-06,2.44702e-06,1.91397e-06,50,100,100,408660,1 0 2 11 12 4 6 14 9 8 7 5 13 10 3 
422,2.07003e-06,2.44702e-06,1.91412e-06,50,100,100,408660,1 0 2 11 12 4 6 14 9 8 7 5 13 10 3 
423,2.0751e-06,2.44702e-06,1.92382e-06,50,100,100,408660,1 0 2 11 12 4 6 14 9 8 7 5 13 10 3 
424,2.06443e-06,2.44702e-06,1.92931e-06,50,100,100,408660,1 0 2 11 12 4 6 14 9 8 7 5 13 10 3 
425,2.0718e-06,2.44702e-06,1.91912e-06,50,100,100,408660,1 0 2 11 12 4 6 14 9 8 7 5 13 10 3 
426,2.07357e-06,2.44702e-06,1.91726e-06,50,100,100,408660,1 0 2 11 12 4 6 14 9 8 7 5 13 10 3 
427,2.0722e-06,2.44702e-06,1.9509e-06,50,100,100,408660,1 0 2 11 12 4 6 14 9 8 7 5 13 10 3 
428,2.06044e-06,2.44702e-06,1.90257e-06,50,100,100,408660,1 0 2 11 12 4 6 14 9 8 7 5 13 10 3 
429,2.049e-06,2.44702e-06,1.85681e-06,50,100,100,408660,1 0 2 11 12 4 6 14 9 8 7 5 13 10 3 
430,2.04978e-06,2.44702e-06,1.90447e-06,50,100,100,408660,1 0 2 11 12 4 6 14 9 8 7 5 13 10 3 
431,2.05594e-06,2.44702e-06,1.9129e-06,50,100,100,408660,1 0 2 11 12 4 6 14 9 8 7 5 13 10 3 
432,2.05175e-06,2.44702e-06,1.91293e-06,50,100,100,408660,1 0 2 11 12 4 6 14 9 8 7 5 13 10 3 
433,2.0629e-06,2.44702e-06,1.90044e-06,50,100,100,408660,1 0 2 11 12 4 6 14 9 8 7 5 13 10 3 
434,2.06643e-06,2.44702e-06,1.91912e-06,50,100,100,408660,1 0 2 11 12 4 6 14 9 8 7 5 13 10 3 
435,2.0741e-06,2.44702e-06,1.92027e-06,50,100,100,408660,1 0 2 11 12 4 6 14 9 8 7 5 13 10 3 
436,2.06687e-06,2.44702e-06,1.89943e-06,50,100,100,408660,1 0 2 11 12 4 6 14 9 8 7 5 13 10 3 
437,2.06984e-06,2.44702e-06,1.91492e-06,50,100,100,408660,1 0 2 11 12 4 6 14 9 8 7 5 13 10 3 
438,2.07516e-06,2.44702e-06,1.90667e-06,50,100,100,408660,1 0 2 11 12 4 6 14 9 8 7 5 13 10 3 
439,2.06779e-06,2.44702e-06,1.89396e-06,50,100,100,408660,1 0 2 11 12 4 6 14 9 8 7 5 13 10 3 
440,2.06119e-06,2.44702e-06,1.90527e-06,50,100,100,408660,1 0 2 11 12 4 6 14 9 8 7 5 13 10 3 
441,2.06244e-06,2.44702e-06,1.91865e-06,50,100,100,408660,1 0 2 11 12 4 6 14 9 8 7 5 13 10 3 
442,2.07772e-06,2.44702e-06,1.91639e-06,50,100,100,408660,1 0 2 11 12 4 6 14 9 8 7 5 13 10 3 
443,2.06873e-06,2.44702e-06,1.9204e-06,50,100,100,408660,1 0 2 11 12 4 6 14 9 8 7 5 13 10 3 
444,2.05859e-06,2.44702e-06,1.88849e-06,50,100,100,408660,1 0 2 11 12 4 6 14 9 8 7 5 13 10 3 
445,2.05026e-06,2.44702e-06,1.88679e-06,50,100,100,408660,1 0 2 11 12 4 6 14 9 8 7 5 13 10 3 
446,2.06705e-06,2.44702e-06,1.9192e-06,50,100,100,408660,1 0 2 11 12 4 6 14 9 8 7 5 13 10 3 
447,2.05793e-06,2.44702e-06,1.87186e-06,50,100,100,408660,1 0 2 11 12 4 6 14 9 8 7 5 13 10 3 
448,2.06049e-06,2.44702e-06,1.91651e-06,50,100,100,408660,1 0 2 11 12 4 6 14 9 8 7 5 13 10 3 
449,2.06551e-06,2.44702e-06,1.90957e-06,50,100,100,408660,1 0 2 11 12 4 6 14 9 8 7 5 13 10 3 
450,2.05553e-06,2.44702e-06,1.91477e-06,50,100,100,408660,1 0 2 11 12 4 6 14 9 8 7 5 13 10 3 
451,2.06585e-06,2.44702e-06,1.91254e-06,50,100,100,408660,1 0 2 11 12 4 6 14 9 8 7 5 13 10 3 
452,2.06411e-06,2.44702e-06,1.87818e-06,50,100,100,408660,1 0 2 11 12 4 6 14 9 8 7 5 13 10 3 
453,2.06578e-06,2.44702e-06,1.90251e-06,50,100,100,408660,1 0 2 11 12 4 6 14 9 8 7 5 13 10 3 
454,2.05944e-06,2.44702e-06,1.90337e-06,50,100,100,408660,1 0 2 11 12 4 6 14 9 8 7 5 13 10 3 
455,2.07187e-06,2.44702e-06,1.91436e-06,50,100,100,408660,1 0 2 11 12 4 6 14 9 8 7 5 13 10 3 
456,2.06552e-06,2.44702e-06,1.90968e-06,50,100,100,408660,1 0 2 11 12 4 6 14 9 8 7 5 13 10 3 
457,2.06408e-06,2.44702e-06,1.92623e-06,50,100,100,408660,1 0 2 11 12 4 6 14 9 8 7 5 13 10 3 
458,2.05738e-06,2.44702e-06,1.86647e-06,50,100,100,408660,1 0 2 11 12 4 6 14 9 8 7 5 13 10 3 
459,2.06725e-06,2.44702e-06,1.89307e-06,50,100,100,408660,1 0 2 11 12 4 6 14 9 8 7 5 13 10 3 
460,2.07445e-06,2.44702e-06,1.92462e-06,50,100,100,408660,1 0 2 11 12 4 6 14 9 8 7 5 13 10 3 
461,2.0511e-06,2.44702e-06,1.88407e-06,50,100,100,408660,1 0 2 11 12 4 6 14 9 8 7 5 13 10 3 
462,2.05647e-06,2.44702e-06,1.89457e-06,50,100,100,408660,1 0 2 11 12 4 6 14 9 8 7 5 13 10 3 
463,2.04809e-06,2.44702e-06,1.91425e-06,50,100,100,408660,1 0 2 11 12 4 6 14 9 8 7 5 13 10 3 
464,2.08011e-06,2.44702e-06,1.90299e-06,50,100,100,408660,1 0 2 11 12 4 6 14 9 8 7 5 13 10 3 
465,2.07969e-06,2.44702e-06,1.93891e-06,50,100,100,408660,1 0 2 11 12 4 6 14 9 8 7 5 13 10 3 
466,2.06459e-06,2.44702e-06,1.88829e-06,50,100,100,408660,1 0 2 11 12 4 6 14 9 8 7 5 13 10 3 
467,2.06253e-06,2.44702e-06,1.92552e-06,50,100,100,408660,1 0 2 11 12 4 6 14 9 8 7 5 13 10 3 
468,2.0441e-06,2.44702e-06,1.89595e-06,50,100,100,408660,1 0 2 11 12 4 6 14 9 8 7 5 13 10 3 
469,2.04958e-06,2.44702e-06,1.88197e-06,50,100,100,408660,1 0 2 11 12 4 6 14 9 8 7 5 13 10 3 
470,2.05857e-06,2.44702e-06,1.90237e-06,50,100,100,408660,1 0 2 11 12 4 6 14 9 8 7 5 13 10 3 
471,2.06292e-06,2.44702e-06,1.90448e-06,50,100,100,408660,1 0 2 11 12 4 6 14 9 8 7 5 13 10 3 
472,2.06885e-06,2.44702e-06,1.92332e-06,50,100,100,408660,1 0 2 11 12 4 6 14 9 8 7 5 13 10 3 
473,2.05857e-06,2.44702e-06,1.91788e-06,50,100,100,408660,1 0 2 11 12 4 6 14 9 8 7 5 13 10 3 
474,2.04091e-06,2.44702e-06,1.91469e-06,50,100,100,408660,1 0 2 11 12 4 6 14 9 8 7 5 13 10 3 
475,2.05342e-06,2.44702e-06,1.92134e-06,50,100,100,408660,1 0 2 11 12 4 6 14 9 8 7 5 13 10 3 
476,2.0606e-06,2.44702e-06,1.91325e-06,50,100,100,408660,1 0 2 11 12 4 6 14 9 8 7 5 13 10 3 
477,2.06666e-06,2.44702e-06,1.93106e-06,50,100,100,408660,1 0 2 11 12 4 6 14 9 8 7 5 13 10 3 
478,2.06404e-06,2.44702e-06,1.92966e-06,50,100,100,408660,1 0 2 11 12 4 6 14 9 8 7 5 13 10 3 
479,2.05792e-06,2.44702e-06,1.89172e-06,50,100,100,408660,1 0 2 11 12 4 6 14 9 8 7 5 13 10 3 
480,2.06923e-06,2.44702e-06,1.93183e-06,50,100,100,408660,1 0 2 11 12 4 6 14 9 8 7 5 13 10 3 
481,2.05617e-06,2.44702e-06,1.90906e-06,50,100,100,408660,1 0 2 11 12 4 6 14 9 8 7 5 13 10 3 
482,2.06868e-06,2.44702e-06,1.92725e-06,50,100,100,408660,1 0 2 11 12 4 6 14 9 8 7 5 13 10 3 
483,2.07422e-06,2.44702e-06,1.9322e-06,50,100,100,408660,1 0 2 11 12 4 6 14 9 8 7 5 13 10 3 
484,2.05622e-06,2.44702e-06,1.90282e-06,50,100,100,408660,1 0 2 11 12 4 6 14 9 8 7 5 13 10 3 
485,2.05952e-06,2.44702e-06,1.91222e-06,50,100,100,408660,1 0 2 11 12 4 6 14 9 8 7 5 13 10 3 
486,2.06132e-06,2.44702e-06,1.88273e-06,50,100,100,408660,1 0 2 11 12 4 6 14 9 8 7 5 13 10 3 
487,2.05416e-06,2.44702e-06,1.91254e-06,50,100,100,408660,1 0 2 11 12 4 6 14 9 8 7 5 13 10 3 
488,2.05825e-06,2.44702e-06,1.93666e-06,50,100,100,408660,1 0 2 11 12 4 6 14 9 8 7 5 13 10 3 
489,2.06331e-06,2.44702e-06,1.91255e-06,50,100,100,408660,1 0 2 11 12 4 6 14 9 8 7 5 13 10 3 
490,2.04e-06,2.44702e-06,1.88399e-06,50,100,100,408660,1 0 2 11 12 4 6 14 9 8 7 5 13 10 3 
491,2.03842e-06,2.44702e-06,1.89144e-06,50,100,100,408660,1 0 2 11 12 4 6 14 9 8 7 5 13 10 3 
492,2.05884e-06,2.44702e-06,1.90729e-06,50,100,100,408660,1 0 2 11 12 4 6 14 9 8 7 5 13 10 3 
493,2.05423e-06,2.44702e-06,1.91373e-06,50,100,100,408660,1 0 2 11 12 4 6 14 9 8 7 5 13 10 3 
494,2.05694e-06,2.44702e-06,1.91219e-06,50,100,100,408660,1 0 2 11 12 4 6 14 9 8 7 5 13 10 3 
495,2.05404e-06,2.44702e-06,1.91622e-06,50,100,100,408660,1 0 2 11 12 4 6 14 9 8 7 5 13 10 3 
496,2.0455e-06,2.44702e-06,1.8746e-06,50,100,100,408660,1 0 2 11 12 4 6 14 9 8 7 5 13 10 3 
497,2.05632e-06,2.44702e-06,1.91496e-06,50,100,100,408660,1 0 2 11 12 4 6 14 9 8 7 5 13 10 3 
498,2.06091e-06,2.44702e-06,1.88539e-06,50,100,100,408660,1 0 2 11 12 4 6 14 9 8 7 5 13 10 3 
499,2.06141e-06,2.44702e-06,1.86124e-06,50,100,100,408660,1 0 2 11 12 4 6 14 9 8 7 5 13 10 3 
500,2.07895e-06,2.44702e-06,1.9556e-06,50,100,100,408660,1 0 2 11 12 4 6 14 9 8 7 5 13 10 3 
501,2.0671e-06,2.44702e-06,1.91878e-06,50,100,100,408660,1 0 2 11 12 4 6 14 9 8 7 5 13 10 3 
502,2.06431e-06,2.44702e-06,1.91401e-06,50,100,100,408660,1 0 2 11 12 4 6 14 9 8 7 5 13 10 3 
503,2.05787e-06,2.44702e-06,1.90155e-06,50,100,100,408660,1 0 2 11 12 4 6 14 9 8 7 5 13 10 3 
504,2.06312e-06,2.44702e-06,1.90316e-06,50,100,100,408660,1 0 2 11 12 4 6 14 9 8 7 5 13 10 3 
505,2.06603e-06,2.44702e-06,1.91899e-06,50,100,100,408660,1 0 2 11 12 4 6 14 9 8 7 5 13 10 3 
506,2.0708e-06,2.44702e-06,1.90104e-06,50,100,100,408660,1 0 2 11 12 4 6 14 9 8 7 5 13 10 3 
507,2.06868e-06,2.44702e-06,1.92048e-06,50,100,100,408660,1 0 2 11 12 4 6 14 9 8 7 5 13 10 3 
508,2.06729e-06,2.44702e-06,1.91228e-06,50,100,100,408660,1 0 2 11 12 4 6 14 9 8 7 5 13 10 3 
509,2.06858e-06,2.44702e-06,1.91606e-06,50,100,100,408660,1 0 2 11 12 4 6 14 9 8 7 5 13 10 3 
510,2.06561e-06,2.44702e-06,1.91278e-06,50,100,100,408660,1 0 2 11 12 4 6 14 9 8 7 5 13 10 3 
511,2.06803e-06,2.44702e-06,1.94428e-06,50,100,100,408660,1 0 2 11 12 4 6 14 9 8 7 5 13 10 3 
512,2.07145e-06,2.44702e-06,1.90555e-06,50,100,100,408660,1 0 2 11 12 4 6 14 9 8 7 5 13 10 3 
513,2.06468e-06,2.44702e-06,1.9395e-06,50,100,100,408660,1 0 2 11 12 4 6 14 9 8 7 5 13 10 3 
514,2.06474e-06,2.44702e-06,1.92695e-06,50,100,100,408660,1 0 2 11 12 4 6 14 9 8 7 5 13 10 3 
515,2.06472e-06,2.44702e-06,1.9438e-06,50,100,100,408660,1 0 2 11 12 4 6 14 9 8 7 5 13 10 3 
516,2.06018e-06,2.44702e-06,1.9008e-06,50,100,100,408660,1 0 2 11 12 4 6 14 9 8 7 5 13 10 3 
517,2.0576e-06,2.44702e-06,1.89108e-06,50,100,100,408660,1 0 2 11 12 4 6 14 9 8 7 5 13 10 3 
518,2.05573e-06,2.44702e-06,1.90461e-06,50,100,100,408660,1 0 2 11 12 4 6 14 9 8 7 5 13 10 3 
519,2.05753e-06,2.44702e-06,1.90903e-06,50,100,100,408660,1 0 2 11 12 4 6 14 9 8 7 5 13 10 3 
520,2.06621e-06,2.44702e-06,1.91988e-06,50,100,100,408660,1 0 2 11 12 4 6 14 9 8 7 5 13 10 3 
521,2.05578e-06,2.44702e-06,1.91802e-06,50,100,100,408660,1 0 2 11 12 4 6 14 9 8 7 5 13 10 3 
522,2.06228e-06,2.44702e-06,1.91305e-06,50,100,100,408660,1 0 2 11 12 4 6 14 9 8 7 5 13 10 3 
523,2.06219e-06,2.44702e-06,1.91641e-06,50,100,100,408660,1 0 2 11 12 4 6 14 9 8 7 5 13 10 3 
524,2.05591e-06,2.44702e-06,1.89015e-06,50,100,100,408660,1 0 2 11 12 4 6 14 9 8 7 5 13 10 3 
525,2.06305e-06,2.44702e-06,1.90487e-06,50,100,100,408660,1 0 2 11 12 4 6 14 9 8 7 5 13 10 3 
526,2.06121e-06,2.44702e-06,1.92502e-06,50,100,100,408660,1 0 2 11 12 4 6 14 9 8 7 5 13 10 3 
527,2.05763e-06,2.44702e-06,1.8869e-06,50,100,100,408660,1 0 2 11 12 4 6 14 9 8 7 5 13 10 3 
528,2.0611e-06,2.44702e-06,1.95613e-06,50,100,100,408660,1 0 2 11 12 4 6 14 9 8 7 5 13 10 3 
529,2.06113e-06,2.44702e-06,1.9301e-06,50,100,100,408660,1 0 2 11 12 4 6 14 9 8 7 5 13 10 3 
530,2.05774e-06,2.44702e-06,1.8957e-06,50,100,100,408660,1 0 2 11 12 4 6 14 9 8 7 5 13 10 3 
531,2.0716e-06,2.44702e-06,1.89748e-06,50,100,100,408660,1 0 2 11 12 4 6 14 9 8 7 5 13 10 3 
532,2.07108e-06,2.44702e-06,1.95293e-06,50,100,100,408660,1 0 2 11 12 4 6 14 9 8 7 5 13 10 3 
533,2.0653e-06,2.44702e-06,1.90521e-06,50,100,100,408660,1 0 2 11 12 4 6 14 9 8 7 5 13 10 3 
534,2.05472e-06,2.44702e-06,1.90538e-06,50,100,100,408660,1 0 2 11 12 4 6 14 9 8 7 5 13 10 3 
535,2.07553e-06,2.44702e-06,1.90253e-06,50,100,100,408660,1 0 2 11 12 4 6 14 9 8 7 5 13 10 3 
536,2.0629e-06,2.44702e-06,1.91945e-06,50,100,100,408660,1 0 2 11 12 4 6 14 9 8 7 5 13 10 3 
537,2.05694e-06,2.44702e-06,1.9001e-06,50,100,100,408660,1 0 2 11 12 4 6 14 9 8 7 5 13 10 3 
538,2.06891e-06,2.44702e-06,1.90829e-06,50,100,100,408660,1 0 2 11 12 4 6 14 9 8 7 5 13 10 3 
539,2.06461e-06,2.44702e-06,1.92198e-06,50,100,100,408660,1 0 2 11 12 4 6 14 9 8 7 5 13 10 3 
540,2.06357e-06,2.44702e-06,1.95067e-06,50,100,100,408660,1 0 2 11 12 4 6 14 9 8 7 5 13 10 3 
541,2.07801e-06,2.44702e-06,1.90692e-06,50,100,100,408660,1 0 2 11 12 4 6 14 9 8 7 5 13 10 3 
542,2.0587e-06,2.44702e-06,1.91044e-06,50,100,100,408660,1 0 2 11 12 4 6 14 9 8 7 5 13 10 3 
543,2.0515e-06,2.44702e-06,1.87351e-06,50,100,100,408660,1 0 2 11 12 4 6 14 9 8 7 5 13 10 3 
544,2.06208e-06,2.44702e-06,1.93895e-06,50,100,100,408660,1 0 2 11 12 4 6 14 9 8 7 5 13 10 3 
545,2.05171e-06,2.44702e-06,1.86758e-06,50,100,100,408660,1 0 2 11 12 4 6 14 9 8 7 5 13 10 3 
546,2.07793e-06,2.44702e-06,1.8948e-06,50,100,100,408660,1 0 2 11 12 4 6 14 9 8 7 5 13 10 3 
547,2.07216e-06,2.44702e-06,1.89551e-06,50,100,100,408660,1 0 2 11 12 4 6 14 9 8 7 5 13 10 3 
548,2.06839e-06,2.44702e-06,1.90901e-06,50,100,100,408660,1 0 2 11 12 4 6 14 9 8 7 5 13 10 3 
549,2.06182e-06,2.44702e-06,1.91025e-06,50,100,100,408660,1 0 2 11 12 4 6 14 9 8 7 5 13 10 3 
550,2.05472e-06,2.44702e-06,1.90219e-06,50,100,100,408660,1 0 2 11 12 4 6 14 9 8 7 5 13 10 3 
551,2.05357e-06,2.44702e-06,1.89993e-06,50,100,100,408660,1 0 2 11 12 4 6 14 9 8 7 5 13 10 3 
552,2.05113e-06,2.44702e-06,1.9285e-06,50,100,100,408660,1 0 2 11 12 4 6 14 9 8 7 5 13 10 3 
553,2.05052e-06,2.44702e-06,1.88411e-06,50,100,100,408660,1 0 2 11 12 4 6 14 9 8 7 5 13 10 3 
554,2.06353e-06,2.44702e-06,1.90314e-06,50,100,100,408660,1 0 2 11 12 4 6 14 9 8 7 5 13 10 3 
555,2.06346e-06,2.44702e-06,1.92455e-06,50,100,100,408660,1 0 2 11 12 4 6 14 9 8 7 5 13 10 3 
556,2.074e-06,2.44702e-06,1.90664e-06,50,100,100,408660,1 0 2 11 12 4 6 14 9 8 7 5 13 10 3 
557,2.06562e-06,2.44702e-06,1.89193e-06,50,100,100,408660,1 0 2 11 12 4 6 14 9 8 7 5 13 10 3 
558,2.07273e-06,2.44702e-06,1.90885e-06,50,100,100,408660,1 0 2 11 12 4 6 14 9 8 7 5 13 10 3 
559,2.06394e-06,2.44702e-06,1.91e-06,50,100,100,408660,1 0 2 11 12 4 6 14 9 8 7 5 13 10 3 
560,2.07143e-06,2.44702e-06,1.93443e-06,50,100,100,408660,1 0 2 11 12 4 6 14 9 8 7 5 13 10 3 
561,2.06512e-06,2.44702e-06,1.92942e-06,50,100,100,408660,1 0 2 11 12 4 6 14 9 8 7 5 13 10 3 
562,2.0452e-06,2.44702e-06,1.90357e-06,50,100,100,408660,1 0 2 11 12 4 6 14 9 8 7 5 13 10 3 
563,2.05661e-06,2.44702e-06,1.86723e-06,50,100,100,408660,1 0 2 11 12 4 6 14 9 8 7 5 13 10 3 
564,2.07395e-06,2.44702e-06,1.90274e-06,50,100,100,408660,1 0 2 11 12 4 6 14 9 8 7 5 13 10 3 
565,2.07454e-06,2.44702e-06,1.922e-06,50,100,100,408660,1 0 2 11 12 4 6 14 9 8 7 5 13 10 3 
566,2.0745e-06,2.44702e-06,1.9085e-06,50,100,100,408660,1 0 2 11 12 4 6 14 9 8 7 5 13 10 3 
567,2.07633e-06,2.44702e-06,1.91116e-06,50,100,100,408660,1 0 2 11 12 4 6 14 9 8 7 5 13 10 3 
568,2.07476e-06,2.44702e-06,1.91619e-06,50,100,100,408660,1 0 2 11 12 4 6 14 9 8 7 5 13 10 3 
569,2.06573e-06,2.44702e-06,1.88329e-06,50,100,100,408660,1 0 2 11 12 4 6 14 9 8 7 5 13 10 3 
570,2.07772e-06,2.44702e-06,1.92182e-06,50,100,100,408660,1 0 2 11 12 4 6 14 9 8 7 5 13 10 3 
571,2.06143e-06,2.44702e-06,1.9156e-06,50,100,100,408660,1 0 2 11 12 4 6 14 9 8 7 5 13 10 3 
572,2.05417e-06,2.44702e-06,1.92236e-06,50,100,100,408660,1 0 2 11 12 4 6 14 9 8 7 5 13 10 3 
573,2.06712e-06,2.44702e-06,1.91566e-06,50,100,100,408660,1 0 2 11 12 4 6 14 9 8 7 5 13 10 3 
574,2.05824e-06,2.44702e-06,1.91609e-06,50,100,100,408660,1 0 2 11 12 4 6 14 9 8 7 5 13 10 3 
575,2.06009e-06,2.44702e-06,1.91912e-06,50,100,100,408660,1 0 2 11 12 4 6 14 9 8 7 5 13 10 3 
576,2.06958e-06,2.44702e-06,1.90172e-06,50,100,100,408660,1 0 2 11 12 4 6 14 9 8 7 5 13 10 3 
577,2.05895e-06,2.44702e-06,1.91521e-06,50,100,100,408660,1 0 2 11 12 4 6 14 9 8 7 5 13 10 3 
578,2.04768e-06,2.44702e-06,1.92162e-06,50,100,100,408660,1 0 2 11 12 4 6 14 9 8 7 5 13 10 3 
579,2.0526e-06,2.44702e-06,1.87813e-06,50,100,100,408660,1 0 2 11 12 4 6 14 9 8 7 5 13 10 3 
580,2.06856e-06,2.44702e-06,1.91436e-06,50,100,100,408660,1 0 2 11 12 4 6 14 9 8 7 5 13 10 3 
581,2.05233e-06,2.44702e-06,1.89632e-06,50,100,100,408660,1 0 2 11 12 4 6 14 9 8 7 5 13 10 3 
582,2.07444e-06,2.44702e-06,1.91392e-06,50,100,100,408660,1 0 2 11 12 4 6 14 9 8 7 5 13 10 3 
583,2.05608e-06,2.44702e-06,1.92969e-06,50,100,100,408660,1 0 2 11 12 4 6 14 9 8 7 5 13 10 3 
584,2.05567e-06,2.44702e-06,1.9247e-06,50,100,100,408660,1 0 2 11 12 4 6 14 9 8 7 5 13 10 3 
585,2.05352e-06,2.44702e-06,1.91993e-06,50,100,100,408660,1 0 2 11 12 4 6 14 9 8 7 5 13 10 3 
586,2.05342e-06,2.44702e-06,1.89264e-06,50,100,100,408660,1 0 2 11 12 4 6 14 9 8 7 5 13 10 3 
587,2.06724e-06,2.44702e-06,1.90755e-06,50,100,100,408660,1 0 2 11 12 4 6 14 9 8 7 5 13 10 3 
588,2.06125e-06,2.44702e-06,1.90411e-06,50,100,100,408660,1 0 2 11 12 4 6 14 9 8 7 5 13 10 3 
589,2.07061e-06,2.44702e-06,1.91276e-06,50,100,100,408660,1 0 2 11 12 4 6 14 9 8 7 5 13 10 3 
590,2.05465e-06,2.44702e-06,1.89517e-06,50,100,100,408660,1 0 2 11 12 4 6 14 9 8 7 5 13 10 3 
591,2.06274e-06,2.44702e-06,1.89288e-06,50,100,100,408660,1 0 2 11 12 4 6 14 9 8 7 5 13 10 3 
592,2.06484e-06,2.44702e-06,1.86627e-06,50,100,100,408660,1 0 2 11 12 4 6 14 9 8 7 5 13 10 3 
593,2.07277e-06,2.44702e-06,1.90321e-06,50,100,100,408660,1 0 2 11 12 4 6 14 9 8 7 5 13 10 3 
594,2.06452e-06,2.44702e-06,1.90345e-06,50,100,100,408660,1 0 2 11 12 4 6 14 9 8 7 5 13 10 3 
595,2.07777e-06,2.44702e-06,1.88653e-06,50,100,100,408660,1 0 2 11 12 4 6 14 9 8 7 5 13 10 3 
596,2.06479e-06,2.44702e-06,1.90131e-06,50,100,100,408660,1 0 2 11 12 4 6 14 9 8 7 5 13 10 3 
597,2.07051e-06,2.44702e-06,1.89851e-06,50,100,100,408660,1 0 2 11 12 4 6 14 9 8 7 5 13 10 3 
598,2.06678e-06,2.44702e-06,1.85675e-06,50,100,100,408660,1 0 2 11 12 4 6 14 9 8 7 5 13 10 3 
599,2.05242e-06,2.44702e-06,1.91615e-06,50,100,100,408660,1 0 2 11 12 4 6 14 9 8 7 5 13 10 3 
600,2.06486e-06,2.44702e-06,1.89375e-06,50,100,100,408660,1 0 2 11 12 4 6 14 9 8 7 5 13 10 3 
601,2.07529e-06,2.44702e-06,1.93776e-06,50,100,100,408660,1 0 2 11 12 4 6 14 9 8 7 5 13 10 3 
602,2.06986e-06,2.44702e-06,1.92981e-06,50,100,100,408660,1 0 2 11 12 4 6 14 9 8 7 5 13 10 3 
603,2.07185e-06,2.44702e-06,1.95262e-06,50,100,100,408660,1 0 2 11 12 4 6 14 9 8 7 5 13 10 3 
604,2.06178e-06,2.44702e-06,1.86641e-06,50,100,100,408660,1 0 2 11 12 4 6 14 9 8 7 5 13 10 3 
605,2.06184e-06,2.44702e-06,1.9374e-06,50,100,100,408660,1 0 2 11 12 4 6 14 9 8 7 5 13 10 3 
606,2.08177e-06,2.44702e-06,1.93825e-06,50,100,100,408660,1 0 2 11 12 4 6 14 9 8 7 5 13 10 3 
607,2.07111e-06,2.44702e-06,1.90998e-06,50,100,100,408660,1 0 2 11 12 4 6 14 9 8 7 5 13 10 3 
608,2.06654e-06,2.44702e-06,1.89488e-06,50,100,100,408660,1 0 2 11 12 4 6 14 9 8 7 5 13 10 3 
609,2.07473e-06,2.44702e-06,1.92207e-06,50,100,100,408660,1 0 2 11 12 4 6 14 9 8 7 5 13 10 3 
610,2.06267e-06,2.44702e-06,1.92109e-06,50,100,100,408660,1 0 2 11 12 4 6 14 9 8 7 5 13 10 3 
611,2.0527e-06,2.44702e-06,1.89885e-06,50,100,100,408660,1 0 2 11 12 4 6 14 9 8 7 5 13 10 3 
612,2.0697e-06,2.44702e-06,1.90532e-06,50,100,100,408660,1 0 2 11 12 4 6 14 9 8 7 5 13 10 3 
613,2.07171e-06,2.44702e-06,1.91558e-06,50,100,100,408660,1 0 2 11 12 4 6 14 9 8 7 5 13 10 3 
614,2.07103e-06,2.44702e-06,1.89138e-06,50,100,100,408660,1 0 2 11 12 4 6 14 9 8 7 5 13 10 3 
615,2.0656e-06,2.44702e-06,1.87956e-06,50,100,100,408660,1 0 2 11 12 4 6 14 9 8 7 5 13 10 3 
616,2.06607e-06,2.44702e-06,1.93765e-06,50,100,100,408660,1 0 2 11 12 4 6 14 9 8 7 5 13 10 3 
617,2.06309e-06,2.44702e-06,1.92851e-06,50,100,100,408660,1 0 2 11 12 4 6 14 9 8 7 5 13 10 3 
618,2.0692e-06,2.44702e-06,1.91268e-06,50,100,100,408660,1 0 2 11 12 4 6 14 9 8 7 5 13 10 3 
619,2.0626e-06,2.44702e-06,1.88459e-06,50,100,100,408660,1 0 2 11 12 4 6 14 9 8 7 5 13 10 3 
620,2.069e-06,2.44702e-06,1.85821e-06,50,100,100,408660,1 0 2 11 12 4 6 14 9 8 7 5 13 10 3 
621,2.07234e-06,2.44702e-06,1.91348e-06,50,100,100,408660,1 0 2 11 12 4 6 14 9 8 7 5 13 10 3 
622,2.06145e-06,2.44702e-06,1.89462e-06,50,100,100,408660,1 0 2 11 12 4 6 14 9 8 7 5 13 10 3 
623,2.06114e-06,2.44702e-06,1.91728e-06,50,100,100,408660,1 0 2 11 12 4 6 14 9 8 7 5 13 10 3 
624,2.06135e-06,2.44702e-06,1.92038e-06,50,100,100,408660,1 0 2 11 12 4 6 14 9 8 7 5 13 10 3 
625,2.06598e-06,2.44702e-06,1.88737e-06,50,100,100,408660,1 0 2 11 12 4 6 14 9 8 7 5 13 10 3 
626,2.04774e-06,2.44702e-06,1.93845e-06,50,100,100,408660,1 0 2 11 12 4 6 14 9 8 7 5 13 10 3 
627,2.04976e-06,2.44702e-06,1.88137e-06,50,100,100,408660,1 0 2 11 12 4 6 14 9 8 7 5 13 10 3 
628,2.06308e-06,2.44702e-06,1.89167e-06,50,100,100,408660,1 0 2 11 12 4 6 14 9 8 7 5 13 10 3 
629,2.07802e-06,2.44702e-06,1.93578e-06,50,100,100,408660,1 0 2 11 12 4 6 14 9 8 7 5 13 10 3 
630,2.06307e-06,2.44702e-06,1.85449e-06,50,100,100,408660,1 0 2 11 12 4 6 14 9 8 7 5 13 10 3 
631,2.07435e-06,2.44702e-06,1.91041e-06,50,100,100,408660,1 0 2 11 12 4 6 14 9 8 7 5 13 10 3 
632,2.05631e-06,2.44702e-06,1.88292e-06,50,100,100,408660,1 0 2 11 12 4 6 14 9 8 7 5 13 10 3 
633,2.06546e-06,2.44702e-06,1.9337e-06,50,100,100,408660,1 0 2 11 12 4 6 14 9 8 7 5 13 10 3 
634,2.05307e-06,2.44702e-06,1.92547e-06,50,100,100,408660,1 0 2 11 12 4 6 14 9 8 7 5 13 10 3 
635,2.06504e-06,2.44702e-06,1.87955e-06,50,100,100,408660,1 0 2 11 12 4 6 14 9 8 7 5 13 10 3 
636,2.07347e-06,2.44702e-06,1.93821e-06,50,100,100,408660,1 0 2 11 12 4 6 14 9 8 7 5 13 10 3 
637,2.06718e-06,2.44702e-06,1.93552e-06,50,100,100,408660,1 0 2 11 12 4 6 14 9 8 7 5 13 10 3 
638,2.05069e-06,2.44702e-06,1.90095e-06,50,100,100,408660,1 0 2 11 12 4 6 14 9 8 7 5 13 10 3 
639,2.05737e-06,2.44702e-06,1.89623e-06,50,100,100,408660,1 0 2 11 12 4 6 14 9 8 7 5 13 10 3 
640,2.06472e-06,2.44702e-06,1.90319e-06,50,100,100,408660,1 0 2 11 12 4 6 14 9 8 7 5 13 10 3 
641,2.06167e-06,2.44702e-06,1.91504e-06,50,100,100,408660,1 0 2 11 12 4 6 14 9 8 7 5 13 10 3 
642,2.0613e-06,2.44702e-06,1.89171e-06,50,100,100,408660,1 0 2 11 12 4 6 14 9 8 7 5 13 10 3 
643,2.05934e-06,2.44702e-06,1.90318e-06,50,100,100,408660,1 0 2 11 12 4 6 14 9 8 7 5 13 10 3 
644,2.05208e-06,2.44702e-06,1.92497e-06,50,100,100,408660,1 0 2 11 12 4 6 14 9 8 7 5 13 10 3 
645,2.04866e-06,2.44702e-06,1.90474e-06,50,100,100,408660,1 0 2 11 12 4 6 14 9 8 7 5 13 10 3 
646,2.06015e-06,2.44702e-06,1.8961e-06,50,100,100,408660,1 0 2 11 12 4 6 14 9 8 7 5 13 10 3 
647,2.0569e-06,2.44702e-06,1.90821e-06,50,100,100,408660,1 0 2 11 12 4 6 14 9 8 7 5 13 10 3 
648,2.06764e-06,2.44702e-06,1.89423e-06,50,100,100,408660,1 0 2 11 12 4 6 14 9 8 7 5 13 10 3 
649,2.06368e-06,2.44702e-06,1.897e-06,50,100,100,408660,1 0 2 11 12 4 6 14 9 8 7 5 13 10 3 
650,2.06345e-06,2.44702e-06,1.90895e-06,50,100,100,408660,1 0 2 11 12 4 6 14 9 8 7 5 13 10 3 
651,2.05309e-06,2.44702e-06,1.87753e-06,50,100,100,408660,1 0 2 11 12 4 6 14 9 8 7 5 13 10 3 
652,2.06874e-06,2.44702e-06,1.84607e-06,50,100,100,408660,1 0 2 11 12 4 6 14 9 8 7 5 13 10 3 
653,2.07374e-06,2.44702e-06,1.95268e-06,50,100,100,408660,1 0 2 11 12 4 6 14 9 8 7 5 13 10 3 
654,2.07137e-06,2.44702e-06,1.91548e-06,50,100,100,408660,1 0 2 11 12 4 6 14 9 8 7 5 13 10 3 
655,2.07979e-06,2.44702e-06,1.92537e-06,50,100,100,408660,1 0 2 11 12 4 6 14 9 8 7 5 13 10 3 
656,2.06544e-06,2.44702e-06,1.91187e-06,50,100,100,408660,1 0 2 11 12 4 6 14 9 8 7 5 13 10 3 
657,2.07137e-06,2.44702e-06,1.92725e-06,50,100,100,408660,1 0 2 11 12 4 6 14 9 8 7 5 13 10 3 
658,2.0698e-06,2.44702e-06,1.91918e-06,50,100,100,408660,1 0 2 11 12 4 6 14 9 8 7 5 13 10 3 
659,2.05848e-06,2.44702e-06,1.89435e-06,50,100,100,408660,1 0 2 11 12 4 6 14 9 8 7 5 13 10 3 
660,2.05595e-06,2.44702e-06,1.91398e-06,50,100,100,408660,1 0 2 11 12 4 6 14 9 8 7 5 13 10 3 
661,2.05907e-06,2.44702e-06,1.90205e-06,50,100,100,408660,1 0 2 11 12 4 6 14 9 8 7 5 13 10 3 
662,2.06686e-06,2.44702e-06,1.90252e-06,50,100,100,408660,1 0 2 11 12 4 6 14 9 8 7 5 13 10 3 
663,2.06217e-06,2.44702e-06,1.94745e-06,50,100,100,408660,1 0 2 11 12 4 6 14 9 8 7 5 13 10 3 
664,2.06296e-06,2.44702e-06,1.89175e-06,50,100,100,408660,1 0 2 11 12 4 6 14 9 8 7 5 13 10 3 
665,2.05798e-06,2.44702e-06,1.90203e-06,50,100,100,408660,1 0 2 11 12 4 6 14 9 8 7 5 13 10 3 
666,2.06638e-06,2.44702e-06,1.92282e-06,50,100,100,408660,1 0 2 11 12 4 6 14 9 8 7 5 13 10 3 
667,2.05919e-06,2.44702e-06,1.90977e-06,50,100,100,408660,1 0 2 11 12 4 6 14 9 8 7 5 13 10 3 
668,2.04874e-06,2.44702e-06,1.89856e-06,50,100,100,408660,1 0 2 11 12 4 6 14 9 8 7 5 13 10 3 
669,2.05753e-06,2.44702e-06,1.91197e-06,50,100,100,408660,1 0 2 11 12 4 6 14 9 8 7 5 13 10 3 
670,2.0596e-06,2.44702e-06,1.90694e-06,50,100,100,408660,1 0 2 11 12 4 6 14 9 8 7 5 13 10 3 
671,2.06219e-06,2.44702e-06,1.9043e-06,50,100,100,408660,1 0 2 11 12 4 6 14 9 8 7 5 13 10 3 
672,2.07005e-06,2.44702e-06,1.90976e-06,50,100,100,408660,1 0 2 11 12 4 6 14 9 8 7 5 13 10 3 
673,2.04769e-06,2.44702e-06,1.87926e-06,50,100,100,408660,1 0 2 11 12 4 6 14 9 8 7 5 13 10 3 
674,2.05997e-06,2.44702e-06,1.92178e-06,50,100,100,408660,1 0 2 11 12 4 6 14 9 8 7 5 13 10 3 
675,2.06118e-06,2.44702e-06,1.92618e-06,50,100,100,408660,1 0 2 11 12 4 6 14 9 8 7 5 13 10 3 
676,2.05596e-06,2.44702e-06,1.92007e-06,50,100,100,408660,1 0 2 11 12 4 6 14 9 8 7 5 13 10 3 
677,2.06782e-06,2.44702e-06,1.90533e-06,50,100,100,408660,1 0 2 11 12 4 6 14 9 8 7 5 13 10 3 
678,2.04689e-06,2.44702e-06,1.91122e-06,50,100,100,408660,1 0 2 11 12 4 6 14 9 8 7 5 13 10 3 
679,2.06088e-06,2.44702e-06,1.88526e-06,50,100,100,408660,1 0 2 11 12 4 6 14 9 8 7 5 13 10 3 
680,2.05433e-06,2.44702e-06,1.91339e-06,50,100,100,408660,1 0 2 11 12 4 6 14 9 8 7 5 13 10 3 
681,2.05539e-06,2.44702e-06,1.91003e-06,50,100,100,408660,1 0 2 11 12 4 6 14 9 8 7 5 13 10 3 
682,2.04978e-06,2.44702e-06,1.88983e-06,50,100,100,408660,1 0 2 11 12 4 6 14 9 8 7 5 13 10 3 
683,2.06467e-06,2.44702e-06,1.90697e-06,50,100,100,408660,1 0 2 11 12 4 6 14 9 8 7 5 13 10 3 
684,2.05673e-06,2.44702e-06,1.90808e-06,50,100,100,408660,1 0 2 11 12 4 6 14 9 8 7 5 13 10 3 
685,2.05792e-06,2.44702e-06,1.91333e-06,50,100,100,408660,1 0 2 11 12 4 6 14 9 8 7 5 13 10 3 
686,2.0722e-06,2.44702e-06,1.93987e-06,50,100,100,408660,1 0 2 11 12 4 6 14 9 8 7 5 13 10 3 
687,2.07234e-06,2.44702e-06,1.90625e-06,50,100,100,408660,1 0 2 11 12 4 6 14 9 8 7 5 13 10 3 
688,2.05003e-06,2.44702e-06,1.90783e-06,50,100,100,408660,1 0 2 11 12 4 6 14 9 8 7 5 13 10 3 
689,2.05843e-06,2.44702e-06,1.91814e-06,50,100,100,408660,1 0 2 11 12 4 6 14 9 8 7 5 13 10 3 
690,2.06658e-06,2.44702e-06,1.91805e-06,50,100,100,408660,1 0 2 11 12 4 6 14 9 8 7 5 13 10 3 
691,2.05316e-06,2.44702e-06,1.90745e-06,50,100,100,408660,1 0 2 11 12 4 6 14 9 8 7 5 13 10 3 
692,2.06959e-06,2.44702e-06,1.93307e-06,50,100,100,408660,1 0 2 11 12 4 6 14 9 8 7 5 13 10 3 
693,2.06137e-06,2.44702e-06,1.93387e-06,50,100,100,408660,1 0 2 11 12 4 6 14 9 8 7 5 13 10 3 
694,2.04859e-06,2.44702e-06,1.88598e-06,50,100,100,408660,1 0 2 11 12 4 6 14 9 8 7 5 13 10 3 
695,2.06197e-06,2.44702e-06,1.90762e-06,50,100,100,408660,1 0 2 11 12 4 6 14 9 8 7 5 13 10 3 
696,2.06068e-06,2.44702e-06,1.92866e-06,50,100,100,408660,1 0 2 11 12 4 6 14 9 8 7 5 13 10 3 
697,2.06654e-06,2.44702e-06,1.88312e-06,50,100,100,408660,1 0 2 11 12 4 6 14 9 8 7 5 13 10 3 
698,2.06095e-06,2.44702e-06,1.91328e-06,50,100,100,408660,1 0 2 11 12 4 6 14 9 8 7 5 13 10 3 
699,2.08425e-06,2.44702e-06,1.93803e-06,50,100,100,408660,1 0 2 11 12 4 6 14 9 8 7 5 13 10 3 
700,2.06956e-06,2.44702e-06,1.91127e-06,50,100,100,408660,1 0 2 11 12 4 6 14 9 8 7 5 13 10 3 
701,2.06006e-06,2.44702e-06,1.91535e-06,50,100,100,408660,1 0 2 11 12 4 6 14 9 8 7 5 13 10 3 
702,2.05694e-06,2.44702e-06,1.86677e-06,50,100,100,408660,1 0 2 11 12 4 6 14 9 8 7 5 13 10 3 
703,2.06026e-06,2.44702e-06,1.91406e-06,50,100,100,408660,1 0 2 11 12 4 6 14 9 8 7 5 13 10 3 
704,2.06455e-06,2.44702e-06,1.91455e-06,50,100,100,408660,1 0 2 11 12 4 6 14 9 8 7 5 13 10 3 
705,2.07008e-06,2.44702e-06,1.92578e-06,50,100,100,408660,1 0 2 11 12 4 6 14 9 8 7 5 13 10 3 
706,2.06339e-06,2.44702e-06,1.90417e-06,50,100,100,408660,1 0 2 11 12 4 6 14 9 8 7 5 13 10 3 
707,2.05818e-06,2.44702e-06,1.92111e-06,50,100,100,408660,1 0 2 11 12 4 6 14 9 8 7 5 13 10 3 
708,2.06486e-06,2.44702e-06,1.91798e-06,50,100,100,408660,1 0 2 11 12 4 6 14 9 8 7 5 13 10 3 
709,2.05862e-06,2.44702e-06,1.91624e-06,50,100,100,408660,1 0 2 11 12 4 6 14 9 8 7 5 13 10 3 
710,2.0569e-06,2.44702e-06,1.92802e-06,50,100,100,408660,1 0 2 11 12 4 6 14 9 8 7 5 13 10 3 
711,2.05607e-06,2.44702e-06,1.91092e-06,50,100,100,408660,1 0 2 11 12 4 6 14 9 8 7 5 13 10 3 
712,2.05995e-06,2.44702e-06,1.95349e-06,50,100,100,408660,1 0 2 11 12 4 6 14 9 8 7 5 13 10 3 
713,2.0644e-06,2.44702e-06,1.89702e-06,50,100,100,408660,1 0 2 11 12 4 6 14 9 8 7 5 13 10 3 
714,2.05866e-06,2.44702e-06,1.88246e-06,50,100,100,408660,1 0 2 11 12 4 6 14 9 8 7 5 13 10 3 
715,2.06604e-06,2.44702e-06,1.89644e-06,50,100,100,408660,1 0 2 11 12 4 6 14 9 8 7 5 13 10 3 
716,2.06667e-06,2.44702e-06,1.91614e-06,50,100,100,408660,1 0 2 11 12 4 6 14 9 8 7 5 13 10 3 
717,2.05512e-06,2.44702e-06,1.91192e-06,50,100,100,408660,1 0 2 11 12 4 6 14 9 8 7 5 13 10 3 
718,2.0754e-06,2.44702e-06,1.90235e-06,50,100,100,408660,1 0 2 11 12 4 6 14 9 8 7 5 13 10 3 
719,2.05725e-06,2.44702e-06,1.90226e-06,50,100,100,408660,1 0 2 11 12 4 6 14 9 8 7 5 13 10 3 
720,2.05364e-06,2.44702e-06,1.92362e-06,50,100,100,408660,1 0 2 11 12 4 6 14 9 8 7 5 13 10 3 
721,2.04986e-06,2.44702e-06,1.90165e-06,50,100,100,408660,1 0 2 11 12 4 6 14 9 8 7 5 13 10 3 
722,2.05038e-06,2.44702e-06,1.85743e-06,50,100,100,408660,1 0 2 11 12 4 6 14 9 8 7 5 13 10 3 
723,2.0474e-06,2.44702e-06,1.92896e-06,50,100,100,408660,1 0 2 11 12 4 6 14 9 8 7 5 13 10 3 
724,2.0404e-06,2.44702e-06,1.8991e-06,50,100,100,408660,1 0 2 11 12 4 6 14 9 8 7 5 13 10 3 
725,2.06952e-06,2.44702e-06,1.92419e-06,50,100,100,408660,1 0 2 11 12 4 6 14 9 8 7 5 13 10 3 
726,2.06768e-06,2.44702e-06,1.91775e-06,50,100,100,408660,1 0 2 11 12 4 6 14 9 8 7 5 13 10 3 
727,2.06709e-06,2.44702e-06,1.91957e-06,50,100,100,408660,1 0 2 11 12 4 6 14 9 8 7 5 13 10 3 
728,2.05819e-06,2.44702e-06,1.9221e-06,50,100,100,408660,1 0 2 11 12 4 6 14 9 8 7 5 13 10 3 
729,2.06135e-06,2.44702e-06,1.91581e-06,50,100,100,408660,1 0 2 11 12 4 6 14 9 8 7 5 13 10 3 
730,2.05717e-06,2.44702e-06,1.88633e-06,50,100,100,408660,1 0 2 11 12 4 6 14 9 8 7 5 13 10 3 
731,2.05225e-06,2.44702e-06,1.8949e-06,50,100,100,408660,1 0 2 11 12 4 6 14 9 8 7 5 13 10 3 
732,2.04977e-06,2.44702e-06,1.9193e-06,50,100,100,408660,1 0 2 11 12 4 6 14 9 8 7 5 13 10 3 
733,2.05806e-06,2.44702e-06,1.91419e-06,50,100,100,408660,1 0 2 11 12 4 6 14 9 8 7 5 13 10 3 
734,2.06764e-06,2.44702e-06,1.93715e-06,50,100,100,408660,1 0 2 11 12 4 6 14 9 8 7 5 13 10 3 
735,2.08228e-06,2.44702e-06,1.91267e-06,50,100,100,408660,1 0 2 11 12 4 6 14 9 8 7 5 13 10 3 
736,2.06587e-06,2.44702e-06,1.91488e-06,50,100,100,408660,1 0 2 11 12 4 6 14 9 8 7 5 13 10 3 
737,2.0687e-06,2.44702e-06,1.92106e-06,50,100,100,408660,1 0 2 11 12 4 6 14 9 8 7 5 13 10 3 
738,2.0608e-06,2.44702e-06,1.93574e-06,50,100,100,408660,1 0 2 11 12 4 6 14 9 8 7 5 13 10 3 
739,2.05355e-06,2.44702e-06,1.86236e-06,50,100,100,408660,1 0 2 11 12 4 6 14 9 8 7 5 13 10 3 
740,2.05761e-06,2.44702e-06,1.88363e-06,50,100,100,408660,1 0 2 11 12 4 6 14 9 8 7 5 13 10 3 
741,2.06178e-06,2.44702e-06,1.92347e-06,50,100,100,408660,1 0 2 11 12 4 6 14 9 8 7 5 13 10 3 
742,2.04515e-06,2.44702e-06,1.89104e-06,50,100,100,408660,1 0 2 11 12 4 6 14 9 8 7 5 13 10 3 
743,2.05009e-06,2.44702e-06,1.87869e-06,50,100,100,408660,1 0 2 11 12 4 6 14 9 8 7 5 13 10 3 
744,2.06372e-06,2.44702e-06,1.92692e-06,50,100,100,408660,1 0 2 11 12 4 6 14 9 8 7 5 13 10 3 
745,2.06559e-06,2.44702e-06,1.92884e-06,50,100,100,408660,1 0 2 11 12 4 6 14 9 8 7 5 13 10 3 
746,2.06114e-06,2.44702e-06,1.87225e-06,50,100,100,408660,1 0 2 11 12 4 6 14 9 8 7 5 13 10 3 
747,2.06022e-06,2.44702e-06,1.94154e-06,50,100,100,408660,1 0 2 11 12 4 6 14 9 8 7 5 13 10 3 
748,2.06278e-06,2.44702e-06,1.90954e-06,50,100,100,408660,1 0 2 11 12 4 6 14 9 8 7 5 13 10 3 
749,2.063e-06,2.44702e-06,1.92798e-06,50,100,100,408660,1 0 2 11 12 4 6 14 9 8 7 5 13 10 3 
750,2.06091e-06,2.44702e-06,1.91182e-06,50,100,100,408660,1 0 2 11 12 4 6 14 9 8 7 5 13 10 3 
751,2.04797e-06,2.44702e-06,1.84929e-06,50,100,100,408660,1 0 2 11 12 4 6 14 9 8 7 5 13 10 3 
752,2.05573e-06,2.44702e-06,1.92004e-06,50,100,100,408660,1 0 2 11 12 4 6 14 9 8 7 5 13 10 3 
753,2.0584e-06,2.44702e-06,1.88879e-06,50,100,100,408660,1 0 2 11 12 4 6 14 9 8 7 5 13 10 3 
754,2.05117e-06,2.44702e-06,1.91811e-06,50,100,100,408660,1 0 2 11 12 4 6 14 9 8 7 5 13 10 3 
755,2.05213e-06,2.44702e-06,1.89824e-06,50,100,100,408660,1 0 2 11 12 4 6 14 9 8 7 5 13 10 3 
756,2.05716e-06,2.44702e-06,1.90321e-06,50,100,100,408660,1 0 2 11 12 4 6 14 9 8 7 5 13 10 3 
757,2.0509e-06,2.44702e-06,1.86655e-06,50,100,100,408660,1 0 2 11 12 4 6 14 9 8 7 5 13 10 3 
758,2.06156e-06,2.44702e-06,1.93558e-06,50,100,100,408660,1 0 2 11 12 4 6 14 9 8 7 5 13 10 3 
759,2.05126e-06,2.44702e-06,1.89492e-06,50,100,100,408660,1 0 2 11 12 4 6 14 9 8 7 5 13 10 3 
760,2.04929e-06,2.44702e-06,1.93955e-06,50,100,100,408660,1 0 2 11 12 4 6 14 9 8 7 5 13 10 3 
761,2.04086e-06,2.44702e-06,1.88518e-06,50,100,100,408660,1 0 2 11 12 4 6 14 9 8 7 5 13 10 3 
762,2.05561e-06,2.44702e-06,1.95115e-06,50,100,100,408660,1 0 2 11 12 4 6 14 9 8 7 5 13 10 3 
763,2.06132e-06,2.44702e-06,1.92633e-06,50,100,100,408660,1 0 2 11 12 4 6 14 9 8 7 5 13 10 3 
764,2.05518e-06,2.44702e-06,1.88755e-06,50,100,100,408660,1 0 2 11 12 4 6 14 9 8 7 5 13 10 3 
765,2.06927e-06,2.44702e-06,1.91458e-06,50,100,100,408660,1 0 2 11 12 4 6 14 9 8 7 5 13 10 3 
766,2.05309e-06,2.44702e-06,1.92155e-06,50,100,100,408660,1 0 2 11 12 4 6 14 9 8 7 5 13 10 3 
767,2.0662e-06,2.44702e-06,1.90871e-06,50,100,100,408660,1 0 2 11 12 4 6 14 9 8 7 5 13 10 3 
768,2.05915e-06,2.44702e-06,1.90952e-06,50,100,100,408660,1 0 2 11 12 4 6 14 9 8 7 5 13 10 3 
769,2.07044e-06,2.44702e-06,1.89152e-06,50,100,100,408660,1 0 2 11 12 4 6 14 9 8 7 5 13 10 3 
770,2.05278e-06,2.44702e-06,1.89483e-06,50,100,100,408660,1 0 2 11 12 4 6 14 9 8 7 5 13 10 3 
771,2.05586e-06,2.44702e-06,1.93636e-06,50,100,100,408660,1 0 2 11 12 4 6 14 9 8 7 5 13 10 3 
772,2.05657e-06,2.44702e-06,1.88713e-06,50,100,100,408660,1 0 2 11 12 4 6 14 9 8 7 5 13 10 3 
773,2.05113e-06,2.44702e-06,1.91318e-06,50,100,100,408660,1 0 2 11 12 4 6 14 9 8 7 5 13 10 3 
774,2.06645e-06,2.44702e-06,1.89769e-06,50,100,100,408660,1 0 2 11 12 4 6 14 9 8 7 5 13 10 3 
775,2.06612e-06,2.44702e-06,1.85658e-06,50,100,100,408660,1 0 2 11 12 4 6 14 9 8 7 5 13 10 3 
776,2.07244e-06,2.44702e-06,1.95485e-06,50,100,100,408660,1 0 2 11 12 4 6 14 9 8 7 5 13 10 3 
777,2.06913e-06,2.44702e-06,1.89912e-06,50,100,100,408660,1 0 2 11 12 4 6 14 9 8 7 5 13 10 3 
778,2.06965e-06,2.44702e-06,1.92317e-06,50,100,100,408660,1 0 2 11 12 4 6 14 9 8 7 5 13 10 3 
779,2.06568e-06,2.44702e-06,1.90471e-06,50,100,100,408660,1 0 2 11 12 4 6 14 9 8 7 5 13 10 3 
780,2.05842e-06,2.44702e-06,1.94881e-06,50,100,100,408660,1 0 2 11 12 4 6 14 9 8 7 5 13 10 3 
781,2.07157e-06,2.44702e-06,1.93079e-06,50,100,100,408660,1 0 2 11 12 4 6 14 9 8 7 5 13 10 3 
782,2.05652e-06,2.44702e-06,1.91438e-06,50,100,100,408660,1 0 2 11 12 4 6 14 9 8 7 5 13 10 3 
783,2.06146e-06,2.44702e-06,1.90699e-06,50,100,100,408660,1 0 2 11 12 4 6 14 9 8 7 5 13 10 3 
784,2.06231e-06,2.44702e-06,1.89013e-06,50,100,100,408660,1 0 2 11 12 4 6 14 9 8 7 5 13 10 3 
785,2.06391e-06,2.44702e-06,1.92124e-06,50,100,100,408660,1 0 2 11 12 4 6 14 9 8 7 5 13 10 3 
786,2.0539e-06,2.44702e-06,1.90729e-06,50,100,100,408660,1 0 2 11 12 4 6 14 9 8 7 5 13 10 3 
787,2.05056e-06,2.44702e-06,1.89513e-06,50,100,100,408660,1 0 2 11 12 4 6 14 9 8 7 5 13 10 3 
788,2.05274e-06,2.44702e-06,1.91515e-06,50,100,100,408660,1 0 2 11 12 4 6 14 9 8 7 5 13 10 3 
789,2.06435e-06,2.44702e-06,1.9085e-06,50,100,100,408660,1 0 2 11 12 4 6 14 9 8 7 5 13 10 3 
790,2.06189e-06,2.44702e-06,1.91159e-06,50,100,100,408660,1 0 2 11 12 4 6 14 9 8 7 5 13 10 3 
791,2.05975e-06,2.44702e-06,1.91275e-06,50,100,100,408660,1 0 2 11 12 4 6 14 9 8 7 5 13 10 3 
792,2.04524e-06,2.44702e-06,1.89293e-06,50,100,100,408660,1 0 2 11 12 4 6 14 9 8 7 5 13 10 3 
793,2.05469e-06,2.44702e-06,1.93616e-06,50,100,100,408660,1 0 2 11 12 4 6 14 9 8 7 5 13 10 3 
794,2.05089e-06,2.44702e-06,1.89569e-06,50,100,100,408660,1 0 2 11 12 4 6 14 9 8 7 5 13 10 3 
795,2.04692e-06,2.44702e-06,1.89871e-06,50,100,100,408660,1 0 2 11 12 4 6 14 9 8 7 5 13 10 3 
796,2.04782e-06,2.44702e-06,1.89352e-06,50,100,100,408660,1 0 2 11 12 4 6 14 9 8 7 5 13 10 3 
797,2.06101e-06,2.44702e-06,1.90062e-06,50,100,100,408660,1 0 2 11 12 4 6 14 9 8 7 5 13 10 3 
798,2.05674e-06,2.44702e-06,1.94707e-06,50,100,100,408660,1 0 2 11 12 4 6 14 9 8 7 5 13 10 3 
799,2.04868e-06,2.44702e-06,1.89764e-06,50,100,100,408660,1 0 2 11 12 4 6 14 9 8 7 5 13 10 3 
800,2.05963e-06,2.44702e-06,1.85604e-06,50,100,100,408660,1 0 2 11 12 4 6 14 9 8 7 5 13 10 3 
801,2.06156e-06,2.44702e-06,1.90828e-06,50,100,100,408660,1 0 2 11 12 4 6 14 9 8 7 5 13 10 3 
802,2.05105e-06,2.44702e-06,1.91122e-06,50,100,100,408660,1 0 2 11 12 4 6 14 9 8 7 5 13 10 3 
803,2.06589e-06,2.44702e-06,1.92474e-06,50,100,100,408660,1 0 2 11 12 4 6 14 9 8 7 5 13 10 3 
804,2.05976e-06,2.44702e-06,1.9119e-06,50,100,100,408660,1 0 2 11 12 4 6 14 9 8 7 5 13 10 3 
805,2.0581e-06,2.44702e-06,1.90516e-06,50,100,100,408660,1 0 2 11 12 4 6 14 9 8 7 5 13 10 3 
806,2.06036e-06,2.44702e-06,1.9222e-06,50,100,100,408660,1 0 2 11 12 4 6 14 9 8 7 5 13 10 3 
807,2.07096e-06,2.44702e-06,1.89795e-06,50,100,100,408660,1 0 2 11 12 4 6 14 9 8 7 5 13 10 3 
808,2.06222e-06,2.44702e-06,1.92019e-06,50,100,100,408660,1 0 2 11 12 4 6 14 9 8 7 5 13 10 3 
809,2.0575e-06,2.44702e-06,1.88393e-06,50,100,100,408660,1 0 2 11 12 4 6 14 9 8 7 5 13 10 3 
810,2.05825e-06,2.44702e-06,1.91617e-06,50,100,100,408660,1 0 2 11 12 4 6 14 9 8 7 5 13 10 3 
811,2.06231e-06,2.44702e-06,1.92458e-06,50,100,100,408660,1 0 2 11 12 4 6 14 9 8 7 5 13 10 3 
812,2.05778e-06,2.44702e-06,1.88515e-06,50,100,100,408660,1 0 2 11 12 4 6 14 9 8 7 5 13 10 3 
813,2.05533e-06,2.44702e-06,1.91168e-06,50,100,100,408660,1 0 2 11 12 4 6 14 9 8 7 5 13 10 3 
814,2.05211e-06,2.44702e-06,1.88626e-06,50,100,100,408660,1 0 2 11 12 4 6 14 9 8 7 5 13 10 3 
815,2.06338e-06,2.44702e-06,1.88883e-06,50,100,100,408660,1 0 2 11 12 4 6 14 9 8 7 5 13 10 3 
816,2.06163e-06,2.44702e-06,1.90693e-06,50,100,100,408660,1 0 2 11 12 4 6 14 9 8 7 5 13 10 3 
817,2.05641e-06,2.44702e-06,1.89316e-06,50,100,100,408660,1 0 2 11 12 4 6 14 9 8 7 5 13 10 3 
818,2.06056e-06,2.44702e-06,1.91126e-06,50,100,100,408660,1 0 2 11 12 4 6 14 9 8 7 5 13 10 3 
819,2.06079e-06,2.44702e-06,1.87675e-06,50,100,100,408660,1 0 2 11 12 4 6 14 9 8 7 5 13 10 3 
820,2.05612e-06,2.44702e-06,1.91593e-06,50,100,100,408660,1 0 2 11 12 4 6 14 9 8 7 5 13 10 3 
821,2.05722e-06,2.44702e-06,1.91642e-06,50,100,100,408660,1 0 2 11 12 4 6 14 9 8 7 5 13 10 3 
822,2.06082e-06,2.44702e-06,1.89585e-06,50,100,100,408660,1 0 2 11 12 4 6 14 9 8 7 5 13 10 3 
823,2.05484e-06,2.44702e-06,1.93442e-06,50,100,100,408660,1 0 2 11 12 4 6 14 9 8 7 5 13 10 3 
824,2.06222e-06,2.44702e-06,1.91417e-06,50,100,100,408660,1 0 2 11 12 4 6 14 9 8 7 5 13 10 3 
825,2.05112e-06,2.44702e-06,1.88003e-06,50,100,100,408660,1 0 2 11 12 4 6 14 9 8 7 5 13 10 3 
826,2.06869e-06,2.44702e-06,1.93488e-06,50,100,100,408660,1 0 2 11 12 4 6 14 9 8 7 5 13 10 3 
827,2.06774e-06,2.44702e-06,1.89829e-06,50,100,100,408660,1 0 2 11 12 4 6 14 9 8 7 5 13 10 3 
828,2.06767e-06,2.44702e-06,1.90692e-06,50,100,100,408660,1 0 2 11 12 4 6 14 9 8 7 5 13 10 3 
829,2.06436e-06,2.44702e-06,1.91557e-06,50,100,100,408660,1 0 2 11 12 4 6 14 9 8 7 5 13 10 3 
830,2.06161e-06,2.44702e-06,1.89385e-06,50,100,100,408660,1 0 2 11 12 4 6 14 9 8 7 5 13 10 3 
831,2.07519e-06,2.44702e-06,1.87996e-06,50,100,100,408660,1 0 2 11 12 4 6 14 9 8 7 5 13 10 3 
832,2.06035e-06,2.44702e-06,1.91176e-06,50,100,100,408660,1 0 2 11 12 4 6 14 9 8 7 5 13 10 3 
833,2.07405e-06,2.44702e-06,1.91812e-06,50,100,100,408660,1 0 2 11 12 4 6 14 9 8 7 5 13 10 3 
834,2.06522e-06,2.44702e-06,1.92184e-06,50,100,100,408660,1 0 2 11 12 4 6 14 9 8 7 5 13 10 3 
835,2.07827e-06,2.44702e-06,1.91779e-06,50,100,100,408660,1 0 2 11 12 4 6 14 9 8 7 5 13 10 3 
836,2.05956e-06,2.44702e-06,1.8827e-06,50,100,100,408660,1 0 2 11 12 4 6 14 9 8 7 5 13 10 3 
837,2.05296e-06,2.44702e-06,1.91274e-06,50,100,100,408660,1 0 2 11 12 4 6 14 9 8 7 5 13 10 3 
838,2.04874e-06,2.44702e-06,1.9036e-06,50,100,100,408660,1 0 2 11 12 4 6 14 9 8 7 5 13 10 3 
839,2.06306e-06,2.44702e-06,1.92625e-06,50,100,100,408660,1 0 2 11 12 4 6 14 9 8 7 5 13 10 3 
840,2.06223e-06,2.44702e-06,1.94299e-06,50,100,100,408660,1 0 2 11 12 4 6 14 9 8 7 5 13 10 3 
841,2.06755e-06,2.44702e-06,1.93431e-06,50,100,100,408660,1 0 2 11 12 4 6 14 9 8 7 5 13 10 3 
842,2.06674e-06,2.44702e-06,1.88674e-06,50,100,100,408660,1 0 2 11 12 4 6 14 9 8 7 5 13 10 3 
843,2.06347e-06,2.44702e-06,1.88903e-06,50,100,100,408660,1 0 2 11 12 4 6 14 9 8 7 5 13 10 3 
844,2.06175e-06,2.44702e-06,1.92969e-06,50,100,100,408660,1 0 2 11 12 4 6 14 9 8 7 5 13 10 3 
845,2.06178e-06,2.44702e-06,1.92295e-06,50,100,100,408660,1 0 2 11 12 4 6 14 9 8 7 5 13 10 3 
846,2.06024e-06,2.44702e-06,1.90943e-06,50,100,100,408660,1 0 2 11 12 4 6 14 9 8 7 5 13 10 3 
847,2.06813e-06,2.44702e-06,1.91329e-06,50,100,100,408660,1 0 2 11 12 4 6 14 9 8 7 5 13 10 3 
848,2.05716e-06,2.44702e-06,1.88751e-06,50,100,100,408660,1 0 2 11 12 4 6 14 9 8 7 5 13 10 3 
849,2.0681e-06,2.44702e-06,1.91071e-06,50,100,100,408660,1 0 2 11 12 4 6 14 9 8 7 5 13 10 3 
850,2.05627e-06,2.44702e-06,1.91794e-06,50,100,100,408660,1 0 2 11 12 4 6 14 9 8 7 5 13 10 3 
851,2.05338e-06,2.44702e-06,1.93375e-06,50,100,100,408660,1 0 2 11 12 4 6 14 9 8 7 5 13 10 3 
852,2.06178e-06,2.44702e-06,1.91623e-06,50,100,100,408660,1 0 2 11 12 4 6 14 9 8 7 5 13 10 3 
853,2.063e-06,2.44702e-06,1.91434e-06,50,100,100,408660,1 0 2 11 12 4 6 14 9 8 7 5 13 10 3 
854,2.06228e-06,2.44702e-06,1.94442e-06,50,100,100,408660,1 0 2 11 12 4 6 14 9 8 7 5 13 10 3 
855,2.05206e-06,2.44702e-06,1.88616e-06,50,100,100,408660,1 0 2 11 12 4 6 14 9 8 7 5 13 10 3 
856,2.04545e-06,2.44702e-06,1.87873e-06,50,100,100,408660,1 0 2 11 12 4 6 14 9 8 7 5 13 10 3 
857,2.06516e-06,2.44702e-06,1.91366e-06,50,100,100,408660,1 0 2 11 12 4 6 14 9 8 7 5 13 10 3 
858,2.05927e-06,2.44702e-06,1.9295e-06,50,100,100,408660,1 0 2 11 12 4 6 14 9 8 7 5 13 10 3 
859,2.06278e-06,2.44702e-06,1.89183e-06,50,100,100,408660,1 0 2 11 12 4 6 14 9 8 7 5 13 10 3 
860,2.06421e-06,2.44702e-06,1.92098e-06,50,100,100,408660,1 0 2 11 12 4 6 14 9 8 7 5 13 10 3 
861,2.05727e-06,2.44702e-06,1.92256e-06,50,100,100,408660,1 0 2 11 12 4 6 14 9 8 7 5 13 10 3 
862,2.06585e-06,2.44702e-06,1.92061e-06,50,100,100,408660,1 0 2 11 12 4 6 14 9 8 7 5 13 10 3 
863,2.06472e-06,2.44702e-06,1.91297e-06,50,100,100,408660,1 0 2 11 12 4 6 14 9 8 7 5 13 10 3 
864,2.06255e-06,2.44702e-06,1.88399e-06,50,100,100,408660,1 0 2 11 12 4 6 14 9 8 7 5 13 10 3 
865,2.07272e-06,2.44702e-06,1.9236e-06,50,100,100,408660,1 0 2 11 12 4 6 14 9 8 7 5 13 10 3 
866,2.04621e-06,2.44702e-06,1.90266e-06,50,100,100,408660,1 0 2 11 12 4 6 14 9 8 7 5 13 10 3 
867,2.06395e-06,2.44702e-06,1.93039e-06,50,100,100,408660,1 0 2 11 12 4 6 14 9 8 7 5 13 10 3 
868,2.05958e-06,2.44702e-06,1.89214e-06,50,100,100,408660,1 0 2 11 12 4 6 14 9 8 7 5 13 10 3 
869,2.06419e-06,2.44702e-06,1.91784e-06,50,100,100,408660,1 0 2 11 12 4 6 14 9 8 7 5 13 10 3 
870,2.06326e-06,2.44702e-06,1.92464e-06,50,100,100,408660,1 0 2 11 12 4 6 14 9 8 7 5 13 10 3 
871,2.06262e-06,2.44702e-06,1.92385e-06,50,100,100,408660,1 0 2 11 12 4 6 14 9 8 7 5 13 10 3 
872,2.06339e-06,2.48881e-06,1.91127e-06,50,100,100,401798,1 0 4 11 12 2 6 14 9 8 7 5 13 10 3 
873,2.06029e-06,2.48881e-06,1.91014e-06,50,100,100,401798,1 0 4 11 12 2 6 14 9 8 7 5 13 10 3 
874,2.07539e-06,2.48881e-06,1.92326e-06,50,100,100,401798,1 0 4 11 12 2 6 14 9 8 7 5 13 10 3 
875,2.05978e-06,2.48881e-06,1.89119e-06,50,100,100,401798,1 0 4 11 12 2 6 14 9 8 7 5 13 10 3 
876,2.0504e-06,2.48881e-06,1.90026e-06,50,100,100,401798,1 0 4 11 12 2 6 14 9 8 7 5 13 10 3 
877,2.05829e-06,2.48881e-06,1.90576e-06,50,100,100,401798,1 0 4 11 12 2 6 14 9 8 7 5 13 10 3 
878,2.05677e-06,2.48881e-06,1.89961e-06,50,100,100,401798,1 0 4 11 12 2 6 14 9 8 7 5 13 10 3 
879,2.05469e-06,2.48881e-06,1.90303e-06,50,100,100,401798,1 0 4 11 12 2 6 14 9 8 7 5 13 10 3 
880,2.05745e-06,2.48881e-06,1.92046e-06,50,100,100,401798,1 0 4 11 12 2 6 14 9 8 7 5 13 10 3 
881,2.05747e-06,2.48881e-06,1.90083e-06,50,100,100,401798,1 0 4 11 12 2 6 14 9 8 7 5 13 10 3 
882,2.05685e-06,2.48881e-06,1.89721e-06,50,100,100,401798,1 0 4 11 12 2 6 14 9 8 7 5 13 10 3 
883,2.05788e-06,2.48881e-06,1.89184e-06,50,100,100,401798,1 0 4 11 12 2 6 14 9 8 7 5 13 10 3 
884,2.07748e-06,2.48881e-06,1.93497e-06,50,100,100,401798,1 0 4 11 12 2 6 14 9 8 7 5 13 10 3 
885,2.06848e-06,2.48881e-06,1.91084e-06,50,100,100,401798,1 0 4 11 12 2 6 14 9 8 7 5 13 10 3 
886,2.06632e-06,2.48881e-06,1.93097e-06,50,100,100,401798,1 0 4 11 12 2 6 14 9 8 7 5 13 10 3 
887,2.05658e-06,2.48881e-06,1.89886e-06,50,100,100,401798,1 0 4 11 12 2 6 14 9 8 7 5 13 10 3 
888,2.06559e-06,2.48881e-06,1.93514e-06,50,100,100,401798,1 0 4 11 12 2 6 14 9 8 7 5 13 10 3 
889,2.06155e-06,2.48881e-06,1.92027e-06,50,100,100,401798,1 0 4 11 12 2 6 14 9 8 7 5 13 10 3 
890,2.06671e-06,2.48881e-06,1.93348e-06,50,100,100,401798,1 0 4 11 12 2 6 14 9 8 7 5 13 10 3 
891,2.06019e-06,2.48881e-06,1.92726e-06,50,100,100,401798,1 0 4 11 12 2 6 14 9 8 7 5 13 10 3 
892,2.06897e-06,2.48881e-06,1.91441e-06,50,100,100,401798,1 0 4 11 12 2 6 14 9 8 7 5 13 10 3 
893,2.07744e-06,2.48881e-06,1.93122e-06,50,100,100,401798,1 0 4 11 12 2 6 14 9 8 7 5 13 10 3 
894,2.07821e-06,2.48881e-06,1.92782e-06,50,100,100,401798,1 0 4 11 12 2 6 14 9 8 7 5 13 10 3 
895,2.05919e-06,2.48881e-06,1.8915e-06,50,100,100,401798,1 0 4 11 12 2 6 14 9 8 7 5 13 10 3 
896,2.06631e-06,2.48881e-06,1.90563e-06,50,100,100,401798,1 0 4 11 12 2 6 14 9 8 7 5 13 10 3 
897,2.05844e-06,2.48881e-06,1.88584e-06,50,100,100,401798,1 0 4 11 12 2 6 14 9 8 7 5 13 10 3 
898,2.0727e-06,2.48881e-06,1.93626e-06,50,100,100,401798,1 0 4 11 12 2 6 14 9 8 7 5 13 10 3 
899,2.07822e-06,2.48881e-06,1.92517e-06,50,100,100,401798,1 0 4 11 12 2 6 14 9 8 7 5 13 10 3 
900,2.0626e-06,2.48881e-06,1.89992e-06,50,100,100,401798,1 0 4 11 12 2 6 14 9 8 7 5 13 10 3 
901,2.05995e-06,2.48881e-06,1.91991e-06,50,100,100,401798,1 0 4 11 12 2 6 14 9 8 7 5 13 10 3 
902,2.05337e-06,2.48881e-06,1.90058e-06,50,100,100,401798,1 0 4 11 12 2 6 14 9 8 7 5 13 10 3 
903,2.0747e-06,2.48881e-06,1.92214e-06,50,100,100,401798,1 0 4 11 12 2 6 14 9 8 7 5 13 10 3 
904,2.07825e-06,2.48881e-06,1.90351e-06,50,100,100,401798,1 0 4 11 12 2 6 14 9 8 7 5 13 10 3 
905,2.0632e-06,2.48881e-06,1.89804e-06,50,100,100,401798,1 0 4 11 12 2 6 14 9 8 7 5 13 10 3 
906,2.06224e-06,2.48881e-06,1.92082e-06,50,100,100,401798,1 0 4 11 12 2 6 14 9 8 7 5 13 10 3 
907,2.06197e-06,2.48881e-06,1.88988e-06,50,100,100,401798,1 0 4 11 12 2 6 14 9 8 7 5 13 10 3 
908,2.06017e-06,2.48881e-06,1.90491e-06,50,100,100,401798,1 0 4 11 12 2 6 14 9 8 7 5 13 10 3 
909,2.07164e-06,2.48881e-06,1.89144e-06,50,100,100,401798,1 0 4 11 12 2 6 14 9 8 7 5 13 10 3 
910,2.06819e-06,2.48881e-06,1.93884e-06,50,100,100,401798,1 0 4 11 12 2 6 14 9 8 7 5 13 10 3 
911,2.07168e-06,2.48881e-06,1.92598e-06,50,100,100,401798,1 0 4 11 12 2 6 14 9 8 7 5 13 10 3 
912,2.06808e-06,2.48881e-06,1.92659e-06,50,100,100,401798,1 0 4 11 12 2 6 14 9 8 7 5 13 10 3 
913,2.06799e-06,2.48881e-06,1.92557e-06,50,100,100,401798,1 0 4 11 12 2 6 14 9 8 7 5 13 10 3 
914,2.06425e-06,2.48881e-06,1.9424e-06,50,100,100,401798,1 0 4 11 12 2 6 14 9 8 7 5 13 10 3 
915,2.06208e-06,2.48881e-06,1.89049e-06,50,100,100,401798,1 0 4 11 12 2 6 14 9 8 7 5 13 10 3 
916,2.06966e-06,2.48881e-06,1.92485e-06,50,100,100,401798,1 0 4 11 12 2 6 14 9 8 7 5 13 10 3 
917,2.07289e-06,2.48881e-06,1.89066e-06,50,100,100,401798,1 0 4 11 12 2 6 14 9 8 7 5 13 10 3 
918,2.05822e-06,2.48881e-06,1.91242e-06,50,100,100,401798,1 0 4 11 12 2 6 14 9 8 7 5 13 10 3 
919,2.07035e-06,2.48881e-06,1.89934e-06,50,100,100,401798,1 0 4 11 12 2 6 14 9 8 7 5 13 10 3 
920,2.06152e-06,2.48881e-06,1.89001e-06,50,100,100,401798,1 0 4 11 12 2 6 14 9 8 7 5 13 10 3 
921,2.0631e-06,2.48881e-06,1.91816e-06,50,100,100,401798,1 0 4 11 12 2 6 14 9 8 7 5 13 10 3 
922,2.05439e-06,2.48881e-06,1.91537e-06,50,100,100,401798,1 0 4 11 12 2 6 14 9 8 7 5 13 10 3 
923,2.05736e-06,2.48881e-06,1.9111e-06,50,100,100,401798,1 0 4 11 12 2 6 14 9 8 7 5 13 10 3 
924,2.0723e-06,2.48881e-06,1.91851e-06,50,100,100,401798,1 0 4 11 12 2 6 14 9 8 7 5 13 10 3 
925,2.07348e-06,2.48881e-06,1.92483e-06,50,100,100,401798,1 0 4 11 12 2 6 14 9 8 7 5 13 10 3 
926,2.05592e-06,2.48881e-06,1.92266e-06,50,100,100,401798,1 0 4 11 12 2 6 14 9 8 7 5 13 10 3 
927,2.05951e-06,2.48881e-06,1.87299e-06,50,100,100,401798,1 0 4 11 12 2 6 14 9 8 7 5 13 10 3 
928,2.06651e-06,2.48881e-06,1.9196e-06,50,100,100,401798,1 0 4 11 12 2 6 14 9 8 7 5 13 10 3 
929,2.07256e-06,2.48881e-06,1.91488e-06,50,100,100,401798,1 0 4 11 12 2 6 14 9 8 7 5 13 10 3 
930,2.06893e-06,2.48881e-06,1.9241e-06,50,100,100,401798,1 0 4 11 12 2 6 14 9 8 7 5 13 10 3 
931,2.0573e-06,2.48881e-06,1.88243e-06,50,100,100,401798,1 0 4 11 12 2 6 14 9 8 7 5 13 10 3 
932,2.05547e-06,2.48881e-06,1.87034e-06,50,100,100,401798,1 0 4 11 12 2 6 14 9 8 7 5 13 10 3 
933,2.06374e-06,2.48881e-06,1.93313e-06,50,100,100,401798,1 0 4 11 12 2 6 14 9 8 7 5 13 10 3 
934,2.06588e-06,2.48881e-06,1.93725e-06,50,100,100,401798,1 0 4 11 12 2 6 14 9 8 7 5 13 10 3 
935,2.06582e-06,2.48881e-06,1.8764e-06,50,100,100,401798,1 0 4 11 12 2 6 14 9 8 7 5 13 10 3 
936,2.07086e-06,2.48881e-06,1.91037e-06,50,100,100,401798,1 0 4 11 12 2 6 14 9 8 7 5 13 10 3 
937,2.08107e-06,2.48881e-06,1.91302e-06,50,100,100,401798,1 0 4 11 12 2 6 14 9 8 7 5 13 10 3 
938,2.09047e-06,2.48881e-06,1.93085e-06,50,100,100,401798,1 0 4 11 12 2 6 14 9 8 7 5 13 10 3 
939,2.08816e-06,2.48881e-06,1.90155e-06,50,100,100,401798,1 0 4 11 12 2 6 14 9 8 7 5 13 10 3 
940,2.06757e-06,2.48881e-06,1.90282e-06,50,100,100,401798,1 0 4 11 12 2 6 14 9 8 7 5 13 10 3 
941,2.07148e-06,2.48881e-06,1.93178e-06,50,100,100,401798,1 0 4 11 12 2 6 14 9 8 7 5 13 10 3 
942,2.05876e-06,2.48881e-06,1.88128e-06,50,100,100,401798,1 0 4 11 12 2 6 14 9 8 7 5 13 10 3 
943,2.06819e-06,2.48881e-06,1.91605e-06,50,100,100,401798,1 0 4 11 12 2 6 14 9 8 7 5 13 10 3 
944,2.07154e-06,2.48881e-06,1.93493e-06,50,100,100,401798,1 0 4 11 12 2 6 14 9 8 7 5 13 10 3 
945,2.06673e-06,2.48881e-06,1.9257e-06,50,100,100,401798,1 0 4 11 12 2 6 14 9 8 7 5 13 10 3 
946,2.07637e-06,2.48881e-06,1.9073e-06,50,100,100,401798,1 0 4 11 12 2 6 14 9 8 7 5 13 10 3 
947,2.07525e-06,2.48881e-06,1.92786e-06,50,100,100,401798,1 0 4 11 12 2 6 14 9 8 7 5 13 10 3 
948,2.06649e-06,2.48881e-06,1.90424e-06,50,100,100,401798,1 0 4 11 12 2 6 14 9 8 7 5 13 10 3 
949,2.07788e-06,2.48881e-06,1.92802e-06,50,100,100,401798,1 0 4 11 12 2 6 14 9 8 7 5 13 10 3 
950,2.06013e-06,2.48881e-06,1.92705e-06,50,100,100,401798,1 0 4 11 12 2 6 14 9 8 7 5 13 10 3 
951,2.06826e-06,2.48881e-06,1.90601e-06,50,100,100,401798,1 0 4 11 12 2 6 14 9 8 7 5 13 10 3 
952,2.06878e-06,2.48881e-06,1.93418e-06,50,100,100,401798,1 0 4 11 12 2 6 14 9 8 7 5 13 10 3 
953,2.05596e-06,2.48881e-06,1.85895e-06,50,100,100,401798,1 0 4 11 12 2 6 14 9 8 7 5 13 10 3 
954,2.06341e-06,2.48881e-06,1.9177e-06,50,100,100,401798,1 0 4 11 12 2 6 14 9 8 7 5 13 10 3 
955,2.06736e-06,2.48881e-06,1.9331e-06,50,100,100,401798,1 0 4 11 12 2 6 14 9 8 7 5 13 10 3 
956,2.06583e-06,2.48881e-06,1.89943e-06,50,100,100,401798,1 0 4 11 12 2 6 14 9 8 7 5 13 10 3 
957,2.07015e-06,2.48881e-06,1.93179e-06,50,100,100,401798,1 0 4 11 12 2 6 14 9 8 7 5 13 10 3 
958,2.05736e-06,2.48881e-06,1.9264e-06,50,100,100,401798,1 0 4 11 12 2 6 14 9 8 7 5 13 10 3 
959,2.05625e-06,2.48881e-06,1.8716e-06,50,100,100,401798,1 0 4 11 12 2 6 14 9 8 7 5 13 10 3 
960,2.06339e-06,2.48881e-06,1.93267e-06,50,100,100,401798,1 0 4 11 12 2 6 14 9 8 7 5 13 10 3 
961,2.06284e-06,2.48881e-06,1.93274e-06,50,100,100,401798,1 0 4 11 12 2 6 14 9 8 7 5 13 10 3 
962,2.05891e-06,2.48881e-06,1.88845e-06,50,100,100,401798,1 0 4 11 12 2 6 14 9 8 7 5 13 10 3 
963,2.07352e-06,2.48881e-06,1.92732e-06,50,100,100,401798,1 0 4 11 12 2 6 14 9 8 7 5 13 10 3 
964,2.06455e-06,2.48881e-06,1.91225e-06,50,100,100,401798,1 0 4 11 12 2 6 14 9 8 7 5 13 10 3 
965,2.05585e-06,2.48881e-06,1.89979e-06,50,100,100,401798,1 0 4 11 12 2 6 14 9 8 7 5 13 10 3 
966,2.06012e-06,2.48881e-06,1.92396e-06,50,100,100,401798,1 0 4 11 12 2 6 14 9 8 7 5 13 10 3 
967,2.04903e-06,2.48881e-06,1.88987e-06,50,100,100,401798,1 0 4 11 12 2 6 14 9 8 7 5 13 10 3 
968,2.05046e-06,2.48881e-06,1.93976e-06,50,100,100,401798,1 0 4 11 12 2 6 14 9 8 7 5 13 10 3 
969,2.05743e-06,2.48881e-06,1.90333e-06,50,100,100,401798,1 0 4 11 12 2 6 14 9 8 7 5 13 10 3 
970,2.06128e-06,2.48881e-06,1.90822e-06,50,100,100,401798,1 0 4 11 12 2 6 14 9 8 7 5 13 10 3 
971,2.06295e-06,2.48881e-06,1.91798e-06,50,100,100,401798,1 0 4 11 12 2 6 14 9 8 7 5 13 10 3 
972,2.07142e-06,2.48881e-06,1.92883e-06,50,100,100,401798,1 0 4 11 12 2 6 14 9 8 7 5 13 10 3 
973,2.07044e-06,2.48881e-06,1.89847e-06,50,100,100,401798,1 0 4 11 12 2 6 14 9 8 7 5 13 10 3 
974,2.05362e-06,2.48881e-06,1.89286e-06,50,100,100,401798,1 0 4 11 12 2 6 14 9 8 7 5 13 10 3 
975,2.05424e-06,2.48881e-06,1.8812e-06,50,100,100,401798,1 0 4 11 12 2 6 14 9 8 7 5 13 10 3 
976,2.0595e-06,2.48881e-06,1.89747e-06,50,100,100,401798,1 0 4 11 12 2 6 14 9 8 7 5 13 10 3 
977,2.03731e-06,2.48881e-06,1.88513e-06,50,100,100,401798,1 0 4 11 12 2 6 14 9 8 7 5 13 10 3 
978,2.05793e-06,2.48881e-06,1.93836e-06,50,100,100,401798,1 0 4 11 12 2 6 14 9 8 7 5 13 10 3 
979,2.05496e-06,2.48881e-06,1.88933e-06,50,100,100,401798,1 0 4 11 12 2 6 14 9 8 7 5 13 10 3 
980,2.06786e-06,2.48881e-06,1.88817e-06,50,100,100,401798,1 0 4 11 12 2 6 14 9 8 7 5 13 10 3 
981,2.06461e-06,2.48881e-06,1.88465e-06,50,100,100,401798,1 0 4 11 12 2 6 14 9 8 7 5 13 10 3 
982,2.07339e-06,2.48881e-06,1.92109e-06,50,100,100,401798,1 0 4 11 12 2 6 14 9 8 7 5 13 10 3 
983,2.06058e-06,2.48881e-06,1.92341e-06,50,100,100,401798,1 0 4 11 12 2 6 14 9 8 7 5 13 10 3 
984,2.06865e-06,2.48881e-06,1.93221e-06,50,100,100,401798,1 0 4 11 12 2 6 14 9 8 7 5 13 10 3 
985,2.06785e-06,2.48881e-06,1.92707e-06,50,100,100,401798,1 0 4 11 12 2 6 14 9 8 7 5 13 10 3 
986,2.0708e-06,2.48881e-06,1.91689e-06,50,100,100,401798,1 0 4 11 12 2 6 14 9 8 7 5 13 10 3 
987,2.06618e-06,2.48881e-06,1.92138e-06,50,100,100,401798,1 0 4 11 12 2 6 14 9 8 7 5 13 10 3 
988,2.06461e-06,2.48881e-06,1.93255e-06,50,100,100,401798,1 0 4 11 12 2 6 14 9 8 7 5 13 10 3 
989,2.06784e-06,2.48881e-06,1.96094e-06,50,100,100,401798,1 0 4 11 12 2 6 14 9 8 7 5 13 10 3 
990,2.05685e-06,2.48881e-06,1.89368e-06,50,100,100,401798,1 0 4 11 12 2 6 14 9 8 7 5 13 10 3 
991,2.05975e-06,2.48881e-06,1.90477e-06,50,100,100,401798,1 0 4 11 12 2 6 14 9 8 7 5 13 10 3 
992,2.06393e-06,2.48881e-06,1.89511e-06,50,100,100,401798,1 0 4 11 12 2 6 14 9 8 7 5 13 10 3 
993,2.06757e-06,2.48881e-06,1.9294e-06,50,100,100,401798,1 0 4 11 12 2 6 14 9 8 7 5 13 10 3 
994,2.05386e-06,2.48881e-06,1.89694e-06,50,100,100,401798,1 0 4 11 12 2 6 14 9 8 7 5 13 10 3 
995,2.06545e-06,2.48881e-06,1.88714e-06,50,100,100,401798,1 0 4 11 12 2 6 14 9 8 7 5 13 10 3 
996,2.05801e-06,2.48881e-06,1.91027e-06,50,100,100,401798,1 0 4 11 12 2 6 14 9 8 7 5 13 10 3 
997,2.05524e-06,2.48881e-06,1.90822e-06,50,100,100,401798,1 0 4 11 12 2 6 14 9 8 7 5 13 10 3 
998,2.06386e-06,2.48881e-06,1.90647e-06,50,100,100,401798,1 0 4 11 12 2 6 14 9 8 7 5 13 10 3 
999,2.06425e-06,2.48881e-06,1.90382e-06,50,100,100,401798,1 0 4 11 12 2 6 14 9 8 7 5 13 10 3 
