Generación,Media,Mejor,Peor,Cruzas,Mutaciones,Inversiones,Costo,Permutación
1,2.04366e-06,2.22279e-06,1.87999e-06,50,100,100,449884,0 2 12 8 14 9 4 3 10 11 5 13 6 7 1 
2,2.0481e-06,2.23347e-06,1.91223e-06,50,100,100,447732,12 7 8 10 5 1 4 0 3 11 13 14 6 2 9 
3,2.05053e-06,2.32127e-06,1.88557e-06,50,100,100,430798,9 10 5 13 3 0 8 4 1 11 2 7 6 12 14 
4,2.05188e-06,2.32127e-06,1.86139e-06,50,100,100,430798,9 10 5 13 3 0 8 4 1 11 2 7 6 12 14 
5,2.05846e-06,2.32127e-06,1.92204e-06,50,100,100,430798,9 10 5 13 3 0 8 4 1 11 2 7 6 12 14 
6,2.05703e-06,2.32127e-06,1.91099e-06,50,100,100,430798,9 10 5 13 3 0 8 4 1 11 2 7 6 12 14 
7,2.0511e-06,2.32127e-06,1.91161e-06,50,100,100,430798,9 10 5 13 3 0 8 4 1 11 2 7 6 12 14 
8,2.05774e-06,2.32127e-06,1.90527e-06,50,100,100,430798,9 10 5 13 3 0 8 4 1 11 2 7 6 12 14 
9,2.0561e-06,2.32127e-06,1.87013e-06,50,100,100,430798,9 10 5 13 3 0 8 4 1 11 2 7 6 12 14 
10,2.06939e-06,2.32127e-06,1.9061e-06,50,100,100,430798,9 10 5 13 3 0 8 4 1 11 2 7 6 12 14 
11,2.07137e-06,2.32127e-06,1.91824e-06,50,100,100,430798,9 10 5 13 3 0 8 4 1 11 2 7 6 12 14 
12,2.0632e-06,2.32133e-06,1.91168e-06,50,100,100,430786,6 1 13 9 7 11 2 0 5 4 12 3 10 8 14 
13,2.05833e-06,2.32133e-06,1.91771e-06,50,100,100,430786,6 1 13 9 7 11 2 0 5 4 12 3 10 8 14 
14,2.05118e-06,2.32133e-06,1.89295e-06,50,100,100,430786,6 1 13 9 7 11 2 0 5 4 12 3 10 8 14 
15,2.06542e-06,2.32133e-06,1.92324e-06,50,100,100,430786,6 1 13 9 7 11 2 0 5 4 12 3 10 8 14 
16,2.06111e-06,2.32133e-06,1.8755e-06,50,100,100,430786,6 1 13 9 7 11 2 0 5 4 12 3 10 8 14 
17,2.05841e-06,2.32133e-06,1.90893e-06,50,100,100,430786,6 1 13 9 7 11 2 0 5 4 12 3 10 8 14 
18,2.05019e-06,2.32133e-06,1.89167e-06,50,100,100,430786,6 1 13 9 7 11 2 0 5 4 12 3 10 8 14 
19,2.05662e-06,2.32133e-06,1.88423e-06,50,100,100,430786,6 1 13 9 7 11 2 0 5 4 12 3 10 8 14 
20,2.06152e-06,2.32133e-06,1.92219e-06,50,100,100,430786,6 1 13 9 7 11 2 0 5 4 12 3 10 8 14 
21,2.06609e-06,2.32133e-06,1.91312e-06,50,100,100,430786,6 1 13 9 7 11 2 0 5 4 12 3 10 8 14 
22,2.05797e-06,2.32133e-06,1.90968e-06,50,100,100,430786,6 1 13 9 7 11 2 0 5 4 12 3 10 8 14 
23,2.06087e-06,2.32133e-06,1.91417e-06,50,100,100,430786,6 1 13 9 7 11 2 0 5 4 12 3 10 8 14 
24,2.06182e-06,2.32133e-06,1.89061e-06,50,100,100,430786,6 1 13 9 7 11 2 0 5 4 12 3 10 8 14 
25,2.05907e-06,2.32133e-06,1.91513e-06,50,100,100,430786,6 1 13 9 7 11 2 0 5 4 12 3 10 8 14 
26,2.05383e-06,2.32133e-06,1.91164e-06,50,100,100,430786,6 1 13 9 7 11 2 0 5 4 12 3 10 8 14 
27,2.04426e-06,2.32133e-06,1.91007e-06,50,100,100,430786,6 1 13 9 7 11 2 0 5 4 12 3 10 8 14 
28,2.05522e-06,2.32133e-06,1.90417e-06,50,100,100,430786,6 1 13 9 7 11 2 0 5 4 12 3 10 8 14 
29,2.05207e-06,2.32133e-06,1.90936e-06,50,100,100,430786,6 1 13 9 7 11 2 0 5 4 12 3 10 8 14 
30,2.05649e-06,2.32133e-06,1.89871e-06,50,100,100,430786,6 1 13 9 7 11 2 0 5 4 12 3 10 8 14 
31,2.06398e-06,2.32133e-06,1.89721e-06,50,100,100,430786,6 1 13 9 7 11 2 0 5 4 12 3 10 8 14 
32,2.05642e-06,2.34136e-06,1.91228e-06,50,100,100,427102,6 1 13 9 7 11 2 0 5 4 12 3 10 14 8 
33,2.03858e-06,2.34136e-06,1.91949e-06,50,100,100,427102,6 1 13 9 7 11 2 0 5 4 12 3 10 14 8 
34,2.05509e-06,2.34136e-06,1.85342e-06,50,100,100,427102,6 1 13 9 7 11 2 0 5 4 12 3 10 14 8 
35,2.05543e-06,2.34136e-06,1.9159e-06,50,100,100,427102,6 1 13 9 7 11 2 0 5 4 12 3 10 14 8 
36,2.05147e-06,2.34136e-06,1.89816e-06,50,100,100,427102,6 1 13 9 7 11 2 0 5 4 12 3 10 14 8 
37,2.05284e-06,2.34136e-06,1.89531e-06,50,100,100,427102,6 1 13 9 7 11 2 0 5 4 12 3 10 14 8 
38,2.0641e-06,2.34136e-06,1.89887e-06,50,100,100,427102,6 1 13 9 7 11 2 0 5 4 12 3 10 14 8 
39,2.05061e-06,2.34136e-06,1.9096e-06,50,100,100,427102,6 1 13 9 7 11 2 0 5 4 12 3 10 14 8 
40,2.06267e-06,2.34136e-06,1.92786e-06,50,100,100,427102,6 1 13 9 7 11 2 0 5 4 12 3 10 14 8 
41,2.05591e-06,2.34136e-06,1.93198e-06,50,100,100,427102,6 1 13 9 7 11 2 0 5 4 12 3 10 14 8 
42,2.05901e-06,2.34136e-06,1.88076e-06,50,100,100,427102,6 1 13 9 7 11 2 0 5 4 12 3 10 14 8 
43,2.05284e-06,2.34136e-06,1.89423e-06,50,100,100,427102,6 1 13 9 7 11 2 0 5 4 12 3 10 14 8 
44,2.04303e-06,2.34136e-06,1.89707e-06,50,100,100,427102,6 1 13 9 7 11 2 0 5 4 12 3 10 14 8 
45,2.05671e-06,2.34136e-06,1.8716e-06,50,100,100,427102,6 1 13 9 7 11 2 0 5 4 12 3 10 14 8 
46,2.05843e-06,2.34136e-06,1.8665e-06,50,100,100,427102,6 1 13 9 7 11 2 0 5 4 12 3 10 14 8 
47,2.06641e-06,2.34136e-06,1.91171e-06,50,100,100,427102,6 1 13 9 7 11 2 0 5 4 12 3 10 14 8 
48,2.06256e-06,2.34136e-06,1.90727e-06,50,100,100,427102,6 1 13 9 7 11 2 0 5 4 12 3 10 14 8 
49,2.04946e-06,2.34136e-06,1.88377e-06,50,100,100,427102,6 1 13 9 7 11 2 0 5 4 12 3 10 14 8 
50,2.05734e-06,2.34136e-06,1.88928e-06,50,100,100,427102,6 1 13 9 7 11 2 0 5 4 12 3 10 14 8 
51,2.05923e-06,2.34136e-06,1.92541e-06,50,100,100,427102,6 1 13 9 7 11 2 0 5 4 12 3 10 14 8 
52,2.05609e-06,2.34136e-06,1.92541e-06,50,100,100,427102,6 1 13 9 7 11 2 0 5 4 12 3 10 14 8 
53,2.05966e-06,2.34136e-06,1.9049e-06,50,100,100,427102,6 1 13 9 7 11 2 0 5 4 12 3 10 14 8 
54,2.05513e-06,2.34136e-06,1.90439e-06,50,100,100,427102,6 1 13 9 7 11 2 0 5 4 12 3 10 14 8 
55,2.06045e-06,2.34136e-06,1.94316e-06,50,100,100,427102,6 1 13 9 7 11 2 0 5 4 12 3 10 14 8 
56,2.0502e-06,2.34136e-06,1.91371e-06,50,100,100,427102,6 1 13 9 7 11 2 0 5 4 12 3 10 14 8 
57,2.06566e-06,2.34136e-06,1.93654e-06,50,100,100,427102,6 1 13 9 7 11 2 0 5 4 12 3 10 14 8 
58,2.04197e-06,2.34136e-06,1.88835e-06,50,100,100,427102,6 1 13 9 7 11 2 0 5 4 12 3 10 14 8 
59,2.04347e-06,2.34136e-06,1.88095e-06,50,100,100,427102,6 1 13 9 7 11 2 0 5 4 12 3 10 14 8 
60,2.06185e-06,2.34136e-06,1.9185e-06,50,100,100,427102,6 1 13 9 7 11 2 0 5 4 12 3 10 14 8 
61,2.06082e-06,2.34136e-06,1.90911e-06,50,100,100,427102,6 1 13 9 7 11 2 0 5 4 12 3 10 14 8 
62,2.06036e-06,2.34136e-06,1.91693e-06,50,100,100,427102,6 1 13 9 7 11 2 0 5 4 12 3 10 14 8 
63,2.05998e-06,2.34136e-06,1.90088e-06,50,100,100,427102,6 1 13 9 7 11 2 0 5 4 12 3 10 14 8 
64,2.04951e-06,2.34136e-06,1.90408e-06,50,100,100,427102,6 1 13 9 7 11 2 0 5 4 12 3 10 14 8 
65,2.05947e-06,2.34136e-06,1.87142e-06,50,100,100,427102,6 1 13 9 7 11 2 0 5 4 12 3 10 14 8 
66,2.06043e-06,2.34136e-06,1.92794e-06,50,100,100,427102,6 1 13 9 7 11 2 0 5 4 12 3 10 14 8 
67,2.06182e-06,2.34136e-06,1.93191e-06,50,100,100,427102,6 1 13 9 7 11 2 0 5 4 12 3 10 14 8 
68,2.05243e-06,2.34136e-06,1.88854e-06,50,100,100,427102,6 1 13 9 7 11 2 0 5 4 12 3 10 14 8 
69,2.06354e-06,2.34136e-06,1.87584e-06,50,100,100,427102,6 1 13 9 7 11 2 0 5 4 12 3 10 14 8 
70,2.05739e-06,2.34136e-06,1.94481e-06,50,100,100,427102,6 1 13 9 7 11 2 0 5 4 12 3 10 14 8 
71,2.06131e-06,2.34136e-06,1.90978e-06,50,100,100,427102,6 1 13 9 7 11 2 0 5 4 12 3 10 14 8 
72,2.06539e-06,2.34136e-06,1.89891e-06,50,100,100,427102,6 1 13 9 7 11 2 0 5 4 12 3 10 14 8 
73,2.05206e-06,2.34136e-06,1.88202e-06,50,100,100,427102,6 1 13 9 7 11 2 0 5 4 12 3 10 14 8 
74,2.05862e-06,2.34136e-06,1.90329e-06,50,100,100,427102,6 1 13 9 7 11 2 0 5 4 12 3 10 14 8 
75,2.05808e-06,2.34136e-06,1.92149e-06,50,100,100,427102,6 1 13 9 7 11 2 0 5 4 12 3 10 14 8 
76,2.06563e-06,2.34136e-06,1.93215e-06,50,100,100,427102,6 1 13 9 7 11 2 0 5 4 12 3 10 14 8 
77,2.06812e-06,2.34136e-06,1.93706e-06,50,100,100,427102,6 1 13 9 7 11 2 0 5 4 12 3 10 14 8 
78,2.04658e-06,2.34136e-06,1.91551e-06,50,100,100,427102,6 1 13 9 7 11 2 0 5 4 12 3 10 14 8 
79,2.05368e-06,2.3497e-06,1.89917e-06,50,100,100,425586,6 1 13 8 7 11 2 0 5 4 12 3 10 14 9 
80,2.05182e-06,2.3497e-06,1.90801e-06,50,100,100,425586,6 1 13 8 7 11 2 0 5 4 12 3 10 14 9 
81,2.04409e-06,2.3497e-06,1.88463e-06,50,100,100,425586,6 1 13 8 7 11 2 0 5 4 12 3 10 14 9 
82,2.0494e-06,2.3497e-06,1.8992e-06,50,100,100,425586,6 1 13 8 7 11 2 0 5 4 12 3 10 14 9 
83,2.05509e-06,2.3497e-06,1.91629e-06,50,100,100,425586,6 1 13 8 7 11 2 0 5 4 12 3 10 14 9 
84,2.05811e-06,2.3497e-06,1.88598e-06,50,100,100,425586,6 1 13 8 7 11 2 0 5 4 12 3 10 14 9 
85,2.0453e-06,2.3497e-06,1.87523e-06,50,100,100,425586,6 1 13 8 7 11 2 0 5 4 12 3 10 14 9 
86,2.05884e-06,2.3497e-06,1.8849e-06,50,100,100,425586,6 1 13 8 7 11 2 0 5 4 12 3 10 14 9 
87,2.05886e-06,2.3497e-06,1.92313e-06,50,100,100,425586,6 1 13 8 7 11 2 0 5 4 12 3 10 14 9 
88,2.06358e-06,2.3497e-06,1.90741e-06,50,100,100,425586,6 1 13 8 7 11 2 0 5 4 12 3 10 14 9 
89,2.0642e-06,2.3497e-06,1.93927e-06,50,100,100,425586,6 1 13 8 7 11 2 0 5 4 12 3 10 14 9 
90,2.05184e-06,2.3497e-06,1.89308e-06,50,100,100,425586,6 1 13 8 7 11 2 0 5 4 12 3 10 14 9 
91,2.06154e-06,2.3497e-06,1.9025e-06,50,100,100,425586,6 1 13 8 7 11 2 0 5 4 12 3 10 14 9 
92,2.05729e-06,2.3497e-06,1.91059e-06,50,100,100,425586,6 1 13 8 7 11 2 0 5 4 12 3 10 14 9 
93,2.05208e-06,2.3497e-06,1.87874e-06,50,100,100,425586,6 1 13 8 7 11 2 0 5 4 12 3 10 14 9 
94,2.05363e-06,2.3497e-06,1.88195e-06,50,100,100,425586,6 1 13 8 7 11 2 0 5 4 12 3 10 14 9 
95,2.05047e-06,2.3497e-06,1.90966e-06,50,100,100,425586,6 1 13 8 7 11 2 0 5 4 12 3 10 14 9 
96,2.05729e-06,2.3497e-06,1.92027e-06,50,100,100,425586,6 1 13 8 7 11 2 0 5 4 12 3 10 14 9 
97,2.06653e-06,2.3497e-06,1.91569e-06,50,100,100,425586,6 1 13 8 7 11 2 0 5 4 12 3 10 14 9 
98,2.05434e-06,2.3497e-06,1.87279e-06,50,100,100,425586,6 1 13 8 7 11 2 0 5 4 12 3 10 14 9 
99,2.06603e-06,2.3497e-06,1.91189e-06,50,100,100,425586,6 1 13 8 7 11 2 0 5 4 12 3 10 14 9 
100,2.05665e-06,2.3497e-06,1.92213e-06,50,100,100,425586,6 1 13 8 7 11 2 0 5 4 12 3 10 14 9 
101,2.06323e-06,2.3497e-06,1.89051e-06,50,100,100,425586,6 1 13 8 7 11 2 0 5 4 12 3 10 14 9 
102,2.05051e-06,2.3497e-06,1.89881e-06,50,100,100,425586,6 1 13 8 7 11 2 0 5 4 12 3 10 14 9 
103,2.05815e-06,2.3497e-06,1.92626e-06,50,100,100,425586,6 1 13 8 7 11 2 0 5 4 12 3 10 14 9 
104,2.05048e-06,2.3497e-06,1.919e-06,50,100,100,425586,6 1 13 8 7 11 2 0 5 4 12 3 10 14 9 
105,2.05336e-06,2.3497e-06,1.91869e-06,50,100,100,425586,6 1 13 8 7 11 2 0 5 4 12 3 10 14 9 
106,2.0486e-06,2.3497e-06,1.8957e-06,50,100,100,425586,6 1 13 8 7 11 2 0 5 4 12 3 10 14 9 
107,2.0556e-06,2.35454e-06,1.90662e-06,50,100,100,424710,12 3 9 13 6 1 4 0 10 11 14 2 8 5 7 
108,2.04895e-06,2.35454e-06,1.89323e-06,50,100,100,424710,12 3 9 13 6 1 4 0 10 11 14 2 8 5 7 
109,2.05236e-06,2.35454e-06,1.91801e-06,50,100,100,424710,12 3 9 13 6 1 4 0 10 11 14 2 8 5 7 
110,2.04767e-06,2.35454e-06,1.91386e-06,50,100,100,424710,12 3 9 13 6 1 4 0 10 11 14 2 8 5 7 
111,2.05548e-06,2.35454e-06,1.88324e-06,50,100,100,424710,12 3 9 13 6 1 4 0 10 11 14 2 8 5 7 
112,2.06474e-06,2.35454e-06,1.91595e-06,50,100,100,424710,12 3 9 13 6 1 4 0 10 11 14 2 8 5 7 
113,2.05264e-06,2.35454e-06,1.87446e-06,50,100,100,424710,12 3 9 13 6 1 4 0 10 11 14 2 8 5 7 
114,2.05023e-06,2.35454e-06,1.90245e-06,50,100,100,424710,12 3 9 13 6 1 4 0 10 11 14 2 8 5 7 
115,2.05345e-06,2.35454e-06,1.90625e-06,50,100,100,424710,12 3 9 13 6 1 4 0 10 11 14 2 8 5 7 
116,2.05171e-06,2.35454e-06,1.89259e-06,50,100,100,424710,12 3 9 13 6 1 4 0 10 11 14 2 8 5 7 
117,2.04782e-06,2.35454e-06,1.8866e-06,50,100,100,424710,12 3 9 13 6 1 4 0 10 11 14 2 8 5 7 
118,2.05226e-06,2.35454e-06,1.90275e-06,50,100,100,424710,12 3 9 13 6 1 4 0 10 11 14 2 8 5 7 
119,2.06895e-06,2.35454e-06,1.90419e-06,50,100,100,424710,12 3 9 13 6 1 4 0 10 11 14 2 8 5 7 
120,2.06956e-06,2.35454e-06,1.92069e-06,50,100,100,424710,12 3 9 13 6 1 4 0 10 11 14 2 8 5 7 
121,2.06644e-06,2.35454e-06,1.8967e-06,50,100,100,424710,12 3 9 13 6 1 4 0 10 11 14 2 8 5 7 
122,2.06796e-06,2.35454e-06,1.89173e-06,50,100,100,424710,12 3 9 13 6 1 4 0 10 11 14 2 8 5 7 
123,2.06121e-06,2.35454e-06,1.92673e-06,50,100,100,424710,12 3 9 13 6 1 4 0 10 11 14 2 8 5 7 
124,2.05643e-06,2.35454e-06,1.927e-06,50,100,100,424710,12 3 9 13 6 1 4 0 10 11 14 2 8 5 7 
125,2.06515e-06,2.35454e-06,1.8986e-06,50,100,100,424710,12 3 9 13 6 1 4 0 10 11 14 2 8 5 7 
126,2.06495e-06,2.35454e-06,1.88365e-06,50,100,100,424710,12 3 9 13 6 1 4 0 10 11 14 2 8 5 7 
127,2.05369e-06,2.35454e-06,1.90755e-06,50,100,100,424710,12 3 9 13 6 1 4 0 10 11 14 2 8 5 7 
128,2.06802e-06,2.35454e-06,1.92849e-06,50,100,100,424710,12 3 9 13 6 1 4 0 10 11 14 2 8 5 7 
129,2.06142e-06,2.35454e-06,1.91171e-06,50,100,100,424710,12 3 9 13 6 1 4 0 10 11 14 2 8 5 7 
130,2.065e-06,2.35454e-06,1.9172e-06,50,100,100,424710,12 3 9 13 6 1 4 0 10 11 14 2 8 5 7 
131,2.0513e-06,2.35454e-06,1.87156e-06,50,100,100,424710,12 3 9 13 6 1 4 0 10 11 14 2 8 5 7 
132,2.05191e-06,2.35454e-06,1.90472e-06,50,100,100,424710,12 3 9 13 6 1 4 0 10 11 14 2 8 5 7 
133,2.04536e-06,2.35454e-06,1.8883e-06,50,100,100,424710,12 3 9 13 6 1 4 0 10 11 14 2 8 5 7 
134,2.04868e-06,2.35454e-06,1.87706e-06,50,100,100,424710,12 3 9 13 6 1 4 0 10 11 14 2 8 5 7 
135,2.04959e-06,2.35454e-06,1.89356e-06,50,100,100,424710,12 3 9 13 6 1 4 0 10 11 14 2 8 5 7 
136,2.04106e-06,2.35454e-06,1.83917e-06,50,100,100,424710,12 3 9 13 6 1 4 0 10 11 14 2 8 5 7 
137,2.04852e-06,2.35454e-06,1.91392e-06,50,100,100,424710,12 3 9 13 6 1 4 0 10 11 14 2 8 5 7 
138,2.05094e-06,2.35454e-06,1.92558e-06,50,100,100,424710,12 3 9 13 6 1 4 0 10 11 14 2 8 5 7 
139,2.05716e-06,2.35454e-06,1.88028e-06,50,100,100,424710,12 3 9 13 6 1 4 0 10 11 14 2 8 5 7 
140,2.05994e-06,2.35454e-06,1.89674e-06,50,100,100,424710,12 3 9 13 6 1 4 0 10 11 14 2 8 5 7 
141,2.05992e-06,2.35454e-06,1.91655e-06,50,100,100,424710,12 3 9 13 6 1 4 0 10 11 14 2 8 5 7 
142,2.05346e-06,2.35454e-06,1.8992e-06,50,100,100,424710,12 3 9 13 6 1 4 0 10 11 14 2 8 5 7 
143,2.04581e-06,2.35454e-06,1.90832e-06,50,100,100,424710,12 3 9 13 6 1 4 0 10 11 14 2 8 5 7 
144,2.06814e-06,2.35454e-06,1.86643e-06,50,100,100,424710,12 3 9 13 6 1 4 0 10 11 14 2 8 5 7 
145,2.06664e-06,2.35454e-06,1.90182e-06,50,100,100,424710,12 3 9 13 6 1 4 0 10 11 14 2 8 5 7 
146,2.05098e-06,2.35454e-06,1.90619e-06,50,100,100,424710,12 3 9 13 6 1 4 0 10 11 14 2 8 5 7 
147,2.05406e-06,2.35454e-06,1.9006e-06,50,100,100,424710,12 3 9 13 6 1 4 0 10 11 14 2 8 5 7 
148,2.06139e-06,2.35454e-06,1.91648e-06,50,100,100,424710,12 3 9 13 6 1 4 0 10 11 14 2 8 5 7 
149,2.05669e-06,2.35454e-06,1.89334e-06,50,100,100,424710,12 3 9 13 6 1 4 0 10 11 14 2 8 5 7 
150,2.04367e-06,2.35454e-06,1.88886e-06,50,100,100,424710,12 3 9 13 6 1 4 0 10 11 14 2 8 5 7 
151,2.06756e-06,2.35454e-06,1.87128e-06,50,100,100,424710,12 3 9 13 6 1 4 0 10 11 14 2 8 5 7 
152,2.06371e-06,2.35454e-06,1.9167e-06,50,100,100,424710,12 3 9 13 6 1 4 0 10 11 14 2 8 5 7 
153,2.05331e-06,2.35454e-06,1.89276e-06,50,100,100,424710,12 3 9 13 6 1 4 0 10 11 14 2 8 5 7 
154,2.05235e-06,2.35454e-06,1.90035e-06,50,100,100,424710,12 3 9 13 6 1 4 0 10 11 14 2 8 5 7 
155,2.04524e-06,2.35454e-06,1.92191e-06,50,100,100,424710,12 3 9 13 6 1 4 0 10 11 14 2 8 5 7 
156,2.05223e-06,2.35454e-06,1.91618e-06,50,100,100,424710,12 3 9 13 6 1 4 0 10 11 14 2 8 5 7 
157,2.04968e-06,2.35454e-06,1.88448e-06,50,100,100,424710,12 3 9 13 6 1 4 0 10 11 14 2 8 5 7 
158,2.05923e-06,2.35454e-06,1.89245e-06,50,100,100,424710,12 3 9 13 6 1 4 0 10 11 14 2 8 5 7 
159,2.05611e-06,2.35454e-06,1.90239e-06,50,100,100,424710,12 3 9 13 6 1 4 0 10 11 14 2 8 5 7 
160,2.06051e-06,2.35454e-06,1.9e-06,50,100,100,424710,12 3 9 13 6 1 4 0 10 11 14 2 8 5 7 
161,2.05645e-06,2.35454e-06,1.93706e-06,50,100,100,424710,12 3 9 13 6 1 4 0 10 11 14 2 8 5 7 
162,2.05281e-06,2.35454e-06,1.92008e-06,50,100,100,424710,12 3 9 13 6 1 4 0 10 11 14 2 8 5 7 
163,2.04592e-06,2.35454e-06,1.9102e-06,50,100,100,424710,12 3 9 13 6 1 4 0 10 11 14 2 8 5 7 
164,2.05773e-06,2.35454e-06,1.93537e-06,50,100,100,424710,12 3 9 13 6 1 4 0 10 11 14 2 8 5 7 
165,2.06254e-06,2.35454e-06,1.93188e-06,50,100,100,424710,12 3 9 13 6 1 4 0 10 11 14 2 8 5 7 
166,2.05279e-06,2.35454e-06,1.91927e-06,50,100,100,424710,12 3 9 13 6 1 4 0 10 11 14 2 8 5 7 
167,2.04274e-06,2.35454e-06,1.91837e-06,50,100,100,424710,12 3 9 13 6 1 4 0 10 11 14 2 8 5 7 
168,2.05467e-06,2.35454e-06,1.90306e-06,50,100,100,424710,12 3 9 13 6 1 4 0 10 11 14 2 8 5 7 
169,2.06111e-06,2.35454e-06,1.93361e-06,50,100,100,424710,12 3 9 13 6 1 4 0 10 11 14 2 8 5 7 
170,2.06141e-06,2.35454e-06,1.94189e-06,50,100,100,424710,12 3 9 13 6 1 4 0 10 11 14 2 8 5 7 
171,2.05706e-06,2.35454e-06,1.9134e-06,50,100,100,424710,12 3 9 13 6 1 4 0 10 11 14 2 8 5 7 
172,2.0551e-06,2.35454e-06,1.88727e-06,50,100,100,424710,12 3 9 13 6 1 4 0 10 11 14 2 8 5 7 
173,2.05115e-06,2.35454e-06,1.90494e-06,50,100,100,424710,12 3 9 13 6 1 4 0 10 11 14 2 8 5 7 
174,2.05656e-06,2.35454e-06,1.90127e-06,50,100,100,424710,12 3 9 13 6 1 4 0 10 11 14 2 8 5 7 
175,2.06264e-06,2.35454e-06,1.90341e-06,50,100,100,424710,12 3 9 13 6 1 4 0 10 11 14 2 8 5 7 
176,2.06086e-06,2.35454e-06,1.87226e-06,50,100,100,424710,12 3 9 13 6 1 4 0 10 11 14 2 8 5 7 
177,2.04346e-06,2.35454e-06,1.86756e-06,50,100,100,424710,12 3 9 13 6 1 4 0 10 11 14 2 8 5 7 
178,2.05863e-06,2.35454e-06,1.88156e-06,50,100,100,424710,12 3 9 13 6 1 4 0 10 11 14 2 8 5 7 
179,2.06876e-06,2.35454e-06,1.9301e-06,50,100,100,424710,12 3 9 13 6 1 4 0 10 11 14 2 8 5 7 
180,2.0631e-06,2.35454e-06,1.93713e-06,50,100,100,424710,12 3 9 13 6 1 4 0 10 11 14 2 8 5 7 
181,2.0568e-06,2.35454e-06,1.91528e-06,50,100,100,424710,12 3 9 13 6 1 4 0 10 11 14 2 8 5 7 
182,2.05767e-06,2.35454e-06,1.9383e-06,50,100,100,424710,12 3 9 13 6 1 4 0 10 11 14 2 8 5 7 
183,2.06052e-06,2.35454e-06,1.90589e-06,50,100,100,424710,12 3 9 13 6 1 4 0 10 11 14 2 8 5 7 
184,2.06485e-06,2.35454e-06,1.92449e-06,50,100,100,424710,12 3 9 13 6 1 4 0 10 11 14 2 8 5 7 
185,2.0602e-06,2.35454e-06,1.93295e-06,50,100,100,424710,12 3 9 13 6 1 4 0 10 11 14 2 8 5 7 
186,2.06725e-06,2.35454e-06,1.90065e-06,50,100,100,424710,12 3 9 13 6 1 4 0 10 11 14 2 8 5 7 
187,2.05898e-06,2.35454e-06,1.89425e-06,50,100,100,424710,12 3 9 13 6 1 4 0 10 11 14 2 8 5 7 
188,2.06595e-06,2.35454e-06,1.90125e-06,50,100,100,424710,12 3 9 13 6 1 4 0 10 11 14 2 8 5 7 
189,2.0607e-06,2.35454e-06,1.884e-06,50,100,100,424710,12 3 9 13 6 1 4 0 10 11 14 2 8 5 7 
190,2.05292e-06,2.35454e-06,1.89995e-06,50,100,100,424710,12 3 9 13 6 1 4 0 10 11 14 2 8 5 7 
191,2.05248e-06,2.35454e-06,1.90408e-06,50,100,100,424710,12 3 9 13 6 1 4 0 10 11 14 2 8 5 7 
192,2.0495e-06,2.35454e-06,1.89239e-06,50,100,100,424710,12 3 9 13 6 1 4 0 10 11 14 2 8 5 7 
193,2.04926e-06,2.35454e-06,1.91365e-06,50,100,100,424710,12 3 9 13 6 1 4 0 10 11 14 2 8 5 7 
194,2.05359e-06,2.35454e-06,1.91228e-06,50,100,100,424710,12 3 9 13 6 1 4 0 10 11 14 2 8 5 7 
195,2.06552e-06,2.35454e-06,1.89683e-06,50,100,100,424710,12 3 9 13 6 1 4 0 10 11 14 2 8 5 7 
196,2.0606e-06,2.35454e-06,1.89046e-06,50,100,100,424710,12 3 9 13 6 1 4 0 10 11 14 2 8 5 7 
197,2.05941e-06,2.35454e-06,1.89013e-06,50,100,100,424710,12 3 9 13 6 1 4 0 10 11 14 2 8 5 7 
198,2.05436e-06,2.35454e-06,1.89695e-06,50,100,100,424710,12 3 9 13 6 1 4 0 10 11 14 2 8 5 7 
199,2.04503e-06,2.35454e-06,1.90637e-06,50,100,100,424710,12 3 9 13 6 1 4 0 10 11 14 2 8 5 7 
200,2.05764e-06,2.35454e-06,1.90232e-06,50,100,100,424710,12 3 9 13 6 1 4 0 10 11 14 2 8 5 7 
201,2.07005e-06,2.35454e-06,1.89308e-06,50,100,100,424710,12 3 9 13 6 1 4 0 10 11 14 2 8 5 7 
202,2.06243e-06,2.35454e-06,1.91698e-06,50,100,100,424710,12 3 9 13 6 1 4 0 10 11 14 2 8 5 7 
203,2.04413e-06,2.35454e-06,1.90471e-06,50,100,100,424710,12 3 9 13 6 1 4 0 10 11 14 2 8 5 7 
204,2.05281e-06,2.35454e-06,1.924e-06,50,100,100,424710,12 3 9 13 6 1 4 0 10 11 14 2 8 5 7 
205,2.05281e-06,2.35454e-06,1.92159e-06,50,100,100,424710,12 3 9 13 6 1 4 0 10 11 14 2 8 5 7 
206,2.06234e-06,2.35454e-06,1.93392e-06,50,100,100,424710,12 3 9 13 6 1 4 0 10 11 14 2 8 5 7 
207,2.0686e-06,2.35454e-06,1.92536e-06,50,100,100,424710,12 3 9 13 6 1 4 0 10 11 14 2 8 5 7 
208,2.06139e-06,2.35454e-06,1.93371e-06,50,100,100,424710,12 3 9 13 6 1 4 0 10 11 14 2 8 5 7 
209,2.05839e-06,2.35454e-06,1.92033e-06,50,100,100,424710,12 3 9 13 6 1 4 0 10 11 14 2 8 5 7 
210,2.0561e-06,2.35454e-06,1.897e-06,50,100,100,424710,12 3 9 13 6 1 4 0 10 11 14 2 8 5 7 
211,2.06054e-06,2.35454e-06,1.93021e-06,50,100,100,424710,12 3 9 13 6 1 4 0 10 11 14 2 8 5 7 
212,2.06521e-06,2.35454e-06,1.91863e-06,50,100,100,424710,12 3 9 13 6 1 4 0 10 11 14 2 8 5 7 
213,2.04771e-06,2.35454e-06,1.84578e-06,50,100,100,424710,12 3 9 13 6 1 4 0 10 11 14 2 8 5 7 
214,2.05386e-06,2.35454e-06,1.91441e-06,50,100,100,424710,12 3 9 13 6 1 4 0 10 11 14 2 8 5 7 
215,2.05181e-06,2.35454e-06,1.88601e-06,50,100,100,424710,12 3 9 13 6 1 4 0 10 11 14 2 8 5 7 
216,2.0655e-06,2.35454e-06,1.91996e-06,50,100,100,424710,12 3 9 13 6 1 4 0 10 11 14 2 8 5 7 
217,2.06627e-06,2.35454e-06,1.91806e-06,50,100,100,424710,12 3 9 13 6 1 4 0 10 11 14 2 8 5 7 
218,2.07171e-06,2.35454e-06,1.93363e-06,50,100,100,424710,12 3 9 13 6 1 4 0 10 11 14 2 8 5 7 
219,2.06159e-06,2.35454e-06,1.89014e-06,50,100,100,424710,12 3 9 13 6 1 4 0 10 11 14 2 8 5 7 
220,2.0776e-06,2.35454e-06,1.93015e-06,50,100,100,424710,12 3 9 13 6 1 4 0 10 11 14 2 8 5 7 
221,2.06889e-06,2.35454e-06,1.93093e-06,50,100,100,424710,12 3 9 13 6 1 4 0 10 11 14 2 8 5 7 
222,2.05542e-06,2.35454e-06,1.88966e-06,50,100,100,424710,12 3 9 13 6 1 4 0 10 11 14 2 8 5 7 
223,2.0535e-06,2.35454e-06,1.87215e-06,50,100,100,424710,12 3 9 13 6 1 4 0 10 11 14 2 8 5 7 
224,2.05951e-06,2.35454e-06,1.90153e-06,50,100,100,424710,12 3 9 13 6 1 4 0 10 11 14 2 8 5 7 
225,2.06455e-06,2.35454e-06,1.93289e-06,50,100,100,424710,12 3 9 13 6 1 4 0 10 11 14 2 8 5 7 
226,2.06353e-06,2.35454e-06,1.8553e-06,50,100,100,424710,12 3 9 13 6 1 4 0 10 11 14 2 8 5 7 
227,2.05792e-06,2.35454e-06,1.88122e-06,50,100,100,424710,12 3 9 13 6 1 4 0 10 11 14 2 8 5 7 
228,2.05804e-06,2.35454e-06,1.89576e-06,50,100,100,424710,12 3 9 13 6 1 4 0 10 11 14 2 8 5 7 
229,2.05624e-06,2.35454e-06,1.88272e-06,50,100,100,424710,12 3 9 13 6 1 4 0 10 11 14 2 8 5 7 
230,2.05382e-06,2.35454e-06,1.89041e-06,50,100,100,424710,12 3 9 13 6 1 4 0 10 11 14 2 8 5 7 
231,2.05037e-06,2.35454e-06,1.90212e-06,50,100,100,424710,12 3 9 13 6 1 4 0 10 11 14 2 8 5 7 
232,2.05566e-06,2.35454e-06,1.87299e-06,50,100,100,424710,12 3 9 13 6 1 4 0 10 11 14 2 8 5 7 
233,2.04887e-06,2.35454e-06,1.92675e-06,50,100,100,424710,12 3 9 13 6 1 4 0 10 11 14 2 8 5 7 
234,2.05555e-06,2.35454e-06,1.90327e-06,50,100,100,424710,12 3 9 13 6 1 4 0 10 11 14 2 8 5 7 
235,2.06554e-06,2.35454e-06,1.90643e-06,50,100,100,424710,12 3 9 13 6 1 4 0 10 11 14 2 8 5 7 
236,2.05985e-06,2.35454e-06,1.8998e-06,50,100,100,424710,12 3 9 13 6 1 4 0 10 11 14 2 8 5 7 
237,2.06673e-06,2.35454e-06,1.92447e-06,50,100,100,424710,12 3 9 13 6 1 4 0 10 11 14 2 8 5 7 
238,2.0576e-06,2.35454e-06,1.90995e-06,50,100,100,424710,12 3 9 13 6 1 4 0 10 11 14 2 8 5 7 
239,2.05032e-06,2.35454e-06,1.86072e-06,50,100,100,424710,12 3 9 13 6 1 4 0 10 11 14 2 8 5 7 
240,2.05381e-06,2.35454e-06,1.91334e-06,50,100,100,424710,12 3 9 13 6 1 4 0 10 11 14 2 8 5 7 
241,2.05833e-06,2.35454e-06,1.91589e-06,50,100,100,424710,12 3 9 13 6 1 4 0 10 11 14 2 8 5 7 
242,2.05339e-06,2.35454e-06,1.90545e-06,50,100,100,424710,12 3 9 13 6 1 4 0 10 11 14 2 8 5 7 
243,2.04572e-06,2.35454e-06,1.90705e-06,50,100,100,424710,12 3 9 13 6 1 4 0 10 11 14 2 8 5 7 
244,2.06156e-06,2.35454e-06,1.90223e-06,50,100,100,424710,12 3 9 13 6 1 4 0 10 11 14 2 8 5 7 
245,2.05375e-06,2.35454e-06,1.88941e-06,50,100,100,424710,12 3 9 13 6 1 4 0 10 11 14 2 8 5 7 
246,2.06725e-06,2.35454e-06,1.90431e-06,50,100,100,424710,12 3 9 13 6 1 4 0 10 11 14 2 8 5 7 
247,2.06075e-06,2.35454e-06,1.91402e-06,50,100,100,424710,12 3 9 13 6 1 4 0 10 11 14 2 8 5 7 
248,2.06732e-06,2.35454e-06,1.9181e-06,50,100,100,424710,12 3 9 13 6 1 4 0 10 11 14 2 8 5 7 
249,2.05978e-06,2.35454e-06,1.91256e-06,50,100,100,424710,12 3 9 13 6 1 4 0 10 11 14 2 8 5 7 
250,2.07237e-06,2.35454e-06,1.90406e-06,50,100,100,424710,12 3 9 13 6 1 4 0 10 11 14 2 8 5 7 
251,2.07333e-06,2.35454e-06,1.94052e-06,50,100,100,424710,12 3 9 13 6 1 4 0 10 11 14 2 8 5 7 
252,2.06573e-06,2.35454e-06,1.91367e-06,50,100,100,424710,12 3 9 13 6 1 4 0 10 11 14 2 8 5 7 
253,2.04755e-06,2.35454e-06,1.8862e-06,50,100,100,424710,12 3 9 13 6 1 4 0 10 11 14 2 8 5 7 
254,2.04137e-06,2.35454e-06,1.90705e-06,50,100,100,424710,12 3 9 13 6 1 4 0 10 11 14 2 8 5 7 
255,2.06073e-06,2.35454e-06,1.90886e-06,50,100,100,424710,12 3 9 13 6 1 4 0 10 11 14 2 8 5 7 
256,2.06262e-06,2.35454e-06,1.87919e-06,50,100,100,424710,12 3 9 13 6 1 4 0 10 11 14 2 8 5 7 
257,2.06083e-06,2.35454e-06,1.90506e-06,50,100,100,424710,12 3 9 13 6 1 4 0 10 11 14 2 8 5 7 
258,2.06422e-06,2.35454e-06,1.93321e-06,50,100,100,424710,12 3 9 13 6 1 4 0 10 11 14 2 8 5 7 
259,2.0591e-06,2.35454e-06,1.88883e-06,50,100,100,424710,12 3 9 13 6 1 4 0 10 11 14 2 8 5 7 
260,2.04894e-06,2.35454e-06,1.91435e-06,50,100,100,424710,12 3 9 13 6 1 4 0 10 11 14 2 8 5 7 
261,2.05662e-06,2.35454e-06,1.87635e-06,50,100,100,424710,12 3 9 13 6 1 4 0 10 11 14 2 8 5 7 
262,2.05628e-06,2.35454e-06,1.86969e-06,50,100,100,424710,12 3 9 13 6 1 4 0 10 11 14 2 8 5 7 
263,2.05573e-06,2.35454e-06,1.8947e-06,50,100,100,424710,12 3 9 13 6 1 4 0 10 11 14 2 8 5 7 
264,2.05486e-06,2.35454e-06,1.91762e-06,50,100,100,424710,12 3 9 13 6 1 4 0 10 11 14 2 8 5 7 
265,2.04482e-06,2.35454e-06,1.87596e-06,50,100,100,424710,12 3 9 13 6 1 4 0 10 11 14 2 8 5 7 
266,2.05745e-06,2.35454e-06,1.91203e-06,50,100,100,424710,12 3 9 13 6 1 4 0 10 11 14 2 8 5 7 
267,2.06143e-06,2.35454e-06,1.89494e-06,50,100,100,424710,12 3 9 13 6 1 4 0 10 11 14 2 8 5 7 
268,2.07267e-06,2.35454e-06,1.92477e-06,50,100,100,424710,12 3 9 13 6 1 4 0 10 11 14 2 8 5 7 
269,2.05826e-06,2.35454e-06,1.90488e-06,50,100,100,424710,12 3 9 13 6 1 4 0 10 11 14 2 8 5 7 
270,2.06001e-06,2.35454e-06,1.91189e-06,50,100,100,424710,12 3 9 13 6 1 4 0 10 11 14 2 8 5 7 
271,2.04827e-06,2.35454e-06,1.90962e-06,50,100,100,424710,12 3 9 13 6 1 4 0 10 11 14 2 8 5 7 
272,2.05568e-06,2.35454e-06,1.90585e-06,50,100,100,424710,12 3 9 13 6 1 4 0 10 11 14 2 8 5 7 
273,2.05775e-06,2.35454e-06,1.92662e-06,50,100,100,424710,12 3 9 13 6 1 4 0 10 11 14 2 8 5 7 
274,2.0507e-06,2.35454e-06,1.88689e-06,50,100,100,424710,12 3 9 13 6 1 4 0 10 11 14 2 8 5 7 
275,2.05527e-06,2.35454e-06,1.9231e-06,50,100,100,424710,12 3 9 13 6 1 4 0 10 11 14 2 8 5 7 
276,2.05732e-06,2.35454e-06,1.92096e-06,50,100,100,424710,12 3 9 13 6 1 4 0 10 11 14 2 8 5 7 
277,2.04406e-06,2.35454e-06,1.88483e-06,50,100,100,424710,12 3 9 13 6 1 4 0 10 11 14 2 8 5 7 
278,2.05426e-06,2.35454e-06,1.90778e-06,50,100,100,424710,12 3 9 13 6 1 4 0 10 11 14 2 8 5 7 
279,2.06646e-06,2.35454e-06,1.93213e-06,50,100,100,424710,12 3 9 13 6 1 4 0 10 11 14 2 8 5 7 
280,2.05099e-06,2.35454e-06,1.91043e-06,50,100,100,424710,12 3 9 13 6 1 4 0 10 11 14 2 8 5 7 
281,2.05245e-06,2.35454e-06,1.92124e-06,50,100,100,424710,12 3 9 13 6 1 4 0 10 11 14 2 8 5 7 
282,2.04957e-06,2.35454e-06,1.91536e-06,50,100,100,424710,12 3 9 13 6 1 4 0 10 11 14 2 8 5 7 
283,2.06002e-06,2.35454e-06,1.90344e-06,50,100,100,424710,12 3 9 13 6 1 4 0 10 11 14 2 8 5 7 
284,2.05382e-06,2.35454e-06,1.89616e-06,50,100,100,424710,12 3 9 13 6 1 4 0 10 11 14 2 8 5 7 
285,2.0766e-06,2.35454e-06,1.9373e-06,50,100,100,424710,12 3 9 13 6 1 4 0 10 11 14 2 8 5 7 
286,2.06458e-06,2.35454e-06,1.90379e-06,50,100,100,424710,12 3 9 13 6 1 4 0 10 11 14 2 8 5 7 
287,2.05578e-06,2.35454e-06,1.9051e-06,50,100,100,424710,12 3 9 13 6 1 4 0 10 11 14 2 8 5 7 
288,2.06147e-06,2.35454e-06,1.9136e-06,50,100,100,424710,12 3 9 13 6 1 4 0 10 11 14 2 8 5 7 
289,2.06182e-06,2.35454e-06,1.89824e-06,50,100,100,424710,12 3 9 13 6 1 4 0 10 11 14 2 8 5 7 
290,2.05611e-06,2.35454e-06,1.89485e-06,50,100,100,424710,12 3 9 13 6 1 4 0 10 11 14 2 8 5 7 
291,2.04008e-06,2.35454e-06,1.8711e-06,50,100,100,424710,12 3 9 13 6 1 4 0 10 11 14 2 8 5 7 
292,2.06329e-06,2.35454e-06,1.91713e-06,50,100,100,424710,12 3 9 13 6 1 4 0 10 11 14 2 8 5 7 
293,2.05877e-06,2.35454e-06,1.90796e-06,50,100,100,424710,12 3 9 13 6 1 4 0 10 11 14 2 8 5 7 
294,2.04633e-06,2.35454e-06,1.91043e-06,50,100,100,424710,12 3 9 13 6 1 4 0 10 11 14 2 8 5 7 
295,2.04923e-06,2.35454e-06,1.91454e-06,50,100,100,424710,12 3 9 13 6 1 4 0 10 11 14 2 8 5 7 
296,2.04091e-06,2.35454e-06,1.91591e-06,50,100,100,424710,12 3 9 13 6 1 4 0 10 11 14 2 8 5 7 
297,2.05018e-06,2.35454e-06,1.9073e-06,50,100,100,424710,12 3 9 13 6 1 4 0 10 11 14 2 8 5 7 
298,2.05856e-06,2.35454e-06,1.92716e-06,50,100,100,424710,12 3 9 13 6 1 4 0 10 11 14 2 8 5 7 
299,2.06387e-06,2.35454e-06,1.90143e-06,50,100,100,424710,12 3 9 13 6 1 4 0 10 11 14 2 8 5 7 
300,2.06041e-06,2.35454e-06,1.91162e-06,50,100,100,424710,12 3 9 13 6 1 4 0 10 11 14 2 8 5 7 
301,2.05621e-06,2.35454e-06,1.91423e-06,50,100,100,424710,12 3 9 13 6 1 4 0 10 11 14 2 8 5 7 
302,2.03865e-06,2.35454e-06,1.84981e-06,50,100,100,424710,12 3 9 13 6 1 4 0 10 11 14 2 8 5 7 
303,2.04769e-06,2.35454e-06,1.90754e-06,50,100,100,424710,12 3 9 13 6 1 4 0 10 11 14 2 8 5 7 
304,2.06443e-06,2.35454e-06,1.95173e-06,50,100,100,424710,12 3 9 13 6 1 4 0 10 11 14 2 8 5 7 
305,2.05886e-06,2.35454e-06,1.85928e-06,50,100,100,424710,12 3 9 13 6 1 4 0 10 11 14 2 8 5 7 
306,2.04993e-06,2.35454e-06,1.91184e-06,50,100,100,424710,12 3 9 13 6 1 4 0 10 11 14 2 8 5 7 
307,2.05225e-06,2.35454e-06,1.92881e-06,50,100,100,424710,12 3 9 13 6 1 4 0 10 11 14 2 8 5 7 
308,2.05872e-06,2.35454e-06,1.89937e-06,50,100,100,424710,12 3 9 13 6 1 4 0 10 11 14 2 8 5 7 
309,2.05347e-06,2.35454e-06,1.91597e-06,50,100,100,424710,12 3 9 13 6 1 4 0 10 11 14 2 8 5 7 
310,2.05329e-06,2.35454e-06,1.93901e-06,50,100,100,424710,12 3 9 13 6 1 4 0 10 11 14 2 8 5 7 
311,2.03591e-06,2.35454e-06,1.88051e-06,50,100,100,424710,12 3 9 13 6 1 4 0 10 11 14 2 8 5 7 
312,2.06055e-06,2.35454e-06,1.91587e-06,50,100,100,424710,12 3 9 13 6 1 4 0 10 11 14 2 8 5 7 
313,2.04326e-06,2.35454e-06,1.91092e-06,50,100,100,424710,12 3 9 13 6 1 4 0 10 11 14 2 8 5 7 
314,2.04067e-06,2.35454e-06,1.88518e-06,50,100,100,424710,12 3 9 13 6 1 4 0 10 11 14 2 8 5 7 
315,2.07436e-06,2.35454e-06,1.92978e-06,50,100,100,424710,12 3 9 13 6 1 4 0 10 11 14 2 8 5 7 
316,2.06101e-06,2.35454e-06,1.90246e-06,50,100,100,424710,12 3 9 13 6 1 4 0 10 11 14 2 8 5 7 
317,2.05817e-06,2.35454e-06,1.86624e-06,50,100,100,424710,12 3 9 13 6 1 4 0 10 11 14 2 8 5 7 
318,2.06582e-06,2.35454e-06,1.9287e-06,50,100,100,424710,12 3 9 13 6 1 4 0 10 11 14 2 8 5 7 
319,2.04668e-06,2.35454e-06,1.89327e-06,50,100,100,424710,12 3 9 13 6 1 4 0 10 11 14 2 8 5 7 
320,2.036e-06,2.35454e-06,1.87498e-06,50,100,100,424710,12 3 9 13 6 1 4 0 10 11 14 2 8 5 7 
321,2.05509e-06,2.35454e-06,1.89473e-06,50,100,100,424710,12 3 9 13 6 1 4 0 10 11 14 2 8 5 7 
322,2.05435e-06,2.35454e-06,1.89935e-06,50,100,100,424710,12 3 9 13 6 1 4 0 10 11 14 2 8 5 7 
323,2.06404e-06,2.35454e-06,1.89101e-06,50,100,100,424710,12 3 9 13 6 1 4 0 10 11 14 2 8 5 7 
324,2.06581e-06,2.35454e-06,1.89166e-06,50,100,100,424710,12 3 9 13 6 1 4 0 10 11 14 2 8 5 7 
325,2.06424e-06,2.35454e-06,1.83573e-06,50,100,100,424710,12 3 9 13 6 1 4 0 10 11 14 2 8 5 7 
326,2.0592e-06,2.35454e-06,1.94401e-06,50,100,100,424710,12 3 9 13 6 1 4 0 10 11 14 2 8 5 7 
327,2.04433e-06,2.35454e-06,1.86379e-06,50,100,100,424710,12 3 9 13 6 1 4 0 10 11 14 2 8 5 7 
328,2.04812e-06,2.35454e-06,1.93491e-06,50,100,100,424710,12 3 9 13 6 1 4 0 10 11 14 2 8 5 7 
329,2.05874e-06,2.35454e-06,1.93621e-06,50,100,100,424710,12 3 9 13 6 1 4 0 10 11 14 2 8 5 7 
330,2.05946e-06,2.35454e-06,1.89649e-06,50,100,100,424710,12 3 9 13 6 1 4 0 10 11 14 2 8 5 7 
331,2.06274e-06,2.35454e-06,1.92245e-06,50,100,100,424710,12 3 9 13 6 1 4 0 10 11 14 2 8 5 7 
332,2.06123e-06,2.35454e-06,1.94438e-06,50,100,100,424710,12 3 9 13 6 1 4 0 10 11 14 2 8 5 7 
333,2.04522e-06,2.35454e-06,1.8811e-06,50,100,100,424710,12 3 9 13 6 1 4 0 10 11 14 2 8 5 7 
334,2.04903e-06,2.35454e-06,1.93351e-06,50,100,100,424710,12 3 9 13 6 1 4 0 10 11 14 2 8 5 7 
335,2.05175e-06,2.35454e-06,1.89013e-06,50,100,100,424710,12 3 9 13 6 1 4 0 10 11 14 2 8 5 7 
336,2.04323e-06,2.35454e-06,1.92625e-06,50,100,100,424710,12 3 9 13 6 1 4 0 10 11 14 2 8 5 7 
337,2.05496e-06,2.37546e-06,1.90769e-06,50,100,100,420970,1 2 13 5 4 11 10 3 6 9 14 8 0 7 12 
338,2.05421e-06,2.37546e-06,1.87535e-06,50,100,100,420970,1 2 13 5 4 11 10 3 6 9 14 8 0 7 12 
339,2.06281e-06,2.37546e-06,1.91383e-06,50,100,100,420970,1 2 13 5 4 11 10 3 6 9 14 8 0 7 12 
340,2.06114e-06,2.37546e-06,1.92644e-06,50,100,100,420970,1 2 13 5 4 11 10 3 6 9 14 8 0 7 12 
341,2.05902e-06,2.37546e-06,1.91345e-06,50,100,100,420970,1 2 13 5 4 11 10 3 6 9 14 8 0 7 12 
342,2.05512e-06,2.39066e-06,1.91778e-06,50,100,100,418294,1 2 13 5 11 10 3 4 6 9 14 8 0 7 12 
343,2.05502e-06,2.39066e-06,1.91366e-06,50,100,100,418294,1 2 13 5 11 10 3 4 6 9 14 8 0 7 12 
344,2.06869e-06,2.39066e-06,1.93274e-06,50,100,100,418294,1 2 13 5 11 10 3 4 6 9 14 8 0 7 12 
345,2.06602e-06,2.39066e-06,1.91295e-06,50,100,100,418294,1 2 13 5 11 10 3 4 6 9 14 8 0 7 12 
346,2.06939e-06,2.39066e-06,1.89223e-06,50,100,100,418294,1 2 13 5 11 10 3 4 6 9 14 8 0 7 12 
347,2.06355e-06,2.39066e-06,1.93576e-06,50,100,100,418294,1 2 13 5 11 10 3 4 6 9 14 8 0 7 12 
348,2.07045e-06,2.39066e-06,1.91904e-06,50,100,100,418294,1 2 13 5 11 10 3 4 6 9 14 8 0 7 12 
349,2.05216e-06,2.39066e-06,1.887e-06,50,100,100,418294,1 2 13 5 11 10 3 4 6 9 14 8 0 7 12 
350,2.06797e-06,2.39066e-06,1.91294e-06,50,100,100,418294,1 2 13 5 11 10 3 4 6 9 14 8 0 7 12 
351,2.07024e-06,2.39066e-06,1.93649e-06,50,100,100,418294,1 2 13 5 11 10 3 4 6 9 14 8 0 7 12 
352,2.07383e-06,2.39066e-06,1.93339e-06,50,100,100,418294,1 2 13 5 11 10 3 4 6 9 14 8 0 7 12 
353,2.05886e-06,2.39066e-06,1.90044e-06,50,100,100,418294,1 2 13 5 11 10 3 4 6 9 14 8 0 7 12 
354,2.0588e-06,2.39066e-06,1.87494e-06,50,100,100,418294,1 2 13 5 11 10 3 4 6 9 14 8 0 7 12 
355,2.07188e-06,2.39066e-06,1.94294e-06,50,100,100,418294,1 2 13 5 11 10 3 4 6 9 14 8 0 7 12 
356,2.06348e-06,2.39511e-06,1.91521e-06,50,100,100,417516,1 2 13 5 10 11 3 4 6 9 8 14 0 7 12 
357,2.06153e-06,2.39511e-06,1.91906e-06,50,100,100,417516,1 2 13 5 10 11 3 4 6 9 8 14 0 7 12 
358,2.05831e-06,2.39511e-06,1.91353e-06,50,100,100,417516,1 2 13 5 10 11 3 4 6 9 8 14 0 7 12 
359,2.06874e-06,2.39511e-06,1.89627e-06,50,100,100,417516,1 2 13 5 10 11 3 4 6 9 8 14 0 7 12 
360,2.0706e-06,2.39511e-06,1.92264e-06,50,100,100,417516,1 2 13 5 10 11 3 4 6 9 8 14 0 7 12 
361,2.07602e-06,2.39511e-06,1.9196e-06,50,100,100,417516,1 2 13 5 10 11 3 4 6 9 8 14 0 7 12 
362,2.07203e-06,2.39511e-06,1.91362e-06,50,100,100,417516,1 2 13 5 10 11 3 4 6 9 8 14 0 7 12 
363,2.06927e-06,2.39511e-06,1.92233e-06,50,100,100,417516,1 2 13 5 10 11 3 4 6 9 8 14 0 7 12 
364,2.06394e-06,2.39511e-06,1.91955e-06,50,100,100,417516,1 2 13 5 10 11 3 4 6 9 8 14 0 7 12 
365,2.05517e-06,2.39511e-06,1.91375e-06,50,100,100,417516,1 2 13 5 10 11 3 4 6 9 8 14 0 7 12 
366,2.05463e-06,2.39511e-06,1.89738e-06,50,100,100,417516,1 2 13 5 10 11 3 4 6 9 8 14 0 7 12 
367,2.05967e-06,2.39511e-06,1.89763e-06,50,100,100,417516,1 2 13 5 10 11 3 4 6 9 8 14 0 7 12 
368,2.06091e-06,2.39511e-06,1.92658e-06,50,100,100,417516,1 2 13 5 10 11 3 4 6 9 8 14 0 7 12 
369,2.0561e-06,2.39511e-06,1.89912e-06,50,100,100,417516,1 2 13 5 10 11 3 4 6 9 8 14 0 7 12 
370,2.04151e-06,2.39511e-06,1.88923e-06,50,100,100,417516,1 2 13 5 10 11 3 4 6 9 8 14 0 7 12 
371,2.06185e-06,2.39511e-06,1.91119e-06,50,100,100,417516,1 2 13 5 10 11 3 4 6 9 8 14 0 7 12 
372,2.05922e-06,2.39511e-06,1.87169e-06,50,100,100,417516,1 2 13 5 10 11 3 4 6 9 8 14 0 7 12 
373,2.0656e-06,2.39511e-06,1.9214e-06,50,100,100,417516,1 2 13 5 10 11 3 4 6 9 8 14 0 7 12 
374,2.05912e-06,2.39511e-06,1.91639e-06,50,100,100,417516,1 2 13 5 10 11 3 4 6 9 8 14 0 7 12 
375,2.06954e-06,2.39511e-06,1.94631e-06,50,100,100,417516,1 2 13 5 10 11 3 4 6 9 8 14 0 7 12 
376,2.05915e-06,2.39511e-06,1.93341e-06,50,100,100,417516,1 2 13 5 10 11 3 4 6 9 8 14 0 7 12 
377,2.06238e-06,2.39511e-06,1.89677e-06,50,100,100,417516,1 2 13 5 10 11 3 4 6 9 8 14 0 7 12 
378,2.07379e-06,2.39511e-06,1.93954e-06,50,100,100,417516,1 2 13 5 10 11 3 4 6 9 8 14 0 7 12 
379,2.06729e-06,2.39511e-06,1.90056e-06,50,100,100,417516,1 2 13 5 10 11 3 4 6 9 8 14 0 7 12 
380,2.05729e-06,2.39511e-06,1.93327e-06,50,100,100,417516,1 2 13 5 10 11 3 4 6 9 8 14 0 7 12 
381,2.0505e-06,2.39511e-06,1.91071e-06,50,100,100,417516,1 2 13 5 10 11 3 4 6 9 8 14 0 7 12 
382,2.06127e-06,2.39511e-06,1.93532e-06,50,100,100,417516,1 2 13 5 10 11 3 4 6 9 8 14 0 7 12 
383,2.07053e-06,2.39511e-06,1.91748e-06,50,100,100,417516,1 2 13 5 10 11 3 4 6 9 8 14 0 7 12 
384,2.05347e-06,2.39511e-06,1.93201e-06,50,100,100,417516,1 2 13 5 10 11 3 4 6 9 8 14 0 7 12 
385,2.06013e-06,2.39511e-06,1.91981e-06,50,100,100,417516,1 2 13 5 10 11 3 4 6 9 8 14 0 7 12 
386,2.05836e-06,2.39511e-06,1.88086e-06,50,100,100,417516,1 2 13 5 10 11 3 4 6 9 8 14 0 7 12 
387,2.06886e-06,2.39511e-06,1.89249e-06,50,100,100,417516,1 2 13 5 10 11 3 4 6 9 8 14 0 7 12 
388,2.05896e-06,2.39511e-06,1.92275e-06,50,100,100,417516,1 2 13 5 10 11 3 4 6 9 8 14 0 7 12 
389,2.05716e-06,2.39511e-06,1.89886e-06,50,100,100,417516,1 2 13 5 10 11 3 4 6 9 8 14 0 7 12 
390,2.05195e-06,2.39511e-06,1.90873e-06,50,100,100,417516,1 2 13 5 10 11 3 4 6 9 8 14 0 7 12 
391,2.06252e-06,2.39511e-06,1.88221e-06,50,100,100,417516,1 2 13 5 10 11 3 4 6 9 8 14 0 7 12 
392,2.06576e-06,2.39511e-06,1.90187e-06,50,100,100,417516,1 2 13 5 10 11 3 4 6 9 8 14 0 7 12 
393,2.06333e-06,2.39511e-06,1.92489e-06,50,100,100,417516,1 2 13 5 10 11 3 4 6 9 8 14 0 7 12 
394,2.06477e-06,2.39511e-06,1.93161e-06,50,100,100,417516,1 2 13 5 10 11 3 4 6 9 8 14 0 7 12 
395,2.06499e-06,2.39511e-06,1.90692e-06,50,100,100,417516,1 2 13 5 10 11 3 4 6 9 8 14 0 7 12 
396,2.07004e-06,2.39511e-06,1.89514e-06,50,100,100,417516,1 2 13 5 10 11 3 4 6 9 8 14 0 7 12 
397,2.0774e-06,2.39511e-06,1.92386e-06,50,100,100,417516,1 2 13 5 10 11 3 4 6 9 8 14 0 7 12 
398,2.05476e-06,2.39511e-06,1.91702e-06,50,100,100,417516,1 2 13 5 10 11 3 4 6 9 8 14 0 7 12 
399,2.05307e-06,2.39511e-06,1.92678e-06,50,100,100,417516,1 2 13 5 10 11 3 4 6 9 8 14 0 7 12 
400,2.0562e-06,2.39511e-06,1.90788e-06,50,100,100,417516,1 2 13 5 10 11 3 4 6 9 8 14 0 7 12 
401,2.05491e-06,2.39511e-06,1.9006e-06,50,100,100,417516,1 2 13 5 10 11 3 4 6 9 8 14 0 7 12 
402,2.05327e-06,2.39511e-06,1.92614e-06,50,100,100,417516,1 2 13 5 10 11 3 4 6 9 8 14 0 7 12 
403,2.04476e-06,2.39511e-06,1.91568e-06,50,100,100,417516,1 2 13 5 10 11 3 4 6 9 8 14 0 7 12 
404,2.05558e-06,2.39511e-06,1.91572e-06,50,100,100,417516,1 2 13 5 10 11 3 4 6 9 8 14 0 7 12 
405,2.05634e-06,2.39511e-06,1.90567e-06,50,100,100,417516,1 2 13 5 10 11 3 4 6 9 8 14 0 7 12 
406,2.07103e-06,2.39511e-06,1.89313e-06,50,100,100,417516,1 2 13 5 10 11 3 4 6 9 8 14 0 7 12 
407,2.08603e-06,2.39511e-06,1.94337e-06,50,100,100,417516,1 2 13 5 10 11 3 4 6 9 8 14 0 7 12 
408,2.07315e-06,2.39511e-06,1.92114e-06,50,100,100,417516,1 2 13 5 10 11 3 4 6 9 8 14 0 7 12 
409,2.06548e-06,2.39511e-06,1.89135e-06,50,100,100,417516,1 2 13 5 10 11 3 4 6 9 8 14 0 7 12 
410,2.07144e-06,2.39511e-06,1.90116e-06,50,100,100,417516,1 2 13 5 10 11 3 4 6 9 8 14 0 7 12 
411,2.07069e-06,2.39511e-06,1.91723e-06,50,100,100,417516,1 2 13 5 10 11 3 4 6 9 8 14 0 7 12 
412,2.06772e-06,2.39511e-06,1.92755e-06,50,100,100,417516,1 2 13 5 10 11 3 4 6 9 8 14 0 7 12 
413,2.05287e-06,2.39511e-06,1.90456e-06,50,100,100,417516,1 2 13 5 10 11 3 4 6 9 8 14 0 7 12 
414,2.06509e-06,2.39511e-06,1.88685e-06,50,100,100,417516,1 2 13 5 10 11 3 4 6 9 8 14 0 7 12 
415,2.06391e-06,2.39511e-06,1.95566e-06,50,100,100,417516,1 2 13 5 10 11 3 4 6 9 8 14 0 7 12 
416,2.07292e-06,2.39511e-06,1.92345e-06,50,100,100,417516,1 2 13 5 10 11 3 4 6 9 8 14 0 7 12 
417,2.06553e-06,2.39511e-06,1.92981e-06,50,100,100,417516,1 2 13 5 10 11 3 4 6 9 8 14 0 7 12 
418,2.06037e-06,2.39511e-06,1.93522e-06,50,100,100,417516,1 2 13 5 10 11 3 4 6 9 8 14 0 7 12 
419,2.05643e-06,2.39511e-06,1.90448e-06,50,100,100,417516,1 2 13 5 10 11 3 4 6 9 8 14 0 7 12 
420,2.05526e-06,2.39511e-06,1.92114e-06,50,100,100,417516,1 2 13 5 10 11 3 4 6 9 8 14 0 7 12 
421,2.0549e-06,2.39511e-06,1.92699e-06,50,100,100,417516,1 2 13 5 10 11 3 4 6 9 8 14 0 7 12 
422,2.05089e-06,2.39511e-06,1.92754e-06,50,100,100,417516,1 2 13 5 10 11 3 4 6 9 8 14 0 7 12 
423,2.06356e-06,2.39511e-06,1.93608e-06,50,100,100,417516,1 2 13 5 10 11 3 4 6 9 8 14 0 7 12 
424,2.05954e-06,2.39511e-06,1.91734e-06,50,100,100,417516,1 2 13 5 10 11 3 4 6 9 8 14 0 7 12 
425,2.06523e-06,2.39511e-06,1.90384e-06,50,100,100,417516,1 2 13 5 10 11 3 4 6 9 8 14 0 7 12 
426,2.07384e-06,2.39511e-06,1.92351e-06,50,100,100,417516,1 2 13 5 10 11 3 4 6 9 8 14 0 7 12 
427,2.05722e-06,2.39511e-06,1.90353e-06,50,100,100,417516,1 2 13 5 10 11 3 4 6 9 8 14 0 7 12 
428,2.05412e-06,2.39511e-06,1.9137e-06,50,100,100,417516,1 2 13 5 10 11 3 4 6 9 8 14 0 7 12 
429,2.05084e-06,2.39511e-06,1.9096e-06,50,100,100,417516,1 2 13 5 10 11 3 4 6 9 8 14 0 7 12 
430,2.05641e-06,2.39511e-06,1.91923e-06,50,100,100,417516,1 2 13 5 10 11 3 4 6 9 8 14 0 7 12 
431,2.06585e-06,2.39511e-06,1.92352e-06,50,100,100,417516,1 2 13 5 10 11 3 4 6 9 8 14 0 7 12 
432,2.05367e-06,2.39511e-06,1.89012e-06,50,100,100,417516,1 2 13 5 10 11 3 4 6 9 8 14 0 7 12 
433,2.05514e-06,2.39511e-06,1.9058e-06,50,100,100,417516,1 2 13 5 10 11 3 4 6 9 8 14 0 7 12 
434,2.05364e-06,2.39511e-06,1.91087e-06,50,100,100,417516,1 2 13 5 10 11 3 4 6 9 8 14 0 7 12 
435,2.05505e-06,2.39511e-06,1.93531e-06,50,100,100,417516,1 2 13 5 10 11 3 4 6 9 8 14 0 7 12 
436,2.06131e-06,2.39511e-06,1.9297e-06,50,100,100,417516,1 2 13 5 10 11 3 4 6 9 8 14 0 7 12 
437,2.06196e-06,2.39511e-06,1.92185e-06,50,100,100,417516,1 2 13 5 10 11 3 4 6 9 8 14 0 7 12 
438,2.05367e-06,2.39511e-06,1.89637e-06,50,100,100,417516,1 2 13 5 10 11 3 4 6 9 8 14 0 7 12 
439,2.05827e-06,2.39511e-06,1.93395e-06,50,100,100,417516,1 2 13 5 10 11 3 4 6 9 8 14 0 7 12 
440,2.06138e-06,2.40607e-06,1.89754e-06,50,100,100,415614,1 2 13 4 5 11 3 10 14 9 8 6 0 7 12 
441,2.07884e-06,2.40607e-06,1.91127e-06,50,100,100,415614,1 2 13 4 5 11 3 10 14 9 8 6 0 7 12 
442,2.07209e-06,2.40607e-06,1.91122e-06,50,100,100,415614,1 2 13 4 5 11 3 10 14 9 8 6 0 7 12 
443,2.07431e-06,2.40607e-06,1.92029e-06,50,100,100,415614,1 2 13 4 5 11 3 10 14 9 8 6 0 7 12 
444,2.07338e-06,2.40607e-06,1.92106e-06,50,100,100,415614,1 2 13 4 5 11 3 10 14 9 8 6 0 7 12 
445,2.06209e-06,2.40607e-06,1.932e-06,50,100,100,415614,1 2 13 4 5 11 3 10 14 9 8 6 0 7 12 
446,2.06766e-06,2.40607e-06,1.911e-06,50,100,100,415614,1 2 13 4 5 11 3 10 14 9 8 6 0 7 12 
447,2.05504e-06,2.40607e-06,1.91033e-06,50,100,100,415614,1 2 13 4 5 11 3 10 14 9 8 6 0 7 12 
448,2.06174e-06,2.40607e-06,1.94087e-06,50,100,100,415614,1 2 13 4 5 11 3 10 14 9 8 6 0 7 12 
449,2.06566e-06,2.40607e-06,1.92841e-06,50,100,100,415614,1 2 13 4 5 11 3 10 14 9 8 6 0 7 12 
450,2.06417e-06,2.40607e-06,1.92676e-06,50,100,100,415614,1 2 13 4 5 11 3 10 14 9 8 6 0 7 12 
451,2.06677e-06,2.40607e-06,1.90785e-06,50,100,100,415614,1 2 13 4 5 11 3 10 14 9 8 6 0 7 12 
452,2.06938e-06,2.40607e-06,1.93434e-06,50,100,100,415614,1 2 13 4 5 11 3 10 14 9 8 6 0 7 12 
453,2.05406e-06,2.40607e-06,1.91855e-06,50,100,100,415614,1 2 13 4 5 11 3 10 14 9 8 6 0 7 12 
454,2.06754e-06,2.40607e-06,1.93974e-06,50,100,100,415614,1 2 13 4 5 11 3 10 14 9 8 6 0 7 12 
455,2.06624e-06,2.40607e-06,1.88542e-06,50,100,100,415614,1 2 13 4 5 11 3 10 14 9 8 6 0 7 12 
456,2.07592e-06,2.40607e-06,1.91073e-06,50,100,100,415614,1 2 13 4 5 11 3 10 14 9 8 6 0 7 12 
457,2.06033e-06,2.40607e-06,1.91e-06,50,100,100,415614,1 2 13 4 5 11 3 10 14 9 8 6 0 7 12 
458,2.06329e-06,2.40607e-06,1.92477e-06,50,100,100,415614,1 2 13 4 5 11 3 10 14 9 8 6 0 7 12 
459,2.06389e-06,2.40607e-06,1.90657e-06,50,100,100,415614,1 2 13 4 5 11 3 10 14 9 8 6 0 7 12 
460,2.04967e-06,2.40607e-06,1.91472e-06,50,100,100,415614,1 2 13 4 5 11 3 10 14 9 8 6 0 7 12 
461,2.06777e-06,2.40607e-06,1.89059e-06,50,100,100,415614,1 2 13 4 5 11 3 10 14 9 8 6 0 7 12 
462,2.06598e-06,2.40607e-06,1.91196e-06,50,100,100,415614,1 2 13 4 5 11 3 10 14 9 8 6 0 7 12 
463,2.06686e-06,2.40607e-06,1.93527e-06,50,100,100,415614,1 2 13 4 5 11 3 10 14 9 8 6 0 7 12 
464,2.06074e-06,2.40607e-06,1.90919e-06,50,100,100,415614,1 2 13 4 5 11 3 10 14 9 8 6 0 7 12 
465,2.04043e-06,2.40607e-06,1.88241e-06,50,100,100,415614,1 2 13 4 5 11 3 10 14 9 8 6 0 7 12 
466,2.06198e-06,2.40607e-06,1.91651e-06,50,100,100,415614,1 2 13 4 5 11 3 10 14 9 8 6 0 7 12 
467,2.06567e-06,2.40607e-06,1.89283e-06,50,100,100,415614,1 2 13 4 5 11 3 10 14 9 8 6 0 7 12 
468,2.06969e-06,2.40607e-06,1.91399e-06,50,100,100,415614,1 2 13 4 5 11 3 10 14 9 8 6 0 7 12 
469,2.06071e-06,2.40607e-06,1.91084e-06,50,100,100,415614,1 2 13 4 5 11 3 10 14 9 8 6 0 7 12 
470,2.05132e-06,2.40607e-06,1.85638e-06,50,100,100,415614,1 2 13 4 5 11 3 10 14 9 8 6 0 7 12 
471,2.05829e-06,2.40607e-06,1.91851e-06,50,100,100,415614,1 2 13 4 5 11 3 10 14 9 8 6 0 7 12 
472,2.07344e-06,2.40607e-06,1.93842e-06,50,100,100,415614,1 2 13 4 5 11 3 10 14 9 8 6 0 7 12 
473,2.06061e-06,2.40607e-06,1.90372e-06,50,100,100,415614,1 2 13 4 5 11 3 10 14 9 8 6 0 7 12 
474,2.06925e-06,2.40607e-06,1.89035e-06,50,100,100,415614,1 2 13 4 5 11 3 10 14 9 8 6 0 7 12 
475,2.05095e-06,2.40607e-06,1.90041e-06,50,100,100,415614,1 2 13 4 5 11 3 10 14 9 8 6 0 7 12 
476,2.04879e-06,2.40607e-06,1.92734e-06,50,100,100,415614,1 2 13 4 5 11 3 10 14 9 8 6 0 7 12 
477,2.05782e-06,2.40607e-06,1.88589e-06,50,100,100,415614,1 2 13 4 5 11 3 10 14 9 8 6 0 7 12 
478,2.05034e-06,2.40607e-06,1.90636e-06,50,100,100,415614,1 2 13 4 5 11 3 10 14 9 8 6 0 7 12 
479,2.05481e-06,2.40607e-06,1.91723e-06,50,100,100,415614,1 2 13 4 5 11 3 10 14 9 8 6 0 7 12 
480,2.05888e-06,2.40607e-06,1.91541e-06,50,100,100,415614,1 2 13 4 5 11 3 10 14 9 8 6 0 7 12 
481,2.05381e-06,2.40607e-06,1.88401e-06,50,100,100,415614,1 2 13 4 5 11 3 10 14 9 8 6 0 7 12 
482,2.06211e-06,2.40607e-06,1.90714e-06,50,100,100,415614,1 2 13 4 5 11 3 10 14 9 8 6 0 7 12 
483,2.06035e-06,2.40607e-06,1.88974e-06,50,100,100,415614,1 2 13 4 5 11 3 10 14 9 8 6 0 7 12 
484,2.05652e-06,2.40607e-06,1.91473e-06,50,100,100,415614,1 2 13 4 5 11 3 10 14 9 8 6 0 7 12 
485,2.05403e-06,2.40607e-06,1.91515e-06,50,100,100,415614,1 2 13 4 5 11 3 10 14 9 8 6 0 7 12 
486,2.06438e-06,2.40607e-06,1.93465e-06,50,100,100,415614,1 2 13 4 5 11 3 10 14 9 8 6 0 7 12 
487,2.07052e-06,2.40607e-06,1.90952e-06,50,100,100,415614,1 2 13 4 5 11 3 10 14 9 8 6 0 7 12 
488,2.05781e-06,2.40607e-06,1.89377e-06,50,100,100,415614,1 2 13 4 5 11 3 10 14 9 8 6 0 7 12 
489,2.07073e-06,2.40607e-06,1.92733e-06,50,100,100,415614,1 2 13 4 5 11 3 10 14 9 8 6 0 7 12 
490,2.06893e-06,2.40607e-06,1.92442e-06,50,100,100,415614,1 2 13 4 5 11 3 10 14 9 8 6 0 7 12 
491,2.05016e-06,2.40607e-06,1.88936e-06,50,100,100,415614,1 2 13 4 5 11 3 10 14 9 8 6 0 7 12 
492,2.06107e-06,2.40607e-06,1.89692e-06,50,100,100,415614,1 2 13 4 5 11 3 10 14 9 8 6 0 7 12 
493,2.06215e-06,2.40607e-06,1.91285e-06,50,100,100,415614,1 2 13 4 5 11 3 10 14 9 8 6 0 7 12 
494,2.06018e-06,2.40607e-06,1.91712e-06,50,100,100,415614,1 2 13 4 5 11 3 10 14 9 8 6 0 7 12 
495,2.07511e-06,2.40607e-06,1.91727e-06,50,100,100,415614,1 2 13 4 5 11 3 10 14 9 8 6 0 7 12 
496,2.07201e-06,2.40607e-06,1.90074e-06,50,100,100,415614,1 2 13 4 5 11 3 10 14 9 8 6 0 7 12 
497,2.06617e-06,2.40607e-06,1.9151e-06,50,100,100,415614,1 2 13 4 5 11 3 10 14 9 8 6 0 7 12 
498,2.05594e-06,2.40607e-06,1.90693e-06,50,100,100,415614,1 2 13 4 5 11 3 10 14 9 8 6 0 7 12 
499,2.0659e-06,2.40607e-06,1.90384e-06,50,100,100,415614,1 2 13 4 5 11 3 10 14 9 8 6 0 7 12 
500,2.07336e-06,2.40607e-06,1.91687e-06,50,100,100,415614,1 2 13 4 5 11 3 10 14 9 8 6 0 7 12 
501,2.07473e-06,2.40607e-06,1.94404e-06,50,100,100,415614,1 2 13 4 5 11 3 10 14 9 8 6 0 7 12 
502,2.06818e-06,2.40607e-06,1.92105e-06,50,100,100,415614,1 2 13 4 5 11 3 10 14 9 8 6 0 7 12 
503,2.06709e-06,2.40607e-06,1.95386e-06,50,100,100,415614,1 2 13 4 5 11 3 10 14 9 8 6 0 7 12 
504,2.06925e-06,2.40607e-06,1.915e-06,50,100,100,415614,1 2 13 4 5 11 3 10 14 9 8 6 0 7 12 
505,2.06287e-06,2.40607e-06,1.91493e-06,50,100,100,415614,1 2 13 4 5 11 3 10 14 9 8 6 0 7 12 
506,2.0676e-06,2.40607e-06,1.90741e-06,50,100,100,415614,1 2 13 4 5 11 3 10 14 9 8 6 0 7 12 
507,2.05943e-06,2.40607e-06,1.90512e-06,50,100,100,415614,1 2 13 4 5 11 3 10 14 9 8 6 0 7 12 
508,2.06057e-06,2.40607e-06,1.90219e-06,50,100,100,415614,1 2 13 4 5 11 3 10 14 9 8 6 0 7 12 
509,2.05676e-06,2.40607e-06,1.92138e-06,50,100,100,415614,1 2 13 4 5 11 3 10 14 9 8 6 0 7 12 
510,2.04424e-06,2.40607e-06,1.91117e-06,50,100,100,415614,1 2 13 4 5 11 3 10 14 9 8 6 0 7 12 
511,2.05179e-06,2.40607e-06,1.89759e-06,50,100,100,415614,1 2 13 4 5 11 3 10 14 9 8 6 0 7 12 
512,2.05229e-06,2.40607e-06,1.90387e-06,50,100,100,415614,1 2 13 4 5 11 3 10 14 9 8 6 0 7 12 
513,2.06299e-06,2.40607e-06,1.90901e-06,50,100,100,415614,1 2 13 4 5 11 3 10 14 9 8 6 0 7 12 
514,2.07504e-06,2.40607e-06,1.89475e-06,50,100,100,415614,1 2 13 4 5 11 3 10 14 9 8 6 0 7 12 
515,2.06862e-06,2.40607e-06,1.93063e-06,50,100,100,415614,1 2 13 4 5 11 3 10 14 9 8 6 0 7 12 
516,2.06348e-06,2.40607e-06,1.92241e-06,50,100,100,415614,1 2 13 4 5 11 3 10 14 9 8 6 0 7 12 
517,2.07318e-06,2.40607e-06,1.89493e-06,50,100,100,415614,1 2 13 4 5 11 3 10 14 9 8 6 0 7 12 
518,2.06406e-06,2.40607e-06,1.91726e-06,50,100,100,415614,1 2 13 4 5 11 3 10 14 9 8 6 0 7 12 
519,2.05672e-06,2.40607e-06,1.91109e-06,50,100,100,415614,1 2 13 4 5 11 3 10 14 9 8 6 0 7 12 
520,2.0584e-06,2.40607e-06,1.90311e-06,50,100,100,415614,1 2 13 4 5 11 3 10 14 9 8 6 0 7 12 
521,2.06485e-06,2.40607e-06,1.91622e-06,50,100,100,415614,1 2 13 4 5 11 3 10 14 9 8 6 0 7 12 
522,2.08507e-06,2.40607e-06,1.9361e-06,50,100,100,415614,1 2 13 4 5 11 3 10 14 9 8 6 0 7 12 
523,2.06908e-06,2.40607e-06,1.89788e-06,50,100,100,415614,1 2 13 4 5 11 3 10 14 9 8 6 0 7 12 
524,2.06845e-06,2.40607e-06,1.94286e-06,50,100,100,415614,1 2 13 4 5 11 3 10 14 9 8 6 0 7 12 
525,2.06007e-06,2.40607e-06,1.904e-06,50,100,100,415614,1 2 13 4 5 11 3 10 14 9 8 6 0 7 12 
526,2.06514e-06,2.40607e-06,1.93199e-06,50,100,100,415614,1 2 13 4 5 11 3 10 14 9 8 6 0 7 12 
527,2.05833e-06,2.40607e-06,1.91341e-06,50,100,100,415614,1 2 13 4 5 11 3 10 14 9 8 6 0 7 12 
528,2.05697e-06,2.40607e-06,1.87401e-06,50,100,100,415614,1 2 13 4 5 11 3 10 14 9 8 6 0 7 12 
529,2.06349e-06,2.40607e-06,1.93044e-06,50,100,100,415614,1 2 13 4 5 11 3 10 14 9 8 6 0 7 12 
530,2.07721e-06,2.40607e-06,1.94325e-06,50,100,100,415614,1 2 13 4 5 11 3 10 14 9 8 6 0 7 12 
531,2.07478e-06,2.40607e-06,1.93107e-06,50,100,100,415614,1 2 13 4 5 11 3 10 14 9 8 6 0 7 12 
532,2.07106e-06,2.40607e-06,1.9179e-06,50,100,100,415614,1 2 13 4 5 11 3 10 14 9 8 6 0 7 12 
533,2.07632e-06,2.40607e-06,1.92411e-06,50,100,100,415614,1 2 13 4 5 11 3 10 14 9 8 6 0 7 12 
534,2.06031e-06,2.40607e-06,1.92752e-06,50,100,100,415614,1 2 13 4 5 11 3 10 14 9 8 6 0 7 12 
535,2.07114e-06,2.40607e-06,1.92201e-06,50,100,100,415614,1 2 13 4 5 11 3 10 14 9 8 6 0 7 12 
536,2.07153e-06,2.40607e-06,1.89265e-06,50,100,100,415614,1 2 13 4 5 11 3 10 14 9 8 6 0 7 12 
537,2.08458e-06,2.40607e-06,1.93464e-06,50,100,100,415614,1 2 13 4 5 11 3 10 14 9 8 6 0 7 12 
538,2.07212e-06,2.40607e-06,1.92132e-06,50,100,100,415614,1 2 13 4 5 11 3 10 14 9 8 6 0 7 12 
539,2.0739e-06,2.40607e-06,1.94146e-06,50,100,100,415614,1 2 13 4 5 11 3 10 14 9 8 6 0 7 12 
540,2.06519e-06,2.40607e-06,1.92023e-06,50,100,100,415614,1 2 13 4 5 11 3 10 14 9 8 6 0 7 12 
541,2.07163e-06,2.40607e-06,1.95269e-06,50,100,100,415614,1 2 13 4 5 11 3 10 14 9 8 6 0 7 12 
542,2.0678e-06,2.40607e-06,1.92403e-06,50,100,100,415614,1 2 13 4 5 11 3 10 14 9 8 6 0 7 12 
543,2.05981e-06,2.40607e-06,1.86124e-06,50,100,100,415614,1 2 13 4 5 11 3 10 14 9 8 6 0 7 12 
544,2.05871e-06,2.40607e-06,1.91806e-06,50,100,100,415614,1 2 13 4 5 11 3 10 14 9 8 6 0 7 12 
545,2.06757e-06,2.40607e-06,1.92155e-06,50,100,100,415614,1 2 13 4 5 11 3 10 14 9 8 6 0 7 12 
546,2.06911e-06,2.40607e-06,1.88498e-06,50,100,100,415614,1 2 13 4 5 11 3 10 14 9 8 6 0 7 12 
547,2.07167e-06,2.40607e-06,1.90313e-06,50,100,100,415614,1 2 13 4 5 11 3 10 14 9 8 6 0 7 12 
548,2.07168e-06,2.40607e-06,1.90592e-06,50,100,100,415614,1 2 13 4 5 11 3 10 14 9 8 6 0 7 12 
549,2.051e-06,2.40607e-06,1.90218e-06,50,100,100,415614,1 2 13 4 5 11 3 10 14 9 8 6 0 7 12 
550,2.06908e-06,2.40607e-06,1.92042e-06,50,100,100,415614,1 2 13 4 5 11 3 10 14 9 8 6 0 7 12 
551,2.0684e-06,2.40607e-06,1.9197e-06,50,100,100,415614,1 2 13 4 5 11 3 10 14 9 8 6 0 7 12 
552,2.06643e-06,2.40607e-06,1.90327e-06,50,100,100,415614,1 2 13 4 5 11 3 10 14 9 8 6 0 7 12 
553,2.06807e-06,2.40607e-06,1.90456e-06,50,100,100,415614,1 2 13 4 5 11 3 10 14 9 8 6 0 7 12 
554,2.08591e-06,2.40607e-06,1.93116e-06,50,100,100,415614,1 2 13 4 5 11 3 10 14 9 8 6 0 7 12 
555,2.0787e-06,2.40607e-06,1.92896e-06,50,100,100,415614,1 2 13 4 5 11 3 10 14 9 8 6 0 7 12 
556,2.08029e-06,2.40607e-06,1.92402e-06,50,100,100,415614,1 2 13 4 5 11 3 10 14 9 8 6 0 7 12 
557,2.06915e-06,2.40607e-06,1.89855e-06,50,100,100,415614,1 2 13 4 5 11 3 10 14 9 8 6 0 7 12 
558,2.06228e-06,2.40607e-06,1.92155e-06,50,100,100,415614,1 2 13 4 5 11 3 10 14 9 8 6 0 7 12 
559,2.07157e-06,2.40607e-06,1.90924e-06,50,100,100,415614,1 2 13 4 5 11 3 10 14 9 8 6 0 7 12 
560,2.06234e-06,2.40607e-06,1.94189e-06,50,100,100,415614,1 2 13 4 5 11 3 10 14 9 8 6 0 7 12 
561,2.05873e-06,2.40607e-06,1.8804e-06,50,100,100,415614,1 2 13 4 5 11 3 10 14 9 8 6 0 7 12 
562,2.06458e-06,2.40607e-06,1.90008e-06,50,100,100,415614,1 2 13 4 5 11 3 10 14 9 8 6 0 7 12 
563,2.05844e-06,2.40607e-06,1.89758e-06,50,100,100,415614,1 2 13 4 5 11 3 10 14 9 8 6 0 7 12 
564,2.05823e-06,2.40607e-06,1.90931e-06,50,100,100,415614,1 2 13 4 5 11 3 10 14 9 8 6 0 7 12 
565,2.05326e-06,2.40607e-06,1.90459e-06,50,100,100,415614,1 2 13 4 5 11 3 10 14 9 8 6 0 7 12 
566,2.05759e-06,2.40607e-06,1.90002e-06,50,100,100,415614,1 2 13 4 5 11 3 10 14 9 8 6 0 7 12 
567,2.06999e-06,2.40607e-06,1.91569e-06,50,100,100,415614,1 2 13 4 5 11 3 10 14 9 8 6 0 7 12 
568,2.0709e-06,2.40607e-06,1.90272e-06,50,100,100,415614,1 2 13 4 5 11 3 10 14 9 8 6 0 7 12 
569,2.08202e-06,2.40607e-06,1.93056e-06,50,100,100,415614,1 2 13 4 5 11 3 10 14 9 8 6 0 7 12 
570,2.06669e-06,2.40607e-06,1.9243e-06,50,100,100,415614,1 2 13 4 5 11 3 10 14 9 8 6 0 7 12 
571,2.06109e-06,2.40607e-06,1.93108e-06,50,100,100,415614,1 2 13 4 5 11 3 10 14 9 8 6 0 7 12 
572,2.0634e-06,2.40607e-06,1.90671e-06,50,100,100,415614,1 2 13 4 5 11 3 10 14 9 8 6 0 7 12 
573,2.07059e-06,2.40607e-06,1.9227e-06,50,100,100,415614,1 2 13 4 5 11 3 10 14 9 8 6 0 7 12 
574,2.079e-06,2.40607e-06,1.89679e-06,50,100,100,415614,1 2 13 4 5 11 3 10 14 9 8 6 0 7 12 
575,2.07963e-06,2.40607e-06,1.90422e-06,50,100,100,415614,1 2 13 4 5 11 3 10 14 9 8 6 0 7 12 
576,2.07427e-06,2.40607e-06,1.89457e-06,50,100,100,415614,1 2 13 4 5 11 3 10 14 9 8 6 0 7 12 
577,2.06762e-06,2.40607e-06,1.93185e-06,50,100,100,415614,1 2 13 4 5 11 3 10 14 9 8 6 0 7 12 
578,2.06762e-06,2.40607e-06,1.90394e-06,50,100,100,415614,1 2 13 4 5 11 3 10 14 9 8 6 0 7 12 
579,2.06792e-06,2.40607e-06,1.94438e-06,50,100,100,415614,1 2 13 4 5 11 3 10 14 9 8 6 0 7 12 
580,2.06955e-06,2.40607e-06,1.92171e-06,50,100,100,415614,1 2 13 4 5 11 3 10 14 9 8 6 0 7 12 
581,2.07292e-06,2.40607e-06,1.8968e-06,50,100,100,415614,1 2 13 4 5 11 3 10 14 9 8 6 0 7 12 
582,2.0797e-06,2.40607e-06,1.94478e-06,50,100,100,415614,1 2 13 4 5 11 3 10 14 9 8 6 0 7 12 
583,2.07366e-06,2.40607e-06,1.92202e-06,50,100,100,415614,1 2 13 4 5 11 3 10 14 9 8 6 0 7 12 
584,2.07296e-06,2.40607e-06,1.91653e-06,50,100,100,415614,1 2 13 4 5 11 3 10 14 9 8 6 0 7 12 
585,2.07303e-06,2.40607e-06,1.93065e-06,50,100,100,415614,1 2 13 4 5 11 3 10 14 9 8 6 0 7 12 
586,2.07188e-06,2.40607e-06,1.94126e-06,50,100,100,415614,1 2 13 4 5 11 3 10 14 9 8 6 0 7 12 
587,2.07187e-06,2.40607e-06,1.89945e-06,50,100,100,415614,1 2 13 4 5 11 3 10 14 9 8 6 0 7 12 
588,2.06678e-06,2.40607e-06,1.91426e-06,50,100,100,415614,1 2 13 4 5 11 3 10 14 9 8 6 0 7 12 
589,2.06717e-06,2.40607e-06,1.93028e-06,50,100,100,415614,1 2 13 4 5 11 3 10 14 9 8 6 0 7 12 
590,2.06887e-06,2.40607e-06,1.92452e-06,50,100,100,415614,1 2 13 4 5 11 3 10 14 9 8 6 0 7 12 
591,2.07345e-06,2.40607e-06,1.9332e-06,50,100,100,415614,1 2 13 4 5 11 3 10 14 9 8 6 0 7 12 
592,2.06645e-06,2.4267e-06,1.89427e-06,50,100,100,412082,1 2 13 10 5 11 3 4 14 9 8 6 0 7 12 
593,2.06245e-06,2.4267e-06,1.88005e-06,50,100,100,412082,1 2 13 10 5 11 3 4 14 9 8 6 0 7 12 
594,2.06097e-06,2.4267e-06,1.88805e-06,50,100,100,412082,1 2 13 10 5 11 3 4 14 9 8 6 0 7 12 
595,2.05661e-06,2.4267e-06,1.90811e-06,50,100,100,412082,1 2 13 10 5 11 3 4 14 9 8 6 0 7 12 
596,2.07038e-06,2.4267e-06,1.9126e-06,50,100,100,412082,1 2 13 10 5 11 3 4 14 9 8 6 0 7 12 
597,2.06823e-06,2.4267e-06,1.9211e-06,50,100,100,412082,1 2 13 10 5 11 3 4 14 9 8 6 0 7 12 
598,2.06052e-06,2.4267e-06,1.93179e-06,50,100,100,412082,1 2 13 10 5 11 3 4 14 9 8 6 0 7 12 
599,2.05994e-06,2.4267e-06,1.90806e-06,50,100,100,412082,1 2 13 10 5 11 3 4 14 9 8 6 0 7 12 
600,2.07002e-06,2.4267e-06,1.90985e-06,50,100,100,412082,1 2 13 10 5 11 3 4 14 9 8 6 0 7 12 
601,2.07121e-06,2.4267e-06,1.96964e-06,50,100,100,412082,1 2 13 10 5 11 3 4 14 9 8 6 0 7 12 
602,2.06184e-06,2.4267e-06,1.92307e-06,50,100,100,412082,1 2 13 10 5 11 3 4 14 9 8 6 0 7 12 
603,2.06879e-06,2.4267e-06,1.91573e-06,50,100,100,412082,1 2 13 10 5 11 3 4 14 9 8 6 0 7 12 
604,2.06205e-06,2.4267e-06,1.9194e-06,50,100,100,412082,1 2 13 10 5 11 3 4 14 9 8 6 0 7 12 
605,2.06446e-06,2.4267e-06,1.91126e-06,50,100,100,412082,1 2 13 10 5 11 3 4 14 9 8 6 0 7 12 
606,2.08069e-06,2.4267e-06,1.91869e-06,50,100,100,412082,1 2 13 10 5 11 3 4 14 9 8 6 0 7 12 
607,2.08001e-06,2.4267e-06,1.92889e-06,50,100,100,412082,1 2 13 10 5 11 3 4 14 9 8 6 0 7 12 
608,2.08129e-06,2.4267e-06,1.95191e-06,50,100,100,412082,1 2 13 10 5 11 3 4 14 9 8 6 0 7 12 
609,2.07563e-06,2.4267e-06,1.88656e-06,50,100,100,412082,1 2 13 10 5 11 3 4 14 9 8 6 0 7 12 
610,2.06879e-06,2.4267e-06,1.90054e-06,50,100,100,412082,1 2 13 10 5 11 3 4 14 9 8 6 0 7 12 
611,2.06614e-06,2.4267e-06,1.9301e-06,50,100,100,412082,1 2 13 10 5 11 3 4 14 9 8 6 0 7 12 
612,2.07075e-06,2.4267e-06,1.90882e-06,50,100,100,412082,1 2 13 10 5 11 3 4 14 9 8 6 0 7 12 
613,2.06284e-06,2.4267e-06,1.90615e-06,50,100,100,412082,1 2 13 10 5 11 3 4 14 9 8 6 0 7 12 
614,2.0681e-06,2.4267e-06,1.92787e-06,50,100,100,412082,1 2 13 10 5 11 3 4 14 9 8 6 0 7 12 
615,2.07065e-06,2.4267e-06,1.92217e-06,50,100,100,412082,1 2 13 10 5 11 3 4 14 9 8 6 0 7 12 
616,2.06788e-06,2.4267e-06,1.91242e-06,50,100,100,412082,1 2 13 10 5 11 3 4 14 9 8 6 0 7 12 
617,2.06969e-06,2.4267e-06,1.89419e-06,50,100,100,412082,1 2 13 10 5 11 3 4 14 9 8 6 0 7 12 
618,2.06051e-06,2.4267e-06,1.89687e-06,50,100,100,412082,1 2 13 10 5 11 3 4 14 9 8 6 0 7 12 
619,2.05869e-06,2.4267e-06,1.85337e-06,50,100,100,412082,1 2 13 10 5 11 3 4 14 9 8 6 0 7 12 
620,2.06999e-06,2.4267e-06,1.92593e-06,50,100,100,412082,1 2 13 10 5 11 3 4 14 9 8 6 0 7 12 
621,2.06967e-06,2.4267e-06,1.92514e-06,50,100,100,412082,1 2 13 10 5 11 3 4 14 9 8 6 0 7 12 
622,2.06628e-06,2.4267e-06,1.93422e-06,50,100,100,412082,1 2 13 10 5 11 3 4 14 9 8 6 0 7 12 
623,2.07372e-06,2.4267e-06,1.93427e-06,50,100,100,412082,1 2 13 10 5 11 3 4 14 9 8 6 0 7 12 
624,2.06772e-06,2.4267e-06,1.94266e-06,50,100,100,412082,1 2 13 10 5 11 3 4 14 9 8 6 0 7 12 
625,2.06329e-06,2.4267e-06,1.9035e-06,50,100,100,412082,1 2 13 10 5 11 3 4 14 9 8 6 0 7 12 
626,2.06835e-06,2.4267e-06,1.92444e-06,50,100,100,412082,1 2 13 10 5 11 3 4 14 9 8 6 0 7 12 
627,2.07805e-06,2.4267e-06,1.94626e-06,50,100,100,412082,1 2 13 10 5 11 3 4 14 9 8 6 0 7 12 
628,2.06167e-06,2.4267e-06,1.89149e-06,50,100,100,412082,1 2 13 10 5 11 3 4 14 9 8 6 0 7 12 
629,2.06446e-06,2.4267e-06,1.89375e-06,50,100,100,412082,1 2 13 10 5 11 3 4 14 9 8 6 0 7 12 
630,2.07296e-06,2.4267e-06,1.9356e-06,50,100,100,412082,1 2 13 10 5 11 3 4 14 9 8 6 0 7 12 
631,2.06933e-06,2.4267e-06,1.86665e-06,50,100,100,412082,1 2 13 10 5 11 3 4 14 9 8 6 0 7 12 
632,2.07372e-06,2.4267e-06,1.90859e-06,50,100,100,412082,1 2 13 10 5 11 3 4 14 9 8 6 0 7 12 
633,2.07232e-06,2.4267e-06,1.90991e-06,50,100,100,412082,1 2 13 10 5 11 3 4 14 9 8 6 0 7 12 
634,2.07279e-06,2.4267e-06,1.93773e-06,50,100,100,412082,1 2 13 10 5 11 3 4 14 9 8 6 0 7 12 
635,2.07209e-06,2.4267e-06,1.89858e-06,50,100,100,412082,1 2 13 10 5 11 3 4 14 9 8 6 0 7 12 
636,2.06722e-06,2.4267e-06,1.85909e-06,50,100,100,412082,1 2 13 10 5 11 3 4 14 9 8 6 0 7 12 
637,2.05959e-06,2.4267e-06,1.88634e-06,50,100,100,412082,1 2 13 10 5 11 3 4 14 9 8 6 0 7 12 
638,2.06085e-06,2.4267e-06,1.92788e-06,50,100,100,412082,1 2 13 10 5 11 3 4 14 9 8 6 0 7 12 
639,2.06993e-06,2.4267e-06,1.93503e-06,50,100,100,412082,1 2 13 10 5 11 3 4 14 9 8 6 0 7 12 
640,2.0685e-06,2.4267e-06,1.90972e-06,50,100,100,412082,1 2 13 10 5 11 3 4 14 9 8 6 0 7 12 
641,2.0609e-06,2.4267e-06,1.91261e-06,50,100,100,412082,1 2 13 10 5 11 3 4 14 9 8 6 0 7 12 
642,2.06265e-06,2.4267e-06,1.95145e-06,50,100,100,412082,1 2 13 10 5 11 3 4 14 9 8 6 0 7 12 
643,2.06289e-06,2.4267e-06,1.90572e-06,50,100,100,412082,1 2 13 10 5 11 3 4 14 9 8 6 0 7 12 
644,2.05654e-06,2.4267e-06,1.9203e-06,50,100,100,412082,1 2 13 10 5 11 3 4 14 9 8 6 0 7 12 
645,2.06143e-06,2.4267e-06,1.92913e-06,50,100,100,412082,1 2 13 10 5 11 3 4 14 9 8 6 0 7 12 
646,2.06039e-06,2.4267e-06,1.91521e-06,50,100,100,412082,1 2 13 10 5 11 3 4 14 9 8 6 0 7 12 
647,2.06804e-06,2.4267e-06,1.93681e-06,50,100,100,412082,1 2 13 10 5 11 3 4 14 9 8 6 0 7 12 
648,2.06321e-06,2.4267e-06,1.91656e-06,50,100,100,412082,1 2 13 10 5 11 3 4 14 9 8 6 0 7 12 
649,2.06708e-06,2.4267e-06,1.90925e-06,50,100,100,412082,1 2 13 10 5 11 3 4 14 9 8 6 0 7 12 
650,2.06034e-06,2.4267e-06,1.91002e-06,50,100,100,412082,1 2 13 10 5 11 3 4 14 9 8 6 0 7 12 
651,2.06169e-06,2.4267e-06,1.92013e-06,50,100,100,412082,1 2 13 10 5 11 3 4 14 9 8 6 0 7 12 
652,2.0695e-06,2.4267e-06,1.91136e-06,50,100,100,412082,1 2 13 10 5 11 3 4 14 9 8 6 0 7 12 
653,2.0521e-06,2.4267e-06,1.91979e-06,50,100,100,412082,1 2 13 10 5 11 3 4 14 9 8 6 0 7 12 
654,2.07139e-06,2.4267e-06,1.92714e-06,50,100,100,412082,1 2 13 10 5 11 3 4 14 9 8 6 0 7 12 
655,2.06498e-06,2.4267e-06,1.89665e-06,50,100,100,412082,1 2 13 10 5 11 3 4 14 9 8 6 0 7 12 
656,2.06992e-06,2.4267e-06,1.93181e-06,50,100,100,412082,1 2 13 10 5 11 3 4 14 9 8 6 0 7 12 
657,2.06057e-06,2.4267e-06,1.92492e-06,50,100,100,412082,1 2 13 10 5 11 3 4 14 9 8 6 0 7 12 
658,2.06079e-06,2.4267e-06,1.89532e-06,50,100,100,412082,1 2 13 10 5 11 3 4 14 9 8 6 0 7 12 
659,2.06979e-06,2.4267e-06,1.92692e-06,50,100,100,412082,1 2 13 10 5 11 3 4 14 9 8 6 0 7 12 
660,2.06994e-06,2.4267e-06,1.93096e-06,50,100,100,412082,1 2 13 10 5 11 3 4 14 9 8 6 0 7 12 
661,2.06545e-06,2.4267e-06,1.93354e-06,50,100,100,412082,1 2 13 10 5 11 3 4 14 9 8 6 0 7 12 
662,2.05569e-06,2.4267e-06,1.89726e-06,50,100,100,412082,1 2 13 10 5 11 3 4 14 9 8 6 0 7 12 
663,2.06647e-06,2.4267e-06,1.90321e-06,50,100,100,412082,1 2 13 10 5 11 3 4 14 9 8 6 0 7 12 
664,2.06483e-06,2.4267e-06,1.89809e-06,50,100,100,412082,1 2 13 10 5 11 3 4 14 9 8 6 0 7 12 
665,2.06338e-06,2.4267e-06,1.88973e-06,50,100,100,412082,1 2 13 10 5 11 3 4 14 9 8 6 0 7 12 
666,2.06875e-06,2.4267e-06,1.94676e-06,50,100,100,412082,1 2 13 10 5 11 3 4 14 9 8 6 0 7 12 
667,2.0872e-06,2.4267e-06,1.9156e-06,50,100,100,412082,1 2 13 10 5 11 3 4 14 9 8 6 0 7 12 
668,2.06824e-06,2.4267e-06,1.9072e-06,50,100,100,412082,1 2 13 10 5 11 3 4 14 9 8 6 0 7 12 
669,2.04914e-06,2.4267e-06,1.91334e-06,50,100,100,412082,1 2 13 10 5 11 3 4 14 9 8 6 0 7 12 
670,2.05856e-06,2.4267e-06,1.90978e-06,50,100,100,412082,1 2 13 10 5 11 3 4 14 9 8 6 0 7 12 
671,2.06623e-06,2.4267e-06,1.91384e-06,50,100,100,412082,1 2 13 10 5 11 3 4 14 9 8 6 0 7 12 
672,2.06073e-06,2.4267e-06,1.91266e-06,50,100,100,412082,1 2 13 10 5 11 3 4 14 9 8 6 0 7 12 
673,2.07328e-06,2.4267e-06,1.87712e-06,50,100,100,412082,1 2 13 10 5 11 3 4 14 9 8 6 0 7 12 
674,2.07745e-06,2.4267e-06,1.9042e-06,50,100,100,412082,1 2 13 10 5 11 3 4 14 9 8 6 0 7 12 
675,2.07397e-06,2.4267e-06,1.93027e-06,50,100,100,412082,1 2 13 10 5 11 3 4 14 9 8 6 0 7 12 
676,2.08219e-06,2.4267e-06,1.88792e-06,50,100,100,412082,1 2 13 10 5 11 3 4 14 9 8 6 0 7 12 
677,2.07412e-06,2.4267e-06,1.89935e-06,50,100,100,412082,1 2 13 10 5 11 3 4 14 9 8 6 0 7 12 
678,2.05984e-06,2.4267e-06,1.9266e-06,50,100,100,412082,1 2 13 10 5 11 3 4 14 9 8 6 0 7 12 
679,2.0534e-06,2.4267e-06,1.89743e-06,50,100,100,412082,1 2 13 10 5 11 3 4 14 9 8 6 0 7 12 
680,2.05914e-06,2.4267e-06,1.91329e-06,50,100,100,412082,1 2 13 10 5 11 3 4 14 9 8 6 0 7 12 
681,2.05885e-06,2.4267e-06,1.92258e-06,50,100,100,412082,1 2 13 10 5 11 3 4 14 9 8 6 0 7 12 
682,2.06772e-06,2.4267e-06,1.95057e-06,50,100,100,412082,1 2 13 10 5 11 3 4 14 9 8 6 0 7 12 
683,2.05781e-06,2.4267e-06,1.92156e-06,50,100,100,412082,1 2 13 10 5 11 3 4 14 9 8 6 0 7 12 
684,2.05336e-06,2.4267e-06,1.90737e-06,50,100,100,412082,1 2 13 10 5 11 3 4 14 9 8 6 0 7 12 
685,2.06097e-06,2.4267e-06,1.90167e-06,50,100,100,412082,1 2 13 10 5 11 3 4 14 9 8 6 0 7 12 
686,2.06555e-06,2.4267e-06,1.85664e-06,50,100,100,412082,1 2 13 10 5 11 3 4 14 9 8 6 0 7 12 
687,2.06825e-06,2.4267e-06,1.90457e-06,50,100,100,412082,1 2 13 10 5 11 3 4 14 9 8 6 0 7 12 
688,2.0675e-06,2.4267e-06,1.92757e-06,50,100,100,412082,1 2 13 10 5 11 3 4 14 9 8 6 0 7 12 
689,2.07142e-06,2.4267e-06,1.9215e-06,50,100,100,412082,1 2 13 10 5 11 3 4 14 9 8 6 0 7 12 
690,2.06604e-06,2.4267e-06,1.93886e-06,50,100,100,412082,1 2 13 10 5 11 3 4 14 9 8 6 0 7 12 
691,2.05759e-06,2.4267e-06,1.89272e-06,50,100,100,412082,1 2 13 10 5 11 3 4 14 9 8 6 0 7 12 
692,2.04691e-06,2.4267e-06,1.89521e-06,50,100,100,412082,1 2 13 10 5 11 3 4 14 9 8 6 0 7 12 
693,2.05224e-06,2.4267e-06,1.90466e-06,50,100,100,412082,1 2 13 10 5 11 3 4 14 9 8 6 0 7 12 
694,2.06427e-06,2.4267e-06,1.90863e-06,50,100,100,412082,1 2 13 10 5 11 3 4 14 9 8 6 0 7 12 
695,2.05664e-06,2.4267e-06,1.90307e-06,50,100,100,412082,1 2 13 10 5 11 3 4 14 9 8 6 0 7 12 
696,2.06149e-06,2.4267e-06,1.91923e-06,50,100,100,412082,1 2 13 10 5 11 3 4 14 9 8 6 0 7 12 
697,2.06613e-06,2.4267e-06,1.93921e-06,50,100,100,412082,1 2 13 10 5 11 3 4 14 9 8 6 0 7 12 
698,2.06903e-06,2.4267e-06,1.89103e-06,50,100,100,412082,1 2 13 10 5 11 3 4 14 9 8 6 0 7 12 
699,2.06124e-06,2.4267e-06,1.89778e-06,50,100,100,412082,1 2 13 10 5 11 3 4 14 9 8 6 0 7 12 
700,2.05206e-06,2.4267e-06,1.91058e-06,50,100,100,412082,1 2 13 10 5 11 3 4 14 9 8 6 0 7 12 
701,2.04992e-06,2.4267e-06,1.91204e-06,50,100,100,412082,1 2 13 10 5 11 3 4 14 9 8 6 0 7 12 
702,2.05499e-06,2.4267e-06,1.90457e-06,50,100,100,412082,1 2 13 10 5 11 3 4 14 9 8 6 0 7 12 
703,2.05597e-06,2.4267e-06,1.89583e-06,50,100,100,412082,1 2 13 10 5 11 3 4 14 9 8 6 0 7 12 
704,2.05289e-06,2.4267e-06,1.87783e-06,50,100,100,412082,1 2 13 10 5 11 3 4 14 9 8 6 0 7 12 
705,2.05897e-06,2.4267e-06,1.91153e-06,50,100,100,412082,1 2 13 10 5 11 3 4 14 9 8 6 0 7 12 
706,2.06915e-06,2.4267e-06,1.91509e-06,50,100,100,412082,1 2 13 10 5 11 3 4 14 9 8 6 0 7 12 
707,2.0749e-06,2.4267e-06,1.91965e-06,50,100,100,412082,1 2 13 10 5 11 3 4 14 9 8 6 0 7 12 
708,2.05598e-06,2.4267e-06,1.9175e-06,50,100,100,412082,1 2 13 10 5 11 3 4 14 9 8 6 0 7 12 
709,2.04985e-06,2.4267e-06,1.91631e-06,50,100,100,412082,1 2 13 10 5 11 3 4 14 9 8 6 0 7 12 
710,2.06237e-06,2.4267e-06,1.9097e-06,50,100,100,412082,1 2 13 10 5 11 3 4 14 9 8 6 0 7 12 
711,2.06394e-06,2.4267e-06,1.90457e-06,50,100,100,412082,1 2 13 10 5 11 3 4 14 9 8 6 0 7 12 
712,2.06252e-06,2.4267e-06,1.93224e-06,50,100,100,412082,1 2 13 10 5 11 3 4 14 9 8 6 0 7 12 
713,2.05748e-06,2.4267e-06,1.91969e-06,50,100,100,412082,1 2 13 10 5 11 3 4 14 9 8 6 0 7 12 
714,2.05754e-06,2.4267e-06,1.91546e-06,50,100,100,412082,1 2 13 10 5 11 3 4 14 9 8 6 0 7 12 
715,2.04883e-06,2.4267e-06,1.88326e-06,50,100,100,412082,1 2 13 10 5 11 3 4 14 9 8 6 0 7 12 
716,2.07804e-06,2.4267e-06,1.91497e-06,50,100,100,412082,1 2 13 10 5 11 3 4 14 9 8 6 0 7 12 
717,2.07016e-06,2.4267e-06,1.88207e-06,50,100,100,412082,1 2 13 10 5 11 3 4 14 9 8 6 0 7 12 
718,2.06704e-06,2.44156e-06,1.91882e-06,50,100,100,409574,1 2 13 5 11 10 3 4 14 9 8 6 0 7 12 
719,2.07675e-06,2.44156e-06,1.90112e-06,50,100,100,409574,1 2 13 5 11 10 3 4 14 9 8 6 0 7 12 
720,2.06992e-06,2.44156e-06,1.90633e-06,50,100,100,409574,1 2 13 5 11 10 3 4 14 9 8 6 0 7 12 
721,2.0755e-06,2.44156e-06,1.89557e-06,50,100,100,409574,1 2 13 5 11 10 3 4 14 9 8 6 0 7 12 
722,2.07981e-06,2.44156e-06,1.93124e-06,50,100,100,409574,1 2 13 5 11 10 3 4 14 9 8 6 0 7 12 
723,2.08207e-06,2.44156e-06,1.93732e-06,50,100,100,409574,1 2 13 5 11 10 3 4 14 9 8 6 0 7 12 
724,2.08116e-06,2.44156e-06,1.88569e-06,50,100,100,409574,1 2 13 5 11 10 3 4 14 9 8 6 0 7 12 
725,2.06325e-06,2.44156e-06,1.91368e-06,50,100,100,409574,1 2 13 5 11 10 3 4 14 9 8 6 0 7 12 
726,2.07365e-06,2.44156e-06,1.90524e-06,50,100,100,409574,1 2 13 5 11 10 3 4 14 9 8 6 0 7 12 
727,2.07505e-06,2.44156e-06,1.92806e-06,50,100,100,409574,1 2 13 5 11 10 3 4 14 9 8 6 0 7 12 
728,2.07913e-06,2.44156e-06,1.91382e-06,50,100,100,409574,1 2 13 5 11 10 3 4 14 9 8 6 0 7 12 
729,2.07487e-06,2.44156e-06,1.89669e-06,50,100,100,409574,1 2 13 5 11 10 3 4 14 9 8 6 0 7 12 
730,2.07152e-06,2.44156e-06,1.93266e-06,50,100,100,409574,1 2 13 5 11 10 3 4 14 9 8 6 0 7 12 
731,2.07694e-06,2.44156e-06,1.92529e-06,50,100,100,409574,1 2 13 5 11 10 3 4 14 9 8 6 0 7 12 
732,2.08872e-06,2.44156e-06,1.89894e-06,50,100,100,409574,1 2 13 5 11 10 3 4 14 9 8 6 0 7 12 
733,2.09109e-06,2.44156e-06,1.91033e-06,50,100,100,409574,1 2 13 5 11 10 3 4 14 9 8 6 0 7 12 
734,2.09286e-06,2.44156e-06,1.96087e-06,50,100,100,409574,1 2 13 5 11 10 3 4 14 9 8 6 0 7 12 
735,2.08801e-06,2.44156e-06,1.88403e-06,50,100,100,409574,1 2 13 5 11 10 3 4 14 9 8 6 0 7 12 
736,2.08408e-06,2.44156e-06,1.94331e-06,50,100,100,409574,1 2 13 5 11 10 3 4 14 9 8 6 0 7 12 
737,2.08288e-06,2.44156e-06,1.87093e-06,50,100,100,409574,1 2 13 5 11 10 3 4 14 9 8 6 0 7 12 
738,2.07661e-06,2.44156e-06,1.93841e-06,50,100,100,409574,1 2 13 5 11 10 3 4 14 9 8 6 0 7 12 
739,2.08268e-06,2.44156e-06,1.91885e-06,50,100,100,409574,1 2 13 5 11 10 3 4 14 9 8 6 0 7 12 
740,2.07927e-06,2.44156e-06,1.94262e-06,50,100,100,409574,1 2 13 5 11 10 3 4 14 9 8 6 0 7 12 
741,2.07879e-06,2.44156e-06,1.94912e-06,50,100,100,409574,1 2 13 5 11 10 3 4 14 9 8 6 0 7 12 
742,2.07464e-06,2.44156e-06,1.93577e-06,50,100,100,409574,1 2 13 5 11 10 3 4 14 9 8 6 0 7 12 
743,2.06523e-06,2.44156e-06,1.92336e-06,50,100,100,409574,1 2 13 5 11 10 3 4 14 9 8 6 0 7 12 
744,2.07037e-06,2.44156e-06,1.93446e-06,50,100,100,409574,1 2 13 5 11 10 3 4 14 9 8 6 0 7 12 
745,2.06971e-06,2.44156e-06,1.90607e-06,50,100,100,409574,1 2 13 5 11 10 3 4 14 9 8 6 0 7 12 
746,2.06765e-06,2.44156e-06,1.90395e-06,50,100,100,409574,1 2 13 5 11 10 3 4 14 9 8 6 0 7 12 
747,2.05873e-06,2.44156e-06,1.90702e-06,50,100,100,409574,1 2 13 5 11 10 3 4 14 9 8 6 0 7 12 
748,2.06794e-06,2.44156e-06,1.9407e-06,50,100,100,409574,1 2 13 5 11 10 3 4 14 9 8 6 0 7 12 
749,2.06381e-06,2.44156e-06,1.91798e-06,50,100,100,409574,1 2 13 5 11 10 3 4 14 9 8 6 0 7 12 
750,2.07095e-06,2.44156e-06,1.90495e-06,50,100,100,409574,1 2 13 5 11 10 3 4 14 9 8 6 0 7 12 
751,2.07308e-06,2.44156e-06,1.93461e-06,50,100,100,409574,1 2 13 5 11 10 3 4 14 9 8 6 0 7 12 
752,2.0596e-06,2.44156e-06,1.89857e-06,50,100,100,409574,1 2 13 5 11 10 3 4 14 9 8 6 0 7 12 
753,2.05618e-06,2.44156e-06,1.90792e-06,50,100,100,409574,1 2 13 5 11 10 3 4 14 9 8 6 0 7 12 
754,2.06759e-06,2.44156e-06,1.92489e-06,50,100,100,409574,1 2 13 5 11 10 3 4 14 9 8 6 0 7 12 
755,2.06596e-06,2.44156e-06,1.90465e-06,50,100,100,409574,1 2 13 5 11 10 3 4 14 9 8 6 0 7 12 
756,2.08022e-06,2.44156e-06,1.94279e-06,50,100,100,409574,1 2 13 5 11 10 3 4 14 9 8 6 0 7 12 
757,2.06965e-06,2.44156e-06,1.92358e-06,50,100,100,409574,1 2 13 5 11 10 3 4 14 9 8 6 0 7 12 
758,2.06355e-06,2.44156e-06,1.90615e-06,50,100,100,409574,1 2 13 5 11 10 3 4 14 9 8 6 0 7 12 
759,2.06209e-06,2.44156e-06,1.91993e-06,50,100,100,409574,1 2 13 5 11 10 3 4 14 9 8 6 0 7 12 
760,2.06329e-06,2.44156e-06,1.92486e-06,50,100,100,409574,1 2 13 5 11 10 3 4 14 9 8 6 0 7 12 
761,2.06828e-06,2.44156e-06,1.90594e-06,50,100,100,409574,1 2 13 5 11 10 3 4 14 9 8 6 0 7 12 
762,2.06946e-06,2.44156e-06,1.91339e-06,50,100,100,409574,1 2 13 5 11 10 3 4 14 9 8 6 0 7 12 
763,2.06463e-06,2.44156e-06,1.89996e-06,50,100,100,409574,1 2 13 5 11 10 3 4 14 9 8 6 0 7 12 
764,2.07679e-06,2.44156e-06,1.90929e-06,50,100,100,409574,1 2 13 5 11 10 3 4 14 9 8 6 0 7 12 
765,2.05997e-06,2.44156e-06,1.87234e-06,50,100,100,409574,1 2 13 5 11 10 3 4 14 9 8 6 0 7 12 
766,2.06234e-06,2.44156e-06,1.92349e-06,50,100,100,409574,1 2 13 5 11 10 3 4 14 9 8 6 0 7 12 
767,2.05897e-06,2.44156e-06,1.92452e-06,50,100,100,409574,1 2 13 5 11 10 3 4 14 9 8 6 0 7 12 
768,2.06835e-06,2.44156e-06,1.91031e-06,50,100,100,409574,1 2 13 5 11 10 3 4 14 9 8 6 0 7 12 
769,2.06727e-06,2.44156e-06,1.91268e-06,50,100,100,409574,1 2 13 5 11 10 3 4 14 9 8 6 0 7 12 
770,2.09121e-06,2.44156e-06,1.92025e-06,50,100,100,409574,1 2 13 5 11 10 3 4 14 9 8 6 0 7 12 
771,2.08134e-06,2.44156e-06,1.90896e-06,50,100,100,409574,1 2 13 5 11 10 3 4 14 9 8 6 0 7 12 
772,2.08215e-06,2.44156e-06,1.9315e-06,50,100,100,409574,1 2 13 5 11 10 3 4 14 9 8 6 0 7 12 
773,2.07503e-06,2.44156e-06,1.88883e-06,50,100,100,409574,1 2 13 5 11 10 3 4 14 9 8 6 0 7 12 
774,2.06202e-06,2.44156e-06,1.92604e-06,50,100,100,409574,1 2 13 5 11 10 3 4 14 9 8 6 0 7 12 
775,2.07109e-06,2.44156e-06,1.93883e-06,50,100,100,409574,1 2 13 5 11 10 3 4 14 9 8 6 0 7 12 
776,2.06106e-06,2.44156e-06,1.89545e-06,50,100,100,409574,1 2 13 5 11 10 3 4 14 9 8 6 0 7 12 
777,2.06946e-06,2.44156e-06,1.92934e-06,50,100,100,409574,1 2 13 5 11 10 3 4 14 9 8 6 0 7 12 
778,2.07081e-06,2.44156e-06,1.9407e-06,50,100,100,409574,1 2 13 5 11 10 3 4 14 9 8 6 0 7 12 
779,2.0675e-06,2.44156e-06,1.92365e-06,50,100,100,409574,1 2 13 5 11 10 3 4 14 9 8 6 0 7 12 
780,2.07674e-06,2.44156e-06,1.9244e-06,50,100,100,409574,1 2 13 5 11 10 3 4 14 9 8 6 0 7 12 
781,2.05682e-06,2.44156e-06,1.94166e-06,50,100,100,409574,1 2 13 5 11 10 3 4 14 9 8 6 0 7 12 
782,2.05499e-06,2.44156e-06,1.90091e-06,50,100,100,409574,1 2 13 5 11 10 3 4 14 9 8 6 0 7 12 
783,2.05374e-06,2.44156e-06,1.93301e-06,50,100,100,409574,1 2 13 5 11 10 3 4 14 9 8 6 0 7 12 
784,2.06434e-06,2.44156e-06,1.91112e-06,50,100,100,409574,1 2 13 5 11 10 3 4 14 9 8 6 0 7 12 
785,2.05876e-06,2.44156e-06,1.90057e-06,50,100,100,409574,1 2 13 5 11 10 3 4 14 9 8 6 0 7 12 
786,2.06118e-06,2.44156e-06,1.90377e-06,50,100,100,409574,1 2 13 5 11 10 3 4 14 9 8 6 0 7 12 
787,2.06067e-06,2.44156e-06,1.88305e-06,50,100,100,409574,1 2 13 5 11 10 3 4 14 9 8 6 0 7 12 
788,2.05144e-06,2.44156e-06,1.91409e-06,50,100,100,409574,1 2 13 5 11 10 3 4 14 9 8 6 0 7 12 
789,2.06028e-06,2.44156e-06,1.89692e-06,50,100,100,409574,1 2 13 5 11 10 3 4 14 9 8 6 0 7 12 
790,2.06663e-06,2.44156e-06,1.92321e-06,50,100,100,409574,1 2 13 5 11 10 3 4 14 9 8 6 0 7 12 
791,2.0711e-06,2.44156e-06,1.90211e-06,50,100,100,409574,1 2 13 5 11 10 3 4 14 9 8 6 0 7 12 
792,2.0693e-06,2.44156e-06,1.92133e-06,50,100,100,409574,1 2 13 5 11 10 3 4 14 9 8 6 0 7 12 
793,2.0767e-06,2.44156e-06,1.8784e-06,50,100,100,409574,1 2 13 5 11 10 3 4 14 9 8 6 0 7 12 
794,2.07207e-06,2.44156e-06,1.90548e-06,50,100,100,409574,1 2 13 5 11 10 3 4 14 9 8 6 0 7 12 
795,2.06803e-06,2.44156e-06,1.91329e-06,50,100,100,409574,1 2 13 5 11 10 3 4 14 9 8 6 0 7 12 
796,2.06025e-06,2.44156e-06,1.91093e-06,50,100,100,409574,1 2 13 5 11 10 3 4 14 9 8 6 0 7 12 
797,2.06613e-06,2.44156e-06,1.88355e-06,50,100,100,409574,1 2 13 5 11 10 3 4 14 9 8 6 0 7 12 
798,2.08181e-06,2.44156e-06,1.89868e-06,50,100,100,409574,1 2 13 5 11 10 3 4 14 9 8 6 0 7 12 
799,2.06895e-06,2.44156e-06,1.93995e-06,50,100,100,409574,1 2 13 5 11 10 3 4 14 9 8 6 0 7 12 
800,2.05692e-06,2.44156e-06,1.91725e-06,50,100,100,409574,1 2 13 5 11 10 3 4 14 9 8 6 0 7 12 
801,2.05278e-06,2.44156e-06,1.91541e-06,50,100,100,409574,1 2 13 5 11 10 3 4 14 9 8 6 0 7 12 
802,2.05769e-06,2.44156e-06,1.91749e-06,50,100,100,409574,1 2 13 5 11 10 3 4 14 9 8 6 0 7 12 
803,2.06256e-06,2.44156e-06,1.89791e-06,50,100,100,409574,1 2 13 5 11 10 3 4 14 9 8 6 0 7 12 
804,2.05738e-06,2.44156e-06,1.90295e-06,50,100,100,409574,1 2 13 5 11 10 3 4 14 9 8 6 0 7 12 
805,2.05154e-06,2.44156e-06,1.90523e-06,50,100,100,409574,1 2 13 5 11 10 3 4 14 9 8 6 0 7 12 
806,2.06178e-06,2.44156e-06,1.91339e-06,50,100,100,409574,1 2 13 5 11 10 3 4 14 9 8 6 0 7 12 
807,2.06118e-06,2.44156e-06,1.92268e-06,50,100,100,409574,1 2 13 5 11 10 3 4 14 9 8 6 0 7 12 
808,2.0604e-06,2.44156e-06,1.92627e-06,50,100,100,409574,1 2 13 5 11 10 3 4 14 9 8 6 0 7 12 
809,2.07454e-06,2.44156e-06,1.94811e-06,50,100,100,409574,1 2 13 5 11 10 3 4 14 9 8 6 0 7 12 
810,2.08484e-06,2.44156e-06,1.96346e-06,50,100,100,409574,1 2 13 5 11 10 3 4 14 9 8 6 0 7 12 
811,2.06937e-06,2.44156e-06,1.90944e-06,50,100,100,409574,1 2 13 5 11 10 3 4 14 9 8 6 0 7 12 
812,2.07412e-06,2.44156e-06,1.93007e-06,50,100,100,409574,1 2 13 5 11 10 3 4 14 9 8 6 0 7 12 
813,2.07079e-06,2.44156e-06,1.91273e-06,50,100,100,409574,1 2 13 5 11 10 3 4 14 9 8 6 0 7 12 
814,2.07813e-06,2.44156e-06,1.90855e-06,50,100,100,409574,1 2 13 5 11 10 3 4 14 9 8 6 0 7 12 
815,2.08168e-06,2.44156e-06,1.94242e-06,50,100,100,409574,1 2 13 5 11 10 3 4 14 9 8 6 0 7 12 
816,2.07513e-06,2.44156e-06,1.89865e-06,50,100,100,409574,1 2 13 5 11 10 3 4 14 9 8 6 0 7 12 
817,2.05973e-06,2.44156e-06,1.87254e-06,50,100,100,409574,1 2 13 5 11 10 3 4 14 9 8 6 0 7 12 
818,2.0622e-06,2.44156e-06,1.91324e-06,50,100,100,409574,1 2 13 5 11 10 3 4 14 9 8 6 0 7 12 
819,2.06173e-06,2.44156e-06,1.91763e-06,50,100,100,409574,1 2 13 5 11 10 3 4 14 9 8 6 0 7 12 
820,2.05738e-06,2.44156e-06,1.90019e-06,50,100,100,409574,1 2 13 5 11 10 3 4 14 9 8 6 0 7 12 
821,2.05878e-06,2.44156e-06,1.90426e-06,50,100,100,409574,1 2 13 5 11 10 3 4 14 9 8 6 0 7 12 
822,2.0696e-06,2.44156e-06,1.89934e-06,50,100,100,409574,1 2 13 5 11 10 3 4 14 9 8 6 0 7 12 
823,2.07294e-06,2.44156e-06,1.90831e-06,50,100,100,409574,1 2 13 5 11 10 3 4 14 9 8 6 0 7 12 
824,2.0643e-06,2.44156e-06,1.89686e-06,50,100,100,409574,1 2 13 5 11 10 3 4 14 9 8 6 0 7 12 
825,2.05909e-06,2.44156e-06,1.92252e-06,50,100,100,409574,1 2 13 5 11 10 3 4 14 9 8 6 0 7 12 
826,2.06545e-06,2.44156e-06,1.93327e-06,50,100,100,409574,1 2 13 5 11 10 3 4 14 9 8 6 0 7 12 
827,2.06358e-06,2.44156e-06,1.91867e-06,50,100,100,409574,1 2 13 5 11 10 3 4 14 9 8 6 0 7 12 
828,2.06105e-06,2.44156e-06,1.91889e-06,50,100,100,409574,1 2 13 5 11 10 3 4 14 9 8 6 0 7 12 
829,2.0664e-06,2.44156e-06,1.89171e-06,50,100,100,409574,1 2 13 5 11 10 3 4 14 9 8 6 0 7 12 
830,2.06948e-06,2.44156e-06,1.9166e-06,50,100,100,409574,1 2 13 5 11 10 3 4 14 9 8 6 0 7 12 
831,2.06176e-06,2.44156e-06,1.92623e-06,50,100,100,409574,1 2 13 5 11 10 3 4 14 9 8 6 0 7 12 
832,2.06704e-06,2.44156e-06,1.90343e-06,50,100,100,409574,1 2 13 5 11 10 3 4 14 9 8 6 0 7 12 
833,2.06309e-06,2.44156e-06,1.91919e-06,50,100,100,409574,1 2 13 5 11 10 3 4 14 9 8 6 0 7 12 
834,2.0614e-06,2.44156e-06,1.8834e-06,50,100,100,409574,1 2 13 5 11 10 3 4 14 9 8 6 0 7 12 
835,2.06637e-06,2.44156e-06,1.9122e-06,50,100,100,409574,1 2 13 5 11 10 3 4 14 9 8 6 0 7 12 
836,2.07119e-06,2.44156e-06,1.93468e-06,50,100,100,409574,1 2 13 5 11 10 3 4 14 9 8 6 0 7 12 
837,2.06502e-06,2.44156e-06,1.9193e-06,50,100,100,409574,1 2 13 5 11 10 3 4 14 9 8 6 0 7 12 
838,2.06336e-06,2.44156e-06,1.91756e-06,50,100,100,409574,1 2 13 5 11 10 3 4 14 9 8 6 0 7 12 
839,2.07371e-06,2.44156e-06,1.94663e-06,50,100,100,409574,1 2 13 5 11 10 3 4 14 9 8 6 0 7 12 
840,2.0714e-06,2.44156e-06,1.92003e-06,50,100,100,409574,1 2 13 5 11 10 3 4 14 9 8 6 0 7 12 
841,2.06849e-06,2.44156e-06,1.9013e-06,50,100,100,409574,1 2 13 5 11 10 3 4 14 9 8 6 0 7 12 
842,2.06066e-06,2.44156e-06,1.91168e-06,50,100,100,409574,1 2 13 5 11 10 3 4 14 9 8 6 0 7 12 
843,2.06447e-06,2.44156e-06,1.88309e-06,50,100,100,409574,1 2 13 5 11 10 3 4 14 9 8 6 0 7 12 
844,2.07572e-06,2.44156e-06,1.94049e-06,50,100,100,409574,1 2 13 5 11 10 3 4 14 9 8 6 0 7 12 
845,2.07472e-06,2.44156e-06,1.91424e-06,50,100,100,409574,1 2 13 5 11 10 3 4 14 9 8 6 0 7 12 
846,2.06863e-06,2.44156e-06,1.8958e-06,50,100,100,409574,1 2 13 5 11 10 3 4 14 9 8 6 0 7 12 
847,2.07356e-06,2.44156e-06,1.88441e-06,50,100,100,409574,1 2 13 5 11 10 3 4 14 9 8 6 0 7 12 
848,2.06345e-06,2.44156e-06,1.93913e-06,50,100,100,409574,1 2 13 5 11 10 3 4 14 9 8 6 0 7 12 
849,2.0553e-06,2.44156e-06,1.91087e-06,50,100,100,409574,1 2 13 5 11 10 3 4 14 9 8 6 0 7 12 
850,2.06901e-06,2.44156e-06,1.91506e-06,50,100,100,409574,1 2 13 5 11 10 3 4 14 9 8 6 0 7 12 
851,2.06448e-06,2.44156e-06,1.91367e-06,50,100,100,409574,1 2 13 5 11 10 3 4 14 9 8 6 0 7 12 
852,2.0659e-06,2.44156e-06,1.94252e-06,50,100,100,409574,1 2 13 5 11 10 3 4 14 9 8 6 0 7 12 
853,2.07157e-06,2.44156e-06,1.94062e-06,50,100,100,409574,1 2 13 5 11 10 3 4 14 9 8 6 0 7 12 
854,2.05043e-06,2.44156e-06,1.92433e-06,50,100,100,409574,1 2 13 5 11 10 3 4 14 9 8 6 0 7 12 
855,2.06469e-06,2.44156e-06,1.89854e-06,50,100,100,409574,1 2 13 5 11 10 3 4 14 9 8 6 0 7 12 
856,2.07126e-06,2.44156e-06,1.92639e-06,50,100,100,409574,1 2 13 5 11 10 3 4 14 9 8 6 0 7 12 
857,2.06624e-06,2.44156e-06,1.89933e-06,50,100,100,409574,1 2 13 5 11 10 3 4 14 9 8 6 0 7 12 
858,2.05543e-06,2.44156e-06,1.88251e-06,50,100,100,409574,1 2 13 5 11 10 3 4 14 9 8 6 0 7 12 
859,2.0491e-06,2.44156e-06,1.88772e-06,50,100,100,409574,1 2 13 5 11 10 3 4 14 9 8 6 0 7 12 
860,2.05883e-06,2.44156e-06,1.91887e-06,50,100,100,409574,1 2 13 5 11 10 3 4 14 9 8 6 0 7 12 
861,2.05059e-06,2.44156e-06,1.88296e-06,50,100,100,409574,1 2 13 5 11 10 3 4 14 9 8 6 0 7 12 
862,2.06238e-06,2.44156e-06,1.89002e-06,50,100,100,409574,1 2 13 5 11 10 3 4 14 9 8 6 0 7 12 
863,2.06461e-06,2.44156e-06,1.92786e-06,50,100,100,409574,1 2 13 5 11 10 3 4 14 9 8 6 0 7 12 
864,2.06796e-06,2.44156e-06,1.93778e-06,50,100,100,409574,1 2 13 5 11 10 3 4 14 9 8 6 0 7 12 
865,2.07027e-06,2.44156e-06,1.9222e-06,50,100,100,409574,1 2 13 5 11 10 3 4 14 9 8 6 0 7 12 
866,2.06154e-06,2.44156e-06,1.91428e-06,50,100,100,409574,1 2 13 5 11 10 3 4 14 9 8 6 0 7 12 
867,2.0658e-06,2.44156e-06,1.92239e-06,50,100,100,409574,1 2 13 5 11 10 3 4 14 9 8 6 0 7 12 
868,2.06289e-06,2.44156e-06,1.90437e-06,50,100,100,409574,1 2 13 5 11 10 3 4 14 9 8 6 0 7 12 
869,2.06835e-06,2.44156e-06,1.91889e-06,50,100,100,409574,1 2 13 5 11 10 3 4 14 9 8 6 0 7 12 
870,2.06058e-06,2.44156e-06,1.92061e-06,50,100,100,409574,1 2 13 5 11 10 3 4 14 9 8 6 0 7 12 
871,2.05401e-06,2.44156e-06,1.92775e-06,50,100,100,409574,1 2 13 5 11 10 3 4 14 9 8 6 0 7 12 
872,2.0582e-06,2.44156e-06,1.91931e-06,50,100,100,409574,1 2 13 5 11 10 3 4 14 9 8 6 0 7 12 
873,2.04722e-06,2.44156e-06,1.92386e-06,50,100,100,409574,1 2 13 5 11 10 3 4 14 9 8 6 0 7 12 
874,2.04188e-06,2.47347e-06,1.91705e-06,50,100,100,404290,1 2 13 5 11 3 10 4 14 9 8 6 0 7 12 
875,2.05695e-06,2.47347e-06,1.90634e-06,50,100,100,404290,1 2 13 5 11 3 10 4 14 9 8 6 0 7 12 
876,2.04858e-06,2.47347e-06,1.93043e-06,50,100,100,404290,1 2 13 5 11 3 10 4 14 9 8 6 0 7 12 
877,2.05208e-06,2.47347e-06,1.88552e-06,50,100,100,404290,1 2 13 5 11 3 10 4 14 9 8 6 0 7 12 
878,2.05797e-06,2.47347e-06,1.88561e-06,50,100,100,404290,1 2 13 5 11 3 10 4 14 9 8 6 0 7 12 
879,2.05986e-06,2.47347e-06,1.9014e-06,50,100,100,404290,1 2 13 5 11 3 10 4 14 9 8 6 0 7 12 
880,2.06001e-06,2.47347e-06,1.90819e-06,50,100,100,404290,1 2 13 5 11 3 10 4 14 9 8 6 0 7 12 
881,2.07358e-06,2.47347e-06,1.90577e-06,50,100,100,404290,1 2 13 5 11 3 10 4 14 9 8 6 0 7 12 
882,2.06919e-06,2.47347e-06,1.90802e-06,50,100,100,404290,1 2 13 5 11 3 10 4 14 9 8 6 0 7 12 
883,2.06726e-06,2.47347e-06,1.91033e-06,50,100,100,404290,1 2 13 5 11 3 10 4 14 9 8 6 0 7 12 
884,2.07091e-06,2.47347e-06,1.91463e-06,50,100,100,404290,1 2 13 5 11 3 10 4 14 9 8 6 0 7 12 
885,2.06951e-06,2.47347e-06,1.92361e-06,50,100,100,404290,1 2 13 5 11 3 10 4 14 9 8 6 0 7 12 
886,2.06768e-06,2.47347e-06,1.92958e-06,50,100,100,404290,1 2 13 5 11 3 10 4 14 9 8 6 0 7 12 
887,2.08052e-06,2.47347e-06,1.9409e-06,50,100,100,404290,1 2 13 5 11 3 10 4 14 9 8 6 0 7 12 
888,2.08198e-06,2.47347e-06,1.93162e-06,50,100,100,404290,1 2 13 5 11 3 10 4 14 9 8 6 0 7 12 
889,2.06634e-06,2.47347e-06,1.90223e-06,50,100,100,404290,1 2 13 5 11 3 10 4 14 9 8 6 0 7 12 
890,2.06337e-06,2.47347e-06,1.91682e-06,50,100,100,404290,1 2 13 5 11 3 10 4 14 9 8 6 0 7 12 
891,2.07395e-06,2.47347e-06,1.92504e-06,50,100,100,404290,1 2 13 5 11 3 10 4 14 9 8 6 0 7 12 
892,2.08267e-06,2.47347e-06,1.91711e-06,50,100,100,404290,1 2 13 5 11 3 10 4 14 9 8 6 0 7 12 
893,2.08707e-06,2.47347e-06,1.90828e-06,50,100,100,404290,1 2 13 5 11 3 10 4 14 9 8 6 0 7 12 
894,2.10134e-06,2.47347e-06,1.9249e-06,50,100,100,404290,1 2 13 5 11 3 10 4 14 9 8 6 0 7 12 
895,2.08996e-06,2.47347e-06,1.92584e-06,50,100,100,404290,1 2 13 5 11 3 10 4 14 9 8 6 0 7 12 
896,2.07329e-06,2.47347e-06,1.89417e-06,50,100,100,404290,1 2 13 5 11 3 10 4 14 9 8 6 0 7 12 
897,2.06467e-06,2.47347e-06,1.89295e-06,50,100,100,404290,1 2 13 5 11 3 10 4 14 9 8 6 0 7 12 
898,2.07097e-06,2.47347e-06,1.91444e-06,50,100,100,404290,1 2 13 5 11 3 10 4 14 9 8 6 0 7 12 
899,2.08378e-06,2.47347e-06,1.91325e-06,50,100,100,404290,1 2 13 5 11 3 10 4 14 9 8 6 0 7 12 
900,2.07433e-06,2.47347e-06,1.93661e-06,50,100,100,404290,1 2 13 5 11 3 10 4 14 9 8 6 0 7 12 
901,2.06174e-06,2.47347e-06,1.89934e-06,50,100,100,404290,1 2 13 5 11 3 10 4 14 9 8 6 0 7 12 
902,2.06819e-06,2.47347e-06,1.92734e-06,50,100,100,404290,1 2 13 5 11 3 10 4 14 9 8 6 0 7 12 
903,2.07167e-06,2.47347e-06,1.89677e-06,50,100,100,404290,1 2 13 5 11 3 10 4 14 9 8 6 0 7 12 
904,2.0672e-06,2.47347e-06,1.87828e-06,50,100,100,404290,1 2 13 5 11 3 10 4 14 9 8 6 0 7 12 
905,2.07389e-06,2.47347e-06,1.92711e-06,50,100,100,404290,1 2 13 5 11 3 10 4 14 9 8 6 0 7 12 
906,2.07078e-06,2.47347e-06,1.87664e-06,50,100,100,404290,1 2 13 5 11 3 10 4 14 9 8 6 0 7 12 
907,2.06668e-06,2.47347e-06,1.89219e-06,50,100,100,404290,1 2 13 5 11 3 10 4 14 9 8 6 0 7 12 
908,2.06239e-06,2.47347e-06,1.91231e-06,50,100,100,404290,1 2 13 5 11 3 10 4 14 9 8 6 0 7 12 
909,2.07027e-06,2.47347e-06,1.911e-06,50,100,100,404290,1 2 13 5 11 3 10 4 14 9 8 6 0 7 12 
910,2.05518e-06,2.47347e-06,1.91058e-06,50,100,100,404290,1 2 13 5 11 3 10 4 14 9 8 6 0 7 12 
911,2.0697e-06,2.47347e-06,1.90294e-06,50,100,100,404290,1 2 13 5 11 3 10 4 14 9 8 6 0 7 12 
912,2.07229e-06,2.47347e-06,1.89428e-06,50,100,100,404290,1 2 13 5 11 3 10 4 14 9 8 6 0 7 12 
913,2.0693e-06,2.47347e-06,1.8874e-06,50,100,100,404290,1 2 13 5 11 3 10 4 14 9 8 6 0 7 12 
914,2.06791e-06,2.47347e-06,1.90279e-06,50,100,100,404290,1 2 13 5 11 3 10 4 14 9 8 6 0 7 12 
915,2.05944e-06,2.47347e-06,1.90089e-06,50,100,100,404290,1 2 13 5 11 3 10 4 14 9 8 6 0 7 12 
916,2.06307e-06,2.47347e-06,1.90702e-06,50,100,100,404290,1 2 13 5 11 3 10 4 14 9 8 6 0 7 12 
917,2.06334e-06,2.47347e-06,1.92519e-06,50,100,100,404290,1 2 13 5 11 3 10 4 14 9 8 6 0 7 12 
918,2.06156e-06,2.47347e-06,1.91806e-06,50,100,100,404290,1 2 13 5 11 3 10 4 14 9 8 6 0 7 12 
919,2.06671e-06,2.47347e-06,1.89927e-06,50,100,100,404290,1 2 13 5 11 3 10 4 14 9 8 6 0 7 12 
920,2.065e-06,2.47347e-06,1.91076e-06,50,100,100,404290,1 2 13 5 11 3 10 4 14 9 8 6 0 7 12 
921,2.0659e-06,2.47347e-06,1.91244e-06,50,100,100,404290,1 2 13 5 11 3 10 4 14 9 8 6 0 7 12 
922,2.05885e-06,2.47347e-06,1.89352e-06,50,100,100,404290,1 2 13 5 11 3 10 4 14 9 8 6 0 7 12 
923,2.0627e-06,2.47347e-06,1.9128e-06,50,100,100,404290,1 2 13 5 11 3 10 4 14 9 8 6 0 7 12 
924,2.05471e-06,2.47347e-06,1.92264e-06,50,100,100,404290,1 2 13 5 11 3 10 4 14 9 8 6 0 7 12 
925,2.06163e-06,2.47347e-06,1.8998e-06,50,100,100,404290,1 2 13 5 11 3 10 4 14 9 8 6 0 7 12 
926,2.07374e-06,2.47347e-06,1.9284e-06,50,100,100,404290,1 2 13 5 11 3 10 4 14 9 8 6 0 7 12 
927,2.06926e-06,2.47347e-06,1.90713e-06,50,100,100,404290,1 2 13 5 11 3 10 4 14 9 8 6 0 7 12 
928,2.05509e-06,2.47347e-06,1.9066e-06,50,100,100,404290,1 2 13 5 11 3 10 4 14 9 8 6 0 7 12 
929,2.05911e-06,2.47347e-06,1.87826e-06,50,100,100,404290,1 2 13 5 11 3 10 4 14 9 8 6 0 7 12 
930,2.06781e-06,2.47347e-06,1.92461e-06,50,100,100,404290,1 2 13 5 11 3 10 4 14 9 8 6 0 7 12 
931,2.05887e-06,2.47347e-06,1.90612e-06,50,100,100,404290,1 2 13 5 11 3 10 4 14 9 8 6 0 7 12 
932,2.06517e-06,2.47347e-06,1.89687e-06,50,100,100,404290,1 2 13 5 11 3 10 4 14 9 8 6 0 7 12 
933,2.06561e-06,2.47347e-06,1.92201e-06,50,100,100,404290,1 2 13 5 11 3 10 4 14 9 8 6 0 7 12 
934,2.05754e-06,2.47347e-06,1.93555e-06,50,100,100,404290,1 2 13 5 11 3 10 4 14 9 8 6 0 7 12 
935,2.06247e-06,2.47347e-06,1.92624e-06,50,100,100,404290,1 2 13 5 11 3 10 4 14 9 8 6 0 7 12 
936,2.06076e-06,2.47347e-06,1.93451e-06,50,100,100,404290,1 2 13 5 11 3 10 4 14 9 8 6 0 7 12 
937,2.05518e-06,2.47347e-06,1.89652e-06,50,100,100,404290,1 2 13 5 11 3 10 4 14 9 8 6 0 7 12 
938,2.05984e-06,2.47347e-06,1.91499e-06,50,100,100,404290,1 2 13 5 11 3 10 4 14 9 8 6 0 7 12 
939,2.05087e-06,2.47347e-06,1.92206e-06,50,100,100,404290,1 2 13 5 11 3 10 4 14 9 8 6 0 7 12 
940,2.05803e-06,2.47347e-06,1.94147e-06,50,100,100,404290,1 2 13 5 11 3 10 4 14 9 8 6 0 7 12 
941,2.06026e-06,2.47347e-06,1.8904e-06,50,100,100,404290,1 2 13 5 11 3 10 4 14 9 8 6 0 7 12 
942,2.05905e-06,2.47347e-06,1.9233e-06,50,100,100,404290,1 2 13 5 11 3 10 4 14 9 8 6 0 7 12 
943,2.07123e-06,2.47347e-06,1.91917e-06,50,100,100,404290,1 2 13 5 11 3 10 4 14 9 8 6 0 7 12 
944,2.07373e-06,2.47347e-06,1.91921e-06,50,100,100,404290,1 2 13 5 11 3 10 4 14 9 8 6 0 7 12 
945,2.06776e-06,2.47347e-06,1.9185e-06,50,100,100,404290,1 2 13 5 11 3 10 4 14 9 8 6 0 7 12 
946,2.07942e-06,2.47347e-06,1.93591e-06,50,100,100,404290,1 2 13 5 11 3 10 4 14 9 8 6 0 7 12 
947,2.07112e-06,2.47347e-06,1.90429e-06,50,100,100,404290,1 2 13 5 11 3 10 4 14 9 8 6 0 7 12 
948,2.07812e-06,2.47347e-06,1.92241e-06,50,100,100,404290,1 2 13 5 11 3 10 4 14 9 8 6 0 7 12 
949,2.05662e-06,2.47347e-06,1.88836e-06,50,100,100,404290,1 2 13 5 11 3 10 4 14 9 8 6 0 7 12 
950,2.05264e-06,2.47347e-06,1.89737e-06,50,100,100,404290,1 2 13 5 11 3 10 4 14 9 8 6 0 7 12 
951,2.05752e-06,2.47347e-06,1.89049e-06,50,100,100,404290,1 2 13 5 11 3 10 4 14 9 8 6 0 7 12 
952,2.05527e-06,2.47347e-06,1.87656e-06,50,100,100,404290,1 2 13 5 11 3 10 4 14 9 8 6 0 7 12 
953,2.06241e-06,2.47347e-06,1.90908e-06,50,100,100,404290,1 2 13 5 11 3 10 4 14 9 8 6 0 7 12 
954,2.06162e-06,2.47347e-06,1.92466e-06,50,100,100,404290,1 2 13 5 11 3 10 4 14 9 8 6 0 7 12 
955,2.05331e-06,2.47347e-06,1.91282e-06,50,100,100,404290,1 2 13 5 11 3 10 4 14 9 8 6 0 7 12 
956,2.05254e-06,2.47347e-06,1.90957e-06,50,100,100,404290,1 2 13 5 11 3 10 4 14 9 8 6 0 7 12 
957,2.06675e-06,2.47347e-06,1.90714e-06,50,100,100,404290,1 2 13 5 11 3 10 4 14 9 8 6 0 7 12 
958,2.0726e-06,2.47347e-06,1.97449e-06,50,100,100,404290,1 2 13 5 11 3 10 4 14 9 8 6 0 7 12 
959,2.06041e-06,2.47347e-06,1.92864e-06,50,100,100,404290,1 2 13 5 11 3 10 4 14 9 8 6 0 7 12 
960,2.0749e-06,2.47347e-06,1.92083e-06,50,100,100,404290,1 2 13 5 11 3 10 4 14 9 8 6 0 7 12 
961,2.0772e-06,2.47347e-06,1.91326e-06,50,100,100,404290,1 2 13 5 11 3 10 4 14 9 8 6 0 7 12 
962,2.06691e-06,2.47347e-06,1.91754e-06,50,100,100,404290,1 2 13 5 11 3 10 4 14 9 8 6 0 7 12 
963,2.05683e-06,2.47347e-06,1.89897e-06,50,100,100,404290,1 2 13 5 11 3 10 4 14 9 8 6 0 7 12 
964,2.08663e-06,2.47347e-06,1.92512e-06,50,100,100,404290,1 2 13 5 11 3 10 4 14 9 8 6 0 7 12 
965,2.08535e-06,2.47347e-06,1.93992e-06,50,100,100,404290,1 2 13 5 11 3 10 4 14 9 8 6 0 7 12 
966,2.07753e-06,2.47347e-06,1.93319e-06,50,100,100,404290,1 2 13 5 11 3 10 4 14 9 8 6 0 7 12 
967,2.08325e-06,2.47347e-06,1.90588e-06,50,100,100,404290,1 2 13 5 11 3 10 4 14 9 8 6 0 7 12 
968,2.08126e-06,2.47347e-06,1.93918e-06,50,100,100,404290,1 2 13 5 11 3 10 4 14 9 8 6 0 7 12 
969,2.07814e-06,2.47347e-06,1.92991e-06,50,100,100,404290,1 2 13 5 11 3 10 4 14 9 8 6 0 7 12 
970,2.06509e-06,2.47347e-06,1.93159e-06,50,100,100,404290,1 2 13 5 11 3 10 4 14 9 8 6 0 7 12 
971,2.06488e-06,2.47347e-06,1.90337e-06,50,100,100,404290,1 2 13 5 11 3 10 4 14 9 8 6 0 7 12 
972,2.08006e-06,2.47347e-06,1.90362e-06,50,100,100,404290,1 2 13 5 11 3 10 4 14 9 8 6 0 7 12 
973,2.07917e-06,2.47347e-06,1.906e-06,50,100,100,404290,1 2 13 5 11 3 10 4 14 9 8 6 0 7 12 
974,2.08144e-06,2.47347e-06,1.91765e-06,50,100,100,404290,1 2 13 5 11 3 10 4 14 9 8 6 0 7 12 
975,2.07296e-06,2.47347e-06,1.91062e-06,50,100,100,404290,1 2 13 5 11 3 10 4 14 9 8 6 0 7 12 
976,2.06668e-06,2.47347e-06,1.9285e-06,50,100,100,404290,1 2 13 5 11 3 10 4 14 9 8 6 0 7 12 
977,2.06539e-06,2.47347e-06,1.91246e-06,50,100,100,404290,1 2 13 5 11 3 10 4 14 9 8 6 0 7 12 
978,2.07758e-06,2.47347e-06,1.93221e-06,50,100,100,404290,1 2 13 5 11 3 10 4 14 9 8 6 0 7 12 
979,2.07617e-06,2.47347e-06,1.91752e-06,50,100,100,404290,1 2 13 5 11 3 10 4 14 9 8 6 0 7 12 
980,2.05627e-06,2.47347e-06,1.89632e-06,50,100,100,404290,1 2 13 5 11 3 10 4 14 9 8 6 0 7 12 
981,2.07197e-06,2.47347e-06,1.93547e-06,50,100,100,404290,1 2 13 5 11 3 10 4 14 9 8 6 0 7 12 
982,2.07832e-06,2.47347e-06,1.92436e-06,50,100,100,404290,1 2 13 5 11 3 10 4 14 9 8 6 0 7 12 
983,2.08299e-06,2.47347e-06,1.90125e-06,50,100,100,404290,1 2 13 5 11 3 10 4 14 9 8 6 0 7 12 
984,2.08112e-06,2.47347e-06,1.92683e-06,50,100,100,404290,1 2 13 5 11 3 10 4 14 9 8 6 0 7 12 
985,2.07227e-06,2.47347e-06,1.88294e-06,50,100,100,404290,1 2 13 5 11 3 10 4 14 9 8 6 0 7 12 
986,2.07141e-06,2.47347e-06,1.89665e-06,50,100,100,404290,1 2 13 5 11 3 10 4 14 9 8 6 0 7 12 
987,2.07477e-06,2.47347e-06,1.89036e-06,50,100,100,404290,1 2 13 5 11 3 10 4 14 9 8 6 0 7 12 
988,2.07746e-06,2.47347e-06,1.88288e-06,50,100,100,404290,1 2 13 5 11 3 10 4 14 9 8 6 0 7 12 
989,2.07902e-06,2.47347e-06,1.90237e-06,50,100,100,404290,1 2 13 5 11 3 10 4 14 9 8 6 0 7 12 
990,2.06951e-06,2.47347e-06,1.93628e-06,50,100,100,404290,1 2 13 5 11 3 10 4 14 9 8 6 0 7 12 
991,2.0767e-06,2.47347e-06,1.89531e-06,50,100,100,404290,1 2 13 5 11 3 10 4 14 9 8 6 0 7 12 
992,2.06382e-06,2.47347e-06,1.92117e-06,50,100,100,404290,1 2 13 5 11 3 10 4 14 9 8 6 0 7 12 
993,2.07594e-06,2.47347e-06,1.91991e-06,50,100,100,404290,1 2 13 5 11 3 10 4 14 9 8 6 0 7 12 
994,2.07245e-06,2.47347e-06,1.8858e-06,50,100,100,404290,1 2 13 5 11 3 10 4 14 9 8 6 0 7 12 
995,2.0762e-06,2.47347e-06,1.94556e-06,50,100,100,404290,1 2 13 5 11 3 10 4 14 9 8 6 0 7 12 
996,2.06063e-06,2.47347e-06,1.90316e-06,50,100,100,404290,1 2 13 5 11 3 10 4 14 9 8 6 0 7 12 
997,2.06222e-06,2.47347e-06,1.91023e-06,50,100,100,404290,1 2 13 5 11 3 10 4 14 9 8 6 0 7 12 
998,2.06849e-06,2.47347e-06,1.93111e-06,50,100,100,404290,1 2 13 5 11 3 10 4 14 9 8 6 0 7 12 
999,2.0708e-06,2.47347e-06,1.89886e-06,50,100,100,404290,1 2 13 5 11 3 10 4 14 9 8 6 0 7 12 
