Generación,Media,Mejor,Peor,Cruzas,Mutaciones,Inversiones,Costo,Permutación
1,2.04369e-06,2.23172e-06,1.91235e-06,50,100,100,448084,13 7 11 10 2 0 3 1 5 8 12 4 6 14 9 
2,2.04674e-06,2.23172e-06,1.89151e-06,50,100,100,448084,13 7 11 10 2 0 3 1 5 8 12 4 6 14 9 
3,2.06033e-06,2.25e-06,1.88797e-06,50,100,100,444444,2 7 11 10 13 0 3 1 5 8 12 4 6 14 9 
4,2.05803e-06,2.31559e-06,1.91774e-06,50,100,100,431854,2 7 11 0 13 10 3 8 1 5 12 4 6 14 9 
5,2.05717e-06,2.31559e-06,1.89112e-06,50,100,100,431854,2 7 11 0 13 10 3 8 1 5 12 4 6 14 9 
6,2.06163e-06,2.31559e-06,1.91587e-06,50,100,100,431854,2 7 11 0 13 10 3 8 1 5 12 4 6 14 9 
7,2.06424e-06,2.31559e-06,1.95861e-06,50,100,100,431854,2 7 11 0 13 10 3 8 1 5 12 4 6 14 9 
8,2.0544e-06,2.31559e-06,1.90763e-06,50,100,100,431854,2 7 11 0 13 10 3 8 1 5 12 4 6 14 9 
9,2.05301e-06,2.31559e-06,1.90232e-06,50,100,100,431854,2 7 11 0 13 10 3 8 1 5 12 4 6 14 9 
10,2.06435e-06,2.31559e-06,1.92386e-06,50,100,100,431854,2 7 11 0 13 10 3 8 1 5 12 4 6 14 9 
11,2.05185e-06,2.31559e-06,1.88716e-06,50,100,100,431854,2 7 11 0 13 10 3 8 1 5 12 4 6 14 9 
12,2.0577e-06,2.31559e-06,1.90438e-06,50,100,100,431854,2 7 11 0 13 10 3 8 1 5 12 4 6 14 9 
13,2.05987e-06,2.31559e-06,1.88891e-06,50,100,100,431854,2 7 11 0 13 10 3 8 1 5 12 4 6 14 9 
14,2.06472e-06,2.31559e-06,1.89909e-06,50,100,100,431854,2 7 11 0 13 10 3 8 1 5 12 4 6 14 9 
15,2.064e-06,2.31559e-06,1.88648e-06,50,100,100,431854,2 7 11 0 13 10 3 8 1 5 12 4 6 14 9 
16,2.074e-06,2.31559e-06,1.89758e-06,50,100,100,431854,2 7 11 0 13 10 3 8 1 5 12 4 6 14 9 
17,2.0651e-06,2.31559e-06,1.91262e-06,50,100,100,431854,2 7 11 0 13 10 3 8 1 5 12 4 6 14 9 
18,2.06985e-06,2.31559e-06,1.92528e-06,50,100,100,431854,2 7 11 0 13 10 3 8 1 5 12 4 6 14 9 
19,2.06322e-06,2.31559e-06,1.86332e-06,50,100,100,431854,2 7 11 0 13 10 3 8 1 5 12 4 6 14 9 
20,2.06027e-06,2.31559e-06,1.91901e-06,50,100,100,431854,2 7 11 0 13 10 3 8 1 5 12 4 6 14 9 
21,2.05659e-06,2.31559e-06,1.91603e-06,50,100,100,431854,2 7 11 0 13 10 3 8 1 5 12 4 6 14 9 
22,2.06147e-06,2.31559e-06,1.89395e-06,50,100,100,431854,2 7 11 0 13 10 3 8 1 5 12 4 6 14 9 
23,2.04577e-06,2.31559e-06,1.85868e-06,50,100,100,431854,2 7 11 0 13 10 3 8 1 5 12 4 6 14 9 
24,2.05479e-06,2.31559e-06,1.92542e-06,50,100,100,431854,2 7 11 0 13 10 3 8 1 5 12 4 6 14 9 
25,2.05849e-06,2.31559e-06,1.91898e-06,50,100,100,431854,2 7 11 0 13 10 3 8 1 5 12 4 6 14 9 
26,2.05008e-06,2.31559e-06,1.90231e-06,50,100,100,431854,2 7 11 0 13 10 3 8 1 5 12 4 6 14 9 
27,2.05734e-06,2.31559e-06,1.91251e-06,50,100,100,431854,2 7 11 0 13 10 3 8 1 5 12 4 6 14 9 
28,2.06815e-06,2.31559e-06,1.91651e-06,50,100,100,431854,2 7 11 0 13 10 3 8 1 5 12 4 6 14 9 
29,2.05245e-06,2.31559e-06,1.91069e-06,50,100,100,431854,2 7 11 0 13 10 3 8 1 5 12 4 6 14 9 
30,2.05459e-06,2.3181e-06,1.90956e-06,50,100,100,431386,2 1 11 0 13 10 3 4 7 5 12 8 6 14 9 
31,2.06173e-06,2.3181e-06,1.89634e-06,50,100,100,431386,2 1 11 0 13 10 3 4 7 5 12 8 6 14 9 
32,2.0625e-06,2.33772e-06,1.9177e-06,50,100,100,427766,14 1 13 0 5 10 3 12 7 4 2 8 6 11 9 
33,2.05375e-06,2.33772e-06,1.92896e-06,50,100,100,427766,14 1 13 0 5 10 3 12 7 4 2 8 6 11 9 
34,2.05486e-06,2.33772e-06,1.8732e-06,50,100,100,427766,14 1 13 0 5 10 3 12 7 4 2 8 6 11 9 
35,2.04844e-06,2.33772e-06,1.88523e-06,50,100,100,427766,14 1 13 0 5 10 3 12 7 4 2 8 6 11 9 
36,2.05333e-06,2.33772e-06,1.90065e-06,50,100,100,427766,14 1 13 0 5 10 3 12 7 4 2 8 6 11 9 
37,2.06164e-06,2.33772e-06,1.89323e-06,50,100,100,427766,14 1 13 0 5 10 3 12 7 4 2 8 6 11 9 
38,2.05601e-06,2.33772e-06,1.91483e-06,50,100,100,427766,14 1 13 0 5 10 3 12 7 4 2 8 6 11 9 
39,2.04574e-06,2.33772e-06,1.86337e-06,50,100,100,427766,14 1 13 0 5 10 3 12 7 4 2 8 6 11 9 
40,2.04382e-06,2.33772e-06,1.88929e-06,50,100,100,427766,14 1 13 0 5 10 3 12 7 4 2 8 6 11 9 
41,2.04591e-06,2.33772e-06,1.92685e-06,50,100,100,427766,14 1 13 0 5 10 3 12 7 4 2 8 6 11 9 
42,2.05379e-06,2.33772e-06,1.9098e-06,50,100,100,427766,14 1 13 0 5 10 3 12 7 4 2 8 6 11 9 
43,2.06587e-06,2.33772e-06,1.91213e-06,50,100,100,427766,14 1 13 0 5 10 3 12 7 4 2 8 6 11 9 
44,2.06272e-06,2.39256e-06,1.88309e-06,50,100,100,417962,0 1 13 8 11 10 3 12 5 4 2 7 6 14 9 
45,2.06613e-06,2.39256e-06,1.9328e-06,50,100,100,417962,0 1 13 8 11 10 3 12 5 4 2 7 6 14 9 
46,2.0536e-06,2.39256e-06,1.91075e-06,50,100,100,417962,0 1 13 8 11 10 3 12 5 4 2 7 6 14 9 
47,2.04203e-06,2.39256e-06,1.9093e-06,50,100,100,417962,0 1 13 8 11 10 3 12 5 4 2 7 6 14 9 
48,2.05672e-06,2.39256e-06,1.91491e-06,50,100,100,417962,0 1 13 8 11 10 3 12 5 4 2 7 6 14 9 
49,2.05506e-06,2.39256e-06,1.94221e-06,50,100,100,417962,0 1 13 8 11 10 3 12 5 4 2 7 6 14 9 
50,2.04588e-06,2.39256e-06,1.9003e-06,50,100,100,417962,0 1 13 8 11 10 3 12 5 4 2 7 6 14 9 
51,2.05639e-06,2.39256e-06,1.92966e-06,50,100,100,417962,0 1 13 8 11 10 3 12 5 4 2 7 6 14 9 
52,2.06032e-06,2.39256e-06,1.90008e-06,50,100,100,417962,0 1 13 8 11 10 3 12 5 4 2 7 6 14 9 
53,2.05413e-06,2.39256e-06,1.88832e-06,50,100,100,417962,0 1 13 8 11 10 3 12 5 4 2 7 6 14 9 
54,2.05096e-06,2.39256e-06,1.89816e-06,50,100,100,417962,0 1 13 8 11 10 3 12 5 4 2 7 6 14 9 
55,2.06422e-06,2.39256e-06,1.91378e-06,50,100,100,417962,0 1 13 8 11 10 3 12 5 4 2 7 6 14 9 
56,2.05938e-06,2.39256e-06,1.91806e-06,50,100,100,417962,0 1 13 8 11 10 3 12 5 4 2 7 6 14 9 
57,2.05915e-06,2.39256e-06,1.91191e-06,50,100,100,417962,0 1 13 8 11 10 3 12 5 4 2 7 6 14 9 
58,2.06199e-06,2.39256e-06,1.90823e-06,50,100,100,417962,0 1 13 8 11 10 3 12 5 4 2 7 6 14 9 
59,2.06306e-06,2.39256e-06,1.89144e-06,50,100,100,417962,0 1 13 8 11 10 3 12 5 4 2 7 6 14 9 
60,2.04598e-06,2.39256e-06,1.87309e-06,50,100,100,417962,0 1 13 8 11 10 3 12 5 4 2 7 6 14 9 
61,2.06396e-06,2.39256e-06,1.90823e-06,50,100,100,417962,0 1 13 8 11 10 3 12 5 4 2 7 6 14 9 
62,2.06415e-06,2.39256e-06,1.92089e-06,50,100,100,417962,0 1 13 8 11 10 3 12 5 4 2 7 6 14 9 
63,2.06897e-06,2.39256e-06,1.92912e-06,50,100,100,417962,0 1 13 8 11 10 3 12 5 4 2 7 6 14 9 
64,2.0658e-06,2.39256e-06,1.92373e-06,50,100,100,417962,0 1 13 8 11 10 3 12 5 4 2 7 6 14 9 
65,2.04813e-06,2.39256e-06,1.89639e-06,50,100,100,417962,0 1 13 8 11 10 3 12 5 4 2 7 6 14 9 
66,2.05462e-06,2.39256e-06,1.88853e-06,50,100,100,417962,0 1 13 8 11 10 3 12 5 4 2 7 6 14 9 
67,2.0519e-06,2.39256e-06,1.88633e-06,50,100,100,417962,0 1 13 8 11 10 3 12 5 4 2 7 6 14 9 
68,2.05642e-06,2.39256e-06,1.92484e-06,50,100,100,417962,0 1 13 8 11 10 3 12 5 4 2 7 6 14 9 
69,2.06131e-06,2.39256e-06,1.89755e-06,50,100,100,417962,0 1 13 8 11 10 3 12 5 4 2 7 6 14 9 
70,2.06215e-06,2.39256e-06,1.92976e-06,50,100,100,417962,0 1 13 8 11 10 3 12 5 4 2 7 6 14 9 
71,2.05155e-06,2.39256e-06,1.91089e-06,50,100,100,417962,0 1 13 8 11 10 3 12 5 4 2 7 6 14 9 
72,2.04931e-06,2.39256e-06,1.91556e-06,50,100,100,417962,0 1 13 8 11 10 3 12 5 4 2 7 6 14 9 
73,2.06651e-06,2.39256e-06,1.8966e-06,50,100,100,417962,0 1 13 8 11 10 3 12 5 4 2 7 6 14 9 
74,2.05765e-06,2.43218e-06,1.90724e-06,50,100,100,411152,4 1 13 9 11 10 3 12 5 7 2 6 0 14 8 
75,2.05859e-06,2.43218e-06,1.89326e-06,50,100,100,411152,4 1 13 9 11 10 3 12 5 7 2 6 0 14 8 
76,2.05668e-06,2.43218e-06,1.88194e-06,50,100,100,411152,4 1 13 9 11 10 3 12 5 7 2 6 0 14 8 
77,2.04908e-06,2.43218e-06,1.84924e-06,50,100,100,411152,4 1 13 9 11 10 3 12 5 7 2 6 0 14 8 
78,2.06176e-06,2.43218e-06,1.91133e-06,50,100,100,411152,4 1 13 9 11 10 3 12 5 7 2 6 0 14 8 
79,2.06307e-06,2.43218e-06,1.88886e-06,50,100,100,411152,4 1 13 9 11 10 3 12 5 7 2 6 0 14 8 
80,2.05476e-06,2.43218e-06,1.92651e-06,50,100,100,411152,4 1 13 9 11 10 3 12 5 7 2 6 0 14 8 
81,2.06249e-06,2.43218e-06,1.88124e-06,50,100,100,411152,4 1 13 9 11 10 3 12 5 7 2 6 0 14 8 
82,2.06248e-06,2.43218e-06,1.92829e-06,50,100,100,411152,4 1 13 9 11 10 3 12 5 7 2 6 0 14 8 
83,2.05525e-06,2.43218e-06,1.88406e-06,50,100,100,411152,4 1 13 9 11 10 3 12 5 7 2 6 0 14 8 
84,2.05803e-06,2.43218e-06,1.92667e-06,50,100,100,411152,4 1 13 9 11 10 3 12 5 7 2 6 0 14 8 
85,2.07206e-06,2.43218e-06,1.92479e-06,50,100,100,411152,4 1 13 9 11 10 3 12 5 7 2 6 0 14 8 
86,2.0583e-06,2.43218e-06,1.91292e-06,50,100,100,411152,4 1 13 9 11 10 3 12 5 7 2 6 0 14 8 
87,2.06668e-06,2.43218e-06,1.89962e-06,50,100,100,411152,4 1 13 9 11 10 3 12 5 7 2 6 0 14 8 
88,2.06952e-06,2.43218e-06,1.91764e-06,50,100,100,411152,4 1 13 9 11 10 3 12 5 7 2 6 0 14 8 
89,2.07094e-06,2.43218e-06,1.88905e-06,50,100,100,411152,4 1 13 9 11 10 3 12 5 7 2 6 0 14 8 
90,2.07169e-06,2.43218e-06,1.94492e-06,50,100,100,411152,4 1 13 9 11 10 3 12 5 7 2 6 0 14 8 
91,2.06187e-06,2.43218e-06,1.93969e-06,50,100,100,411152,4 1 13 9 11 10 3 12 5 7 2 6 0 14 8 
92,2.06494e-06,2.43218e-06,1.92802e-06,50,100,100,411152,4 1 13 9 11 10 3 12 5 7 2 6 0 14 8 
93,2.05478e-06,2.43218e-06,1.87477e-06,50,100,100,411152,4 1 13 9 11 10 3 12 5 7 2 6 0 14 8 
94,2.06685e-06,2.43218e-06,1.91772e-06,50,100,100,411152,4 1 13 9 11 10 3 12 5 7 2 6 0 14 8 
95,2.05575e-06,2.43218e-06,1.91427e-06,50,100,100,411152,4 1 13 9 11 10 3 12 5 7 2 6 0 14 8 
96,2.04698e-06,2.43218e-06,1.9059e-06,50,100,100,411152,4 1 13 9 11 10 3 12 5 7 2 6 0 14 8 
97,2.04499e-06,2.43218e-06,1.9356e-06,50,100,100,411152,4 1 13 9 11 10 3 12 5 7 2 6 0 14 8 
98,2.04598e-06,2.43218e-06,1.89452e-06,50,100,100,411152,4 1 13 9 11 10 3 12 5 7 2 6 0 14 8 
99,2.04782e-06,2.43218e-06,1.9007e-06,50,100,100,411152,4 1 13 9 11 10 3 12 5 7 2 6 0 14 8 
100,2.05324e-06,2.43218e-06,1.90267e-06,50,100,100,411152,4 1 13 9 11 10 3 12 5 7 2 6 0 14 8 
101,2.06292e-06,2.43218e-06,1.91711e-06,50,100,100,411152,4 1 13 9 11 10 3 12 5 7 2 6 0 14 8 
102,2.04533e-06,2.43218e-06,1.91118e-06,50,100,100,411152,4 1 13 9 11 10 3 12 5 7 2 6 0 14 8 
103,2.05621e-06,2.43218e-06,1.8713e-06,50,100,100,411152,4 1 13 9 11 10 3 12 5 7 2 6 0 14 8 
104,2.04697e-06,2.43218e-06,1.91568e-06,50,100,100,411152,4 1 13 9 11 10 3 12 5 7 2 6 0 14 8 
105,2.06022e-06,2.43218e-06,1.90591e-06,50,100,100,411152,4 1 13 9 11 10 3 12 5 7 2 6 0 14 8 
106,2.06328e-06,2.43218e-06,1.92347e-06,50,100,100,411152,4 1 13 9 11 10 3 12 5 7 2 6 0 14 8 
107,2.06912e-06,2.43218e-06,1.90034e-06,50,100,100,411152,4 1 13 9 11 10 3 12 5 7 2 6 0 14 8 
108,2.07212e-06,2.43218e-06,1.93211e-06,50,100,100,411152,4 1 13 9 11 10 3 12 5 7 2 6 0 14 8 
109,2.06012e-06,2.43218e-06,1.91569e-06,50,100,100,411152,4 1 13 9 11 10 3 12 5 7 2 6 0 14 8 
110,2.06334e-06,2.43218e-06,1.91619e-06,50,100,100,411152,4 1 13 9 11 10 3 12 5 7 2 6 0 14 8 
111,2.06681e-06,2.43218e-06,1.91422e-06,50,100,100,411152,4 1 13 9 11 10 3 12 5 7 2 6 0 14 8 
112,2.05824e-06,2.43218e-06,1.89436e-06,50,100,100,411152,4 1 13 9 11 10 3 12 5 7 2 6 0 14 8 
113,2.06454e-06,2.43218e-06,1.89121e-06,50,100,100,411152,4 1 13 9 11 10 3 12 5 7 2 6 0 14 8 
114,2.05741e-06,2.43218e-06,1.94466e-06,50,100,100,411152,4 1 13 9 11 10 3 12 5 7 2 6 0 14 8 
115,2.05692e-06,2.43218e-06,1.89396e-06,50,100,100,411152,4 1 13 9 11 10 3 12 5 7 2 6 0 14 8 
116,2.05007e-06,2.43218e-06,1.87919e-06,50,100,100,411152,4 1 13 9 11 10 3 12 5 7 2 6 0 14 8 
117,2.05757e-06,2.43218e-06,1.88132e-06,50,100,100,411152,4 1 13 9 11 10 3 12 5 7 2 6 0 14 8 
118,2.06472e-06,2.43218e-06,1.91877e-06,50,100,100,411152,4 1 13 9 11 10 3 12 5 7 2 6 0 14 8 
119,2.05868e-06,2.43218e-06,1.92089e-06,50,100,100,411152,4 1 13 9 11 10 3 12 5 7 2 6 0 14 8 
120,2.05978e-06,2.43218e-06,1.90972e-06,50,100,100,411152,4 1 13 9 11 10 3 12 5 7 2 6 0 14 8 
121,2.066e-06,2.43218e-06,1.90817e-06,50,100,100,411152,4 1 13 9 11 10 3 12 5 7 2 6 0 14 8 
122,2.07154e-06,2.43218e-06,1.93697e-06,50,100,100,411152,4 1 13 9 11 10 3 12 5 7 2 6 0 14 8 
123,2.06395e-06,2.43218e-06,1.91469e-06,50,100,100,411152,4 1 13 9 11 10 3 12 5 7 2 6 0 14 8 
124,2.07403e-06,2.43218e-06,1.92547e-06,50,100,100,411152,4 1 13 9 11 10 3 12 5 7 2 6 0 14 8 
125,2.05858e-06,2.43218e-06,1.9238e-06,50,100,100,411152,4 1 13 9 11 10 3 12 5 7 2 6 0 14 8 
126,2.04848e-06,2.43218e-06,1.90057e-06,50,100,100,411152,4 1 13 9 11 10 3 12 5 7 2 6 0 14 8 
127,2.05459e-06,2.43218e-06,1.93713e-06,50,100,100,411152,4 1 13 9 11 10 3 12 5 7 2 6 0 14 8 
128,2.04862e-06,2.43218e-06,1.92998e-06,50,100,100,411152,4 1 13 9 11 10 3 12 5 7 2 6 0 14 8 
129,2.0622e-06,2.43218e-06,1.9259e-06,50,100,100,411152,4 1 13 9 11 10 3 12 5 7 2 6 0 14 8 
130,2.05286e-06,2.43218e-06,1.9225e-06,50,100,100,411152,4 1 13 9 11 10 3 12 5 7 2 6 0 14 8 
131,2.05555e-06,2.43218e-06,1.91139e-06,50,100,100,411152,4 1 13 9 11 10 3 12 5 7 2 6 0 14 8 
132,2.07033e-06,2.43218e-06,1.92863e-06,50,100,100,411152,4 1 13 9 11 10 3 12 5 7 2 6 0 14 8 
133,2.05564e-06,2.43218e-06,1.89282e-06,50,100,100,411152,4 1 13 9 11 10 3 12 5 7 2 6 0 14 8 
134,2.04712e-06,2.43218e-06,1.87507e-06,50,100,100,411152,4 1 13 9 11 10 3 12 5 7 2 6 0 14 8 
135,2.06091e-06,2.43218e-06,1.92401e-06,50,100,100,411152,4 1 13 9 11 10 3 12 5 7 2 6 0 14 8 
136,2.06263e-06,2.43218e-06,1.91103e-06,50,100,100,411152,4 1 13 9 11 10 3 12 5 7 2 6 0 14 8 
137,2.05327e-06,2.43218e-06,1.89888e-06,50,100,100,411152,4 1 13 9 11 10 3 12 5 7 2 6 0 14 8 
138,2.06261e-06,2.43218e-06,1.93209e-06,50,100,100,411152,4 1 13 9 11 10 3 12 5 7 2 6 0 14 8 
139,2.05514e-06,2.43218e-06,1.92007e-06,50,100,100,411152,4 1 13 9 11 10 3 12 5 7 2 6 0 14 8 
140,2.06206e-06,2.43218e-06,1.91955e-06,50,100,100,411152,4 1 13 9 11 10 3 12 5 7 2 6 0 14 8 
141,2.06479e-06,2.43218e-06,1.92264e-06,50,100,100,411152,4 1 13 9 11 10 3 12 5 7 2 6 0 14 8 
142,2.05843e-06,2.43218e-06,1.92306e-06,50,100,100,411152,4 1 13 9 11 10 3 12 5 7 2 6 0 14 8 
143,2.05353e-06,2.43218e-06,1.90718e-06,50,100,100,411152,4 1 13 9 11 10 3 12 5 7 2 6 0 14 8 
144,2.05657e-06,2.43218e-06,1.94242e-06,50,100,100,411152,4 1 13 9 11 10 3 12 5 7 2 6 0 14 8 
145,2.06326e-06,2.43218e-06,1.91548e-06,50,100,100,411152,4 1 13 9 11 10 3 12 5 7 2 6 0 14 8 
146,2.05071e-06,2.43218e-06,1.90856e-06,50,100,100,411152,4 1 13 9 11 10 3 12 5 7 2 6 0 14 8 
147,2.05061e-06,2.43218e-06,1.92153e-06,50,100,100,411152,4 1 13 9 11 10 3 12 5 7 2 6 0 14 8 
148,2.05098e-06,2.43218e-06,1.93137e-06,50,100,100,411152,4 1 13 9 11 10 3 12 5 7 2 6 0 14 8 
149,2.04203e-06,2.43218e-06,1.9181e-06,50,100,100,411152,4 1 13 9 11 10 3 12 5 7 2 6 0 14 8 
150,2.05658e-06,2.43218e-06,1.89179e-06,50,100,100,411152,4 1 13 9 11 10 3 12 5 7 2 6 0 14 8 
151,2.0605e-06,2.43218e-06,1.8834e-06,50,100,100,411152,4 1 13 9 11 10 3 12 5 7 2 6 0 14 8 
152,2.06006e-06,2.43218e-06,1.91346e-06,50,100,100,411152,4 1 13 9 11 10 3 12 5 7 2 6 0 14 8 
153,2.04945e-06,2.43218e-06,1.91682e-06,50,100,100,411152,4 1 13 9 11 10 3 12 5 7 2 6 0 14 8 
154,2.05555e-06,2.43218e-06,1.88417e-06,50,100,100,411152,4 1 13 9 11 10 3 12 5 7 2 6 0 14 8 
155,2.06842e-06,2.43218e-06,1.93066e-06,50,100,100,411152,4 1 13 9 11 10 3 12 5 7 2 6 0 14 8 
156,2.05323e-06,2.43218e-06,1.90737e-06,50,100,100,411152,4 1 13 9 11 10 3 12 5 7 2 6 0 14 8 
157,2.05022e-06,2.43218e-06,1.89337e-06,50,100,100,411152,4 1 13 9 11 10 3 12 5 7 2 6 0 14 8 
158,2.05434e-06,2.43218e-06,1.87985e-06,50,100,100,411152,4 1 13 9 11 10 3 12 5 7 2 6 0 14 8 
159,2.0471e-06,2.43218e-06,1.88883e-06,50,100,100,411152,4 1 13 9 11 10 3 12 5 7 2 6 0 14 8 
160,2.05149e-06,2.43218e-06,1.903e-06,50,100,100,411152,4 1 13 9 11 10 3 12 5 7 2 6 0 14 8 
161,2.06152e-06,2.43218e-06,1.91152e-06,50,100,100,411152,4 1 13 9 11 10 3 12 5 7 2 6 0 14 8 
162,2.0524e-06,2.43218e-06,1.9268e-06,50,100,100,411152,4 1 13 9 11 10 3 12 5 7 2 6 0 14 8 
163,2.04801e-06,2.43218e-06,1.8834e-06,50,100,100,411152,4 1 13 9 11 10 3 12 5 7 2 6 0 14 8 
164,2.05273e-06,2.43218e-06,1.87996e-06,50,100,100,411152,4 1 13 9 11 10 3 12 5 7 2 6 0 14 8 
165,2.06186e-06,2.43218e-06,1.9239e-06,50,100,100,411152,4 1 13 9 11 10 3 12 5 7 2 6 0 14 8 
166,2.05975e-06,2.43218e-06,1.92675e-06,50,100,100,411152,4 1 13 9 11 10 3 12 5 7 2 6 0 14 8 
167,2.04712e-06,2.43218e-06,1.91438e-06,50,100,100,411152,4 1 13 9 11 10 3 12 5 7 2 6 0 14 8 
168,2.05126e-06,2.43218e-06,1.89242e-06,50,100,100,411152,4 1 13 9 11 10 3 12 5 7 2 6 0 14 8 
169,2.04875e-06,2.43218e-06,1.87812e-06,50,100,100,411152,4 1 13 9 11 10 3 12 5 7 2 6 0 14 8 
170,2.04613e-06,2.43218e-06,1.92299e-06,50,100,100,411152,4 1 13 9 11 10 3 12 5 7 2 6 0 14 8 
171,2.04938e-06,2.43218e-06,1.89084e-06,50,100,100,411152,4 1 13 9 11 10 3 12 5 7 2 6 0 14 8 
172,2.03851e-06,2.43218e-06,1.92043e-06,50,100,100,411152,4 1 13 9 11 10 3 12 5 7 2 6 0 14 8 
173,2.05891e-06,2.43218e-06,1.90496e-06,50,100,100,411152,4 1 13 9 11 10 3 12 5 7 2 6 0 14 8 
174,2.07394e-06,2.43218e-06,1.89452e-06,50,100,100,411152,4 1 13 9 11 10 3 12 5 7 2 6 0 14 8 
175,2.07435e-06,2.43218e-06,1.91533e-06,50,100,100,411152,4 1 13 9 11 10 3 12 5 7 2 6 0 14 8 
176,2.07098e-06,2.43218e-06,1.91671e-06,50,100,100,411152,4 1 13 9 11 10 3 12 5 7 2 6 0 14 8 
177,2.06077e-06,2.43218e-06,1.90751e-06,50,100,100,411152,4 1 13 9 11 10 3 12 5 7 2 6 0 14 8 
178,2.06111e-06,2.43218e-06,1.90273e-06,50,100,100,411152,4 1 13 9 11 10 3 12 5 7 2 6 0 14 8 
179,2.0657e-06,2.43218e-06,1.9131e-06,50,100,100,411152,4 1 13 9 11 10 3 12 5 7 2 6 0 14 8 
180,2.07074e-06,2.43218e-06,1.90838e-06,50,100,100,411152,4 1 13 9 11 10 3 12 5 7 2 6 0 14 8 
181,2.07276e-06,2.43218e-06,1.91227e-06,50,100,100,411152,4 1 13 9 11 10 3 12 5 7 2 6 0 14 8 
182,2.07987e-06,2.43218e-06,1.86943e-06,50,100,100,411152,4 1 13 9 11 10 3 12 5 7 2 6 0 14 8 
183,2.05888e-06,2.43218e-06,1.91209e-06,50,100,100,411152,4 1 13 9 11 10 3 12 5 7 2 6 0 14 8 
184,2.05426e-06,2.43218e-06,1.93324e-06,50,100,100,411152,4 1 13 9 11 10 3 12 5 7 2 6 0 14 8 
185,2.0688e-06,2.43218e-06,1.92193e-06,50,100,100,411152,4 1 13 9 11 10 3 12 5 7 2 6 0 14 8 
186,2.06465e-06,2.43218e-06,1.89904e-06,50,100,100,411152,4 1 13 9 11 10 3 12 5 7 2 6 0 14 8 
187,2.08618e-06,2.43218e-06,1.93821e-06,50,100,100,411152,4 1 13 9 11 10 3 12 5 7 2 6 0 14 8 
188,2.07079e-06,2.43218e-06,1.89872e-06,50,100,100,411152,4 1 13 9 11 10 3 12 5 7 2 6 0 14 8 
189,2.06333e-06,2.43218e-06,1.90739e-06,50,100,100,411152,4 1 13 9 11 10 3 12 5 7 2 6 0 14 8 
190,2.0587e-06,2.43218e-06,1.93326e-06,50,100,100,411152,4 1 13 9 11 10 3 12 5 7 2 6 0 14 8 
191,2.0588e-06,2.43218e-06,1.93647e-06,50,100,100,411152,4 1 13 9 11 10 3 12 5 7 2 6 0 14 8 
192,2.0697e-06,2.43218e-06,1.9042e-06,50,100,100,411152,4 1 13 9 11 10 3 12 5 7 2 6 0 14 8 
193,2.06527e-06,2.43218e-06,1.89789e-06,50,100,100,411152,4 1 13 9 11 10 3 12 5 7 2 6 0 14 8 
194,2.06832e-06,2.43218e-06,1.91348e-06,50,100,100,411152,4 1 13 9 11 10 3 12 5 7 2 6 0 14 8 
195,2.06594e-06,2.43218e-06,1.9053e-06,50,100,100,411152,4 1 13 9 11 10 3 12 5 7 2 6 0 14 8 
196,2.06481e-06,2.43218e-06,1.91304e-06,50,100,100,411152,4 1 13 9 11 10 3 12 5 7 2 6 0 14 8 
197,2.05791e-06,2.43218e-06,1.90716e-06,50,100,100,411152,4 1 13 9 11 10 3 12 5 7 2 6 0 14 8 
198,2.05218e-06,2.43218e-06,1.91238e-06,50,100,100,411152,4 1 13 9 11 10 3 12 5 7 2 6 0 14 8 
199,2.06692e-06,2.43218e-06,1.92501e-06,50,100,100,411152,4 1 13 9 11 10 3 12 5 7 2 6 0 14 8 
200,2.07608e-06,2.43218e-06,1.93423e-06,50,100,100,411152,4 1 13 9 11 10 3 12 5 7 2 6 0 14 8 
201,2.0722e-06,2.43218e-06,1.94125e-06,50,100,100,411152,4 1 13 9 11 10 3 12 5 7 2 6 0 14 8 
202,2.07941e-06,2.43218e-06,1.91795e-06,50,100,100,411152,4 1 13 9 11 10 3 12 5 7 2 6 0 14 8 
203,2.07621e-06,2.43218e-06,1.91223e-06,50,100,100,411152,4 1 13 9 11 10 3 12 5 7 2 6 0 14 8 
204,2.08334e-06,2.43218e-06,1.88289e-06,50,100,100,411152,4 1 13 9 11 10 3 12 5 7 2 6 0 14 8 
205,2.07016e-06,2.43218e-06,1.89768e-06,50,100,100,411152,4 1 13 9 11 10 3 12 5 7 2 6 0 14 8 
206,2.0786e-06,2.43218e-06,1.93292e-06,50,100,100,411152,4 1 13 9 11 10 3 12 5 7 2 6 0 14 8 
207,2.08228e-06,2.43218e-06,1.9182e-06,50,100,100,411152,4 1 13 9 11 10 3 12 5 7 2 6 0 14 8 
208,2.05968e-06,2.43218e-06,1.90189e-06,50,100,100,411152,4 1 13 9 11 10 3 12 5 7 2 6 0 14 8 
209,2.07473e-06,2.43218e-06,1.91814e-06,50,100,100,411152,4 1 13 9 11 10 3 12 5 7 2 6 0 14 8 
210,2.06112e-06,2.43218e-06,1.91546e-06,50,100,100,411152,4 1 13 9 11 10 3 12 5 7 2 6 0 14 8 
211,2.06028e-06,2.43218e-06,1.9245e-06,50,100,100,411152,4 1 13 9 11 10 3 12 5 7 2 6 0 14 8 
212,2.07066e-06,2.43218e-06,1.9249e-06,50,100,100,411152,4 1 13 9 11 10 3 12 5 7 2 6 0 14 8 
213,2.05987e-06,2.43218e-06,1.91019e-06,50,100,100,411152,4 1 13 9 11 10 3 12 5 7 2 6 0 14 8 
214,2.07034e-06,2.43218e-06,1.92638e-06,50,100,100,411152,4 1 13 9 11 10 3 12 5 7 2 6 0 14 8 
215,2.05863e-06,2.43218e-06,1.91479e-06,50,100,100,411152,4 1 13 9 11 10 3 12 5 7 2 6 0 14 8 
216,2.05284e-06,2.43218e-06,1.91838e-06,50,100,100,411152,4 1 13 9 11 10 3 12 5 7 2 6 0 14 8 
217,2.05927e-06,2.43218e-06,1.92601e-06,50,100,100,411152,4 1 13 9 11 10 3 12 5 7 2 6 0 14 8 
218,2.06463e-06,2.43218e-06,1.91561e-06,50,100,100,411152,4 1 13 9 11 10 3 12 5 7 2 6 0 14 8 
219,2.05958e-06,2.43218e-06,1.89596e-06,50,100,100,411152,4 1 13 9 11 10 3 12 5 7 2 6 0 14 8 
220,2.06802e-06,2.43218e-06,1.88952e-06,50,100,100,411152,4 1 13 9 11 10 3 12 5 7 2 6 0 14 8 
221,2.06757e-06,2.43218e-06,1.90445e-06,50,100,100,411152,4 1 13 9 11 10 3 12 5 7 2 6 0 14 8 
222,2.06719e-06,2.43218e-06,1.94403e-06,50,100,100,411152,4 1 13 9 11 10 3 12 5 7 2 6 0 14 8 
223,2.06838e-06,2.43218e-06,1.90065e-06,50,100,100,411152,4 1 13 9 11 10 3 12 5 7 2 6 0 14 8 
224,2.05587e-06,2.43218e-06,1.88894e-06,50,100,100,411152,4 1 13 9 11 10 3 12 5 7 2 6 0 14 8 
225,2.0625e-06,2.43218e-06,1.90815e-06,50,100,100,411152,4 1 13 9 11 10 3 12 5 7 2 6 0 14 8 
226,2.06094e-06,2.43218e-06,1.92591e-06,50,100,100,411152,4 1 13 9 11 10 3 12 5 7 2 6 0 14 8 
227,2.05222e-06,2.43218e-06,1.88904e-06,50,100,100,411152,4 1 13 9 11 10 3 12 5 7 2 6 0 14 8 
228,2.0555e-06,2.43218e-06,1.9137e-06,50,100,100,411152,4 1 13 9 11 10 3 12 5 7 2 6 0 14 8 
229,2.04439e-06,2.43218e-06,1.89305e-06,50,100,100,411152,4 1 13 9 11 10 3 12 5 7 2 6 0 14 8 
230,2.0615e-06,2.43218e-06,1.91169e-06,50,100,100,411152,4 1 13 9 11 10 3 12 5 7 2 6 0 14 8 
231,2.07769e-06,2.43218e-06,1.93013e-06,50,100,100,411152,4 1 13 9 11 10 3 12 5 7 2 6 0 14 8 
232,2.06231e-06,2.43218e-06,1.89837e-06,50,100,100,411152,4 1 13 9 11 10 3 12 5 7 2 6 0 14 8 
233,2.05182e-06,2.43218e-06,1.90146e-06,50,100,100,411152,4 1 13 9 11 10 3 12 5 7 2 6 0 14 8 
234,2.05613e-06,2.43218e-06,1.91654e-06,50,100,100,411152,4 1 13 9 11 10 3 12 5 7 2 6 0 14 8 
235,2.06393e-06,2.43218e-06,1.91254e-06,50,100,100,411152,4 1 13 9 11 10 3 12 5 7 2 6 0 14 8 
236,2.0664e-06,2.43218e-06,1.91345e-06,50,100,100,411152,4 1 13 9 11 10 3 12 5 7 2 6 0 14 8 
237,2.08331e-06,2.43218e-06,1.92905e-06,50,100,100,411152,4 1 13 9 11 10 3 12 5 7 2 6 0 14 8 
238,2.06728e-06,2.43218e-06,1.92819e-06,50,100,100,411152,4 1 13 9 11 10 3 12 5 7 2 6 0 14 8 
239,2.05195e-06,2.43218e-06,1.91764e-06,50,100,100,411152,4 1 13 9 11 10 3 12 5 7 2 6 0 14 8 
240,2.05421e-06,2.43218e-06,1.93271e-06,50,100,100,411152,4 1 13 9 11 10 3 12 5 7 2 6 0 14 8 
241,2.06456e-06,2.43218e-06,1.91692e-06,50,100,100,411152,4 1 13 9 11 10 3 12 5 7 2 6 0 14 8 
242,2.06385e-06,2.43218e-06,1.92934e-06,50,100,100,411152,4 1 13 9 11 10 3 12 5 7 2 6 0 14 8 
243,2.0537e-06,2.43218e-06,1.87739e-06,50,100,100,411152,4 1 13 9 11 10 3 12 5 7 2 6 0 14 8 
244,2.06225e-06,2.43218e-06,1.93942e-06,50,100,100,411152,4 1 13 9 11 10 3 12 5 7 2 6 0 14 8 
245,2.06833e-06,2.43218e-06,1.9017e-06,50,100,100,411152,4 1 13 9 11 10 3 12 5 7 2 6 0 14 8 
246,2.05517e-06,2.43218e-06,1.881e-06,50,100,100,411152,4 1 13 9 11 10 3 12 5 7 2 6 0 14 8 
247,2.05402e-06,2.43218e-06,1.90853e-06,50,100,100,411152,4 1 13 9 11 10 3 12 5 7 2 6 0 14 8 
248,2.05825e-06,2.43218e-06,1.90093e-06,50,100,100,411152,4 1 13 9 11 10 3 12 5 7 2 6 0 14 8 
249,2.05871e-06,2.43218e-06,1.87557e-06,50,100,100,411152,4 1 13 9 11 10 3 12 5 7 2 6 0 14 8 
250,2.05175e-06,2.43218e-06,1.90172e-06,50,100,100,411152,4 1 13 9 11 10 3 12 5 7 2 6 0 14 8 
251,2.04474e-06,2.43218e-06,1.8757e-06,50,100,100,411152,4 1 13 9 11 10 3 12 5 7 2 6 0 14 8 
252,2.07415e-06,2.43218e-06,1.91813e-06,50,100,100,411152,4 1 13 9 11 10 3 12 5 7 2 6 0 14 8 
253,2.07805e-06,2.43218e-06,1.91937e-06,50,100,100,411152,4 1 13 9 11 10 3 12 5 7 2 6 0 14 8 
254,2.06463e-06,2.43218e-06,1.90093e-06,50,100,100,411152,4 1 13 9 11 10 3 12 5 7 2 6 0 14 8 
255,2.05548e-06,2.43218e-06,1.90712e-06,50,100,100,411152,4 1 13 9 11 10 3 12 5 7 2 6 0 14 8 
256,2.06204e-06,2.43218e-06,1.89571e-06,50,100,100,411152,4 1 13 9 11 10 3 12 5 7 2 6 0 14 8 
257,2.06061e-06,2.43218e-06,1.93667e-06,50,100,100,411152,4 1 13 9 11 10 3 12 5 7 2 6 0 14 8 
258,2.05747e-06,2.43218e-06,1.8802e-06,50,100,100,411152,4 1 13 9 11 10 3 12 5 7 2 6 0 14 8 
259,2.05336e-06,2.43218e-06,1.92527e-06,50,100,100,411152,4 1 13 9 11 10 3 12 5 7 2 6 0 14 8 
260,2.05676e-06,2.43218e-06,1.87783e-06,50,100,100,411152,4 1 13 9 11 10 3 12 5 7 2 6 0 14 8 
261,2.05094e-06,2.43218e-06,1.88498e-06,50,100,100,411152,4 1 13 9 11 10 3 12 5 7 2 6 0 14 8 
262,2.05052e-06,2.43218e-06,1.89932e-06,50,100,100,411152,4 1 13 9 11 10 3 12 5 7 2 6 0 14 8 
263,2.05603e-06,2.43218e-06,1.93882e-06,50,100,100,411152,4 1 13 9 11 10 3 12 5 7 2 6 0 14 8 
264,2.0429e-06,2.43218e-06,1.89341e-06,50,100,100,411152,4 1 13 9 11 10 3 12 5 7 2 6 0 14 8 
265,2.06534e-06,2.43218e-06,1.92665e-06,50,100,100,411152,4 1 13 9 11 10 3 12 5 7 2 6 0 14 8 
266,2.05926e-06,2.43218e-06,1.89294e-06,50,100,100,411152,4 1 13 9 11 10 3 12 5 7 2 6 0 14 8 
267,2.05562e-06,2.43218e-06,1.93007e-06,50,100,100,411152,4 1 13 9 11 10 3 12 5 7 2 6 0 14 8 
268,2.05796e-06,2.43218e-06,1.89724e-06,50,100,100,411152,4 1 13 9 11 10 3 12 5 7 2 6 0 14 8 
269,2.05892e-06,2.43218e-06,1.90491e-06,50,100,100,411152,4 1 13 9 11 10 3 12 5 7 2 6 0 14 8 
270,2.04523e-06,2.43218e-06,1.86782e-06,50,100,100,411152,4 1 13 9 11 10 3 12 5 7 2 6 0 14 8 
271,2.04714e-06,2.43218e-06,1.9221e-06,50,100,100,411152,4 1 13 9 11 10 3 12 5 7 2 6 0 14 8 
272,2.05595e-06,2.43218e-06,1.89579e-06,50,100,100,411152,4 1 13 9 11 10 3 12 5 7 2 6 0 14 8 
273,2.07535e-06,2.43218e-06,1.94122e-06,50,100,100,411152,4 1 13 9 11 10 3 12 5 7 2 6 0 14 8 
274,2.06682e-06,2.43218e-06,1.88694e-06,50,100,100,411152,4 1 13 9 11 10 3 12 5 7 2 6 0 14 8 
275,2.05452e-06,2.43218e-06,1.90953e-06,50,100,100,411152,4 1 13 9 11 10 3 12 5 7 2 6 0 14 8 
276,2.05504e-06,2.43218e-06,1.88589e-06,50,100,100,411152,4 1 13 9 11 10 3 12 5 7 2 6 0 14 8 
277,2.04453e-06,2.43218e-06,1.91882e-06,50,100,100,411152,4 1 13 9 11 10 3 12 5 7 2 6 0 14 8 
278,2.05331e-06,2.43218e-06,1.89824e-06,50,100,100,411152,4 1 13 9 11 10 3 12 5 7 2 6 0 14 8 
279,2.06237e-06,2.43218e-06,1.90945e-06,50,100,100,411152,4 1 13 9 11 10 3 12 5 7 2 6 0 14 8 
280,2.0566e-06,2.43218e-06,1.91302e-06,50,100,100,411152,4 1 13 9 11 10 3 12 5 7 2 6 0 14 8 
281,2.055e-06,2.43218e-06,1.9313e-06,50,100,100,411152,4 1 13 9 11 10 3 12 5 7 2 6 0 14 8 
282,2.06177e-06,2.43218e-06,1.92253e-06,50,100,100,411152,4 1 13 9 11 10 3 12 5 7 2 6 0 14 8 
283,2.04822e-06,2.43218e-06,1.8744e-06,50,100,100,411152,4 1 13 9 11 10 3 12 5 7 2 6 0 14 8 
284,2.04614e-06,2.43218e-06,1.90439e-06,50,100,100,411152,4 1 13 9 11 10 3 12 5 7 2 6 0 14 8 
285,2.06199e-06,2.43218e-06,1.91269e-06,50,100,100,411152,4 1 13 9 11 10 3 12 5 7 2 6 0 14 8 
286,2.05363e-06,2.43218e-06,1.88335e-06,50,100,100,411152,4 1 13 9 11 10 3 12 5 7 2 6 0 14 8 
287,2.06393e-06,2.43218e-06,1.91059e-06,50,100,100,411152,4 1 13 9 11 10 3 12 5 7 2 6 0 14 8 
288,2.05664e-06,2.43218e-06,1.89598e-06,50,100,100,411152,4 1 13 9 11 10 3 12 5 7 2 6 0 14 8 
289,2.05498e-06,2.43218e-06,1.92154e-06,50,100,100,411152,4 1 13 9 11 10 3 12 5 7 2 6 0 14 8 
290,2.05274e-06,2.43218e-06,1.90507e-06,50,100,100,411152,4 1 13 9 11 10 3 12 5 7 2 6 0 14 8 
291,2.06962e-06,2.43218e-06,1.91016e-06,50,100,100,411152,4 1 13 9 11 10 3 12 5 7 2 6 0 14 8 
292,2.05924e-06,2.43218e-06,1.90774e-06,50,100,100,411152,4 1 13 9 11 10 3 12 5 7 2 6 0 14 8 
293,2.05747e-06,2.43218e-06,1.92811e-06,50,100,100,411152,4 1 13 9 11 10 3 12 5 7 2 6 0 14 8 
294,2.0635e-06,2.43218e-06,1.89577e-06,50,100,100,411152,4 1 13 9 11 10 3 12 5 7 2 6 0 14 8 
295,2.06533e-06,2.43218e-06,1.90045e-06,50,100,100,411152,4 1 13 9 11 10 3 12 5 7 2 6 0 14 8 
296,2.05537e-06,2.43218e-06,1.90344e-06,50,100,100,411152,4 1 13 9 11 10 3 12 5 7 2 6 0 14 8 
297,2.05165e-06,2.43218e-06,1.89677e-06,50,100,100,411152,4 1 13 9 11 10 3 12 5 7 2 6 0 14 8 
298,2.05593e-06,2.43218e-06,1.90906e-06,50,100,100,411152,4 1 13 9 11 10 3 12 5 7 2 6 0 14 8 
299,2.06248e-06,2.43218e-06,1.9081e-06,50,100,100,411152,4 1 13 9 11 10 3 12 5 7 2 6 0 14 8 
300,2.06445e-06,2.43218e-06,1.93225e-06,50,100,100,411152,4 1 13 9 11 10 3 12 5 7 2 6 0 14 8 
301,2.05844e-06,2.43218e-06,1.88204e-06,50,100,100,411152,4 1 13 9 11 10 3 12 5 7 2 6 0 14 8 
302,2.06167e-06,2.43218e-06,1.86639e-06,50,100,100,411152,4 1 13 9 11 10 3 12 5 7 2 6 0 14 8 
303,2.05963e-06,2.43218e-06,1.90355e-06,50,100,100,411152,4 1 13 9 11 10 3 12 5 7 2 6 0 14 8 
304,2.05213e-06,2.43218e-06,1.88972e-06,50,100,100,411152,4 1 13 9 11 10 3 12 5 7 2 6 0 14 8 
305,2.04761e-06,2.43218e-06,1.93493e-06,50,100,100,411152,4 1 13 9 11 10 3 12 5 7 2 6 0 14 8 
306,2.05056e-06,2.43218e-06,1.91122e-06,50,100,100,411152,4 1 13 9 11 10 3 12 5 7 2 6 0 14 8 
307,2.05241e-06,2.43218e-06,1.88059e-06,50,100,100,411152,4 1 13 9 11 10 3 12 5 7 2 6 0 14 8 
308,2.06446e-06,2.43218e-06,1.93819e-06,50,100,100,411152,4 1 13 9 11 10 3 12 5 7 2 6 0 14 8 
309,2.06833e-06,2.43218e-06,1.88986e-06,50,100,100,411152,4 1 13 9 11 10 3 12 5 7 2 6 0 14 8 
310,2.06562e-06,2.43218e-06,1.89708e-06,50,100,100,411152,4 1 13 9 11 10 3 12 5 7 2 6 0 14 8 
311,2.07662e-06,2.43218e-06,1.93392e-06,50,100,100,411152,4 1 13 9 11 10 3 12 5 7 2 6 0 14 8 
312,2.07598e-06,2.43218e-06,1.93773e-06,50,100,100,411152,4 1 13 9 11 10 3 12 5 7 2 6 0 14 8 
313,2.05174e-06,2.43218e-06,1.87278e-06,50,100,100,411152,4 1 13 9 11 10 3 12 5 7 2 6 0 14 8 
314,2.07376e-06,2.43218e-06,1.92756e-06,50,100,100,411152,4 1 13 9 11 10 3 12 5 7 2 6 0 14 8 
315,2.077e-06,2.43218e-06,1.93361e-06,50,100,100,411152,4 1 13 9 11 10 3 12 5 7 2 6 0 14 8 
316,2.07232e-06,2.43218e-06,1.91843e-06,50,100,100,411152,4 1 13 9 11 10 3 12 5 7 2 6 0 14 8 
317,2.07189e-06,2.43218e-06,1.93438e-06,50,100,100,411152,4 1 13 9 11 10 3 12 5 7 2 6 0 14 8 
318,2.07618e-06,2.43218e-06,1.91546e-06,50,100,100,411152,4 1 13 9 11 10 3 12 5 7 2 6 0 14 8 
319,2.08619e-06,2.43218e-06,1.93775e-06,50,100,100,411152,4 1 13 9 11 10 3 12 5 7 2 6 0 14 8 
320,2.06072e-06,2.43218e-06,1.85452e-06,50,100,100,411152,4 1 13 9 11 10 3 12 5 7 2 6 0 14 8 
321,2.05853e-06,2.43218e-06,1.89999e-06,50,100,100,411152,4 1 13 9 11 10 3 12 5 7 2 6 0 14 8 
322,2.06134e-06,2.43218e-06,1.92064e-06,50,100,100,411152,4 1 13 9 11 10 3 12 5 7 2 6 0 14 8 
323,2.06012e-06,2.43218e-06,1.9061e-06,50,100,100,411152,4 1 13 9 11 10 3 12 5 7 2 6 0 14 8 
324,2.06121e-06,2.43218e-06,1.86902e-06,50,100,100,411152,4 1 13 9 11 10 3 12 5 7 2 6 0 14 8 
325,2.05716e-06,2.43218e-06,1.90226e-06,50,100,100,411152,4 1 13 9 11 10 3 12 5 7 2 6 0 14 8 
326,2.05977e-06,2.43218e-06,1.93739e-06,50,100,100,411152,4 1 13 9 11 10 3 12 5 7 2 6 0 14 8 
327,2.04909e-06,2.43218e-06,1.89904e-06,50,100,100,411152,4 1 13 9 11 10 3 12 5 7 2 6 0 14 8 
328,2.04529e-06,2.43218e-06,1.89573e-06,50,100,100,411152,4 1 13 9 11 10 3 12 5 7 2 6 0 14 8 
329,2.07022e-06,2.43218e-06,1.90775e-06,50,100,100,411152,4 1 13 9 11 10 3 12 5 7 2 6 0 14 8 
330,2.06484e-06,2.43218e-06,1.89446e-06,50,100,100,411152,4 1 13 9 11 10 3 12 5 7 2 6 0 14 8 
331,2.07156e-06,2.43218e-06,1.88749e-06,50,100,100,411152,4 1 13 9 11 10 3 12 5 7 2 6 0 14 8 
332,2.06657e-06,2.43218e-06,1.90525e-06,50,100,100,411152,4 1 13 9 11 10 3 12 5 7 2 6 0 14 8 
333,2.07027e-06,2.43218e-06,1.88569e-06,50,100,100,411152,4 1 13 9 11 10 3 12 5 7 2 6 0 14 8 
334,2.05993e-06,2.43218e-06,1.93369e-06,50,100,100,411152,4 1 13 9 11 10 3 12 5 7 2 6 0 14 8 
335,2.05401e-06,2.43218e-06,1.90751e-06,50,100,100,411152,4 1 13 9 11 10 3 12 5 7 2 6 0 14 8 
336,2.06727e-06,2.43218e-06,1.9143e-06,50,100,100,411152,4 1 13 9 11 10 3 12 5 7 2 6 0 14 8 
337,2.07006e-06,2.43218e-06,1.88229e-06,50,100,100,411152,4 1 13 9 11 10 3 12 5 7 2 6 0 14 8 
338,2.05535e-06,2.43218e-06,1.89176e-06,50,100,100,411152,4 1 13 9 11 10 3 12 5 7 2 6 0 14 8 
339,2.05545e-06,2.43218e-06,1.89657e-06,50,100,100,411152,4 1 13 9 11 10 3 12 5 7 2 6 0 14 8 
340,2.06056e-06,2.43218e-06,1.90799e-06,50,100,100,411152,4 1 13 9 11 10 3 12 5 7 2 6 0 14 8 
341,2.05632e-06,2.43218e-06,1.92081e-06,50,100,100,411152,4 1 13 9 11 10 3 12 5 7 2 6 0 14 8 
342,2.05605e-06,2.43218e-06,1.91058e-06,50,100,100,411152,4 1 13 9 11 10 3 12 5 7 2 6 0 14 8 
343,2.05205e-06,2.43218e-06,1.91386e-06,50,100,100,411152,4 1 13 9 11 10 3 12 5 7 2 6 0 14 8 
344,2.05072e-06,2.43218e-06,1.88995e-06,50,100,100,411152,4 1 13 9 11 10 3 12 5 7 2 6 0 14 8 
345,2.05807e-06,2.43218e-06,1.92262e-06,50,100,100,411152,4 1 13 9 11 10 3 12 5 7 2 6 0 14 8 
346,2.06415e-06,2.43218e-06,1.88483e-06,50,100,100,411152,4 1 13 9 11 10 3 12 5 7 2 6 0 14 8 
347,2.06141e-06,2.43218e-06,1.89764e-06,50,100,100,411152,4 1 13 9 11 10 3 12 5 7 2 6 0 14 8 
348,2.06746e-06,2.43218e-06,1.88481e-06,50,100,100,411152,4 1 13 9 11 10 3 12 5 7 2 6 0 14 8 
349,2.07401e-06,2.43218e-06,1.9265e-06,50,100,100,411152,4 1 13 9 11 10 3 12 5 7 2 6 0 14 8 
350,2.06214e-06,2.43218e-06,1.89396e-06,50,100,100,411152,4 1 13 9 11 10 3 12 5 7 2 6 0 14 8 
351,2.04975e-06,2.43218e-06,1.85447e-06,50,100,100,411152,4 1 13 9 11 10 3 12 5 7 2 6 0 14 8 
352,2.06264e-06,2.43218e-06,1.89787e-06,50,100,100,411152,4 1 13 9 11 10 3 12 5 7 2 6 0 14 8 
353,2.05903e-06,2.43218e-06,1.93734e-06,50,100,100,411152,4 1 13 9 11 10 3 12 5 7 2 6 0 14 8 
354,2.05233e-06,2.43218e-06,1.92411e-06,50,100,100,411152,4 1 13 9 11 10 3 12 5 7 2 6 0 14 8 
355,2.07286e-06,2.43218e-06,1.94812e-06,50,100,100,411152,4 1 13 9 11 10 3 12 5 7 2 6 0 14 8 
356,2.06476e-06,2.43218e-06,1.91656e-06,50,100,100,411152,4 1 13 9 11 10 3 12 5 7 2 6 0 14 8 
357,2.07254e-06,2.43218e-06,1.92261e-06,50,100,100,411152,4 1 13 9 11 10 3 12 5 7 2 6 0 14 8 
358,2.07232e-06,2.43218e-06,1.92944e-06,50,100,100,411152,4 1 13 9 11 10 3 12 5 7 2 6 0 14 8 
359,2.06858e-06,2.43218e-06,1.94527e-06,50,100,100,411152,4 1 13 9 11 10 3 12 5 7 2 6 0 14 8 
360,2.05777e-06,2.43218e-06,1.86585e-06,50,100,100,411152,4 1 13 9 11 10 3 12 5 7 2 6 0 14 8 
361,2.06477e-06,2.43218e-06,1.88589e-06,50,100,100,411152,4 1 13 9 11 10 3 12 5 7 2 6 0 14 8 
362,2.0697e-06,2.43218e-06,1.90945e-06,50,100,100,411152,4 1 13 9 11 10 3 12 5 7 2 6 0 14 8 
363,2.06365e-06,2.43218e-06,1.92861e-06,50,100,100,411152,4 1 13 9 11 10 3 12 5 7 2 6 0 14 8 
364,2.07231e-06,2.43218e-06,1.86044e-06,50,100,100,411152,4 1 13 9 11 10 3 12 5 7 2 6 0 14 8 
365,2.069e-06,2.43218e-06,1.92644e-06,50,100,100,411152,4 1 13 9 11 10 3 12 5 7 2 6 0 14 8 
366,2.06871e-06,2.43218e-06,1.91308e-06,50,100,100,411152,4 1 13 9 11 10 3 12 5 7 2 6 0 14 8 
367,2.06491e-06,2.43218e-06,1.93707e-06,50,100,100,411152,4 1 13 9 11 10 3 12 5 7 2 6 0 14 8 
368,2.06362e-06,2.43218e-06,1.86851e-06,50,100,100,411152,4 1 13 9 11 10 3 12 5 7 2 6 0 14 8 
369,2.06837e-06,2.43218e-06,1.90146e-06,50,100,100,411152,4 1 13 9 11 10 3 12 5 7 2 6 0 14 8 
370,2.05006e-06,2.43218e-06,1.88629e-06,50,100,100,411152,4 1 13 9 11 10 3 12 5 7 2 6 0 14 8 
371,2.04743e-06,2.43218e-06,1.90543e-06,50,100,100,411152,4 1 13 9 11 10 3 12 5 7 2 6 0 14 8 
372,2.0599e-06,2.43218e-06,1.88088e-06,50,100,100,411152,4 1 13 9 11 10 3 12 5 7 2 6 0 14 8 
373,2.05546e-06,2.43218e-06,1.9071e-06,50,100,100,411152,4 1 13 9 11 10 3 12 5 7 2 6 0 14 8 
374,2.05396e-06,2.43218e-06,1.90893e-06,50,100,100,411152,4 1 13 9 11 10 3 12 5 7 2 6 0 14 8 
375,2.05899e-06,2.43218e-06,1.91387e-06,50,100,100,411152,4 1 13 9 11 10 3 12 5 7 2 6 0 14 8 
376,2.06336e-06,2.43218e-06,1.88714e-06,50,100,100,411152,4 1 13 9 11 10 3 12 5 7 2 6 0 14 8 
377,2.06318e-06,2.43218e-06,1.92442e-06,50,100,100,411152,4 1 13 9 11 10 3 12 5 7 2 6 0 14 8 
378,2.05502e-06,2.43218e-06,1.87423e-06,50,100,100,411152,4 1 13 9 11 10 3 12 5 7 2 6 0 14 8 
379,2.05777e-06,2.43218e-06,1.93473e-06,50,100,100,411152,4 1 13 9 11 10 3 12 5 7 2 6 0 14 8 
380,2.05496e-06,2.43218e-06,1.9027e-06,50,100,100,411152,4 1 13 9 11 10 3 12 5 7 2 6 0 14 8 
381,2.06502e-06,2.43218e-06,1.89297e-06,50,100,100,411152,4 1 13 9 11 10 3 12 5 7 2 6 0 14 8 
382,2.05744e-06,2.43218e-06,1.92688e-06,50,100,100,411152,4 1 13 9 11 10 3 12 5 7 2 6 0 14 8 
383,2.06987e-06,2.43218e-06,1.90404e-06,50,100,100,411152,4 1 13 9 11 10 3 12 5 7 2 6 0 14 8 
384,2.06486e-06,2.43218e-06,1.91251e-06,50,100,100,411152,4 1 13 9 11 10 3 12 5 7 2 6 0 14 8 
385,2.07018e-06,2.43218e-06,1.92113e-06,50,100,100,411152,4 1 13 9 11 10 3 12 5 7 2 6 0 14 8 
386,2.06939e-06,2.43218e-06,1.90162e-06,50,100,100,411152,4 1 13 9 11 10 3 12 5 7 2 6 0 14 8 
387,2.06665e-06,2.43218e-06,1.90474e-06,50,100,100,411152,4 1 13 9 11 10 3 12 5 7 2 6 0 14 8 
388,2.04994e-06,2.43218e-06,1.90292e-06,50,100,100,411152,4 1 13 9 11 10 3 12 5 7 2 6 0 14 8 
389,2.06304e-06,2.43218e-06,1.89959e-06,50,100,100,411152,4 1 13 9 11 10 3 12 5 7 2 6 0 14 8 
390,2.06343e-06,2.43218e-06,1.92253e-06,50,100,100,411152,4 1 13 9 11 10 3 12 5 7 2 6 0 14 8 
391,2.07204e-06,2.43218e-06,1.92629e-06,50,100,100,411152,4 1 13 9 11 10 3 12 5 7 2 6 0 14 8 
392,2.0706e-06,2.43218e-06,1.91544e-06,50,100,100,411152,4 1 13 9 11 10 3 12 5 7 2 6 0 14 8 
393,2.06891e-06,2.43218e-06,1.90032e-06,50,100,100,411152,4 1 13 9 11 10 3 12 5 7 2 6 0 14 8 
394,2.05904e-06,2.43218e-06,1.90712e-06,50,100,100,411152,4 1 13 9 11 10 3 12 5 7 2 6 0 14 8 
395,2.05551e-06,2.43218e-06,1.90432e-06,50,100,100,411152,4 1 13 9 11 10 3 12 5 7 2 6 0 14 8 
396,2.0605e-06,2.43218e-06,1.92231e-06,50,100,100,411152,4 1 13 9 11 10 3 12 5 7 2 6 0 14 8 
397,2.05061e-06,2.43218e-06,1.91848e-06,50,100,100,411152,4 1 13 9 11 10 3 12 5 7 2 6 0 14 8 
398,2.06896e-06,2.43218e-06,1.89941e-06,50,100,100,411152,4 1 13 9 11 10 3 12 5 7 2 6 0 14 8 
399,2.05534e-06,2.43218e-06,1.91357e-06,50,100,100,411152,4 1 13 9 11 10 3 12 5 7 2 6 0 14 8 
400,2.05843e-06,2.43218e-06,1.89315e-06,50,100,100,411152,4 1 13 9 11 10 3 12 5 7 2 6 0 14 8 
401,2.06159e-06,2.43218e-06,1.90863e-06,50,100,100,411152,4 1 13 9 11 10 3 12 5 7 2 6 0 14 8 
402,2.05964e-06,2.43218e-06,1.88625e-06,50,100,100,411152,4 1 13 9 11 10 3 12 5 7 2 6 0 14 8 
403,2.05071e-06,2.43218e-06,1.91805e-06,50,100,100,411152,4 1 13 9 11 10 3 12 5 7 2 6 0 14 8 
404,2.06005e-06,2.43218e-06,1.90748e-06,50,100,100,411152,4 1 13 9 11 10 3 12 5 7 2 6 0 14 8 
405,2.06787e-06,2.43218e-06,1.9299e-06,50,100,100,411152,4 1 13 9 11 10 3 12 5 7 2 6 0 14 8 
406,2.05757e-06,2.43218e-06,1.89994e-06,50,100,100,411152,4 1 13 9 11 10 3 12 5 7 2 6 0 14 8 
407,2.06726e-06,2.43218e-06,1.90225e-06,50,100,100,411152,4 1 13 9 11 10 3 12 5 7 2 6 0 14 8 
408,2.0699e-06,2.43218e-06,1.90284e-06,50,100,100,411152,4 1 13 9 11 10 3 12 5 7 2 6 0 14 8 
409,2.07467e-06,2.43218e-06,1.95411e-06,50,100,100,411152,4 1 13 9 11 10 3 12 5 7 2 6 0 14 8 
410,2.06648e-06,2.43218e-06,1.90694e-06,50,100,100,411152,4 1 13 9 11 10 3 12 5 7 2 6 0 14 8 
411,2.06027e-06,2.43218e-06,1.92481e-06,50,100,100,411152,4 1 13 9 11 10 3 12 5 7 2 6 0 14 8 
412,2.06414e-06,2.43218e-06,1.89475e-06,50,100,100,411152,4 1 13 9 11 10 3 12 5 7 2 6 0 14 8 
413,2.05937e-06,2.43218e-06,1.92611e-06,50,100,100,411152,4 1 13 9 11 10 3 12 5 7 2 6 0 14 8 
414,2.05839e-06,2.43218e-06,1.90561e-06,50,100,100,411152,4 1 13 9 11 10 3 12 5 7 2 6 0 14 8 
415,2.06649e-06,2.43218e-06,1.92821e-06,50,100,100,411152,4 1 13 9 11 10 3 12 5 7 2 6 0 14 8 
416,2.06226e-06,2.43218e-06,1.9106e-06,50,100,100,411152,4 1 13 9 11 10 3 12 5 7 2 6 0 14 8 
417,2.05204e-06,2.43218e-06,1.89831e-06,50,100,100,411152,4 1 13 9 11 10 3 12 5 7 2 6 0 14 8 
418,2.06509e-06,2.43218e-06,1.93923e-06,50,100,100,411152,4 1 13 9 11 10 3 12 5 7 2 6 0 14 8 
419,2.05833e-06,2.43218e-06,1.91481e-06,50,100,100,411152,4 1 13 9 11 10 3 12 5 7 2 6 0 14 8 
420,2.06876e-06,2.43218e-06,1.91991e-06,50,100,100,411152,4 1 13 9 11 10 3 12 5 7 2 6 0 14 8 
421,2.06616e-06,2.43218e-06,1.94623e-06,50,100,100,411152,4 1 13 9 11 10 3 12 5 7 2 6 0 14 8 
422,2.06178e-06,2.43218e-06,1.87265e-06,50,100,100,411152,4 1 13 9 11 10 3 12 5 7 2 6 0 14 8 
423,2.06409e-06,2.43218e-06,1.92883e-06,50,100,100,411152,4 1 13 9 11 10 3 12 5 7 2 6 0 14 8 
424,2.06167e-06,2.43218e-06,1.92659e-06,50,100,100,411152,4 1 13 9 11 10 3 12 5 7 2 6 0 14 8 
425,2.04642e-06,2.43218e-06,1.87161e-06,50,100,100,411152,4 1 13 9 11 10 3 12 5 7 2 6 0 14 8 
426,2.06452e-06,2.43218e-06,1.90212e-06,50,100,100,411152,4 1 13 9 11 10 3 12 5 7 2 6 0 14 8 
427,2.06055e-06,2.43218e-06,1.889e-06,50,100,100,411152,4 1 13 9 11 10 3 12 5 7 2 6 0 14 8 
428,2.04965e-06,2.43218e-06,1.89951e-06,50,100,100,411152,4 1 13 9 11 10 3 12 5 7 2 6 0 14 8 
429,2.05757e-06,2.43218e-06,1.90051e-06,50,100,100,411152,4 1 13 9 11 10 3 12 5 7 2 6 0 14 8 
430,2.05491e-06,2.43218e-06,1.93851e-06,50,100,100,411152,4 1 13 9 11 10 3 12 5 7 2 6 0 14 8 
431,2.06654e-06,2.43218e-06,1.92619e-06,50,100,100,411152,4 1 13 9 11 10 3 12 5 7 2 6 0 14 8 
432,2.05925e-06,2.43218e-06,1.87699e-06,50,100,100,411152,4 1 13 9 11 10 3 12 5 7 2 6 0 14 8 
433,2.06627e-06,2.43218e-06,1.9166e-06,50,100,100,411152,4 1 13 9 11 10 3 12 5 7 2 6 0 14 8 
434,2.06344e-06,2.43218e-06,1.90959e-06,50,100,100,411152,4 1 13 9 11 10 3 12 5 7 2 6 0 14 8 
435,2.053e-06,2.43218e-06,1.91273e-06,50,100,100,411152,4 1 13 9 11 10 3 12 5 7 2 6 0 14 8 
436,2.06629e-06,2.43218e-06,1.92126e-06,50,100,100,411152,4 1 13 9 11 10 3 12 5 7 2 6 0 14 8 
437,2.06991e-06,2.43218e-06,1.94206e-06,50,100,100,411152,4 1 13 9 11 10 3 12 5 7 2 6 0 14 8 
438,2.0659e-06,2.43218e-06,1.92728e-06,50,100,100,411152,4 1 13 9 11 10 3 12 5 7 2 6 0 14 8 
439,2.04722e-06,2.43218e-06,1.904e-06,50,100,100,411152,4 1 13 9 11 10 3 12 5 7 2 6 0 14 8 
440,2.05498e-06,2.43218e-06,1.91647e-06,50,100,100,411152,4 1 13 9 11 10 3 12 5 7 2 6 0 14 8 
441,2.06628e-06,2.43218e-06,1.91926e-06,50,100,100,411152,4 1 13 9 11 10 3 12 5 7 2 6 0 14 8 
442,2.06714e-06,2.43218e-06,1.92383e-06,50,100,100,411152,4 1 13 9 11 10 3 12 5 7 2 6 0 14 8 
443,2.06722e-06,2.43218e-06,1.91572e-06,50,100,100,411152,4 1 13 9 11 10 3 12 5 7 2 6 0 14 8 
444,2.06255e-06,2.43218e-06,1.90924e-06,50,100,100,411152,4 1 13 9 11 10 3 12 5 7 2 6 0 14 8 
445,2.05518e-06,2.43218e-06,1.91049e-06,50,100,100,411152,4 1 13 9 11 10 3 12 5 7 2 6 0 14 8 
446,2.05486e-06,2.43218e-06,1.87277e-06,50,100,100,411152,4 1 13 9 11 10 3 12 5 7 2 6 0 14 8 
447,2.05433e-06,2.43218e-06,1.90685e-06,50,100,100,411152,4 1 13 9 11 10 3 12 5 7 2 6 0 14 8 
448,2.06649e-06,2.43218e-06,1.93783e-06,50,100,100,411152,4 1 13 9 11 10 3 12 5 7 2 6 0 14 8 
449,2.06696e-06,2.43218e-06,1.92896e-06,50,100,100,411152,4 1 13 9 11 10 3 12 5 7 2 6 0 14 8 
450,2.06004e-06,2.43218e-06,1.92182e-06,50,100,100,411152,4 1 13 9 11 10 3 12 5 7 2 6 0 14 8 
451,2.05315e-06,2.43218e-06,1.90708e-06,50,100,100,411152,4 1 13 9 11 10 3 12 5 7 2 6 0 14 8 
452,2.05046e-06,2.43218e-06,1.87197e-06,50,100,100,411152,4 1 13 9 11 10 3 12 5 7 2 6 0 14 8 
453,2.06317e-06,2.43218e-06,1.92574e-06,50,100,100,411152,4 1 13 9 11 10 3 12 5 7 2 6 0 14 8 
454,2.06426e-06,2.43218e-06,1.89021e-06,50,100,100,411152,4 1 13 9 11 10 3 12 5 7 2 6 0 14 8 
455,2.06986e-06,2.43218e-06,1.91359e-06,50,100,100,411152,4 1 13 9 11 10 3 12 5 7 2 6 0 14 8 
456,2.07225e-06,2.43218e-06,1.91954e-06,50,100,100,411152,4 1 13 9 11 10 3 12 5 7 2 6 0 14 8 
457,2.06097e-06,2.43218e-06,1.95129e-06,50,100,100,411152,4 1 13 9 11 10 3 12 5 7 2 6 0 14 8 
458,2.07061e-06,2.43218e-06,1.91526e-06,50,100,100,411152,4 1 13 9 11 10 3 12 5 7 2 6 0 14 8 
459,2.05579e-06,2.43218e-06,1.86001e-06,50,100,100,411152,4 1 13 9 11 10 3 12 5 7 2 6 0 14 8 
460,2.05256e-06,2.43218e-06,1.90547e-06,50,100,100,411152,4 1 13 9 11 10 3 12 5 7 2 6 0 14 8 
461,2.06208e-06,2.43218e-06,1.89922e-06,50,100,100,411152,4 1 13 9 11 10 3 12 5 7 2 6 0 14 8 
462,2.06375e-06,2.43218e-06,1.92951e-06,50,100,100,411152,4 1 13 9 11 10 3 12 5 7 2 6 0 14 8 
463,2.05247e-06,2.43218e-06,1.90481e-06,50,100,100,411152,4 1 13 9 11 10 3 12 5 7 2 6 0 14 8 
464,2.04578e-06,2.43218e-06,1.88638e-06,50,100,100,411152,4 1 13 9 11 10 3 12 5 7 2 6 0 14 8 
465,2.04605e-06,2.43218e-06,1.91291e-06,50,100,100,411152,4 1 13 9 11 10 3 12 5 7 2 6 0 14 8 
466,2.05968e-06,2.43218e-06,1.87635e-06,50,100,100,411152,4 1 13 9 11 10 3 12 5 7 2 6 0 14 8 
467,2.0606e-06,2.43218e-06,1.90035e-06,50,100,100,411152,4 1 13 9 11 10 3 12 5 7 2 6 0 14 8 
468,2.06332e-06,2.43218e-06,1.91976e-06,50,100,100,411152,4 1 13 9 11 10 3 12 5 7 2 6 0 14 8 
469,2.05938e-06,2.43218e-06,1.91932e-06,50,100,100,411152,4 1 13 9 11 10 3 12 5 7 2 6 0 14 8 
470,2.05927e-06,2.43218e-06,1.9024e-06,50,100,100,411152,4 1 13 9 11 10 3 12 5 7 2 6 0 14 8 
471,2.04519e-06,2.43218e-06,1.88706e-06,50,100,100,411152,4 1 13 9 11 10 3 12 5 7 2 6 0 14 8 
472,2.05682e-06,2.43218e-06,1.92162e-06,50,100,100,411152,4 1 13 9 11 10 3 12 5 7 2 6 0 14 8 
473,2.06266e-06,2.43218e-06,1.90288e-06,50,100,100,411152,4 1 13 9 11 10 3 12 5 7 2 6 0 14 8 
474,2.06487e-06,2.43218e-06,1.9286e-06,50,100,100,411152,4 1 13 9 11 10 3 12 5 7 2 6 0 14 8 
475,2.06069e-06,2.43218e-06,1.9082e-06,50,100,100,411152,4 1 13 9 11 10 3 12 5 7 2 6 0 14 8 
476,2.05531e-06,2.43218e-06,1.91025e-06,50,100,100,411152,4 1 13 9 11 10 3 12 5 7 2 6 0 14 8 
477,2.06329e-06,2.43218e-06,1.90445e-06,50,100,100,411152,4 1 13 9 11 10 3 12 5 7 2 6 0 14 8 
478,2.05986e-06,2.43218e-06,1.8993e-06,50,100,100,411152,4 1 13 9 11 10 3 12 5 7 2 6 0 14 8 
479,2.06048e-06,2.43218e-06,1.92005e-06,50,100,100,411152,4 1 13 9 11 10 3 12 5 7 2 6 0 14 8 
480,2.05092e-06,2.43218e-06,1.90164e-06,50,100,100,411152,4 1 13 9 11 10 3 12 5 7 2 6 0 14 8 
481,2.05659e-06,2.43218e-06,1.90593e-06,50,100,100,411152,4 1 13 9 11 10 3 12 5 7 2 6 0 14 8 
482,2.06452e-06,2.43218e-06,1.89222e-06,50,100,100,411152,4 1 13 9 11 10 3 12 5 7 2 6 0 14 8 
483,2.06365e-06,2.43218e-06,1.91338e-06,50,100,100,411152,4 1 13 9 11 10 3 12 5 7 2 6 0 14 8 
484,2.06948e-06,2.43218e-06,1.91361e-06,50,100,100,411152,4 1 13 9 11 10 3 12 5 7 2 6 0 14 8 
485,2.06153e-06,2.43218e-06,1.91827e-06,50,100,100,411152,4 1 13 9 11 10 3 12 5 7 2 6 0 14 8 
486,2.07342e-06,2.43218e-06,1.90162e-06,50,100,100,411152,4 1 13 9 11 10 3 12 5 7 2 6 0 14 8 
487,2.06671e-06,2.43218e-06,1.92598e-06,50,100,100,411152,4 1 13 9 11 10 3 12 5 7 2 6 0 14 8 
488,2.06638e-06,2.43218e-06,1.91778e-06,50,100,100,411152,4 1 13 9 11 10 3 12 5 7 2 6 0 14 8 
489,2.05332e-06,2.43218e-06,1.91923e-06,50,100,100,411152,4 1 13 9 11 10 3 12 5 7 2 6 0 14 8 
490,2.0562e-06,2.43218e-06,1.90644e-06,50,100,100,411152,4 1 13 9 11 10 3 12 5 7 2 6 0 14 8 
491,2.06049e-06,2.43218e-06,1.89155e-06,50,100,100,411152,4 1 13 9 11 10 3 12 5 7 2 6 0 14 8 
492,2.06528e-06,2.43218e-06,1.87022e-06,50,100,100,411152,4 1 13 9 11 10 3 12 5 7 2 6 0 14 8 
493,2.06095e-06,2.43218e-06,1.9212e-06,50,100,100,411152,4 1 13 9 11 10 3 12 5 7 2 6 0 14 8 
494,2.06121e-06,2.43218e-06,1.92417e-06,50,100,100,411152,4 1 13 9 11 10 3 12 5 7 2 6 0 14 8 
495,2.05476e-06,2.43218e-06,1.90453e-06,50,100,100,411152,4 1 13 9 11 10 3 12 5 7 2 6 0 14 8 
496,2.05826e-06,2.43218e-06,1.8996e-06,50,100,100,411152,4 1 13 9 11 10 3 12 5 7 2 6 0 14 8 
497,2.06324e-06,2.43218e-06,1.9413e-06,50,100,100,411152,4 1 13 9 11 10 3 12 5 7 2 6 0 14 8 
498,2.05578e-06,2.43218e-06,1.90784e-06,50,100,100,411152,4 1 13 9 11 10 3 12 5 7 2 6 0 14 8 
499,2.05814e-06,2.43218e-06,1.88715e-06,50,100,100,411152,4 1 13 9 11 10 3 12 5 7 2 6 0 14 8 
500,2.06397e-06,2.43218e-06,1.89244e-06,50,100,100,411152,4 1 13 9 11 10 3 12 5 7 2 6 0 14 8 
501,2.05912e-06,2.43218e-06,1.89628e-06,50,100,100,411152,4 1 13 9 11 10 3 12 5 7 2 6 0 14 8 
502,2.05724e-06,2.43218e-06,1.90789e-06,50,100,100,411152,4 1 13 9 11 10 3 12 5 7 2 6 0 14 8 
503,2.06124e-06,2.43218e-06,1.91119e-06,50,100,100,411152,4 1 13 9 11 10 3 12 5 7 2 6 0 14 8 
504,2.05903e-06,2.43218e-06,1.90679e-06,50,100,100,411152,4 1 13 9 11 10 3 12 5 7 2 6 0 14 8 
505,2.05078e-06,2.43218e-06,1.87756e-06,50,100,100,411152,4 1 13 9 11 10 3 12 5 7 2 6 0 14 8 
506,2.06919e-06,2.43218e-06,1.88038e-06,50,100,100,411152,4 1 13 9 11 10 3 12 5 7 2 6 0 14 8 
507,2.05844e-06,2.43218e-06,1.90505e-06,50,100,100,411152,4 1 13 9 11 10 3 12 5 7 2 6 0 14 8 
508,2.05245e-06,2.43218e-06,1.91335e-06,50,100,100,411152,4 1 13 9 11 10 3 12 5 7 2 6 0 14 8 
509,2.06564e-06,2.43218e-06,1.89525e-06,50,100,100,411152,4 1 13 9 11 10 3 12 5 7 2 6 0 14 8 
510,2.06609e-06,2.43218e-06,1.90305e-06,50,100,100,411152,4 1 13 9 11 10 3 12 5 7 2 6 0 14 8 
511,2.05971e-06,2.43218e-06,1.9151e-06,50,100,100,411152,4 1 13 9 11 10 3 12 5 7 2 6 0 14 8 
512,2.04203e-06,2.43218e-06,1.89287e-06,50,100,100,411152,4 1 13 9 11 10 3 12 5 7 2 6 0 14 8 
513,2.05163e-06,2.43218e-06,1.88978e-06,50,100,100,411152,4 1 13 9 11 10 3 12 5 7 2 6 0 14 8 
514,2.0526e-06,2.43218e-06,1.88297e-06,50,100,100,411152,4 1 13 9 11 10 3 12 5 7 2 6 0 14 8 
515,2.0535e-06,2.43218e-06,1.92939e-06,50,100,100,411152,4 1 13 9 11 10 3 12 5 7 2 6 0 14 8 
516,2.07153e-06,2.43218e-06,1.8855e-06,50,100,100,411152,4 1 13 9 11 10 3 12 5 7 2 6 0 14 8 
517,2.06528e-06,2.43218e-06,1.9025e-06,50,100,100,411152,4 1 13 9 11 10 3 12 5 7 2 6 0 14 8 
518,2.06964e-06,2.43218e-06,1.92041e-06,50,100,100,411152,4 1 13 9 11 10 3 12 5 7 2 6 0 14 8 
519,2.06624e-06,2.43218e-06,1.89789e-06,50,100,100,411152,4 1 13 9 11 10 3 12 5 7 2 6 0 14 8 
520,2.06655e-06,2.43218e-06,1.92076e-06,50,100,100,411152,4 1 13 9 11 10 3 12 5 7 2 6 0 14 8 
521,2.06682e-06,2.43218e-06,1.91354e-06,50,100,100,411152,4 1 13 9 11 10 3 12 5 7 2 6 0 14 8 
522,2.0576e-06,2.43218e-06,1.89921e-06,50,100,100,411152,4 1 13 9 11 10 3 12 5 7 2 6 0 14 8 
523,2.06004e-06,2.43218e-06,1.91136e-06,50,100,100,411152,4 1 13 9 11 10 3 12 5 7 2 6 0 14 8 
524,2.05071e-06,2.43218e-06,1.91985e-06,50,100,100,411152,4 1 13 9 11 10 3 12 5 7 2 6 0 14 8 
525,2.04651e-06,2.43218e-06,1.87845e-06,50,100,100,411152,4 1 13 9 11 10 3 12 5 7 2 6 0 14 8 
526,2.05715e-06,2.43218e-06,1.89329e-06,50,100,100,411152,4 1 13 9 11 10 3 12 5 7 2 6 0 14 8 
527,2.06173e-06,2.43218e-06,1.921e-06,50,100,100,411152,4 1 13 9 11 10 3 12 5 7 2 6 0 14 8 
528,2.05154e-06,2.43218e-06,1.90858e-06,50,100,100,411152,4 1 13 9 11 10 3 12 5 7 2 6 0 14 8 
529,2.07157e-06,2.43218e-06,1.95001e-06,50,100,100,411152,4 1 13 9 11 10 3 12 5 7 2 6 0 14 8 
530,2.06797e-06,2.43218e-06,1.90569e-06,50,100,100,411152,4 1 13 9 11 10 3 12 5 7 2 6 0 14 8 
531,2.07134e-06,2.43218e-06,1.89327e-06,50,100,100,411152,4 1 13 9 11 10 3 12 5 7 2 6 0 14 8 
532,2.05617e-06,2.43218e-06,1.90268e-06,50,100,100,411152,4 1 13 9 11 10 3 12 5 7 2 6 0 14 8 
533,2.07127e-06,2.43218e-06,1.90133e-06,50,100,100,411152,4 1 13 9 11 10 3 12 5 7 2 6 0 14 8 
534,2.06585e-06,2.43218e-06,1.88029e-06,50,100,100,411152,4 1 13 9 11 10 3 12 5 7 2 6 0 14 8 
535,2.06629e-06,2.43218e-06,1.93476e-06,50,100,100,411152,4 1 13 9 11 10 3 12 5 7 2 6 0 14 8 
536,2.0599e-06,2.43218e-06,1.91153e-06,50,100,100,411152,4 1 13 9 11 10 3 12 5 7 2 6 0 14 8 
537,2.05641e-06,2.43218e-06,1.92749e-06,50,100,100,411152,4 1 13 9 11 10 3 12 5 7 2 6 0 14 8 
538,2.05697e-06,2.43218e-06,1.92253e-06,50,100,100,411152,4 1 13 9 11 10 3 12 5 7 2 6 0 14 8 
539,2.06277e-06,2.43218e-06,1.91119e-06,50,100,100,411152,4 1 13 9 11 10 3 12 5 7 2 6 0 14 8 
540,2.05721e-06,2.43218e-06,1.89141e-06,50,100,100,411152,4 1 13 9 11 10 3 12 5 7 2 6 0 14 8 
541,2.05949e-06,2.43218e-06,1.88907e-06,50,100,100,411152,4 1 13 9 11 10 3 12 5 7 2 6 0 14 8 
542,2.05484e-06,2.43218e-06,1.91751e-06,50,100,100,411152,4 1 13 9 11 10 3 12 5 7 2 6 0 14 8 
543,2.06842e-06,2.43218e-06,1.9265e-06,50,100,100,411152,4 1 13 9 11 10 3 12 5 7 2 6 0 14 8 
544,2.06235e-06,2.43218e-06,1.89785e-06,50,100,100,411152,4 1 13 9 11 10 3 12 5 7 2 6 0 14 8 
545,2.05474e-06,2.43218e-06,1.88206e-06,50,100,100,411152,4 1 13 9 11 10 3 12 5 7 2 6 0 14 8 
546,2.05449e-06,2.43218e-06,1.90701e-06,50,100,100,411152,4 1 13 9 11 10 3 12 5 7 2 6 0 14 8 
547,2.04727e-06,2.43218e-06,1.90361e-06,50,100,100,411152,4 1 13 9 11 10 3 12 5 7 2 6 0 14 8 
548,2.04616e-06,2.43218e-06,1.89485e-06,50,100,100,411152,4 1 13 9 11 10 3 12 5 7 2 6 0 14 8 
549,2.04682e-06,2.43218e-06,1.86699e-06,50,100,100,411152,4 1 13 9 11 10 3 12 5 7 2 6 0 14 8 
550,2.04525e-06,2.43218e-06,1.90311e-06,50,100,100,411152,4 1 13 9 11 10 3 12 5 7 2 6 0 14 8 
551,2.06068e-06,2.43218e-06,1.91753e-06,50,100,100,411152,4 1 13 9 11 10 3 12 5 7 2 6 0 14 8 
552,2.05353e-06,2.43218e-06,1.92836e-06,50,100,100,411152,4 1 13 9 11 10 3 12 5 7 2 6 0 14 8 
553,2.05529e-06,2.43218e-06,1.94267e-06,50,100,100,411152,4 1 13 9 11 10 3 12 5 7 2 6 0 14 8 
554,2.04548e-06,2.43218e-06,1.87863e-06,50,100,100,411152,4 1 13 9 11 10 3 12 5 7 2 6 0 14 8 
555,2.04764e-06,2.43218e-06,1.92623e-06,50,100,100,411152,4 1 13 9 11 10 3 12 5 7 2 6 0 14 8 
556,2.06025e-06,2.43218e-06,1.91057e-06,50,100,100,411152,4 1 13 9 11 10 3 12 5 7 2 6 0 14 8 
557,2.06965e-06,2.43218e-06,1.91568e-06,50,100,100,411152,4 1 13 9 11 10 3 12 5 7 2 6 0 14 8 
558,2.07214e-06,2.43218e-06,1.9091e-06,50,100,100,411152,4 1 13 9 11 10 3 12 5 7 2 6 0 14 8 
559,2.06666e-06,2.43218e-06,1.91219e-06,50,100,100,411152,4 1 13 9 11 10 3 12 5 7 2 6 0 14 8 
560,2.06569e-06,2.43218e-06,1.91728e-06,50,100,100,411152,4 1 13 9 11 10 3 12 5 7 2 6 0 14 8 
561,2.07398e-06,2.43218e-06,1.92357e-06,50,100,100,411152,4 1 13 9 11 10 3 12 5 7 2 6 0 14 8 
562,2.05926e-06,2.43218e-06,1.90183e-06,50,100,100,411152,4 1 13 9 11 10 3 12 5 7 2 6 0 14 8 
563,2.06422e-06,2.43218e-06,1.8863e-06,50,100,100,411152,4 1 13 9 11 10 3 12 5 7 2 6 0 14 8 
564,2.06538e-06,2.43218e-06,1.91974e-06,50,100,100,411152,4 1 13 9 11 10 3 12 5 7 2 6 0 14 8 
565,2.06361e-06,2.43218e-06,1.91035e-06,50,100,100,411152,4 1 13 9 11 10 3 12 5 7 2 6 0 14 8 
566,2.06174e-06,2.43218e-06,1.8726e-06,50,100,100,411152,4 1 13 9 11 10 3 12 5 7 2 6 0 14 8 
567,2.06015e-06,2.43218e-06,1.90124e-06,50,100,100,411152,4 1 13 9 11 10 3 12 5 7 2 6 0 14 8 
568,2.05235e-06,2.43218e-06,1.8901e-06,50,100,100,411152,4 1 13 9 11 10 3 12 5 7 2 6 0 14 8 
569,2.05543e-06,2.43218e-06,1.87489e-06,50,100,100,411152,4 1 13 9 11 10 3 12 5 7 2 6 0 14 8 
570,2.05942e-06,2.43218e-06,1.90258e-06,50,100,100,411152,4 1 13 9 11 10 3 12 5 7 2 6 0 14 8 
571,2.06472e-06,2.43218e-06,1.88668e-06,50,100,100,411152,4 1 13 9 11 10 3 12 5 7 2 6 0 14 8 
572,2.0549e-06,2.43218e-06,1.88918e-06,50,100,100,411152,4 1 13 9 11 10 3 12 5 7 2 6 0 14 8 
573,2.06173e-06,2.43218e-06,1.90265e-06,50,100,100,411152,4 1 13 9 11 10 3 12 5 7 2 6 0 14 8 
574,2.05438e-06,2.43218e-06,1.90106e-06,50,100,100,411152,4 1 13 9 11 10 3 12 5 7 2 6 0 14 8 
575,2.06566e-06,2.43218e-06,1.92019e-06,50,100,100,411152,4 1 13 9 11 10 3 12 5 7 2 6 0 14 8 
576,2.057e-06,2.43218e-06,1.91742e-06,50,100,100,411152,4 1 13 9 11 10 3 12 5 7 2 6 0 14 8 
577,2.04942e-06,2.43218e-06,1.90635e-06,50,100,100,411152,4 1 13 9 11 10 3 12 5 7 2 6 0 14 8 
578,2.05591e-06,2.43218e-06,1.89639e-06,50,100,100,411152,4 1 13 9 11 10 3 12 5 7 2 6 0 14 8 
579,2.06577e-06,2.43218e-06,1.89184e-06,50,100,100,411152,4 1 13 9 11 10 3 12 5 7 2 6 0 14 8 
580,2.06422e-06,2.43218e-06,1.89777e-06,50,100,100,411152,4 1 13 9 11 10 3 12 5 7 2 6 0 14 8 
581,2.06272e-06,2.43218e-06,1.88961e-06,50,100,100,411152,4 1 13 9 11 10 3 12 5 7 2 6 0 14 8 
582,2.06261e-06,2.43218e-06,1.90736e-06,50,100,100,411152,4 1 13 9 11 10 3 12 5 7 2 6 0 14 8 
583,2.05408e-06,2.43218e-06,1.914e-06,50,100,100,411152,4 1 13 9 11 10 3 12 5 7 2 6 0 14 8 
584,2.0504e-06,2.43218e-06,1.92299e-06,50,100,100,411152,4 1 13 9 11 10 3 12 5 7 2 6 0 14 8 
585,2.05586e-06,2.43218e-06,1.92584e-06,50,100,100,411152,4 1 13 9 11 10 3 12 5 7 2 6 0 14 8 
586,2.0664e-06,2.43218e-06,1.9082e-06,50,100,100,411152,4 1 13 9 11 10 3 12 5 7 2 6 0 14 8 
587,2.06332e-06,2.43218e-06,1.85559e-06,50,100,100,411152,4 1 13 9 11 10 3 12 5 7 2 6 0 14 8 
588,2.04999e-06,2.43218e-06,1.92711e-06,50,100,100,411152,4 1 13 9 11 10 3 12 5 7 2 6 0 14 8 
589,2.04456e-06,2.43218e-06,1.86083e-06,50,100,100,411152,4 1 13 9 11 10 3 12 5 7 2 6 0 14 8 
590,2.06519e-06,2.43218e-06,1.91129e-06,50,100,100,411152,4 1 13 9 11 10 3 12 5 7 2 6 0 14 8 
591,2.06633e-06,2.43218e-06,1.86941e-06,50,100,100,411152,4 1 13 9 11 10 3 12 5 7 2 6 0 14 8 
592,2.04627e-06,2.43218e-06,1.90305e-06,50,100,100,411152,4 1 13 9 11 10 3 12 5 7 2 6 0 14 8 
593,2.05739e-06,2.43218e-06,1.92924e-06,50,100,100,411152,4 1 13 9 11 10 3 12 5 7 2 6 0 14 8 
594,2.05525e-06,2.43218e-06,1.89204e-06,50,100,100,411152,4 1 13 9 11 10 3 12 5 7 2 6 0 14 8 
595,2.05933e-06,2.43218e-06,1.90817e-06,50,100,100,411152,4 1 13 9 11 10 3 12 5 7 2 6 0 14 8 
596,2.0547e-06,2.43218e-06,1.90981e-06,50,100,100,411152,4 1 13 9 11 10 3 12 5 7 2 6 0 14 8 
597,2.05516e-06,2.43218e-06,1.90299e-06,50,100,100,411152,4 1 13 9 11 10 3 12 5 7 2 6 0 14 8 
598,2.05961e-06,2.43218e-06,1.90387e-06,50,100,100,411152,4 1 13 9 11 10 3 12 5 7 2 6 0 14 8 
599,2.07107e-06,2.43218e-06,1.90373e-06,50,100,100,411152,4 1 13 9 11 10 3 12 5 7 2 6 0 14 8 
600,2.06059e-06,2.43218e-06,1.92515e-06,50,100,100,411152,4 1 13 9 11 10 3 12 5 7 2 6 0 14 8 
601,2.0624e-06,2.43218e-06,1.91598e-06,50,100,100,411152,4 1 13 9 11 10 3 12 5 7 2 6 0 14 8 
602,2.05285e-06,2.43218e-06,1.86799e-06,50,100,100,411152,4 1 13 9 11 10 3 12 5 7 2 6 0 14 8 
603,2.06357e-06,2.43218e-06,1.92087e-06,50,100,100,411152,4 1 13 9 11 10 3 12 5 7 2 6 0 14 8 
604,2.05467e-06,2.43218e-06,1.90486e-06,50,100,100,411152,4 1 13 9 11 10 3 12 5 7 2 6 0 14 8 
605,2.05974e-06,2.43218e-06,1.91855e-06,50,100,100,411152,4 1 13 9 11 10 3 12 5 7 2 6 0 14 8 
606,2.06049e-06,2.43218e-06,1.93857e-06,50,100,100,411152,4 1 13 9 11 10 3 12 5 7 2 6 0 14 8 
607,2.07035e-06,2.43218e-06,1.914e-06,50,100,100,411152,4 1 13 9 11 10 3 12 5 7 2 6 0 14 8 
608,2.0751e-06,2.43218e-06,1.91929e-06,50,100,100,411152,4 1 13 9 11 10 3 12 5 7 2 6 0 14 8 
609,2.06815e-06,2.43218e-06,1.89197e-06,50,100,100,411152,4 1 13 9 11 10 3 12 5 7 2 6 0 14 8 
610,2.06533e-06,2.43218e-06,1.91393e-06,50,100,100,411152,4 1 13 9 11 10 3 12 5 7 2 6 0 14 8 
611,2.0592e-06,2.43218e-06,1.91523e-06,50,100,100,411152,4 1 13 9 11 10 3 12 5 7 2 6 0 14 8 
612,2.05897e-06,2.43218e-06,1.90072e-06,50,100,100,411152,4 1 13 9 11 10 3 12 5 7 2 6 0 14 8 
613,2.05631e-06,2.43218e-06,1.87088e-06,50,100,100,411152,4 1 13 9 11 10 3 12 5 7 2 6 0 14 8 
614,2.05433e-06,2.43218e-06,1.9189e-06,50,100,100,411152,4 1 13 9 11 10 3 12 5 7 2 6 0 14 8 
615,2.06981e-06,2.43218e-06,1.8923e-06,50,100,100,411152,4 1 13 9 11 10 3 12 5 7 2 6 0 14 8 
616,2.06293e-06,2.43218e-06,1.9517e-06,50,100,100,411152,4 1 13 9 11 10 3 12 5 7 2 6 0 14 8 
617,2.05236e-06,2.43218e-06,1.90123e-06,50,100,100,411152,4 1 13 9 11 10 3 12 5 7 2 6 0 14 8 
618,2.05866e-06,2.43218e-06,1.92019e-06,50,100,100,411152,4 1 13 9 11 10 3 12 5 7 2 6 0 14 8 
619,2.05183e-06,2.43218e-06,1.90508e-06,50,100,100,411152,4 1 13 9 11 10 3 12 5 7 2 6 0 14 8 
620,2.05822e-06,2.43218e-06,1.91343e-06,50,100,100,411152,4 1 13 9 11 10 3 12 5 7 2 6 0 14 8 
621,2.04967e-06,2.43218e-06,1.89943e-06,50,100,100,411152,4 1 13 9 11 10 3 12 5 7 2 6 0 14 8 
622,2.0457e-06,2.43218e-06,1.90009e-06,50,100,100,411152,4 1 13 9 11 10 3 12 5 7 2 6 0 14 8 
623,2.06529e-06,2.43218e-06,1.90128e-06,50,100,100,411152,4 1 13 9 11 10 3 12 5 7 2 6 0 14 8 
624,2.07135e-06,2.43218e-06,1.93019e-06,50,100,100,411152,4 1 13 9 11 10 3 12 5 7 2 6 0 14 8 
625,2.0754e-06,2.43218e-06,1.87537e-06,50,100,100,411152,4 1 13 9 11 10 3 12 5 7 2 6 0 14 8 
626,2.05808e-06,2.43218e-06,1.90029e-06,50,100,100,411152,4 1 13 9 11 10 3 12 5 7 2 6 0 14 8 
627,2.0574e-06,2.43218e-06,1.92604e-06,50,100,100,411152,4 1 13 9 11 10 3 12 5 7 2 6 0 14 8 
628,2.05121e-06,2.43218e-06,1.90874e-06,50,100,100,411152,4 1 13 9 11 10 3 12 5 7 2 6 0 14 8 
629,2.05388e-06,2.43218e-06,1.91524e-06,50,100,100,411152,4 1 13 9 11 10 3 12 5 7 2 6 0 14 8 
630,2.04041e-06,2.43218e-06,1.90308e-06,50,100,100,411152,4 1 13 9 11 10 3 12 5 7 2 6 0 14 8 
631,2.04255e-06,2.43218e-06,1.87177e-06,50,100,100,411152,4 1 13 9 11 10 3 12 5 7 2 6 0 14 8 
632,2.04896e-06,2.43218e-06,1.89495e-06,50,100,100,411152,4 1 13 9 11 10 3 12 5 7 2 6 0 14 8 
633,2.05647e-06,2.43218e-06,1.91756e-06,50,100,100,411152,4 1 13 9 11 10 3 12 5 7 2 6 0 14 8 
634,2.05221e-06,2.43218e-06,1.88675e-06,50,100,100,411152,4 1 13 9 11 10 3 12 5 7 2 6 0 14 8 
635,2.06593e-06,2.43218e-06,1.92969e-06,50,100,100,411152,4 1 13 9 11 10 3 12 5 7 2 6 0 14 8 
636,2.06626e-06,2.43218e-06,1.92434e-06,50,100,100,411152,4 1 13 9 11 10 3 12 5 7 2 6 0 14 8 
637,2.06333e-06,2.43218e-06,1.89961e-06,50,100,100,411152,4 1 13 9 11 10 3 12 5 7 2 6 0 14 8 
638,2.06e-06,2.43218e-06,1.9233e-06,50,100,100,411152,4 1 13 9 11 10 3 12 5 7 2 6 0 14 8 
639,2.06288e-06,2.43218e-06,1.92623e-06,50,100,100,411152,4 1 13 9 11 10 3 12 5 7 2 6 0 14 8 
640,2.05578e-06,2.43218e-06,1.87935e-06,50,100,100,411152,4 1 13 9 11 10 3 12 5 7 2 6 0 14 8 
641,2.05822e-06,2.43218e-06,1.91453e-06,50,100,100,411152,4 1 13 9 11 10 3 12 5 7 2 6 0 14 8 
642,2.05675e-06,2.43218e-06,1.90324e-06,50,100,100,411152,4 1 13 9 11 10 3 12 5 7 2 6 0 14 8 
643,2.05591e-06,2.43218e-06,1.9313e-06,50,100,100,411152,4 1 13 9 11 10 3 12 5 7 2 6 0 14 8 
644,2.06829e-06,2.43218e-06,1.93506e-06,50,100,100,411152,4 1 13 9 11 10 3 12 5 7 2 6 0 14 8 
645,2.06644e-06,2.43218e-06,1.92588e-06,50,100,100,411152,4 1 13 9 11 10 3 12 5 7 2 6 0 14 8 
646,2.06965e-06,2.43218e-06,1.9378e-06,50,100,100,411152,4 1 13 9 11 10 3 12 5 7 2 6 0 14 8 
647,2.06122e-06,2.43218e-06,1.94009e-06,50,100,100,411152,4 1 13 9 11 10 3 12 5 7 2 6 0 14 8 
648,2.06055e-06,2.43218e-06,1.90849e-06,50,100,100,411152,4 1 13 9 11 10 3 12 5 7 2 6 0 14 8 
649,2.05369e-06,2.43218e-06,1.92509e-06,50,100,100,411152,4 1 13 9 11 10 3 12 5 7 2 6 0 14 8 
650,2.05153e-06,2.43218e-06,1.89709e-06,50,100,100,411152,4 1 13 9 11 10 3 12 5 7 2 6 0 14 8 
651,2.0575e-06,2.43218e-06,1.90473e-06,50,100,100,411152,4 1 13 9 11 10 3 12 5 7 2 6 0 14 8 
652,2.0543e-06,2.43218e-06,1.92344e-06,50,100,100,411152,4 1 13 9 11 10 3 12 5 7 2 6 0 14 8 
653,2.05687e-06,2.43218e-06,1.8929e-06,50,100,100,411152,4 1 13 9 11 10 3 12 5 7 2 6 0 14 8 
654,2.05524e-06,2.43218e-06,1.88337e-06,50,100,100,411152,4 1 13 9 11 10 3 12 5 7 2 6 0 14 8 
655,2.04592e-06,2.43218e-06,1.91562e-06,50,100,100,411152,4 1 13 9 11 10 3 12 5 7 2 6 0 14 8 
656,2.06282e-06,2.43218e-06,1.88685e-06,50,100,100,411152,4 1 13 9 11 10 3 12 5 7 2 6 0 14 8 
657,2.06402e-06,2.43218e-06,1.91172e-06,50,100,100,411152,4 1 13 9 11 10 3 12 5 7 2 6 0 14 8 
658,2.06832e-06,2.43218e-06,1.92216e-06,50,100,100,411152,4 1 13 9 11 10 3 12 5 7 2 6 0 14 8 
659,2.063e-06,2.43218e-06,1.89496e-06,50,100,100,411152,4 1 13 9 11 10 3 12 5 7 2 6 0 14 8 
660,2.06462e-06,2.43218e-06,1.92449e-06,50,100,100,411152,4 1 13 9 11 10 3 12 5 7 2 6 0 14 8 
661,2.05132e-06,2.43218e-06,1.90551e-06,50,100,100,411152,4 1 13 9 11 10 3 12 5 7 2 6 0 14 8 
662,2.0447e-06,2.43218e-06,1.92098e-06,50,100,100,411152,4 1 13 9 11 10 3 12 5 7 2 6 0 14 8 
663,2.04741e-06,2.43218e-06,1.87499e-06,50,100,100,411152,4 1 13 9 11 10 3 12 5 7 2 6 0 14 8 
664,2.04871e-06,2.43218e-06,1.88564e-06,50,100,100,411152,4 1 13 9 11 10 3 12 5 7 2 6 0 14 8 
665,2.06567e-06,2.43218e-06,1.92849e-06,50,100,100,411152,4 1 13 9 11 10 3 12 5 7 2 6 0 14 8 
666,2.05684e-06,2.43218e-06,1.91031e-06,50,100,100,411152,4 1 13 9 11 10 3 12 5 7 2 6 0 14 8 
667,2.05397e-06,2.43218e-06,1.91375e-06,50,100,100,411152,4 1 13 9 11 10 3 12 5 7 2 6 0 14 8 
668,2.05996e-06,2.43218e-06,1.90914e-06,50,100,100,411152,4 1 13 9 11 10 3 12 5 7 2 6 0 14 8 
669,2.06241e-06,2.43218e-06,1.92986e-06,50,100,100,411152,4 1 13 9 11 10 3 12 5 7 2 6 0 14 8 
670,2.06164e-06,2.43218e-06,1.92531e-06,50,100,100,411152,4 1 13 9 11 10 3 12 5 7 2 6 0 14 8 
671,2.05044e-06,2.43218e-06,1.87974e-06,50,100,100,411152,4 1 13 9 11 10 3 12 5 7 2 6 0 14 8 
672,2.06687e-06,2.43218e-06,1.89963e-06,50,100,100,411152,4 1 13 9 11 10 3 12 5 7 2 6 0 14 8 
673,2.06517e-06,2.43218e-06,1.91195e-06,50,100,100,411152,4 1 13 9 11 10 3 12 5 7 2 6 0 14 8 
674,2.06814e-06,2.43218e-06,1.92452e-06,50,100,100,411152,4 1 13 9 11 10 3 12 5 7 2 6 0 14 8 
675,2.0671e-06,2.43218e-06,1.90961e-06,50,100,100,411152,4 1 13 9 11 10 3 12 5 7 2 6 0 14 8 
676,2.05375e-06,2.43218e-06,1.8957e-06,50,100,100,411152,4 1 13 9 11 10 3 12 5 7 2 6 0 14 8 
677,2.05544e-06,2.43218e-06,1.92464e-06,50,100,100,411152,4 1 13 9 11 10 3 12 5 7 2 6 0 14 8 
678,2.06634e-06,2.43218e-06,1.93997e-06,50,100,100,411152,4 1 13 9 11 10 3 12 5 7 2 6 0 14 8 
679,2.04702e-06,2.43218e-06,1.89883e-06,50,100,100,411152,4 1 13 9 11 10 3 12 5 7 2 6 0 14 8 
680,2.05124e-06,2.43218e-06,1.90641e-06,50,100,100,411152,4 1 13 9 11 10 3 12 5 7 2 6 0 14 8 
681,2.06703e-06,2.43218e-06,1.93861e-06,50,100,100,411152,4 1 13 9 11 10 3 12 5 7 2 6 0 14 8 
682,2.06076e-06,2.43218e-06,1.90544e-06,50,100,100,411152,4 1 13 9 11 10 3 12 5 7 2 6 0 14 8 
683,2.06086e-06,2.43218e-06,1.93071e-06,50,100,100,411152,4 1 13 9 11 10 3 12 5 7 2 6 0 14 8 
684,2.06421e-06,2.43523e-06,1.90027e-06,50,100,100,410638,0 1 13 9 11 10 3 12 5 7 2 6 14 4 8 
685,2.07058e-06,2.43523e-06,1.89015e-06,50,100,100,410638,0 1 13 9 11 10 3 12 5 7 2 6 14 4 8 
686,2.06042e-06,2.43523e-06,1.91999e-06,50,100,100,410638,0 1 13 9 11 10 3 12 5 7 2 6 14 4 8 
687,2.0669e-06,2.43523e-06,1.91499e-06,50,100,100,410638,0 1 13 9 11 10 3 12 5 7 2 6 14 4 8 
688,2.06515e-06,2.43523e-06,1.90795e-06,50,100,100,410638,0 1 13 9 11 10 3 12 5 7 2 6 14 4 8 
689,2.06679e-06,2.43523e-06,1.89083e-06,50,100,100,410638,0 1 13 9 11 10 3 12 5 7 2 6 14 4 8 
690,2.06898e-06,2.43523e-06,1.93578e-06,50,100,100,410638,0 1 13 9 11 10 3 12 5 7 2 6 14 4 8 
691,2.06278e-06,2.43523e-06,1.91142e-06,50,100,100,410638,0 1 13 9 11 10 3 12 5 7 2 6 14 4 8 
692,2.06498e-06,2.43523e-06,1.9105e-06,50,100,100,410638,0 1 13 9 11 10 3 12 5 7 2 6 14 4 8 
693,2.0532e-06,2.43523e-06,1.91344e-06,50,100,100,410638,0 1 13 9 11 10 3 12 5 7 2 6 14 4 8 
694,2.05819e-06,2.43523e-06,1.88645e-06,50,100,100,410638,0 1 13 9 11 10 3 12 5 7 2 6 14 4 8 
695,2.06036e-06,2.43523e-06,1.92495e-06,50,100,100,410638,0 1 13 9 11 10 3 12 5 7 2 6 14 4 8 
696,2.06396e-06,2.43523e-06,1.8909e-06,50,100,100,410638,0 1 13 9 11 10 3 12 5 7 2 6 14 4 8 
697,2.06807e-06,2.43523e-06,1.88499e-06,50,100,100,410638,0 1 13 9 11 10 3 12 5 7 2 6 14 4 8 
698,2.05635e-06,2.43523e-06,1.92626e-06,50,100,100,410638,0 1 13 9 11 10 3 12 5 7 2 6 14 4 8 
699,2.06114e-06,2.43523e-06,1.90009e-06,50,100,100,410638,0 1 13 9 11 10 3 12 5 7 2 6 14 4 8 
700,2.05755e-06,2.43523e-06,1.89159e-06,50,100,100,410638,0 1 13 9 11 10 3 12 5 7 2 6 14 4 8 
701,2.0488e-06,2.43523e-06,1.89662e-06,50,100,100,410638,0 1 13 9 11 10 3 12 5 7 2 6 14 4 8 
702,2.06121e-06,2.43523e-06,1.93842e-06,50,100,100,410638,0 1 13 9 11 10 3 12 5 7 2 6 14 4 8 
703,2.0585e-06,2.43523e-06,1.9275e-06,50,100,100,410638,0 1 13 9 11 10 3 12 5 7 2 6 14 4 8 
704,2.04571e-06,2.43523e-06,1.90432e-06,50,100,100,410638,0 1 13 9 11 10 3 12 5 7 2 6 14 4 8 
705,2.0607e-06,2.43523e-06,1.91839e-06,50,100,100,410638,0 1 13 9 11 10 3 12 5 7 2 6 14 4 8 
706,2.06169e-06,2.43523e-06,1.92553e-06,50,100,100,410638,0 1 13 9 11 10 3 12 5 7 2 6 14 4 8 
707,2.06973e-06,2.43523e-06,1.87101e-06,50,100,100,410638,0 1 13 9 11 10 3 12 5 7 2 6 14 4 8 
708,2.06099e-06,2.43523e-06,1.94195e-06,50,100,100,410638,0 1 13 9 11 10 3 12 5 7 2 6 14 4 8 
709,2.05777e-06,2.43523e-06,1.90105e-06,50,100,100,410638,0 1 13 9 11 10 3 12 5 7 2 6 14 4 8 
710,2.06267e-06,2.43523e-06,1.92755e-06,50,100,100,410638,0 1 13 9 11 10 3 12 5 7 2 6 14 4 8 
711,2.06384e-06,2.43523e-06,1.923e-06,50,100,100,410638,0 1 13 9 11 10 3 12 5 7 2 6 14 4 8 
712,2.07025e-06,2.43523e-06,1.89909e-06,50,100,100,410638,0 1 13 9 11 10 3 12 5 7 2 6 14 4 8 
713,2.06218e-06,2.43523e-06,1.93005e-06,50,100,100,410638,0 1 13 9 11 10 3 12 5 7 2 6 14 4 8 
714,2.04783e-06,2.43523e-06,1.87922e-06,50,100,100,410638,0 1 13 9 11 10 3 12 5 7 2 6 14 4 8 
715,2.05698e-06,2.43523e-06,1.92344e-06,50,100,100,410638,0 1 13 9 11 10 3 12 5 7 2 6 14 4 8 
716,2.04987e-06,2.43523e-06,1.902e-06,50,100,100,410638,0 1 13 9 11 10 3 12 5 7 2 6 14 4 8 
717,2.06097e-06,2.43523e-06,1.89948e-06,50,100,100,410638,0 1 13 9 11 10 3 12 5 7 2 6 14 4 8 
718,2.04382e-06,2.43523e-06,1.89773e-06,50,100,100,410638,0 1 13 9 11 10 3 12 5 7 2 6 14 4 8 
719,2.05516e-06,2.43523e-06,1.90488e-06,50,100,100,410638,0 1 13 9 11 10 3 12 5 7 2 6 14 4 8 
720,2.07155e-06,2.43523e-06,1.90878e-06,50,100,100,410638,0 1 13 9 11 10 3 12 5 7 2 6 14 4 8 
721,2.07644e-06,2.43523e-06,1.92033e-06,50,100,100,410638,0 1 13 9 11 10 3 12 5 7 2 6 14 4 8 
722,2.06087e-06,2.43523e-06,1.94083e-06,50,100,100,410638,0 1 13 9 11 10 3 12 5 7 2 6 14 4 8 
723,2.05635e-06,2.43523e-06,1.91567e-06,50,100,100,410638,0 1 13 9 11 10 3 12 5 7 2 6 14 4 8 
724,2.05926e-06,2.43523e-06,1.90694e-06,50,100,100,410638,0 1 13 9 11 10 3 12 5 7 2 6 14 4 8 
725,2.0577e-06,2.43523e-06,1.93057e-06,50,100,100,410638,0 1 13 9 11 10 3 12 5 7 2 6 14 4 8 
726,2.04573e-06,2.43523e-06,1.9094e-06,50,100,100,410638,0 1 13 9 11 10 3 12 5 7 2 6 14 4 8 
727,2.05593e-06,2.43523e-06,1.90498e-06,50,100,100,410638,0 1 13 9 11 10 3 12 5 7 2 6 14 4 8 
728,2.0681e-06,2.43523e-06,1.87277e-06,50,100,100,410638,0 1 13 9 11 10 3 12 5 7 2 6 14 4 8 
729,2.0528e-06,2.43523e-06,1.89777e-06,50,100,100,410638,0 1 13 9 11 10 3 12 5 7 2 6 14 4 8 
730,2.05706e-06,2.43523e-06,1.89438e-06,50,100,100,410638,0 1 13 9 11 10 3 12 5 7 2 6 14 4 8 
731,2.04642e-06,2.43523e-06,1.88916e-06,50,100,100,410638,0 1 13 9 11 10 3 12 5 7 2 6 14 4 8 
732,2.04922e-06,2.43523e-06,1.89591e-06,50,100,100,410638,0 1 13 9 11 10 3 12 5 7 2 6 14 4 8 
733,2.05599e-06,2.43523e-06,1.89282e-06,50,100,100,410638,0 1 13 9 11 10 3 12 5 7 2 6 14 4 8 
734,2.06039e-06,2.43523e-06,1.91907e-06,50,100,100,410638,0 1 13 9 11 10 3 12 5 7 2 6 14 4 8 
735,2.06784e-06,2.43523e-06,1.90057e-06,50,100,100,410638,0 1 13 9 11 10 3 12 5 7 2 6 14 4 8 
736,2.07093e-06,2.43523e-06,1.91034e-06,50,100,100,410638,0 1 13 9 11 10 3 12 5 7 2 6 14 4 8 
737,2.06889e-06,2.4541e-06,1.94282e-06,50,100,100,407480,9 1 13 0 11 10 3 12 5 7 2 6 14 4 8 
738,2.05205e-06,2.4541e-06,1.8863e-06,50,100,100,407480,9 1 13 0 11 10 3 12 5 7 2 6 14 4 8 
739,2.06734e-06,2.4541e-06,1.9374e-06,50,100,100,407480,9 1 13 0 11 10 3 12 5 7 2 6 14 4 8 
740,2.05806e-06,2.4541e-06,1.90001e-06,50,100,100,407480,9 1 13 0 11 10 3 12 5 7 2 6 14 4 8 
741,2.06688e-06,2.4541e-06,1.92285e-06,50,100,100,407480,9 1 13 0 11 10 3 12 5 7 2 6 14 4 8 
742,2.06476e-06,2.4541e-06,1.90877e-06,50,100,100,407480,9 1 13 0 11 10 3 12 5 7 2 6 14 4 8 
743,2.06925e-06,2.4541e-06,1.90002e-06,50,100,100,407480,9 1 13 0 11 10 3 12 5 7 2 6 14 4 8 
744,2.07376e-06,2.4541e-06,1.89697e-06,50,100,100,407480,9 1 13 0 11 10 3 12 5 7 2 6 14 4 8 
745,2.07562e-06,2.4541e-06,1.91008e-06,50,100,100,407480,9 1 13 0 11 10 3 12 5 7 2 6 14 4 8 
746,2.08233e-06,2.4541e-06,1.92818e-06,50,100,100,407480,9 1 13 0 11 10 3 12 5 7 2 6 14 4 8 
747,2.07407e-06,2.4541e-06,1.91542e-06,50,100,100,407480,9 1 13 0 11 10 3 12 5 7 2 6 14 4 8 
748,2.05851e-06,2.4541e-06,1.92401e-06,50,100,100,407480,9 1 13 0 11 10 3 12 5 7 2 6 14 4 8 
749,2.05691e-06,2.4541e-06,1.90507e-06,50,100,100,407480,9 1 13 0 11 10 3 12 5 7 2 6 14 4 8 
750,2.05752e-06,2.4541e-06,1.9111e-06,50,100,100,407480,9 1 13 0 11 10 3 12 5 7 2 6 14 4 8 
751,2.05388e-06,2.4541e-06,1.91351e-06,50,100,100,407480,9 1 13 0 11 10 3 12 5 7 2 6 14 4 8 
752,2.05244e-06,2.4541e-06,1.88701e-06,50,100,100,407480,9 1 13 0 11 10 3 12 5 7 2 6 14 4 8 
753,2.05128e-06,2.4541e-06,1.89865e-06,50,100,100,407480,9 1 13 0 11 10 3 12 5 7 2 6 14 4 8 
754,2.06685e-06,2.4541e-06,1.93419e-06,50,100,100,407480,9 1 13 0 11 10 3 12 5 7 2 6 14 4 8 
755,2.06401e-06,2.4541e-06,1.88478e-06,50,100,100,407480,9 1 13 0 11 10 3 12 5 7 2 6 14 4 8 
756,2.0754e-06,2.4541e-06,1.90925e-06,50,100,100,407480,9 1 13 0 11 10 3 12 5 7 2 6 14 4 8 
757,2.08177e-06,2.4541e-06,1.92521e-06,50,100,100,407480,9 1 13 0 11 10 3 12 5 7 2 6 14 4 8 
758,2.06845e-06,2.4541e-06,1.92834e-06,50,100,100,407480,9 1 13 0 11 10 3 12 5 7 2 6 14 4 8 
759,2.07635e-06,2.4541e-06,1.91385e-06,50,100,100,407480,9 1 13 0 11 10 3 12 5 7 2 6 14 4 8 
760,2.06756e-06,2.4541e-06,1.90368e-06,50,100,100,407480,9 1 13 0 11 10 3 12 5 7 2 6 14 4 8 
761,2.05983e-06,2.4541e-06,1.93008e-06,50,100,100,407480,9 1 13 0 11 10 3 12 5 7 2 6 14 4 8 
762,2.06559e-06,2.4541e-06,1.89521e-06,50,100,100,407480,9 1 13 0 11 10 3 12 5 7 2 6 14 4 8 
763,2.0738e-06,2.4541e-06,1.91823e-06,50,100,100,407480,9 1 13 0 11 10 3 12 5 7 2 6 14 4 8 
764,2.07142e-06,2.4541e-06,1.92051e-06,50,100,100,407480,9 1 13 0 11 10 3 12 5 7 2 6 14 4 8 
765,2.06255e-06,2.4541e-06,1.92937e-06,50,100,100,407480,9 1 13 0 11 10 3 12 5 7 2 6 14 4 8 
766,2.06129e-06,2.4541e-06,1.89488e-06,50,100,100,407480,9 1 13 0 11 10 3 12 5 7 2 6 14 4 8 
767,2.06014e-06,2.4541e-06,1.91981e-06,50,100,100,407480,9 1 13 0 11 10 3 12 5 7 2 6 14 4 8 
768,2.06198e-06,2.4541e-06,1.88939e-06,50,100,100,407480,9 1 13 0 11 10 3 12 5 7 2 6 14 4 8 
769,2.06254e-06,2.4541e-06,1.88623e-06,50,100,100,407480,9 1 13 0 11 10 3 12 5 7 2 6 14 4 8 
770,2.07185e-06,2.4541e-06,1.92914e-06,50,100,100,407480,9 1 13 0 11 10 3 12 5 7 2 6 14 4 8 
771,2.05397e-06,2.4541e-06,1.89892e-06,50,100,100,407480,9 1 13 0 11 10 3 12 5 7 2 6 14 4 8 
772,2.0584e-06,2.4541e-06,1.92074e-06,50,100,100,407480,9 1 13 0 11 10 3 12 5 7 2 6 14 4 8 
773,2.05998e-06,2.4541e-06,1.896e-06,50,100,100,407480,9 1 13 0 11 10 3 12 5 7 2 6 14 4 8 
774,2.0575e-06,2.4541e-06,1.9395e-06,50,100,100,407480,9 1 13 0 11 10 3 12 5 7 2 6 14 4 8 
775,2.05494e-06,2.4541e-06,1.90321e-06,50,100,100,407480,9 1 13 0 11 10 3 12 5 7 2 6 14 4 8 
776,2.05196e-06,2.4541e-06,1.91227e-06,50,100,100,407480,9 1 13 0 11 10 3 12 5 7 2 6 14 4 8 
777,2.057e-06,2.4541e-06,1.92071e-06,50,100,100,407480,9 1 13 0 11 10 3 12 5 7 2 6 14 4 8 
778,2.05572e-06,2.4541e-06,1.90919e-06,50,100,100,407480,9 1 13 0 11 10 3 12 5 7 2 6 14 4 8 
779,2.05199e-06,2.4541e-06,1.90954e-06,50,100,100,407480,9 1 13 0 11 10 3 12 5 7 2 6 14 4 8 
780,2.0543e-06,2.4541e-06,1.9046e-06,50,100,100,407480,9 1 13 0 11 10 3 12 5 7 2 6 14 4 8 
781,2.06412e-06,2.4541e-06,1.91302e-06,50,100,100,407480,9 1 13 0 11 10 3 12 5 7 2 6 14 4 8 
782,2.06517e-06,2.4541e-06,1.88319e-06,50,100,100,407480,9 1 13 0 11 10 3 12 5 7 2 6 14 4 8 
783,2.05748e-06,2.4541e-06,1.90027e-06,50,100,100,407480,9 1 13 0 11 10 3 12 5 7 2 6 14 4 8 
784,2.05262e-06,2.4541e-06,1.90159e-06,50,100,100,407480,9 1 13 0 11 10 3 12 5 7 2 6 14 4 8 
785,2.05986e-06,2.4541e-06,1.89173e-06,50,100,100,407480,9 1 13 0 11 10 3 12 5 7 2 6 14 4 8 
786,2.07389e-06,2.4541e-06,1.91773e-06,50,100,100,407480,9 1 13 0 11 10 3 12 5 7 2 6 14 4 8 
787,2.05593e-06,2.4541e-06,1.88117e-06,50,100,100,407480,9 1 13 0 11 10 3 12 5 7 2 6 14 4 8 
788,2.06569e-06,2.4541e-06,1.90551e-06,50,100,100,407480,9 1 13 0 11 10 3 12 5 7 2 6 14 4 8 
789,2.06823e-06,2.4541e-06,1.88774e-06,50,100,100,407480,9 1 13 0 11 10 3 12 5 7 2 6 14 4 8 
790,2.06312e-06,2.4541e-06,1.91507e-06,50,100,100,407480,9 1 13 0 11 10 3 12 5 7 2 6 14 4 8 
791,2.05313e-06,2.4541e-06,1.86316e-06,50,100,100,407480,9 1 13 0 11 10 3 12 5 7 2 6 14 4 8 
792,2.05137e-06,2.4541e-06,1.896e-06,50,100,100,407480,9 1 13 0 11 10 3 12 5 7 2 6 14 4 8 
793,2.06101e-06,2.4541e-06,1.93328e-06,50,100,100,407480,9 1 13 0 11 10 3 12 5 7 2 6 14 4 8 
794,2.05748e-06,2.4541e-06,1.9183e-06,50,100,100,407480,9 1 13 0 11 10 3 12 5 7 2 6 14 4 8 
795,2.06317e-06,2.4541e-06,1.90919e-06,50,100,100,407480,9 1 13 0 11 10 3 12 5 7 2 6 14 4 8 
796,2.07253e-06,2.4541e-06,1.88881e-06,50,100,100,407480,9 1 13 0 11 10 3 12 5 7 2 6 14 4 8 
797,2.05967e-06,2.4541e-06,1.91521e-06,50,100,100,407480,9 1 13 0 11 10 3 12 5 7 2 6 14 4 8 
798,2.06028e-06,2.4541e-06,1.89706e-06,50,100,100,407480,9 1 13 0 11 10 3 12 5 7 2 6 14 4 8 
799,2.06044e-06,2.4541e-06,1.92999e-06,50,100,100,407480,9 1 13 0 11 10 3 12 5 7 2 6 14 4 8 
800,2.07344e-06,2.4541e-06,1.92436e-06,50,100,100,407480,9 1 13 0 11 10 3 12 5 7 2 6 14 4 8 
801,2.06916e-06,2.4541e-06,1.8879e-06,50,100,100,407480,9 1 13 0 11 10 3 12 5 7 2 6 14 4 8 
802,2.07379e-06,2.4541e-06,1.91829e-06,50,100,100,407480,9 1 13 0 11 10 3 12 5 7 2 6 14 4 8 
803,2.06953e-06,2.4541e-06,1.9202e-06,50,100,100,407480,9 1 13 0 11 10 3 12 5 7 2 6 14 4 8 
804,2.06357e-06,2.4541e-06,1.89785e-06,50,100,100,407480,9 1 13 0 11 10 3 12 5 7 2 6 14 4 8 
805,2.05113e-06,2.4541e-06,1.89431e-06,50,100,100,407480,9 1 13 0 11 10 3 12 5 7 2 6 14 4 8 
806,2.0642e-06,2.4541e-06,1.89432e-06,50,100,100,407480,9 1 13 0 11 10 3 12 5 7 2 6 14 4 8 
807,2.05907e-06,2.4541e-06,1.91447e-06,50,100,100,407480,9 1 13 0 11 10 3 12 5 7 2 6 14 4 8 
808,2.05233e-06,2.4541e-06,1.91601e-06,50,100,100,407480,9 1 13 0 11 10 3 12 5 7 2 6 14 4 8 
809,2.05988e-06,2.4541e-06,1.92066e-06,50,100,100,407480,9 1 13 0 11 10 3 12 5 7 2 6 14 4 8 
810,2.06095e-06,2.4541e-06,1.91181e-06,50,100,100,407480,9 1 13 0 11 10 3 12 5 7 2 6 14 4 8 
811,2.05868e-06,2.4541e-06,1.8965e-06,50,100,100,407480,9 1 13 0 11 10 3 12 5 7 2 6 14 4 8 
812,2.06247e-06,2.4541e-06,1.9262e-06,50,100,100,407480,9 1 13 0 11 10 3 12 5 7 2 6 14 4 8 
813,2.06835e-06,2.4541e-06,1.93715e-06,50,100,100,407480,9 1 13 0 11 10 3 12 5 7 2 6 14 4 8 
814,2.05244e-06,2.4541e-06,1.90002e-06,50,100,100,407480,9 1 13 0 11 10 3 12 5 7 2 6 14 4 8 
815,2.05107e-06,2.4541e-06,1.90297e-06,50,100,100,407480,9 1 13 0 11 10 3 12 5 7 2 6 14 4 8 
816,2.05356e-06,2.4541e-06,1.92145e-06,50,100,100,407480,9 1 13 0 11 10 3 12 5 7 2 6 14 4 8 
817,2.0619e-06,2.4541e-06,1.89255e-06,50,100,100,407480,9 1 13 0 11 10 3 12 5 7 2 6 14 4 8 
818,2.07395e-06,2.4541e-06,1.92039e-06,50,100,100,407480,9 1 13 0 11 10 3 12 5 7 2 6 14 4 8 
819,2.08018e-06,2.4541e-06,1.93387e-06,50,100,100,407480,9 1 13 0 11 10 3 12 5 7 2 6 14 4 8 
820,2.07659e-06,2.4541e-06,1.93685e-06,50,100,100,407480,9 1 13 0 11 10 3 12 5 7 2 6 14 4 8 
821,2.06288e-06,2.4541e-06,1.90066e-06,50,100,100,407480,9 1 13 0 11 10 3 12 5 7 2 6 14 4 8 
822,2.05655e-06,2.4541e-06,1.91122e-06,50,100,100,407480,9 1 13 0 11 10 3 12 5 7 2 6 14 4 8 
823,2.04638e-06,2.4541e-06,1.91216e-06,50,100,100,407480,9 1 13 0 11 10 3 12 5 7 2 6 14 4 8 
824,2.06152e-06,2.4541e-06,1.92565e-06,50,100,100,407480,9 1 13 0 11 10 3 12 5 7 2 6 14 4 8 
825,2.05356e-06,2.4541e-06,1.88598e-06,50,100,100,407480,9 1 13 0 11 10 3 12 5 7 2 6 14 4 8 
826,2.06586e-06,2.4541e-06,1.93105e-06,50,100,100,407480,9 1 13 0 11 10 3 12 5 7 2 6 14 4 8 
827,2.06761e-06,2.4541e-06,1.93718e-06,50,100,100,407480,9 1 13 0 11 10 3 12 5 7 2 6 14 4 8 
828,2.06383e-06,2.4541e-06,1.92582e-06,50,100,100,407480,9 1 13 0 11 10 3 12 5 7 2 6 14 4 8 
829,2.05326e-06,2.4541e-06,1.89461e-06,50,100,100,407480,9 1 13 0 11 10 3 12 5 7 2 6 14 4 8 
830,2.05743e-06,2.4541e-06,1.90357e-06,50,100,100,407480,9 1 13 0 11 10 3 12 5 7 2 6 14 4 8 
831,2.05466e-06,2.4541e-06,1.91274e-06,50,100,100,407480,9 1 13 0 11 10 3 12 5 7 2 6 14 4 8 
832,2.05671e-06,2.4541e-06,1.9016e-06,50,100,100,407480,9 1 13 0 11 10 3 12 5 7 2 6 14 4 8 
833,2.06825e-06,2.4541e-06,1.95189e-06,50,100,100,407480,9 1 13 0 11 10 3 12 5 7 2 6 14 4 8 
834,2.06967e-06,2.4541e-06,1.91855e-06,50,100,100,407480,9 1 13 0 11 10 3 12 5 7 2 6 14 4 8 
835,2.08269e-06,2.4541e-06,1.93341e-06,50,100,100,407480,9 1 13 0 11 10 3 12 5 7 2 6 14 4 8 
836,2.0648e-06,2.4541e-06,1.91546e-06,50,100,100,407480,9 1 13 0 11 10 3 12 5 7 2 6 14 4 8 
837,2.06791e-06,2.4541e-06,1.90036e-06,50,100,100,407480,9 1 13 0 11 10 3 12 5 7 2 6 14 4 8 
838,2.07533e-06,2.4541e-06,1.93622e-06,50,100,100,407480,9 1 13 0 11 10 3 12 5 7 2 6 14 4 8 
839,2.06817e-06,2.4541e-06,1.94994e-06,50,100,100,407480,9 1 13 0 11 10 3 12 5 7 2 6 14 4 8 
840,2.074e-06,2.4541e-06,1.9512e-06,50,100,100,407480,9 1 13 0 11 10 3 12 5 7 2 6 14 4 8 
841,2.07483e-06,2.4541e-06,1.9285e-06,50,100,100,407480,9 1 13 0 11 10 3 12 5 7 2 6 14 4 8 
842,2.04281e-06,2.4541e-06,1.88063e-06,50,100,100,407480,9 1 13 0 11 10 3 12 5 7 2 6 14 4 8 
843,2.05167e-06,2.4541e-06,1.87348e-06,50,100,100,407480,9 1 13 0 11 10 3 12 5 7 2 6 14 4 8 
844,2.05579e-06,2.4541e-06,1.90359e-06,50,100,100,407480,9 1 13 0 11 10 3 12 5 7 2 6 14 4 8 
845,2.0582e-06,2.4541e-06,1.92394e-06,50,100,100,407480,9 1 13 0 11 10 3 12 5 7 2 6 14 4 8 
846,2.05716e-06,2.4541e-06,1.90916e-06,50,100,100,407480,9 1 13 0 11 10 3 12 5 7 2 6 14 4 8 
847,2.06319e-06,2.4541e-06,1.87547e-06,50,100,100,407480,9 1 13 0 11 10 3 12 5 7 2 6 14 4 8 
848,2.06041e-06,2.4541e-06,1.91461e-06,50,100,100,407480,9 1 13 0 11 10 3 12 5 7 2 6 14 4 8 
849,2.05895e-06,2.4541e-06,1.91845e-06,50,100,100,407480,9 1 13 0 11 10 3 12 5 7 2 6 14 4 8 
850,2.0609e-06,2.4541e-06,1.92837e-06,50,100,100,407480,9 1 13 0 11 10 3 12 5 7 2 6 14 4 8 
851,2.06676e-06,2.4541e-06,1.92472e-06,50,100,100,407480,9 1 13 0 11 10 3 12 5 7 2 6 14 4 8 
852,2.0576e-06,2.4541e-06,1.9304e-06,50,100,100,407480,9 1 13 0 11 10 3 12 5 7 2 6 14 4 8 
853,2.06274e-06,2.4541e-06,1.88691e-06,50,100,100,407480,9 1 13 0 11 10 3 12 5 7 2 6 14 4 8 
854,2.06884e-06,2.4541e-06,1.92535e-06,50,100,100,407480,9 1 13 0 11 10 3 12 5 7 2 6 14 4 8 
855,2.07137e-06,2.4541e-06,1.92002e-06,50,100,100,407480,9 1 13 0 11 10 3 12 5 7 2 6 14 4 8 
856,2.05864e-06,2.4541e-06,1.89611e-06,50,100,100,407480,9 1 13 0 11 10 3 12 5 7 2 6 14 4 8 
857,2.07335e-06,2.4541e-06,1.93617e-06,50,100,100,407480,9 1 13 0 11 10 3 12 5 7 2 6 14 4 8 
858,2.05937e-06,2.4541e-06,1.89939e-06,50,100,100,407480,9 1 13 0 11 10 3 12 5 7 2 6 14 4 8 
859,2.0628e-06,2.4541e-06,1.90117e-06,50,100,100,407480,9 1 13 0 11 10 3 12 5 7 2 6 14 4 8 
860,2.06024e-06,2.4541e-06,1.91626e-06,50,100,100,407480,9 1 13 0 11 10 3 12 5 7 2 6 14 4 8 
861,2.06542e-06,2.4541e-06,1.93371e-06,50,100,100,407480,9 1 13 0 11 10 3 12 5 7 2 6 14 4 8 
862,2.05843e-06,2.4541e-06,1.90054e-06,50,100,100,407480,9 1 13 0 11 10 3 12 5 7 2 6 14 4 8 
863,2.05949e-06,2.4541e-06,1.90177e-06,50,100,100,407480,9 1 13 0 11 10 3 12 5 7 2 6 14 4 8 
864,2.05863e-06,2.4541e-06,1.92111e-06,50,100,100,407480,9 1 13 0 11 10 3 12 5 7 2 6 14 4 8 
865,2.0602e-06,2.4541e-06,1.89317e-06,50,100,100,407480,9 1 13 0 11 10 3 12 5 7 2 6 14 4 8 
866,2.05547e-06,2.4541e-06,1.90329e-06,50,100,100,407480,9 1 13 0 11 10 3 12 5 7 2 6 14 4 8 
867,2.06866e-06,2.4541e-06,1.9189e-06,50,100,100,407480,9 1 13 0 11 10 3 12 5 7 2 6 14 4 8 
868,2.05166e-06,2.4541e-06,1.92902e-06,50,100,100,407480,9 1 13 0 11 10 3 12 5 7 2 6 14 4 8 
869,2.06399e-06,2.4541e-06,1.90875e-06,50,100,100,407480,9 1 13 0 11 10 3 12 5 7 2 6 14 4 8 
870,2.07104e-06,2.4541e-06,1.89358e-06,50,100,100,407480,9 1 13 0 11 10 3 12 5 7 2 6 14 4 8 
871,2.06048e-06,2.4541e-06,1.90582e-06,50,100,100,407480,9 1 13 0 11 10 3 12 5 7 2 6 14 4 8 
872,2.05277e-06,2.4541e-06,1.92235e-06,50,100,100,407480,9 1 13 0 11 10 3 12 5 7 2 6 14 4 8 
873,2.06206e-06,2.4541e-06,1.88247e-06,50,100,100,407480,9 1 13 0 11 10 3 12 5 7 2 6 14 4 8 
874,2.07193e-06,2.4541e-06,1.92244e-06,50,100,100,407480,9 1 13 0 11 10 3 12 5 7 2 6 14 4 8 
875,2.05987e-06,2.4541e-06,1.89371e-06,50,100,100,407480,9 1 13 0 11 10 3 12 5 7 2 6 14 4 8 
876,2.07276e-06,2.4541e-06,1.92652e-06,50,100,100,407480,9 1 13 0 11 10 3 12 5 7 2 6 14 4 8 
877,2.05732e-06,2.4541e-06,1.88833e-06,50,100,100,407480,9 1 13 0 11 10 3 12 5 7 2 6 14 4 8 
878,2.05678e-06,2.4541e-06,1.90953e-06,50,100,100,407480,9 1 13 0 11 10 3 12 5 7 2 6 14 4 8 
879,2.04572e-06,2.4541e-06,1.90584e-06,50,100,100,407480,9 1 13 0 11 10 3 12 5 7 2 6 14 4 8 
880,2.04603e-06,2.4541e-06,1.91597e-06,50,100,100,407480,9 1 13 0 11 10 3 12 5 7 2 6 14 4 8 
881,2.05646e-06,2.4541e-06,1.94542e-06,50,100,100,407480,9 1 13 0 11 10 3 12 5 7 2 6 14 4 8 
882,2.04894e-06,2.4541e-06,1.92117e-06,50,100,100,407480,9 1 13 0 11 10 3 12 5 7 2 6 14 4 8 
883,2.0468e-06,2.4541e-06,1.90163e-06,50,100,100,407480,9 1 13 0 11 10 3 12 5 7 2 6 14 4 8 
884,2.05257e-06,2.4541e-06,1.90245e-06,50,100,100,407480,9 1 13 0 11 10 3 12 5 7 2 6 14 4 8 
885,2.05186e-06,2.4541e-06,1.91383e-06,50,100,100,407480,9 1 13 0 11 10 3 12 5 7 2 6 14 4 8 
886,2.0593e-06,2.4541e-06,1.90576e-06,50,100,100,407480,9 1 13 0 11 10 3 12 5 7 2 6 14 4 8 
887,2.05752e-06,2.4541e-06,1.91231e-06,50,100,100,407480,9 1 13 0 11 10 3 12 5 7 2 6 14 4 8 
888,2.05355e-06,2.4541e-06,1.87742e-06,50,100,100,407480,9 1 13 0 11 10 3 12 5 7 2 6 14 4 8 
889,2.05011e-06,2.4541e-06,1.92278e-06,50,100,100,407480,9 1 13 0 11 10 3 12 5 7 2 6 14 4 8 
890,2.05568e-06,2.4541e-06,1.92225e-06,50,100,100,407480,9 1 13 0 11 10 3 12 5 7 2 6 14 4 8 
891,2.05442e-06,2.4541e-06,1.90713e-06,50,100,100,407480,9 1 13 0 11 10 3 12 5 7 2 6 14 4 8 
892,2.05688e-06,2.4541e-06,1.9085e-06,50,100,100,407480,9 1 13 0 11 10 3 12 5 7 2 6 14 4 8 
893,2.06807e-06,2.4541e-06,1.91446e-06,50,100,100,407480,9 1 13 0 11 10 3 12 5 7 2 6 14 4 8 
894,2.05453e-06,2.4541e-06,1.89647e-06,50,100,100,407480,9 1 13 0 11 10 3 12 5 7 2 6 14 4 8 
895,2.06998e-06,2.4541e-06,1.93472e-06,50,100,100,407480,9 1 13 0 11 10 3 12 5 7 2 6 14 4 8 
896,2.06336e-06,2.4541e-06,1.91739e-06,50,100,100,407480,9 1 13 0 11 10 3 12 5 7 2 6 14 4 8 
897,2.06289e-06,2.4541e-06,1.9411e-06,50,100,100,407480,9 1 13 0 11 10 3 12 5 7 2 6 14 4 8 
898,2.04833e-06,2.4541e-06,1.88527e-06,50,100,100,407480,9 1 13 0 11 10 3 12 5 7 2 6 14 4 8 
899,2.05697e-06,2.4541e-06,1.91165e-06,50,100,100,407480,9 1 13 0 11 10 3 12 5 7 2 6 14 4 8 
900,2.05188e-06,2.4541e-06,1.94689e-06,50,100,100,407480,9 1 13 0 11 10 3 12 5 7 2 6 14 4 8 
901,2.05129e-06,2.4541e-06,1.90034e-06,50,100,100,407480,9 1 13 0 11 10 3 12 5 7 2 6 14 4 8 
902,2.07211e-06,2.4541e-06,1.90826e-06,50,100,100,407480,9 1 13 0 11 10 3 12 5 7 2 6 14 4 8 
903,2.06852e-06,2.4541e-06,1.90919e-06,50,100,100,407480,9 1 13 0 11 10 3 12 5 7 2 6 14 4 8 
904,2.06907e-06,2.4541e-06,1.88917e-06,50,100,100,407480,9 1 13 0 11 10 3 12 5 7 2 6 14 4 8 
905,2.06332e-06,2.4541e-06,1.90979e-06,50,100,100,407480,9 1 13 0 11 10 3 12 5 7 2 6 14 4 8 
906,2.05863e-06,2.4541e-06,1.83889e-06,50,100,100,407480,9 1 13 0 11 10 3 12 5 7 2 6 14 4 8 
907,2.05098e-06,2.4541e-06,1.91839e-06,50,100,100,407480,9 1 13 0 11 10 3 12 5 7 2 6 14 4 8 
908,2.05937e-06,2.4541e-06,1.91798e-06,50,100,100,407480,9 1 13 0 11 10 3 12 5 7 2 6 14 4 8 
909,2.06232e-06,2.4541e-06,1.92252e-06,50,100,100,407480,9 1 13 0 11 10 3 12 5 7 2 6 14 4 8 
910,2.06124e-06,2.4541e-06,1.89341e-06,50,100,100,407480,9 1 13 0 11 10 3 12 5 7 2 6 14 4 8 
911,2.05599e-06,2.4541e-06,1.91789e-06,50,100,100,407480,9 1 13 0 11 10 3 12 5 7 2 6 14 4 8 
912,2.05717e-06,2.4541e-06,1.88175e-06,50,100,100,407480,9 1 13 0 11 10 3 12 5 7 2 6 14 4 8 
913,2.06674e-06,2.4541e-06,1.90514e-06,50,100,100,407480,9 1 13 0 11 10 3 12 5 7 2 6 14 4 8 
914,2.06016e-06,2.4541e-06,1.87648e-06,50,100,100,407480,9 1 13 0 11 10 3 12 5 7 2 6 14 4 8 
915,2.07313e-06,2.4541e-06,1.90398e-06,50,100,100,407480,9 1 13 0 11 10 3 12 5 7 2 6 14 4 8 
916,2.05664e-06,2.4541e-06,1.90045e-06,50,100,100,407480,9 1 13 0 11 10 3 12 5 7 2 6 14 4 8 
917,2.0567e-06,2.4541e-06,1.91344e-06,50,100,100,407480,9 1 13 0 11 10 3 12 5 7 2 6 14 4 8 
918,2.06314e-06,2.4541e-06,1.88089e-06,50,100,100,407480,9 1 13 0 11 10 3 12 5 7 2 6 14 4 8 
919,2.06925e-06,2.4541e-06,1.90456e-06,50,100,100,407480,9 1 13 0 11 10 3 12 5 7 2 6 14 4 8 
920,2.06623e-06,2.4541e-06,1.89785e-06,50,100,100,407480,9 1 13 0 11 10 3 12 5 7 2 6 14 4 8 
921,2.0576e-06,2.4541e-06,1.86728e-06,50,100,100,407480,9 1 13 0 11 10 3 12 5 7 2 6 14 4 8 
922,2.06855e-06,2.4541e-06,1.91263e-06,50,100,100,407480,9 1 13 0 11 10 3 12 5 7 2 6 14 4 8 
923,2.05722e-06,2.4541e-06,1.90552e-06,50,100,100,407480,9 1 13 0 11 10 3 12 5 7 2 6 14 4 8 
924,2.05849e-06,2.4541e-06,1.88984e-06,50,100,100,407480,9 1 13 0 11 10 3 12 5 7 2 6 14 4 8 
925,2.06096e-06,2.4541e-06,1.92054e-06,50,100,100,407480,9 1 13 0 11 10 3 12 5 7 2 6 14 4 8 
926,2.0547e-06,2.4541e-06,1.92041e-06,50,100,100,407480,9 1 13 0 11 10 3 12 5 7 2 6 14 4 8 
927,2.05368e-06,2.4541e-06,1.89731e-06,50,100,100,407480,9 1 13 0 11 10 3 12 5 7 2 6 14 4 8 
928,2.05334e-06,2.4541e-06,1.92544e-06,50,100,100,407480,9 1 13 0 11 10 3 12 5 7 2 6 14 4 8 
929,2.05222e-06,2.4541e-06,1.89829e-06,50,100,100,407480,9 1 13 0 11 10 3 12 5 7 2 6 14 4 8 
930,2.04349e-06,2.4541e-06,1.89179e-06,50,100,100,407480,9 1 13 0 11 10 3 12 5 7 2 6 14 4 8 
931,2.06406e-06,2.4541e-06,1.86559e-06,50,100,100,407480,9 1 13 0 11 10 3 12 5 7 2 6 14 4 8 
932,2.05276e-06,2.4541e-06,1.9221e-06,50,100,100,407480,9 1 13 0 11 10 3 12 5 7 2 6 14 4 8 
933,2.05285e-06,2.4541e-06,1.89157e-06,50,100,100,407480,9 1 13 0 11 10 3 12 5 7 2 6 14 4 8 
934,2.05758e-06,2.4541e-06,1.9065e-06,50,100,100,407480,9 1 13 0 11 10 3 12 5 7 2 6 14 4 8 
935,2.06643e-06,2.4541e-06,1.93219e-06,50,100,100,407480,9 1 13 0 11 10 3 12 5 7 2 6 14 4 8 
936,2.0545e-06,2.4541e-06,1.89744e-06,50,100,100,407480,9 1 13 0 11 10 3 12 5 7 2 6 14 4 8 
937,2.0374e-06,2.4541e-06,1.8961e-06,50,100,100,407480,9 1 13 0 11 10 3 12 5 7 2 6 14 4 8 
938,2.05368e-06,2.4541e-06,1.91359e-06,50,100,100,407480,9 1 13 0 11 10 3 12 5 7 2 6 14 4 8 
939,2.04895e-06,2.4541e-06,1.89181e-06,50,100,100,407480,9 1 13 0 11 10 3 12 5 7 2 6 14 4 8 
940,2.06129e-06,2.4541e-06,1.90353e-06,50,100,100,407480,9 1 13 0 11 10 3 12 5 7 2 6 14 4 8 
941,2.05196e-06,2.4541e-06,1.91312e-06,50,100,100,407480,9 1 13 0 11 10 3 12 5 7 2 6 14 4 8 
942,2.0598e-06,2.4541e-06,1.94043e-06,50,100,100,407480,9 1 13 0 11 10 3 12 5 7 2 6 14 4 8 
943,2.061e-06,2.4541e-06,1.91206e-06,50,100,100,407480,9 1 13 0 11 10 3 12 5 7 2 6 14 4 8 
944,2.05268e-06,2.4541e-06,1.86855e-06,50,100,100,407480,9 1 13 0 11 10 3 12 5 7 2 6 14 4 8 
945,2.05616e-06,2.4541e-06,1.92615e-06,50,100,100,407480,9 1 13 0 11 10 3 12 5 7 2 6 14 4 8 
946,2.0617e-06,2.4541e-06,1.87623e-06,50,100,100,407480,9 1 13 0 11 10 3 12 5 7 2 6 14 4 8 
947,2.06964e-06,2.4541e-06,1.94077e-06,50,100,100,407480,9 1 13 0 11 10 3 12 5 7 2 6 14 4 8 
948,2.06765e-06,2.4541e-06,1.88697e-06,50,100,100,407480,9 1 13 0 11 10 3 12 5 7 2 6 14 4 8 
949,2.06477e-06,2.4541e-06,1.91079e-06,50,100,100,407480,9 1 13 0 11 10 3 12 5 7 2 6 14 4 8 
950,2.04774e-06,2.4541e-06,1.91043e-06,50,100,100,407480,9 1 13 0 11 10 3 12 5 7 2 6 14 4 8 
951,2.05458e-06,2.4541e-06,1.92734e-06,50,100,100,407480,9 1 13 0 11 10 3 12 5 7 2 6 14 4 8 
952,2.04889e-06,2.4541e-06,1.88682e-06,50,100,100,407480,9 1 13 0 11 10 3 12 5 7 2 6 14 4 8 
953,2.06366e-06,2.4541e-06,1.89038e-06,50,100,100,407480,9 1 13 0 11 10 3 12 5 7 2 6 14 4 8 
954,2.06258e-06,2.4541e-06,1.91521e-06,50,100,100,407480,9 1 13 0 11 10 3 12 5 7 2 6 14 4 8 
955,2.05727e-06,2.4541e-06,1.90325e-06,50,100,100,407480,9 1 13 0 11 10 3 12 5 7 2 6 14 4 8 
956,2.06653e-06,2.4541e-06,1.91338e-06,50,100,100,407480,9 1 13 0 11 10 3 12 5 7 2 6 14 4 8 
957,2.05942e-06,2.4541e-06,1.92048e-06,50,100,100,407480,9 1 13 0 11 10 3 12 5 7 2 6 14 4 8 
958,2.063e-06,2.4541e-06,1.87576e-06,50,100,100,407480,9 1 13 0 11 10 3 12 5 7 2 6 14 4 8 
959,2.05867e-06,2.4541e-06,1.91248e-06,50,100,100,407480,9 1 13 0 11 10 3 12 5 7 2 6 14 4 8 
960,2.07443e-06,2.4541e-06,1.93368e-06,50,100,100,407480,9 1 13 0 11 10 3 12 5 7 2 6 14 4 8 
961,2.0762e-06,2.4541e-06,1.90745e-06,50,100,100,407480,9 1 13 0 11 10 3 12 5 7 2 6 14 4 8 
962,2.06368e-06,2.4541e-06,1.91149e-06,50,100,100,407480,9 1 13 0 11 10 3 12 5 7 2 6 14 4 8 
963,2.06322e-06,2.4541e-06,1.91107e-06,50,100,100,407480,9 1 13 0 11 10 3 12 5 7 2 6 14 4 8 
964,2.06496e-06,2.4541e-06,1.91779e-06,50,100,100,407480,9 1 13 0 11 10 3 12 5 7 2 6 14 4 8 
965,2.05535e-06,2.4541e-06,1.88868e-06,50,100,100,407480,9 1 13 0 11 10 3 12 5 7 2 6 14 4 8 
966,2.05097e-06,2.4541e-06,1.89067e-06,50,100,100,407480,9 1 13 0 11 10 3 12 5 7 2 6 14 4 8 
967,2.06463e-06,2.4541e-06,1.91762e-06,50,100,100,407480,9 1 13 0 11 10 3 12 5 7 2 6 14 4 8 
968,2.06056e-06,2.4541e-06,1.90394e-06,50,100,100,407480,9 1 13 0 11 10 3 12 5 7 2 6 14 4 8 
969,2.06859e-06,2.4541e-06,1.93991e-06,50,100,100,407480,9 1 13 0 11 10 3 12 5 7 2 6 14 4 8 
970,2.06163e-06,2.4541e-06,1.90881e-06,50,100,100,407480,9 1 13 0 11 10 3 12 5 7 2 6 14 4 8 
971,2.07027e-06,2.4541e-06,1.91566e-06,50,100,100,407480,9 1 13 0 11 10 3 12 5 7 2 6 14 4 8 
972,2.07236e-06,2.4541e-06,1.92949e-06,50,100,100,407480,9 1 13 0 11 10 3 12 5 7 2 6 14 4 8 
973,2.06608e-06,2.4541e-06,1.90291e-06,50,100,100,407480,9 1 13 0 11 10 3 12 5 7 2 6 14 4 8 
974,2.07366e-06,2.4541e-06,1.93518e-06,50,100,100,407480,9 1 13 0 11 10 3 12 5 7 2 6 14 4 8 
975,2.07282e-06,2.4541e-06,1.91884e-06,50,100,100,407480,9 1 13 0 11 10 3 12 5 7 2 6 14 4 8 
976,2.05114e-06,2.4541e-06,1.90229e-06,50,100,100,407480,9 1 13 0 11 10 3 12 5 7 2 6 14 4 8 
977,2.05585e-06,2.4541e-06,1.89704e-06,50,100,100,407480,9 1 13 0 11 10 3 12 5 7 2 6 14 4 8 
978,2.06703e-06,2.4541e-06,1.90117e-06,50,100,100,407480,9 1 13 0 11 10 3 12 5 7 2 6 14 4 8 
979,2.05174e-06,2.4541e-06,1.8777e-06,50,100,100,407480,9 1 13 0 11 10 3 12 5 7 2 6 14 4 8 
980,2.06017e-06,2.4541e-06,1.91526e-06,50,100,100,407480,9 1 13 0 11 10 3 12 5 7 2 6 14 4 8 
981,2.0577e-06,2.4541e-06,1.91016e-06,50,100,100,407480,9 1 13 0 11 10 3 12 5 7 2 6 14 4 8 
982,2.05898e-06,2.4541e-06,1.92498e-06,50,100,100,407480,9 1 13 0 11 10 3 12 5 7 2 6 14 4 8 
983,2.0663e-06,2.4541e-06,1.92751e-06,50,100,100,407480,9 1 13 0 11 10 3 12 5 7 2 6 14 4 8 
984,2.06998e-06,2.4541e-06,1.94108e-06,50,100,100,407480,9 1 13 0 11 10 3 12 5 7 2 6 14 4 8 
985,2.07005e-06,2.4541e-06,1.92284e-06,50,100,100,407480,9 1 13 0 11 10 3 12 5 7 2 6 14 4 8 
986,2.06591e-06,2.4541e-06,1.9078e-06,50,100,100,407480,9 1 13 0 11 10 3 12 5 7 2 6 14 4 8 
987,2.05325e-06,2.4541e-06,1.88464e-06,50,100,100,407480,9 1 13 0 11 10 3 12 5 7 2 6 14 4 8 
988,2.06774e-06,2.4541e-06,1.91702e-06,50,100,100,407480,9 1 13 0 11 10 3 12 5 7 2 6 14 4 8 
989,2.06492e-06,2.4541e-06,1.92154e-06,50,100,100,407480,9 1 13 0 11 10 3 12 5 7 2 6 14 4 8 
990,2.06581e-06,2.4541e-06,1.87982e-06,50,100,100,407480,9 1 13 0 11 10 3 12 5 7 2 6 14 4 8 
991,2.06941e-06,2.4541e-06,1.89082e-06,50,100,100,407480,9 1 13 0 11 10 3 12 5 7 2 6 14 4 8 
992,2.06473e-06,2.4541e-06,1.91565e-06,50,100,100,407480,9 1 13 0 11 10 3 12 5 7 2 6 14 4 8 
993,2.05966e-06,2.4541e-06,1.88888e-06,50,100,100,407480,9 1 13 0 11 10 3 12 5 7 2 6 14 4 8 
994,2.06357e-06,2.4541e-06,1.90324e-06,50,100,100,407480,9 1 13 0 11 10 3 12 5 7 2 6 14 4 8 
995,2.05747e-06,2.4541e-06,1.89292e-06,50,100,100,407480,9 1 13 0 11 10 3 12 5 7 2 6 14 4 8 
996,2.05385e-06,2.4541e-06,1.92433e-06,50,100,100,407480,9 1 13 0 11 10 3 12 5 7 2 6 14 4 8 
997,2.04414e-06,2.4541e-06,1.91641e-06,50,100,100,407480,9 1 13 0 11 10 3 12 5 7 2 6 14 4 8 
998,2.05698e-06,2.4541e-06,1.89645e-06,50,100,100,407480,9 1 13 0 11 10 3 12 5 7 2 6 14 4 8 
999,2.04545e-06,2.4541e-06,1.88505e-06,50,100,100,407480,9 1 13 0 11 10 3 12 5 7 2 6 14 4 8 
