Generación,Media,Mejor,Peor,Cruzas,Mutaciones,Inversiones,Costo,Permutación
1,2.04622e-06,2.25708e-06,1.92261e-06,50,100,100,443050,8 7 12 1 5 6 13 11 9 2 0 3 14 4 10 
2,2.04945e-06,2.25708e-06,1.89094e-06,50,100,100,443050,8 7 12 1 5 6 13 11 9 2 0 3 14 4 10 
3,2.04997e-06,2.25708e-06,1.89063e-06,50,100,100,443050,8 7 12 1 5 6 13 11 9 2 0 3 14 4 10 
4,2.04672e-06,2.25708e-06,1.91652e-06,50,100,100,443050,8 7 12 1 5 6 13 11 9 2 0 3 14 4 10 
5,2.06764e-06,2.2918e-06,1.89984e-06,50,100,100,436338,7 6 14 2 12 0 8 11 9 4 5 1 3 10 13 
6,2.06799e-06,2.2918e-06,1.91128e-06,50,100,100,436338,7 6 14 2 12 0 8 11 9 4 5 1 3 10 13 
7,2.05895e-06,2.2918e-06,1.92289e-06,50,100,100,436338,7 6 14 2 12 0 8 11 9 4 5 1 3 10 13 
8,2.04387e-06,2.2918e-06,1.91584e-06,50,100,100,436338,7 6 14 2 12 0 8 11 9 4 5 1 3 10 13 
9,2.05209e-06,2.2918e-06,1.91904e-06,50,100,100,436338,7 6 14 2 12 0 8 11 9 4 5 1 3 10 13 
10,2.0586e-06,2.2918e-06,1.88883e-06,50,100,100,436338,7 6 14 2 12 0 8 11 9 4 5 1 3 10 13 
11,2.06754e-06,2.2918e-06,1.95583e-06,50,100,100,436338,7 6 14 2 12 0 8 11 9 4 5 1 3 10 13 
12,2.05861e-06,2.2918e-06,1.89803e-06,50,100,100,436338,7 6 14 2 12 0 8 11 9 4 5 1 3 10 13 
13,2.06306e-06,2.2918e-06,1.91492e-06,50,100,100,436338,7 6 14 2 12 0 8 11 9 4 5 1 3 10 13 
14,2.0618e-06,2.2918e-06,1.88336e-06,50,100,100,436338,7 6 14 2 12 0 8 11 9 4 5 1 3 10 13 
15,2.06623e-06,2.2918e-06,1.90144e-06,50,100,100,436338,7 6 14 2 12 0 8 11 9 4 5 1 3 10 13 
16,2.05843e-06,2.2918e-06,1.89151e-06,50,100,100,436338,7 6 14 2 12 0 8 11 9 4 5 1 3 10 13 
17,2.05943e-06,2.2918e-06,1.90297e-06,50,100,100,436338,7 6 14 2 12 0 8 11 9 4 5 1 3 10 13 
18,2.06619e-06,2.2918e-06,1.92264e-06,50,100,100,436338,7 6 14 2 12 0 8 11 9 4 5 1 3 10 13 
19,2.0587e-06,2.2918e-06,1.83229e-06,50,100,100,436338,7 6 14 2 12 0 8 11 9 4 5 1 3 10 13 
20,2.06634e-06,2.2918e-06,1.93718e-06,50,100,100,436338,7 6 14 2 12 0 8 11 9 4 5 1 3 10 13 
21,2.06051e-06,2.2918e-06,1.87139e-06,50,100,100,436338,7 6 14 2 12 0 8 11 9 4 5 1 3 10 13 
22,2.05958e-06,2.2918e-06,1.91673e-06,50,100,100,436338,7 6 14 2 12 0 8 11 9 4 5 1 3 10 13 
23,2.06147e-06,2.2918e-06,1.9609e-06,50,100,100,436338,7 6 14 2 12 0 8 11 9 4 5 1 3 10 13 
24,2.05835e-06,2.32487e-06,1.88912e-06,50,100,100,430130,2 4 11 0 7 6 3 10 1 5 13 12 14 8 9 
25,2.05792e-06,2.32487e-06,1.88029e-06,50,100,100,430130,2 4 11 0 7 6 3 10 1 5 13 12 14 8 9 
26,2.07288e-06,2.32487e-06,1.93156e-06,50,100,100,430130,2 4 11 0 7 6 3 10 1 5 13 12 14 8 9 
27,2.06194e-06,2.32487e-06,1.90543e-06,50,100,100,430130,2 4 11 0 7 6 3 10 1 5 13 12 14 8 9 
28,2.05543e-06,2.32487e-06,1.91596e-06,50,100,100,430130,2 4 11 0 7 6 3 10 1 5 13 12 14 8 9 
29,2.0632e-06,2.32487e-06,1.89013e-06,50,100,100,430130,2 4 11 0 7 6 3 10 1 5 13 12 14 8 9 
30,2.05884e-06,2.32487e-06,1.93824e-06,50,100,100,430130,2 4 11 0 7 6 3 10 1 5 13 12 14 8 9 
31,2.06162e-06,2.32487e-06,1.90583e-06,50,100,100,430130,2 4 11 0 7 6 3 10 1 5 13 12 14 8 9 
32,2.05946e-06,2.32487e-06,1.9257e-06,50,100,100,430130,2 4 11 0 7 6 3 10 1 5 13 12 14 8 9 
33,2.06027e-06,2.32487e-06,1.92281e-06,50,100,100,430130,2 4 11 0 7 6 3 10 1 5 13 12 14 8 9 
34,2.05665e-06,2.32487e-06,1.91954e-06,50,100,100,430130,2 4 11 0 7 6 3 10 1 5 13 12 14 8 9 
35,2.06605e-06,2.32487e-06,1.90387e-06,50,100,100,430130,2 4 11 0 7 6 3 10 1 5 13 12 14 8 9 
36,2.06573e-06,2.32487e-06,1.91006e-06,50,100,100,430130,2 4 11 0 7 6 3 10 1 5 13 12 14 8 9 
37,2.05101e-06,2.32487e-06,1.9093e-06,50,100,100,430130,2 4 11 0 7 6 3 10 1 5 13 12 14 8 9 
38,2.05941e-06,2.33846e-06,1.90049e-06,50,100,100,427630,2 1 11 6 0 7 10 13 4 5 9 8 3 12 14 
39,2.06153e-06,2.33846e-06,1.90786e-06,50,100,100,427630,2 1 11 6 0 7 10 13 4 5 9 8 3 12 14 
40,2.0478e-06,2.33846e-06,1.92209e-06,50,100,100,427630,2 1 11 6 0 7 10 13 4 5 9 8 3 12 14 
41,2.04881e-06,2.33846e-06,1.88445e-06,50,100,100,427630,2 1 11 6 0 7 10 13 4 5 9 8 3 12 14 
42,2.05578e-06,2.33846e-06,1.90207e-06,50,100,100,427630,2 1 11 6 0 7 10 13 4 5 9 8 3 12 14 
43,2.0658e-06,2.35261e-06,1.91734e-06,50,100,100,425058,2 1 11 6 0 7 10 13 4 5 9 14 8 3 12 
44,2.06098e-06,2.35261e-06,1.8778e-06,50,100,100,425058,2 1 11 6 0 7 10 13 4 5 9 14 8 3 12 
45,2.0447e-06,2.35261e-06,1.83406e-06,50,100,100,425058,2 1 11 6 0 7 10 13 4 5 9 14 8 3 12 
46,2.05331e-06,2.35261e-06,1.90018e-06,50,100,100,425058,2 1 11 6 0 7 10 13 4 5 9 14 8 3 12 
47,2.06921e-06,2.35261e-06,1.9264e-06,50,100,100,425058,2 1 11 6 0 7 10 13 4 5 9 14 8 3 12 
48,2.05722e-06,2.35261e-06,1.91212e-06,50,100,100,425058,2 1 11 6 0 7 10 13 4 5 9 14 8 3 12 
49,2.05684e-06,2.35261e-06,1.88638e-06,50,100,100,425058,2 1 11 6 0 7 10 13 4 5 9 14 8 3 12 
50,2.0545e-06,2.35261e-06,1.89812e-06,50,100,100,425058,2 1 11 6 0 7 10 13 4 5 9 14 8 3 12 
51,2.05408e-06,2.35261e-06,1.89964e-06,50,100,100,425058,2 1 11 6 0 7 10 13 4 5 9 14 8 3 12 
52,2.05306e-06,2.35261e-06,1.91739e-06,50,100,100,425058,2 1 11 6 0 7 10 13 4 5 9 14 8 3 12 
53,2.05144e-06,2.35261e-06,1.92464e-06,50,100,100,425058,2 1 11 6 0 7 10 13 4 5 9 14 8 3 12 
54,2.07637e-06,2.35261e-06,1.96271e-06,50,100,100,425058,2 1 11 6 0 7 10 13 4 5 9 14 8 3 12 
55,2.06571e-06,2.35261e-06,1.92185e-06,50,100,100,425058,2 1 11 6 0 7 10 13 4 5 9 14 8 3 12 
56,2.06158e-06,2.35261e-06,1.88882e-06,50,100,100,425058,2 1 11 6 0 7 10 13 4 5 9 14 8 3 12 
57,2.06568e-06,2.35261e-06,1.92797e-06,50,100,100,425058,2 1 11 6 0 7 10 13 4 5 9 14 8 3 12 
58,2.06179e-06,2.35261e-06,1.924e-06,50,100,100,425058,2 1 11 6 0 7 10 13 4 5 9 14 8 3 12 
59,2.06118e-06,2.35261e-06,1.87846e-06,50,100,100,425058,2 1 11 6 0 7 10 13 4 5 9 14 8 3 12 
60,2.06374e-06,2.35261e-06,1.92409e-06,50,100,100,425058,2 1 11 6 0 7 10 13 4 5 9 14 8 3 12 
61,2.05487e-06,2.35261e-06,1.91565e-06,50,100,100,425058,2 1 11 6 0 7 10 13 4 5 9 14 8 3 12 
62,2.06068e-06,2.35261e-06,1.89449e-06,50,100,100,425058,2 1 11 6 0 7 10 13 4 5 9 14 8 3 12 
63,2.06644e-06,2.35261e-06,1.89958e-06,50,100,100,425058,2 1 11 6 0 7 10 13 4 5 9 14 8 3 12 
64,2.05745e-06,2.35261e-06,1.93901e-06,50,100,100,425058,2 1 11 6 0 7 10 13 4 5 9 14 8 3 12 
65,2.06059e-06,2.35261e-06,1.92086e-06,50,100,100,425058,2 1 11 6 0 7 10 13 4 5 9 14 8 3 12 
66,2.07305e-06,2.35261e-06,1.9057e-06,50,100,100,425058,2 1 11 6 0 7 10 13 4 5 9 14 8 3 12 
67,2.05454e-06,2.35261e-06,1.93643e-06,50,100,100,425058,2 1 11 6 0 7 10 13 4 5 9 14 8 3 12 
68,2.04917e-06,2.35261e-06,1.91608e-06,50,100,100,425058,2 1 11 6 0 7 10 13 4 5 9 14 8 3 12 
69,2.05377e-06,2.35261e-06,1.92321e-06,50,100,100,425058,2 1 11 6 0 7 10 13 4 5 9 14 8 3 12 
70,2.05938e-06,2.35261e-06,1.89964e-06,50,100,100,425058,2 1 11 6 0 7 10 13 4 5 9 14 8 3 12 
71,2.06828e-06,2.35261e-06,1.90419e-06,50,100,100,425058,2 1 11 6 0 7 10 13 4 5 9 14 8 3 12 
72,2.06884e-06,2.35261e-06,1.91245e-06,50,100,100,425058,2 1 11 6 0 7 10 13 4 5 9 14 8 3 12 
73,2.05959e-06,2.35261e-06,1.88844e-06,50,100,100,425058,2 1 11 6 0 7 10 13 4 5 9 14 8 3 12 
74,2.0515e-06,2.35261e-06,1.89621e-06,50,100,100,425058,2 1 11 6 0 7 10 13 4 5 9 14 8 3 12 
75,2.05598e-06,2.35261e-06,1.91651e-06,50,100,100,425058,2 1 11 6 0 7 10 13 4 5 9 14 8 3 12 
76,2.04769e-06,2.35261e-06,1.8979e-06,50,100,100,425058,2 1 11 6 0 7 10 13 4 5 9 14 8 3 12 
77,2.05416e-06,2.35261e-06,1.88996e-06,50,100,100,425058,2 1 11 6 0 7 10 13 4 5 9 14 8 3 12 
78,2.06797e-06,2.35261e-06,1.90806e-06,50,100,100,425058,2 1 11 6 0 7 10 13 4 5 9 14 8 3 12 
79,2.06433e-06,2.35261e-06,1.89416e-06,50,100,100,425058,2 1 11 6 0 7 10 13 4 5 9 14 8 3 12 
80,2.05522e-06,2.35261e-06,1.89036e-06,50,100,100,425058,2 1 11 6 0 7 10 13 4 5 9 14 8 3 12 
81,2.05872e-06,2.35261e-06,1.90303e-06,50,100,100,425058,2 1 11 6 0 7 10 13 4 5 9 14 8 3 12 
82,2.05475e-06,2.35261e-06,1.88935e-06,50,100,100,425058,2 1 11 6 0 7 10 13 4 5 9 14 8 3 12 
83,2.07276e-06,2.35261e-06,1.90823e-06,50,100,100,425058,2 1 11 6 0 7 10 13 4 5 9 14 8 3 12 
84,2.05943e-06,2.35261e-06,1.92266e-06,50,100,100,425058,2 1 11 6 0 7 10 13 4 5 9 14 8 3 12 
85,2.05719e-06,2.35261e-06,1.9262e-06,50,100,100,425058,2 1 11 6 0 7 10 13 4 5 9 14 8 3 12 
86,2.05726e-06,2.35261e-06,1.89893e-06,50,100,100,425058,2 1 11 6 0 7 10 13 4 5 9 14 8 3 12 
87,2.06052e-06,2.35261e-06,1.91781e-06,50,100,100,425058,2 1 11 6 0 7 10 13 4 5 9 14 8 3 12 
88,2.05703e-06,2.35261e-06,1.92361e-06,50,100,100,425058,2 1 11 6 0 7 10 13 4 5 9 14 8 3 12 
89,2.06591e-06,2.35261e-06,1.91823e-06,50,100,100,425058,2 1 11 6 0 7 10 13 4 5 9 14 8 3 12 
90,2.05455e-06,2.35261e-06,1.93002e-06,50,100,100,425058,2 1 11 6 0 7 10 13 4 5 9 14 8 3 12 
91,2.0674e-06,2.35261e-06,1.89622e-06,50,100,100,425058,2 1 11 6 0 7 10 13 4 5 9 14 8 3 12 
92,2.06057e-06,2.35261e-06,1.91937e-06,50,100,100,425058,2 1 11 6 0 7 10 13 4 5 9 14 8 3 12 
93,2.07843e-06,2.35261e-06,1.8692e-06,50,100,100,425058,2 1 11 6 0 7 10 13 4 5 9 14 8 3 12 
94,2.06571e-06,2.35261e-06,1.93737e-06,50,100,100,425058,2 1 11 6 0 7 10 13 4 5 9 14 8 3 12 
95,2.06513e-06,2.35261e-06,1.90463e-06,50,100,100,425058,2 1 11 6 0 7 10 13 4 5 9 14 8 3 12 
96,2.06538e-06,2.35261e-06,1.88774e-06,50,100,100,425058,2 1 11 6 0 7 10 13 4 5 9 14 8 3 12 
97,2.0562e-06,2.35261e-06,1.90366e-06,50,100,100,425058,2 1 11 6 0 7 10 13 4 5 9 14 8 3 12 
98,2.05704e-06,2.35261e-06,1.92619e-06,50,100,100,425058,2 1 11 6 0 7 10 13 4 5 9 14 8 3 12 
99,2.06759e-06,2.35261e-06,1.92841e-06,50,100,100,425058,2 1 11 6 0 7 10 13 4 5 9 14 8 3 12 
100,2.06863e-06,2.35261e-06,1.91357e-06,50,100,100,425058,2 1 11 6 0 7 10 13 4 5 9 14 8 3 12 
101,2.06548e-06,2.35261e-06,1.92048e-06,50,100,100,425058,2 1 11 6 0 7 10 13 4 5 9 14 8 3 12 
102,2.05841e-06,2.35261e-06,1.90321e-06,50,100,100,425058,2 1 11 6 0 7 10 13 4 5 9 14 8 3 12 
103,2.05648e-06,2.35261e-06,1.90623e-06,50,100,100,425058,2 1 11 6 0 7 10 13 4 5 9 14 8 3 12 
104,2.06303e-06,2.35261e-06,1.92763e-06,50,100,100,425058,2 1 11 6 0 7 10 13 4 5 9 14 8 3 12 
105,2.05744e-06,2.35261e-06,1.92951e-06,50,100,100,425058,2 1 11 6 0 7 10 13 4 5 9 14 8 3 12 
106,2.05859e-06,2.35261e-06,1.88509e-06,50,100,100,425058,2 1 11 6 0 7 10 13 4 5 9 14 8 3 12 
107,2.05453e-06,2.35261e-06,1.9333e-06,50,100,100,425058,2 1 11 6 0 7 10 13 4 5 9 14 8 3 12 
108,2.05612e-06,2.35261e-06,1.89462e-06,50,100,100,425058,2 1 11 6 0 7 10 13 4 5 9 14 8 3 12 
109,2.06061e-06,2.35261e-06,1.92852e-06,50,100,100,425058,2 1 11 6 0 7 10 13 4 5 9 14 8 3 12 
110,2.06019e-06,2.35261e-06,1.90748e-06,50,100,100,425058,2 1 11 6 0 7 10 13 4 5 9 14 8 3 12 
111,2.05993e-06,2.35261e-06,1.92066e-06,50,100,100,425058,2 1 11 6 0 7 10 13 4 5 9 14 8 3 12 
112,2.04674e-06,2.35261e-06,1.87073e-06,50,100,100,425058,2 1 11 6 0 7 10 13 4 5 9 14 8 3 12 
113,2.07389e-06,2.35261e-06,1.91628e-06,50,100,100,425058,2 1 11 6 0 7 10 13 4 5 9 14 8 3 12 
114,2.07269e-06,2.35261e-06,1.92151e-06,50,100,100,425058,2 1 11 6 0 7 10 13 4 5 9 14 8 3 12 
115,2.06213e-06,2.35261e-06,1.93861e-06,50,100,100,425058,2 1 11 6 0 7 10 13 4 5 9 14 8 3 12 
116,2.07019e-06,2.35261e-06,1.89309e-06,50,100,100,425058,2 1 11 6 0 7 10 13 4 5 9 14 8 3 12 
117,2.07809e-06,2.35261e-06,1.91623e-06,50,100,100,425058,2 1 11 6 0 7 10 13 4 5 9 14 8 3 12 
118,2.08751e-06,2.35261e-06,1.9278e-06,50,100,100,425058,2 1 11 6 0 7 10 13 4 5 9 14 8 3 12 
119,2.08046e-06,2.35261e-06,1.94297e-06,50,100,100,425058,2 1 11 6 0 7 10 13 4 5 9 14 8 3 12 
120,2.05976e-06,2.35261e-06,1.90743e-06,50,100,100,425058,2 1 11 6 0 7 10 13 4 5 9 14 8 3 12 
121,2.07111e-06,2.35261e-06,1.92193e-06,50,100,100,425058,2 1 11 6 0 7 10 13 4 5 9 14 8 3 12 
122,2.06604e-06,2.35261e-06,1.92026e-06,50,100,100,425058,2 1 11 6 0 7 10 13 4 5 9 14 8 3 12 
123,2.07454e-06,2.35261e-06,1.92791e-06,50,100,100,425058,2 1 11 6 0 7 10 13 4 5 9 14 8 3 12 
124,2.07036e-06,2.35261e-06,1.93675e-06,50,100,100,425058,2 1 11 6 0 7 10 13 4 5 9 14 8 3 12 
125,2.0802e-06,2.35261e-06,1.9286e-06,50,100,100,425058,2 1 11 6 0 7 10 13 4 5 9 14 8 3 12 
126,2.06964e-06,2.35261e-06,1.93604e-06,50,100,100,425058,2 1 11 6 0 7 10 13 4 5 9 14 8 3 12 
127,2.0897e-06,2.35261e-06,1.94421e-06,50,100,100,425058,2 1 11 6 0 7 10 13 4 5 9 14 8 3 12 
128,2.08205e-06,2.35261e-06,1.90117e-06,50,100,100,425058,2 1 11 6 0 7 10 13 4 5 9 14 8 3 12 
129,2.06987e-06,2.35261e-06,1.93944e-06,50,100,100,425058,2 1 11 6 0 7 10 13 4 5 9 14 8 3 12 
130,2.06419e-06,2.35261e-06,1.91261e-06,50,100,100,425058,2 1 11 6 0 7 10 13 4 5 9 14 8 3 12 
131,2.07107e-06,2.35261e-06,1.87978e-06,50,100,100,425058,2 1 11 6 0 7 10 13 4 5 9 14 8 3 12 
132,2.07231e-06,2.35261e-06,1.92936e-06,50,100,100,425058,2 1 11 6 0 7 10 13 4 5 9 14 8 3 12 
133,2.06864e-06,2.35261e-06,1.88992e-06,50,100,100,425058,2 1 11 6 0 7 10 13 4 5 9 14 8 3 12 
134,2.07093e-06,2.35261e-06,1.90457e-06,50,100,100,425058,2 1 11 6 0 7 10 13 4 5 9 14 8 3 12 
135,2.08389e-06,2.35261e-06,1.94749e-06,50,100,100,425058,2 1 11 6 0 7 10 13 4 5 9 14 8 3 12 
136,2.05466e-06,2.35261e-06,1.91154e-06,50,100,100,425058,2 1 11 6 0 7 10 13 4 5 9 14 8 3 12 
137,2.06114e-06,2.35261e-06,1.89058e-06,50,100,100,425058,2 1 11 6 0 7 10 13 4 5 9 14 8 3 12 
138,2.0715e-06,2.35261e-06,1.91527e-06,50,100,100,425058,2 1 11 6 0 7 10 13 4 5 9 14 8 3 12 
139,2.06937e-06,2.35261e-06,1.94865e-06,50,100,100,425058,2 1 11 6 0 7 10 13 4 5 9 14 8 3 12 
140,2.05947e-06,2.35261e-06,1.92926e-06,50,100,100,425058,2 1 11 6 0 7 10 13 4 5 9 14 8 3 12 
141,2.05642e-06,2.35261e-06,1.92297e-06,50,100,100,425058,2 1 11 6 0 7 10 13 4 5 9 14 8 3 12 
142,2.05695e-06,2.35261e-06,1.91848e-06,50,100,100,425058,2 1 11 6 0 7 10 13 4 5 9 14 8 3 12 
143,2.06333e-06,2.35261e-06,1.87441e-06,50,100,100,425058,2 1 11 6 0 7 10 13 4 5 9 14 8 3 12 
144,2.04688e-06,2.35261e-06,1.87322e-06,50,100,100,425058,2 1 11 6 0 7 10 13 4 5 9 14 8 3 12 
145,2.05716e-06,2.35261e-06,1.93008e-06,50,100,100,425058,2 1 11 6 0 7 10 13 4 5 9 14 8 3 12 
146,2.0607e-06,2.35261e-06,1.93121e-06,50,100,100,425058,2 1 11 6 0 7 10 13 4 5 9 14 8 3 12 
147,2.05976e-06,2.35261e-06,1.93236e-06,50,100,100,425058,2 1 11 6 0 7 10 13 4 5 9 14 8 3 12 
148,2.05861e-06,2.35261e-06,1.92083e-06,50,100,100,425058,2 1 11 6 0 7 10 13 4 5 9 14 8 3 12 
149,2.06641e-06,2.35261e-06,1.90002e-06,50,100,100,425058,2 1 11 6 0 7 10 13 4 5 9 14 8 3 12 
150,2.05957e-06,2.35261e-06,1.89224e-06,50,100,100,425058,2 1 11 6 0 7 10 13 4 5 9 14 8 3 12 
151,2.05945e-06,2.35261e-06,1.914e-06,50,100,100,425058,2 1 11 6 0 7 10 13 4 5 9 14 8 3 12 
152,2.06189e-06,2.35261e-06,1.93446e-06,50,100,100,425058,2 1 11 6 0 7 10 13 4 5 9 14 8 3 12 
153,2.05907e-06,2.35261e-06,1.91007e-06,50,100,100,425058,2 1 11 6 0 7 10 13 4 5 9 14 8 3 12 
154,2.07349e-06,2.35261e-06,1.93042e-06,50,100,100,425058,2 1 11 6 0 7 10 13 4 5 9 14 8 3 12 
155,2.07202e-06,2.35261e-06,1.93123e-06,50,100,100,425058,2 1 11 6 0 7 10 13 4 5 9 14 8 3 12 
156,2.07458e-06,2.35261e-06,1.92432e-06,50,100,100,425058,2 1 11 6 0 7 10 13 4 5 9 14 8 3 12 
157,2.05664e-06,2.35261e-06,1.9255e-06,50,100,100,425058,2 1 11 6 0 7 10 13 4 5 9 14 8 3 12 
158,2.05679e-06,2.35261e-06,1.89247e-06,50,100,100,425058,2 1 11 6 0 7 10 13 4 5 9 14 8 3 12 
159,2.07257e-06,2.35261e-06,1.94654e-06,50,100,100,425058,2 1 11 6 0 7 10 13 4 5 9 14 8 3 12 
160,2.06747e-06,2.35261e-06,1.85815e-06,50,100,100,425058,2 1 11 6 0 7 10 13 4 5 9 14 8 3 12 
161,2.06947e-06,2.35261e-06,1.90209e-06,50,100,100,425058,2 1 11 6 0 7 10 13 4 5 9 14 8 3 12 
162,2.05895e-06,2.35261e-06,1.91902e-06,50,100,100,425058,2 1 11 6 0 7 10 13 4 5 9 14 8 3 12 
163,2.06461e-06,2.36758e-06,1.88936e-06,50,100,100,422372,1 6 3 11 0 14 10 9 8 12 7 5 4 2 13 
164,2.06259e-06,2.36758e-06,1.90221e-06,50,100,100,422372,1 6 3 11 0 14 10 9 8 12 7 5 4 2 13 
165,2.04431e-06,2.36758e-06,1.91998e-06,50,100,100,422372,1 6 3 11 0 14 10 9 8 12 7 5 4 2 13 
166,2.0551e-06,2.36758e-06,1.87953e-06,50,100,100,422372,1 6 3 11 0 14 10 9 8 12 7 5 4 2 13 
167,2.07729e-06,2.36758e-06,1.91663e-06,50,100,100,422372,1 6 3 11 0 14 10 9 8 12 7 5 4 2 13 
168,2.07235e-06,2.36758e-06,1.92157e-06,50,100,100,422372,1 6 3 11 0 14 10 9 8 12 7 5 4 2 13 
169,2.0684e-06,2.36758e-06,1.92188e-06,50,100,100,422372,1 6 3 11 0 14 10 9 8 12 7 5 4 2 13 
170,2.07176e-06,2.36758e-06,1.91065e-06,50,100,100,422372,1 6 3 11 0 14 10 9 8 12 7 5 4 2 13 
171,2.06968e-06,2.36758e-06,1.90426e-06,50,100,100,422372,1 6 3 11 0 14 10 9 8 12 7 5 4 2 13 
172,2.06259e-06,2.36758e-06,1.92228e-06,50,100,100,422372,1 6 3 11 0 14 10 9 8 12 7 5 4 2 13 
173,2.04713e-06,2.36758e-06,1.91579e-06,50,100,100,422372,1 6 3 11 0 14 10 9 8 12 7 5 4 2 13 
174,2.05301e-06,2.36758e-06,1.89374e-06,50,100,100,422372,1 6 3 11 0 14 10 9 8 12 7 5 4 2 13 
175,2.05534e-06,2.36758e-06,1.92e-06,50,100,100,422372,1 6 3 11 0 14 10 9 8 12 7 5 4 2 13 
176,2.0736e-06,2.36758e-06,1.94413e-06,50,100,100,422372,1 6 3 11 0 14 10 9 8 12 7 5 4 2 13 
177,2.06342e-06,2.36758e-06,1.92924e-06,50,100,100,422372,1 6 3 11 0 14 10 9 8 12 7 5 4 2 13 
178,2.05149e-06,2.36758e-06,1.93041e-06,50,100,100,422372,1 6 3 11 0 14 10 9 8 12 7 5 4 2 13 
179,2.07164e-06,2.36758e-06,1.95256e-06,50,100,100,422372,1 6 3 11 0 14 10 9 8 12 7 5 4 2 13 
180,2.06842e-06,2.36758e-06,1.90161e-06,50,100,100,422372,1 6 3 11 0 14 10 9 8 12 7 5 4 2 13 
181,2.05774e-06,2.36758e-06,1.89501e-06,50,100,100,422372,1 6 3 11 0 14 10 9 8 12 7 5 4 2 13 
182,2.05625e-06,2.36758e-06,1.90338e-06,50,100,100,422372,1 6 3 11 0 14 10 9 8 12 7 5 4 2 13 
183,2.06637e-06,2.36758e-06,1.92003e-06,50,100,100,422372,1 6 3 11 0 14 10 9 8 12 7 5 4 2 13 
184,2.05971e-06,2.36758e-06,1.94605e-06,50,100,100,422372,1 6 3 11 0 14 10 9 8 12 7 5 4 2 13 
185,2.04969e-06,2.36758e-06,1.89434e-06,50,100,100,422372,1 6 3 11 0 14 10 9 8 12 7 5 4 2 13 
186,2.04735e-06,2.36758e-06,1.91175e-06,50,100,100,422372,1 6 3 11 0 14 10 9 8 12 7 5 4 2 13 
187,2.05545e-06,2.36758e-06,1.90311e-06,50,100,100,422372,1 6 3 11 0 14 10 9 8 12 7 5 4 2 13 
188,2.05534e-06,2.36758e-06,1.93132e-06,50,100,100,422372,1 6 3 11 0 14 10 9 8 12 7 5 4 2 13 
189,2.06144e-06,2.36758e-06,1.91043e-06,50,100,100,422372,1 6 3 11 0 14 10 9 8 12 7 5 4 2 13 
190,2.05801e-06,2.36758e-06,1.92075e-06,50,100,100,422372,1 6 3 11 0 14 10 9 8 12 7 5 4 2 13 
191,2.0574e-06,2.36758e-06,1.9331e-06,50,100,100,422372,1 6 3 11 0 14 10 9 8 12 7 5 4 2 13 
192,2.06043e-06,2.36758e-06,1.92926e-06,50,100,100,422372,1 6 3 11 0 14 10 9 8 12 7 5 4 2 13 
193,2.06219e-06,2.36758e-06,1.90817e-06,50,100,100,422372,1 6 3 11 0 14 10 9 8 12 7 5 4 2 13 
194,2.0602e-06,2.36758e-06,1.91463e-06,50,100,100,422372,1 6 3 11 0 14 10 9 8 12 7 5 4 2 13 
195,2.05638e-06,2.36758e-06,1.90402e-06,50,100,100,422372,1 6 3 11 0 14 10 9 8 12 7 5 4 2 13 
196,2.05851e-06,2.36758e-06,1.88898e-06,50,100,100,422372,1 6 3 11 0 14 10 9 8 12 7 5 4 2 13 
197,2.05325e-06,2.36758e-06,1.91873e-06,50,100,100,422372,1 6 3 11 0 14 10 9 8 12 7 5 4 2 13 
198,2.06403e-06,2.36758e-06,1.92915e-06,50,100,100,422372,1 6 3 11 0 14 10 9 8 12 7 5 4 2 13 
199,2.05884e-06,2.36758e-06,1.90622e-06,50,100,100,422372,1 6 3 11 0 14 10 9 8 12 7 5 4 2 13 
200,2.05532e-06,2.36758e-06,1.86896e-06,50,100,100,422372,1 6 3 11 0 14 10 9 8 12 7 5 4 2 13 
201,2.05691e-06,2.36758e-06,1.9336e-06,50,100,100,422372,1 6 3 11 0 14 10 9 8 12 7 5 4 2 13 
202,2.05967e-06,2.36758e-06,1.87643e-06,50,100,100,422372,1 6 3 11 0 14 10 9 8 12 7 5 4 2 13 
203,2.07245e-06,2.36758e-06,1.92426e-06,50,100,100,422372,1 6 3 11 0 14 10 9 8 12 7 5 4 2 13 
204,2.06742e-06,2.36758e-06,1.89807e-06,50,100,100,422372,1 6 3 11 0 14 10 9 8 12 7 5 4 2 13 
205,2.07774e-06,2.36758e-06,1.9376e-06,50,100,100,422372,1 6 3 11 0 14 10 9 8 12 7 5 4 2 13 
206,2.05773e-06,2.36758e-06,1.88702e-06,50,100,100,422372,1 6 3 11 0 14 10 9 8 12 7 5 4 2 13 
207,2.05676e-06,2.36758e-06,1.90273e-06,50,100,100,422372,1 6 3 11 0 14 10 9 8 12 7 5 4 2 13 
208,2.05779e-06,2.36758e-06,1.92064e-06,50,100,100,422372,1 6 3 11 0 14 10 9 8 12 7 5 4 2 13 
209,2.05918e-06,2.36758e-06,1.86706e-06,50,100,100,422372,1 6 3 11 0 14 10 9 8 12 7 5 4 2 13 
210,2.05375e-06,2.36758e-06,1.90773e-06,50,100,100,422372,1 6 3 11 0 14 10 9 8 12 7 5 4 2 13 
211,2.05808e-06,2.36758e-06,1.91027e-06,50,100,100,422372,1 6 3 11 0 14 10 9 8 12 7 5 4 2 13 
212,2.06206e-06,2.36758e-06,1.89518e-06,50,100,100,422372,1 6 3 11 0 14 10 9 8 12 7 5 4 2 13 
213,2.05854e-06,2.36758e-06,1.93586e-06,50,100,100,422372,1 6 3 11 0 14 10 9 8 12 7 5 4 2 13 
214,2.06832e-06,2.36758e-06,1.89988e-06,50,100,100,422372,1 6 3 11 0 14 10 9 8 12 7 5 4 2 13 
215,2.05727e-06,2.36758e-06,1.93029e-06,50,100,100,422372,1 6 3 11 0 14 10 9 8 12 7 5 4 2 13 
216,2.05409e-06,2.36758e-06,1.93106e-06,50,100,100,422372,1 6 3 11 0 14 10 9 8 12 7 5 4 2 13 
217,2.06239e-06,2.36758e-06,1.92112e-06,50,100,100,422372,1 6 3 11 0 14 10 9 8 12 7 5 4 2 13 
218,2.05754e-06,2.36758e-06,1.92478e-06,50,100,100,422372,1 6 3 11 0 14 10 9 8 12 7 5 4 2 13 
219,2.06985e-06,2.36758e-06,1.90205e-06,50,100,100,422372,1 6 3 11 0 14 10 9 8 12 7 5 4 2 13 
220,2.04517e-06,2.36758e-06,1.87347e-06,50,100,100,422372,1 6 3 11 0 14 10 9 8 12 7 5 4 2 13 
221,2.065e-06,2.36758e-06,1.90345e-06,50,100,100,422372,1 6 3 11 0 14 10 9 8 12 7 5 4 2 13 
222,2.05526e-06,2.36758e-06,1.9135e-06,50,100,100,422372,1 6 3 11 0 14 10 9 8 12 7 5 4 2 13 
223,2.05759e-06,2.36758e-06,1.9214e-06,50,100,100,422372,1 6 3 11 0 14 10 9 8 12 7 5 4 2 13 
224,2.05502e-06,2.36758e-06,1.92866e-06,50,100,100,422372,1 6 3 11 0 14 10 9 8 12 7 5 4 2 13 
225,2.06103e-06,2.36758e-06,1.90812e-06,50,100,100,422372,1 6 3 11 0 14 10 9 8 12 7 5 4 2 13 
226,2.05673e-06,2.36758e-06,1.86691e-06,50,100,100,422372,1 6 3 11 0 14 10 9 8 12 7 5 4 2 13 
227,2.05576e-06,2.36758e-06,1.93201e-06,50,100,100,422372,1 6 3 11 0 14 10 9 8 12 7 5 4 2 13 
228,2.05553e-06,2.36758e-06,1.91027e-06,50,100,100,422372,1 6 3 11 0 14 10 9 8 12 7 5 4 2 13 
229,2.06214e-06,2.36758e-06,1.9091e-06,50,100,100,422372,1 6 3 11 0 14 10 9 8 12 7 5 4 2 13 
230,2.06333e-06,2.36758e-06,1.91915e-06,50,100,100,422372,1 6 3 11 0 14 10 9 8 12 7 5 4 2 13 
231,2.05834e-06,2.36758e-06,1.92829e-06,50,100,100,422372,1 6 3 11 0 14 10 9 8 12 7 5 4 2 13 
232,2.04672e-06,2.36758e-06,1.9354e-06,50,100,100,422372,1 6 3 11 0 14 10 9 8 12 7 5 4 2 13 
233,2.04509e-06,2.36758e-06,1.92191e-06,50,100,100,422372,1 6 3 11 0 14 10 9 8 12 7 5 4 2 13 
234,2.0678e-06,2.36758e-06,1.90252e-06,50,100,100,422372,1 6 3 11 0 14 10 9 8 12 7 5 4 2 13 
235,2.0561e-06,2.36758e-06,1.855e-06,50,100,100,422372,1 6 3 11 0 14 10 9 8 12 7 5 4 2 13 
236,2.07209e-06,2.36758e-06,1.89919e-06,50,100,100,422372,1 6 3 11 0 14 10 9 8 12 7 5 4 2 13 
237,2.06665e-06,2.36758e-06,1.89272e-06,50,100,100,422372,1 6 3 11 0 14 10 9 8 12 7 5 4 2 13 
238,2.06639e-06,2.36758e-06,1.92014e-06,50,100,100,422372,1 6 3 11 0 14 10 9 8 12 7 5 4 2 13 
239,2.06892e-06,2.36758e-06,1.9192e-06,50,100,100,422372,1 6 3 11 0 14 10 9 8 12 7 5 4 2 13 
240,2.05272e-06,2.36758e-06,1.88411e-06,50,100,100,422372,1 6 3 11 0 14 10 9 8 12 7 5 4 2 13 
241,2.05152e-06,2.36758e-06,1.88245e-06,50,100,100,422372,1 6 3 11 0 14 10 9 8 12 7 5 4 2 13 
242,2.06407e-06,2.36758e-06,1.87537e-06,50,100,100,422372,1 6 3 11 0 14 10 9 8 12 7 5 4 2 13 
243,2.05455e-06,2.36758e-06,1.903e-06,50,100,100,422372,1 6 3 11 0 14 10 9 8 12 7 5 4 2 13 
244,2.06038e-06,2.36758e-06,1.90905e-06,50,100,100,422372,1 6 3 11 0 14 10 9 8 12 7 5 4 2 13 
245,2.0619e-06,2.36758e-06,1.90247e-06,50,100,100,422372,1 6 3 11 0 14 10 9 8 12 7 5 4 2 13 
246,2.06836e-06,2.36758e-06,1.93712e-06,50,100,100,422372,1 6 3 11 0 14 10 9 8 12 7 5 4 2 13 
247,2.06909e-06,2.36758e-06,1.92646e-06,50,100,100,422372,1 6 3 11 0 14 10 9 8 12 7 5 4 2 13 
248,2.0552e-06,2.36758e-06,1.90072e-06,50,100,100,422372,1 6 3 11 0 14 10 9 8 12 7 5 4 2 13 
249,2.05105e-06,2.36758e-06,1.89441e-06,50,100,100,422372,1 6 3 11 0 14 10 9 8 12 7 5 4 2 13 
250,2.05982e-06,2.36758e-06,1.8994e-06,50,100,100,422372,1 6 3 11 0 14 10 9 8 12 7 5 4 2 13 
251,2.06409e-06,2.36758e-06,1.91679e-06,50,100,100,422372,1 6 3 11 0 14 10 9 8 12 7 5 4 2 13 
252,2.06666e-06,2.36758e-06,1.94947e-06,50,100,100,422372,1 6 3 11 0 14 10 9 8 12 7 5 4 2 13 
253,2.05727e-06,2.36758e-06,1.87587e-06,50,100,100,422372,1 6 3 11 0 14 10 9 8 12 7 5 4 2 13 
254,2.05815e-06,2.36758e-06,1.90146e-06,50,100,100,422372,1 6 3 11 0 14 10 9 8 12 7 5 4 2 13 
255,2.05675e-06,2.36758e-06,1.88893e-06,50,100,100,422372,1 6 3 11 0 14 10 9 8 12 7 5 4 2 13 
256,2.0618e-06,2.36758e-06,1.9373e-06,50,100,100,422372,1 6 3 11 0 14 10 9 8 12 7 5 4 2 13 
257,2.06071e-06,2.36758e-06,1.93264e-06,50,100,100,422372,1 6 3 11 0 14 10 9 8 12 7 5 4 2 13 
258,2.05001e-06,2.36758e-06,1.90732e-06,50,100,100,422372,1 6 3 11 0 14 10 9 8 12 7 5 4 2 13 
259,2.0544e-06,2.36758e-06,1.91274e-06,50,100,100,422372,1 6 3 11 0 14 10 9 8 12 7 5 4 2 13 
260,2.06445e-06,2.36758e-06,1.90781e-06,50,100,100,422372,1 6 3 11 0 14 10 9 8 12 7 5 4 2 13 
261,2.05815e-06,2.36758e-06,1.91555e-06,50,100,100,422372,1 6 3 11 0 14 10 9 8 12 7 5 4 2 13 
262,2.05038e-06,2.36758e-06,1.89977e-06,50,100,100,422372,1 6 3 11 0 14 10 9 8 12 7 5 4 2 13 
263,2.05758e-06,2.36758e-06,1.87922e-06,50,100,100,422372,1 6 3 11 0 14 10 9 8 12 7 5 4 2 13 
264,2.05511e-06,2.36758e-06,1.9045e-06,50,100,100,422372,1 6 3 11 0 14 10 9 8 12 7 5 4 2 13 
265,2.05484e-06,2.36758e-06,1.92541e-06,50,100,100,422372,1 6 3 11 0 14 10 9 8 12 7 5 4 2 13 
266,2.05821e-06,2.36758e-06,1.90764e-06,50,100,100,422372,1 6 3 11 0 14 10 9 8 12 7 5 4 2 13 
267,2.05274e-06,2.36758e-06,1.92287e-06,50,100,100,422372,1 6 3 11 0 14 10 9 8 12 7 5 4 2 13 
268,2.05465e-06,2.36758e-06,1.90469e-06,50,100,100,422372,1 6 3 11 0 14 10 9 8 12 7 5 4 2 13 
269,2.06178e-06,2.36758e-06,1.9036e-06,50,100,100,422372,1 6 3 11 0 14 10 9 8 12 7 5 4 2 13 
270,2.05798e-06,2.36758e-06,1.91312e-06,50,100,100,422372,1 6 3 11 0 14 10 9 8 12 7 5 4 2 13 
271,2.05521e-06,2.36758e-06,1.91117e-06,50,100,100,422372,1 6 3 11 0 14 10 9 8 12 7 5 4 2 13 
272,2.05218e-06,2.36758e-06,1.88589e-06,50,100,100,422372,1 6 3 11 0 14 10 9 8 12 7 5 4 2 13 
273,2.07264e-06,2.36758e-06,1.91108e-06,50,100,100,422372,1 6 3 11 0 14 10 9 8 12 7 5 4 2 13 
274,2.07605e-06,2.36758e-06,1.93901e-06,50,100,100,422372,1 6 3 11 0 14 10 9 8 12 7 5 4 2 13 
275,2.06981e-06,2.36758e-06,1.95231e-06,50,100,100,422372,1 6 3 11 0 14 10 9 8 12 7 5 4 2 13 
276,2.0657e-06,2.36758e-06,1.91397e-06,50,100,100,422372,1 6 3 11 0 14 10 9 8 12 7 5 4 2 13 
277,2.05735e-06,2.36758e-06,1.87603e-06,50,100,100,422372,1 6 3 11 0 14 10 9 8 12 7 5 4 2 13 
278,2.05421e-06,2.36758e-06,1.90881e-06,50,100,100,422372,1 6 3 11 0 14 10 9 8 12 7 5 4 2 13 
279,2.05862e-06,2.36758e-06,1.93848e-06,50,100,100,422372,1 6 3 11 0 14 10 9 8 12 7 5 4 2 13 
280,2.05858e-06,2.36758e-06,1.93063e-06,50,100,100,422372,1 6 3 11 0 14 10 9 8 12 7 5 4 2 13 
281,2.06008e-06,2.36758e-06,1.9146e-06,50,100,100,422372,1 6 3 11 0 14 10 9 8 12 7 5 4 2 13 
282,2.05561e-06,2.36758e-06,1.92428e-06,50,100,100,422372,1 6 3 11 0 14 10 9 8 12 7 5 4 2 13 
283,2.04852e-06,2.36758e-06,1.90089e-06,50,100,100,422372,1 6 3 11 0 14 10 9 8 12 7 5 4 2 13 
284,2.05605e-06,2.36758e-06,1.89515e-06,50,100,100,422372,1 6 3 11 0 14 10 9 8 12 7 5 4 2 13 
285,2.06337e-06,2.36758e-06,1.91641e-06,50,100,100,422372,1 6 3 11 0 14 10 9 8 12 7 5 4 2 13 
286,2.06692e-06,2.36758e-06,1.95358e-06,50,100,100,422372,1 6 3 11 0 14 10 9 8 12 7 5 4 2 13 
287,2.07474e-06,2.36758e-06,1.94156e-06,50,100,100,422372,1 6 3 11 0 14 10 9 8 12 7 5 4 2 13 
288,2.0637e-06,2.36758e-06,1.86939e-06,50,100,100,422372,1 6 3 11 0 14 10 9 8 12 7 5 4 2 13 
289,2.07256e-06,2.36758e-06,1.87775e-06,50,100,100,422372,1 6 3 11 0 14 10 9 8 12 7 5 4 2 13 
290,2.07863e-06,2.36758e-06,1.92641e-06,50,100,100,422372,1 6 3 11 0 14 10 9 8 12 7 5 4 2 13 
291,2.06719e-06,2.36758e-06,1.91971e-06,50,100,100,422372,1 6 3 11 0 14 10 9 8 12 7 5 4 2 13 
292,2.05504e-06,2.36758e-06,1.91378e-06,50,100,100,422372,1 6 3 11 0 14 10 9 8 12 7 5 4 2 13 
293,2.06521e-06,2.36758e-06,1.92963e-06,50,100,100,422372,1 6 3 11 0 14 10 9 8 12 7 5 4 2 13 
294,2.07563e-06,2.36758e-06,1.91881e-06,50,100,100,422372,1 6 3 11 0 14 10 9 8 12 7 5 4 2 13 
295,2.0642e-06,2.36758e-06,1.95075e-06,50,100,100,422372,1 6 3 11 0 14 10 9 8 12 7 5 4 2 13 
296,2.0645e-06,2.36758e-06,1.90627e-06,50,100,100,422372,1 6 3 11 0 14 10 9 8 12 7 5 4 2 13 
297,2.05515e-06,2.36758e-06,1.90466e-06,50,100,100,422372,1 6 3 11 0 14 10 9 8 12 7 5 4 2 13 
298,2.06302e-06,2.36758e-06,1.90816e-06,50,100,100,422372,1 6 3 11 0 14 10 9 8 12 7 5 4 2 13 
299,2.0706e-06,2.36758e-06,1.91121e-06,50,100,100,422372,1 6 3 11 0 14 10 9 8 12 7 5 4 2 13 
300,2.06294e-06,2.36758e-06,1.9293e-06,50,100,100,422372,1 6 3 11 0 14 10 9 8 12 7 5 4 2 13 
301,2.06811e-06,2.36758e-06,1.92148e-06,50,100,100,422372,1 6 3 11 0 14 10 9 8 12 7 5 4 2 13 
302,2.06546e-06,2.36758e-06,1.90957e-06,50,100,100,422372,1 6 3 11 0 14 10 9 8 12 7 5 4 2 13 
303,2.0611e-06,2.36758e-06,1.89958e-06,50,100,100,422372,1 6 3 11 0 14 10 9 8 12 7 5 4 2 13 
304,2.06913e-06,2.36758e-06,1.92022e-06,50,100,100,422372,1 6 3 11 0 14 10 9 8 12 7 5 4 2 13 
305,2.07001e-06,2.36758e-06,1.92721e-06,50,100,100,422372,1 6 3 11 0 14 10 9 8 12 7 5 4 2 13 
306,2.07551e-06,2.36758e-06,1.90211e-06,50,100,100,422372,1 6 3 11 0 14 10 9 8 12 7 5 4 2 13 
307,2.07802e-06,2.36758e-06,1.90506e-06,50,100,100,422372,1 6 3 11 0 14 10 9 8 12 7 5 4 2 13 
308,2.05727e-06,2.36758e-06,1.90717e-06,50,100,100,422372,1 6 3 11 0 14 10 9 8 12 7 5 4 2 13 
309,2.05694e-06,2.36758e-06,1.95055e-06,50,100,100,422372,1 6 3 11 0 14 10 9 8 12 7 5 4 2 13 
310,2.07469e-06,2.36758e-06,1.88569e-06,50,100,100,422372,1 6 3 11 0 14 10 9 8 12 7 5 4 2 13 
311,2.0623e-06,2.36758e-06,1.89382e-06,50,100,100,422372,1 6 3 11 0 14 10 9 8 12 7 5 4 2 13 
312,2.05801e-06,2.36758e-06,1.92664e-06,50,100,100,422372,1 6 3 11 0 14 10 9 8 12 7 5 4 2 13 
313,2.0557e-06,2.36758e-06,1.94458e-06,50,100,100,422372,1 6 3 11 0 14 10 9 8 12 7 5 4 2 13 
314,2.06625e-06,2.36758e-06,1.93015e-06,50,100,100,422372,1 6 3 11 0 14 10 9 8 12 7 5 4 2 13 
315,2.05567e-06,2.36758e-06,1.91164e-06,50,100,100,422372,1 6 3 11 0 14 10 9 8 12 7 5 4 2 13 
316,2.06336e-06,2.36758e-06,1.92457e-06,50,100,100,422372,1 6 3 11 0 14 10 9 8 12 7 5 4 2 13 
317,2.07012e-06,2.36758e-06,1.89842e-06,50,100,100,422372,1 6 3 11 0 14 10 9 8 12 7 5 4 2 13 
318,2.06574e-06,2.36758e-06,1.91751e-06,50,100,100,422372,1 6 3 11 0 14 10 9 8 12 7 5 4 2 13 
319,2.06719e-06,2.36758e-06,1.90152e-06,50,100,100,422372,1 6 3 11 0 14 10 9 8 12 7 5 4 2 13 
320,2.06113e-06,2.36758e-06,1.94064e-06,50,100,100,422372,1 6 3 11 0 14 10 9 8 12 7 5 4 2 13 
321,2.06209e-06,2.36758e-06,1.89987e-06,50,100,100,422372,1 6 3 11 0 14 10 9 8 12 7 5 4 2 13 
322,2.06127e-06,2.36758e-06,1.91315e-06,50,100,100,422372,1 6 3 11 0 14 10 9 8 12 7 5 4 2 13 
323,2.06669e-06,2.36758e-06,1.90432e-06,50,100,100,422372,1 6 3 11 0 14 10 9 8 12 7 5 4 2 13 
324,2.06537e-06,2.36758e-06,1.90528e-06,50,100,100,422372,1 6 3 11 0 14 10 9 8 12 7 5 4 2 13 
325,2.05943e-06,2.36758e-06,1.93036e-06,50,100,100,422372,1 6 3 11 0 14 10 9 8 12 7 5 4 2 13 
326,2.06607e-06,2.36758e-06,1.93335e-06,50,100,100,422372,1 6 3 11 0 14 10 9 8 12 7 5 4 2 13 
327,2.07806e-06,2.36758e-06,1.94504e-06,50,100,100,422372,1 6 3 11 0 14 10 9 8 12 7 5 4 2 13 
328,2.05879e-06,2.36758e-06,1.92946e-06,50,100,100,422372,1 6 3 11 0 14 10 9 8 12 7 5 4 2 13 
329,2.05713e-06,2.36758e-06,1.86597e-06,50,100,100,422372,1 6 3 11 0 14 10 9 8 12 7 5 4 2 13 
330,2.05717e-06,2.36758e-06,1.89695e-06,50,100,100,422372,1 6 3 11 0 14 10 9 8 12 7 5 4 2 13 
331,2.04928e-06,2.36758e-06,1.89417e-06,50,100,100,422372,1 6 3 11 0 14 10 9 8 12 7 5 4 2 13 
332,2.06657e-06,2.36758e-06,1.901e-06,50,100,100,422372,1 6 3 11 0 14 10 9 8 12 7 5 4 2 13 
333,2.07017e-06,2.36758e-06,1.92498e-06,50,100,100,422372,1 6 3 11 0 14 10 9 8 12 7 5 4 2 13 
334,2.06206e-06,2.38852e-06,1.90874e-06,50,100,100,418668,3 6 10 7 12 11 14 1 0 4 8 9 13 2 5 
335,2.05456e-06,2.38852e-06,1.90889e-06,50,100,100,418668,3 6 10 7 12 11 14 1 0 4 8 9 13 2 5 
336,2.06218e-06,2.38852e-06,1.91135e-06,50,100,100,418668,3 6 10 7 12 11 14 1 0 4 8 9 13 2 5 
337,2.06288e-06,2.38852e-06,1.86815e-06,50,100,100,418668,3 6 10 7 12 11 14 1 0 4 8 9 13 2 5 
338,2.05e-06,2.38852e-06,1.90352e-06,50,100,100,418668,3 6 10 7 12 11 14 1 0 4 8 9 13 2 5 
339,2.06572e-06,2.38852e-06,1.91371e-06,50,100,100,418668,3 6 10 7 12 11 14 1 0 4 8 9 13 2 5 
340,2.06106e-06,2.38852e-06,1.91026e-06,50,100,100,418668,3 6 10 7 12 11 14 1 0 4 8 9 13 2 5 
341,2.05614e-06,2.38852e-06,1.9328e-06,50,100,100,418668,3 6 10 7 12 11 14 1 0 4 8 9 13 2 5 
342,2.05102e-06,2.38852e-06,1.90409e-06,50,100,100,418668,3 6 10 7 12 11 14 1 0 4 8 9 13 2 5 
343,2.06505e-06,2.38852e-06,1.90395e-06,50,100,100,418668,3 6 10 7 12 11 14 1 0 4 8 9 13 2 5 
344,2.06415e-06,2.38852e-06,1.94173e-06,50,100,100,418668,3 6 10 7 12 11 14 1 0 4 8 9 13 2 5 
345,2.06312e-06,2.38852e-06,1.91701e-06,50,100,100,418668,3 6 10 7 12 11 14 1 0 4 8 9 13 2 5 
346,2.0576e-06,2.38852e-06,1.91237e-06,50,100,100,418668,3 6 10 7 12 11 14 1 0 4 8 9 13 2 5 
347,2.04647e-06,2.38852e-06,1.9204e-06,50,100,100,418668,3 6 10 7 12 11 14 1 0 4 8 9 13 2 5 
348,2.05837e-06,2.38852e-06,1.90876e-06,50,100,100,418668,3 6 10 7 12 11 14 1 0 4 8 9 13 2 5 
349,2.05785e-06,2.38852e-06,1.87654e-06,50,100,100,418668,3 6 10 7 12 11 14 1 0 4 8 9 13 2 5 
350,2.0692e-06,2.38852e-06,1.93056e-06,50,100,100,418668,3 6 10 7 12 11 14 1 0 4 8 9 13 2 5 
351,2.06334e-06,2.38852e-06,1.90239e-06,50,100,100,418668,3 6 10 7 12 11 14 1 0 4 8 9 13 2 5 
352,2.0569e-06,2.38852e-06,1.91371e-06,50,100,100,418668,3 6 10 7 12 11 14 1 0 4 8 9 13 2 5 
353,2.06176e-06,2.38852e-06,1.91615e-06,50,100,100,418668,3 6 10 7 12 11 14 1 0 4 8 9 13 2 5 
354,2.05748e-06,2.38852e-06,1.92304e-06,50,100,100,418668,3 6 10 7 12 11 14 1 0 4 8 9 13 2 5 
355,2.04091e-06,2.38852e-06,1.87459e-06,50,100,100,418668,3 6 10 7 12 11 14 1 0 4 8 9 13 2 5 
356,2.06017e-06,2.38852e-06,1.91973e-06,50,100,100,418668,3 6 10 7 12 11 14 1 0 4 8 9 13 2 5 
357,2.05706e-06,2.38852e-06,1.89256e-06,50,100,100,418668,3 6 10 7 12 11 14 1 0 4 8 9 13 2 5 
358,2.06044e-06,2.38852e-06,1.87486e-06,50,100,100,418668,3 6 10 7 12 11 14 1 0 4 8 9 13 2 5 
359,2.05917e-06,2.40855e-06,1.87067e-06,50,100,100,415186,3 6 10 7 9 11 14 1 0 4 8 12 13 2 5 
360,2.0545e-06,2.40855e-06,1.88575e-06,50,100,100,415186,3 6 10 7 9 11 14 1 0 4 8 12 13 2 5 
361,2.0694e-06,2.40855e-06,1.95112e-06,50,100,100,415186,3 6 10 7 9 11 14 1 0 4 8 12 13 2 5 
362,2.06078e-06,2.40855e-06,1.93317e-06,50,100,100,415186,3 6 10 7 9 11 14 1 0 4 8 12 13 2 5 
363,2.04264e-06,2.40855e-06,1.91059e-06,50,100,100,415186,3 6 10 7 9 11 14 1 0 4 8 12 13 2 5 
364,2.04696e-06,2.40855e-06,1.91068e-06,50,100,100,415186,3 6 10 7 9 11 14 1 0 4 8 12 13 2 5 
365,2.06006e-06,2.40855e-06,1.91356e-06,50,100,100,415186,3 6 10 7 9 11 14 1 0 4 8 12 13 2 5 
366,2.04665e-06,2.40855e-06,1.92287e-06,50,100,100,415186,3 6 10 7 9 11 14 1 0 4 8 12 13 2 5 
367,2.06025e-06,2.40855e-06,1.8702e-06,50,100,100,415186,3 6 10 7 9 11 14 1 0 4 8 12 13 2 5 
368,2.05856e-06,2.40855e-06,1.94122e-06,50,100,100,415186,3 6 10 7 9 11 14 1 0 4 8 12 13 2 5 
369,2.05726e-06,2.40855e-06,1.93233e-06,50,100,100,415186,3 6 10 7 9 11 14 1 0 4 8 12 13 2 5 
370,2.05001e-06,2.40855e-06,1.90561e-06,50,100,100,415186,3 6 10 7 9 11 14 1 0 4 8 12 13 2 5 
371,2.04255e-06,2.40855e-06,1.86111e-06,50,100,100,415186,3 6 10 7 9 11 14 1 0 4 8 12 13 2 5 
372,2.05759e-06,2.40855e-06,1.88897e-06,50,100,100,415186,3 6 10 7 9 11 14 1 0 4 8 12 13 2 5 
373,2.04162e-06,2.40855e-06,1.86965e-06,50,100,100,415186,3 6 10 7 9 11 14 1 0 4 8 12 13 2 5 
374,2.05611e-06,2.40855e-06,1.89589e-06,50,100,100,415186,3 6 10 7 9 11 14 1 0 4 8 12 13 2 5 
375,2.06425e-06,2.40855e-06,1.90786e-06,50,100,100,415186,3 6 10 7 9 11 14 1 0 4 8 12 13 2 5 
376,2.0465e-06,2.40855e-06,1.89673e-06,50,100,100,415186,3 6 10 7 9 11 14 1 0 4 8 12 13 2 5 
377,2.05734e-06,2.40855e-06,1.8812e-06,50,100,100,415186,3 6 10 7 9 11 14 1 0 4 8 12 13 2 5 
378,2.06805e-06,2.40855e-06,1.90156e-06,50,100,100,415186,3 6 10 7 9 11 14 1 0 4 8 12 13 2 5 
379,2.06943e-06,2.40855e-06,1.90621e-06,50,100,100,415186,3 6 10 7 9 11 14 1 0 4 8 12 13 2 5 
380,2.05036e-06,2.40855e-06,1.90599e-06,50,100,100,415186,3 6 10 7 9 11 14 1 0 4 8 12 13 2 5 
381,2.06045e-06,2.40855e-06,1.9043e-06,50,100,100,415186,3 6 10 7 9 11 14 1 0 4 8 12 13 2 5 
382,2.06502e-06,2.40855e-06,1.90437e-06,50,100,100,415186,3 6 10 7 9 11 14 1 0 4 8 12 13 2 5 
383,2.0691e-06,2.40855e-06,1.90678e-06,50,100,100,415186,3 6 10 7 9 11 14 1 0 4 8 12 13 2 5 
384,2.077e-06,2.40855e-06,1.90069e-06,50,100,100,415186,3 6 10 7 9 11 14 1 0 4 8 12 13 2 5 
385,2.06707e-06,2.40855e-06,1.93592e-06,50,100,100,415186,3 6 10 7 9 11 14 1 0 4 8 12 13 2 5 
386,2.05961e-06,2.40855e-06,1.89695e-06,50,100,100,415186,3 6 10 7 9 11 14 1 0 4 8 12 13 2 5 
387,2.06484e-06,2.40855e-06,1.88496e-06,50,100,100,415186,3 6 10 7 9 11 14 1 0 4 8 12 13 2 5 
388,2.04409e-06,2.40855e-06,1.88161e-06,50,100,100,415186,3 6 10 7 9 11 14 1 0 4 8 12 13 2 5 
389,2.05202e-06,2.40855e-06,1.87991e-06,50,100,100,415186,3 6 10 7 9 11 14 1 0 4 8 12 13 2 5 
390,2.04745e-06,2.40855e-06,1.90041e-06,50,100,100,415186,3 6 10 7 9 11 14 1 0 4 8 12 13 2 5 
391,2.06217e-06,2.40855e-06,1.94633e-06,50,100,100,415186,3 6 10 7 9 11 14 1 0 4 8 12 13 2 5 
392,2.05495e-06,2.40855e-06,1.8949e-06,50,100,100,415186,3 6 10 7 9 11 14 1 0 4 8 12 13 2 5 
393,2.05907e-06,2.40855e-06,1.93419e-06,50,100,100,415186,3 6 10 7 9 11 14 1 0 4 8 12 13 2 5 
394,2.05361e-06,2.40855e-06,1.87349e-06,50,100,100,415186,3 6 10 7 9 11 14 1 0 4 8 12 13 2 5 
395,2.05833e-06,2.40855e-06,1.90013e-06,50,100,100,415186,3 6 10 7 9 11 14 1 0 4 8 12 13 2 5 
396,2.05192e-06,2.40855e-06,1.91408e-06,50,100,100,415186,3 6 10 7 9 11 14 1 0 4 8 12 13 2 5 
397,2.06718e-06,2.40855e-06,1.88157e-06,50,100,100,415186,3 6 10 7 9 11 14 1 0 4 8 12 13 2 5 
398,2.06311e-06,2.40855e-06,1.93881e-06,50,100,100,415186,3 6 10 7 9 11 14 1 0 4 8 12 13 2 5 
399,2.04999e-06,2.40855e-06,1.90455e-06,50,100,100,415186,3 6 10 7 9 11 14 1 0 4 8 12 13 2 5 
400,2.05818e-06,2.40855e-06,1.93469e-06,50,100,100,415186,3 6 10 7 9 11 14 1 0 4 8 12 13 2 5 
401,2.06296e-06,2.40855e-06,1.92949e-06,50,100,100,415186,3 6 10 7 9 11 14 1 0 4 8 12 13 2 5 
402,2.06321e-06,2.40855e-06,1.93901e-06,50,100,100,415186,3 6 10 7 9 11 14 1 0 4 8 12 13 2 5 
403,2.05866e-06,2.40855e-06,1.8949e-06,50,100,100,415186,3 6 10 7 9 11 14 1 0 4 8 12 13 2 5 
404,2.05525e-06,2.40855e-06,1.91701e-06,50,100,100,415186,3 6 10 7 9 11 14 1 0 4 8 12 13 2 5 
405,2.04874e-06,2.40855e-06,1.87334e-06,50,100,100,415186,3 6 10 7 9 11 14 1 0 4 8 12 13 2 5 
406,2.04934e-06,2.40855e-06,1.90186e-06,50,100,100,415186,3 6 10 7 9 11 14 1 0 4 8 12 13 2 5 
407,2.05076e-06,2.40855e-06,1.90926e-06,50,100,100,415186,3 6 10 7 9 11 14 1 0 4 8 12 13 2 5 
408,2.06068e-06,2.40855e-06,1.91696e-06,50,100,100,415186,3 6 10 7 9 11 14 1 0 4 8 12 13 2 5 
409,2.05936e-06,2.40855e-06,1.89542e-06,50,100,100,415186,3 6 10 7 9 11 14 1 0 4 8 12 13 2 5 
410,2.06659e-06,2.40855e-06,1.89577e-06,50,100,100,415186,3 6 10 7 9 11 14 1 0 4 8 12 13 2 5 
411,2.06313e-06,2.40855e-06,1.91217e-06,50,100,100,415186,3 6 10 7 9 11 14 1 0 4 8 12 13 2 5 
412,2.04994e-06,2.40855e-06,1.91575e-06,50,100,100,415186,3 6 10 7 9 11 14 1 0 4 8 12 13 2 5 
413,2.05349e-06,2.40855e-06,1.90617e-06,50,100,100,415186,3 6 10 7 9 11 14 1 0 4 8 12 13 2 5 
414,2.06588e-06,2.40855e-06,1.89798e-06,50,100,100,415186,3 6 10 7 9 11 14 1 0 4 8 12 13 2 5 
415,2.06997e-06,2.40855e-06,1.94191e-06,50,100,100,415186,3 6 10 7 9 11 14 1 0 4 8 12 13 2 5 
416,2.07025e-06,2.40855e-06,1.93242e-06,50,100,100,415186,3 6 10 7 9 11 14 1 0 4 8 12 13 2 5 
417,2.05614e-06,2.40855e-06,1.90376e-06,50,100,100,415186,3 6 10 7 9 11 14 1 0 4 8 12 13 2 5 
418,2.06061e-06,2.40855e-06,1.91351e-06,50,100,100,415186,3 6 10 7 9 11 14 1 0 4 8 12 13 2 5 
419,2.06175e-06,2.40855e-06,1.92327e-06,50,100,100,415186,3 6 10 7 9 11 14 1 0 4 8 12 13 2 5 
420,2.06736e-06,2.40855e-06,1.87085e-06,50,100,100,415186,3 6 10 7 9 11 14 1 0 4 8 12 13 2 5 
421,2.06972e-06,2.40855e-06,1.92911e-06,50,100,100,415186,3 6 10 7 9 11 14 1 0 4 8 12 13 2 5 
422,2.06868e-06,2.40855e-06,1.89608e-06,50,100,100,415186,3 6 10 7 9 11 14 1 0 4 8 12 13 2 5 
423,2.05973e-06,2.40855e-06,1.92197e-06,50,100,100,415186,3 6 10 7 9 11 14 1 0 4 8 12 13 2 5 
424,2.06056e-06,2.40855e-06,1.91905e-06,50,100,100,415186,3 6 10 7 9 11 14 1 0 4 8 12 13 2 5 
425,2.0599e-06,2.40855e-06,1.89297e-06,50,100,100,415186,3 6 10 7 9 11 14 1 0 4 8 12 13 2 5 
426,2.05463e-06,2.40855e-06,1.91865e-06,50,100,100,415186,3 6 10 7 9 11 14 1 0 4 8 12 13 2 5 
427,2.05538e-06,2.40855e-06,1.928e-06,50,100,100,415186,3 6 10 7 9 11 14 1 0 4 8 12 13 2 5 
428,2.04537e-06,2.40855e-06,1.89029e-06,50,100,100,415186,3 6 10 7 9 11 14 1 0 4 8 12 13 2 5 
429,2.07309e-06,2.40855e-06,1.91381e-06,50,100,100,415186,3 6 10 7 9 11 14 1 0 4 8 12 13 2 5 
430,2.07042e-06,2.40855e-06,1.90441e-06,50,100,100,415186,3 6 10 7 9 11 14 1 0 4 8 12 13 2 5 
431,2.07428e-06,2.40855e-06,1.93631e-06,50,100,100,415186,3 6 10 7 9 11 14 1 0 4 8 12 13 2 5 
432,2.06904e-06,2.40855e-06,1.87938e-06,50,100,100,415186,3 6 10 7 9 11 14 1 0 4 8 12 13 2 5 
433,2.08266e-06,2.40855e-06,1.91488e-06,50,100,100,415186,3 6 10 7 9 11 14 1 0 4 8 12 13 2 5 
434,2.0712e-06,2.40855e-06,1.93954e-06,50,100,100,415186,3 6 10 7 9 11 14 1 0 4 8 12 13 2 5 
435,2.06292e-06,2.40855e-06,1.92598e-06,50,100,100,415186,3 6 10 7 9 11 14 1 0 4 8 12 13 2 5 
436,2.06419e-06,2.40855e-06,1.91984e-06,50,100,100,415186,3 6 10 7 9 11 14 1 0 4 8 12 13 2 5 
437,2.05071e-06,2.40855e-06,1.93812e-06,50,100,100,415186,3 6 10 7 9 11 14 1 0 4 8 12 13 2 5 
438,2.0556e-06,2.40855e-06,1.89313e-06,50,100,100,415186,3 6 10 7 9 11 14 1 0 4 8 12 13 2 5 
439,2.06695e-06,2.40855e-06,1.88154e-06,50,100,100,415186,3 6 10 7 9 11 14 1 0 4 8 12 13 2 5 
440,2.06156e-06,2.40855e-06,1.87093e-06,50,100,100,415186,3 6 10 7 9 11 14 1 0 4 8 12 13 2 5 
441,2.0723e-06,2.40855e-06,1.92664e-06,50,100,100,415186,3 6 10 7 9 11 14 1 0 4 8 12 13 2 5 
442,2.05221e-06,2.40855e-06,1.90401e-06,50,100,100,415186,3 6 10 7 9 11 14 1 0 4 8 12 13 2 5 
443,2.05993e-06,2.40855e-06,1.88843e-06,50,100,100,415186,3 6 10 7 9 11 14 1 0 4 8 12 13 2 5 
444,2.0595e-06,2.40855e-06,1.90953e-06,50,100,100,415186,3 6 10 7 9 11 14 1 0 4 8 12 13 2 5 
445,2.05199e-06,2.40862e-06,1.91223e-06,50,100,100,415174,3 6 8 7 9 11 14 1 0 4 10 12 13 2 5 
446,2.06763e-06,2.40862e-06,1.91409e-06,50,100,100,415174,3 6 8 7 9 11 14 1 0 4 10 12 13 2 5 
447,2.06286e-06,2.40862e-06,1.92227e-06,50,100,100,415174,3 6 8 7 9 11 14 1 0 4 10 12 13 2 5 
448,2.06309e-06,2.40862e-06,1.93479e-06,50,100,100,415174,3 6 8 7 9 11 14 1 0 4 10 12 13 2 5 
449,2.05402e-06,2.40862e-06,1.91169e-06,50,100,100,415174,3 6 8 7 9 11 14 1 0 4 10 12 13 2 5 
450,2.05313e-06,2.40862e-06,1.91979e-06,50,100,100,415174,3 6 8 7 9 11 14 1 0 4 10 12 13 2 5 
451,2.05796e-06,2.40862e-06,1.88607e-06,50,100,100,415174,3 6 8 7 9 11 14 1 0 4 10 12 13 2 5 
452,2.0472e-06,2.40862e-06,1.92165e-06,50,100,100,415174,3 6 8 7 9 11 14 1 0 4 10 12 13 2 5 
453,2.05494e-06,2.40862e-06,1.90473e-06,50,100,100,415174,3 6 8 7 9 11 14 1 0 4 10 12 13 2 5 
454,2.06236e-06,2.40862e-06,1.90649e-06,50,100,100,415174,3 6 8 7 9 11 14 1 0 4 10 12 13 2 5 
455,2.04613e-06,2.40862e-06,1.91264e-06,50,100,100,415174,3 6 8 7 9 11 14 1 0 4 10 12 13 2 5 
456,2.04362e-06,2.40862e-06,1.88821e-06,50,100,100,415174,3 6 8 7 9 11 14 1 0 4 10 12 13 2 5 
457,2.04291e-06,2.40862e-06,1.91482e-06,50,100,100,415174,3 6 8 7 9 11 14 1 0 4 10 12 13 2 5 
458,2.05294e-06,2.40862e-06,1.92919e-06,50,100,100,415174,3 6 8 7 9 11 14 1 0 4 10 12 13 2 5 
459,2.05441e-06,2.40862e-06,1.88005e-06,50,100,100,415174,3 6 8 7 9 11 14 1 0 4 10 12 13 2 5 
460,2.06138e-06,2.40862e-06,1.92367e-06,50,100,100,415174,3 6 8 7 9 11 14 1 0 4 10 12 13 2 5 
461,2.06435e-06,2.40862e-06,1.87736e-06,50,100,100,415174,3 6 8 7 9 11 14 1 0 4 10 12 13 2 5 
462,2.06047e-06,2.40862e-06,1.92066e-06,50,100,100,415174,3 6 8 7 9 11 14 1 0 4 10 12 13 2 5 
463,2.05776e-06,2.40862e-06,1.90904e-06,50,100,100,415174,3 6 8 7 9 11 14 1 0 4 10 12 13 2 5 
464,2.06565e-06,2.40862e-06,1.88598e-06,50,100,100,415174,3 6 8 7 9 11 14 1 0 4 10 12 13 2 5 
465,2.06441e-06,2.40862e-06,1.90379e-06,50,100,100,415174,3 6 8 7 9 11 14 1 0 4 10 12 13 2 5 
466,2.06397e-06,2.40862e-06,1.9064e-06,50,100,100,415174,3 6 8 7 9 11 14 1 0 4 10 12 13 2 5 
467,2.05862e-06,2.40862e-06,1.9163e-06,50,100,100,415174,3 6 8 7 9 11 14 1 0 4 10 12 13 2 5 
468,2.06735e-06,2.40862e-06,1.89915e-06,50,100,100,415174,3 6 8 7 9 11 14 1 0 4 10 12 13 2 5 
469,2.07071e-06,2.40862e-06,1.90274e-06,50,100,100,415174,3 6 8 7 9 11 14 1 0 4 10 12 13 2 5 
470,2.05995e-06,2.40862e-06,1.91442e-06,50,100,100,415174,3 6 8 7 9 11 14 1 0 4 10 12 13 2 5 
471,2.07212e-06,2.40862e-06,1.90775e-06,50,100,100,415174,3 6 8 7 9 11 14 1 0 4 10 12 13 2 5 
472,2.05627e-06,2.40862e-06,1.92455e-06,50,100,100,415174,3 6 8 7 9 11 14 1 0 4 10 12 13 2 5 
473,2.05752e-06,2.40862e-06,1.91629e-06,50,100,100,415174,3 6 8 7 9 11 14 1 0 4 10 12 13 2 5 
474,2.06043e-06,2.40862e-06,1.89585e-06,50,100,100,415174,3 6 8 7 9 11 14 1 0 4 10 12 13 2 5 
475,2.06273e-06,2.40862e-06,1.92424e-06,50,100,100,415174,3 6 8 7 9 11 14 1 0 4 10 12 13 2 5 
476,2.06932e-06,2.40862e-06,1.92718e-06,50,100,100,415174,3 6 8 7 9 11 14 1 0 4 10 12 13 2 5 
477,2.07226e-06,2.40862e-06,1.93634e-06,50,100,100,415174,3 6 8 7 9 11 14 1 0 4 10 12 13 2 5 
478,2.06516e-06,2.40862e-06,1.91343e-06,50,100,100,415174,3 6 8 7 9 11 14 1 0 4 10 12 13 2 5 
479,2.06382e-06,2.40862e-06,1.92215e-06,50,100,100,415174,3 6 8 7 9 11 14 1 0 4 10 12 13 2 5 
480,2.05892e-06,2.40862e-06,1.9225e-06,50,100,100,415174,3 6 8 7 9 11 14 1 0 4 10 12 13 2 5 
481,2.05904e-06,2.40862e-06,1.92751e-06,50,100,100,415174,3 6 8 7 9 11 14 1 0 4 10 12 13 2 5 
482,2.04175e-06,2.40862e-06,1.87684e-06,50,100,100,415174,3 6 8 7 9 11 14 1 0 4 10 12 13 2 5 
483,2.05779e-06,2.40862e-06,1.89875e-06,50,100,100,415174,3 6 8 7 9 11 14 1 0 4 10 12 13 2 5 
484,2.07258e-06,2.40862e-06,1.92649e-06,50,100,100,415174,3 6 8 7 9 11 14 1 0 4 10 12 13 2 5 
485,2.08114e-06,2.40862e-06,1.95275e-06,50,100,100,415174,3 6 8 7 9 11 14 1 0 4 10 12 13 2 5 
486,2.06315e-06,2.40862e-06,1.90172e-06,50,100,100,415174,3 6 8 7 9 11 14 1 0 4 10 12 13 2 5 
487,2.07025e-06,2.40862e-06,1.92321e-06,50,100,100,415174,3 6 8 7 9 11 14 1 0 4 10 12 13 2 5 
488,2.06357e-06,2.40862e-06,1.90851e-06,50,100,100,415174,3 6 8 7 9 11 14 1 0 4 10 12 13 2 5 
489,2.06383e-06,2.40862e-06,1.92504e-06,50,100,100,415174,3 6 8 7 9 11 14 1 0 4 10 12 13 2 5 
490,2.05814e-06,2.40862e-06,1.90401e-06,50,100,100,415174,3 6 8 7 9 11 14 1 0 4 10 12 13 2 5 
491,2.06231e-06,2.40862e-06,1.93045e-06,50,100,100,415174,3 6 8 7 9 11 14 1 0 4 10 12 13 2 5 
492,2.06554e-06,2.40862e-06,1.91974e-06,50,100,100,415174,3 6 8 7 9 11 14 1 0 4 10 12 13 2 5 
493,2.05146e-06,2.40862e-06,1.89731e-06,50,100,100,415174,3 6 8 7 9 11 14 1 0 4 10 12 13 2 5 
494,2.07098e-06,2.40862e-06,1.9377e-06,50,100,100,415174,3 6 8 7 9 11 14 1 0 4 10 12 13 2 5 
495,2.06159e-06,2.40862e-06,1.90876e-06,50,100,100,415174,3 6 8 7 9 11 14 1 0 4 10 12 13 2 5 
496,2.06804e-06,2.40862e-06,1.9134e-06,50,100,100,415174,3 6 8 7 9 11 14 1 0 4 10 12 13 2 5 
497,2.07173e-06,2.40862e-06,1.90262e-06,50,100,100,415174,3 6 8 7 9 11 14 1 0 4 10 12 13 2 5 
498,2.06774e-06,2.40862e-06,1.9302e-06,50,100,100,415174,3 6 8 7 9 11 14 1 0 4 10 12 13 2 5 
499,2.06515e-06,2.40862e-06,1.91951e-06,50,100,100,415174,3 6 8 7 9 11 14 1 0 4 10 12 13 2 5 
500,2.06676e-06,2.40862e-06,1.91476e-06,50,100,100,415174,3 6 8 7 9 11 14 1 0 4 10 12 13 2 5 
501,2.06373e-06,2.40862e-06,1.92024e-06,50,100,100,415174,3 6 8 7 9 11 14 1 0 4 10 12 13 2 5 
502,2.05446e-06,2.40862e-06,1.90724e-06,50,100,100,415174,3 6 8 7 9 11 14 1 0 4 10 12 13 2 5 
503,2.05889e-06,2.40862e-06,1.92966e-06,50,100,100,415174,3 6 8 7 9 11 14 1 0 4 10 12 13 2 5 
504,2.06157e-06,2.40862e-06,1.92497e-06,50,100,100,415174,3 6 8 7 9 11 14 1 0 4 10 12 13 2 5 
505,2.06778e-06,2.40862e-06,1.89204e-06,50,100,100,415174,3 6 8 7 9 11 14 1 0 4 10 12 13 2 5 
506,2.06217e-06,2.40862e-06,1.91645e-06,50,100,100,415174,3 6 8 7 9 11 14 1 0 4 10 12 13 2 5 
507,2.05727e-06,2.40862e-06,1.87342e-06,50,100,100,415174,3 6 8 7 9 11 14 1 0 4 10 12 13 2 5 
508,2.06247e-06,2.40862e-06,1.91786e-06,50,100,100,415174,3 6 8 7 9 11 14 1 0 4 10 12 13 2 5 
509,2.06397e-06,2.40862e-06,1.91077e-06,50,100,100,415174,3 6 8 7 9 11 14 1 0 4 10 12 13 2 5 
510,2.07644e-06,2.40862e-06,1.90031e-06,50,100,100,415174,3 6 8 7 9 11 14 1 0 4 10 12 13 2 5 
511,2.06288e-06,2.40862e-06,1.922e-06,50,100,100,415174,3 6 8 7 9 11 14 1 0 4 10 12 13 2 5 
512,2.06112e-06,2.40862e-06,1.9308e-06,50,100,100,415174,3 6 8 7 9 11 14 1 0 4 10 12 13 2 5 
513,2.06003e-06,2.40862e-06,1.91187e-06,50,100,100,415174,3 6 8 7 9 11 14 1 0 4 10 12 13 2 5 
514,2.05555e-06,2.40862e-06,1.90648e-06,50,100,100,415174,3 6 8 7 9 11 14 1 0 4 10 12 13 2 5 
515,2.05708e-06,2.40862e-06,1.92424e-06,50,100,100,415174,3 6 8 7 9 11 14 1 0 4 10 12 13 2 5 
516,2.05657e-06,2.40862e-06,1.89434e-06,50,100,100,415174,3 6 8 7 9 11 14 1 0 4 10 12 13 2 5 
517,2.05763e-06,2.42447e-06,1.86459e-06,50,100,100,412460,14 6 8 7 9 11 3 1 0 4 10 12 13 2 5 
518,2.06244e-06,2.42447e-06,1.90009e-06,50,100,100,412460,14 6 8 7 9 11 3 1 0 4 10 12 13 2 5 
519,2.06879e-06,2.42447e-06,1.92753e-06,50,100,100,412460,14 6 8 7 9 11 3 1 0 4 10 12 13 2 5 
520,2.07074e-06,2.42513e-06,1.93975e-06,50,100,100,412348,14 6 10 7 9 11 3 1 0 4 8 12 13 2 5 
521,2.05927e-06,2.42513e-06,1.90938e-06,50,100,100,412348,14 6 10 7 9 11 3 1 0 4 8 12 13 2 5 
522,2.05085e-06,2.42513e-06,1.93033e-06,50,100,100,412348,14 6 10 7 9 11 3 1 0 4 8 12 13 2 5 
523,2.0711e-06,2.42513e-06,1.91578e-06,50,100,100,412348,14 6 10 7 9 11 3 1 0 4 8 12 13 2 5 
524,2.07653e-06,2.42513e-06,1.90633e-06,50,100,100,412348,14 6 10 7 9 11 3 1 0 4 8 12 13 2 5 
525,2.06635e-06,2.42513e-06,1.89036e-06,50,100,100,412348,14 6 10 7 9 11 3 1 0 4 8 12 13 2 5 
526,2.06979e-06,2.42513e-06,1.91703e-06,50,100,100,412348,14 6 10 7 9 11 3 1 0 4 8 12 13 2 5 
527,2.05069e-06,2.42513e-06,1.88658e-06,50,100,100,412348,14 6 10 7 9 11 3 1 0 4 8 12 13 2 5 
528,2.05693e-06,2.42513e-06,1.89273e-06,50,100,100,412348,14 6 10 7 9 11 3 1 0 4 8 12 13 2 5 
529,2.066e-06,2.42513e-06,1.92715e-06,50,100,100,412348,14 6 10 7 9 11 3 1 0 4 8 12 13 2 5 
530,2.08229e-06,2.42513e-06,1.90939e-06,50,100,100,412348,14 6 10 7 9 11 3 1 0 4 8 12 13 2 5 
531,2.07246e-06,2.42513e-06,1.91258e-06,50,100,100,412348,14 6 10 7 9 11 3 1 0 4 8 12 13 2 5 
532,2.06454e-06,2.42513e-06,1.9e-06,50,100,100,412348,14 6 10 7 9 11 3 1 0 4 8 12 13 2 5 
533,2.05801e-06,2.42513e-06,1.92689e-06,50,100,100,412348,14 6 10 7 9 11 3 1 0 4 8 12 13 2 5 
534,2.06516e-06,2.42513e-06,1.93458e-06,50,100,100,412348,14 6 10 7 9 11 3 1 0 4 8 12 13 2 5 
535,2.06904e-06,2.42513e-06,1.88519e-06,50,100,100,412348,14 6 10 7 9 11 3 1 0 4 8 12 13 2 5 
536,2.06955e-06,2.42513e-06,1.91791e-06,50,100,100,412348,14 6 10 7 9 11 3 1 0 4 8 12 13 2 5 
537,2.05752e-06,2.42513e-06,1.92595e-06,50,100,100,412348,14 6 10 7 9 11 3 1 0 4 8 12 13 2 5 
538,2.05807e-06,2.42513e-06,1.88489e-06,50,100,100,412348,14 6 10 7 9 11 3 1 0 4 8 12 13 2 5 
539,2.06591e-06,2.42513e-06,1.86528e-06,50,100,100,412348,14 6 10 7 9 11 3 1 0 4 8 12 13 2 5 
540,2.06182e-06,2.42513e-06,1.89632e-06,50,100,100,412348,14 6 10 7 9 11 3 1 0 4 8 12 13 2 5 
541,2.06505e-06,2.42513e-06,1.93411e-06,50,100,100,412348,14 6 10 7 9 11 3 1 0 4 8 12 13 2 5 
542,2.05271e-06,2.42513e-06,1.87336e-06,50,100,100,412348,14 6 10 7 9 11 3 1 0 4 8 12 13 2 5 
543,2.06546e-06,2.42513e-06,1.9186e-06,50,100,100,412348,14 6 10 7 9 11 3 1 0 4 8 12 13 2 5 
544,2.05184e-06,2.42513e-06,1.86269e-06,50,100,100,412348,14 6 10 7 9 11 3 1 0 4 8 12 13 2 5 
545,2.06141e-06,2.42513e-06,1.90197e-06,50,100,100,412348,14 6 10 7 9 11 3 1 0 4 8 12 13 2 5 
546,2.0662e-06,2.42513e-06,1.95748e-06,50,100,100,412348,14 6 10 7 9 11 3 1 0 4 8 12 13 2 5 
547,2.05676e-06,2.42513e-06,1.89179e-06,50,100,100,412348,14 6 10 7 9 11 3 1 0 4 8 12 13 2 5 
548,2.07222e-06,2.42513e-06,1.90387e-06,50,100,100,412348,14 6 10 7 9 11 3 1 0 4 8 12 13 2 5 
549,2.06908e-06,2.42513e-06,1.92047e-06,50,100,100,412348,14 6 10 7 9 11 3 1 0 4 8 12 13 2 5 
550,2.06192e-06,2.42513e-06,1.92366e-06,50,100,100,412348,14 6 10 7 9 11 3 1 0 4 8 12 13 2 5 
551,2.06011e-06,2.42513e-06,1.90538e-06,50,100,100,412348,14 6 10 7 9 11 3 1 0 4 8 12 13 2 5 
552,2.05186e-06,2.42513e-06,1.92222e-06,50,100,100,412348,14 6 10 7 9 11 3 1 0 4 8 12 13 2 5 
553,2.05951e-06,2.42513e-06,1.92198e-06,50,100,100,412348,14 6 10 7 9 11 3 1 0 4 8 12 13 2 5 
554,2.05977e-06,2.42513e-06,1.90756e-06,50,100,100,412348,14 6 10 7 9 11 3 1 0 4 8 12 13 2 5 
555,2.06726e-06,2.42513e-06,1.92257e-06,50,100,100,412348,14 6 10 7 9 11 3 1 0 4 8 12 13 2 5 
556,2.06324e-06,2.42513e-06,1.92197e-06,50,100,100,412348,14 6 10 7 9 11 3 1 0 4 8 12 13 2 5 
557,2.06251e-06,2.42513e-06,1.94794e-06,50,100,100,412348,14 6 10 7 9 11 3 1 0 4 8 12 13 2 5 
558,2.06373e-06,2.42513e-06,1.89333e-06,50,100,100,412348,14 6 10 7 9 11 3 1 0 4 8 12 13 2 5 
559,2.04667e-06,2.42513e-06,1.88661e-06,50,100,100,412348,14 6 10 7 9 11 3 1 0 4 8 12 13 2 5 
560,2.06453e-06,2.42513e-06,1.90844e-06,50,100,100,412348,14 6 10 7 9 11 3 1 0 4 8 12 13 2 5 
561,2.05996e-06,2.42513e-06,1.91809e-06,50,100,100,412348,14 6 10 7 9 11 3 1 0 4 8 12 13 2 5 
562,2.07277e-06,2.42513e-06,1.91898e-06,50,100,100,412348,14 6 10 7 9 11 3 1 0 4 8 12 13 2 5 
563,2.06244e-06,2.42513e-06,1.93313e-06,50,100,100,412348,14 6 10 7 9 11 3 1 0 4 8 12 13 2 5 
564,2.04267e-06,2.42513e-06,1.90728e-06,50,100,100,412348,14 6 10 7 9 11 3 1 0 4 8 12 13 2 5 
565,2.04702e-06,2.42513e-06,1.89222e-06,50,100,100,412348,14 6 10 7 9 11 3 1 0 4 8 12 13 2 5 
566,2.05039e-06,2.42513e-06,1.87699e-06,50,100,100,412348,14 6 10 7 9 11 3 1 0 4 8 12 13 2 5 
567,2.0508e-06,2.42513e-06,1.92458e-06,50,100,100,412348,14 6 10 7 9 11 3 1 0 4 8 12 13 2 5 
568,2.05029e-06,2.42513e-06,1.92312e-06,50,100,100,412348,14 6 10 7 9 11 3 1 0 4 8 12 13 2 5 
569,2.0448e-06,2.42513e-06,1.9148e-06,50,100,100,412348,14 6 10 7 9 11 3 1 0 4 8 12 13 2 5 
570,2.0636e-06,2.42513e-06,1.91426e-06,50,100,100,412348,14 6 10 7 9 11 3 1 0 4 8 12 13 2 5 
571,2.06806e-06,2.42513e-06,1.93174e-06,50,100,100,412348,14 6 10 7 9 11 3 1 0 4 8 12 13 2 5 
572,2.06874e-06,2.42513e-06,1.87609e-06,50,100,100,412348,14 6 10 7 9 11 3 1 0 4 8 12 13 2 5 
573,2.05643e-06,2.42513e-06,1.90146e-06,50,100,100,412348,14 6 10 7 9 11 3 1 0 4 8 12 13 2 5 
574,2.05041e-06,2.42513e-06,1.8941e-06,50,100,100,412348,14 6 10 7 9 11 3 1 0 4 8 12 13 2 5 
575,2.07826e-06,2.42513e-06,1.91653e-06,50,100,100,412348,14 6 10 7 9 11 3 1 0 4 8 12 13 2 5 
576,2.06817e-06,2.42513e-06,1.91442e-06,50,100,100,412348,14 6 10 7 9 11 3 1 0 4 8 12 13 2 5 
577,2.06839e-06,2.42513e-06,1.90776e-06,50,100,100,412348,14 6 10 7 9 11 3 1 0 4 8 12 13 2 5 
578,2.06008e-06,2.42513e-06,1.91553e-06,50,100,100,412348,14 6 10 7 9 11 3 1 0 4 8 12 13 2 5 
579,2.05701e-06,2.42513e-06,1.87783e-06,50,100,100,412348,14 6 10 7 9 11 3 1 0 4 8 12 13 2 5 
580,2.05749e-06,2.42513e-06,1.88881e-06,50,100,100,412348,14 6 10 7 9 11 3 1 0 4 8 12 13 2 5 
581,2.05704e-06,2.42513e-06,1.90911e-06,50,100,100,412348,14 6 10 7 9 11 3 1 0 4 8 12 13 2 5 
582,2.05487e-06,2.42513e-06,1.88964e-06,50,100,100,412348,14 6 10 7 9 11 3 1 0 4 8 12 13 2 5 
583,2.05183e-06,2.42513e-06,1.90795e-06,50,100,100,412348,14 6 10 7 9 11 3 1 0 4 8 12 13 2 5 
584,2.06015e-06,2.42513e-06,1.87692e-06,50,100,100,412348,14 6 10 7 9 11 3 1 0 4 8 12 13 2 5 
585,2.05045e-06,2.42513e-06,1.91203e-06,50,100,100,412348,14 6 10 7 9 11 3 1 0 4 8 12 13 2 5 
586,2.0551e-06,2.42513e-06,1.89844e-06,50,100,100,412348,14 6 10 7 9 11 3 1 0 4 8 12 13 2 5 
587,2.06539e-06,2.42513e-06,1.91852e-06,50,100,100,412348,14 6 10 7 9 11 3 1 0 4 8 12 13 2 5 
588,2.07008e-06,2.42513e-06,1.90895e-06,50,100,100,412348,14 6 10 7 9 11 3 1 0 4 8 12 13 2 5 
589,2.06906e-06,2.42513e-06,1.93019e-06,50,100,100,412348,14 6 10 7 9 11 3 1 0 4 8 12 13 2 5 
590,2.07478e-06,2.42513e-06,1.93118e-06,50,100,100,412348,14 6 10 7 9 11 3 1 0 4 8 12 13 2 5 
591,2.06067e-06,2.42513e-06,1.90345e-06,50,100,100,412348,14 6 10 7 9 11 3 1 0 4 8 12 13 2 5 
592,2.0625e-06,2.42513e-06,1.92005e-06,50,100,100,412348,14 6 10 7 9 11 3 1 0 4 8 12 13 2 5 
593,2.06049e-06,2.42513e-06,1.91263e-06,50,100,100,412348,14 6 10 7 9 11 3 1 0 4 8 12 13 2 5 
594,2.06175e-06,2.42513e-06,1.93471e-06,50,100,100,412348,14 6 10 7 9 11 3 1 0 4 8 12 13 2 5 
595,2.05377e-06,2.42513e-06,1.89851e-06,50,100,100,412348,14 6 10 7 9 11 3 1 0 4 8 12 13 2 5 
596,2.07065e-06,2.42513e-06,1.94903e-06,50,100,100,412348,14 6 10 7 9 11 3 1 0 4 8 12 13 2 5 
597,2.05641e-06,2.42513e-06,1.92361e-06,50,100,100,412348,14 6 10 7 9 11 3 1 0 4 8 12 13 2 5 
598,2.06146e-06,2.42513e-06,1.94433e-06,50,100,100,412348,14 6 10 7 9 11 3 1 0 4 8 12 13 2 5 
599,2.06663e-06,2.42513e-06,1.93148e-06,50,100,100,412348,14 6 10 7 9 11 3 1 0 4 8 12 13 2 5 
600,2.06588e-06,2.42513e-06,1.91531e-06,50,100,100,412348,14 6 10 7 9 11 3 1 0 4 8 12 13 2 5 
601,2.05928e-06,2.42513e-06,1.93497e-06,50,100,100,412348,14 6 10 7 9 11 3 1 0 4 8 12 13 2 5 
602,2.05685e-06,2.42513e-06,1.92398e-06,50,100,100,412348,14 6 10 7 9 11 3 1 0 4 8 12 13 2 5 
603,2.05515e-06,2.42513e-06,1.89037e-06,50,100,100,412348,14 6 10 7 9 11 3 1 0 4 8 12 13 2 5 
604,2.05746e-06,2.42513e-06,1.88132e-06,50,100,100,412348,14 6 10 7 9 11 3 1 0 4 8 12 13 2 5 
605,2.06574e-06,2.42513e-06,1.92418e-06,50,100,100,412348,14 6 10 7 9 11 3 1 0 4 8 12 13 2 5 
606,2.05884e-06,2.42513e-06,1.89655e-06,50,100,100,412348,14 6 10 7 9 11 3 1 0 4 8 12 13 2 5 
607,2.06955e-06,2.42513e-06,1.90006e-06,50,100,100,412348,14 6 10 7 9 11 3 1 0 4 8 12 13 2 5 
608,2.06281e-06,2.42513e-06,1.92511e-06,50,100,100,412348,14 6 10 7 9 11 3 1 0 4 8 12 13 2 5 
609,2.061e-06,2.42513e-06,1.89497e-06,50,100,100,412348,14 6 10 7 9 11 3 1 0 4 8 12 13 2 5 
610,2.0624e-06,2.42513e-06,1.91074e-06,50,100,100,412348,14 6 10 7 9 11 3 1 0 4 8 12 13 2 5 
611,2.0679e-06,2.42513e-06,1.9381e-06,50,100,100,412348,14 6 10 7 9 11 3 1 0 4 8 12 13 2 5 
612,2.06348e-06,2.42513e-06,1.90248e-06,50,100,100,412348,14 6 10 7 9 11 3 1 0 4 8 12 13 2 5 
613,2.06175e-06,2.42513e-06,1.90162e-06,50,100,100,412348,14 6 10 7 9 11 3 1 0 4 8 12 13 2 5 
614,2.04676e-06,2.42513e-06,1.85748e-06,50,100,100,412348,14 6 10 7 9 11 3 1 0 4 8 12 13 2 5 
615,2.05602e-06,2.42513e-06,1.902e-06,50,100,100,412348,14 6 10 7 9 11 3 1 0 4 8 12 13 2 5 
616,2.0477e-06,2.42513e-06,1.89445e-06,50,100,100,412348,14 6 10 7 9 11 3 1 0 4 8 12 13 2 5 
617,2.05329e-06,2.42513e-06,1.91974e-06,50,100,100,412348,14 6 10 7 9 11 3 1 0 4 8 12 13 2 5 
618,2.06231e-06,2.42513e-06,1.92501e-06,50,100,100,412348,14 6 10 7 9 11 3 1 0 4 8 12 13 2 5 
619,2.06171e-06,2.42513e-06,1.915e-06,50,100,100,412348,14 6 10 7 9 11 3 1 0 4 8 12 13 2 5 
620,2.04849e-06,2.42513e-06,1.9098e-06,50,100,100,412348,14 6 10 7 9 11 3 1 0 4 8 12 13 2 5 
621,2.05742e-06,2.42513e-06,1.91551e-06,50,100,100,412348,14 6 10 7 9 11 3 1 0 4 8 12 13 2 5 
622,2.05603e-06,2.42513e-06,1.85893e-06,50,100,100,412348,14 6 10 7 9 11 3 1 0 4 8 12 13 2 5 
623,2.05489e-06,2.42513e-06,1.89272e-06,50,100,100,412348,14 6 10 7 9 11 3 1 0 4 8 12 13 2 5 
624,2.06013e-06,2.42513e-06,1.90156e-06,50,100,100,412348,14 6 10 7 9 11 3 1 0 4 8 12 13 2 5 
625,2.05213e-06,2.42513e-06,1.91427e-06,50,100,100,412348,14 6 10 7 9 11 3 1 0 4 8 12 13 2 5 
626,2.06322e-06,2.42513e-06,1.89447e-06,50,100,100,412348,14 6 10 7 9 11 3 1 0 4 8 12 13 2 5 
627,2.07258e-06,2.42513e-06,1.93924e-06,50,100,100,412348,14 6 10 7 9 11 3 1 0 4 8 12 13 2 5 
628,2.05512e-06,2.42513e-06,1.91007e-06,50,100,100,412348,14 6 10 7 9 11 3 1 0 4 8 12 13 2 5 
629,2.0718e-06,2.42513e-06,1.91411e-06,50,100,100,412348,14 6 10 7 9 11 3 1 0 4 8 12 13 2 5 
630,2.06735e-06,2.42513e-06,1.91019e-06,50,100,100,412348,14 6 10 7 9 11 3 1 0 4 8 12 13 2 5 
631,2.07268e-06,2.42513e-06,1.91517e-06,50,100,100,412348,14 6 10 7 9 11 3 1 0 4 8 12 13 2 5 
632,2.06509e-06,2.42513e-06,1.87486e-06,50,100,100,412348,14 6 10 7 9 11 3 1 0 4 8 12 13 2 5 
633,2.05354e-06,2.42513e-06,1.90822e-06,50,100,100,412348,14 6 10 7 9 11 3 1 0 4 8 12 13 2 5 
634,2.0624e-06,2.42513e-06,1.91437e-06,50,100,100,412348,14 6 10 7 9 11 3 1 0 4 8 12 13 2 5 
635,2.07682e-06,2.42513e-06,1.90028e-06,50,100,100,412348,14 6 10 7 9 11 3 1 0 4 8 12 13 2 5 
636,2.06575e-06,2.42513e-06,1.90074e-06,50,100,100,412348,14 6 10 7 9 11 3 1 0 4 8 12 13 2 5 
637,2.07336e-06,2.42513e-06,1.92472e-06,50,100,100,412348,14 6 10 7 9 11 3 1 0 4 8 12 13 2 5 
638,2.06788e-06,2.42513e-06,1.94269e-06,50,100,100,412348,14 6 10 7 9 11 3 1 0 4 8 12 13 2 5 
639,2.07711e-06,2.42513e-06,1.93081e-06,50,100,100,412348,14 6 10 7 9 11 3 1 0 4 8 12 13 2 5 
640,2.06127e-06,2.42513e-06,1.87996e-06,50,100,100,412348,14 6 10 7 9 11 3 1 0 4 8 12 13 2 5 
641,2.06941e-06,2.42513e-06,1.91901e-06,50,100,100,412348,14 6 10 7 9 11 3 1 0 4 8 12 13 2 5 
642,2.06633e-06,2.42513e-06,1.92154e-06,50,100,100,412348,14 6 10 7 9 11 3 1 0 4 8 12 13 2 5 
643,2.06501e-06,2.42513e-06,1.91923e-06,50,100,100,412348,14 6 10 7 9 11 3 1 0 4 8 12 13 2 5 
644,2.06051e-06,2.42513e-06,1.90631e-06,50,100,100,412348,14 6 10 7 9 11 3 1 0 4 8 12 13 2 5 
645,2.05441e-06,2.42513e-06,1.86426e-06,50,100,100,412348,14 6 10 7 9 11 3 1 0 4 8 12 13 2 5 
646,2.06656e-06,2.42513e-06,1.91326e-06,50,100,100,412348,14 6 10 7 9 11 3 1 0 4 8 12 13 2 5 
647,2.05465e-06,2.42513e-06,1.89591e-06,50,100,100,412348,14 6 10 7 9 11 3 1 0 4 8 12 13 2 5 
648,2.05012e-06,2.42513e-06,1.86897e-06,50,100,100,412348,14 6 10 7 9 11 3 1 0 4 8 12 13 2 5 
649,2.04716e-06,2.42513e-06,1.8739e-06,50,100,100,412348,14 6 10 7 9 11 3 1 0 4 8 12 13 2 5 
650,2.04667e-06,2.42513e-06,1.92415e-06,50,100,100,412348,14 6 10 7 9 11 3 1 0 4 8 12 13 2 5 
651,2.06195e-06,2.42513e-06,1.92185e-06,50,100,100,412348,14 6 10 7 9 11 3 1 0 4 8 12 13 2 5 
652,2.06179e-06,2.42513e-06,1.94766e-06,50,100,100,412348,14 6 10 7 9 11 3 1 0 4 8 12 13 2 5 
653,2.06787e-06,2.42513e-06,1.92089e-06,50,100,100,412348,14 6 10 7 9 11 3 1 0 4 8 12 13 2 5 
654,2.07455e-06,2.42513e-06,1.92831e-06,50,100,100,412348,14 6 10 7 9 11 3 1 0 4 8 12 13 2 5 
655,2.04476e-06,2.42513e-06,1.91706e-06,50,100,100,412348,14 6 10 7 9 11 3 1 0 4 8 12 13 2 5 
656,2.05294e-06,2.42513e-06,1.9234e-06,50,100,100,412348,14 6 10 7 9 11 3 1 0 4 8 12 13 2 5 
657,2.04911e-06,2.42513e-06,1.91931e-06,50,100,100,412348,14 6 10 7 9 11 3 1 0 4 8 12 13 2 5 
658,2.05081e-06,2.42513e-06,1.88079e-06,50,100,100,412348,14 6 10 7 9 11 3 1 0 4 8 12 13 2 5 
659,2.0469e-06,2.42513e-06,1.88568e-06,50,100,100,412348,14 6 10 7 9 11 3 1 0 4 8 12 13 2 5 
660,2.05003e-06,2.42513e-06,1.89509e-06,50,100,100,412348,14 6 10 7 9 11 3 1 0 4 8 12 13 2 5 
661,2.05601e-06,2.42513e-06,1.92321e-06,50,100,100,412348,14 6 10 7 9 11 3 1 0 4 8 12 13 2 5 
662,2.0584e-06,2.42513e-06,1.89713e-06,50,100,100,412348,14 6 10 7 9 11 3 1 0 4 8 12 13 2 5 
663,2.0556e-06,2.42513e-06,1.93634e-06,50,100,100,412348,14 6 10 7 9 11 3 1 0 4 8 12 13 2 5 
664,2.06112e-06,2.42513e-06,1.90678e-06,50,100,100,412348,14 6 10 7 9 11 3 1 0 4 8 12 13 2 5 
665,2.05392e-06,2.42513e-06,1.90604e-06,50,100,100,412348,14 6 10 7 9 11 3 1 0 4 8 12 13 2 5 
666,2.05288e-06,2.42513e-06,1.88524e-06,50,100,100,412348,14 6 10 7 9 11 3 1 0 4 8 12 13 2 5 
667,2.05009e-06,2.42513e-06,1.91445e-06,50,100,100,412348,14 6 10 7 9 11 3 1 0 4 8 12 13 2 5 
668,2.05605e-06,2.42513e-06,1.89299e-06,50,100,100,412348,14 6 10 7 9 11 3 1 0 4 8 12 13 2 5 
669,2.0612e-06,2.42513e-06,1.93041e-06,50,100,100,412348,14 6 10 7 9 11 3 1 0 4 8 12 13 2 5 
670,2.07196e-06,2.42513e-06,1.92643e-06,50,100,100,412348,14 6 10 7 9 11 3 1 0 4 8 12 13 2 5 
671,2.05828e-06,2.42513e-06,1.90952e-06,50,100,100,412348,14 6 10 7 9 11 3 1 0 4 8 12 13 2 5 
672,2.06679e-06,2.42513e-06,1.90347e-06,50,100,100,412348,14 6 10 7 9 11 3 1 0 4 8 12 13 2 5 
673,2.0606e-06,2.42513e-06,1.90185e-06,50,100,100,412348,14 6 10 7 9 11 3 1 0 4 8 12 13 2 5 
674,2.06904e-06,2.42513e-06,1.93869e-06,50,100,100,412348,14 6 10 7 9 11 3 1 0 4 8 12 13 2 5 
675,2.0646e-06,2.42513e-06,1.91203e-06,50,100,100,412348,14 6 10 7 9 11 3 1 0 4 8 12 13 2 5 
676,2.05884e-06,2.42513e-06,1.92173e-06,50,100,100,412348,14 6 10 7 9 11 3 1 0 4 8 12 13 2 5 
677,2.06941e-06,2.42513e-06,1.93894e-06,50,100,100,412348,14 6 10 7 9 11 3 1 0 4 8 12 13 2 5 
678,2.06296e-06,2.42513e-06,1.92566e-06,50,100,100,412348,14 6 10 7 9 11 3 1 0 4 8 12 13 2 5 
679,2.05462e-06,2.42513e-06,1.87013e-06,50,100,100,412348,14 6 10 7 9 11 3 1 0 4 8 12 13 2 5 
680,2.05978e-06,2.42513e-06,1.9187e-06,50,100,100,412348,14 6 10 7 9 11 3 1 0 4 8 12 13 2 5 
681,2.05874e-06,2.42513e-06,1.94208e-06,50,100,100,412348,14 6 10 7 9 11 3 1 0 4 8 12 13 2 5 
682,2.05309e-06,2.42513e-06,1.88534e-06,50,100,100,412348,14 6 10 7 9 11 3 1 0 4 8 12 13 2 5 
683,2.04914e-06,2.42513e-06,1.90198e-06,50,100,100,412348,14 6 10 7 9 11 3 1 0 4 8 12 13 2 5 
684,2.05787e-06,2.42513e-06,1.87854e-06,50,100,100,412348,14 6 10 7 9 11 3 1 0 4 8 12 13 2 5 
685,2.06446e-06,2.43038e-06,1.92039e-06,50,100,100,411458,14 6 10 7 9 11 3 1 0 4 12 8 13 2 5 
686,2.07185e-06,2.43038e-06,1.94906e-06,50,100,100,411458,14 6 10 7 9 11 3 1 0 4 12 8 13 2 5 
687,2.07115e-06,2.43038e-06,1.89877e-06,50,100,100,411458,14 6 10 7 9 11 3 1 0 4 12 8 13 2 5 
688,2.06437e-06,2.43038e-06,1.91477e-06,50,100,100,411458,14 6 10 7 9 11 3 1 0 4 12 8 13 2 5 
689,2.05044e-06,2.43038e-06,1.91031e-06,50,100,100,411458,14 6 10 7 9 11 3 1 0 4 12 8 13 2 5 
690,2.06895e-06,2.43038e-06,1.90037e-06,50,100,100,411458,14 6 10 7 9 11 3 1 0 4 12 8 13 2 5 
691,2.06588e-06,2.43038e-06,1.92283e-06,50,100,100,411458,14 6 10 7 9 11 3 1 0 4 12 8 13 2 5 
692,2.07638e-06,2.43038e-06,1.88883e-06,50,100,100,411458,14 6 10 7 9 11 3 1 0 4 12 8 13 2 5 
693,2.06887e-06,2.43038e-06,1.90279e-06,50,100,100,411458,14 6 10 7 9 11 3 1 0 4 12 8 13 2 5 
694,2.05878e-06,2.43038e-06,1.91877e-06,50,100,100,411458,14 6 10 7 9 11 3 1 0 4 12 8 13 2 5 
695,2.05495e-06,2.43038e-06,1.88791e-06,50,100,100,411458,14 6 10 7 9 11 3 1 0 4 12 8 13 2 5 
696,2.05785e-06,2.43038e-06,1.88559e-06,50,100,100,411458,14 6 10 7 9 11 3 1 0 4 12 8 13 2 5 
697,2.06008e-06,2.43038e-06,1.91884e-06,50,100,100,411458,14 6 10 7 9 11 3 1 0 4 12 8 13 2 5 
698,2.06152e-06,2.43038e-06,1.93387e-06,50,100,100,411458,14 6 10 7 9 11 3 1 0 4 12 8 13 2 5 
699,2.06218e-06,2.43038e-06,1.87506e-06,50,100,100,411458,14 6 10 7 9 11 3 1 0 4 12 8 13 2 5 
700,2.06344e-06,2.43038e-06,1.91126e-06,50,100,100,411458,14 6 10 7 9 11 3 1 0 4 12 8 13 2 5 
701,2.07396e-06,2.43038e-06,1.9205e-06,50,100,100,411458,14 6 10 7 9 11 3 1 0 4 12 8 13 2 5 
702,2.06075e-06,2.43038e-06,1.91889e-06,50,100,100,411458,14 6 10 7 9 11 3 1 0 4 12 8 13 2 5 
703,2.07297e-06,2.43038e-06,1.89853e-06,50,100,100,411458,14 6 10 7 9 11 3 1 0 4 12 8 13 2 5 
704,2.06875e-06,2.43038e-06,1.92984e-06,50,100,100,411458,14 6 10 7 9 11 3 1 0 4 12 8 13 2 5 
705,2.0651e-06,2.43038e-06,1.90309e-06,50,100,100,411458,14 6 10 7 9 11 3 1 0 4 12 8 13 2 5 
706,2.04965e-06,2.43038e-06,1.9048e-06,50,100,100,411458,14 6 10 7 9 11 3 1 0 4 12 8 13 2 5 
707,2.06251e-06,2.43038e-06,1.91402e-06,50,100,100,411458,14 6 10 7 9 11 3 1 0 4 12 8 13 2 5 
708,2.0636e-06,2.43038e-06,1.94625e-06,50,100,100,411458,14 6 10 7 9 11 3 1 0 4 12 8 13 2 5 
709,2.06131e-06,2.43038e-06,1.9143e-06,50,100,100,411458,14 6 10 7 9 11 3 1 0 4 12 8 13 2 5 
710,2.06441e-06,2.43038e-06,1.92378e-06,50,100,100,411458,14 6 10 7 9 11 3 1 0 4 12 8 13 2 5 
711,2.06687e-06,2.43038e-06,1.90859e-06,50,100,100,411458,14 6 10 7 9 11 3 1 0 4 12 8 13 2 5 
712,2.06238e-06,2.43038e-06,1.91178e-06,50,100,100,411458,14 6 10 7 9 11 3 1 0 4 12 8 13 2 5 
713,2.06277e-06,2.43038e-06,1.92714e-06,50,100,100,411458,14 6 10 7 9 11 3 1 0 4 12 8 13 2 5 
714,2.06091e-06,2.43038e-06,1.92228e-06,50,100,100,411458,14 6 10 7 9 11 3 1 0 4 12 8 13 2 5 
715,2.06939e-06,2.43038e-06,1.92495e-06,50,100,100,411458,14 6 10 7 9 11 3 1 0 4 12 8 13 2 5 
716,2.06679e-06,2.43038e-06,1.8979e-06,50,100,100,411458,14 6 10 7 9 11 3 1 0 4 12 8 13 2 5 
717,2.06093e-06,2.43038e-06,1.92432e-06,50,100,100,411458,14 6 10 7 9 11 3 1 0 4 12 8 13 2 5 
718,2.06784e-06,2.43038e-06,1.91996e-06,50,100,100,411458,14 6 10 7 9 11 3 1 0 4 12 8 13 2 5 
719,2.06426e-06,2.43038e-06,1.92376e-06,50,100,100,411458,14 6 10 7 9 11 3 1 0 4 12 8 13 2 5 
720,2.06291e-06,2.43038e-06,1.91569e-06,50,100,100,411458,14 6 10 7 9 11 3 1 0 4 12 8 13 2 5 
721,2.05657e-06,2.43038e-06,1.89837e-06,50,100,100,411458,14 6 10 7 9 11 3 1 0 4 12 8 13 2 5 
722,2.06767e-06,2.43038e-06,1.89649e-06,50,100,100,411458,14 6 10 7 9 11 3 1 0 4 12 8 13 2 5 
723,2.05348e-06,2.43038e-06,1.91017e-06,50,100,100,411458,14 6 10 7 9 11 3 1 0 4 12 8 13 2 5 
724,2.06032e-06,2.43038e-06,1.94563e-06,50,100,100,411458,14 6 10 7 9 11 3 1 0 4 12 8 13 2 5 
725,2.05339e-06,2.43038e-06,1.91613e-06,50,100,100,411458,14 6 10 7 9 11 3 1 0 4 12 8 13 2 5 
726,2.06682e-06,2.43038e-06,1.91634e-06,50,100,100,411458,14 6 10 7 9 11 3 1 0 4 12 8 13 2 5 
727,2.06146e-06,2.43038e-06,1.93893e-06,50,100,100,411458,14 6 10 7 9 11 3 1 0 4 12 8 13 2 5 
728,2.07237e-06,2.43038e-06,1.94467e-06,50,100,100,411458,14 6 10 7 9 11 3 1 0 4 12 8 13 2 5 
729,2.06032e-06,2.43038e-06,1.87062e-06,50,100,100,411458,14 6 10 7 9 11 3 1 0 4 12 8 13 2 5 
730,2.07355e-06,2.43038e-06,1.89503e-06,50,100,100,411458,14 6 10 7 9 11 3 1 0 4 12 8 13 2 5 
731,2.06529e-06,2.43038e-06,1.9611e-06,50,100,100,411458,14 6 10 7 9 11 3 1 0 4 12 8 13 2 5 
732,2.06326e-06,2.43038e-06,1.92841e-06,50,100,100,411458,14 6 10 7 9 11 3 1 0 4 12 8 13 2 5 
733,2.06884e-06,2.43038e-06,1.92575e-06,50,100,100,411458,14 6 10 7 9 11 3 1 0 4 12 8 13 2 5 
734,2.05477e-06,2.43038e-06,1.92083e-06,50,100,100,411458,14 6 10 7 9 11 3 1 0 4 12 8 13 2 5 
735,2.05028e-06,2.43038e-06,1.90443e-06,50,100,100,411458,14 6 10 7 9 11 3 1 0 4 12 8 13 2 5 
736,2.05514e-06,2.43038e-06,1.90074e-06,50,100,100,411458,14 6 10 7 9 11 3 1 0 4 12 8 13 2 5 
737,2.06999e-06,2.43038e-06,1.92328e-06,50,100,100,411458,14 6 10 7 9 11 3 1 0 4 12 8 13 2 5 
738,2.06501e-06,2.43038e-06,1.92242e-06,50,100,100,411458,14 6 10 7 9 11 3 1 0 4 12 8 13 2 5 
739,2.0558e-06,2.43038e-06,1.88902e-06,50,100,100,411458,14 6 10 7 9 11 3 1 0 4 12 8 13 2 5 
740,2.04924e-06,2.43038e-06,1.85213e-06,50,100,100,411458,14 6 10 7 9 11 3 1 0 4 12 8 13 2 5 
741,2.05791e-06,2.43038e-06,1.9221e-06,50,100,100,411458,14 6 10 7 9 11 3 1 0 4 12 8 13 2 5 
742,2.06331e-06,2.43038e-06,1.91195e-06,50,100,100,411458,14 6 10 7 9 11 3 1 0 4 12 8 13 2 5 
743,2.05064e-06,2.43038e-06,1.89953e-06,50,100,100,411458,14 6 10 7 9 11 3 1 0 4 12 8 13 2 5 
744,2.06058e-06,2.43038e-06,1.92578e-06,50,100,100,411458,14 6 10 7 9 11 3 1 0 4 12 8 13 2 5 
745,2.04831e-06,2.43038e-06,1.85947e-06,50,100,100,411458,14 6 10 7 9 11 3 1 0 4 12 8 13 2 5 
746,2.06007e-06,2.43038e-06,1.91653e-06,50,100,100,411458,14 6 10 7 9 11 3 1 0 4 12 8 13 2 5 
747,2.06682e-06,2.43038e-06,1.90733e-06,50,100,100,411458,14 6 10 7 9 11 3 1 0 4 12 8 13 2 5 
748,2.05503e-06,2.43038e-06,1.86992e-06,50,100,100,411458,14 6 10 7 9 11 3 1 0 4 12 8 13 2 5 
749,2.06952e-06,2.43038e-06,1.93321e-06,50,100,100,411458,14 6 10 7 9 11 3 1 0 4 12 8 13 2 5 
750,2.06358e-06,2.43038e-06,1.89377e-06,50,100,100,411458,14 6 10 7 9 11 3 1 0 4 12 8 13 2 5 
751,2.06574e-06,2.43038e-06,1.9001e-06,50,100,100,411458,14 6 10 7 9 11 3 1 0 4 12 8 13 2 5 
752,2.06546e-06,2.43038e-06,1.88807e-06,50,100,100,411458,14 6 10 7 9 11 3 1 0 4 12 8 13 2 5 
753,2.06448e-06,2.43038e-06,1.89455e-06,50,100,100,411458,14 6 10 7 9 11 3 1 0 4 12 8 13 2 5 
754,2.06486e-06,2.43038e-06,1.89685e-06,50,100,100,411458,14 6 10 7 9 11 3 1 0 4 12 8 13 2 5 
755,2.06863e-06,2.43038e-06,1.91759e-06,50,100,100,411458,14 6 10 7 9 11 3 1 0 4 12 8 13 2 5 
756,2.06278e-06,2.43038e-06,1.87607e-06,50,100,100,411458,14 6 10 7 9 11 3 1 0 4 12 8 13 2 5 
757,2.05416e-06,2.43038e-06,1.91859e-06,50,100,100,411458,14 6 10 7 9 11 3 1 0 4 12 8 13 2 5 
758,2.06575e-06,2.43038e-06,1.91951e-06,50,100,100,411458,14 6 10 7 9 11 3 1 0 4 12 8 13 2 5 
759,2.06277e-06,2.43038e-06,1.90091e-06,50,100,100,411458,14 6 10 7 9 11 3 1 0 4 12 8 13 2 5 
760,2.05719e-06,2.43038e-06,1.89593e-06,50,100,100,411458,14 6 10 7 9 11 3 1 0 4 12 8 13 2 5 
761,2.06374e-06,2.43038e-06,1.92931e-06,50,100,100,411458,14 6 10 7 9 11 3 1 0 4 12 8 13 2 5 
762,2.06215e-06,2.43038e-06,1.90812e-06,50,100,100,411458,14 6 10 7 9 11 3 1 0 4 12 8 13 2 5 
763,2.0575e-06,2.43038e-06,1.92302e-06,50,100,100,411458,14 6 10 7 9 11 3 1 0 4 12 8 13 2 5 
764,2.05089e-06,2.43038e-06,1.91359e-06,50,100,100,411458,14 6 10 7 9 11 3 1 0 4 12 8 13 2 5 
765,2.06201e-06,2.43038e-06,1.90756e-06,50,100,100,411458,14 6 10 7 9 11 3 1 0 4 12 8 13 2 5 
766,2.06301e-06,2.43038e-06,1.9183e-06,50,100,100,411458,14 6 10 7 9 11 3 1 0 4 12 8 13 2 5 
767,2.06353e-06,2.43038e-06,1.94245e-06,50,100,100,411458,14 6 10 7 9 11 3 1 0 4 12 8 13 2 5 
768,2.05107e-06,2.43038e-06,1.87778e-06,50,100,100,411458,14 6 10 7 9 11 3 1 0 4 12 8 13 2 5 
769,2.05266e-06,2.43038e-06,1.92135e-06,50,100,100,411458,14 6 10 7 9 11 3 1 0 4 12 8 13 2 5 
770,2.07267e-06,2.43038e-06,1.94088e-06,50,100,100,411458,14 6 10 7 9 11 3 1 0 4 12 8 13 2 5 
771,2.06151e-06,2.43038e-06,1.90512e-06,50,100,100,411458,14 6 10 7 9 11 3 1 0 4 12 8 13 2 5 
772,2.07242e-06,2.43038e-06,1.89281e-06,50,100,100,411458,14 6 10 7 9 11 3 1 0 4 12 8 13 2 5 
773,2.0676e-06,2.43038e-06,1.93073e-06,50,100,100,411458,14 6 10 7 9 11 3 1 0 4 12 8 13 2 5 
774,2.05904e-06,2.43038e-06,1.89399e-06,50,100,100,411458,14 6 10 7 9 11 3 1 0 4 12 8 13 2 5 
775,2.06231e-06,2.43038e-06,1.91766e-06,50,100,100,411458,14 6 10 7 9 11 3 1 0 4 12 8 13 2 5 
776,2.06412e-06,2.43038e-06,1.90284e-06,50,100,100,411458,14 6 10 7 9 11 3 1 0 4 12 8 13 2 5 
777,2.08069e-06,2.43038e-06,1.93873e-06,50,100,100,411458,14 6 10 7 9 11 3 1 0 4 12 8 13 2 5 
778,2.06057e-06,2.43038e-06,1.9265e-06,50,100,100,411458,14 6 10 7 9 11 3 1 0 4 12 8 13 2 5 
779,2.06129e-06,2.43038e-06,1.8949e-06,50,100,100,411458,14 6 10 7 9 11 3 1 0 4 12 8 13 2 5 
780,2.06387e-06,2.43038e-06,1.94299e-06,50,100,100,411458,14 6 10 7 9 11 3 1 0 4 12 8 13 2 5 
781,2.05505e-06,2.43038e-06,1.88554e-06,50,100,100,411458,14 6 10 7 9 11 3 1 0 4 12 8 13 2 5 
782,2.0491e-06,2.43038e-06,1.90716e-06,50,100,100,411458,14 6 10 7 9 11 3 1 0 4 12 8 13 2 5 
783,2.05726e-06,2.43038e-06,1.92444e-06,50,100,100,411458,14 6 10 7 9 11 3 1 0 4 12 8 13 2 5 
784,2.05638e-06,2.43038e-06,1.93857e-06,50,100,100,411458,14 6 10 7 9 11 3 1 0 4 12 8 13 2 5 
785,2.06273e-06,2.43038e-06,1.92132e-06,50,100,100,411458,14 6 10 7 9 11 3 1 0 4 12 8 13 2 5 
786,2.06415e-06,2.43038e-06,1.93604e-06,50,100,100,411458,14 6 10 7 9 11 3 1 0 4 12 8 13 2 5 
787,2.06297e-06,2.43038e-06,1.92356e-06,50,100,100,411458,14 6 10 7 9 11 3 1 0 4 12 8 13 2 5 
788,2.06953e-06,2.43038e-06,1.92653e-06,50,100,100,411458,14 6 10 7 9 11 3 1 0 4 12 8 13 2 5 
789,2.07619e-06,2.43038e-06,1.94956e-06,50,100,100,411458,14 6 10 7 9 11 3 1 0 4 12 8 13 2 5 
790,2.04616e-06,2.43038e-06,1.90431e-06,50,100,100,411458,14 6 10 7 9 11 3 1 0 4 12 8 13 2 5 
791,2.04623e-06,2.43038e-06,1.89853e-06,50,100,100,411458,14 6 10 7 9 11 3 1 0 4 12 8 13 2 5 
792,2.06459e-06,2.43038e-06,1.94645e-06,50,100,100,411458,14 6 10 7 9 11 3 1 0 4 12 8 13 2 5 
793,2.07954e-06,2.43038e-06,1.92701e-06,50,100,100,411458,14 6 10 7 9 11 3 1 0 4 12 8 13 2 5 
794,2.06269e-06,2.43038e-06,1.88218e-06,50,100,100,411458,14 6 10 7 9 11 3 1 0 4 12 8 13 2 5 
795,2.06345e-06,2.43038e-06,1.93749e-06,50,100,100,411458,14 6 10 7 9 11 3 1 0 4 12 8 13 2 5 
796,2.06675e-06,2.43038e-06,1.89047e-06,50,100,100,411458,14 6 10 7 9 11 3 1 0 4 12 8 13 2 5 
797,2.06521e-06,2.43038e-06,1.88707e-06,50,100,100,411458,14 6 10 7 9 11 3 1 0 4 12 8 13 2 5 
798,2.05647e-06,2.43038e-06,1.91703e-06,50,100,100,411458,14 6 10 7 9 11 3 1 0 4 12 8 13 2 5 
799,2.04774e-06,2.43038e-06,1.92436e-06,50,100,100,411458,14 6 10 7 9 11 3 1 0 4 12 8 13 2 5 
800,2.05966e-06,2.43038e-06,1.90898e-06,50,100,100,411458,14 6 10 7 9 11 3 1 0 4 12 8 13 2 5 
801,2.06371e-06,2.43038e-06,1.91351e-06,50,100,100,411458,14 6 10 7 9 11 3 1 0 4 12 8 13 2 5 
802,2.0697e-06,2.43038e-06,1.89892e-06,50,100,100,411458,14 6 10 7 9 11 3 1 0 4 12 8 13 2 5 
803,2.05322e-06,2.43038e-06,1.90329e-06,50,100,100,411458,14 6 10 7 9 11 3 1 0 4 12 8 13 2 5 
804,2.06281e-06,2.43038e-06,1.9215e-06,50,100,100,411458,14 6 10 7 9 11 3 1 0 4 12 8 13 2 5 
805,2.06643e-06,2.43038e-06,1.9382e-06,50,100,100,411458,14 6 10 7 9 11 3 1 0 4 12 8 13 2 5 
806,2.06864e-06,2.43038e-06,1.88987e-06,50,100,100,411458,14 6 10 7 9 11 3 1 0 4 12 8 13 2 5 
807,2.0634e-06,2.43038e-06,1.90463e-06,50,100,100,411458,14 6 10 7 9 11 3 1 0 4 12 8 13 2 5 
808,2.06003e-06,2.43038e-06,1.86471e-06,50,100,100,411458,14 6 10 7 9 11 3 1 0 4 12 8 13 2 5 
809,2.06016e-06,2.43038e-06,1.92702e-06,50,100,100,411458,14 6 10 7 9 11 3 1 0 4 12 8 13 2 5 
810,2.05359e-06,2.43038e-06,1.89086e-06,50,100,100,411458,14 6 10 7 9 11 3 1 0 4 12 8 13 2 5 
811,2.06144e-06,2.43038e-06,1.9268e-06,50,100,100,411458,14 6 10 7 9 11 3 1 0 4 12 8 13 2 5 
812,2.05198e-06,2.43038e-06,1.88594e-06,50,100,100,411458,14 6 10 7 9 11 3 1 0 4 12 8 13 2 5 
813,2.06136e-06,2.43038e-06,1.91873e-06,50,100,100,411458,14 6 10 7 9 11 3 1 0 4 12 8 13 2 5 
814,2.06099e-06,2.43038e-06,1.91491e-06,50,100,100,411458,14 6 10 7 9 11 3 1 0 4 12 8 13 2 5 
815,2.05675e-06,2.43038e-06,1.91218e-06,50,100,100,411458,14 6 10 7 9 11 3 1 0 4 12 8 13 2 5 
816,2.06768e-06,2.43038e-06,1.92167e-06,50,100,100,411458,14 6 10 7 9 11 3 1 0 4 12 8 13 2 5 
817,2.06848e-06,2.43038e-06,1.92201e-06,50,100,100,411458,14 6 10 7 9 11 3 1 0 4 12 8 13 2 5 
818,2.05899e-06,2.43038e-06,1.93337e-06,50,100,100,411458,14 6 10 7 9 11 3 1 0 4 12 8 13 2 5 
819,2.05313e-06,2.43038e-06,1.92322e-06,50,100,100,411458,14 6 10 7 9 11 3 1 0 4 12 8 13 2 5 
820,2.06866e-06,2.43038e-06,1.93548e-06,50,100,100,411458,14 6 10 7 9 11 3 1 0 4 12 8 13 2 5 
821,2.06437e-06,2.43038e-06,1.91155e-06,50,100,100,411458,14 6 10 7 9 11 3 1 0 4 12 8 13 2 5 
822,2.05762e-06,2.43038e-06,1.93528e-06,50,100,100,411458,14 6 10 7 9 11 3 1 0 4 12 8 13 2 5 
823,2.05501e-06,2.43038e-06,1.87602e-06,50,100,100,411458,14 6 10 7 9 11 3 1 0 4 12 8 13 2 5 
824,2.05994e-06,2.43038e-06,1.89333e-06,50,100,100,411458,14 6 10 7 9 11 3 1 0 4 12 8 13 2 5 
825,2.06837e-06,2.43038e-06,1.90687e-06,50,100,100,411458,14 6 10 7 9 11 3 1 0 4 12 8 13 2 5 
826,2.05876e-06,2.43038e-06,1.88934e-06,50,100,100,411458,14 6 10 7 9 11 3 1 0 4 12 8 13 2 5 
827,2.06677e-06,2.43038e-06,1.91543e-06,50,100,100,411458,14 6 10 7 9 11 3 1 0 4 12 8 13 2 5 
828,2.08407e-06,2.43038e-06,1.95644e-06,50,100,100,411458,14 6 10 7 9 11 3 1 0 4 12 8 13 2 5 
829,2.07377e-06,2.43038e-06,1.91065e-06,50,100,100,411458,14 6 10 7 9 11 3 1 0 4 12 8 13 2 5 
830,2.0705e-06,2.43038e-06,1.917e-06,50,100,100,411458,14 6 10 7 9 11 3 1 0 4 12 8 13 2 5 
831,2.05596e-06,2.43038e-06,1.92917e-06,50,100,100,411458,14 6 10 7 9 11 3 1 0 4 12 8 13 2 5 
832,2.05193e-06,2.43038e-06,1.9055e-06,50,100,100,411458,14 6 10 7 9 11 3 1 0 4 12 8 13 2 5 
833,2.05512e-06,2.43038e-06,1.89279e-06,50,100,100,411458,14 6 10 7 9 11 3 1 0 4 12 8 13 2 5 
834,2.0763e-06,2.43038e-06,1.95686e-06,50,100,100,411458,14 6 10 7 9 11 3 1 0 4 12 8 13 2 5 
835,2.0621e-06,2.43038e-06,1.902e-06,50,100,100,411458,14 6 10 7 9 11 3 1 0 4 12 8 13 2 5 
836,2.06568e-06,2.43038e-06,1.90357e-06,50,100,100,411458,14 6 10 7 9 11 3 1 0 4 12 8 13 2 5 
837,2.07289e-06,2.43038e-06,1.89842e-06,50,100,100,411458,14 6 10 7 9 11 3 1 0 4 12 8 13 2 5 
838,2.0642e-06,2.43038e-06,1.91011e-06,50,100,100,411458,14 6 10 7 9 11 3 1 0 4 12 8 13 2 5 
839,2.05584e-06,2.43038e-06,1.89094e-06,50,100,100,411458,14 6 10 7 9 11 3 1 0 4 12 8 13 2 5 
840,2.05677e-06,2.43038e-06,1.93294e-06,50,100,100,411458,14 6 10 7 9 11 3 1 0 4 12 8 13 2 5 
841,2.06422e-06,2.43038e-06,1.90456e-06,50,100,100,411458,14 6 10 7 9 11 3 1 0 4 12 8 13 2 5 
842,2.06936e-06,2.43038e-06,1.93811e-06,50,100,100,411458,14 6 10 7 9 11 3 1 0 4 12 8 13 2 5 
843,2.06395e-06,2.43038e-06,1.89409e-06,50,100,100,411458,14 6 10 7 9 11 3 1 0 4 12 8 13 2 5 
844,2.06146e-06,2.43038e-06,1.91662e-06,50,100,100,411458,14 6 10 7 9 11 3 1 0 4 12 8 13 2 5 
845,2.0705e-06,2.43038e-06,1.90994e-06,50,100,100,411458,14 6 10 7 9 11 3 1 0 4 12 8 13 2 5 
846,2.07174e-06,2.43038e-06,1.87878e-06,50,100,100,411458,14 6 10 7 9 11 3 1 0 4 12 8 13 2 5 
847,2.05618e-06,2.43038e-06,1.9081e-06,50,100,100,411458,14 6 10 7 9 11 3 1 0 4 12 8 13 2 5 
848,2.04223e-06,2.43038e-06,1.89027e-06,50,100,100,411458,14 6 10 7 9 11 3 1 0 4 12 8 13 2 5 
849,2.04856e-06,2.43038e-06,1.89519e-06,50,100,100,411458,14 6 10 7 9 11 3 1 0 4 12 8 13 2 5 
850,2.07127e-06,2.43038e-06,1.92195e-06,50,100,100,411458,14 6 10 7 9 11 3 1 0 4 12 8 13 2 5 
851,2.06075e-06,2.43038e-06,1.92951e-06,50,100,100,411458,14 6 10 7 9 11 3 1 0 4 12 8 13 2 5 
852,2.06076e-06,2.43038e-06,1.90567e-06,50,100,100,411458,14 6 10 7 9 11 3 1 0 4 12 8 13 2 5 
853,2.0475e-06,2.43038e-06,1.90104e-06,50,100,100,411458,14 6 10 7 9 11 3 1 0 4 12 8 13 2 5 
854,2.05836e-06,2.43038e-06,1.92121e-06,50,100,100,411458,14 6 10 7 9 11 3 1 0 4 12 8 13 2 5 
855,2.04141e-06,2.43038e-06,1.88483e-06,50,100,100,411458,14 6 10 7 9 11 3 1 0 4 12 8 13 2 5 
856,2.04432e-06,2.43038e-06,1.88478e-06,50,100,100,411458,14 6 10 7 9 11 3 1 0 4 12 8 13 2 5 
857,2.05452e-06,2.43038e-06,1.90835e-06,50,100,100,411458,14 6 10 7 9 11 3 1 0 4 12 8 13 2 5 
858,2.04121e-06,2.43038e-06,1.90325e-06,50,100,100,411458,14 6 10 7 9 11 3 1 0 4 12 8 13 2 5 
859,2.0453e-06,2.43038e-06,1.92118e-06,50,100,100,411458,14 6 10 7 9 11 3 1 0 4 12 8 13 2 5 
860,2.06073e-06,2.43038e-06,1.93145e-06,50,100,100,411458,14 6 10 7 9 11 3 1 0 4 12 8 13 2 5 
861,2.06011e-06,2.43038e-06,1.88412e-06,50,100,100,411458,14 6 10 7 9 11 3 1 0 4 12 8 13 2 5 
862,2.07006e-06,2.43038e-06,1.92014e-06,50,100,100,411458,14 6 10 7 9 11 3 1 0 4 12 8 13 2 5 
863,2.0612e-06,2.43038e-06,1.93113e-06,50,100,100,411458,14 6 10 7 9 11 3 1 0 4 12 8 13 2 5 
864,2.05345e-06,2.43038e-06,1.88071e-06,50,100,100,411458,14 6 10 7 9 11 3 1 0 4 12 8 13 2 5 
865,2.06058e-06,2.43038e-06,1.87911e-06,50,100,100,411458,14 6 10 7 9 11 3 1 0 4 12 8 13 2 5 
866,2.06336e-06,2.43038e-06,1.9049e-06,50,100,100,411458,14 6 10 7 9 11 3 1 0 4 12 8 13 2 5 
867,2.05801e-06,2.43038e-06,1.90449e-06,50,100,100,411458,14 6 10 7 9 11 3 1 0 4 12 8 13 2 5 
868,2.07511e-06,2.43038e-06,1.89752e-06,50,100,100,411458,14 6 10 7 9 11 3 1 0 4 12 8 13 2 5 
869,2.04944e-06,2.43038e-06,1.89429e-06,50,100,100,411458,14 6 10 7 9 11 3 1 0 4 12 8 13 2 5 
870,2.06483e-06,2.43038e-06,1.92842e-06,50,100,100,411458,14 6 10 7 9 11 3 1 0 4 12 8 13 2 5 
871,2.06662e-06,2.43038e-06,1.91789e-06,50,100,100,411458,14 6 10 7 9 11 3 1 0 4 12 8 13 2 5 
872,2.05486e-06,2.43038e-06,1.90137e-06,50,100,100,411458,14 6 10 7 9 11 3 1 0 4 12 8 13 2 5 
873,2.06779e-06,2.43038e-06,1.88712e-06,50,100,100,411458,14 6 10 7 9 11 3 1 0 4 12 8 13 2 5 
874,2.06251e-06,2.43038e-06,1.90324e-06,50,100,100,411458,14 6 10 7 9 11 3 1 0 4 12 8 13 2 5 
875,2.06264e-06,2.43038e-06,1.90838e-06,50,100,100,411458,14 6 10 7 9 11 3 1 0 4 12 8 13 2 5 
876,2.05875e-06,2.43038e-06,1.89188e-06,50,100,100,411458,14 6 10 7 9 11 3 1 0 4 12 8 13 2 5 
877,2.06586e-06,2.43038e-06,1.9131e-06,50,100,100,411458,14 6 10 7 9 11 3 1 0 4 12 8 13 2 5 
878,2.06732e-06,2.43038e-06,1.91075e-06,50,100,100,411458,14 6 10 7 9 11 3 1 0 4 12 8 13 2 5 
879,2.05472e-06,2.43038e-06,1.90253e-06,50,100,100,411458,14 6 10 7 9 11 3 1 0 4 12 8 13 2 5 
880,2.05224e-06,2.43038e-06,1.92002e-06,50,100,100,411458,14 6 10 7 9 11 3 1 0 4 12 8 13 2 5 
881,2.06119e-06,2.43038e-06,1.89282e-06,50,100,100,411458,14 6 10 7 9 11 3 1 0 4 12 8 13 2 5 
882,2.07614e-06,2.43038e-06,1.94481e-06,50,100,100,411458,14 6 10 7 9 11 3 1 0 4 12 8 13 2 5 
883,2.04626e-06,2.43038e-06,1.90957e-06,50,100,100,411458,14 6 10 7 9 11 3 1 0 4 12 8 13 2 5 
884,2.05557e-06,2.43038e-06,1.91664e-06,50,100,100,411458,14 6 10 7 9 11 3 1 0 4 12 8 13 2 5 
885,2.04085e-06,2.43038e-06,1.88483e-06,50,100,100,411458,14 6 10 7 9 11 3 1 0 4 12 8 13 2 5 
886,2.05922e-06,2.43038e-06,1.89564e-06,50,100,100,411458,14 6 10 7 9 11 3 1 0 4 12 8 13 2 5 
887,2.06167e-06,2.43038e-06,1.8977e-06,50,100,100,411458,14 6 10 7 9 11 3 1 0 4 12 8 13 2 5 
888,2.05783e-06,2.43038e-06,1.89232e-06,50,100,100,411458,14 6 10 7 9 11 3 1 0 4 12 8 13 2 5 
889,2.05573e-06,2.43038e-06,1.92575e-06,50,100,100,411458,14 6 10 7 9 11 3 1 0 4 12 8 13 2 5 
890,2.07171e-06,2.43038e-06,1.927e-06,50,100,100,411458,14 6 10 7 9 11 3 1 0 4 12 8 13 2 5 
891,2.05878e-06,2.43038e-06,1.88318e-06,50,100,100,411458,14 6 10 7 9 11 3 1 0 4 12 8 13 2 5 
892,2.05669e-06,2.43038e-06,1.93364e-06,50,100,100,411458,14 6 10 7 9 11 3 1 0 4 12 8 13 2 5 
893,2.04859e-06,2.43038e-06,1.91949e-06,50,100,100,411458,14 6 10 7 9 11 3 1 0 4 12 8 13 2 5 
894,2.05548e-06,2.43038e-06,1.92896e-06,50,100,100,411458,14 6 10 7 9 11 3 1 0 4 12 8 13 2 5 
895,2.06278e-06,2.43038e-06,1.92829e-06,50,100,100,411458,14 6 10 7 9 11 3 1 0 4 12 8 13 2 5 
896,2.05382e-06,2.43038e-06,1.87583e-06,50,100,100,411458,14 6 10 7 9 11 3 1 0 4 12 8 13 2 5 
897,2.06455e-06,2.43038e-06,1.92943e-06,50,100,100,411458,14 6 10 7 9 11 3 1 0 4 12 8 13 2 5 
898,2.0579e-06,2.43038e-06,1.87546e-06,50,100,100,411458,14 6 10 7 9 11 3 1 0 4 12 8 13 2 5 
899,2.07293e-06,2.43038e-06,1.91974e-06,50,100,100,411458,14 6 10 7 9 11 3 1 0 4 12 8 13 2 5 
900,2.07272e-06,2.43038e-06,1.91859e-06,50,100,100,411458,14 6 10 7 9 11 3 1 0 4 12 8 13 2 5 
901,2.06404e-06,2.43038e-06,1.91128e-06,50,100,100,411458,14 6 10 7 9 11 3 1 0 4 12 8 13 2 5 
902,2.05683e-06,2.43038e-06,1.90655e-06,50,100,100,411458,14 6 10 7 9 11 3 1 0 4 12 8 13 2 5 
903,2.0495e-06,2.43038e-06,1.88863e-06,50,100,100,411458,14 6 10 7 9 11 3 1 0 4 12 8 13 2 5 
904,2.06915e-06,2.43038e-06,1.92224e-06,50,100,100,411458,14 6 10 7 9 11 3 1 0 4 12 8 13 2 5 
905,2.07311e-06,2.43038e-06,1.89489e-06,50,100,100,411458,14 6 10 7 9 11 3 1 0 4 12 8 13 2 5 
906,2.06875e-06,2.43038e-06,1.89951e-06,50,100,100,411458,14 6 10 7 9 11 3 1 0 4 12 8 13 2 5 
907,2.06641e-06,2.43038e-06,1.93196e-06,50,100,100,411458,14 6 10 7 9 11 3 1 0 4 12 8 13 2 5 
908,2.05791e-06,2.43038e-06,1.94067e-06,50,100,100,411458,14 6 10 7 9 11 3 1 0 4 12 8 13 2 5 
909,2.04741e-06,2.43038e-06,1.91995e-06,50,100,100,411458,14 6 10 7 9 11 3 1 0 4 12 8 13 2 5 
910,2.05022e-06,2.43038e-06,1.91515e-06,50,100,100,411458,14 6 10 7 9 11 3 1 0 4 12 8 13 2 5 
911,2.05644e-06,2.43038e-06,1.88117e-06,50,100,100,411458,14 6 10 7 9 11 3 1 0 4 12 8 13 2 5 
912,2.07112e-06,2.43038e-06,1.9358e-06,50,100,100,411458,14 6 10 7 9 11 3 1 0 4 12 8 13 2 5 
913,2.05751e-06,2.43038e-06,1.93716e-06,50,100,100,411458,14 6 10 7 9 11 3 1 0 4 12 8 13 2 5 
914,2.06825e-06,2.43038e-06,1.89338e-06,50,100,100,411458,14 6 10 7 9 11 3 1 0 4 12 8 13 2 5 
915,2.06774e-06,2.43038e-06,1.89321e-06,50,100,100,411458,14 6 10 7 9 11 3 1 0 4 12 8 13 2 5 
916,2.07339e-06,2.43038e-06,1.94092e-06,50,100,100,411458,14 6 10 7 9 11 3 1 0 4 12 8 13 2 5 
917,2.05144e-06,2.43038e-06,1.89727e-06,50,100,100,411458,14 6 10 7 9 11 3 1 0 4 12 8 13 2 5 
918,2.06124e-06,2.43038e-06,1.91593e-06,50,100,100,411458,14 6 10 7 9 11 3 1 0 4 12 8 13 2 5 
919,2.05098e-06,2.43038e-06,1.92328e-06,50,100,100,411458,14 6 10 7 9 11 3 1 0 4 12 8 13 2 5 
920,2.05057e-06,2.43038e-06,1.87105e-06,50,100,100,411458,14 6 10 7 9 11 3 1 0 4 12 8 13 2 5 
921,2.0553e-06,2.43038e-06,1.90254e-06,50,100,100,411458,14 6 10 7 9 11 3 1 0 4 12 8 13 2 5 
922,2.06134e-06,2.43038e-06,1.91839e-06,50,100,100,411458,14 6 10 7 9 11 3 1 0 4 12 8 13 2 5 
923,2.0606e-06,2.43038e-06,1.91741e-06,50,100,100,411458,14 6 10 7 9 11 3 1 0 4 12 8 13 2 5 
924,2.06882e-06,2.43038e-06,1.93182e-06,50,100,100,411458,14 6 10 7 9 11 3 1 0 4 12 8 13 2 5 
925,2.06525e-06,2.43038e-06,1.91917e-06,50,100,100,411458,14 6 10 7 9 11 3 1 0 4 12 8 13 2 5 
926,2.06514e-06,2.43038e-06,1.90652e-06,50,100,100,411458,14 6 10 7 9 11 3 1 0 4 12 8 13 2 5 
927,2.05135e-06,2.43038e-06,1.89685e-06,50,100,100,411458,14 6 10 7 9 11 3 1 0 4 12 8 13 2 5 
928,2.06225e-06,2.43038e-06,1.87521e-06,50,100,100,411458,14 6 10 7 9 11 3 1 0 4 12 8 13 2 5 
929,2.06191e-06,2.43038e-06,1.91362e-06,50,100,100,411458,14 6 10 7 9 11 3 1 0 4 12 8 13 2 5 
930,2.06633e-06,2.43038e-06,1.89792e-06,50,100,100,411458,14 6 10 7 9 11 3 1 0 4 12 8 13 2 5 
931,2.06737e-06,2.43038e-06,1.88762e-06,50,100,100,411458,14 6 10 7 9 11 3 1 0 4 12 8 13 2 5 
932,2.05622e-06,2.43038e-06,1.87664e-06,50,100,100,411458,14 6 10 7 9 11 3 1 0 4 12 8 13 2 5 
933,2.05683e-06,2.43038e-06,1.92486e-06,50,100,100,411458,14 6 10 7 9 11 3 1 0 4 12 8 13 2 5 
934,2.07466e-06,2.43038e-06,1.8986e-06,50,100,100,411458,14 6 10 7 9 11 3 1 0 4 12 8 13 2 5 
935,2.0568e-06,2.43038e-06,1.89547e-06,50,100,100,411458,14 6 10 7 9 11 3 1 0 4 12 8 13 2 5 
936,2.05365e-06,2.43038e-06,1.89614e-06,50,100,100,411458,14 6 10 7 9 11 3 1 0 4 12 8 13 2 5 
937,2.04865e-06,2.43038e-06,1.89301e-06,50,100,100,411458,14 6 10 7 9 11 3 1 0 4 12 8 13 2 5 
938,2.0509e-06,2.43038e-06,1.91184e-06,50,100,100,411458,14 6 10 7 9 11 3 1 0 4 12 8 13 2 5 
939,2.0603e-06,2.43038e-06,1.89492e-06,50,100,100,411458,14 6 10 7 9 11 3 1 0 4 12 8 13 2 5 
940,2.04565e-06,2.43038e-06,1.87852e-06,50,100,100,411458,14 6 10 7 9 11 3 1 0 4 12 8 13 2 5 
941,2.05507e-06,2.43038e-06,1.89717e-06,50,100,100,411458,14 6 10 7 9 11 3 1 0 4 12 8 13 2 5 
942,2.05962e-06,2.43038e-06,1.91122e-06,50,100,100,411458,14 6 10 7 9 11 3 1 0 4 12 8 13 2 5 
943,2.06164e-06,2.43038e-06,1.93292e-06,50,100,100,411458,14 6 10 7 9 11 3 1 0 4 12 8 13 2 5 
944,2.065e-06,2.43038e-06,1.92795e-06,50,100,100,411458,14 6 10 7 9 11 3 1 0 4 12 8 13 2 5 
945,2.06432e-06,2.43038e-06,1.90852e-06,50,100,100,411458,14 6 10 7 9 11 3 1 0 4 12 8 13 2 5 
946,2.05182e-06,2.43038e-06,1.9061e-06,50,100,100,411458,14 6 10 7 9 11 3 1 0 4 12 8 13 2 5 
947,2.06803e-06,2.43038e-06,1.92589e-06,50,100,100,411458,14 6 10 7 9 11 3 1 0 4 12 8 13 2 5 
948,2.07118e-06,2.43038e-06,1.88764e-06,50,100,100,411458,14 6 10 7 9 11 3 1 0 4 12 8 13 2 5 
949,2.06149e-06,2.43038e-06,1.89904e-06,50,100,100,411458,14 6 10 7 9 11 3 1 0 4 12 8 13 2 5 
950,2.06025e-06,2.43038e-06,1.93035e-06,50,100,100,411458,14 6 10 7 9 11 3 1 0 4 12 8 13 2 5 
951,2.06397e-06,2.43038e-06,1.91891e-06,50,100,100,411458,14 6 10 7 9 11 3 1 0 4 12 8 13 2 5 
952,2.05088e-06,2.43038e-06,1.90308e-06,50,100,100,411458,14 6 10 7 9 11 3 1 0 4 12 8 13 2 5 
953,2.06815e-06,2.43038e-06,1.9272e-06,50,100,100,411458,14 6 10 7 9 11 3 1 0 4 12 8 13 2 5 
954,2.07463e-06,2.43038e-06,1.92384e-06,50,100,100,411458,14 6 10 7 9 11 3 1 0 4 12 8 13 2 5 
955,2.06629e-06,2.43038e-06,1.9013e-06,50,100,100,411458,14 6 10 7 9 11 3 1 0 4 12 8 13 2 5 
956,2.0796e-06,2.43038e-06,1.89515e-06,50,100,100,411458,14 6 10 7 9 11 3 1 0 4 12 8 13 2 5 
957,2.0951e-06,2.43038e-06,1.90988e-06,50,100,100,411458,14 6 10 7 9 11 3 1 0 4 12 8 13 2 5 
958,2.08098e-06,2.43038e-06,1.96465e-06,50,100,100,411458,14 6 10 7 9 11 3 1 0 4 12 8 13 2 5 
959,2.06082e-06,2.43038e-06,1.90751e-06,50,100,100,411458,14 6 10 7 9 11 3 1 0 4 12 8 13 2 5 
960,2.04883e-06,2.43038e-06,1.89017e-06,50,100,100,411458,14 6 10 7 9 11 3 1 0 4 12 8 13 2 5 
961,2.06009e-06,2.43038e-06,1.91985e-06,50,100,100,411458,14 6 10 7 9 11 3 1 0 4 12 8 13 2 5 
962,2.0415e-06,2.43038e-06,1.91973e-06,50,100,100,411458,14 6 10 7 9 11 3 1 0 4 12 8 13 2 5 
963,2.0442e-06,2.43038e-06,1.91455e-06,50,100,100,411458,14 6 10 7 9 11 3 1 0 4 12 8 13 2 5 
964,2.0642e-06,2.43038e-06,1.91369e-06,50,100,100,411458,14 6 10 7 9 11 3 1 0 4 12 8 13 2 5 
965,2.05956e-06,2.43038e-06,1.89931e-06,50,100,100,411458,14 6 10 7 9 11 3 1 0 4 12 8 13 2 5 
966,2.06102e-06,2.43038e-06,1.93529e-06,50,100,100,411458,14 6 10 7 9 11 3 1 0 4 12 8 13 2 5 
967,2.06279e-06,2.43038e-06,1.89623e-06,50,100,100,411458,14 6 10 7 9 11 3 1 0 4 12 8 13 2 5 
968,2.0645e-06,2.43038e-06,1.91927e-06,50,100,100,411458,14 6 10 7 9 11 3 1 0 4 12 8 13 2 5 
969,2.0625e-06,2.43038e-06,1.87219e-06,50,100,100,411458,14 6 10 7 9 11 3 1 0 4 12 8 13 2 5 
970,2.06164e-06,2.43038e-06,1.91938e-06,50,100,100,411458,14 6 10 7 9 11 3 1 0 4 12 8 13 2 5 
971,2.07176e-06,2.43038e-06,1.92268e-06,50,100,100,411458,14 6 10 7 9 11 3 1 0 4 12 8 13 2 5 
972,2.08497e-06,2.43038e-06,1.93507e-06,50,100,100,411458,14 6 10 7 9 11 3 1 0 4 12 8 13 2 5 
973,2.08307e-06,2.43038e-06,1.90107e-06,50,100,100,411458,14 6 10 7 9 11 3 1 0 4 12 8 13 2 5 
974,2.06391e-06,2.43038e-06,1.91527e-06,50,100,100,411458,14 6 10 7 9 11 3 1 0 4 12 8 13 2 5 
975,2.07162e-06,2.43038e-06,1.92409e-06,50,100,100,411458,14 6 10 7 9 11 3 1 0 4 12 8 13 2 5 
976,2.09121e-06,2.43038e-06,1.93051e-06,50,100,100,411458,14 6 10 7 9 11 3 1 0 4 12 8 13 2 5 
977,2.06081e-06,2.43038e-06,1.91745e-06,50,100,100,411458,14 6 10 7 9 11 3 1 0 4 12 8 13 2 5 
978,2.05723e-06,2.43038e-06,1.90572e-06,50,100,100,411458,14 6 10 7 9 11 3 1 0 4 12 8 13 2 5 
979,2.05667e-06,2.43038e-06,1.92676e-06,50,100,100,411458,14 6 10 7 9 11 3 1 0 4 12 8 13 2 5 
980,2.05357e-06,2.43038e-06,1.88442e-06,50,100,100,411458,14 6 10 7 9 11 3 1 0 4 12 8 13 2 5 
981,2.05282e-06,2.43038e-06,1.90052e-06,50,100,100,411458,14 6 10 7 9 11 3 1 0 4 12 8 13 2 5 
982,2.05776e-06,2.43038e-06,1.89135e-06,50,100,100,411458,14 6 10 7 9 11 3 1 0 4 12 8 13 2 5 
983,2.06591e-06,2.43038e-06,1.92086e-06,50,100,100,411458,14 6 10 7 9 11 3 1 0 4 12 8 13 2 5 
984,2.05857e-06,2.43038e-06,1.94077e-06,50,100,100,411458,14 6 10 7 9 11 3 1 0 4 12 8 13 2 5 
985,2.05148e-06,2.43038e-06,1.90538e-06,50,100,100,411458,14 6 10 7 9 11 3 1 0 4 12 8 13 2 5 
986,2.05891e-06,2.43038e-06,1.91363e-06,50,100,100,411458,14 6 10 7 9 11 3 1 0 4 12 8 13 2 5 
987,2.04466e-06,2.43038e-06,1.8674e-06,50,100,100,411458,14 6 10 7 9 11 3 1 0 4 12 8 13 2 5 
988,2.05667e-06,2.43038e-06,1.91614e-06,50,100,100,411458,14 6 10 7 9 11 3 1 0 4 12 8 13 2 5 
989,2.05625e-06,2.43038e-06,1.93964e-06,50,100,100,411458,14 6 10 7 9 11 3 1 0 4 12 8 13 2 5 
990,2.04909e-06,2.43038e-06,1.91319e-06,50,100,100,411458,14 6 10 7 9 11 3 1 0 4 12 8 13 2 5 
991,2.04863e-06,2.43038e-06,1.88149e-06,50,100,100,411458,14 6 10 7 9 11 3 1 0 4 12 8 13 2 5 
992,2.05525e-06,2.43038e-06,1.88629e-06,50,100,100,411458,14 6 10 7 9 11 3 1 0 4 12 8 13 2 5 
993,2.04727e-06,2.43038e-06,1.88796e-06,50,100,100,411458,14 6 10 7 9 11 3 1 0 4 12 8 13 2 5 
994,2.06036e-06,2.43038e-06,1.93652e-06,50,100,100,411458,14 6 10 7 9 11 3 1 0 4 12 8 13 2 5 
995,2.04806e-06,2.43038e-06,1.87901e-06,50,100,100,411458,14 6 10 7 9 11 3 1 0 4 12 8 13 2 5 
996,2.06227e-06,2.43038e-06,1.89674e-06,50,100,100,411458,14 6 10 7 9 11 3 1 0 4 12 8 13 2 5 
997,2.05443e-06,2.43038e-06,1.93494e-06,50,100,100,411458,14 6 10 7 9 11 3 1 0 4 12 8 13 2 5 
998,2.05942e-06,2.43038e-06,1.90755e-06,50,100,100,411458,14 6 10 7 9 11 3 1 0 4 12 8 13 2 5 
999,2.04569e-06,2.43038e-06,1.87078e-06,50,100,100,411458,14 6 10 7 9 11 3 1 0 4 12 8 13 2 5 
