Generación,Media,Mejor,Peor,Cruzas,Mutaciones,Inversiones,Costo,Permutación
1,2.03536e-06,2.23876e-06,1.91876e-06,50,100,100,446674,3 11 8 5 7 13 12 6 10 14 0 4 2 1 9 
2,2.05022e-06,2.23876e-06,1.91195e-06,50,100,100,446674,3 11 8 5 7 13 12 6 10 14 0 4 2 1 9 
3,2.04927e-06,2.25455e-06,1.89798e-06,50,100,100,443546,2 1 0 11 14 7 10 3 12 5 9 8 6 13 4 
4,2.05154e-06,2.25455e-06,1.89937e-06,50,100,100,443546,2 1 0 11 14 7 10 3 12 5 9 8 6 13 4 
5,2.05395e-06,2.25455e-06,1.90729e-06,50,100,100,443546,2 1 0 11 14 7 10 3 12 5 9 8 6 13 4 
6,2.05386e-06,2.25455e-06,1.92879e-06,50,100,100,443546,2 1 0 11 14 7 10 3 12 5 9 8 6 13 4 
7,2.05279e-06,2.28373e-06,1.89273e-06,50,100,100,437880,11 9 1 3 0 6 10 14 13 12 5 4 8 2 7 
8,2.05115e-06,2.28373e-06,1.88534e-06,50,100,100,437880,11 9 1 3 0 6 10 14 13 12 5 4 8 2 7 
9,2.04731e-06,2.28373e-06,1.91904e-06,50,100,100,437880,11 9 1 3 0 6 10 14 13 12 5 4 8 2 7 
10,2.05711e-06,2.28373e-06,1.91488e-06,50,100,100,437880,11 9 1 3 0 6 10 14 13 12 5 4 8 2 7 
11,2.04733e-06,2.28373e-06,1.90793e-06,50,100,100,437880,11 9 1 3 0 6 10 14 13 12 5 4 8 2 7 
12,2.05616e-06,2.28373e-06,1.90807e-06,50,100,100,437880,11 9 1 3 0 6 10 14 13 12 5 4 8 2 7 
13,2.06445e-06,2.29752e-06,1.88529e-06,50,100,100,435250,2 1 14 3 7 11 10 6 5 0 12 8 4 13 9 
14,2.05397e-06,2.29752e-06,1.90221e-06,50,100,100,435250,2 1 14 3 7 11 10 6 5 0 12 8 4 13 9 
15,2.06478e-06,2.29752e-06,1.91896e-06,50,100,100,435250,2 1 14 3 7 11 10 6 5 0 12 8 4 13 9 
16,2.06159e-06,2.29752e-06,1.89416e-06,50,100,100,435250,2 1 14 3 7 11 10 6 5 0 12 8 4 13 9 
17,2.05999e-06,2.29752e-06,1.92117e-06,50,100,100,435250,2 1 14 3 7 11 10 6 5 0 12 8 4 13 9 
18,2.05383e-06,2.29752e-06,1.91947e-06,50,100,100,435250,2 1 14 3 7 11 10 6 5 0 12 8 4 13 9 
19,2.05132e-06,2.29752e-06,1.89682e-06,50,100,100,435250,2 1 14 3 7 11 10 6 5 0 12 8 4 13 9 
20,2.059e-06,2.29752e-06,1.91364e-06,50,100,100,435250,2 1 14 3 7 11 10 6 5 0 12 8 4 13 9 
21,2.07059e-06,2.29752e-06,1.92656e-06,50,100,100,435250,2 1 14 3 7 11 10 6 5 0 12 8 4 13 9 
22,2.06343e-06,2.29752e-06,1.90902e-06,50,100,100,435250,2 1 14 3 7 11 10 6 5 0 12 8 4 13 9 
23,2.06009e-06,2.29752e-06,1.90866e-06,50,100,100,435250,2 1 14 3 7 11 10 6 5 0 12 8 4 13 9 
24,2.06498e-06,2.29752e-06,1.9271e-06,50,100,100,435250,2 1 14 3 7 11 10 6 5 0 12 8 4 13 9 
25,2.05849e-06,2.33161e-06,1.85017e-06,50,100,100,428888,2 1 14 3 5 11 10 6 12 13 0 8 4 7 9 
26,2.05446e-06,2.33161e-06,1.89817e-06,50,100,100,428888,2 1 14 3 5 11 10 6 12 13 0 8 4 7 9 
27,2.05787e-06,2.33161e-06,1.90351e-06,50,100,100,428888,2 1 14 3 5 11 10 6 12 13 0 8 4 7 9 
28,2.05602e-06,2.33161e-06,1.94159e-06,50,100,100,428888,2 1 14 3 5 11 10 6 12 13 0 8 4 7 9 
29,2.05874e-06,2.33161e-06,1.89524e-06,50,100,100,428888,2 1 14 3 5 11 10 6 12 13 0 8 4 7 9 
30,2.06588e-06,2.33161e-06,1.91326e-06,50,100,100,428888,2 1 14 3 5 11 10 6 12 13 0 8 4 7 9 
31,2.05035e-06,2.33161e-06,1.88591e-06,50,100,100,428888,2 1 14 3 5 11 10 6 12 13 0 8 4 7 9 
32,2.03636e-06,2.33161e-06,1.88694e-06,50,100,100,428888,2 1 14 3 5 11 10 6 12 13 0 8 4 7 9 
33,2.0593e-06,2.33161e-06,1.93419e-06,50,100,100,428888,2 1 14 3 5 11 10 6 12 13 0 8 4 7 9 
34,2.05189e-06,2.33161e-06,1.92412e-06,50,100,100,428888,2 1 14 3 5 11 10 6 12 13 0 8 4 7 9 
35,2.05042e-06,2.33161e-06,1.89541e-06,50,100,100,428888,2 1 14 3 5 11 10 6 12 13 0 8 4 7 9 
36,2.04854e-06,2.33161e-06,1.91144e-06,50,100,100,428888,2 1 14 3 5 11 10 6 12 13 0 8 4 7 9 
37,2.05186e-06,2.33161e-06,1.91818e-06,50,100,100,428888,2 1 14 3 5 11 10 6 12 13 0 8 4 7 9 
38,2.04987e-06,2.33161e-06,1.9174e-06,50,100,100,428888,2 1 14 3 5 11 10 6 12 13 0 8 4 7 9 
39,2.06679e-06,2.33161e-06,1.8914e-06,50,100,100,428888,2 1 14 3 5 11 10 6 12 13 0 8 4 7 9 
40,2.05438e-06,2.33161e-06,1.90395e-06,50,100,100,428888,2 1 14 3 5 11 10 6 12 13 0 8 4 7 9 
41,2.04726e-06,2.33161e-06,1.89024e-06,50,100,100,428888,2 1 14 3 5 11 10 6 12 13 0 8 4 7 9 
42,2.05391e-06,2.33161e-06,1.91515e-06,50,100,100,428888,2 1 14 3 5 11 10 6 12 13 0 8 4 7 9 
43,2.05977e-06,2.33161e-06,1.91343e-06,50,100,100,428888,2 1 14 3 5 11 10 6 12 13 0 8 4 7 9 
44,2.06329e-06,2.33161e-06,1.90234e-06,50,100,100,428888,2 1 14 3 5 11 10 6 12 13 0 8 4 7 9 
45,2.07811e-06,2.33161e-06,1.93818e-06,50,100,100,428888,2 1 14 3 5 11 10 6 12 13 0 8 4 7 9 
46,2.06198e-06,2.33161e-06,1.88246e-06,50,100,100,428888,2 1 14 3 5 11 10 6 12 13 0 8 4 7 9 
47,2.05194e-06,2.33161e-06,1.91302e-06,50,100,100,428888,2 1 14 3 5 11 10 6 12 13 0 8 4 7 9 
48,2.05726e-06,2.33161e-06,1.91541e-06,50,100,100,428888,2 1 14 3 5 11 10 6 12 13 0 8 4 7 9 
49,2.0613e-06,2.33161e-06,1.91304e-06,50,100,100,428888,2 1 14 3 5 11 10 6 12 13 0 8 4 7 9 
50,2.06719e-06,2.33161e-06,1.93412e-06,50,100,100,428888,2 1 14 3 5 11 10 6 12 13 0 8 4 7 9 
51,2.06374e-06,2.33161e-06,1.88809e-06,50,100,100,428888,2 1 14 3 5 11 10 6 12 13 0 8 4 7 9 
52,2.06281e-06,2.33161e-06,1.89096e-06,50,100,100,428888,2 1 14 3 5 11 10 6 12 13 0 8 4 7 9 
53,2.07387e-06,2.33161e-06,1.91786e-06,50,100,100,428888,2 1 14 3 5 11 10 6 12 13 0 8 4 7 9 
54,2.05714e-06,2.33161e-06,1.89659e-06,50,100,100,428888,2 1 14 3 5 11 10 6 12 13 0 8 4 7 9 
55,2.0605e-06,2.33161e-06,1.89525e-06,50,100,100,428888,2 1 14 3 5 11 10 6 12 13 0 8 4 7 9 
56,2.07143e-06,2.39039e-06,1.90485e-06,50,100,100,418340,2 1 14 3 5 11 10 6 13 12 0 8 4 7 9 
57,2.06551e-06,2.39039e-06,1.95166e-06,50,100,100,418340,2 1 14 3 5 11 10 6 13 12 0 8 4 7 9 
58,2.08504e-06,2.39039e-06,1.90866e-06,50,100,100,418340,2 1 14 3 5 11 10 6 13 12 0 8 4 7 9 
59,2.07017e-06,2.39039e-06,1.93676e-06,50,100,100,418340,2 1 14 3 5 11 10 6 13 12 0 8 4 7 9 
60,2.06674e-06,2.39039e-06,1.87823e-06,50,100,100,418340,2 1 14 3 5 11 10 6 13 12 0 8 4 7 9 
61,2.06261e-06,2.39039e-06,1.91e-06,50,100,100,418340,2 1 14 3 5 11 10 6 13 12 0 8 4 7 9 
62,2.0537e-06,2.39039e-06,1.91658e-06,50,100,100,418340,2 1 14 3 5 11 10 6 13 12 0 8 4 7 9 
63,2.06708e-06,2.39039e-06,1.89396e-06,50,100,100,418340,2 1 14 3 5 11 10 6 13 12 0 8 4 7 9 
64,2.05608e-06,2.39039e-06,1.91247e-06,50,100,100,418340,2 1 14 3 5 11 10 6 13 12 0 8 4 7 9 
65,2.04958e-06,2.39039e-06,1.91352e-06,50,100,100,418340,2 1 14 3 5 11 10 6 13 12 0 8 4 7 9 
66,2.05747e-06,2.39039e-06,1.89354e-06,50,100,100,418340,2 1 14 3 5 11 10 6 13 12 0 8 4 7 9 
67,2.05898e-06,2.39039e-06,1.8913e-06,50,100,100,418340,2 1 14 3 5 11 10 6 13 12 0 8 4 7 9 
68,2.06508e-06,2.39039e-06,1.87725e-06,50,100,100,418340,2 1 14 3 5 11 10 6 13 12 0 8 4 7 9 
69,2.07138e-06,2.39039e-06,1.94554e-06,50,100,100,418340,2 1 14 3 5 11 10 6 13 12 0 8 4 7 9 
70,2.05907e-06,2.39039e-06,1.93266e-06,50,100,100,418340,2 1 14 3 5 11 10 6 13 12 0 8 4 7 9 
71,2.06061e-06,2.39039e-06,1.9353e-06,50,100,100,418340,2 1 14 3 5 11 10 6 13 12 0 8 4 7 9 
72,2.05092e-06,2.39039e-06,1.92154e-06,50,100,100,418340,2 1 14 3 5 11 10 6 13 12 0 8 4 7 9 
73,2.0563e-06,2.39039e-06,1.88663e-06,50,100,100,418340,2 1 14 3 5 11 10 6 13 12 0 8 4 7 9 
74,2.06677e-06,2.39039e-06,1.92385e-06,50,100,100,418340,2 1 14 3 5 11 10 6 13 12 0 8 4 7 9 
75,2.05877e-06,2.39039e-06,1.89377e-06,50,100,100,418340,2 1 14 3 5 11 10 6 13 12 0 8 4 7 9 
76,2.055e-06,2.39039e-06,1.89846e-06,50,100,100,418340,2 1 14 3 5 11 10 6 13 12 0 8 4 7 9 
77,2.07313e-06,2.39039e-06,1.902e-06,50,100,100,418340,2 1 14 3 5 11 10 6 13 12 0 8 4 7 9 
78,2.06195e-06,2.39039e-06,1.90437e-06,50,100,100,418340,2 1 14 3 5 11 10 6 13 12 0 8 4 7 9 
79,2.07768e-06,2.39039e-06,1.93162e-06,50,100,100,418340,2 1 14 3 5 11 10 6 13 12 0 8 4 7 9 
80,2.06963e-06,2.39039e-06,1.89237e-06,50,100,100,418340,2 1 14 3 5 11 10 6 13 12 0 8 4 7 9 
81,2.07672e-06,2.39039e-06,1.92812e-06,50,100,100,418340,2 1 14 3 5 11 10 6 13 12 0 8 4 7 9 
82,2.0789e-06,2.39039e-06,1.93733e-06,50,100,100,418340,2 1 14 3 5 11 10 6 13 12 0 8 4 7 9 
83,2.07581e-06,2.39039e-06,1.91732e-06,50,100,100,418340,2 1 14 3 5 11 10 6 13 12 0 8 4 7 9 
84,2.06549e-06,2.39039e-06,1.90088e-06,50,100,100,418340,2 1 14 3 5 11 10 6 13 12 0 8 4 7 9 
85,2.07466e-06,2.39039e-06,1.94415e-06,50,100,100,418340,2 1 14 3 5 11 10 6 13 12 0 8 4 7 9 
86,2.06417e-06,2.39039e-06,1.89575e-06,50,100,100,418340,2 1 14 3 5 11 10 6 13 12 0 8 4 7 9 
87,2.0594e-06,2.39039e-06,1.93109e-06,50,100,100,418340,2 1 14 3 5 11 10 6 13 12 0 8 4 7 9 
88,2.07228e-06,2.39039e-06,1.89309e-06,50,100,100,418340,2 1 14 3 5 11 10 6 13 12 0 8 4 7 9 
89,2.07727e-06,2.39039e-06,1.90719e-06,50,100,100,418340,2 1 14 3 5 11 10 6 13 12 0 8 4 7 9 
90,2.06216e-06,2.39039e-06,1.94286e-06,50,100,100,418340,2 1 14 3 5 11 10 6 13 12 0 8 4 7 9 
91,2.05576e-06,2.39039e-06,1.91933e-06,50,100,100,418340,2 1 14 3 5 11 10 6 13 12 0 8 4 7 9 
92,2.05956e-06,2.39039e-06,1.90826e-06,50,100,100,418340,2 1 14 3 5 11 10 6 13 12 0 8 4 7 9 
93,2.06786e-06,2.39039e-06,1.89488e-06,50,100,100,418340,2 1 14 3 5 11 10 6 13 12 0 8 4 7 9 
94,2.05424e-06,2.39039e-06,1.92112e-06,50,100,100,418340,2 1 14 3 5 11 10 6 13 12 0 8 4 7 9 
95,2.04359e-06,2.39039e-06,1.87348e-06,50,100,100,418340,2 1 14 3 5 11 10 6 13 12 0 8 4 7 9 
96,2.07007e-06,2.39039e-06,1.9116e-06,50,100,100,418340,2 1 14 3 5 11 10 6 13 12 0 8 4 7 9 
97,2.07542e-06,2.39039e-06,1.93491e-06,50,100,100,418340,2 1 14 3 5 11 10 6 13 12 0 8 4 7 9 
98,2.06465e-06,2.39039e-06,1.89802e-06,50,100,100,418340,2 1 14 3 5 11 10 6 13 12 0 8 4 7 9 
99,2.06176e-06,2.39039e-06,1.93171e-06,50,100,100,418340,2 1 14 3 5 11 10 6 13 12 0 8 4 7 9 
100,2.06221e-06,2.39039e-06,1.91209e-06,50,100,100,418340,2 1 14 3 5 11 10 6 13 12 0 8 4 7 9 
101,2.05461e-06,2.39039e-06,1.92165e-06,50,100,100,418340,2 1 14 3 5 11 10 6 13 12 0 8 4 7 9 
102,2.05844e-06,2.39039e-06,1.88269e-06,50,100,100,418340,2 1 14 3 5 11 10 6 13 12 0 8 4 7 9 
103,2.06228e-06,2.39039e-06,1.91201e-06,50,100,100,418340,2 1 14 3 5 11 10 6 13 12 0 8 4 7 9 
104,2.06487e-06,2.39039e-06,1.90901e-06,50,100,100,418340,2 1 14 3 5 11 10 6 13 12 0 8 4 7 9 
105,2.05978e-06,2.39039e-06,1.87647e-06,50,100,100,418340,2 1 14 3 5 11 10 6 13 12 0 8 4 7 9 
106,2.06978e-06,2.39039e-06,1.93779e-06,50,100,100,418340,2 1 14 3 5 11 10 6 13 12 0 8 4 7 9 
107,2.05458e-06,2.39039e-06,1.90557e-06,50,100,100,418340,2 1 14 3 5 11 10 6 13 12 0 8 4 7 9 
108,2.05414e-06,2.39039e-06,1.89647e-06,50,100,100,418340,2 1 14 3 5 11 10 6 13 12 0 8 4 7 9 
109,2.05002e-06,2.39039e-06,1.92499e-06,50,100,100,418340,2 1 14 3 5 11 10 6 13 12 0 8 4 7 9 
110,2.04956e-06,2.39039e-06,1.92565e-06,50,100,100,418340,2 1 14 3 5 11 10 6 13 12 0 8 4 7 9 
111,2.04259e-06,2.39039e-06,1.85968e-06,50,100,100,418340,2 1 14 3 5 11 10 6 13 12 0 8 4 7 9 
112,2.05264e-06,2.39039e-06,1.89914e-06,50,100,100,418340,2 1 14 3 5 11 10 6 13 12 0 8 4 7 9 
113,2.05702e-06,2.39039e-06,1.87125e-06,50,100,100,418340,2 1 14 3 5 11 10 6 13 12 0 8 4 7 9 
114,2.06423e-06,2.39039e-06,1.91947e-06,50,100,100,418340,2 1 14 3 5 11 10 6 13 12 0 8 4 7 9 
115,2.06306e-06,2.39039e-06,1.89275e-06,50,100,100,418340,2 1 14 3 5 11 10 6 13 12 0 8 4 7 9 
116,2.06928e-06,2.39039e-06,1.92472e-06,50,100,100,418340,2 1 14 3 5 11 10 6 13 12 0 8 4 7 9 
117,2.07353e-06,2.39039e-06,1.90313e-06,50,100,100,418340,2 1 14 3 5 11 10 6 13 12 0 8 4 7 9 
118,2.05654e-06,2.39039e-06,1.89136e-06,50,100,100,418340,2 1 14 3 5 11 10 6 13 12 0 8 4 7 9 
119,2.07334e-06,2.39039e-06,1.92435e-06,50,100,100,418340,2 1 14 3 5 11 10 6 13 12 0 8 4 7 9 
120,2.06436e-06,2.39039e-06,1.91626e-06,50,100,100,418340,2 1 14 3 5 11 10 6 13 12 0 8 4 7 9 
121,2.06101e-06,2.39039e-06,1.90552e-06,50,100,100,418340,2 1 14 3 5 11 10 6 13 12 0 8 4 7 9 
122,2.06958e-06,2.39039e-06,1.93171e-06,50,100,100,418340,2 1 14 3 5 11 10 6 13 12 0 8 4 7 9 
123,2.04984e-06,2.39039e-06,1.90131e-06,50,100,100,418340,2 1 14 3 5 11 10 6 13 12 0 8 4 7 9 
124,2.04743e-06,2.39039e-06,1.89105e-06,50,100,100,418340,2 1 14 3 5 11 10 6 13 12 0 8 4 7 9 
125,2.06965e-06,2.39039e-06,1.89491e-06,50,100,100,418340,2 1 14 3 5 11 10 6 13 12 0 8 4 7 9 
126,2.06164e-06,2.39039e-06,1.8913e-06,50,100,100,418340,2 1 14 3 5 11 10 6 13 12 0 8 4 7 9 
127,2.06376e-06,2.39039e-06,1.91332e-06,50,100,100,418340,2 1 14 3 5 11 10 6 13 12 0 8 4 7 9 
128,2.05715e-06,2.39039e-06,1.88149e-06,50,100,100,418340,2 1 14 3 5 11 10 6 13 12 0 8 4 7 9 
129,2.05837e-06,2.39039e-06,1.92447e-06,50,100,100,418340,2 1 14 3 5 11 10 6 13 12 0 8 4 7 9 
130,2.04812e-06,2.39039e-06,1.89724e-06,50,100,100,418340,2 1 14 3 5 11 10 6 13 12 0 8 4 7 9 
131,2.04458e-06,2.39039e-06,1.87301e-06,50,100,100,418340,2 1 14 3 5 11 10 6 13 12 0 8 4 7 9 
132,2.05394e-06,2.39039e-06,1.87062e-06,50,100,100,418340,2 1 14 3 5 11 10 6 13 12 0 8 4 7 9 
133,2.06065e-06,2.39039e-06,1.89888e-06,50,100,100,418340,2 1 14 3 5 11 10 6 13 12 0 8 4 7 9 
134,2.05566e-06,2.39039e-06,1.92633e-06,50,100,100,418340,2 1 14 3 5 11 10 6 13 12 0 8 4 7 9 
135,2.05924e-06,2.39039e-06,1.87963e-06,50,100,100,418340,2 1 14 3 5 11 10 6 13 12 0 8 4 7 9 
136,2.05836e-06,2.39039e-06,1.87402e-06,50,100,100,418340,2 1 14 3 5 11 10 6 13 12 0 8 4 7 9 
137,2.05828e-06,2.39039e-06,1.84498e-06,50,100,100,418340,2 1 14 3 5 11 10 6 13 12 0 8 4 7 9 
138,2.06e-06,2.39039e-06,1.91364e-06,50,100,100,418340,2 1 14 3 5 11 10 6 13 12 0 8 4 7 9 
139,2.06913e-06,2.39039e-06,1.8836e-06,50,100,100,418340,2 1 14 3 5 11 10 6 13 12 0 8 4 7 9 
140,2.05857e-06,2.39039e-06,1.89493e-06,50,100,100,418340,2 1 14 3 5 11 10 6 13 12 0 8 4 7 9 
141,2.05708e-06,2.39039e-06,1.91622e-06,50,100,100,418340,2 1 14 3 5 11 10 6 13 12 0 8 4 7 9 
142,2.06719e-06,2.39039e-06,1.85183e-06,50,100,100,418340,2 1 14 3 5 11 10 6 13 12 0 8 4 7 9 
143,2.05131e-06,2.39039e-06,1.85491e-06,50,100,100,418340,2 1 14 3 5 11 10 6 13 12 0 8 4 7 9 
144,2.05412e-06,2.39039e-06,1.93187e-06,50,100,100,418340,2 1 14 3 5 11 10 6 13 12 0 8 4 7 9 
145,2.0638e-06,2.39039e-06,1.91033e-06,50,100,100,418340,2 1 14 3 5 11 10 6 13 12 0 8 4 7 9 
146,2.07831e-06,2.39039e-06,1.93167e-06,50,100,100,418340,2 1 14 3 5 11 10 6 13 12 0 8 4 7 9 
147,2.08195e-06,2.39039e-06,1.85606e-06,50,100,100,418340,2 1 14 3 5 11 10 6 13 12 0 8 4 7 9 
148,2.0571e-06,2.39039e-06,1.92933e-06,50,100,100,418340,2 1 14 3 5 11 10 6 13 12 0 8 4 7 9 
149,2.05498e-06,2.39039e-06,1.91595e-06,50,100,100,418340,2 1 14 3 5 11 10 6 13 12 0 8 4 7 9 
150,2.05846e-06,2.39039e-06,1.88076e-06,50,100,100,418340,2 1 14 3 5 11 10 6 13 12 0 8 4 7 9 
151,2.06516e-06,2.39039e-06,1.94738e-06,50,100,100,418340,2 1 14 3 5 11 10 6 13 12 0 8 4 7 9 
152,2.06974e-06,2.39039e-06,1.94268e-06,50,100,100,418340,2 1 14 3 5 11 10 6 13 12 0 8 4 7 9 
153,2.05899e-06,2.39039e-06,1.88331e-06,50,100,100,418340,2 1 14 3 5 11 10 6 13 12 0 8 4 7 9 
154,2.04643e-06,2.39039e-06,1.93328e-06,50,100,100,418340,2 1 14 3 5 11 10 6 13 12 0 8 4 7 9 
155,2.06081e-06,2.39039e-06,1.92111e-06,50,100,100,418340,2 1 14 3 5 11 10 6 13 12 0 8 4 7 9 
156,2.06843e-06,2.39039e-06,1.94157e-06,50,100,100,418340,2 1 14 3 5 11 10 6 13 12 0 8 4 7 9 
157,2.07943e-06,2.39039e-06,1.89375e-06,50,100,100,418340,2 1 14 3 5 11 10 6 13 12 0 8 4 7 9 
158,2.06143e-06,2.39039e-06,1.87442e-06,50,100,100,418340,2 1 14 3 5 11 10 6 13 12 0 8 4 7 9 
159,2.06563e-06,2.39039e-06,1.9353e-06,50,100,100,418340,2 1 14 3 5 11 10 6 13 12 0 8 4 7 9 
160,2.05881e-06,2.39039e-06,1.85348e-06,50,100,100,418340,2 1 14 3 5 11 10 6 13 12 0 8 4 7 9 
161,2.05401e-06,2.39039e-06,1.92509e-06,50,100,100,418340,2 1 14 3 5 11 10 6 13 12 0 8 4 7 9 
162,2.05241e-06,2.39039e-06,1.92834e-06,50,100,100,418340,2 1 14 3 5 11 10 6 13 12 0 8 4 7 9 
163,2.06565e-06,2.39039e-06,1.92757e-06,50,100,100,418340,2 1 14 3 5 11 10 6 13 12 0 8 4 7 9 
164,2.04783e-06,2.39039e-06,1.91648e-06,50,100,100,418340,2 1 14 3 5 11 10 6 13 12 0 8 4 7 9 
165,2.05586e-06,2.39039e-06,1.9231e-06,50,100,100,418340,2 1 14 3 5 11 10 6 13 12 0 8 4 7 9 
166,2.04828e-06,2.39039e-06,1.92058e-06,50,100,100,418340,2 1 14 3 5 11 10 6 13 12 0 8 4 7 9 
167,2.05124e-06,2.39039e-06,1.87454e-06,50,100,100,418340,2 1 14 3 5 11 10 6 13 12 0 8 4 7 9 
168,2.05251e-06,2.39039e-06,1.90248e-06,50,100,100,418340,2 1 14 3 5 11 10 6 13 12 0 8 4 7 9 
169,2.05155e-06,2.39039e-06,1.90292e-06,50,100,100,418340,2 1 14 3 5 11 10 6 13 12 0 8 4 7 9 
170,2.04822e-06,2.39039e-06,1.89708e-06,50,100,100,418340,2 1 14 3 5 11 10 6 13 12 0 8 4 7 9 
171,2.07874e-06,2.39039e-06,1.93227e-06,50,100,100,418340,2 1 14 3 5 11 10 6 13 12 0 8 4 7 9 
172,2.06907e-06,2.39039e-06,1.91926e-06,50,100,100,418340,2 1 14 3 5 11 10 6 13 12 0 8 4 7 9 
173,2.06798e-06,2.39039e-06,1.91551e-06,50,100,100,418340,2 1 14 3 5 11 10 6 13 12 0 8 4 7 9 
174,2.06715e-06,2.39039e-06,1.89549e-06,50,100,100,418340,2 1 14 3 5 11 10 6 13 12 0 8 4 7 9 
175,2.06628e-06,2.39039e-06,1.9122e-06,50,100,100,418340,2 1 14 3 5 11 10 6 13 12 0 8 4 7 9 
176,2.05366e-06,2.39039e-06,1.89302e-06,50,100,100,418340,2 1 14 3 5 11 10 6 13 12 0 8 4 7 9 
177,2.06293e-06,2.39039e-06,1.92928e-06,50,100,100,418340,2 1 14 3 5 11 10 6 13 12 0 8 4 7 9 
178,2.06032e-06,2.39039e-06,1.9254e-06,50,100,100,418340,2 1 14 3 5 11 10 6 13 12 0 8 4 7 9 
179,2.05769e-06,2.39039e-06,1.8888e-06,50,100,100,418340,2 1 14 3 5 11 10 6 13 12 0 8 4 7 9 
180,2.06235e-06,2.39039e-06,1.89888e-06,50,100,100,418340,2 1 14 3 5 11 10 6 13 12 0 8 4 7 9 
181,2.06593e-06,2.39039e-06,1.90689e-06,50,100,100,418340,2 1 14 3 5 11 10 6 13 12 0 8 4 7 9 
182,2.05561e-06,2.39039e-06,1.89555e-06,50,100,100,418340,2 1 14 3 5 11 10 6 13 12 0 8 4 7 9 
183,2.05724e-06,2.39039e-06,1.90059e-06,50,100,100,418340,2 1 14 3 5 11 10 6 13 12 0 8 4 7 9 
184,2.05688e-06,2.39039e-06,1.89447e-06,50,100,100,418340,2 1 14 3 5 11 10 6 13 12 0 8 4 7 9 
185,2.06201e-06,2.39039e-06,1.90796e-06,50,100,100,418340,2 1 14 3 5 11 10 6 13 12 0 8 4 7 9 
186,2.05943e-06,2.39039e-06,1.91014e-06,50,100,100,418340,2 1 14 3 5 11 10 6 13 12 0 8 4 7 9 
187,2.07105e-06,2.39039e-06,1.91963e-06,50,100,100,418340,2 1 14 3 5 11 10 6 13 12 0 8 4 7 9 
188,2.06744e-06,2.39039e-06,1.89677e-06,50,100,100,418340,2 1 14 3 5 11 10 6 13 12 0 8 4 7 9 
189,2.06107e-06,2.39039e-06,1.89534e-06,50,100,100,418340,2 1 14 3 5 11 10 6 13 12 0 8 4 7 9 
190,2.05898e-06,2.39039e-06,1.90726e-06,50,100,100,418340,2 1 14 3 5 11 10 6 13 12 0 8 4 7 9 
191,2.06696e-06,2.39039e-06,1.936e-06,50,100,100,418340,2 1 14 3 5 11 10 6 13 12 0 8 4 7 9 
192,2.07061e-06,2.39039e-06,1.90888e-06,50,100,100,418340,2 1 14 3 5 11 10 6 13 12 0 8 4 7 9 
193,2.06589e-06,2.39039e-06,1.9155e-06,50,100,100,418340,2 1 14 3 5 11 10 6 13 12 0 8 4 7 9 
194,2.05447e-06,2.39039e-06,1.91801e-06,50,100,100,418340,2 1 14 3 5 11 10 6 13 12 0 8 4 7 9 
195,2.04737e-06,2.39039e-06,1.90164e-06,50,100,100,418340,2 1 14 3 5 11 10 6 13 12 0 8 4 7 9 
196,2.04609e-06,2.39039e-06,1.90054e-06,50,100,100,418340,2 1 14 3 5 11 10 6 13 12 0 8 4 7 9 
197,2.06347e-06,2.39039e-06,1.90492e-06,50,100,100,418340,2 1 14 3 5 11 10 6 13 12 0 8 4 7 9 
198,2.06086e-06,2.39039e-06,1.91285e-06,50,100,100,418340,2 1 14 3 5 11 10 6 13 12 0 8 4 7 9 
199,2.06553e-06,2.39039e-06,1.92114e-06,50,100,100,418340,2 1 14 3 5 11 10 6 13 12 0 8 4 7 9 
200,2.05962e-06,2.39039e-06,1.87423e-06,50,100,100,418340,2 1 14 3 5 11 10 6 13 12 0 8 4 7 9 
201,2.0583e-06,2.39039e-06,1.91519e-06,50,100,100,418340,2 1 14 3 5 11 10 6 13 12 0 8 4 7 9 
202,2.05609e-06,2.39039e-06,1.91887e-06,50,100,100,418340,2 1 14 3 5 11 10 6 13 12 0 8 4 7 9 
203,2.05313e-06,2.39039e-06,1.89033e-06,50,100,100,418340,2 1 14 3 5 11 10 6 13 12 0 8 4 7 9 
204,2.0561e-06,2.40882e-06,1.90405e-06,50,100,100,415140,10 1 14 3 5 11 2 6 13 12 0 8 4 7 9 
205,2.05939e-06,2.40882e-06,1.91691e-06,50,100,100,415140,10 1 14 3 5 11 2 6 13 12 0 8 4 7 9 
206,2.04365e-06,2.40882e-06,1.92375e-06,50,100,100,415140,10 1 14 3 5 11 2 6 13 12 0 8 4 7 9 
207,2.04347e-06,2.40882e-06,1.91831e-06,50,100,100,415140,10 1 14 3 5 11 2 6 13 12 0 8 4 7 9 
208,2.05065e-06,2.40882e-06,1.91649e-06,50,100,100,415140,10 1 14 3 5 11 2 6 13 12 0 8 4 7 9 
209,2.0521e-06,2.40882e-06,1.86888e-06,50,100,100,415140,10 1 14 3 5 11 2 6 13 12 0 8 4 7 9 
210,2.05098e-06,2.40882e-06,1.91457e-06,50,100,100,415140,10 1 14 3 5 11 2 6 13 12 0 8 4 7 9 
211,2.05119e-06,2.40882e-06,1.89005e-06,50,100,100,415140,10 1 14 3 5 11 2 6 13 12 0 8 4 7 9 
212,2.04293e-06,2.40882e-06,1.88739e-06,50,100,100,415140,10 1 14 3 5 11 2 6 13 12 0 8 4 7 9 
213,2.0371e-06,2.40882e-06,1.87039e-06,50,100,100,415140,10 1 14 3 5 11 2 6 13 12 0 8 4 7 9 
214,2.04848e-06,2.40882e-06,1.91057e-06,50,100,100,415140,10 1 14 3 5 11 2 6 13 12 0 8 4 7 9 
215,2.06442e-06,2.40882e-06,1.88531e-06,50,100,100,415140,10 1 14 3 5 11 2 6 13 12 0 8 4 7 9 
216,2.07428e-06,2.40882e-06,1.90793e-06,50,100,100,415140,10 1 14 3 5 11 2 6 13 12 0 8 4 7 9 
217,2.06119e-06,2.40882e-06,1.89672e-06,50,100,100,415140,10 1 14 3 5 11 2 6 13 12 0 8 4 7 9 
218,2.07254e-06,2.40882e-06,1.94063e-06,50,100,100,415140,10 1 14 3 5 11 2 6 13 12 0 8 4 7 9 
219,2.06204e-06,2.40882e-06,1.88471e-06,50,100,100,415140,10 1 14 3 5 11 2 6 13 12 0 8 4 7 9 
220,2.05802e-06,2.40882e-06,1.90093e-06,50,100,100,415140,10 1 14 3 5 11 2 6 13 12 0 8 4 7 9 
221,2.0612e-06,2.40882e-06,1.90471e-06,50,100,100,415140,10 1 14 3 5 11 2 6 13 12 0 8 4 7 9 
222,2.05589e-06,2.40882e-06,1.87753e-06,50,100,100,415140,10 1 14 3 5 11 2 6 13 12 0 8 4 7 9 
223,2.0496e-06,2.40882e-06,1.90088e-06,50,100,100,415140,10 1 14 3 5 11 2 6 13 12 0 8 4 7 9 
224,2.06746e-06,2.40882e-06,1.9423e-06,50,100,100,415140,10 1 14 3 5 11 2 6 13 12 0 8 4 7 9 
225,2.06727e-06,2.40882e-06,1.93395e-06,50,100,100,415140,10 1 14 3 5 11 2 6 13 12 0 8 4 7 9 
226,2.06843e-06,2.40882e-06,1.93319e-06,50,100,100,415140,10 1 14 3 5 11 2 6 13 12 0 8 4 7 9 
227,2.0633e-06,2.40882e-06,1.94592e-06,50,100,100,415140,10 1 14 3 5 11 2 6 13 12 0 8 4 7 9 
228,2.0696e-06,2.40882e-06,1.91551e-06,50,100,100,415140,10 1 14 3 5 11 2 6 13 12 0 8 4 7 9 
229,2.06752e-06,2.40882e-06,1.91581e-06,50,100,100,415140,10 1 14 3 5 11 2 6 13 12 0 8 4 7 9 
230,2.066e-06,2.40882e-06,1.90477e-06,50,100,100,415140,10 1 14 3 5 11 2 6 13 12 0 8 4 7 9 
231,2.05954e-06,2.40882e-06,1.90518e-06,50,100,100,415140,10 1 14 3 5 11 2 6 13 12 0 8 4 7 9 
232,2.08243e-06,2.40882e-06,1.95634e-06,50,100,100,415140,10 1 14 3 5 11 2 6 13 12 0 8 4 7 9 
233,2.07464e-06,2.40882e-06,1.9291e-06,50,100,100,415140,10 1 14 3 5 11 2 6 13 12 0 8 4 7 9 
234,2.07532e-06,2.40882e-06,1.93161e-06,50,100,100,415140,10 1 14 3 5 11 2 6 13 12 0 8 4 7 9 
235,2.06796e-06,2.40882e-06,1.92681e-06,50,100,100,415140,10 1 14 3 5 11 2 6 13 12 0 8 4 7 9 
236,2.07063e-06,2.40882e-06,1.91124e-06,50,100,100,415140,10 1 14 3 5 11 2 6 13 12 0 8 4 7 9 
237,2.06546e-06,2.40882e-06,1.91446e-06,50,100,100,415140,10 1 14 3 5 11 2 6 13 12 0 8 4 7 9 
238,2.06106e-06,2.40882e-06,1.92154e-06,50,100,100,415140,10 1 14 3 5 11 2 6 13 12 0 8 4 7 9 
239,2.05531e-06,2.40882e-06,1.90288e-06,50,100,100,415140,10 1 14 3 5 11 2 6 13 12 0 8 4 7 9 
240,2.05472e-06,2.40882e-06,1.90579e-06,50,100,100,415140,10 1 14 3 5 11 2 6 13 12 0 8 4 7 9 
241,2.06842e-06,2.40882e-06,1.90253e-06,50,100,100,415140,10 1 14 3 5 11 2 6 13 12 0 8 4 7 9 
242,2.06138e-06,2.40882e-06,1.91144e-06,50,100,100,415140,10 1 14 3 5 11 2 6 13 12 0 8 4 7 9 
243,2.05525e-06,2.40882e-06,1.88527e-06,50,100,100,415140,10 1 14 3 5 11 2 6 13 12 0 8 4 7 9 
244,2.06761e-06,2.40882e-06,1.93314e-06,50,100,100,415140,10 1 14 3 5 11 2 6 13 12 0 8 4 7 9 
245,2.06912e-06,2.40882e-06,1.89265e-06,50,100,100,415140,10 1 14 3 5 11 2 6 13 12 0 8 4 7 9 
246,2.06568e-06,2.40882e-06,1.92971e-06,50,100,100,415140,10 1 14 3 5 11 2 6 13 12 0 8 4 7 9 
247,2.08025e-06,2.40882e-06,1.93175e-06,50,100,100,415140,10 1 14 3 5 11 2 6 13 12 0 8 4 7 9 
248,2.06176e-06,2.40882e-06,1.90657e-06,50,100,100,415140,10 1 14 3 5 11 2 6 13 12 0 8 4 7 9 
249,2.06308e-06,2.40882e-06,1.86621e-06,50,100,100,415140,10 1 14 3 5 11 2 6 13 12 0 8 4 7 9 
250,2.06118e-06,2.40882e-06,1.91249e-06,50,100,100,415140,10 1 14 3 5 11 2 6 13 12 0 8 4 7 9 
251,2.05208e-06,2.40882e-06,1.94263e-06,50,100,100,415140,10 1 14 3 5 11 2 6 13 12 0 8 4 7 9 
252,2.05713e-06,2.40882e-06,1.91661e-06,50,100,100,415140,10 1 14 3 5 11 2 6 13 12 0 8 4 7 9 
253,2.07016e-06,2.40882e-06,1.94067e-06,50,100,100,415140,10 1 14 3 5 11 2 6 13 12 0 8 4 7 9 
254,2.06217e-06,2.40882e-06,1.89387e-06,50,100,100,415140,10 1 14 3 5 11 2 6 13 12 0 8 4 7 9 
255,2.06188e-06,2.40882e-06,1.89826e-06,50,100,100,415140,10 1 14 3 5 11 2 6 13 12 0 8 4 7 9 
256,2.0669e-06,2.40882e-06,1.92555e-06,50,100,100,415140,10 1 14 3 5 11 2 6 13 12 0 8 4 7 9 
257,2.0729e-06,2.40882e-06,1.91221e-06,50,100,100,415140,10 1 14 3 5 11 2 6 13 12 0 8 4 7 9 
258,2.07283e-06,2.40882e-06,1.88219e-06,50,100,100,415140,10 1 14 3 5 11 2 6 13 12 0 8 4 7 9 
259,2.07304e-06,2.40882e-06,1.89419e-06,50,100,100,415140,10 1 14 3 5 11 2 6 13 12 0 8 4 7 9 
260,2.06564e-06,2.40882e-06,1.8895e-06,50,100,100,415140,10 1 14 3 5 11 2 6 13 12 0 8 4 7 9 
261,2.06685e-06,2.40882e-06,1.94346e-06,50,100,100,415140,10 1 14 3 5 11 2 6 13 12 0 8 4 7 9 
262,2.05938e-06,2.40882e-06,1.91211e-06,50,100,100,415140,10 1 14 3 5 11 2 6 13 12 0 8 4 7 9 
263,2.04918e-06,2.40882e-06,1.90123e-06,50,100,100,415140,10 1 14 3 5 11 2 6 13 12 0 8 4 7 9 
264,2.06576e-06,2.40882e-06,1.86798e-06,50,100,100,415140,10 1 14 3 5 11 2 6 13 12 0 8 4 7 9 
265,2.07723e-06,2.40882e-06,1.87249e-06,50,100,100,415140,10 1 14 3 5 11 2 6 13 12 0 8 4 7 9 
266,2.06785e-06,2.40882e-06,1.93521e-06,50,100,100,415140,10 1 14 3 5 11 2 6 13 12 0 8 4 7 9 
267,2.06186e-06,2.40882e-06,1.91325e-06,50,100,100,415140,10 1 14 3 5 11 2 6 13 12 0 8 4 7 9 
268,2.05706e-06,2.40882e-06,1.93414e-06,50,100,100,415140,10 1 14 3 5 11 2 6 13 12 0 8 4 7 9 
269,2.05829e-06,2.40882e-06,1.90855e-06,50,100,100,415140,10 1 14 3 5 11 2 6 13 12 0 8 4 7 9 
270,2.05844e-06,2.40882e-06,1.88972e-06,50,100,100,415140,10 1 14 3 5 11 2 6 13 12 0 8 4 7 9 
271,2.05491e-06,2.40882e-06,1.89737e-06,50,100,100,415140,10 1 14 3 5 11 2 6 13 12 0 8 4 7 9 
272,2.06373e-06,2.40882e-06,1.91464e-06,50,100,100,415140,10 1 14 3 5 11 2 6 13 12 0 8 4 7 9 
273,2.06093e-06,2.40882e-06,1.9082e-06,50,100,100,415140,10 1 14 3 5 11 2 6 13 12 0 8 4 7 9 
274,2.06067e-06,2.40882e-06,1.90035e-06,50,100,100,415140,10 1 14 3 5 11 2 6 13 12 0 8 4 7 9 
275,2.0674e-06,2.40882e-06,1.89229e-06,50,100,100,415140,10 1 14 3 5 11 2 6 13 12 0 8 4 7 9 
276,2.06969e-06,2.40882e-06,1.90324e-06,50,100,100,415140,10 1 14 3 5 11 2 6 13 12 0 8 4 7 9 
277,2.06891e-06,2.40882e-06,1.91274e-06,50,100,100,415140,10 1 14 3 5 11 2 6 13 12 0 8 4 7 9 
278,2.06776e-06,2.40882e-06,1.92805e-06,50,100,100,415140,10 1 14 3 5 11 2 6 13 12 0 8 4 7 9 
279,2.07579e-06,2.40882e-06,1.93296e-06,50,100,100,415140,10 1 14 3 5 11 2 6 13 12 0 8 4 7 9 
280,2.07836e-06,2.40882e-06,1.91337e-06,50,100,100,415140,10 1 14 3 5 11 2 6 13 12 0 8 4 7 9 
281,2.05762e-06,2.40882e-06,1.89681e-06,50,100,100,415140,10 1 14 3 5 11 2 6 13 12 0 8 4 7 9 
282,2.07328e-06,2.40882e-06,1.92964e-06,50,100,100,415140,10 1 14 3 5 11 2 6 13 12 0 8 4 7 9 
283,2.06073e-06,2.40882e-06,1.88006e-06,50,100,100,415140,10 1 14 3 5 11 2 6 13 12 0 8 4 7 9 
284,2.05921e-06,2.40882e-06,1.90741e-06,50,100,100,415140,10 1 14 3 5 11 2 6 13 12 0 8 4 7 9 
285,2.04802e-06,2.40882e-06,1.90353e-06,50,100,100,415140,10 1 14 3 5 11 2 6 13 12 0 8 4 7 9 
286,2.05876e-06,2.40882e-06,1.88828e-06,50,100,100,415140,10 1 14 3 5 11 2 6 13 12 0 8 4 7 9 
287,2.05529e-06,2.40882e-06,1.91746e-06,50,100,100,415140,10 1 14 3 5 11 2 6 13 12 0 8 4 7 9 
288,2.06187e-06,2.40882e-06,1.91479e-06,50,100,100,415140,10 1 14 3 5 11 2 6 13 12 0 8 4 7 9 
289,2.06898e-06,2.40882e-06,1.89432e-06,50,100,100,415140,10 1 14 3 5 11 2 6 13 12 0 8 4 7 9 
290,2.05958e-06,2.40882e-06,1.90308e-06,50,100,100,415140,10 1 14 3 5 11 2 6 13 12 0 8 4 7 9 
291,2.07669e-06,2.40882e-06,1.91486e-06,50,100,100,415140,10 1 14 3 5 11 2 6 13 12 0 8 4 7 9 
292,2.05821e-06,2.40882e-06,1.89096e-06,50,100,100,415140,10 1 14 3 5 11 2 6 13 12 0 8 4 7 9 
293,2.06017e-06,2.40882e-06,1.91583e-06,50,100,100,415140,10 1 14 3 5 11 2 6 13 12 0 8 4 7 9 
294,2.06593e-06,2.40882e-06,1.92916e-06,50,100,100,415140,10 1 14 3 5 11 2 6 13 12 0 8 4 7 9 
295,2.05977e-06,2.40882e-06,1.89053e-06,50,100,100,415140,10 1 14 3 5 11 2 6 13 12 0 8 4 7 9 
296,2.0547e-06,2.40882e-06,1.89186e-06,50,100,100,415140,10 1 14 3 5 11 2 6 13 12 0 8 4 7 9 
297,2.05492e-06,2.40882e-06,1.8935e-06,50,100,100,415140,10 1 14 3 5 11 2 6 13 12 0 8 4 7 9 
298,2.06266e-06,2.40882e-06,1.90324e-06,50,100,100,415140,10 1 14 3 5 11 2 6 13 12 0 8 4 7 9 
299,2.06338e-06,2.40882e-06,1.90617e-06,50,100,100,415140,10 1 14 3 5 11 2 6 13 12 0 8 4 7 9 
300,2.04997e-06,2.40882e-06,1.93153e-06,50,100,100,415140,10 1 14 3 5 11 2 6 13 12 0 8 4 7 9 
301,2.05337e-06,2.40882e-06,1.91025e-06,50,100,100,415140,10 1 14 3 5 11 2 6 13 12 0 8 4 7 9 
302,2.06883e-06,2.40882e-06,1.89273e-06,50,100,100,415140,10 1 14 3 5 11 2 6 13 12 0 8 4 7 9 
303,2.06334e-06,2.40882e-06,1.91024e-06,50,100,100,415140,10 1 14 3 5 11 2 6 13 12 0 8 4 7 9 
304,2.06716e-06,2.40882e-06,1.9033e-06,50,100,100,415140,10 1 14 3 5 11 2 6 13 12 0 8 4 7 9 
305,2.06651e-06,2.40882e-06,1.89116e-06,50,100,100,415140,10 1 14 3 5 11 2 6 13 12 0 8 4 7 9 
306,2.05472e-06,2.40882e-06,1.90855e-06,50,100,100,415140,10 1 14 3 5 11 2 6 13 12 0 8 4 7 9 
307,2.06057e-06,2.40882e-06,1.88717e-06,50,100,100,415140,10 1 14 3 5 11 2 6 13 12 0 8 4 7 9 
308,2.05968e-06,2.40882e-06,1.8953e-06,50,100,100,415140,10 1 14 3 5 11 2 6 13 12 0 8 4 7 9 
309,2.06585e-06,2.40882e-06,1.91739e-06,50,100,100,415140,10 1 14 3 5 11 2 6 13 12 0 8 4 7 9 
310,2.0599e-06,2.40882e-06,1.87322e-06,50,100,100,415140,10 1 14 3 5 11 2 6 13 12 0 8 4 7 9 
311,2.05471e-06,2.40882e-06,1.91785e-06,50,100,100,415140,10 1 14 3 5 11 2 6 13 12 0 8 4 7 9 
312,2.05892e-06,2.40882e-06,1.88514e-06,50,100,100,415140,10 1 14 3 5 11 2 6 13 12 0 8 4 7 9 
313,2.06452e-06,2.40882e-06,1.90062e-06,50,100,100,415140,10 1 14 3 5 11 2 6 13 12 0 8 4 7 9 
314,2.06403e-06,2.40882e-06,1.91851e-06,50,100,100,415140,10 1 14 3 5 11 2 6 13 12 0 8 4 7 9 
315,2.06201e-06,2.40882e-06,1.90611e-06,50,100,100,415140,10 1 14 3 5 11 2 6 13 12 0 8 4 7 9 
316,2.0643e-06,2.40882e-06,1.91257e-06,50,100,100,415140,10 1 14 3 5 11 2 6 13 12 0 8 4 7 9 
317,2.05299e-06,2.40882e-06,1.91212e-06,50,100,100,415140,10 1 14 3 5 11 2 6 13 12 0 8 4 7 9 
318,2.0578e-06,2.40882e-06,1.92986e-06,50,100,100,415140,10 1 14 3 5 11 2 6 13 12 0 8 4 7 9 
319,2.05675e-06,2.40882e-06,1.90954e-06,50,100,100,415140,10 1 14 3 5 11 2 6 13 12 0 8 4 7 9 
320,2.0579e-06,2.40882e-06,1.92522e-06,50,100,100,415140,10 1 14 3 5 11 2 6 13 12 0 8 4 7 9 
321,2.07423e-06,2.40882e-06,1.92067e-06,50,100,100,415140,10 1 14 3 5 11 2 6 13 12 0 8 4 7 9 
322,2.06765e-06,2.40882e-06,1.90159e-06,50,100,100,415140,10 1 14 3 5 11 2 6 13 12 0 8 4 7 9 
323,2.06457e-06,2.40882e-06,1.93843e-06,50,100,100,415140,10 1 14 3 5 11 2 6 13 12 0 8 4 7 9 
324,2.06177e-06,2.40882e-06,1.92223e-06,50,100,100,415140,10 1 14 3 5 11 2 6 13 12 0 8 4 7 9 
325,2.07027e-06,2.40882e-06,1.95608e-06,50,100,100,415140,10 1 14 3 5 11 2 6 13 12 0 8 4 7 9 
326,2.06326e-06,2.40882e-06,1.93004e-06,50,100,100,415140,10 1 14 3 5 11 2 6 13 12 0 8 4 7 9 
327,2.07241e-06,2.40882e-06,1.93344e-06,50,100,100,415140,10 1 14 3 5 11 2 6 13 12 0 8 4 7 9 
328,2.0576e-06,2.40882e-06,1.89468e-06,50,100,100,415140,10 1 14 3 5 11 2 6 13 12 0 8 4 7 9 
329,2.06838e-06,2.40882e-06,1.9233e-06,50,100,100,415140,10 1 14 3 5 11 2 6 13 12 0 8 4 7 9 
330,2.06639e-06,2.40882e-06,1.91909e-06,50,100,100,415140,10 1 14 3 5 11 2 6 13 12 0 8 4 7 9 
331,2.06935e-06,2.40882e-06,1.8943e-06,50,100,100,415140,10 1 14 3 5 11 2 6 13 12 0 8 4 7 9 
332,2.07091e-06,2.40882e-06,1.90736e-06,50,100,100,415140,10 1 14 3 5 11 2 6 13 12 0 8 4 7 9 
333,2.06624e-06,2.40882e-06,1.91553e-06,50,100,100,415140,10 1 14 3 5 11 2 6 13 12 0 8 4 7 9 
334,2.06384e-06,2.40882e-06,1.9021e-06,50,100,100,415140,10 1 14 3 5 11 2 6 13 12 0 8 4 7 9 
335,2.06365e-06,2.40882e-06,1.91258e-06,50,100,100,415140,10 1 14 3 5 11 2 6 13 12 0 8 4 7 9 
336,2.06147e-06,2.40882e-06,1.93344e-06,50,100,100,415140,10 1 14 3 5 11 2 6 13 12 0 8 4 7 9 
337,2.06024e-06,2.40882e-06,1.86432e-06,50,100,100,415140,10 1 14 3 5 11 2 6 13 12 0 8 4 7 9 
338,2.03855e-06,2.40882e-06,1.89875e-06,50,100,100,415140,10 1 14 3 5 11 2 6 13 12 0 8 4 7 9 
339,2.05596e-06,2.40882e-06,1.92624e-06,50,100,100,415140,10 1 14 3 5 11 2 6 13 12 0 8 4 7 9 
340,2.06655e-06,2.40882e-06,1.90833e-06,50,100,100,415140,10 1 14 3 5 11 2 6 13 12 0 8 4 7 9 
341,2.06286e-06,2.40882e-06,1.92333e-06,50,100,100,415140,10 1 14 3 5 11 2 6 13 12 0 8 4 7 9 
342,2.05864e-06,2.40882e-06,1.90938e-06,50,100,100,415140,10 1 14 3 5 11 2 6 13 12 0 8 4 7 9 
343,2.05228e-06,2.40882e-06,1.88053e-06,50,100,100,415140,10 1 14 3 5 11 2 6 13 12 0 8 4 7 9 
344,2.05799e-06,2.40882e-06,1.903e-06,50,100,100,415140,10 1 14 3 5 11 2 6 13 12 0 8 4 7 9 
345,2.0634e-06,2.40882e-06,1.90613e-06,50,100,100,415140,10 1 14 3 5 11 2 6 13 12 0 8 4 7 9 
346,2.0556e-06,2.40882e-06,1.9131e-06,50,100,100,415140,10 1 14 3 5 11 2 6 13 12 0 8 4 7 9 
347,2.0562e-06,2.40882e-06,1.8796e-06,50,100,100,415140,10 1 14 3 5 11 2 6 13 12 0 8 4 7 9 
348,2.05903e-06,2.40882e-06,1.895e-06,50,100,100,415140,10 1 14 3 5 11 2 6 13 12 0 8 4 7 9 
349,2.05491e-06,2.40882e-06,1.87924e-06,50,100,100,415140,10 1 14 3 5 11 2 6 13 12 0 8 4 7 9 
350,2.05199e-06,2.40882e-06,1.91056e-06,50,100,100,415140,10 1 14 3 5 11 2 6 13 12 0 8 4 7 9 
351,2.06851e-06,2.40882e-06,1.93206e-06,50,100,100,415140,10 1 14 3 5 11 2 6 13 12 0 8 4 7 9 
352,2.05984e-06,2.40882e-06,1.91731e-06,50,100,100,415140,10 1 14 3 5 11 2 6 13 12 0 8 4 7 9 
353,2.06455e-06,2.40882e-06,1.89847e-06,50,100,100,415140,10 1 14 3 5 11 2 6 13 12 0 8 4 7 9 
354,2.0667e-06,2.40882e-06,1.90245e-06,50,100,100,415140,10 1 14 3 5 11 2 6 13 12 0 8 4 7 9 
355,2.05071e-06,2.40882e-06,1.92864e-06,50,100,100,415140,10 1 14 3 5 11 2 6 13 12 0 8 4 7 9 
356,2.06404e-06,2.40882e-06,1.92496e-06,50,100,100,415140,10 1 14 3 5 11 2 6 13 12 0 8 4 7 9 
357,2.0698e-06,2.40882e-06,1.90389e-06,50,100,100,415140,10 1 14 3 5 11 2 6 13 12 0 8 4 7 9 
358,2.06613e-06,2.40882e-06,1.92484e-06,50,100,100,415140,10 1 14 3 5 11 2 6 13 12 0 8 4 7 9 
359,2.05303e-06,2.40882e-06,1.90713e-06,50,100,100,415140,10 1 14 3 5 11 2 6 13 12 0 8 4 7 9 
360,2.06371e-06,2.40882e-06,1.90215e-06,50,100,100,415140,10 1 14 3 5 11 2 6 13 12 0 8 4 7 9 
361,2.06767e-06,2.40882e-06,1.92095e-06,50,100,100,415140,10 1 14 3 5 11 2 6 13 12 0 8 4 7 9 
362,2.05764e-06,2.40882e-06,1.90648e-06,50,100,100,415140,10 1 14 3 5 11 2 6 13 12 0 8 4 7 9 
363,2.06215e-06,2.40882e-06,1.91466e-06,50,100,100,415140,10 1 14 3 5 11 2 6 13 12 0 8 4 7 9 
364,2.05118e-06,2.40882e-06,1.91162e-06,50,100,100,415140,10 1 14 3 5 11 2 6 13 12 0 8 4 7 9 
365,2.06319e-06,2.40882e-06,1.91108e-06,50,100,100,415140,10 1 14 3 5 11 2 6 13 12 0 8 4 7 9 
366,2.06586e-06,2.40882e-06,1.92153e-06,50,100,100,415140,10 1 14 3 5 11 2 6 13 12 0 8 4 7 9 
367,2.0679e-06,2.40882e-06,1.91782e-06,50,100,100,415140,10 1 14 3 5 11 2 6 13 12 0 8 4 7 9 
368,2.08322e-06,2.40882e-06,1.90311e-06,50,100,100,415140,10 1 14 3 5 11 2 6 13 12 0 8 4 7 9 
369,2.06464e-06,2.40882e-06,1.89621e-06,50,100,100,415140,10 1 14 3 5 11 2 6 13 12 0 8 4 7 9 
370,2.05412e-06,2.40882e-06,1.89346e-06,50,100,100,415140,10 1 14 3 5 11 2 6 13 12 0 8 4 7 9 
371,2.05185e-06,2.40882e-06,1.90354e-06,50,100,100,415140,10 1 14 3 5 11 2 6 13 12 0 8 4 7 9 
372,2.06125e-06,2.40882e-06,1.94777e-06,50,100,100,415140,10 1 14 3 5 11 2 6 13 12 0 8 4 7 9 
373,2.06463e-06,2.40882e-06,1.86089e-06,50,100,100,415140,10 1 14 3 5 11 2 6 13 12 0 8 4 7 9 
374,2.05484e-06,2.40882e-06,1.91967e-06,50,100,100,415140,10 1 14 3 5 11 2 6 13 12 0 8 4 7 9 
375,2.05759e-06,2.40882e-06,1.91116e-06,50,100,100,415140,10 1 14 3 5 11 2 6 13 12 0 8 4 7 9 
376,2.04997e-06,2.40882e-06,1.88299e-06,50,100,100,415140,10 1 14 3 5 11 2 6 13 12 0 8 4 7 9 
377,2.04266e-06,2.40882e-06,1.88648e-06,50,100,100,415140,10 1 14 3 5 11 2 6 13 12 0 8 4 7 9 
378,2.06475e-06,2.40882e-06,1.92258e-06,50,100,100,415140,10 1 14 3 5 11 2 6 13 12 0 8 4 7 9 
379,2.06021e-06,2.40882e-06,1.90476e-06,50,100,100,415140,10 1 14 3 5 11 2 6 13 12 0 8 4 7 9 
380,2.08222e-06,2.40882e-06,1.93265e-06,50,100,100,415140,10 1 14 3 5 11 2 6 13 12 0 8 4 7 9 
381,2.06574e-06,2.40882e-06,1.90772e-06,50,100,100,415140,10 1 14 3 5 11 2 6 13 12 0 8 4 7 9 
382,2.04577e-06,2.40882e-06,1.89056e-06,50,100,100,415140,10 1 14 3 5 11 2 6 13 12 0 8 4 7 9 
383,2.06037e-06,2.40882e-06,1.9128e-06,50,100,100,415140,10 1 14 3 5 11 2 6 13 12 0 8 4 7 9 
384,2.06402e-06,2.40882e-06,1.94974e-06,50,100,100,415140,10 1 14 3 5 11 2 6 13 12 0 8 4 7 9 
385,2.05563e-06,2.40882e-06,1.9233e-06,50,100,100,415140,10 1 14 3 5 11 2 6 13 12 0 8 4 7 9 
386,2.05422e-06,2.40882e-06,1.89945e-06,50,100,100,415140,10 1 14 3 5 11 2 6 13 12 0 8 4 7 9 
387,2.05992e-06,2.40882e-06,1.90196e-06,50,100,100,415140,10 1 14 3 5 11 2 6 13 12 0 8 4 7 9 
388,2.05937e-06,2.40882e-06,1.90828e-06,50,100,100,415140,10 1 14 3 5 11 2 6 13 12 0 8 4 7 9 
389,2.06265e-06,2.40882e-06,1.90805e-06,50,100,100,415140,10 1 14 3 5 11 2 6 13 12 0 8 4 7 9 
390,2.0577e-06,2.40882e-06,1.89943e-06,50,100,100,415140,10 1 14 3 5 11 2 6 13 12 0 8 4 7 9 
391,2.05703e-06,2.40882e-06,1.88377e-06,50,100,100,415140,10 1 14 3 5 11 2 6 13 12 0 8 4 7 9 
392,2.07385e-06,2.40882e-06,1.91318e-06,50,100,100,415140,10 1 14 3 5 11 2 6 13 12 0 8 4 7 9 
393,2.05893e-06,2.40882e-06,1.91138e-06,50,100,100,415140,10 1 14 3 5 11 2 6 13 12 0 8 4 7 9 
394,2.06126e-06,2.40882e-06,1.91698e-06,50,100,100,415140,10 1 14 3 5 11 2 6 13 12 0 8 4 7 9 
395,2.05154e-06,2.40882e-06,1.90318e-06,50,100,100,415140,10 1 14 3 5 11 2 6 13 12 0 8 4 7 9 
396,2.04673e-06,2.40882e-06,1.91411e-06,50,100,100,415140,10 1 14 3 5 11 2 6 13 12 0 8 4 7 9 
397,2.05537e-06,2.40882e-06,1.88213e-06,50,100,100,415140,10 1 14 3 5 11 2 6 13 12 0 8 4 7 9 
398,2.05558e-06,2.40882e-06,1.88507e-06,50,100,100,415140,10 1 14 3 5 11 2 6 13 12 0 8 4 7 9 
399,2.06192e-06,2.40882e-06,1.91299e-06,50,100,100,415140,10 1 14 3 5 11 2 6 13 12 0 8 4 7 9 
400,2.06599e-06,2.40882e-06,1.92243e-06,50,100,100,415140,10 1 14 3 5 11 2 6 13 12 0 8 4 7 9 
401,2.05895e-06,2.40882e-06,1.90862e-06,50,100,100,415140,10 1 14 3 5 11 2 6 13 12 0 8 4 7 9 
402,2.07706e-06,2.40882e-06,1.9462e-06,50,100,100,415140,10 1 14 3 5 11 2 6 13 12 0 8 4 7 9 
403,2.06688e-06,2.40882e-06,1.89576e-06,50,100,100,415140,10 1 14 3 5 11 2 6 13 12 0 8 4 7 9 
404,2.06118e-06,2.40882e-06,1.9182e-06,50,100,100,415140,10 1 14 3 5 11 2 6 13 12 0 8 4 7 9 
405,2.05189e-06,2.40882e-06,1.91834e-06,50,100,100,415140,10 1 14 3 5 11 2 6 13 12 0 8 4 7 9 
406,2.05683e-06,2.40882e-06,1.92779e-06,50,100,100,415140,10 1 14 3 5 11 2 6 13 12 0 8 4 7 9 
407,2.0604e-06,2.40882e-06,1.90382e-06,50,100,100,415140,10 1 14 3 5 11 2 6 13 12 0 8 4 7 9 
408,2.05906e-06,2.40882e-06,1.90448e-06,50,100,100,415140,10 1 14 3 5 11 2 6 13 12 0 8 4 7 9 
409,2.06101e-06,2.40882e-06,1.90564e-06,50,100,100,415140,10 1 14 3 5 11 2 6 13 12 0 8 4 7 9 
410,2.05927e-06,2.40882e-06,1.90776e-06,50,100,100,415140,10 1 14 3 5 11 2 6 13 12 0 8 4 7 9 
411,2.05923e-06,2.40882e-06,1.92138e-06,50,100,100,415140,10 1 14 3 5 11 2 6 13 12 0 8 4 7 9 
412,2.05679e-06,2.40882e-06,1.93347e-06,50,100,100,415140,10 1 14 3 5 11 2 6 13 12 0 8 4 7 9 
413,2.06269e-06,2.40882e-06,1.91868e-06,50,100,100,415140,10 1 14 3 5 11 2 6 13 12 0 8 4 7 9 
414,2.05716e-06,2.40882e-06,1.92846e-06,50,100,100,415140,10 1 14 3 5 11 2 6 13 12 0 8 4 7 9 
415,2.05622e-06,2.40882e-06,1.88628e-06,50,100,100,415140,10 1 14 3 5 11 2 6 13 12 0 8 4 7 9 
416,2.06213e-06,2.40882e-06,1.87259e-06,50,100,100,415140,10 1 14 3 5 11 2 6 13 12 0 8 4 7 9 
417,2.06406e-06,2.40882e-06,1.84879e-06,50,100,100,415140,10 1 14 3 5 11 2 6 13 12 0 8 4 7 9 
418,2.06422e-06,2.40882e-06,1.9297e-06,50,100,100,415140,10 1 14 3 5 11 2 6 13 12 0 8 4 7 9 
419,2.06823e-06,2.40882e-06,1.89922e-06,50,100,100,415140,10 1 14 3 5 11 2 6 13 12 0 8 4 7 9 
420,2.07329e-06,2.40882e-06,1.93049e-06,50,100,100,415140,10 1 14 3 5 11 2 6 13 12 0 8 4 7 9 
421,2.06428e-06,2.40882e-06,1.86152e-06,50,100,100,415140,10 1 14 3 5 11 2 6 13 12 0 8 4 7 9 
422,2.04746e-06,2.40882e-06,1.89772e-06,50,100,100,415140,10 1 14 3 5 11 2 6 13 12 0 8 4 7 9 
423,2.05261e-06,2.40882e-06,1.84291e-06,50,100,100,415140,10 1 14 3 5 11 2 6 13 12 0 8 4 7 9 
424,2.05042e-06,2.40882e-06,1.90743e-06,50,100,100,415140,10 1 14 3 5 11 2 6 13 12 0 8 4 7 9 
425,2.06562e-06,2.40882e-06,1.90553e-06,50,100,100,415140,10 1 14 3 5 11 2 6 13 12 0 8 4 7 9 
426,2.05891e-06,2.40882e-06,1.90067e-06,50,100,100,415140,10 1 14 3 5 11 2 6 13 12 0 8 4 7 9 
427,2.05825e-06,2.40882e-06,1.91867e-06,50,100,100,415140,10 1 14 3 5 11 2 6 13 12 0 8 4 7 9 
428,2.06625e-06,2.40882e-06,1.93161e-06,50,100,100,415140,10 1 14 3 5 11 2 6 13 12 0 8 4 7 9 
429,2.07768e-06,2.40882e-06,1.93206e-06,50,100,100,415140,10 1 14 3 5 11 2 6 13 12 0 8 4 7 9 
430,2.05658e-06,2.40882e-06,1.91435e-06,50,100,100,415140,10 1 14 3 5 11 2 6 13 12 0 8 4 7 9 
431,2.05867e-06,2.40882e-06,1.93245e-06,50,100,100,415140,10 1 14 3 5 11 2 6 13 12 0 8 4 7 9 
432,2.07016e-06,2.40882e-06,1.95103e-06,50,100,100,415140,10 1 14 3 5 11 2 6 13 12 0 8 4 7 9 
433,2.06344e-06,2.40882e-06,1.90125e-06,50,100,100,415140,10 1 14 3 5 11 2 6 13 12 0 8 4 7 9 
434,2.05939e-06,2.40882e-06,1.89285e-06,50,100,100,415140,10 1 14 3 5 11 2 6 13 12 0 8 4 7 9 
435,2.06537e-06,2.40882e-06,1.90554e-06,50,100,100,415140,10 1 14 3 5 11 2 6 13 12 0 8 4 7 9 
436,2.06414e-06,2.40882e-06,1.92786e-06,50,100,100,415140,10 1 14 3 5 11 2 6 13 12 0 8 4 7 9 
437,2.0595e-06,2.40882e-06,1.91044e-06,50,100,100,415140,10 1 14 3 5 11 2 6 13 12 0 8 4 7 9 
438,2.05536e-06,2.40882e-06,1.91695e-06,50,100,100,415140,10 1 14 3 5 11 2 6 13 12 0 8 4 7 9 
439,2.06126e-06,2.40882e-06,1.9648e-06,50,100,100,415140,10 1 14 3 5 11 2 6 13 12 0 8 4 7 9 
440,2.06371e-06,2.40882e-06,1.92391e-06,50,100,100,415140,10 1 14 3 5 11 2 6 13 12 0 8 4 7 9 
441,2.05019e-06,2.40882e-06,1.88867e-06,50,100,100,415140,10 1 14 3 5 11 2 6 13 12 0 8 4 7 9 
442,2.06181e-06,2.40882e-06,1.92208e-06,50,100,100,415140,10 1 14 3 5 11 2 6 13 12 0 8 4 7 9 
443,2.06474e-06,2.40882e-06,1.92167e-06,50,100,100,415140,10 1 14 3 5 11 2 6 13 12 0 8 4 7 9 
444,2.0755e-06,2.40882e-06,1.93104e-06,50,100,100,415140,10 1 14 3 5 11 2 6 13 12 0 8 4 7 9 
445,2.06262e-06,2.40882e-06,1.89837e-06,50,100,100,415140,10 1 14 3 5 11 2 6 13 12 0 8 4 7 9 
446,2.0641e-06,2.40882e-06,1.9471e-06,50,100,100,415140,10 1 14 3 5 11 2 6 13 12 0 8 4 7 9 
447,2.06484e-06,2.40882e-06,1.88939e-06,50,100,100,415140,10 1 14 3 5 11 2 6 13 12 0 8 4 7 9 
448,2.05124e-06,2.40882e-06,1.90148e-06,50,100,100,415140,10 1 14 3 5 11 2 6 13 12 0 8 4 7 9 
449,2.06005e-06,2.40882e-06,1.89974e-06,50,100,100,415140,10 1 14 3 5 11 2 6 13 12 0 8 4 7 9 
450,2.05319e-06,2.40882e-06,1.87562e-06,50,100,100,415140,10 1 14 3 5 11 2 6 13 12 0 8 4 7 9 
451,2.0588e-06,2.40882e-06,1.922e-06,50,100,100,415140,10 1 14 3 5 11 2 6 13 12 0 8 4 7 9 
452,2.0533e-06,2.40882e-06,1.90926e-06,50,100,100,415140,10 1 14 3 5 11 2 6 13 12 0 8 4 7 9 
453,2.05931e-06,2.40882e-06,1.88126e-06,50,100,100,415140,10 1 14 3 5 11 2 6 13 12 0 8 4 7 9 
454,2.07509e-06,2.40882e-06,1.96174e-06,50,100,100,415140,10 1 14 3 5 11 2 6 13 12 0 8 4 7 9 
455,2.06942e-06,2.40882e-06,1.92266e-06,50,100,100,415140,10 1 14 3 5 11 2 6 13 12 0 8 4 7 9 
456,2.06828e-06,2.40882e-06,1.90726e-06,50,100,100,415140,10 1 14 3 5 11 2 6 13 12 0 8 4 7 9 
457,2.05189e-06,2.40882e-06,1.90382e-06,50,100,100,415140,10 1 14 3 5 11 2 6 13 12 0 8 4 7 9 
458,2.06356e-06,2.40882e-06,1.89453e-06,50,100,100,415140,10 1 14 3 5 11 2 6 13 12 0 8 4 7 9 
459,2.0684e-06,2.40882e-06,1.90835e-06,50,100,100,415140,10 1 14 3 5 11 2 6 13 12 0 8 4 7 9 
460,2.05961e-06,2.40882e-06,1.87195e-06,50,100,100,415140,10 1 14 3 5 11 2 6 13 12 0 8 4 7 9 
461,2.05372e-06,2.40882e-06,1.90976e-06,50,100,100,415140,10 1 14 3 5 11 2 6 13 12 0 8 4 7 9 
462,2.06574e-06,2.40882e-06,1.89669e-06,50,100,100,415140,10 1 14 3 5 11 2 6 13 12 0 8 4 7 9 
463,2.06749e-06,2.40882e-06,1.94414e-06,50,100,100,415140,10 1 14 3 5 11 2 6 13 12 0 8 4 7 9 
464,2.05169e-06,2.40882e-06,1.87674e-06,50,100,100,415140,10 1 14 3 5 11 2 6 13 12 0 8 4 7 9 
465,2.05746e-06,2.40882e-06,1.90564e-06,50,100,100,415140,10 1 14 3 5 11 2 6 13 12 0 8 4 7 9 
466,2.07535e-06,2.40882e-06,1.9026e-06,50,100,100,415140,10 1 14 3 5 11 2 6 13 12 0 8 4 7 9 
467,2.04436e-06,2.40882e-06,1.91786e-06,50,100,100,415140,10 1 14 3 5 11 2 6 13 12 0 8 4 7 9 
468,2.04598e-06,2.40882e-06,1.87967e-06,50,100,100,415140,10 1 14 3 5 11 2 6 13 12 0 8 4 7 9 
469,2.05304e-06,2.40882e-06,1.89943e-06,50,100,100,415140,10 1 14 3 5 11 2 6 13 12 0 8 4 7 9 
470,2.05745e-06,2.40882e-06,1.91028e-06,50,100,100,415140,10 1 14 3 5 11 2 6 13 12 0 8 4 7 9 
471,2.04613e-06,2.40882e-06,1.91363e-06,50,100,100,415140,10 1 14 3 5 11 2 6 13 12 0 8 4 7 9 
472,2.0593e-06,2.40882e-06,1.89016e-06,50,100,100,415140,10 1 14 3 5 11 2 6 13 12 0 8 4 7 9 
473,2.0616e-06,2.40882e-06,1.88938e-06,50,100,100,415140,10 1 14 3 5 11 2 6 13 12 0 8 4 7 9 
474,2.06689e-06,2.40882e-06,1.92887e-06,50,100,100,415140,10 1 14 3 5 11 2 6 13 12 0 8 4 7 9 
475,2.05812e-06,2.40882e-06,1.91033e-06,50,100,100,415140,10 1 14 3 5 11 2 6 13 12 0 8 4 7 9 
476,2.05966e-06,2.40882e-06,1.90576e-06,50,100,100,415140,10 1 14 3 5 11 2 6 13 12 0 8 4 7 9 
477,2.04804e-06,2.40882e-06,1.87191e-06,50,100,100,415140,10 1 14 3 5 11 2 6 13 12 0 8 4 7 9 
478,2.06289e-06,2.40882e-06,1.91511e-06,50,100,100,415140,10 1 14 3 5 11 2 6 13 12 0 8 4 7 9 
479,2.06133e-06,2.40882e-06,1.89967e-06,50,100,100,415140,10 1 14 3 5 11 2 6 13 12 0 8 4 7 9 
480,2.08119e-06,2.40882e-06,1.95299e-06,50,100,100,415140,10 1 14 3 5 11 2 6 13 12 0 8 4 7 9 
481,2.07065e-06,2.40882e-06,1.93532e-06,50,100,100,415140,10 1 14 3 5 11 2 6 13 12 0 8 4 7 9 
482,2.06686e-06,2.40882e-06,1.92581e-06,50,100,100,415140,10 1 14 3 5 11 2 6 13 12 0 8 4 7 9 
483,2.0646e-06,2.40882e-06,1.89373e-06,50,100,100,415140,10 1 14 3 5 11 2 6 13 12 0 8 4 7 9 
484,2.04902e-06,2.40882e-06,1.92567e-06,50,100,100,415140,10 1 14 3 5 11 2 6 13 12 0 8 4 7 9 
485,2.06296e-06,2.40882e-06,1.8589e-06,50,100,100,415140,10 1 14 3 5 11 2 6 13 12 0 8 4 7 9 
486,2.06364e-06,2.40882e-06,1.93452e-06,50,100,100,415140,10 1 14 3 5 11 2 6 13 12 0 8 4 7 9 
487,2.06912e-06,2.40882e-06,1.90905e-06,50,100,100,415140,10 1 14 3 5 11 2 6 13 12 0 8 4 7 9 
488,2.05319e-06,2.40882e-06,1.89008e-06,50,100,100,415140,10 1 14 3 5 11 2 6 13 12 0 8 4 7 9 
489,2.05945e-06,2.40882e-06,1.89867e-06,50,100,100,415140,10 1 14 3 5 11 2 6 13 12 0 8 4 7 9 
490,2.06127e-06,2.40882e-06,1.91213e-06,50,100,100,415140,10 1 14 3 5 11 2 6 13 12 0 8 4 7 9 
491,2.05915e-06,2.40882e-06,1.89871e-06,50,100,100,415140,10 1 14 3 5 11 2 6 13 12 0 8 4 7 9 
492,2.06237e-06,2.40882e-06,1.87503e-06,50,100,100,415140,10 1 14 3 5 11 2 6 13 12 0 8 4 7 9 
493,2.06645e-06,2.40882e-06,1.92303e-06,50,100,100,415140,10 1 14 3 5 11 2 6 13 12 0 8 4 7 9 
494,2.06727e-06,2.40882e-06,1.92855e-06,50,100,100,415140,10 1 14 3 5 11 2 6 13 12 0 8 4 7 9 
495,2.06864e-06,2.40882e-06,1.92882e-06,50,100,100,415140,10 1 14 3 5 11 2 6 13 12 0 8 4 7 9 
496,2.06933e-06,2.40882e-06,1.86456e-06,50,100,100,415140,10 1 14 3 5 11 2 6 13 12 0 8 4 7 9 
497,2.07093e-06,2.40882e-06,1.93209e-06,50,100,100,415140,10 1 14 3 5 11 2 6 13 12 0 8 4 7 9 
498,2.06654e-06,2.40882e-06,1.91937e-06,50,100,100,415140,10 1 14 3 5 11 2 6 13 12 0 8 4 7 9 
499,2.05279e-06,2.40882e-06,1.90012e-06,50,100,100,415140,10 1 14 3 5 11 2 6 13 12 0 8 4 7 9 
500,2.05361e-06,2.40882e-06,1.91486e-06,50,100,100,415140,10 1 14 3 5 11 2 6 13 12 0 8 4 7 9 
501,2.06587e-06,2.40882e-06,1.93198e-06,50,100,100,415140,10 1 14 3 5 11 2 6 13 12 0 8 4 7 9 
502,2.05708e-06,2.40882e-06,1.90539e-06,50,100,100,415140,10 1 14 3 5 11 2 6 13 12 0 8 4 7 9 
503,2.05332e-06,2.40882e-06,1.9203e-06,50,100,100,415140,10 1 14 3 5 11 2 6 13 12 0 8 4 7 9 
504,2.05695e-06,2.40882e-06,1.88797e-06,50,100,100,415140,10 1 14 3 5 11 2 6 13 12 0 8 4 7 9 
505,2.06041e-06,2.40882e-06,1.89863e-06,50,100,100,415140,10 1 14 3 5 11 2 6 13 12 0 8 4 7 9 
506,2.05827e-06,2.40882e-06,1.90697e-06,50,100,100,415140,10 1 14 3 5 11 2 6 13 12 0 8 4 7 9 
507,2.05454e-06,2.40882e-06,1.9012e-06,50,100,100,415140,10 1 14 3 5 11 2 6 13 12 0 8 4 7 9 
508,2.07525e-06,2.40882e-06,1.90702e-06,50,100,100,415140,10 1 14 3 5 11 2 6 13 12 0 8 4 7 9 
509,2.07705e-06,2.40882e-06,1.92253e-06,50,100,100,415140,10 1 14 3 5 11 2 6 13 12 0 8 4 7 9 
510,2.07743e-06,2.40882e-06,1.92702e-06,50,100,100,415140,10 1 14 3 5 11 2 6 13 12 0 8 4 7 9 
511,2.06144e-06,2.40882e-06,1.88782e-06,50,100,100,415140,10 1 14 3 5 11 2 6 13 12 0 8 4 7 9 
512,2.05549e-06,2.40882e-06,1.90763e-06,50,100,100,415140,10 1 14 3 5 11 2 6 13 12 0 8 4 7 9 
513,2.06432e-06,2.40882e-06,1.92007e-06,50,100,100,415140,10 1 14 3 5 11 2 6 13 12 0 8 4 7 9 
514,2.0736e-06,2.40882e-06,1.91182e-06,50,100,100,415140,10 1 14 3 5 11 2 6 13 12 0 8 4 7 9 
515,2.06737e-06,2.40882e-06,1.91144e-06,50,100,100,415140,10 1 14 3 5 11 2 6 13 12 0 8 4 7 9 
516,2.06649e-06,2.40882e-06,1.92985e-06,50,100,100,415140,10 1 14 3 5 11 2 6 13 12 0 8 4 7 9 
517,2.07621e-06,2.40882e-06,1.91556e-06,50,100,100,415140,10 1 14 3 5 11 2 6 13 12 0 8 4 7 9 
518,2.05828e-06,2.40882e-06,1.901e-06,50,100,100,415140,10 1 14 3 5 11 2 6 13 12 0 8 4 7 9 
519,2.06719e-06,2.40882e-06,1.9396e-06,50,100,100,415140,10 1 14 3 5 11 2 6 13 12 0 8 4 7 9 
520,2.06645e-06,2.40882e-06,1.90224e-06,50,100,100,415140,10 1 14 3 5 11 2 6 13 12 0 8 4 7 9 
521,2.06791e-06,2.40882e-06,1.91637e-06,50,100,100,415140,10 1 14 3 5 11 2 6 13 12 0 8 4 7 9 
522,2.07324e-06,2.40882e-06,1.9225e-06,50,100,100,415140,10 1 14 3 5 11 2 6 13 12 0 8 4 7 9 
523,2.06631e-06,2.40882e-06,1.90719e-06,50,100,100,415140,10 1 14 3 5 11 2 6 13 12 0 8 4 7 9 
524,2.07143e-06,2.40882e-06,1.92292e-06,50,100,100,415140,10 1 14 3 5 11 2 6 13 12 0 8 4 7 9 
525,2.07652e-06,2.40882e-06,1.92195e-06,50,100,100,415140,10 1 14 3 5 11 2 6 13 12 0 8 4 7 9 
526,2.05745e-06,2.40882e-06,1.92037e-06,50,100,100,415140,10 1 14 3 5 11 2 6 13 12 0 8 4 7 9 
527,2.06291e-06,2.40882e-06,1.91282e-06,50,100,100,415140,10 1 14 3 5 11 2 6 13 12 0 8 4 7 9 
528,2.07738e-06,2.40882e-06,1.9239e-06,50,100,100,415140,10 1 14 3 5 11 2 6 13 12 0 8 4 7 9 
529,2.06841e-06,2.40882e-06,1.92205e-06,50,100,100,415140,10 1 14 3 5 11 2 6 13 12 0 8 4 7 9 
530,2.05828e-06,2.40882e-06,1.90832e-06,50,100,100,415140,10 1 14 3 5 11 2 6 13 12 0 8 4 7 9 
531,2.07278e-06,2.40882e-06,1.89966e-06,50,100,100,415140,10 1 14 3 5 11 2 6 13 12 0 8 4 7 9 
532,2.06932e-06,2.40882e-06,1.8989e-06,50,100,100,415140,10 1 14 3 5 11 2 6 13 12 0 8 4 7 9 
533,2.07208e-06,2.40882e-06,1.9385e-06,50,100,100,415140,10 1 14 3 5 11 2 6 13 12 0 8 4 7 9 
534,2.07186e-06,2.40882e-06,1.93773e-06,50,100,100,415140,10 1 14 3 5 11 2 6 13 12 0 8 4 7 9 
535,2.06848e-06,2.40882e-06,1.91408e-06,50,100,100,415140,10 1 14 3 5 11 2 6 13 12 0 8 4 7 9 
536,2.07749e-06,2.40882e-06,1.91276e-06,50,100,100,415140,10 1 14 3 5 11 2 6 13 12 0 8 4 7 9 
537,2.08059e-06,2.40882e-06,1.9054e-06,50,100,100,415140,10 1 14 3 5 11 2 6 13 12 0 8 4 7 9 
538,2.05541e-06,2.40882e-06,1.87778e-06,50,100,100,415140,10 1 14 3 5 11 2 6 13 12 0 8 4 7 9 
539,2.06173e-06,2.40882e-06,1.87398e-06,50,100,100,415140,10 1 14 3 5 11 2 6 13 12 0 8 4 7 9 
540,2.0544e-06,2.40882e-06,1.88446e-06,50,100,100,415140,10 1 14 3 5 11 2 6 13 12 0 8 4 7 9 
541,2.06471e-06,2.40882e-06,1.9227e-06,50,100,100,415140,10 1 14 3 5 11 2 6 13 12 0 8 4 7 9 
542,2.07516e-06,2.40882e-06,1.88985e-06,50,100,100,415140,10 1 14 3 5 11 2 6 13 12 0 8 4 7 9 
543,2.06239e-06,2.40882e-06,1.90235e-06,50,100,100,415140,10 1 14 3 5 11 2 6 13 12 0 8 4 7 9 
544,2.07061e-06,2.40882e-06,1.91438e-06,50,100,100,415140,10 1 14 3 5 11 2 6 13 12 0 8 4 7 9 
545,2.06431e-06,2.40882e-06,1.91558e-06,50,100,100,415140,10 1 14 3 5 11 2 6 13 12 0 8 4 7 9 
546,2.05903e-06,2.40882e-06,1.92232e-06,50,100,100,415140,10 1 14 3 5 11 2 6 13 12 0 8 4 7 9 
547,2.07538e-06,2.40882e-06,1.92209e-06,50,100,100,415140,10 1 14 3 5 11 2 6 13 12 0 8 4 7 9 
548,2.07748e-06,2.40882e-06,1.93321e-06,50,100,100,415140,10 1 14 3 5 11 2 6 13 12 0 8 4 7 9 
549,2.07031e-06,2.40882e-06,1.93006e-06,50,100,100,415140,10 1 14 3 5 11 2 6 13 12 0 8 4 7 9 
550,2.07703e-06,2.40882e-06,1.91277e-06,50,100,100,415140,10 1 14 3 5 11 2 6 13 12 0 8 4 7 9 
551,2.07927e-06,2.40882e-06,1.91e-06,50,100,100,415140,10 1 14 3 5 11 2 6 13 12 0 8 4 7 9 
552,2.0663e-06,2.40882e-06,1.89423e-06,50,100,100,415140,10 1 14 3 5 11 2 6 13 12 0 8 4 7 9 
553,2.07571e-06,2.40882e-06,1.91341e-06,50,100,100,415140,10 1 14 3 5 11 2 6 13 12 0 8 4 7 9 
554,2.08349e-06,2.40882e-06,1.93869e-06,50,100,100,415140,10 1 14 3 5 11 2 6 13 12 0 8 4 7 9 
555,2.06379e-06,2.40882e-06,1.89832e-06,50,100,100,415140,10 1 14 3 5 11 2 6 13 12 0 8 4 7 9 
556,2.07691e-06,2.40882e-06,1.91801e-06,50,100,100,415140,10 1 14 3 5 11 2 6 13 12 0 8 4 7 9 
557,2.06837e-06,2.40882e-06,1.92198e-06,50,100,100,415140,10 1 14 3 5 11 2 6 13 12 0 8 4 7 9 
558,2.06815e-06,2.40882e-06,1.91593e-06,50,100,100,415140,10 1 14 3 5 11 2 6 13 12 0 8 4 7 9 
559,2.05464e-06,2.40882e-06,1.91535e-06,50,100,100,415140,10 1 14 3 5 11 2 6 13 12 0 8 4 7 9 
560,2.06658e-06,2.40882e-06,1.90539e-06,50,100,100,415140,10 1 14 3 5 11 2 6 13 12 0 8 4 7 9 
561,2.05861e-06,2.40882e-06,1.87187e-06,50,100,100,415140,10 1 14 3 5 11 2 6 13 12 0 8 4 7 9 
562,2.07061e-06,2.40882e-06,1.93597e-06,50,100,100,415140,10 1 14 3 5 11 2 6 13 12 0 8 4 7 9 
563,2.07515e-06,2.40882e-06,1.88324e-06,50,100,100,415140,10 1 14 3 5 11 2 6 13 12 0 8 4 7 9 
564,2.07415e-06,2.40882e-06,1.90495e-06,50,100,100,415140,10 1 14 3 5 11 2 6 13 12 0 8 4 7 9 
565,2.06269e-06,2.40882e-06,1.9214e-06,50,100,100,415140,10 1 14 3 5 11 2 6 13 12 0 8 4 7 9 
566,2.0657e-06,2.40882e-06,1.89907e-06,50,100,100,415140,10 1 14 3 5 11 2 6 13 12 0 8 4 7 9 
567,2.06571e-06,2.40882e-06,1.92352e-06,50,100,100,415140,10 1 14 3 5 11 2 6 13 12 0 8 4 7 9 
568,2.07205e-06,2.40882e-06,1.93459e-06,50,100,100,415140,10 1 14 3 5 11 2 6 13 12 0 8 4 7 9 
569,2.07035e-06,2.40882e-06,1.92115e-06,50,100,100,415140,10 1 14 3 5 11 2 6 13 12 0 8 4 7 9 
570,2.05025e-06,2.40882e-06,1.89131e-06,50,100,100,415140,10 1 14 3 5 11 2 6 13 12 0 8 4 7 9 
571,2.04862e-06,2.40882e-06,1.88786e-06,50,100,100,415140,10 1 14 3 5 11 2 6 13 12 0 8 4 7 9 
572,2.06358e-06,2.40882e-06,1.91321e-06,50,100,100,415140,10 1 14 3 5 11 2 6 13 12 0 8 4 7 9 
573,2.06505e-06,2.40882e-06,1.89558e-06,50,100,100,415140,10 1 14 3 5 11 2 6 13 12 0 8 4 7 9 
574,2.05272e-06,2.40882e-06,1.91034e-06,50,100,100,415140,10 1 14 3 5 11 2 6 13 12 0 8 4 7 9 
575,2.06461e-06,2.40882e-06,1.90493e-06,50,100,100,415140,10 1 14 3 5 11 2 6 13 12 0 8 4 7 9 
576,2.08094e-06,2.40882e-06,1.9216e-06,50,100,100,415140,10 1 14 3 5 11 2 6 13 12 0 8 4 7 9 
577,2.07678e-06,2.40882e-06,1.91074e-06,50,100,100,415140,10 1 14 3 5 11 2 6 13 12 0 8 4 7 9 
578,2.06727e-06,2.40882e-06,1.9137e-06,50,100,100,415140,10 1 14 3 5 11 2 6 13 12 0 8 4 7 9 
579,2.05845e-06,2.40882e-06,1.93408e-06,50,100,100,415140,10 1 14 3 5 11 2 6 13 12 0 8 4 7 9 
580,2.06157e-06,2.40882e-06,1.90712e-06,50,100,100,415140,10 1 14 3 5 11 2 6 13 12 0 8 4 7 9 
581,2.05734e-06,2.40882e-06,1.88981e-06,50,100,100,415140,10 1 14 3 5 11 2 6 13 12 0 8 4 7 9 
582,2.06148e-06,2.40882e-06,1.92581e-06,50,100,100,415140,10 1 14 3 5 11 2 6 13 12 0 8 4 7 9 
583,2.06099e-06,2.40882e-06,1.90791e-06,50,100,100,415140,10 1 14 3 5 11 2 6 13 12 0 8 4 7 9 
584,2.06298e-06,2.40882e-06,1.93568e-06,50,100,100,415140,10 1 14 3 5 11 2 6 13 12 0 8 4 7 9 
585,2.06133e-06,2.40882e-06,1.89181e-06,50,100,100,415140,10 1 14 3 5 11 2 6 13 12 0 8 4 7 9 
586,2.06806e-06,2.40882e-06,1.92825e-06,50,100,100,415140,10 1 14 3 5 11 2 6 13 12 0 8 4 7 9 
587,2.04124e-06,2.40882e-06,1.90616e-06,50,100,100,415140,10 1 14 3 5 11 2 6 13 12 0 8 4 7 9 
588,2.06422e-06,2.40882e-06,1.91994e-06,50,100,100,415140,10 1 14 3 5 11 2 6 13 12 0 8 4 7 9 
589,2.06844e-06,2.40882e-06,1.92254e-06,50,100,100,415140,10 1 14 3 5 11 2 6 13 12 0 8 4 7 9 
590,2.08118e-06,2.40882e-06,1.91845e-06,50,100,100,415140,10 1 14 3 5 11 2 6 13 12 0 8 4 7 9 
591,2.0635e-06,2.40882e-06,1.92353e-06,50,100,100,415140,10 1 14 3 5 11 2 6 13 12 0 8 4 7 9 
592,2.0597e-06,2.40882e-06,1.92851e-06,50,100,100,415140,10 1 14 3 5 11 2 6 13 12 0 8 4 7 9 
593,2.05015e-06,2.40882e-06,1.88324e-06,50,100,100,415140,10 1 14 3 5 11 2 6 13 12 0 8 4 7 9 
594,2.05126e-06,2.40882e-06,1.89937e-06,50,100,100,415140,10 1 14 3 5 11 2 6 13 12 0 8 4 7 9 
595,2.05462e-06,2.40882e-06,1.92363e-06,50,100,100,415140,10 1 14 3 5 11 2 6 13 12 0 8 4 7 9 
596,2.05169e-06,2.40882e-06,1.91204e-06,50,100,100,415140,10 1 14 3 5 11 2 6 13 12 0 8 4 7 9 
597,2.06193e-06,2.40882e-06,1.94554e-06,50,100,100,415140,10 1 14 3 5 11 2 6 13 12 0 8 4 7 9 
598,2.05336e-06,2.40882e-06,1.89441e-06,50,100,100,415140,10 1 14 3 5 11 2 6 13 12 0 8 4 7 9 
599,2.0563e-06,2.40882e-06,1.90931e-06,50,100,100,415140,10 1 14 3 5 11 2 6 13 12 0 8 4 7 9 
600,2.05069e-06,2.40882e-06,1.90907e-06,50,100,100,415140,10 1 14 3 5 11 2 6 13 12 0 8 4 7 9 
601,2.05862e-06,2.40882e-06,1.91117e-06,50,100,100,415140,10 1 14 3 5 11 2 6 13 12 0 8 4 7 9 
602,2.05831e-06,2.40882e-06,1.90759e-06,50,100,100,415140,10 1 14 3 5 11 2 6 13 12 0 8 4 7 9 
603,2.05915e-06,2.40882e-06,1.89591e-06,50,100,100,415140,10 1 14 3 5 11 2 6 13 12 0 8 4 7 9 
604,2.06468e-06,2.40882e-06,1.92434e-06,50,100,100,415140,10 1 14 3 5 11 2 6 13 12 0 8 4 7 9 
605,2.05737e-06,2.40882e-06,1.92551e-06,50,100,100,415140,10 1 14 3 5 11 2 6 13 12 0 8 4 7 9 
606,2.05977e-06,2.40882e-06,1.91131e-06,50,100,100,415140,10 1 14 3 5 11 2 6 13 12 0 8 4 7 9 
607,2.0696e-06,2.40882e-06,1.91921e-06,50,100,100,415140,10 1 14 3 5 11 2 6 13 12 0 8 4 7 9 
608,2.04926e-06,2.40882e-06,1.89942e-06,50,100,100,415140,10 1 14 3 5 11 2 6 13 12 0 8 4 7 9 
609,2.05363e-06,2.40882e-06,1.86165e-06,50,100,100,415140,10 1 14 3 5 11 2 6 13 12 0 8 4 7 9 
610,2.06553e-06,2.40882e-06,1.90447e-06,50,100,100,415140,10 1 14 3 5 11 2 6 13 12 0 8 4 7 9 
611,2.06009e-06,2.40882e-06,1.91284e-06,50,100,100,415140,10 1 14 3 5 11 2 6 13 12 0 8 4 7 9 
612,2.05425e-06,2.40882e-06,1.87835e-06,50,100,100,415140,10 1 14 3 5 11 2 6 13 12 0 8 4 7 9 
613,2.03911e-06,2.40882e-06,1.88532e-06,50,100,100,415140,10 1 14 3 5 11 2 6 13 12 0 8 4 7 9 
614,2.05676e-06,2.40882e-06,1.87949e-06,50,100,100,415140,10 1 14 3 5 11 2 6 13 12 0 8 4 7 9 
615,2.05549e-06,2.40882e-06,1.88154e-06,50,100,100,415140,10 1 14 3 5 11 2 6 13 12 0 8 4 7 9 
616,2.05421e-06,2.40882e-06,1.90159e-06,50,100,100,415140,10 1 14 3 5 11 2 6 13 12 0 8 4 7 9 
617,2.06273e-06,2.40882e-06,1.90998e-06,50,100,100,415140,10 1 14 3 5 11 2 6 13 12 0 8 4 7 9 
618,2.05239e-06,2.40882e-06,1.91277e-06,50,100,100,415140,10 1 14 3 5 11 2 6 13 12 0 8 4 7 9 
619,2.06188e-06,2.40882e-06,1.92921e-06,50,100,100,415140,10 1 14 3 5 11 2 6 13 12 0 8 4 7 9 
620,2.04821e-06,2.40882e-06,1.89649e-06,50,100,100,415140,10 1 14 3 5 11 2 6 13 12 0 8 4 7 9 
621,2.04906e-06,2.40882e-06,1.91434e-06,50,100,100,415140,10 1 14 3 5 11 2 6 13 12 0 8 4 7 9 
622,2.05182e-06,2.40882e-06,1.89118e-06,50,100,100,415140,10 1 14 3 5 11 2 6 13 12 0 8 4 7 9 
623,2.06241e-06,2.40882e-06,1.95065e-06,50,100,100,415140,10 1 14 3 5 11 2 6 13 12 0 8 4 7 9 
624,2.05793e-06,2.40882e-06,1.90202e-06,50,100,100,415140,10 1 14 3 5 11 2 6 13 12 0 8 4 7 9 
625,2.05508e-06,2.40882e-06,1.89205e-06,50,100,100,415140,10 1 14 3 5 11 2 6 13 12 0 8 4 7 9 
626,2.05696e-06,2.40882e-06,1.87308e-06,50,100,100,415140,10 1 14 3 5 11 2 6 13 12 0 8 4 7 9 
627,2.05018e-06,2.40882e-06,1.88919e-06,50,100,100,415140,10 1 14 3 5 11 2 6 13 12 0 8 4 7 9 
628,2.05505e-06,2.40882e-06,1.89415e-06,50,100,100,415140,10 1 14 3 5 11 2 6 13 12 0 8 4 7 9 
629,2.05703e-06,2.40882e-06,1.90305e-06,50,100,100,415140,10 1 14 3 5 11 2 6 13 12 0 8 4 7 9 
630,2.05367e-06,2.40882e-06,1.87177e-06,50,100,100,415140,10 1 14 3 5 11 2 6 13 12 0 8 4 7 9 
631,2.05912e-06,2.40882e-06,1.92421e-06,50,100,100,415140,10 1 14 3 5 11 2 6 13 12 0 8 4 7 9 
632,2.0611e-06,2.40882e-06,1.94036e-06,50,100,100,415140,10 1 14 3 5 11 2 6 13 12 0 8 4 7 9 
633,2.05658e-06,2.40882e-06,1.88648e-06,50,100,100,415140,10 1 14 3 5 11 2 6 13 12 0 8 4 7 9 
634,2.05049e-06,2.40882e-06,1.92843e-06,50,100,100,415140,10 1 14 3 5 11 2 6 13 12 0 8 4 7 9 
635,2.06271e-06,2.40882e-06,1.92607e-06,50,100,100,415140,10 1 14 3 5 11 2 6 13 12 0 8 4 7 9 
636,2.05734e-06,2.40882e-06,1.92499e-06,50,100,100,415140,10 1 14 3 5 11 2 6 13 12 0 8 4 7 9 
637,2.05597e-06,2.40882e-06,1.92854e-06,50,100,100,415140,10 1 14 3 5 11 2 6 13 12 0 8 4 7 9 
638,2.06387e-06,2.40882e-06,1.92618e-06,50,100,100,415140,10 1 14 3 5 11 2 6 13 12 0 8 4 7 9 
639,2.05896e-06,2.40882e-06,1.88594e-06,50,100,100,415140,10 1 14 3 5 11 2 6 13 12 0 8 4 7 9 
640,2.06789e-06,2.42247e-06,1.88238e-06,50,100,100,412800,10 1 14 3 5 11 2 6 13 12 9 8 4 7 0 
641,2.0458e-06,2.42247e-06,1.90546e-06,50,100,100,412800,10 1 14 3 5 11 2 6 13 12 9 8 4 7 0 
642,2.05205e-06,2.42247e-06,1.91725e-06,50,100,100,412800,10 1 14 3 5 11 2 6 13 12 9 8 4 7 0 
643,2.07836e-06,2.42247e-06,1.91986e-06,50,100,100,412800,10 1 14 3 5 11 2 6 13 12 9 8 4 7 0 
644,2.06146e-06,2.42247e-06,1.85583e-06,50,100,100,412800,10 1 14 3 5 11 2 6 13 12 9 8 4 7 0 
645,2.06979e-06,2.42247e-06,1.91285e-06,50,100,100,412800,10 1 14 3 5 11 2 6 13 12 9 8 4 7 0 
646,2.05683e-06,2.42247e-06,1.89977e-06,50,100,100,412800,10 1 14 3 5 11 2 6 13 12 9 8 4 7 0 
647,2.064e-06,2.42247e-06,1.90877e-06,50,100,100,412800,10 1 14 3 5 11 2 6 13 12 9 8 4 7 0 
648,2.06091e-06,2.42247e-06,1.88456e-06,50,100,100,412800,10 1 14 3 5 11 2 6 13 12 9 8 4 7 0 
649,2.05845e-06,2.42247e-06,1.93945e-06,50,100,100,412800,10 1 14 3 5 11 2 6 13 12 9 8 4 7 0 
650,2.05207e-06,2.42247e-06,1.90096e-06,50,100,100,412800,10 1 14 3 5 11 2 6 13 12 9 8 4 7 0 
651,2.05167e-06,2.42247e-06,1.89901e-06,50,100,100,412800,10 1 14 3 5 11 2 6 13 12 9 8 4 7 0 
652,2.05942e-06,2.42247e-06,1.92056e-06,50,100,100,412800,10 1 14 3 5 11 2 6 13 12 9 8 4 7 0 
653,2.05472e-06,2.42247e-06,1.90496e-06,50,100,100,412800,10 1 14 3 5 11 2 6 13 12 9 8 4 7 0 
654,2.06138e-06,2.42247e-06,1.92129e-06,50,100,100,412800,10 1 14 3 5 11 2 6 13 12 9 8 4 7 0 
655,2.05718e-06,2.42247e-06,1.91792e-06,50,100,100,412800,10 1 14 3 5 11 2 6 13 12 9 8 4 7 0 
656,2.06561e-06,2.42247e-06,1.87737e-06,50,100,100,412800,10 1 14 3 5 11 2 6 13 12 9 8 4 7 0 
657,2.05554e-06,2.42247e-06,1.92588e-06,50,100,100,412800,10 1 14 3 5 11 2 6 13 12 9 8 4 7 0 
658,2.05423e-06,2.42247e-06,1.92761e-06,50,100,100,412800,10 1 14 3 5 11 2 6 13 12 9 8 4 7 0 
659,2.05664e-06,2.42247e-06,1.91931e-06,50,100,100,412800,10 1 14 3 5 11 2 6 13 12 9 8 4 7 0 
660,2.05503e-06,2.42247e-06,1.91221e-06,50,100,100,412800,10 1 14 3 5 11 2 6 13 12 9 8 4 7 0 
661,2.04661e-06,2.42247e-06,1.88721e-06,50,100,100,412800,10 1 14 3 5 11 2 6 13 12 9 8 4 7 0 
662,2.0563e-06,2.42247e-06,1.89055e-06,50,100,100,412800,10 1 14 3 5 11 2 6 13 12 9 8 4 7 0 
663,2.06229e-06,2.42247e-06,1.90917e-06,50,100,100,412800,10 1 14 3 5 11 2 6 13 12 9 8 4 7 0 
664,2.07255e-06,2.42247e-06,1.91136e-06,50,100,100,412800,10 1 14 3 5 11 2 6 13 12 9 8 4 7 0 
665,2.05418e-06,2.42247e-06,1.8965e-06,50,100,100,412800,10 1 14 3 5 11 2 6 13 12 9 8 4 7 0 
666,2.05793e-06,2.42247e-06,1.93023e-06,50,100,100,412800,10 1 14 3 5 11 2 6 13 12 9 8 4 7 0 
667,2.06776e-06,2.42247e-06,1.93911e-06,50,100,100,412800,10 1 14 3 5 11 2 6 13 12 9 8 4 7 0 
668,2.06688e-06,2.42247e-06,1.91321e-06,50,100,100,412800,10 1 14 3 5 11 2 6 13 12 9 8 4 7 0 
669,2.0716e-06,2.42247e-06,1.91233e-06,50,100,100,412800,10 1 14 3 5 11 2 6 13 12 9 8 4 7 0 
670,2.06917e-06,2.42247e-06,1.91236e-06,50,100,100,412800,10 1 14 3 5 11 2 6 13 12 9 8 4 7 0 
671,2.06836e-06,2.42247e-06,1.88574e-06,50,100,100,412800,10 1 14 3 5 11 2 6 13 12 9 8 4 7 0 
672,2.04832e-06,2.42247e-06,1.89782e-06,50,100,100,412800,10 1 14 3 5 11 2 6 13 12 9 8 4 7 0 
673,2.05601e-06,2.42247e-06,1.89493e-06,50,100,100,412800,10 1 14 3 5 11 2 6 13 12 9 8 4 7 0 
674,2.04918e-06,2.42247e-06,1.89957e-06,50,100,100,412800,10 1 14 3 5 11 2 6 13 12 9 8 4 7 0 
675,2.05122e-06,2.42247e-06,1.91575e-06,50,100,100,412800,10 1 14 3 5 11 2 6 13 12 9 8 4 7 0 
676,2.07e-06,2.42247e-06,1.93034e-06,50,100,100,412800,10 1 14 3 5 11 2 6 13 12 9 8 4 7 0 
677,2.07544e-06,2.42247e-06,1.92796e-06,50,100,100,412800,10 1 14 3 5 11 2 6 13 12 9 8 4 7 0 
678,2.07572e-06,2.42247e-06,1.89631e-06,50,100,100,412800,10 1 14 3 5 11 2 6 13 12 9 8 4 7 0 
679,2.06313e-06,2.42247e-06,1.90606e-06,50,100,100,412800,10 1 14 3 5 11 2 6 13 12 9 8 4 7 0 
680,2.07217e-06,2.42247e-06,1.9029e-06,50,100,100,412800,10 1 14 3 5 11 2 6 13 12 9 8 4 7 0 
681,2.06514e-06,2.42247e-06,1.87583e-06,50,100,100,412800,10 1 14 3 5 11 2 6 13 12 9 8 4 7 0 
682,2.068e-06,2.42247e-06,1.90893e-06,50,100,100,412800,10 1 14 3 5 11 2 6 13 12 9 8 4 7 0 
683,2.06327e-06,2.42247e-06,1.93623e-06,50,100,100,412800,10 1 14 3 5 11 2 6 13 12 9 8 4 7 0 
684,2.05644e-06,2.42247e-06,1.90709e-06,50,100,100,412800,10 1 14 3 5 11 2 6 13 12 9 8 4 7 0 
685,2.04992e-06,2.42247e-06,1.88292e-06,50,100,100,412800,10 1 14 3 5 11 2 6 13 12 9 8 4 7 0 
686,2.05927e-06,2.42247e-06,1.91709e-06,50,100,100,412800,10 1 14 3 5 11 2 6 13 12 9 8 4 7 0 
687,2.06048e-06,2.42247e-06,1.90605e-06,50,100,100,412800,10 1 14 3 5 11 2 6 13 12 9 8 4 7 0 
688,2.0602e-06,2.42247e-06,1.9195e-06,50,100,100,412800,10 1 14 3 5 11 2 6 13 12 9 8 4 7 0 
689,2.06391e-06,2.42247e-06,1.88194e-06,50,100,100,412800,10 1 14 3 5 11 2 6 13 12 9 8 4 7 0 
690,2.06492e-06,2.42247e-06,1.90237e-06,50,100,100,412800,10 1 14 3 5 11 2 6 13 12 9 8 4 7 0 
691,2.05853e-06,2.42247e-06,1.91884e-06,50,100,100,412800,10 1 14 3 5 11 2 6 13 12 9 8 4 7 0 
692,2.04702e-06,2.42247e-06,1.86401e-06,50,100,100,412800,10 1 14 3 5 11 2 6 13 12 9 8 4 7 0 
693,2.05927e-06,2.42247e-06,1.90479e-06,50,100,100,412800,10 1 14 3 5 11 2 6 13 12 9 8 4 7 0 
694,2.06161e-06,2.42247e-06,1.89504e-06,50,100,100,412800,10 1 14 3 5 11 2 6 13 12 9 8 4 7 0 
695,2.05489e-06,2.42247e-06,1.88729e-06,50,100,100,412800,10 1 14 3 5 11 2 6 13 12 9 8 4 7 0 
696,2.065e-06,2.42247e-06,1.91845e-06,50,100,100,412800,10 1 14 3 5 11 2 6 13 12 9 8 4 7 0 
697,2.05473e-06,2.42247e-06,1.88653e-06,50,100,100,412800,10 1 14 3 5 11 2 6 13 12 9 8 4 7 0 
698,2.05804e-06,2.42247e-06,1.91789e-06,50,100,100,412800,10 1 14 3 5 11 2 6 13 12 9 8 4 7 0 
699,2.06074e-06,2.42247e-06,1.90105e-06,50,100,100,412800,10 1 14 3 5 11 2 6 13 12 9 8 4 7 0 
700,2.06226e-06,2.42247e-06,1.92591e-06,50,100,100,412800,10 1 14 3 5 11 2 6 13 12 9 8 4 7 0 
701,2.05669e-06,2.42247e-06,1.89053e-06,50,100,100,412800,10 1 14 3 5 11 2 6 13 12 9 8 4 7 0 
702,2.05857e-06,2.42247e-06,1.87664e-06,50,100,100,412800,10 1 14 3 5 11 2 6 13 12 9 8 4 7 0 
703,2.06178e-06,2.42247e-06,1.91541e-06,50,100,100,412800,10 1 14 3 5 11 2 6 13 12 9 8 4 7 0 
704,2.06526e-06,2.42247e-06,1.91002e-06,50,100,100,412800,10 1 14 3 5 11 2 6 13 12 9 8 4 7 0 
705,2.0658e-06,2.42247e-06,1.92722e-06,50,100,100,412800,10 1 14 3 5 11 2 6 13 12 9 8 4 7 0 
706,2.0712e-06,2.42247e-06,1.93401e-06,50,100,100,412800,10 1 14 3 5 11 2 6 13 12 9 8 4 7 0 
707,2.06777e-06,2.42247e-06,1.9071e-06,50,100,100,412800,10 1 14 3 5 11 2 6 13 12 9 8 4 7 0 
708,2.05062e-06,2.42247e-06,1.89394e-06,50,100,100,412800,10 1 14 3 5 11 2 6 13 12 9 8 4 7 0 
709,2.06936e-06,2.42247e-06,1.91466e-06,50,100,100,412800,10 1 14 3 5 11 2 6 13 12 9 8 4 7 0 
710,2.05615e-06,2.42247e-06,1.90887e-06,50,100,100,412800,10 1 14 3 5 11 2 6 13 12 9 8 4 7 0 
711,2.06762e-06,2.42247e-06,1.92044e-06,50,100,100,412800,10 1 14 3 5 11 2 6 13 12 9 8 4 7 0 
712,2.06362e-06,2.42247e-06,1.91297e-06,50,100,100,412800,10 1 14 3 5 11 2 6 13 12 9 8 4 7 0 
713,2.07501e-06,2.42247e-06,1.93694e-06,50,100,100,412800,10 1 14 3 5 11 2 6 13 12 9 8 4 7 0 
714,2.0704e-06,2.42247e-06,1.93561e-06,50,100,100,412800,10 1 14 3 5 11 2 6 13 12 9 8 4 7 0 
715,2.0616e-06,2.42247e-06,1.92755e-06,50,100,100,412800,10 1 14 3 5 11 2 6 13 12 9 8 4 7 0 
716,2.05793e-06,2.42247e-06,1.88614e-06,50,100,100,412800,10 1 14 3 5 11 2 6 13 12 9 8 4 7 0 
717,2.06659e-06,2.42247e-06,1.92024e-06,50,100,100,412800,10 1 14 3 5 11 2 6 13 12 9 8 4 7 0 
718,2.0664e-06,2.42247e-06,1.89605e-06,50,100,100,412800,10 1 14 3 5 11 2 6 13 12 9 8 4 7 0 
719,2.05877e-06,2.42247e-06,1.90102e-06,50,100,100,412800,10 1 14 3 5 11 2 6 13 12 9 8 4 7 0 
720,2.06159e-06,2.42247e-06,1.91122e-06,50,100,100,412800,10 1 14 3 5 11 2 6 13 12 9 8 4 7 0 
721,2.05251e-06,2.42247e-06,1.86749e-06,50,100,100,412800,10 1 14 3 5 11 2 6 13 12 9 8 4 7 0 
722,2.05269e-06,2.42247e-06,1.88816e-06,50,100,100,412800,10 1 14 3 5 11 2 6 13 12 9 8 4 7 0 
723,2.06862e-06,2.42247e-06,1.93641e-06,50,100,100,412800,10 1 14 3 5 11 2 6 13 12 9 8 4 7 0 
724,2.07307e-06,2.42247e-06,1.95242e-06,50,100,100,412800,10 1 14 3 5 11 2 6 13 12 9 8 4 7 0 
725,2.071e-06,2.42247e-06,1.92287e-06,50,100,100,412800,10 1 14 3 5 11 2 6 13 12 9 8 4 7 0 
726,2.05873e-06,2.42247e-06,1.87472e-06,50,100,100,412800,10 1 14 3 5 11 2 6 13 12 9 8 4 7 0 
727,2.05729e-06,2.42247e-06,1.90787e-06,50,100,100,412800,10 1 14 3 5 11 2 6 13 12 9 8 4 7 0 
728,2.06311e-06,2.42247e-06,1.86735e-06,50,100,100,412800,10 1 14 3 5 11 2 6 13 12 9 8 4 7 0 
729,2.06463e-06,2.42247e-06,1.91625e-06,50,100,100,412800,10 1 14 3 5 11 2 6 13 12 9 8 4 7 0 
730,2.053e-06,2.42247e-06,1.95988e-06,50,100,100,412800,10 1 14 3 5 11 2 6 13 12 9 8 4 7 0 
731,2.04221e-06,2.42247e-06,1.87216e-06,50,100,100,412800,10 1 14 3 5 11 2 6 13 12 9 8 4 7 0 
732,2.06649e-06,2.42247e-06,1.93428e-06,50,100,100,412800,10 1 14 3 5 11 2 6 13 12 9 8 4 7 0 
733,2.06348e-06,2.42247e-06,1.88238e-06,50,100,100,412800,10 1 14 3 5 11 2 6 13 12 9 8 4 7 0 
734,2.06065e-06,2.42247e-06,1.93506e-06,50,100,100,412800,10 1 14 3 5 11 2 6 13 12 9 8 4 7 0 
735,2.06585e-06,2.42247e-06,1.91207e-06,50,100,100,412800,10 1 14 3 5 11 2 6 13 12 9 8 4 7 0 
736,2.05625e-06,2.42247e-06,1.91147e-06,50,100,100,412800,10 1 14 3 5 11 2 6 13 12 9 8 4 7 0 
737,2.06601e-06,2.42247e-06,1.88861e-06,50,100,100,412800,10 1 14 3 5 11 2 6 13 12 9 8 4 7 0 
738,2.07887e-06,2.42247e-06,1.90996e-06,50,100,100,412800,10 1 14 3 5 11 2 6 13 12 9 8 4 7 0 
739,2.06182e-06,2.42247e-06,1.90722e-06,50,100,100,412800,10 1 14 3 5 11 2 6 13 12 9 8 4 7 0 
740,2.06315e-06,2.42247e-06,1.88155e-06,50,100,100,412800,10 1 14 3 5 11 2 6 13 12 9 8 4 7 0 
741,2.05782e-06,2.42247e-06,1.90547e-06,50,100,100,412800,10 1 14 3 5 11 2 6 13 12 9 8 4 7 0 
742,2.05891e-06,2.42247e-06,1.90099e-06,50,100,100,412800,10 1 14 3 5 11 2 6 13 12 9 8 4 7 0 
743,2.05308e-06,2.42247e-06,1.90665e-06,50,100,100,412800,10 1 14 3 5 11 2 6 13 12 9 8 4 7 0 
744,2.04757e-06,2.42247e-06,1.89984e-06,50,100,100,412800,10 1 14 3 5 11 2 6 13 12 9 8 4 7 0 
745,2.04476e-06,2.42247e-06,1.89757e-06,50,100,100,412800,10 1 14 3 5 11 2 6 13 12 9 8 4 7 0 
746,2.04793e-06,2.42247e-06,1.91155e-06,50,100,100,412800,10 1 14 3 5 11 2 6 13 12 9 8 4 7 0 
747,2.07493e-06,2.42247e-06,1.93673e-06,50,100,100,412800,10 1 14 3 5 11 2 6 13 12 9 8 4 7 0 
748,2.06673e-06,2.42247e-06,1.91453e-06,50,100,100,412800,10 1 14 3 5 11 2 6 13 12 9 8 4 7 0 
749,2.07588e-06,2.42247e-06,1.90802e-06,50,100,100,412800,10 1 14 3 5 11 2 6 13 12 9 8 4 7 0 
750,2.0804e-06,2.42247e-06,1.89677e-06,50,100,100,412800,10 1 14 3 5 11 2 6 13 12 9 8 4 7 0 
751,2.05288e-06,2.42247e-06,1.91049e-06,50,100,100,412800,10 1 14 3 5 11 2 6 13 12 9 8 4 7 0 
752,2.06126e-06,2.42247e-06,1.91594e-06,50,100,100,412800,10 1 14 3 5 11 2 6 13 12 9 8 4 7 0 
753,2.0656e-06,2.42247e-06,1.91411e-06,50,100,100,412800,10 1 14 3 5 11 2 6 13 12 9 8 4 7 0 
754,2.06708e-06,2.42247e-06,1.91052e-06,50,100,100,412800,10 1 14 3 5 11 2 6 13 12 9 8 4 7 0 
755,2.0799e-06,2.42247e-06,1.95379e-06,50,100,100,412800,10 1 14 3 5 11 2 6 13 12 9 8 4 7 0 
756,2.07688e-06,2.42247e-06,1.92688e-06,50,100,100,412800,10 1 14 3 5 11 2 6 13 12 9 8 4 7 0 
757,2.05946e-06,2.42247e-06,1.89432e-06,50,100,100,412800,10 1 14 3 5 11 2 6 13 12 9 8 4 7 0 
758,2.07132e-06,2.42247e-06,1.89782e-06,50,100,100,412800,10 1 14 3 5 11 2 6 13 12 9 8 4 7 0 
759,2.06289e-06,2.42247e-06,1.90578e-06,50,100,100,412800,10 1 14 3 5 11 2 6 13 12 9 8 4 7 0 
760,2.07102e-06,2.42247e-06,1.90196e-06,50,100,100,412800,10 1 14 3 5 11 2 6 13 12 9 8 4 7 0 
761,2.05917e-06,2.42247e-06,1.91778e-06,50,100,100,412800,10 1 14 3 5 11 2 6 13 12 9 8 4 7 0 
762,2.0649e-06,2.42247e-06,1.92428e-06,50,100,100,412800,10 1 14 3 5 11 2 6 13 12 9 8 4 7 0 
763,2.0627e-06,2.42247e-06,1.91702e-06,50,100,100,412800,10 1 14 3 5 11 2 6 13 12 9 8 4 7 0 
764,2.06006e-06,2.42247e-06,1.91736e-06,50,100,100,412800,10 1 14 3 5 11 2 6 13 12 9 8 4 7 0 
765,2.064e-06,2.42247e-06,1.89725e-06,50,100,100,412800,10 1 14 3 5 11 2 6 13 12 9 8 4 7 0 
766,2.06974e-06,2.42247e-06,1.90607e-06,50,100,100,412800,10 1 14 3 5 11 2 6 13 12 9 8 4 7 0 
767,2.05968e-06,2.42247e-06,1.9256e-06,50,100,100,412800,10 1 14 3 5 11 2 6 13 12 9 8 4 7 0 
768,2.05365e-06,2.42247e-06,1.91247e-06,50,100,100,412800,10 1 14 3 5 11 2 6 13 12 9 8 4 7 0 
769,2.06227e-06,2.42247e-06,1.91477e-06,50,100,100,412800,10 1 14 3 5 11 2 6 13 12 9 8 4 7 0 
770,2.05316e-06,2.42247e-06,1.8926e-06,50,100,100,412800,10 1 14 3 5 11 2 6 13 12 9 8 4 7 0 
771,2.05234e-06,2.42247e-06,1.9053e-06,50,100,100,412800,10 1 14 3 5 11 2 6 13 12 9 8 4 7 0 
772,2.05852e-06,2.42247e-06,1.86456e-06,50,100,100,412800,10 1 14 3 5 11 2 6 13 12 9 8 4 7 0 
773,2.0581e-06,2.42247e-06,1.91564e-06,50,100,100,412800,10 1 14 3 5 11 2 6 13 12 9 8 4 7 0 
774,2.05925e-06,2.42247e-06,1.91065e-06,50,100,100,412800,10 1 14 3 5 11 2 6 13 12 9 8 4 7 0 
775,2.04899e-06,2.42247e-06,1.91327e-06,50,100,100,412800,10 1 14 3 5 11 2 6 13 12 9 8 4 7 0 
776,2.06295e-06,2.42247e-06,1.91817e-06,50,100,100,412800,10 1 14 3 5 11 2 6 13 12 9 8 4 7 0 
777,2.06986e-06,2.42247e-06,1.91035e-06,50,100,100,412800,10 1 14 3 5 11 2 6 13 12 9 8 4 7 0 
778,2.06139e-06,2.42247e-06,1.90073e-06,50,100,100,412800,10 1 14 3 5 11 2 6 13 12 9 8 4 7 0 
779,2.05461e-06,2.42247e-06,1.90262e-06,50,100,100,412800,10 1 14 3 5 11 2 6 13 12 9 8 4 7 0 
780,2.05799e-06,2.42247e-06,1.89788e-06,50,100,100,412800,10 1 14 3 5 11 2 6 13 12 9 8 4 7 0 
781,2.06004e-06,2.42247e-06,1.89157e-06,50,100,100,412800,10 1 14 3 5 11 2 6 13 12 9 8 4 7 0 
782,2.07418e-06,2.42247e-06,1.93756e-06,50,100,100,412800,10 1 14 3 5 11 2 6 13 12 9 8 4 7 0 
783,2.07047e-06,2.42247e-06,1.93164e-06,50,100,100,412800,10 1 14 3 5 11 2 6 13 12 9 8 4 7 0 
784,2.05849e-06,2.42247e-06,1.90801e-06,50,100,100,412800,10 1 14 3 5 11 2 6 13 12 9 8 4 7 0 
785,2.05897e-06,2.42247e-06,1.89538e-06,50,100,100,412800,10 1 14 3 5 11 2 6 13 12 9 8 4 7 0 
786,2.0546e-06,2.42247e-06,1.90805e-06,50,100,100,412800,10 1 14 3 5 11 2 6 13 12 9 8 4 7 0 
787,2.05535e-06,2.42247e-06,1.89271e-06,50,100,100,412800,10 1 14 3 5 11 2 6 13 12 9 8 4 7 0 
788,2.04688e-06,2.42247e-06,1.89436e-06,50,100,100,412800,10 1 14 3 5 11 2 6 13 12 9 8 4 7 0 
789,2.05888e-06,2.42247e-06,1.92774e-06,50,100,100,412800,10 1 14 3 5 11 2 6 13 12 9 8 4 7 0 
790,2.05516e-06,2.42247e-06,1.92544e-06,50,100,100,412800,10 1 14 3 5 11 2 6 13 12 9 8 4 7 0 
791,2.0632e-06,2.42247e-06,1.91152e-06,50,100,100,412800,10 1 14 3 5 11 2 6 13 12 9 8 4 7 0 
792,2.0483e-06,2.42247e-06,1.91066e-06,50,100,100,412800,10 1 14 3 5 11 2 6 13 12 9 8 4 7 0 
793,2.05737e-06,2.42247e-06,1.88751e-06,50,100,100,412800,10 1 14 3 5 11 2 6 13 12 9 8 4 7 0 
794,2.06285e-06,2.42247e-06,1.90044e-06,50,100,100,412800,10 1 14 3 5 11 2 6 13 12 9 8 4 7 0 
795,2.0675e-06,2.42247e-06,1.9197e-06,50,100,100,412800,10 1 14 3 5 11 2 6 13 12 9 8 4 7 0 
796,2.05617e-06,2.42247e-06,1.90137e-06,50,100,100,412800,10 1 14 3 5 11 2 6 13 12 9 8 4 7 0 
797,2.06732e-06,2.42247e-06,1.91043e-06,50,100,100,412800,10 1 14 3 5 11 2 6 13 12 9 8 4 7 0 
798,2.06474e-06,2.42247e-06,1.94992e-06,50,100,100,412800,10 1 14 3 5 11 2 6 13 12 9 8 4 7 0 
799,2.06374e-06,2.42247e-06,1.90281e-06,50,100,100,412800,10 1 14 3 5 11 2 6 13 12 9 8 4 7 0 
800,2.06158e-06,2.42247e-06,1.91493e-06,50,100,100,412800,10 1 14 3 5 11 2 6 13 12 9 8 4 7 0 
801,2.05709e-06,2.42247e-06,1.85883e-06,50,100,100,412800,10 1 14 3 5 11 2 6 13 12 9 8 4 7 0 
802,2.05694e-06,2.42247e-06,1.92873e-06,50,100,100,412800,10 1 14 3 5 11 2 6 13 12 9 8 4 7 0 
803,2.06603e-06,2.42247e-06,1.89524e-06,50,100,100,412800,10 1 14 3 5 11 2 6 13 12 9 8 4 7 0 
804,2.07201e-06,2.42247e-06,1.92755e-06,50,100,100,412800,10 1 14 3 5 11 2 6 13 12 9 8 4 7 0 
805,2.07162e-06,2.42247e-06,1.9333e-06,50,100,100,412800,10 1 14 3 5 11 2 6 13 12 9 8 4 7 0 
806,2.06469e-06,2.42247e-06,1.87212e-06,50,100,100,412800,10 1 14 3 5 11 2 6 13 12 9 8 4 7 0 
807,2.06805e-06,2.42247e-06,1.88707e-06,50,100,100,412800,10 1 14 3 5 11 2 6 13 12 9 8 4 7 0 
808,2.05973e-06,2.42247e-06,1.92778e-06,50,100,100,412800,10 1 14 3 5 11 2 6 13 12 9 8 4 7 0 
809,2.06535e-06,2.42247e-06,1.87375e-06,50,100,100,412800,10 1 14 3 5 11 2 6 13 12 9 8 4 7 0 
810,2.08033e-06,2.42247e-06,1.93848e-06,50,100,100,412800,10 1 14 3 5 11 2 6 13 12 9 8 4 7 0 
811,2.07224e-06,2.42247e-06,1.91171e-06,50,100,100,412800,10 1 14 3 5 11 2 6 13 12 9 8 4 7 0 
812,2.05781e-06,2.42247e-06,1.9203e-06,50,100,100,412800,10 1 14 3 5 11 2 6 13 12 9 8 4 7 0 
813,2.06003e-06,2.42247e-06,1.9234e-06,50,100,100,412800,10 1 14 3 5 11 2 6 13 12 9 8 4 7 0 
814,2.06288e-06,2.42247e-06,1.90086e-06,50,100,100,412800,10 1 14 3 5 11 2 6 13 12 9 8 4 7 0 
815,2.05748e-06,2.42247e-06,1.90914e-06,50,100,100,412800,10 1 14 3 5 11 2 6 13 12 9 8 4 7 0 
816,2.05892e-06,2.42247e-06,1.90249e-06,50,100,100,412800,10 1 14 3 5 11 2 6 13 12 9 8 4 7 0 
817,2.06136e-06,2.42247e-06,1.89832e-06,50,100,100,412800,10 1 14 3 5 11 2 6 13 12 9 8 4 7 0 
818,2.07374e-06,2.42247e-06,1.93133e-06,50,100,100,412800,10 1 14 3 5 11 2 6 13 12 9 8 4 7 0 
819,2.0604e-06,2.42247e-06,1.89884e-06,50,100,100,412800,10 1 14 3 5 11 2 6 13 12 9 8 4 7 0 
820,2.0556e-06,2.42247e-06,1.88817e-06,50,100,100,412800,10 1 14 3 5 11 2 6 13 12 9 8 4 7 0 
821,2.06712e-06,2.42247e-06,1.92143e-06,50,100,100,412800,10 1 14 3 5 11 2 6 13 12 9 8 4 7 0 
822,2.0698e-06,2.42247e-06,1.92586e-06,50,100,100,412800,10 1 14 3 5 11 2 6 13 12 9 8 4 7 0 
823,2.07128e-06,2.42247e-06,1.91687e-06,50,100,100,412800,10 1 14 3 5 11 2 6 13 12 9 8 4 7 0 
824,2.05385e-06,2.42247e-06,1.90566e-06,50,100,100,412800,10 1 14 3 5 11 2 6 13 12 9 8 4 7 0 
825,2.05669e-06,2.42247e-06,1.90026e-06,50,100,100,412800,10 1 14 3 5 11 2 6 13 12 9 8 4 7 0 
826,2.0701e-06,2.42247e-06,1.9089e-06,50,100,100,412800,10 1 14 3 5 11 2 6 13 12 9 8 4 7 0 
827,2.06273e-06,2.42247e-06,1.92367e-06,50,100,100,412800,10 1 14 3 5 11 2 6 13 12 9 8 4 7 0 
828,2.06557e-06,2.42247e-06,1.92206e-06,50,100,100,412800,10 1 14 3 5 11 2 6 13 12 9 8 4 7 0 
829,2.05093e-06,2.42247e-06,1.88898e-06,50,100,100,412800,10 1 14 3 5 11 2 6 13 12 9 8 4 7 0 
830,2.05148e-06,2.42247e-06,1.85691e-06,50,100,100,412800,10 1 14 3 5 11 2 6 13 12 9 8 4 7 0 
831,2.05764e-06,2.42247e-06,1.90609e-06,50,100,100,412800,10 1 14 3 5 11 2 6 13 12 9 8 4 7 0 
832,2.06097e-06,2.42247e-06,1.93136e-06,50,100,100,412800,10 1 14 3 5 11 2 6 13 12 9 8 4 7 0 
833,2.06205e-06,2.42247e-06,1.92992e-06,50,100,100,412800,10 1 14 3 5 11 2 6 13 12 9 8 4 7 0 
834,2.05166e-06,2.42247e-06,1.89899e-06,50,100,100,412800,10 1 14 3 5 11 2 6 13 12 9 8 4 7 0 
835,2.06403e-06,2.42247e-06,1.90799e-06,50,100,100,412800,10 1 14 3 5 11 2 6 13 12 9 8 4 7 0 
836,2.05858e-06,2.42247e-06,1.92373e-06,50,100,100,412800,10 1 14 3 5 11 2 6 13 12 9 8 4 7 0 
837,2.06156e-06,2.42247e-06,1.90324e-06,50,100,100,412800,10 1 14 3 5 11 2 6 13 12 9 8 4 7 0 
838,2.06712e-06,2.42247e-06,1.92725e-06,50,100,100,412800,10 1 14 3 5 11 2 6 13 12 9 8 4 7 0 
839,2.05605e-06,2.42247e-06,1.90245e-06,50,100,100,412800,10 1 14 3 5 11 2 6 13 12 9 8 4 7 0 
840,2.06838e-06,2.42247e-06,1.92818e-06,50,100,100,412800,10 1 14 3 5 11 2 6 13 12 9 8 4 7 0 
841,2.05259e-06,2.42247e-06,1.86392e-06,50,100,100,412800,10 1 14 3 5 11 2 6 13 12 9 8 4 7 0 
842,2.06665e-06,2.42247e-06,1.91381e-06,50,100,100,412800,10 1 14 3 5 11 2 6 13 12 9 8 4 7 0 
843,2.06288e-06,2.42247e-06,1.88785e-06,50,100,100,412800,10 1 14 3 5 11 2 6 13 12 9 8 4 7 0 
844,2.07243e-06,2.42247e-06,1.88458e-06,50,100,100,412800,10 1 14 3 5 11 2 6 13 12 9 8 4 7 0 
845,2.06414e-06,2.42247e-06,1.89619e-06,50,100,100,412800,10 1 14 3 5 11 2 6 13 12 9 8 4 7 0 
846,2.06755e-06,2.42247e-06,1.8872e-06,50,100,100,412800,10 1 14 3 5 11 2 6 13 12 9 8 4 7 0 
847,2.05887e-06,2.42247e-06,1.93531e-06,50,100,100,412800,10 1 14 3 5 11 2 6 13 12 9 8 4 7 0 
848,2.05499e-06,2.42247e-06,1.9261e-06,50,100,100,412800,10 1 14 3 5 11 2 6 13 12 9 8 4 7 0 
849,2.05575e-06,2.42247e-06,1.87562e-06,50,100,100,412800,10 1 14 3 5 11 2 6 13 12 9 8 4 7 0 
850,2.05449e-06,2.42247e-06,1.89801e-06,50,100,100,412800,10 1 14 3 5 11 2 6 13 12 9 8 4 7 0 
851,2.07795e-06,2.42247e-06,1.93372e-06,50,100,100,412800,10 1 14 3 5 11 2 6 13 12 9 8 4 7 0 
852,2.06744e-06,2.42247e-06,1.91641e-06,50,100,100,412800,10 1 14 3 5 11 2 6 13 12 9 8 4 7 0 
853,2.06271e-06,2.42247e-06,1.92449e-06,50,100,100,412800,10 1 14 3 5 11 2 6 13 12 9 8 4 7 0 
854,2.051e-06,2.42247e-06,1.89304e-06,50,100,100,412800,10 1 14 3 5 11 2 6 13 12 9 8 4 7 0 
855,2.06448e-06,2.42247e-06,1.90583e-06,50,100,100,412800,10 1 14 3 5 11 2 6 13 12 9 8 4 7 0 
856,2.05377e-06,2.42247e-06,1.92713e-06,50,100,100,412800,10 1 14 3 5 11 2 6 13 12 9 8 4 7 0 
857,2.05259e-06,2.42247e-06,1.90119e-06,50,100,100,412800,10 1 14 3 5 11 2 6 13 12 9 8 4 7 0 
858,2.058e-06,2.42247e-06,1.88638e-06,50,100,100,412800,10 1 14 3 5 11 2 6 13 12 9 8 4 7 0 
859,2.06368e-06,2.42247e-06,1.92977e-06,50,100,100,412800,10 1 14 3 5 11 2 6 13 12 9 8 4 7 0 
860,2.05912e-06,2.42247e-06,1.90092e-06,50,100,100,412800,10 1 14 3 5 11 2 6 13 12 9 8 4 7 0 
861,2.06071e-06,2.42247e-06,1.88304e-06,50,100,100,412800,10 1 14 3 5 11 2 6 13 12 9 8 4 7 0 
862,2.05436e-06,2.42247e-06,1.91426e-06,50,100,100,412800,10 1 14 3 5 11 2 6 13 12 9 8 4 7 0 
863,2.07576e-06,2.42247e-06,1.91218e-06,50,100,100,412800,10 1 14 3 5 11 2 6 13 12 9 8 4 7 0 
864,2.05878e-06,2.42247e-06,1.91809e-06,50,100,100,412800,10 1 14 3 5 11 2 6 13 12 9 8 4 7 0 
865,2.06763e-06,2.42247e-06,1.88758e-06,50,100,100,412800,10 1 14 3 5 11 2 6 13 12 9 8 4 7 0 
866,2.05524e-06,2.42247e-06,1.92056e-06,50,100,100,412800,10 1 14 3 5 11 2 6 13 12 9 8 4 7 0 
867,2.05923e-06,2.42247e-06,1.93552e-06,50,100,100,412800,10 1 14 3 5 11 2 6 13 12 9 8 4 7 0 
868,2.05909e-06,2.42247e-06,1.92886e-06,50,100,100,412800,10 1 14 3 5 11 2 6 13 12 9 8 4 7 0 
869,2.05471e-06,2.42247e-06,1.91408e-06,50,100,100,412800,10 1 14 3 5 11 2 6 13 12 9 8 4 7 0 
870,2.05905e-06,2.42247e-06,1.91012e-06,50,100,100,412800,10 1 14 3 5 11 2 6 13 12 9 8 4 7 0 
871,2.06266e-06,2.42247e-06,1.88241e-06,50,100,100,412800,10 1 14 3 5 11 2 6 13 12 9 8 4 7 0 
872,2.06182e-06,2.42247e-06,1.92077e-06,50,100,100,412800,10 1 14 3 5 11 2 6 13 12 9 8 4 7 0 
873,2.06647e-06,2.42247e-06,1.90807e-06,50,100,100,412800,10 1 14 3 5 11 2 6 13 12 9 8 4 7 0 
874,2.06361e-06,2.42247e-06,1.93089e-06,50,100,100,412800,10 1 14 3 5 11 2 6 13 12 9 8 4 7 0 
875,2.07446e-06,2.42247e-06,1.92449e-06,50,100,100,412800,10 1 14 3 5 11 2 6 13 12 9 8 4 7 0 
876,2.06433e-06,2.42247e-06,1.92389e-06,50,100,100,412800,10 1 14 3 5 11 2 6 13 12 9 8 4 7 0 
877,2.06485e-06,2.42247e-06,1.9309e-06,50,100,100,412800,10 1 14 3 5 11 2 6 13 12 9 8 4 7 0 
878,2.07041e-06,2.42247e-06,1.90372e-06,50,100,100,412800,10 1 14 3 5 11 2 6 13 12 9 8 4 7 0 
879,2.06799e-06,2.42247e-06,1.90177e-06,50,100,100,412800,10 1 14 3 5 11 2 6 13 12 9 8 4 7 0 
880,2.06139e-06,2.42247e-06,1.90072e-06,50,100,100,412800,10 1 14 3 5 11 2 6 13 12 9 8 4 7 0 
881,2.06776e-06,2.42247e-06,1.91479e-06,50,100,100,412800,10 1 14 3 5 11 2 6 13 12 9 8 4 7 0 
882,2.07035e-06,2.42247e-06,1.94292e-06,50,100,100,412800,10 1 14 3 5 11 2 6 13 12 9 8 4 7 0 
883,2.04541e-06,2.42247e-06,1.88306e-06,50,100,100,412800,10 1 14 3 5 11 2 6 13 12 9 8 4 7 0 
884,2.0692e-06,2.42247e-06,1.90594e-06,50,100,100,412800,10 1 14 3 5 11 2 6 13 12 9 8 4 7 0 
885,2.07428e-06,2.42247e-06,1.89474e-06,50,100,100,412800,10 1 14 3 5 11 2 6 13 12 9 8 4 7 0 
886,2.07364e-06,2.42247e-06,1.90922e-06,50,100,100,412800,10 1 14 3 5 11 2 6 13 12 9 8 4 7 0 
887,2.06738e-06,2.42247e-06,1.84888e-06,50,100,100,412800,10 1 14 3 5 11 2 6 13 12 9 8 4 7 0 
888,2.06428e-06,2.42247e-06,1.90099e-06,50,100,100,412800,10 1 14 3 5 11 2 6 13 12 9 8 4 7 0 
889,2.06055e-06,2.42247e-06,1.91165e-06,50,100,100,412800,10 1 14 3 5 11 2 6 13 12 9 8 4 7 0 
890,2.06568e-06,2.42247e-06,1.90366e-06,50,100,100,412800,10 1 14 3 5 11 2 6 13 12 9 8 4 7 0 
891,2.06872e-06,2.42247e-06,1.91334e-06,50,100,100,412800,10 1 14 3 5 11 2 6 13 12 9 8 4 7 0 
892,2.06018e-06,2.42247e-06,1.91859e-06,50,100,100,412800,10 1 14 3 5 11 2 6 13 12 9 8 4 7 0 
893,2.06289e-06,2.42247e-06,1.89053e-06,50,100,100,412800,10 1 14 3 5 11 2 6 13 12 9 8 4 7 0 
894,2.0643e-06,2.42247e-06,1.91321e-06,50,100,100,412800,10 1 14 3 5 11 2 6 13 12 9 8 4 7 0 
895,2.05736e-06,2.42247e-06,1.90945e-06,50,100,100,412800,10 1 14 3 5 11 2 6 13 12 9 8 4 7 0 
896,2.05142e-06,2.42247e-06,1.91339e-06,50,100,100,412800,10 1 14 3 5 11 2 6 13 12 9 8 4 7 0 
897,2.05175e-06,2.42247e-06,1.90771e-06,50,100,100,412800,10 1 14 3 5 11 2 6 13 12 9 8 4 7 0 
898,2.05842e-06,2.42247e-06,1.91902e-06,50,100,100,412800,10 1 14 3 5 11 2 6 13 12 9 8 4 7 0 
899,2.0516e-06,2.42247e-06,1.93714e-06,50,100,100,412800,10 1 14 3 5 11 2 6 13 12 9 8 4 7 0 
900,2.04625e-06,2.42247e-06,1.88363e-06,50,100,100,412800,10 1 14 3 5 11 2 6 13 12 9 8 4 7 0 
901,2.04851e-06,2.42247e-06,1.93972e-06,50,100,100,412800,10 1 14 3 5 11 2 6 13 12 9 8 4 7 0 
902,2.06456e-06,2.42247e-06,1.93491e-06,50,100,100,412800,10 1 14 3 5 11 2 6 13 12 9 8 4 7 0 
903,2.06431e-06,2.42247e-06,1.90506e-06,50,100,100,412800,10 1 14 3 5 11 2 6 13 12 9 8 4 7 0 
904,2.07032e-06,2.42247e-06,1.93736e-06,50,100,100,412800,10 1 14 3 5 11 2 6 13 12 9 8 4 7 0 
905,2.06144e-06,2.42247e-06,1.87085e-06,50,100,100,412800,10 1 14 3 5 11 2 6 13 12 9 8 4 7 0 
906,2.05442e-06,2.42247e-06,1.90234e-06,50,100,100,412800,10 1 14 3 5 11 2 6 13 12 9 8 4 7 0 
907,2.05428e-06,2.42247e-06,1.92091e-06,50,100,100,412800,10 1 14 3 5 11 2 6 13 12 9 8 4 7 0 
908,2.06098e-06,2.42247e-06,1.90852e-06,50,100,100,412800,10 1 14 3 5 11 2 6 13 12 9 8 4 7 0 
909,2.0672e-06,2.42247e-06,1.92786e-06,50,100,100,412800,10 1 14 3 5 11 2 6 13 12 9 8 4 7 0 
910,2.06001e-06,2.42247e-06,1.90431e-06,50,100,100,412800,10 1 14 3 5 11 2 6 13 12 9 8 4 7 0 
911,2.06383e-06,2.42247e-06,1.91167e-06,50,100,100,412800,10 1 14 3 5 11 2 6 13 12 9 8 4 7 0 
912,2.05235e-06,2.42247e-06,1.89191e-06,50,100,100,412800,10 1 14 3 5 11 2 6 13 12 9 8 4 7 0 
913,2.05766e-06,2.42247e-06,1.88088e-06,50,100,100,412800,10 1 14 3 5 11 2 6 13 12 9 8 4 7 0 
914,2.06968e-06,2.42247e-06,1.90337e-06,50,100,100,412800,10 1 14 3 5 11 2 6 13 12 9 8 4 7 0 
915,2.06427e-06,2.42247e-06,1.92828e-06,50,100,100,412800,10 1 14 3 5 11 2 6 13 12 9 8 4 7 0 
916,2.06235e-06,2.42247e-06,1.90588e-06,50,100,100,412800,10 1 14 3 5 11 2 6 13 12 9 8 4 7 0 
917,2.07485e-06,2.42247e-06,1.92495e-06,50,100,100,412800,10 1 14 3 5 11 2 6 13 12 9 8 4 7 0 
918,2.04946e-06,2.42247e-06,1.90552e-06,50,100,100,412800,10 1 14 3 5 11 2 6 13 12 9 8 4 7 0 
919,2.055e-06,2.42247e-06,1.91811e-06,50,100,100,412800,10 1 14 3 5 11 2 6 13 12 9 8 4 7 0 
920,2.06552e-06,2.42247e-06,1.91664e-06,50,100,100,412800,10 1 14 3 5 11 2 6 13 12 9 8 4 7 0 
921,2.05881e-06,2.42247e-06,1.91886e-06,50,100,100,412800,10 1 14 3 5 11 2 6 13 12 9 8 4 7 0 
922,2.05352e-06,2.42247e-06,1.89058e-06,50,100,100,412800,10 1 14 3 5 11 2 6 13 12 9 8 4 7 0 
923,2.05409e-06,2.42424e-06,1.91021e-06,50,100,100,412500,2 1 14 3 5 11 10 6 13 12 9 8 4 7 0 
924,2.06698e-06,2.42424e-06,1.8979e-06,50,100,100,412500,2 1 14 3 5 11 10 6 13 12 9 8 4 7 0 
925,2.06187e-06,2.42424e-06,1.91973e-06,50,100,100,412500,2 1 14 3 5 11 10 6 13 12 9 8 4 7 0 
926,2.05462e-06,2.42424e-06,1.88382e-06,50,100,100,412500,2 1 14 3 5 11 10 6 13 12 9 8 4 7 0 
927,2.06425e-06,2.42424e-06,1.94013e-06,50,100,100,412500,2 1 14 3 5 11 10 6 13 12 9 8 4 7 0 
928,2.06438e-06,2.42424e-06,1.9351e-06,50,100,100,412500,2 1 14 3 5 11 10 6 13 12 9 8 4 7 0 
929,2.05362e-06,2.42424e-06,1.92659e-06,50,100,100,412500,2 1 14 3 5 11 10 6 13 12 9 8 4 7 0 
930,2.05317e-06,2.42424e-06,1.93043e-06,50,100,100,412500,2 1 14 3 5 11 10 6 13 12 9 8 4 7 0 
931,2.05803e-06,2.42424e-06,1.94025e-06,50,100,100,412500,2 1 14 3 5 11 10 6 13 12 9 8 4 7 0 
932,2.0621e-06,2.42424e-06,1.91287e-06,50,100,100,412500,2 1 14 3 5 11 10 6 13 12 9 8 4 7 0 
933,2.06995e-06,2.42424e-06,1.91579e-06,50,100,100,412500,2 1 14 3 5 11 10 6 13 12 9 8 4 7 0 
934,2.05979e-06,2.42424e-06,1.88149e-06,50,100,100,412500,2 1 14 3 5 11 10 6 13 12 9 8 4 7 0 
935,2.05342e-06,2.42424e-06,1.93737e-06,50,100,100,412500,2 1 14 3 5 11 10 6 13 12 9 8 4 7 0 
936,2.06963e-06,2.42424e-06,1.93194e-06,50,100,100,412500,2 1 14 3 5 11 10 6 13 12 9 8 4 7 0 
937,2.06104e-06,2.42424e-06,1.9349e-06,50,100,100,412500,2 1 14 3 5 11 10 6 13 12 9 8 4 7 0 
938,2.06918e-06,2.42424e-06,1.91362e-06,50,100,100,412500,2 1 14 3 5 11 10 6 13 12 9 8 4 7 0 
939,2.06186e-06,2.42424e-06,1.90745e-06,50,100,100,412500,2 1 14 3 5 11 10 6 13 12 9 8 4 7 0 
940,2.06728e-06,2.42424e-06,1.91929e-06,50,100,100,412500,2 1 14 3 5 11 10 6 13 12 9 8 4 7 0 
941,2.06356e-06,2.42424e-06,1.88606e-06,50,100,100,412500,2 1 14 3 5 11 10 6 13 12 9 8 4 7 0 
942,2.05638e-06,2.42424e-06,1.90245e-06,50,100,100,412500,2 1 14 3 5 11 10 6 13 12 9 8 4 7 0 
943,2.06504e-06,2.42424e-06,1.90986e-06,50,100,100,412500,2 1 14 3 5 11 10 6 13 12 9 8 4 7 0 
944,2.05544e-06,2.42424e-06,1.91342e-06,50,100,100,412500,2 1 14 3 5 11 10 6 13 12 9 8 4 7 0 
945,2.06834e-06,2.42424e-06,1.91637e-06,50,100,100,412500,2 1 14 3 5 11 10 6 13 12 9 8 4 7 0 
946,2.05401e-06,2.42424e-06,1.88179e-06,50,100,100,412500,2 1 14 3 5 11 10 6 13 12 9 8 4 7 0 
947,2.05693e-06,2.42424e-06,1.90751e-06,50,100,100,412500,2 1 14 3 5 11 10 6 13 12 9 8 4 7 0 
948,2.05512e-06,2.42424e-06,1.88066e-06,50,100,100,412500,2 1 14 3 5 11 10 6 13 12 9 8 4 7 0 
949,2.05451e-06,2.42424e-06,1.90931e-06,50,100,100,412500,2 1 14 3 5 11 10 6 13 12 9 8 4 7 0 
950,2.05619e-06,2.42424e-06,1.89464e-06,50,100,100,412500,2 1 14 3 5 11 10 6 13 12 9 8 4 7 0 
951,2.07448e-06,2.42424e-06,1.8826e-06,50,100,100,412500,2 1 14 3 5 11 10 6 13 12 9 8 4 7 0 
952,2.05726e-06,2.42424e-06,1.89646e-06,50,100,100,412500,2 1 14 3 5 11 10 6 13 12 9 8 4 7 0 
953,2.0544e-06,2.42424e-06,1.92249e-06,50,100,100,412500,2 1 14 3 5 11 10 6 13 12 9 8 4 7 0 
954,2.05781e-06,2.42424e-06,1.89146e-06,50,100,100,412500,2 1 14 3 5 11 10 6 13 12 9 8 4 7 0 
955,2.05807e-06,2.42424e-06,1.89089e-06,50,100,100,412500,2 1 14 3 5 11 10 6 13 12 9 8 4 7 0 
956,2.05906e-06,2.42424e-06,1.90939e-06,50,100,100,412500,2 1 14 3 5 11 10 6 13 12 9 8 4 7 0 
957,2.05327e-06,2.42424e-06,1.8928e-06,50,100,100,412500,2 1 14 3 5 11 10 6 13 12 9 8 4 7 0 
958,2.05302e-06,2.42424e-06,1.9097e-06,50,100,100,412500,2 1 14 3 5 11 10 6 13 12 9 8 4 7 0 
959,2.05683e-06,2.42424e-06,1.90868e-06,50,100,100,412500,2 1 14 3 5 11 10 6 13 12 9 8 4 7 0 
960,2.05985e-06,2.42424e-06,1.89826e-06,50,100,100,412500,2 1 14 3 5 11 10 6 13 12 9 8 4 7 0 
961,2.06031e-06,2.42424e-06,1.91485e-06,50,100,100,412500,2 1 14 3 5 11 10 6 13 12 9 8 4 7 0 
962,2.06248e-06,2.42424e-06,1.91373e-06,50,100,100,412500,2 1 14 3 5 11 10 6 13 12 9 8 4 7 0 
963,2.05783e-06,2.42424e-06,1.89799e-06,50,100,100,412500,2 1 14 3 5 11 10 6 13 12 9 8 4 7 0 
964,2.06776e-06,2.42424e-06,1.90823e-06,50,100,100,412500,2 1 14 3 5 11 10 6 13 12 9 8 4 7 0 
965,2.06077e-06,2.42424e-06,1.89617e-06,50,100,100,412500,2 1 14 3 5 11 10 6 13 12 9 8 4 7 0 
966,2.06109e-06,2.42424e-06,1.93835e-06,50,100,100,412500,2 1 14 3 5 11 10 6 13 12 9 8 4 7 0 
967,2.05741e-06,2.42424e-06,1.86754e-06,50,100,100,412500,2 1 14 3 5 11 10 6 13 12 9 8 4 7 0 
968,2.06219e-06,2.42424e-06,1.90506e-06,50,100,100,412500,2 1 14 3 5 11 10 6 13 12 9 8 4 7 0 
969,2.06519e-06,2.42424e-06,1.90178e-06,50,100,100,412500,2 1 14 3 5 11 10 6 13 12 9 8 4 7 0 
970,2.06394e-06,2.42424e-06,1.95288e-06,50,100,100,412500,2 1 14 3 5 11 10 6 13 12 9 8 4 7 0 
971,2.06386e-06,2.42424e-06,1.90122e-06,50,100,100,412500,2 1 14 3 5 11 10 6 13 12 9 8 4 7 0 
972,2.05922e-06,2.42424e-06,1.92184e-06,50,100,100,412500,2 1 14 3 5 11 10 6 13 12 9 8 4 7 0 
973,2.0551e-06,2.42424e-06,1.89037e-06,50,100,100,412500,2 1 14 3 5 11 10 6 13 12 9 8 4 7 0 
974,2.06151e-06,2.42424e-06,1.90921e-06,50,100,100,412500,2 1 14 3 5 11 10 6 13 12 9 8 4 7 0 
975,2.05581e-06,2.42424e-06,1.91488e-06,50,100,100,412500,2 1 14 3 5 11 10 6 13 12 9 8 4 7 0 
976,2.05483e-06,2.42424e-06,1.93586e-06,50,100,100,412500,2 1 14 3 5 11 10 6 13 12 9 8 4 7 0 
977,2.05256e-06,2.42424e-06,1.88811e-06,50,100,100,412500,2 1 14 3 5 11 10 6 13 12 9 8 4 7 0 
978,2.04876e-06,2.42424e-06,1.91744e-06,50,100,100,412500,2 1 14 3 5 11 10 6 13 12 9 8 4 7 0 
979,2.05619e-06,2.42424e-06,1.91438e-06,50,100,100,412500,2 1 14 3 5 11 10 6 13 12 9 8 4 7 0 
980,2.06771e-06,2.42424e-06,1.94571e-06,50,100,100,412500,2 1 14 3 5 11 10 6 13 12 9 8 4 7 0 
981,2.06942e-06,2.42424e-06,1.95301e-06,50,100,100,412500,2 1 14 3 5 11 10 6 13 12 9 8 4 7 0 
982,2.05607e-06,2.42424e-06,1.89737e-06,50,100,100,412500,2 1 14 3 5 11 10 6 13 12 9 8 4 7 0 
983,2.06028e-06,2.42424e-06,1.91106e-06,50,100,100,412500,2 1 14 3 5 11 10 6 13 12 9 8 4 7 0 
984,2.05607e-06,2.42424e-06,1.90882e-06,50,100,100,412500,2 1 14 3 5 11 10 6 13 12 9 8 4 7 0 
985,2.05876e-06,2.42424e-06,1.92879e-06,50,100,100,412500,2 1 14 3 5 11 10 6 13 12 9 8 4 7 0 
986,2.06339e-06,2.42424e-06,1.90928e-06,50,100,100,412500,2 1 14 3 5 11 10 6 13 12 9 8 4 7 0 
987,2.06029e-06,2.42424e-06,1.91345e-06,50,100,100,412500,2 1 14 3 5 11 10 6 13 12 9 8 4 7 0 
988,2.05834e-06,2.42424e-06,1.91682e-06,50,100,100,412500,2 1 14 3 5 11 10 6 13 12 9 8 4 7 0 
989,2.06249e-06,2.42424e-06,1.90232e-06,50,100,100,412500,2 1 14 3 5 11 10 6 13 12 9 8 4 7 0 
990,2.06964e-06,2.42424e-06,1.9083e-06,50,100,100,412500,2 1 14 3 5 11 10 6 13 12 9 8 4 7 0 
991,2.06494e-06,2.42424e-06,1.9035e-06,50,100,100,412500,2 1 14 3 5 11 10 6 13 12 9 8 4 7 0 
992,2.05399e-06,2.42424e-06,1.88916e-06,50,100,100,412500,2 1 14 3 5 11 10 6 13 12 9 8 4 7 0 
993,2.05099e-06,2.42424e-06,1.88553e-06,50,100,100,412500,2 1 14 3 5 11 10 6 13 12 9 8 4 7 0 
994,2.05761e-06,2.42424e-06,1.89299e-06,50,100,100,412500,2 1 14 3 5 11 10 6 13 12 9 8 4 7 0 
995,2.0572e-06,2.42424e-06,1.87874e-06,50,100,100,412500,2 1 14 3 5 11 10 6 13 12 9 8 4 7 0 
996,2.05326e-06,2.42424e-06,1.89445e-06,50,100,100,412500,2 1 14 3 5 11 10 6 13 12 9 8 4 7 0 
997,2.05633e-06,2.42424e-06,1.87516e-06,50,100,100,412500,2 1 14 3 5 11 10 6 13 12 9 8 4 7 0 
998,2.05469e-06,2.42424e-06,1.92176e-06,50,100,100,412500,2 1 14 3 5 11 10 6 13 12 9 8 4 7 0 
999,2.06232e-06,2.42424e-06,1.94215e-06,50,100,100,412500,2 1 14 3 5 11 10 6 13 12 9 8 4 7 0 
