Generación,Media,Mejor,Peor,Cruzas,Mutaciones,Inversiones,Costo,Permutación
1,3.25889e-06,3.56614e-06,2.98398e-06,50,100,100,280414,0 3 1 4 6 10 9 2 8 11 7 5 
2,3.27823e-06,3.67146e-06,2.90043e-06,50,100,100,272370,4 10 8 0 7 2 5 11 6 3 9 1 
3,3.28473e-06,3.6813e-06,2.93675e-06,50,100,100,271642,10 7 4 0 3 8 11 2 9 5 6 1 
4,3.29345e-06,3.73052e-06,2.96252e-06,50,100,100,268058,10 11 8 0 9 7 5 4 1 3 2 6 
5,3.31473e-06,3.80325e-06,2.96329e-06,50,100,100,262932,2 10 3 5 6 11 4 0 7 8 1 9 
6,3.29684e-06,3.80325e-06,2.94345e-06,50,100,100,262932,2 10 3 5 6 11 4 0 7 8 1 9 
7,3.32343e-06,3.80325e-06,3.0216e-06,50,100,100,262932,2 10 3 5 6 11 4 0 7 8 1 9 
8,3.32168e-06,3.80928e-06,2.93916e-06,50,100,100,262516,10 4 8 3 9 2 6 0 7 5 11 1 
9,3.3223e-06,3.89993e-06,3.04478e-06,50,100,100,256414,5 10 9 0 8 1 7 11 6 4 2 3 
10,3.32652e-06,3.89993e-06,3.00056e-06,50,100,100,256414,5 10 9 0 8 1 7 11 6 4 2 3 
11,3.29502e-06,3.89993e-06,2.93041e-06,50,100,100,256414,5 10 9 0 8 1 7 11 6 4 2 3 
12,3.29042e-06,3.89993e-06,2.99474e-06,50,100,100,256414,5 10 9 0 8 1 7 11 6 4 2 3 
13,3.28874e-06,3.89993e-06,2.97089e-06,50,100,100,256414,5 10 9 0 8 1 7 11 6 4 2 3 
14,3.29478e-06,3.89993e-06,2.91619e-06,50,100,100,256414,5 10 9 0 8 1 7 11 6 4 2 3 
15,3.29596e-06,3.89993e-06,2.96841e-06,50,100,100,256414,5 10 9 0 8 1 7 11 6 4 2 3 
16,3.3164e-06,3.89993e-06,2.91317e-06,50,100,100,256414,5 10 9 0 8 1 7 11 6 4 2 3 
17,3.3112e-06,3.94065e-06,2.89742e-06,50,100,100,253764,5 3 9 11 2 8 6 0 1 7 4 10 
18,3.29598e-06,3.94065e-06,2.99707e-06,50,100,100,253764,5 3 9 11 2 8 6 0 1 7 4 10 
19,3.29772e-06,3.94065e-06,2.97347e-06,50,100,100,253764,5 3 9 11 2 8 6 0 1 7 4 10 
20,3.33301e-06,3.94065e-06,3.01553e-06,50,100,100,253764,5 3 9 11 2 8 6 0 1 7 4 10 
21,3.33716e-06,3.94065e-06,3.00494e-06,50,100,100,253764,5 3 9 11 2 8 6 0 1 7 4 10 
22,3.37406e-06,3.98027e-06,2.99937e-06,50,100,100,251238,10 7 9 0 4 8 6 5 3 2 11 1 
23,3.32579e-06,3.98027e-06,3.01665e-06,50,100,100,251238,10 7 9 0 4 8 6 5 3 2 11 1 
24,3.32855e-06,3.98027e-06,3.03241e-06,50,100,100,251238,10 7 9 0 4 8 6 5 3 2 11 1 
25,3.3199e-06,3.98027e-06,3.00756e-06,50,100,100,251238,10 7 9 0 4 8 6 5 3 2 11 1 
26,3.32383e-06,4.03201e-06,3.0304e-06,50,100,100,248014,10 5 3 0 1 9 4 8 6 11 2 7 
27,3.31444e-06,4.03201e-06,2.94503e-06,50,100,100,248014,10 5 3 0 1 9 4 8 6 11 2 7 
28,3.30528e-06,4.03201e-06,2.99051e-06,50,100,100,248014,10 5 3 0 1 9 4 8 6 11 2 7 
29,3.31827e-06,4.03201e-06,2.99123e-06,50,100,100,248014,10 5 3 0 1 9 4 8 6 11 2 7 
30,3.2901e-06,4.03201e-06,2.97984e-06,50,100,100,248014,10 5 3 0 1 9 4 8 6 11 2 7 
31,3.3088e-06,4.03201e-06,2.92318e-06,50,100,100,248014,10 5 3 0 1 9 4 8 6 11 2 7 
32,3.31368e-06,4.03201e-06,2.95026e-06,50,100,100,248014,10 5 3 0 1 9 4 8 6 11 2 7 
33,3.33385e-06,4.03201e-06,2.96589e-06,50,100,100,248014,10 5 3 0 1 9 4 8 6 11 2 7 
34,3.32428e-06,4.03201e-06,2.95539e-06,50,100,100,248014,10 5 3 0 1 9 4 8 6 11 2 7 
35,3.30736e-06,4.03201e-06,2.98216e-06,50,100,100,248014,10 5 3 0 1 9 4 8 6 11 2 7 
36,3.35288e-06,4.03201e-06,2.96294e-06,50,100,100,248014,10 5 3 0 1 9 4 8 6 11 2 7 
37,3.32736e-06,4.03201e-06,2.95754e-06,50,100,100,248014,10 5 3 0 1 9 4 8 6 11 2 7 
38,3.32237e-06,4.03201e-06,2.97856e-06,50,100,100,248014,10 5 3 0 1 9 4 8 6 11 2 7 
39,3.30462e-06,4.03201e-06,2.98812e-06,50,100,100,248014,10 5 3 0 1 9 4 8 6 11 2 7 
40,3.29462e-06,4.03201e-06,2.90677e-06,50,100,100,248014,10 5 3 0 1 9 4 8 6 11 2 7 
41,3.32671e-06,4.03201e-06,3.04021e-06,50,100,100,248014,10 5 3 0 1 9 4 8 6 11 2 7 
42,3.31179e-06,4.03201e-06,2.90282e-06,50,100,100,248014,10 5 3 0 1 9 4 8 6 11 2 7 
43,3.32151e-06,4.03201e-06,2.98275e-06,50,100,100,248014,10 5 3 0 1 9 4 8 6 11 2 7 
44,3.3364e-06,4.03201e-06,2.97554e-06,50,100,100,248014,10 5 3 0 1 9 4 8 6 11 2 7 
45,3.34241e-06,4.03201e-06,3.01275e-06,50,100,100,248014,10 5 3 0 1 9 4 8 6 11 2 7 
46,3.33178e-06,4.03201e-06,3.02692e-06,50,100,100,248014,10 5 3 0 1 9 4 8 6 11 2 7 
47,3.2969e-06,4.03201e-06,2.96101e-06,50,100,100,248014,10 5 3 0 1 9 4 8 6 11 2 7 
48,3.27779e-06,4.03201e-06,2.94214e-06,50,100,100,248014,10 5 3 0 1 9 4 8 6 11 2 7 
49,3.28533e-06,4.03201e-06,2.98174e-06,50,100,100,248014,10 5 3 0 1 9 4 8 6 11 2 7 
50,3.30004e-06,4.03201e-06,2.93512e-06,50,100,100,248014,10 5 3 0 1 9 4 8 6 11 2 7 
51,3.30694e-06,4.03201e-06,3.03568e-06,50,100,100,248014,10 5 3 0 1 9 4 8 6 11 2 7 
52,3.30963e-06,4.03201e-06,2.83313e-06,50,100,100,248014,10 5 3 0 1 9 4 8 6 11 2 7 
53,3.33016e-06,4.03201e-06,2.99652e-06,50,100,100,248014,10 5 3 0 1 9 4 8 6 11 2 7 
54,3.30724e-06,4.03201e-06,2.94588e-06,50,100,100,248014,10 5 3 0 1 9 4 8 6 11 2 7 
55,3.32718e-06,4.03201e-06,2.98715e-06,50,100,100,248014,10 5 3 0 1 9 4 8 6 11 2 7 
56,3.28465e-06,4.03201e-06,2.94352e-06,50,100,100,248014,10 5 3 0 1 9 4 8 6 11 2 7 
57,3.29559e-06,4.03201e-06,2.99415e-06,50,100,100,248014,10 5 3 0 1 9 4 8 6 11 2 7 
58,3.28316e-06,4.03201e-06,2.9492e-06,50,100,100,248014,10 5 3 0 1 9 4 8 6 11 2 7 
59,3.28378e-06,4.03201e-06,2.92635e-06,50,100,100,248014,10 5 3 0 1 9 4 8 6 11 2 7 
60,3.30206e-06,4.03201e-06,2.9928e-06,50,100,100,248014,10 5 3 0 1 9 4 8 6 11 2 7 
61,3.3003e-06,4.03201e-06,2.91996e-06,50,100,100,248014,10 5 3 0 1 9 4 8 6 11 2 7 
62,3.29826e-06,4.03201e-06,3.02209e-06,50,100,100,248014,10 5 3 0 1 9 4 8 6 11 2 7 
63,3.29219e-06,4.03201e-06,2.96638e-06,50,100,100,248014,10 5 3 0 1 9 4 8 6 11 2 7 
64,3.27739e-06,4.03201e-06,2.95644e-06,50,100,100,248014,10 5 3 0 1 9 4 8 6 11 2 7 
65,3.3158e-06,4.03201e-06,3.00999e-06,50,100,100,248014,10 5 3 0 1 9 4 8 6 11 2 7 
66,3.34227e-06,4.03201e-06,2.91475e-06,50,100,100,248014,10 5 3 0 1 9 4 8 6 11 2 7 
67,3.34432e-06,4.20916e-06,2.99603e-06,50,100,100,237576,10 4 3 0 1 9 5 8 6 11 2 7 
68,3.36381e-06,4.20916e-06,2.96173e-06,50,100,100,237576,10 4 3 0 1 9 5 8 6 11 2 7 
69,3.33439e-06,4.20916e-06,2.99386e-06,50,100,100,237576,10 4 3 0 1 9 5 8 6 11 2 7 
70,3.34537e-06,4.20916e-06,3.03094e-06,50,100,100,237576,10 4 3 0 1 9 5 8 6 11 2 7 
71,3.32e-06,4.20916e-06,2.909e-06,50,100,100,237576,10 4 3 0 1 9 5 8 6 11 2 7 
72,3.3231e-06,4.20916e-06,3.01316e-06,50,100,100,237576,10 4 3 0 1 9 5 8 6 11 2 7 
73,3.37311e-06,4.20916e-06,2.97058e-06,50,100,100,237576,10 4 3 0 1 9 5 8 6 11 2 7 
74,3.35305e-06,4.20916e-06,2.99964e-06,50,100,100,237576,10 4 3 0 1 9 5 8 6 11 2 7 
75,3.34832e-06,4.20916e-06,2.98247e-06,50,100,100,237576,10 4 3 0 1 9 5 8 6 11 2 7 
76,3.33056e-06,4.20916e-06,2.93155e-06,50,100,100,237576,10 4 3 0 1 9 5 8 6 11 2 7 
77,3.32965e-06,4.20916e-06,3.00847e-06,50,100,100,237576,10 4 3 0 1 9 5 8 6 11 2 7 
78,3.31586e-06,4.20916e-06,2.97241e-06,50,100,100,237576,10 4 3 0 1 9 5 8 6 11 2 7 
79,3.34661e-06,4.20916e-06,2.95847e-06,50,100,100,237576,10 4 3 0 1 9 5 8 6 11 2 7 
80,3.32641e-06,4.20916e-06,2.93036e-06,50,100,100,237576,10 4 3 0 1 9 5 8 6 11 2 7 
81,3.31394e-06,4.20916e-06,2.95906e-06,50,100,100,237576,10 4 3 0 1 9 5 8 6 11 2 7 
82,3.34452e-06,4.20916e-06,2.98647e-06,50,100,100,237576,10 4 3 0 1 9 5 8 6 11 2 7 
83,3.33088e-06,4.20916e-06,2.894e-06,50,100,100,237576,10 4 3 0 1 9 5 8 6 11 2 7 
84,3.35852e-06,4.20916e-06,2.99565e-06,50,100,100,237576,10 4 3 0 1 9 5 8 6 11 2 7 
85,3.32708e-06,4.20916e-06,2.9935e-06,50,100,100,237576,10 4 3 0 1 9 5 8 6 11 2 7 
86,3.33607e-06,4.20916e-06,3.00885e-06,50,100,100,237576,10 4 3 0 1 9 5 8 6 11 2 7 
87,3.32001e-06,4.20916e-06,3.00332e-06,50,100,100,237576,10 4 3 0 1 9 5 8 6 11 2 7 
88,3.32338e-06,4.20916e-06,3.00892e-06,50,100,100,237576,10 4 3 0 1 9 5 8 6 11 2 7 
89,3.32968e-06,4.20916e-06,3.03451e-06,50,100,100,237576,10 4 3 0 1 9 5 8 6 11 2 7 
90,3.30113e-06,4.20916e-06,2.93816e-06,50,100,100,237576,10 4 3 0 1 9 5 8 6 11 2 7 
91,3.33571e-06,4.20916e-06,3.00925e-06,50,100,100,237576,10 4 3 0 1 9 5 8 6 11 2 7 
92,3.33501e-06,4.20916e-06,3.00128e-06,50,100,100,237576,10 4 3 0 1 9 5 8 6 11 2 7 
93,3.33197e-06,4.20916e-06,2.98544e-06,50,100,100,237576,10 4 3 0 1 9 5 8 6 11 2 7 
94,3.31336e-06,4.20916e-06,3.00872e-06,50,100,100,237576,10 4 3 0 1 9 5 8 6 11 2 7 
95,3.30377e-06,4.20916e-06,3.01309e-06,50,100,100,237576,10 4 3 0 1 9 5 8 6 11 2 7 
96,3.31009e-06,4.20916e-06,2.94299e-06,50,100,100,237576,10 4 3 0 1 9 5 8 6 11 2 7 
97,3.33169e-06,4.20916e-06,3.00487e-06,50,100,100,237576,10 4 3 0 1 9 5 8 6 11 2 7 
98,3.34129e-06,4.20916e-06,2.96973e-06,50,100,100,237576,10 4 3 0 1 9 5 8 6 11 2 7 
99,3.33651e-06,4.20916e-06,2.97098e-06,50,100,100,237576,10 4 3 0 1 9 5 8 6 11 2 7 
100,3.32002e-06,4.20916e-06,3.01258e-06,50,100,100,237576,10 4 3 0 1 9 5 8 6 11 2 7 
101,3.33393e-06,4.20916e-06,2.95342e-06,50,100,100,237576,10 4 3 0 1 9 5 8 6 11 2 7 
102,3.32993e-06,4.20916e-06,3.01331e-06,50,100,100,237576,10 4 3 0 1 9 5 8 6 11 2 7 
103,3.35742e-06,4.20916e-06,2.93101e-06,50,100,100,237576,10 4 3 0 1 9 5 8 6 11 2 7 
104,3.40042e-06,4.20916e-06,2.97602e-06,50,100,100,237576,10 4 3 0 1 9 5 8 6 11 2 7 
105,3.35131e-06,4.20916e-06,3.03268e-06,50,100,100,237576,10 4 3 0 1 9 5 8 6 11 2 7 
106,3.34912e-06,4.20916e-06,2.99576e-06,50,100,100,237576,10 4 3 0 1 9 5 8 6 11 2 7 
107,3.34569e-06,4.20916e-06,3.0091e-06,50,100,100,237576,10 4 3 0 1 9 5 8 6 11 2 7 
108,3.35187e-06,4.20916e-06,3.01344e-06,50,100,100,237576,10 4 3 0 1 9 5 8 6 11 2 7 
109,3.33851e-06,4.20916e-06,3.00742e-06,50,100,100,237576,10 4 3 0 1 9 5 8 6 11 2 7 
110,3.33042e-06,4.20916e-06,2.99243e-06,50,100,100,237576,10 4 3 0 1 9 5 8 6 11 2 7 
111,3.36422e-06,4.20916e-06,3.00446e-06,50,100,100,237576,10 4 3 0 1 9 5 8 6 11 2 7 
112,3.35035e-06,4.20916e-06,3.02267e-06,50,100,100,237576,10 4 3 0 1 9 5 8 6 11 2 7 
113,3.31208e-06,4.20916e-06,2.95485e-06,50,100,100,237576,10 4 3 0 1 9 5 8 6 11 2 7 
114,3.30609e-06,4.20916e-06,2.97365e-06,50,100,100,237576,10 4 3 0 1 9 5 8 6 11 2 7 
115,3.32488e-06,4.20916e-06,3.02875e-06,50,100,100,237576,10 4 3 0 1 9 5 8 6 11 2 7 
116,3.35468e-06,4.20916e-06,3.04675e-06,50,100,100,237576,10 4 3 0 1 9 5 8 6 11 2 7 
117,3.34142e-06,4.20916e-06,3.0028e-06,50,100,100,237576,10 4 3 0 1 9 5 8 6 11 2 7 
118,3.35475e-06,4.20916e-06,3.0334e-06,50,100,100,237576,10 4 3 0 1 9 5 8 6 11 2 7 
119,3.36205e-06,4.20916e-06,2.97388e-06,50,100,100,237576,10 4 3 0 1 9 5 8 6 11 2 7 
120,3.32752e-06,4.20916e-06,2.94795e-06,50,100,100,237576,10 4 3 0 1 9 5 8 6 11 2 7 
121,3.3159e-06,4.20916e-06,2.99218e-06,50,100,100,237576,10 4 3 0 1 9 5 8 6 11 2 7 
122,3.30037e-06,4.20916e-06,2.95743e-06,50,100,100,237576,10 4 3 0 1 9 5 8 6 11 2 7 
123,3.3002e-06,4.20916e-06,2.99973e-06,50,100,100,237576,10 4 3 0 1 9 5 8 6 11 2 7 
124,3.32656e-06,4.20916e-06,3.01262e-06,50,100,100,237576,10 4 3 0 1 9 5 8 6 11 2 7 
125,3.30981e-06,4.20916e-06,2.99923e-06,50,100,100,237576,10 4 3 0 1 9 5 8 6 11 2 7 
126,3.31352e-06,4.20916e-06,2.9809e-06,50,100,100,237576,10 4 3 0 1 9 5 8 6 11 2 7 
127,3.31404e-06,4.20916e-06,3.03335e-06,50,100,100,237576,10 4 3 0 1 9 5 8 6 11 2 7 
128,3.35421e-06,4.20916e-06,2.99752e-06,50,100,100,237576,10 4 3 0 1 9 5 8 6 11 2 7 
129,3.33561e-06,4.20916e-06,3.08091e-06,50,100,100,237576,10 4 3 0 1 9 5 8 6 11 2 7 
130,3.34433e-06,4.20916e-06,2.97763e-06,50,100,100,237576,10 4 3 0 1 9 5 8 6 11 2 7 
131,3.33639e-06,4.20916e-06,2.97179e-06,50,100,100,237576,10 4 3 0 1 9 5 8 6 11 2 7 
132,3.33436e-06,4.20916e-06,2.97615e-06,50,100,100,237576,10 4 3 0 1 9 5 8 6 11 2 7 
133,3.31091e-06,4.20916e-06,2.97017e-06,50,100,100,237576,10 4 3 0 1 9 5 8 6 11 2 7 
134,3.31185e-06,4.20916e-06,2.95364e-06,50,100,100,237576,10 4 3 0 1 9 5 8 6 11 2 7 
135,3.32538e-06,4.20916e-06,2.97211e-06,50,100,100,237576,10 4 3 0 1 9 5 8 6 11 2 7 
136,3.32624e-06,4.20916e-06,2.94917e-06,50,100,100,237576,10 4 3 0 1 9 5 8 6 11 2 7 
137,3.32127e-06,4.20916e-06,2.99078e-06,50,100,100,237576,10 4 3 0 1 9 5 8 6 11 2 7 
138,3.32321e-06,4.20916e-06,3.01128e-06,50,100,100,237576,10 4 3 0 1 9 5 8 6 11 2 7 
139,3.33236e-06,4.20916e-06,2.90489e-06,50,100,100,237576,10 4 3 0 1 9 5 8 6 11 2 7 
140,3.33147e-06,4.20916e-06,2.99454e-06,50,100,100,237576,10 4 3 0 1 9 5 8 6 11 2 7 
141,3.3203e-06,4.20916e-06,2.99397e-06,50,100,100,237576,10 4 3 0 1 9 5 8 6 11 2 7 
142,3.30568e-06,4.20916e-06,3.03467e-06,50,100,100,237576,10 4 3 0 1 9 5 8 6 11 2 7 
143,3.35086e-06,4.20916e-06,3.04465e-06,50,100,100,237576,10 4 3 0 1 9 5 8 6 11 2 7 
144,3.32867e-06,4.20916e-06,2.94668e-06,50,100,100,237576,10 4 3 0 1 9 5 8 6 11 2 7 
145,3.35439e-06,4.20916e-06,2.95815e-06,50,100,100,237576,10 4 3 0 1 9 5 8 6 11 2 7 
146,3.33741e-06,4.20916e-06,2.9585e-06,50,100,100,237576,10 4 3 0 1 9 5 8 6 11 2 7 
147,3.34538e-06,4.20916e-06,3.05789e-06,50,100,100,237576,10 4 3 0 1 9 5 8 6 11 2 7 
148,3.33364e-06,4.20916e-06,3.03013e-06,50,100,100,237576,10 4 3 0 1 9 5 8 6 11 2 7 
149,3.32391e-06,4.20916e-06,3.00706e-06,50,100,100,237576,10 4 3 0 1 9 5 8 6 11 2 7 
150,3.32715e-06,4.20916e-06,2.99824e-06,50,100,100,237576,10 4 3 0 1 9 5 8 6 11 2 7 
151,3.30818e-06,4.20916e-06,2.94134e-06,50,100,100,237576,10 4 3 0 1 9 5 8 6 11 2 7 
152,3.31131e-06,4.20916e-06,3.00727e-06,50,100,100,237576,10 4 3 0 1 9 5 8 6 11 2 7 
153,3.33621e-06,4.20916e-06,3.00119e-06,50,100,100,237576,10 4 3 0 1 9 5 8 6 11 2 7 
154,3.34523e-06,4.20916e-06,2.98524e-06,50,100,100,237576,10 4 3 0 1 9 5 8 6 11 2 7 
155,3.31806e-06,4.20916e-06,2.99198e-06,50,100,100,237576,10 4 3 0 1 9 5 8 6 11 2 7 
156,3.32053e-06,4.20916e-06,3.016e-06,50,100,100,237576,10 4 3 0 1 9 5 8 6 11 2 7 
157,3.30423e-06,4.20916e-06,2.9899e-06,50,100,100,237576,10 4 3 0 1 9 5 8 6 11 2 7 
158,3.32261e-06,4.20916e-06,3.06171e-06,50,100,100,237576,10 4 3 0 1 9 5 8 6 11 2 7 
159,3.32998e-06,4.20916e-06,2.9671e-06,50,100,100,237576,10 4 3 0 1 9 5 8 6 11 2 7 
160,3.32626e-06,4.20916e-06,2.99055e-06,50,100,100,237576,10 4 3 0 1 9 5 8 6 11 2 7 
161,3.30906e-06,4.20916e-06,2.9884e-06,50,100,100,237576,10 4 3 0 1 9 5 8 6 11 2 7 
162,3.31716e-06,4.20916e-06,3.06051e-06,50,100,100,237576,10 4 3 0 1 9 5 8 6 11 2 7 
163,3.34636e-06,4.20916e-06,3.07926e-06,50,100,100,237576,10 4 3 0 1 9 5 8 6 11 2 7 
164,3.30885e-06,4.20916e-06,2.93927e-06,50,100,100,237576,10 4 3 0 1 9 5 8 6 11 2 7 
165,3.31945e-06,4.20916e-06,2.97358e-06,50,100,100,237576,10 4 3 0 1 9 5 8 6 11 2 7 
166,3.31023e-06,4.20916e-06,2.98912e-06,50,100,100,237576,10 4 3 0 1 9 5 8 6 11 2 7 
167,3.34178e-06,4.20916e-06,3.05821e-06,50,100,100,237576,10 4 3 0 1 9 5 8 6 11 2 7 
168,3.30394e-06,4.20916e-06,2.96185e-06,50,100,100,237576,10 4 3 0 1 9 5 8 6 11 2 7 
169,3.33083e-06,4.20916e-06,3.01019e-06,50,100,100,237576,10 4 3 0 1 9 5 8 6 11 2 7 
170,3.32505e-06,4.20916e-06,3.0018e-06,50,100,100,237576,10 4 3 0 1 9 5 8 6 11 2 7 
171,3.34327e-06,4.20916e-06,2.99599e-06,50,100,100,237576,10 4 3 0 1 9 5 8 6 11 2 7 
172,3.35118e-06,4.20916e-06,3.01385e-06,50,100,100,237576,10 4 3 0 1 9 5 8 6 11 2 7 
173,3.36447e-06,4.20916e-06,3.0478e-06,50,100,100,237576,10 4 3 0 1 9 5 8 6 11 2 7 
174,3.33283e-06,4.20916e-06,2.88643e-06,50,100,100,237576,10 4 3 0 1 9 5 8 6 11 2 7 
175,3.29268e-06,4.20916e-06,2.98053e-06,50,100,100,237576,10 4 3 0 1 9 5 8 6 11 2 7 
176,3.32444e-06,4.20916e-06,3.00101e-06,50,100,100,237576,10 4 3 0 1 9 5 8 6 11 2 7 
177,3.30201e-06,4.20916e-06,2.97157e-06,50,100,100,237576,10 4 3 0 1 9 5 8 6 11 2 7 
178,3.32425e-06,4.20916e-06,2.95441e-06,50,100,100,237576,10 4 3 0 1 9 5 8 6 11 2 7 
179,3.35064e-06,4.20916e-06,2.98894e-06,50,100,100,237576,10 4 3 0 1 9 5 8 6 11 2 7 
180,3.35165e-06,4.20916e-06,3.06055e-06,50,100,100,237576,10 4 3 0 1 9 5 8 6 11 2 7 
181,3.35585e-06,4.20916e-06,3.0706e-06,50,100,100,237576,10 4 3 0 1 9 5 8 6 11 2 7 
182,3.3407e-06,4.20916e-06,2.97698e-06,50,100,100,237576,10 4 3 0 1 9 5 8 6 11 2 7 
183,3.34999e-06,4.20916e-06,2.98218e-06,50,100,100,237576,10 4 3 0 1 9 5 8 6 11 2 7 
184,3.32524e-06,4.20916e-06,3.04547e-06,50,100,100,237576,10 4 3 0 1 9 5 8 6 11 2 7 
185,3.31648e-06,4.20916e-06,2.89266e-06,50,100,100,237576,10 4 3 0 1 9 5 8 6 11 2 7 
186,3.32243e-06,4.20916e-06,2.99612e-06,50,100,100,237576,10 4 3 0 1 9 5 8 6 11 2 7 
187,3.29885e-06,4.20916e-06,2.95857e-06,50,100,100,237576,10 4 3 0 1 9 5 8 6 11 2 7 
188,3.35485e-06,4.20916e-06,3.01596e-06,50,100,100,237576,10 4 3 0 1 9 5 8 6 11 2 7 
189,3.34313e-06,4.20916e-06,2.98826e-06,50,100,100,237576,10 4 3 0 1 9 5 8 6 11 2 7 
190,3.35653e-06,4.20916e-06,2.91743e-06,50,100,100,237576,10 4 3 0 1 9 5 8 6 11 2 7 
191,3.34911e-06,4.20916e-06,2.86193e-06,50,100,100,237576,10 4 3 0 1 9 5 8 6 11 2 7 
192,3.34869e-06,4.20916e-06,2.91414e-06,50,100,100,237576,10 4 3 0 1 9 5 8 6 11 2 7 
193,3.33681e-06,4.20916e-06,3.054e-06,50,100,100,237576,10 4 3 0 1 9 5 8 6 11 2 7 
194,3.35092e-06,4.20916e-06,3.0217e-06,50,100,100,237576,10 4 3 0 1 9 5 8 6 11 2 7 
195,3.33662e-06,4.20916e-06,2.93033e-06,50,100,100,237576,10 4 3 0 1 9 5 8 6 11 2 7 
196,3.33138e-06,4.20916e-06,3.01267e-06,50,100,100,237576,10 4 3 0 1 9 5 8 6 11 2 7 
197,3.30403e-06,4.20916e-06,2.99786e-06,50,100,100,237576,10 4 3 0 1 9 5 8 6 11 2 7 
198,3.29911e-06,4.20916e-06,2.93253e-06,50,100,100,237576,10 4 3 0 1 9 5 8 6 11 2 7 
199,3.32782e-06,4.20916e-06,2.97829e-06,50,100,100,237576,10 4 3 0 1 9 5 8 6 11 2 7 
200,3.33281e-06,4.20916e-06,2.98808e-06,50,100,100,237576,10 4 3 0 1 9 5 8 6 11 2 7 
201,3.33572e-06,4.20916e-06,2.96374e-06,50,100,100,237576,10 4 3 0 1 9 5 8 6 11 2 7 
202,3.35434e-06,4.20916e-06,2.95486e-06,50,100,100,237576,10 4 3 0 1 9 5 8 6 11 2 7 
203,3.37831e-06,4.20916e-06,3.04393e-06,50,100,100,237576,10 4 3 0 1 9 5 8 6 11 2 7 
204,3.36487e-06,4.20916e-06,2.90071e-06,50,100,100,237576,10 4 3 0 1 9 5 8 6 11 2 7 
205,3.38984e-06,4.20916e-06,3.04959e-06,50,100,100,237576,10 4 3 0 1 9 5 8 6 11 2 7 
206,3.3933e-06,4.20916e-06,2.97392e-06,50,100,100,237576,10 4 3 0 1 9 5 8 6 11 2 7 
207,3.37614e-06,4.20916e-06,3.04343e-06,50,100,100,237576,10 4 3 0 1 9 5 8 6 11 2 7 
208,3.34168e-06,4.20916e-06,3.03171e-06,50,100,100,237576,10 4 3 0 1 9 5 8 6 11 2 7 
209,3.33486e-06,4.20916e-06,2.93723e-06,50,100,100,237576,10 4 3 0 1 9 5 8 6 11 2 7 
210,3.33243e-06,4.20916e-06,3.01342e-06,50,100,100,237576,10 4 3 0 1 9 5 8 6 11 2 7 
211,3.35285e-06,4.20916e-06,3.00422e-06,50,100,100,237576,10 4 3 0 1 9 5 8 6 11 2 7 
212,3.35804e-06,4.20916e-06,2.94337e-06,50,100,100,237576,10 4 3 0 1 9 5 8 6 11 2 7 
213,3.32485e-06,4.20916e-06,3.03287e-06,50,100,100,237576,10 4 3 0 1 9 5 8 6 11 2 7 
214,3.35788e-06,4.20916e-06,2.95254e-06,50,100,100,237576,10 4 3 0 1 9 5 8 6 11 2 7 
215,3.34832e-06,4.20916e-06,3.00885e-06,50,100,100,237576,10 4 3 0 1 9 5 8 6 11 2 7 
216,3.33409e-06,4.20916e-06,3.00029e-06,50,100,100,237576,10 4 3 0 1 9 5 8 6 11 2 7 
217,3.33413e-06,4.20916e-06,2.91861e-06,50,100,100,237576,10 4 3 0 1 9 5 8 6 11 2 7 
218,3.30671e-06,4.20916e-06,2.86687e-06,50,100,100,237576,10 4 3 0 1 9 5 8 6 11 2 7 
219,3.30359e-06,4.20916e-06,2.92402e-06,50,100,100,237576,10 4 3 0 1 9 5 8 6 11 2 7 
220,3.32328e-06,4.20916e-06,2.98946e-06,50,100,100,237576,10 4 3 0 1 9 5 8 6 11 2 7 
221,3.31501e-06,4.20916e-06,2.96225e-06,50,100,100,237576,10 4 3 0 1 9 5 8 6 11 2 7 
222,3.30838e-06,4.20916e-06,2.98466e-06,50,100,100,237576,10 4 3 0 1 9 5 8 6 11 2 7 
223,3.30353e-06,4.20916e-06,2.96301e-06,50,100,100,237576,10 4 3 0 1 9 5 8 6 11 2 7 
224,3.31102e-06,4.20916e-06,2.93725e-06,50,100,100,237576,10 4 3 0 1 9 5 8 6 11 2 7 
225,3.29501e-06,4.20916e-06,2.95272e-06,50,100,100,237576,10 4 3 0 1 9 5 8 6 11 2 7 
226,3.31945e-06,4.20916e-06,2.98962e-06,50,100,100,237576,10 4 3 0 1 9 5 8 6 11 2 7 
227,3.31315e-06,4.20916e-06,3.0035e-06,50,100,100,237576,10 4 3 0 1 9 5 8 6 11 2 7 
228,3.2684e-06,4.20916e-06,2.89942e-06,50,100,100,237576,10 4 3 0 1 9 5 8 6 11 2 7 
229,3.27756e-06,4.20916e-06,2.98019e-06,50,100,100,237576,10 4 3 0 1 9 5 8 6 11 2 7 
230,3.28877e-06,4.20916e-06,3.00558e-06,50,100,100,237576,10 4 3 0 1 9 5 8 6 11 2 7 
231,3.28018e-06,4.20916e-06,2.89963e-06,50,100,100,237576,10 4 3 0 1 9 5 8 6 11 2 7 
232,3.34944e-06,4.20916e-06,3.05933e-06,50,100,100,237576,10 4 3 0 1 9 5 8 6 11 2 7 
233,3.30601e-06,4.20916e-06,2.94325e-06,50,100,100,237576,10 4 3 0 1 9 5 8 6 11 2 7 
234,3.27639e-06,4.20916e-06,3.03443e-06,50,100,100,237576,10 4 3 0 1 9 5 8 6 11 2 7 
235,3.29283e-06,4.20916e-06,2.90869e-06,50,100,100,237576,10 4 3 0 1 9 5 8 6 11 2 7 
236,3.3024e-06,4.20916e-06,2.89962e-06,50,100,100,237576,10 4 3 0 1 9 5 8 6 11 2 7 
237,3.33317e-06,4.20916e-06,2.98956e-06,50,100,100,237576,10 4 3 0 1 9 5 8 6 11 2 7 
238,3.31584e-06,4.20916e-06,3.03062e-06,50,100,100,237576,10 4 3 0 1 9 5 8 6 11 2 7 
239,3.31377e-06,4.20916e-06,2.96547e-06,50,100,100,237576,10 4 3 0 1 9 5 8 6 11 2 7 
240,3.28547e-06,4.20916e-06,2.93934e-06,50,100,100,237576,10 4 3 0 1 9 5 8 6 11 2 7 
241,3.27561e-06,4.20916e-06,2.93009e-06,50,100,100,237576,10 4 3 0 1 9 5 8 6 11 2 7 
242,3.31087e-06,4.20916e-06,2.97059e-06,50,100,100,237576,10 4 3 0 1 9 5 8 6 11 2 7 
243,3.30413e-06,4.20916e-06,2.98883e-06,50,100,100,237576,10 4 3 0 1 9 5 8 6 11 2 7 
244,3.29594e-06,4.20916e-06,3.03447e-06,50,100,100,237576,10 4 3 0 1 9 5 8 6 11 2 7 
245,3.30789e-06,4.20916e-06,2.98478e-06,50,100,100,237576,10 4 3 0 1 9 5 8 6 11 2 7 
246,3.32648e-06,4.20916e-06,3.00934e-06,50,100,100,237576,10 4 3 0 1 9 5 8 6 11 2 7 
247,3.34884e-06,4.20916e-06,2.90582e-06,50,100,100,237576,10 4 3 0 1 9 5 8 6 11 2 7 
248,3.3336e-06,4.20916e-06,3.01837e-06,50,100,100,237576,10 4 3 0 1 9 5 8 6 11 2 7 
249,3.29715e-06,4.20916e-06,2.93423e-06,50,100,100,237576,10 4 3 0 1 9 5 8 6 11 2 7 
250,3.31207e-06,4.20916e-06,2.96415e-06,50,100,100,237576,10 4 3 0 1 9 5 8 6 11 2 7 
251,3.32595e-06,4.20916e-06,3.0318e-06,50,100,100,237576,10 4 3 0 1 9 5 8 6 11 2 7 
252,3.30956e-06,4.20916e-06,2.94103e-06,50,100,100,237576,10 4 3 0 1 9 5 8 6 11 2 7 
253,3.34557e-06,4.20916e-06,3.01144e-06,50,100,100,237576,10 4 3 0 1 9 5 8 6 11 2 7 
254,3.33118e-06,4.20916e-06,2.96557e-06,50,100,100,237576,10 4 3 0 1 9 5 8 6 11 2 7 
255,3.34147e-06,4.20916e-06,3.00592e-06,50,100,100,237576,10 4 3 0 1 9 5 8 6 11 2 7 
256,3.34245e-06,4.20916e-06,3.01313e-06,50,100,100,237576,10 4 3 0 1 9 5 8 6 11 2 7 
257,3.34082e-06,4.22946e-06,3.00619e-06,50,100,100,236436,10 4 3 0 7 9 5 8 6 11 2 1 
258,3.32275e-06,4.22946e-06,2.90031e-06,50,100,100,236436,10 4 3 0 7 9 5 8 6 11 2 1 
259,3.30922e-06,4.22946e-06,2.96617e-06,50,100,100,236436,10 4 3 0 7 9 5 8 6 11 2 1 
260,3.33206e-06,4.22946e-06,2.90903e-06,50,100,100,236436,10 4 3 0 7 9 5 8 6 11 2 1 
261,3.33595e-06,4.22946e-06,2.97362e-06,50,100,100,236436,10 4 3 0 7 9 5 8 6 11 2 1 
262,3.28783e-06,4.22946e-06,3.01875e-06,50,100,100,236436,10 4 3 0 7 9 5 8 6 11 2 1 
263,3.28432e-06,4.22946e-06,2.98671e-06,50,100,100,236436,10 4 3 0 7 9 5 8 6 11 2 1 
264,3.31268e-06,4.22946e-06,2.92703e-06,50,100,100,236436,10 4 3 0 7 9 5 8 6 11 2 1 
265,3.31624e-06,4.22946e-06,2.99587e-06,50,100,100,236436,10 4 3 0 7 9 5 8 6 11 2 1 
266,3.29245e-06,4.22946e-06,2.97461e-06,50,100,100,236436,10 4 3 0 7 9 5 8 6 11 2 1 
267,3.33243e-06,4.22946e-06,2.98946e-06,50,100,100,236436,10 4 3 0 7 9 5 8 6 11 2 1 
268,3.3311e-06,4.22946e-06,2.99302e-06,50,100,100,236436,10 4 3 0 7 9 5 8 6 11 2 1 
269,3.32264e-06,4.22946e-06,2.94514e-06,50,100,100,236436,10 4 3 0 7 9 5 8 6 11 2 1 
270,3.33312e-06,4.22946e-06,2.95822e-06,50,100,100,236436,10 4 3 0 7 9 5 8 6 11 2 1 
271,3.32271e-06,4.22946e-06,2.94304e-06,50,100,100,236436,10 4 3 0 7 9 5 8 6 11 2 1 
272,3.32282e-06,4.22946e-06,3.02738e-06,50,100,100,236436,10 4 3 0 7 9 5 8 6 11 2 1 
273,3.33847e-06,4.22946e-06,2.99952e-06,50,100,100,236436,10 4 3 0 7 9 5 8 6 11 2 1 
274,3.3513e-06,4.22946e-06,3.01275e-06,50,100,100,236436,10 4 3 0 7 9 5 8 6 11 2 1 
275,3.35486e-06,4.22946e-06,3.01498e-06,50,100,100,236436,10 4 3 0 7 9 5 8 6 11 2 1 
276,3.31826e-06,4.22946e-06,3.0008e-06,50,100,100,236436,10 4 3 0 7 9 5 8 6 11 2 1 
277,3.34392e-06,4.22946e-06,2.97126e-06,50,100,100,236436,10 4 3 0 7 9 5 8 6 11 2 1 
278,3.33082e-06,4.22946e-06,2.99364e-06,50,100,100,236436,10 4 3 0 7 9 5 8 6 11 2 1 
279,3.34129e-06,4.22946e-06,3.00811e-06,50,100,100,236436,10 4 3 0 7 9 5 8 6 11 2 1 
280,3.32412e-06,4.22946e-06,2.92967e-06,50,100,100,236436,10 4 3 0 7 9 5 8 6 11 2 1 
281,3.33724e-06,4.22946e-06,2.89584e-06,50,100,100,236436,10 4 3 0 7 9 5 8 6 11 2 1 
282,3.36128e-06,4.22946e-06,2.9727e-06,50,100,100,236436,10 4 3 0 7 9 5 8 6 11 2 1 
283,3.35962e-06,4.22946e-06,2.92363e-06,50,100,100,236436,10 4 3 0 7 9 5 8 6 11 2 1 
284,3.3437e-06,4.22946e-06,2.97943e-06,50,100,100,236436,10 4 3 0 7 9 5 8 6 11 2 1 
285,3.33146e-06,4.22946e-06,2.83114e-06,50,100,100,236436,10 4 3 0 7 9 5 8 6 11 2 1 
286,3.30557e-06,4.22946e-06,2.9447e-06,50,100,100,236436,10 4 3 0 7 9 5 8 6 11 2 1 
287,3.32872e-06,4.22946e-06,2.98473e-06,50,100,100,236436,10 4 3 0 7 9 5 8 6 11 2 1 
288,3.35658e-06,4.22946e-06,3.00539e-06,50,100,100,236436,10 4 3 0 7 9 5 8 6 11 2 1 
289,3.35716e-06,4.22946e-06,3.01955e-06,50,100,100,236436,10 4 3 0 7 9 5 8 6 11 2 1 
290,3.311e-06,4.22946e-06,2.93626e-06,50,100,100,236436,10 4 3 0 7 9 5 8 6 11 2 1 
291,3.31461e-06,4.22946e-06,2.96004e-06,50,100,100,236436,10 4 3 0 7 9 5 8 6 11 2 1 
292,3.34053e-06,4.22946e-06,3.03452e-06,50,100,100,236436,10 4 3 0 7 9 5 8 6 11 2 1 
293,3.32095e-06,4.22946e-06,2.97195e-06,50,100,100,236436,10 4 3 0 7 9 5 8 6 11 2 1 
294,3.35538e-06,4.22946e-06,2.95303e-06,50,100,100,236436,10 4 3 0 7 9 5 8 6 11 2 1 
295,3.36914e-06,4.22946e-06,2.96529e-06,50,100,100,236436,10 4 3 0 7 9 5 8 6 11 2 1 
296,3.3873e-06,4.22946e-06,3.02622e-06,50,100,100,236436,10 4 3 0 7 9 5 8 6 11 2 1 
297,3.36439e-06,4.22946e-06,2.98969e-06,50,100,100,236436,10 4 3 0 7 9 5 8 6 11 2 1 
298,3.36012e-06,4.22946e-06,3.00659e-06,50,100,100,236436,10 4 3 0 7 9 5 8 6 11 2 1 
299,3.34731e-06,4.22946e-06,2.94611e-06,50,100,100,236436,10 4 3 0 7 9 5 8 6 11 2 1 
300,3.34859e-06,4.22946e-06,2.91517e-06,50,100,100,236436,10 4 3 0 7 9 5 8 6 11 2 1 
301,3.33419e-06,4.22946e-06,2.86021e-06,50,100,100,236436,10 4 3 0 7 9 5 8 6 11 2 1 
302,3.35898e-06,4.22946e-06,2.93769e-06,50,100,100,236436,10 4 3 0 7 9 5 8 6 11 2 1 
303,3.3606e-06,4.22946e-06,2.99357e-06,50,100,100,236436,10 4 3 0 7 9 5 8 6 11 2 1 
304,3.39536e-06,4.22946e-06,3.00878e-06,50,100,100,236436,10 4 3 0 7 9 5 8 6 11 2 1 
305,3.36818e-06,4.22946e-06,3.09907e-06,50,100,100,236436,10 4 3 0 7 9 5 8 6 11 2 1 
306,3.38365e-06,4.22946e-06,2.97691e-06,50,100,100,236436,10 4 3 0 7 9 5 8 6 11 2 1 
307,3.37949e-06,4.22946e-06,3.03705e-06,50,100,100,236436,10 4 3 0 7 9 5 8 6 11 2 1 
308,3.35974e-06,4.22946e-06,2.99596e-06,50,100,100,236436,10 4 3 0 7 9 5 8 6 11 2 1 
309,3.36047e-06,4.22946e-06,2.98644e-06,50,100,100,236436,10 4 3 0 7 9 5 8 6 11 2 1 
310,3.35958e-06,4.22946e-06,2.98284e-06,50,100,100,236436,10 4 3 0 7 9 5 8 6 11 2 1 
311,3.33339e-06,4.22946e-06,2.92123e-06,50,100,100,236436,10 4 3 0 7 9 5 8 6 11 2 1 
312,3.36343e-06,4.22946e-06,3.05789e-06,50,100,100,236436,10 4 3 0 7 9 5 8 6 11 2 1 
313,3.37225e-06,4.22946e-06,3.01155e-06,50,100,100,236436,10 4 3 0 7 9 5 8 6 11 2 1 
314,3.36046e-06,4.22946e-06,2.95225e-06,50,100,100,236436,10 4 3 0 7 9 5 8 6 11 2 1 
315,3.33084e-06,4.22946e-06,2.92705e-06,50,100,100,236436,10 4 3 0 7 9 5 8 6 11 2 1 
316,3.28342e-06,4.22946e-06,2.92667e-06,50,100,100,236436,10 4 3 0 7 9 5 8 6 11 2 1 
317,3.30236e-06,4.22946e-06,2.97675e-06,50,100,100,236436,10 4 3 0 7 9 5 8 6 11 2 1 
318,3.33002e-06,4.22946e-06,2.93333e-06,50,100,100,236436,10 4 3 0 7 9 5 8 6 11 2 1 
319,3.35438e-06,4.22946e-06,2.94202e-06,50,100,100,236436,10 4 3 0 7 9 5 8 6 11 2 1 
320,3.37066e-06,4.22946e-06,2.94684e-06,50,100,100,236436,10 4 3 0 7 9 5 8 6 11 2 1 
321,3.37853e-06,4.22946e-06,2.97978e-06,50,100,100,236436,10 4 3 0 7 9 5 8 6 11 2 1 
322,3.38751e-06,4.22946e-06,2.99345e-06,50,100,100,236436,10 4 3 0 7 9 5 8 6 11 2 1 
323,3.38343e-06,4.22946e-06,3.02096e-06,50,100,100,236436,10 4 3 0 7 9 5 8 6 11 2 1 
324,3.34252e-06,4.22946e-06,2.96229e-06,50,100,100,236436,10 4 3 0 7 9 5 8 6 11 2 1 
325,3.41003e-06,4.22946e-06,3.00863e-06,50,100,100,236436,10 4 3 0 7 9 5 8 6 11 2 1 
326,3.42114e-06,4.22946e-06,3.07444e-06,50,100,100,236436,10 4 3 0 7 9 5 8 6 11 2 1 
327,3.39014e-06,4.22946e-06,3.04632e-06,50,100,100,236436,10 4 3 0 7 9 5 8 6 11 2 1 
328,3.38505e-06,4.22946e-06,2.96483e-06,50,100,100,236436,10 4 3 0 7 9 5 8 6 11 2 1 
329,3.38323e-06,4.22946e-06,2.95294e-06,50,100,100,236436,10 4 3 0 7 9 5 8 6 11 2 1 
330,3.40708e-06,4.22946e-06,3.07017e-06,50,100,100,236436,10 4 3 0 7 9 5 8 6 11 2 1 
331,3.39849e-06,4.22946e-06,3.00597e-06,50,100,100,236436,10 4 3 0 7 9 5 8 6 11 2 1 
332,3.42553e-06,4.22946e-06,3.06357e-06,50,100,100,236436,10 4 3 0 7 9 5 8 6 11 2 1 
333,3.42569e-06,4.22946e-06,3.0415e-06,50,100,100,236436,10 4 3 0 7 9 5 8 6 11 2 1 
334,3.43028e-06,4.22946e-06,3.02785e-06,50,100,100,236436,10 4 3 0 7 9 5 8 6 11 2 1 
335,3.45147e-06,4.22946e-06,3.02192e-06,50,100,100,236436,10 4 3 0 7 9 5 8 6 11 2 1 
336,3.41273e-06,4.22946e-06,2.98318e-06,50,100,100,236436,10 4 3 0 7 9 5 8 6 11 2 1 
337,3.45519e-06,4.22946e-06,3.00002e-06,50,100,100,236436,10 4 3 0 7 9 5 8 6 11 2 1 
338,3.44929e-06,4.22946e-06,3.10431e-06,50,100,100,236436,10 4 3 0 7 9 5 8 6 11 2 1 
339,3.46561e-06,4.22946e-06,3.04048e-06,50,100,100,236436,10 4 3 0 7 9 5 8 6 11 2 1 
340,3.38143e-06,4.22946e-06,3.02793e-06,50,100,100,236436,10 4 3 0 7 9 5 8 6 11 2 1 
341,3.32462e-06,4.22946e-06,2.92135e-06,50,100,100,236436,10 4 3 0 7 9 5 8 6 11 2 1 
342,3.35636e-06,4.22946e-06,2.97622e-06,50,100,100,236436,10 4 3 0 7 9 5 8 6 11 2 1 
343,3.33459e-06,4.22946e-06,2.93568e-06,50,100,100,236436,10 4 3 0 7 9 5 8 6 11 2 1 
344,3.35775e-06,4.22946e-06,3.04608e-06,50,100,100,236436,10 4 3 0 7 9 5 8 6 11 2 1 
345,3.34327e-06,4.22946e-06,3.00254e-06,50,100,100,236436,10 4 3 0 7 9 5 8 6 11 2 1 
346,3.34204e-06,4.22946e-06,2.99707e-06,50,100,100,236436,10 4 3 0 7 9 5 8 6 11 2 1 
347,3.32649e-06,4.22946e-06,2.96385e-06,50,100,100,236436,10 4 3 0 7 9 5 8 6 11 2 1 
348,3.35089e-06,4.22946e-06,2.97114e-06,50,100,100,236436,10 4 3 0 7 9 5 8 6 11 2 1 
349,3.36828e-06,4.22946e-06,3.0235e-06,50,100,100,236436,10 4 3 0 7 9 5 8 6 11 2 1 
350,3.32265e-06,4.22946e-06,2.97537e-06,50,100,100,236436,10 4 3 0 7 9 5 8 6 11 2 1 
351,3.32578e-06,4.22946e-06,2.96818e-06,50,100,100,236436,10 4 3 0 7 9 5 8 6 11 2 1 
352,3.34039e-06,4.22946e-06,2.95319e-06,50,100,100,236436,10 4 3 0 7 9 5 8 6 11 2 1 
353,3.32483e-06,4.22946e-06,2.92316e-06,50,100,100,236436,10 4 3 0 7 9 5 8 6 11 2 1 
354,3.28957e-06,4.22946e-06,2.94788e-06,50,100,100,236436,10 4 3 0 7 9 5 8 6 11 2 1 
355,3.33203e-06,4.22946e-06,2.98439e-06,50,100,100,236436,10 4 3 0 7 9 5 8 6 11 2 1 
356,3.35548e-06,4.22946e-06,3.0388e-06,50,100,100,236436,10 4 3 0 7 9 5 8 6 11 2 1 
357,3.36233e-06,4.22946e-06,2.96992e-06,50,100,100,236436,10 4 3 0 7 9 5 8 6 11 2 1 
358,3.34088e-06,4.22946e-06,2.94857e-06,50,100,100,236436,10 4 3 0 7 9 5 8 6 11 2 1 
359,3.30669e-06,4.22946e-06,2.96418e-06,50,100,100,236436,10 4 3 0 7 9 5 8 6 11 2 1 
360,3.34584e-06,4.22946e-06,2.97452e-06,50,100,100,236436,10 4 3 0 7 9 5 8 6 11 2 1 
361,3.32689e-06,4.22946e-06,2.99296e-06,50,100,100,236436,10 4 3 0 7 9 5 8 6 11 2 1 
362,3.37784e-06,4.22946e-06,2.9841e-06,50,100,100,236436,10 4 3 0 7 9 5 8 6 11 2 1 
363,3.42603e-06,4.22946e-06,3.01995e-06,50,100,100,236436,10 4 3 0 7 9 5 8 6 11 2 1 
364,3.38099e-06,4.22946e-06,2.999e-06,50,100,100,236436,10 4 3 0 7 9 5 8 6 11 2 1 
365,3.37447e-06,4.22946e-06,3.07866e-06,50,100,100,236436,10 4 3 0 7 9 5 8 6 11 2 1 
366,3.3657e-06,4.22946e-06,3.03557e-06,50,100,100,236436,10 4 3 0 7 9 5 8 6 11 2 1 
367,3.36868e-06,4.22946e-06,3.02216e-06,50,100,100,236436,10 4 3 0 7 9 5 8 6 11 2 1 
368,3.34259e-06,4.22946e-06,3.03469e-06,50,100,100,236436,10 4 3 0 7 9 5 8 6 11 2 1 
369,3.34661e-06,4.22946e-06,2.96132e-06,50,100,100,236436,10 4 3 0 7 9 5 8 6 11 2 1 
370,3.34303e-06,4.22946e-06,3.03274e-06,50,100,100,236436,10 4 3 0 7 9 5 8 6 11 2 1 
371,3.34226e-06,4.22946e-06,3.0148e-06,50,100,100,236436,10 4 3 0 7 9 5 8 6 11 2 1 
372,3.37996e-06,4.22946e-06,3.00916e-06,50,100,100,236436,10 4 3 0 7 9 5 8 6 11 2 1 
373,3.36969e-06,4.22946e-06,3.05684e-06,50,100,100,236436,10 4 3 0 7 9 5 8 6 11 2 1 
374,3.37473e-06,4.22946e-06,2.94449e-06,50,100,100,236436,10 4 3 0 7 9 5 8 6 11 2 1 
375,3.3727e-06,4.22946e-06,2.99338e-06,50,100,100,236436,10 4 3 0 7 9 5 8 6 11 2 1 
376,3.35489e-06,4.22946e-06,2.99617e-06,50,100,100,236436,10 4 3 0 7 9 5 8 6 11 2 1 
377,3.33745e-06,4.22946e-06,2.91663e-06,50,100,100,236436,10 4 3 0 7 9 5 8 6 11 2 1 
378,3.34123e-06,4.22946e-06,2.9825e-06,50,100,100,236436,10 4 3 0 7 9 5 8 6 11 2 1 
379,3.34854e-06,4.22946e-06,3.02939e-06,50,100,100,236436,10 4 3 0 7 9 5 8 6 11 2 1 
380,3.34878e-06,4.22946e-06,2.99883e-06,50,100,100,236436,10 4 3 0 7 9 5 8 6 11 2 1 
381,3.35209e-06,4.22946e-06,2.98585e-06,50,100,100,236436,10 4 3 0 7 9 5 8 6 11 2 1 
382,3.36626e-06,4.22946e-06,3.03055e-06,50,100,100,236436,10 4 3 0 7 9 5 8 6 11 2 1 
383,3.37529e-06,4.22946e-06,2.94548e-06,50,100,100,236436,10 4 3 0 7 9 5 8 6 11 2 1 
384,3.3566e-06,4.22946e-06,2.97202e-06,50,100,100,236436,10 4 3 0 7 9 5 8 6 11 2 1 
385,3.33146e-06,4.22946e-06,2.98921e-06,50,100,100,236436,10 4 3 0 7 9 5 8 6 11 2 1 
386,3.34423e-06,4.22946e-06,2.99486e-06,50,100,100,236436,10 4 3 0 7 9 5 8 6 11 2 1 
387,3.34516e-06,4.22946e-06,3.01149e-06,50,100,100,236436,10 4 3 0 7 9 5 8 6 11 2 1 
388,3.35654e-06,4.22946e-06,2.87888e-06,50,100,100,236436,10 4 3 0 7 9 5 8 6 11 2 1 
389,3.36522e-06,4.22946e-06,3.03827e-06,50,100,100,236436,10 4 3 0 7 9 5 8 6 11 2 1 
390,3.35931e-06,4.22946e-06,2.95031e-06,50,100,100,236436,10 4 3 0 7 9 5 8 6 11 2 1 
391,3.36968e-06,4.22946e-06,3.03474e-06,50,100,100,236436,10 4 3 0 7 9 5 8 6 11 2 1 
392,3.33615e-06,4.22946e-06,3.0291e-06,50,100,100,236436,10 4 3 0 7 9 5 8 6 11 2 1 
393,3.36191e-06,4.22946e-06,3.05701e-06,50,100,100,236436,10 4 3 0 7 9 5 8 6 11 2 1 
394,3.34455e-06,4.22946e-06,2.95172e-06,50,100,100,236436,10 4 3 0 7 9 5 8 6 11 2 1 
395,3.37671e-06,4.22946e-06,2.99291e-06,50,100,100,236436,10 4 3 0 7 9 5 8 6 11 2 1 
396,3.29985e-06,4.22946e-06,2.9939e-06,50,100,100,236436,10 4 3 0 7 9 5 8 6 11 2 1 
397,3.31768e-06,4.22946e-06,2.94607e-06,50,100,100,236436,10 4 3 0 7 9 5 8 6 11 2 1 
398,3.33473e-06,4.22946e-06,2.9832e-06,50,100,100,236436,10 4 3 0 7 9 5 8 6 11 2 1 
399,3.3377e-06,4.22946e-06,3.0479e-06,50,100,100,236436,10 4 3 0 7 9 5 8 6 11 2 1 
400,3.34776e-06,4.22946e-06,3.01209e-06,50,100,100,236436,10 4 3 0 7 9 5 8 6 11 2 1 
401,3.35839e-06,4.22946e-06,2.85254e-06,50,100,100,236436,10 4 3 0 7 9 5 8 6 11 2 1 
402,3.34571e-06,4.22946e-06,3.00644e-06,50,100,100,236436,10 4 3 0 7 9 5 8 6 11 2 1 
403,3.3416e-06,4.22946e-06,2.96834e-06,50,100,100,236436,10 4 3 0 7 9 5 8 6 11 2 1 
404,3.33658e-06,4.22946e-06,2.98095e-06,50,100,100,236436,10 4 3 0 7 9 5 8 6 11 2 1 
405,3.36213e-06,4.22946e-06,2.96441e-06,50,100,100,236436,10 4 3 0 7 9 5 8 6 11 2 1 
406,3.36242e-06,4.22946e-06,2.87212e-06,50,100,100,236436,10 4 3 0 7 9 5 8 6 11 2 1 
407,3.36282e-06,4.22946e-06,3.06381e-06,50,100,100,236436,10 4 3 0 7 9 5 8 6 11 2 1 
408,3.36521e-06,4.22946e-06,2.97834e-06,50,100,100,236436,10 4 3 0 7 9 5 8 6 11 2 1 
409,3.38547e-06,4.22946e-06,3.04777e-06,50,100,100,236436,10 4 3 0 7 9 5 8 6 11 2 1 
410,3.33692e-06,4.22946e-06,2.96784e-06,50,100,100,236436,10 4 3 0 7 9 5 8 6 11 2 1 
411,3.34526e-06,4.22946e-06,2.97061e-06,50,100,100,236436,10 4 3 0 7 9 5 8 6 11 2 1 
412,3.32647e-06,4.22946e-06,2.88633e-06,50,100,100,236436,10 4 3 0 7 9 5 8 6 11 2 1 
413,3.33209e-06,4.22946e-06,2.99811e-06,50,100,100,236436,10 4 3 0 7 9 5 8 6 11 2 1 
414,3.35318e-06,4.22946e-06,2.97436e-06,50,100,100,236436,10 4 3 0 7 9 5 8 6 11 2 1 
415,3.35313e-06,4.22946e-06,3.07602e-06,50,100,100,236436,10 4 3 0 7 9 5 8 6 11 2 1 
416,3.42111e-06,4.22946e-06,3.05084e-06,50,100,100,236436,10 4 3 0 7 9 5 8 6 11 2 1 
417,3.38162e-06,4.22946e-06,3.01975e-06,50,100,100,236436,10 4 3 0 7 9 5 8 6 11 2 1 
418,3.38527e-06,4.22946e-06,2.92725e-06,50,100,100,236436,10 4 3 0 7 9 5 8 6 11 2 1 
419,3.33327e-06,4.22946e-06,3.03171e-06,50,100,100,236436,10 4 3 0 7 9 5 8 6 11 2 1 
420,3.34505e-06,4.22946e-06,3.00505e-06,50,100,100,236436,10 4 3 0 7 9 5 8 6 11 2 1 
421,3.34929e-06,4.22946e-06,2.88222e-06,50,100,100,236436,10 4 3 0 7 9 5 8 6 11 2 1 
422,3.34417e-06,4.22946e-06,2.99781e-06,50,100,100,236436,10 4 3 0 7 9 5 8 6 11 2 1 
423,3.34641e-06,4.22946e-06,2.95413e-06,50,100,100,236436,10 4 3 0 7 9 5 8 6 11 2 1 
424,3.35214e-06,4.22946e-06,2.93807e-06,50,100,100,236436,10 4 3 0 7 9 5 8 6 11 2 1 
425,3.3724e-06,4.22946e-06,3.03836e-06,50,100,100,236436,10 4 3 0 7 9 5 8 6 11 2 1 
426,3.34592e-06,4.22946e-06,2.94169e-06,50,100,100,236436,10 4 3 0 7 9 5 8 6 11 2 1 
427,3.37043e-06,4.22946e-06,2.96489e-06,50,100,100,236436,10 4 3 0 7 9 5 8 6 11 2 1 
428,3.33343e-06,4.22946e-06,2.96157e-06,50,100,100,236436,10 4 3 0 7 9 5 8 6 11 2 1 
429,3.34058e-06,4.22946e-06,3.03707e-06,50,100,100,236436,10 4 3 0 7 9 5 8 6 11 2 1 
430,3.35097e-06,4.22946e-06,2.98649e-06,50,100,100,236436,10 4 3 0 7 9 5 8 6 11 2 1 
431,3.35237e-06,4.22946e-06,3.03587e-06,50,100,100,236436,10 4 3 0 7 9 5 8 6 11 2 1 
432,3.33069e-06,4.22946e-06,2.98053e-06,50,100,100,236436,10 4 3 0 7 9 5 8 6 11 2 1 
433,3.32833e-06,4.22946e-06,2.94392e-06,50,100,100,236436,10 4 3 0 7 9 5 8 6 11 2 1 
434,3.35676e-06,4.22946e-06,3.03694e-06,50,100,100,236436,10 4 3 0 7 9 5 8 6 11 2 1 
435,3.32765e-06,4.22946e-06,3.00494e-06,50,100,100,236436,10 4 3 0 7 9 5 8 6 11 2 1 
436,3.35178e-06,4.22946e-06,2.94962e-06,50,100,100,236436,10 4 3 0 7 9 5 8 6 11 2 1 
437,3.39231e-06,4.22946e-06,3.00316e-06,50,100,100,236436,10 4 3 0 7 9 5 8 6 11 2 1 
438,3.37105e-06,4.22946e-06,2.98924e-06,50,100,100,236436,10 4 3 0 7 9 5 8 6 11 2 1 
439,3.3386e-06,4.22946e-06,2.90638e-06,50,100,100,236436,10 4 3 0 7 9 5 8 6 11 2 1 
440,3.34772e-06,4.22946e-06,3.01973e-06,50,100,100,236436,10 4 3 0 7 9 5 8 6 11 2 1 
441,3.30993e-06,4.22946e-06,2.93695e-06,50,100,100,236436,10 4 3 0 7 9 5 8 6 11 2 1 
442,3.3433e-06,4.22946e-06,2.9833e-06,50,100,100,236436,10 4 3 0 7 9 5 8 6 11 2 1 
443,3.31674e-06,4.22946e-06,2.99808e-06,50,100,100,236436,10 4 3 0 7 9 5 8 6 11 2 1 
444,3.34046e-06,4.22946e-06,2.94746e-06,50,100,100,236436,10 4 3 0 7 9 5 8 6 11 2 1 
445,3.3211e-06,4.22946e-06,2.95134e-06,50,100,100,236436,10 4 3 0 7 9 5 8 6 11 2 1 
446,3.36739e-06,4.22946e-06,2.97765e-06,50,100,100,236436,10 4 3 0 7 9 5 8 6 11 2 1 
447,3.36267e-06,4.22946e-06,3.01052e-06,50,100,100,236436,10 4 3 0 7 9 5 8 6 11 2 1 
448,3.35926e-06,4.22946e-06,3.01318e-06,50,100,100,236436,10 4 3 0 7 9 5 8 6 11 2 1 
449,3.36894e-06,4.22946e-06,2.98361e-06,50,100,100,236436,10 4 3 0 7 9 5 8 6 11 2 1 
450,3.36646e-06,4.22946e-06,2.94997e-06,50,100,100,236436,10 4 3 0 7 9 5 8 6 11 2 1 
451,3.34101e-06,4.22946e-06,2.91992e-06,50,100,100,236436,10 4 3 0 7 9 5 8 6 11 2 1 
452,3.36877e-06,4.22946e-06,2.96543e-06,50,100,100,236436,10 4 3 0 7 9 5 8 6 11 2 1 
453,3.34046e-06,4.22946e-06,2.93958e-06,50,100,100,236436,10 4 3 0 7 9 5 8 6 11 2 1 
454,3.33031e-06,4.22946e-06,2.98546e-06,50,100,100,236436,10 4 3 0 7 9 5 8 6 11 2 1 
455,3.3497e-06,4.22946e-06,2.93911e-06,50,100,100,236436,10 4 3 0 7 9 5 8 6 11 2 1 
456,3.35207e-06,4.22946e-06,2.97077e-06,50,100,100,236436,10 4 3 0 7 9 5 8 6 11 2 1 
457,3.37803e-06,4.22946e-06,3.03904e-06,50,100,100,236436,10 4 3 0 7 9 5 8 6 11 2 1 
458,3.36376e-06,4.22946e-06,3.02818e-06,50,100,100,236436,10 4 3 0 7 9 5 8 6 11 2 1 
459,3.35829e-06,4.22946e-06,2.96327e-06,50,100,100,236436,10 4 3 0 7 9 5 8 6 11 2 1 
460,3.36662e-06,4.22946e-06,3.028e-06,50,100,100,236436,10 4 3 0 7 9 5 8 6 11 2 1 
461,3.3436e-06,4.22946e-06,2.91234e-06,50,100,100,236436,10 4 3 0 7 9 5 8 6 11 2 1 
462,3.37916e-06,4.22946e-06,3.02476e-06,50,100,100,236436,10 4 3 0 7 9 5 8 6 11 2 1 
463,3.34062e-06,4.22946e-06,2.91081e-06,50,100,100,236436,10 4 3 0 7 9 5 8 6 11 2 1 
464,3.34581e-06,4.22946e-06,2.99919e-06,50,100,100,236436,10 4 3 0 7 9 5 8 6 11 2 1 
465,3.33379e-06,4.22946e-06,3.03296e-06,50,100,100,236436,10 4 3 0 7 9 5 8 6 11 2 1 
466,3.36874e-06,4.22946e-06,3.01715e-06,50,100,100,236436,10 4 3 0 7 9 5 8 6 11 2 1 
467,3.38322e-06,4.22946e-06,2.93144e-06,50,100,100,236436,10 4 3 0 7 9 5 8 6 11 2 1 
468,3.36687e-06,4.22946e-06,3.02074e-06,50,100,100,236436,10 4 3 0 7 9 5 8 6 11 2 1 
469,3.36873e-06,4.22946e-06,2.99601e-06,50,100,100,236436,10 4 3 0 7 9 5 8 6 11 2 1 
470,3.36222e-06,4.22946e-06,2.97413e-06,50,100,100,236436,10 4 3 0 7 9 5 8 6 11 2 1 
471,3.38214e-06,4.22946e-06,2.97748e-06,50,100,100,236436,10 4 3 0 7 9 5 8 6 11 2 1 
472,3.38543e-06,4.22946e-06,3.04143e-06,50,100,100,236436,10 4 3 0 7 9 5 8 6 11 2 1 
473,3.37098e-06,4.22946e-06,3.02035e-06,50,100,100,236436,10 4 3 0 7 9 5 8 6 11 2 1 
474,3.36547e-06,4.22946e-06,3.09497e-06,50,100,100,236436,10 4 3 0 7 9 5 8 6 11 2 1 
475,3.34639e-06,4.22946e-06,2.96404e-06,50,100,100,236436,10 4 3 0 7 9 5 8 6 11 2 1 
476,3.36271e-06,4.22946e-06,2.98564e-06,50,100,100,236436,10 4 3 0 7 9 5 8 6 11 2 1 
477,3.3788e-06,4.22946e-06,2.99205e-06,50,100,100,236436,10 4 3 0 7 9 5 8 6 11 2 1 
478,3.3348e-06,4.22946e-06,2.97404e-06,50,100,100,236436,10 4 3 0 7 9 5 8 6 11 2 1 
479,3.39338e-06,4.22946e-06,3.07323e-06,50,100,100,236436,10 4 3 0 7 9 5 8 6 11 2 1 
480,3.39049e-06,4.22946e-06,3.02404e-06,50,100,100,236436,10 4 3 0 7 9 5 8 6 11 2 1 
481,3.39132e-06,4.22946e-06,2.94845e-06,50,100,100,236436,10 4 3 0 7 9 5 8 6 11 2 1 
482,3.4044e-06,4.22946e-06,2.97944e-06,50,100,100,236436,10 4 3 0 7 9 5 8 6 11 2 1 
483,3.42962e-06,4.22946e-06,3.03397e-06,50,100,100,236436,10 4 3 0 7 9 5 8 6 11 2 1 
484,3.40061e-06,4.22946e-06,2.97181e-06,50,100,100,236436,10 4 3 0 7 9 5 8 6 11 2 1 
485,3.38221e-06,4.22946e-06,2.97275e-06,50,100,100,236436,10 4 3 0 7 9 5 8 6 11 2 1 
486,3.41772e-06,4.22946e-06,3.02739e-06,50,100,100,236436,10 4 3 0 7 9 5 8 6 11 2 1 
487,3.39381e-06,4.22946e-06,2.99995e-06,50,100,100,236436,10 4 3 0 7 9 5 8 6 11 2 1 
488,3.39135e-06,4.22946e-06,3.01487e-06,50,100,100,236436,10 4 3 0 7 9 5 8 6 11 2 1 
489,3.35667e-06,4.22946e-06,2.9626e-06,50,100,100,236436,10 4 3 0 7 9 5 8 6 11 2 1 
490,3.36078e-06,4.22946e-06,2.95806e-06,50,100,100,236436,10 4 3 0 7 9 5 8 6 11 2 1 
491,3.37841e-06,4.22946e-06,2.98275e-06,50,100,100,236436,10 4 3 0 7 9 5 8 6 11 2 1 
492,3.37809e-06,4.22946e-06,3.012e-06,50,100,100,236436,10 4 3 0 7 9 5 8 6 11 2 1 
493,3.36941e-06,4.22946e-06,2.97666e-06,50,100,100,236436,10 4 3 0 7 9 5 8 6 11 2 1 
494,3.37279e-06,4.22946e-06,2.96922e-06,50,100,100,236436,10 4 3 0 7 9 5 8 6 11 2 1 
495,3.36153e-06,4.22946e-06,2.96955e-06,50,100,100,236436,10 4 3 0 7 9 5 8 6 11 2 1 
496,3.38446e-06,4.22946e-06,2.99157e-06,50,100,100,236436,10 4 3 0 7 9 5 8 6 11 2 1 
497,3.32362e-06,4.22946e-06,2.9563e-06,50,100,100,236436,10 4 3 0 7 9 5 8 6 11 2 1 
498,3.32435e-06,4.22946e-06,3.01166e-06,50,100,100,236436,10 4 3 0 7 9 5 8 6 11 2 1 
499,3.33692e-06,4.22946e-06,2.95387e-06,50,100,100,236436,10 4 3 0 7 9 5 8 6 11 2 1 
500,3.34116e-06,4.22946e-06,3.02247e-06,50,100,100,236436,10 4 3 0 7 9 5 8 6 11 2 1 
501,3.3386e-06,4.22946e-06,2.9981e-06,50,100,100,236436,10 4 3 0 7 9 5 8 6 11 2 1 
502,3.32037e-06,4.22946e-06,2.99553e-06,50,100,100,236436,10 4 3 0 7 9 5 8 6 11 2 1 
503,3.30437e-06,4.22946e-06,2.96871e-06,50,100,100,236436,10 4 3 0 7 9 5 8 6 11 2 1 
504,3.33817e-06,4.22946e-06,2.99382e-06,50,100,100,236436,10 4 3 0 7 9 5 8 6 11 2 1 
505,3.32177e-06,4.22946e-06,2.88893e-06,50,100,100,236436,10 4 3 0 7 9 5 8 6 11 2 1 
506,3.31646e-06,4.22946e-06,3.06625e-06,50,100,100,236436,10 4 3 0 7 9 5 8 6 11 2 1 
507,3.31364e-06,4.22946e-06,2.98687e-06,50,100,100,236436,10 4 3 0 7 9 5 8 6 11 2 1 
508,3.33188e-06,4.22946e-06,2.94854e-06,50,100,100,236436,10 4 3 0 7 9 5 8 6 11 2 1 
509,3.32327e-06,4.22946e-06,2.96908e-06,50,100,100,236436,10 4 3 0 7 9 5 8 6 11 2 1 
510,3.35473e-06,4.22946e-06,2.98417e-06,50,100,100,236436,10 4 3 0 7 9 5 8 6 11 2 1 
511,3.34319e-06,4.22946e-06,2.90959e-06,50,100,100,236436,10 4 3 0 7 9 5 8 6 11 2 1 
512,3.31801e-06,4.22946e-06,3.0189e-06,50,100,100,236436,10 4 3 0 7 9 5 8 6 11 2 1 
513,3.3084e-06,4.22946e-06,2.9876e-06,50,100,100,236436,10 4 3 0 7 9 5 8 6 11 2 1 
514,3.30963e-06,4.22946e-06,2.93856e-06,50,100,100,236436,10 4 3 0 7 9 5 8 6 11 2 1 
515,3.35051e-06,4.22946e-06,2.96707e-06,50,100,100,236436,10 4 3 0 7 9 5 8 6 11 2 1 
516,3.31991e-06,4.22946e-06,2.93072e-06,50,100,100,236436,10 4 3 0 7 9 5 8 6 11 2 1 
517,3.33002e-06,4.22946e-06,2.97549e-06,50,100,100,236436,10 4 3 0 7 9 5 8 6 11 2 1 
518,3.3541e-06,4.22946e-06,2.95675e-06,50,100,100,236436,10 4 3 0 7 9 5 8 6 11 2 1 
519,3.35042e-06,4.22946e-06,2.94536e-06,50,100,100,236436,10 4 3 0 7 9 5 8 6 11 2 1 
520,3.38562e-06,4.22946e-06,3.01693e-06,50,100,100,236436,10 4 3 0 7 9 5 8 6 11 2 1 
521,3.3825e-06,4.22946e-06,3.04448e-06,50,100,100,236436,10 4 3 0 7 9 5 8 6 11 2 1 
522,3.40308e-06,4.22946e-06,2.97354e-06,50,100,100,236436,10 4 3 0 7 9 5 8 6 11 2 1 
523,3.42168e-06,4.22946e-06,3.01851e-06,50,100,100,236436,10 4 3 0 7 9 5 8 6 11 2 1 
524,3.3905e-06,4.22946e-06,2.92265e-06,50,100,100,236436,10 4 3 0 7 9 5 8 6 11 2 1 
525,3.42324e-06,4.30728e-06,2.99101e-06,50,100,100,232164,10 4 3 0 6 9 5 7 8 11 2 1 
526,3.41032e-06,4.30728e-06,3.06576e-06,50,100,100,232164,10 4 3 0 6 9 5 7 8 11 2 1 
527,3.40819e-06,4.30728e-06,3.00455e-06,50,100,100,232164,10 4 3 0 6 9 5 7 8 11 2 1 
528,3.39386e-06,4.30728e-06,3.02789e-06,50,100,100,232164,10 4 3 0 6 9 5 7 8 11 2 1 
529,3.43589e-06,4.30728e-06,3.06445e-06,50,100,100,232164,10 4 3 0 6 9 5 7 8 11 2 1 
530,3.41947e-06,4.30728e-06,3.07408e-06,50,100,100,232164,10 4 3 0 6 9 5 7 8 11 2 1 
531,3.40908e-06,4.30728e-06,3.01318e-06,50,100,100,232164,10 4 3 0 6 9 5 7 8 11 2 1 
532,3.44857e-06,4.30728e-06,3.05074e-06,50,100,100,232164,10 4 3 0 6 9 5 7 8 11 2 1 
533,3.44527e-06,4.30728e-06,3.05104e-06,50,100,100,232164,10 4 3 0 6 9 5 7 8 11 2 1 
534,3.45911e-06,4.30728e-06,3.00937e-06,50,100,100,232164,10 4 3 0 6 9 5 7 8 11 2 1 
535,3.47452e-06,4.30728e-06,3.0753e-06,50,100,100,232164,10 4 3 0 6 9 5 7 8 11 2 1 
536,3.47926e-06,4.30728e-06,3.04578e-06,50,100,100,232164,10 4 3 0 6 9 5 7 8 11 2 1 
537,3.49427e-06,4.30728e-06,3.04727e-06,50,100,100,232164,10 4 3 0 6 9 5 7 8 11 2 1 
538,3.4977e-06,4.30728e-06,3.03712e-06,50,100,100,232164,10 4 3 0 6 9 5 7 8 11 2 1 
539,3.52063e-06,4.30728e-06,3.07264e-06,50,100,100,232164,10 4 3 0 6 9 5 7 8 11 2 1 
540,3.56618e-06,4.30728e-06,3.15391e-06,50,100,100,232164,10 4 3 0 6 9 5 7 8 11 2 1 
541,3.54612e-06,4.30728e-06,3.09032e-06,50,100,100,232164,10 4 3 0 6 9 5 7 8 11 2 1 
542,3.53376e-06,4.30728e-06,3.0474e-06,50,100,100,232164,10 4 3 0 6 9 5 7 8 11 2 1 
543,3.55832e-06,4.30728e-06,3.07092e-06,50,100,100,232164,10 4 3 0 6 9 5 7 8 11 2 1 
544,3.58463e-06,4.30728e-06,3.1861e-06,50,100,100,232164,10 4 3 0 6 9 5 7 8 11 2 1 
545,3.56884e-06,4.30728e-06,3.0878e-06,50,100,100,232164,10 4 3 0 6 9 5 7 8 11 2 1 
546,3.61059e-06,4.30728e-06,3.15821e-06,50,100,100,232164,10 4 3 0 6 9 5 7 8 11 2 1 
547,3.58332e-06,4.30728e-06,3.05343e-06,50,100,100,232164,10 4 3 0 6 9 5 7 8 11 2 1 
548,3.57978e-06,4.30728e-06,3.13229e-06,50,100,100,232164,10 4 3 0 6 9 5 7 8 11 2 1 
549,3.60191e-06,4.30728e-06,3.07115e-06,50,100,100,232164,10 4 3 0 6 9 5 7 8 11 2 1 
550,3.58404e-06,4.30728e-06,2.97508e-06,50,100,100,232164,10 4 3 0 6 9 5 7 8 11 2 1 
551,3.64077e-06,4.30728e-06,3.05425e-06,50,100,100,232164,10 4 3 0 6 9 5 7 8 11 2 1 
552,3.65442e-06,4.30728e-06,3.05957e-06,50,100,100,232164,10 4 3 0 6 9 5 7 8 11 2 1 
553,3.6058e-06,4.30728e-06,3.05884e-06,50,100,100,232164,10 4 3 0 6 9 5 7 8 11 2 1 
554,3.59516e-06,4.30728e-06,2.96237e-06,50,100,100,232164,10 4 3 0 6 9 5 7 8 11 2 1 
555,3.62503e-06,4.30728e-06,3.13526e-06,50,100,100,232164,10 4 3 0 6 9 5 7 8 11 2 1 
556,3.60306e-06,4.30728e-06,3.04172e-06,50,100,100,232164,10 4 3 0 6 9 5 7 8 11 2 1 
557,3.58968e-06,4.30728e-06,2.96408e-06,50,100,100,232164,10 4 3 0 6 9 5 7 8 11 2 1 
558,3.61499e-06,4.30728e-06,2.98971e-06,50,100,100,232164,10 4 3 0 6 9 5 7 8 11 2 1 
559,3.56714e-06,4.30728e-06,3.06881e-06,50,100,100,232164,10 4 3 0 6 9 5 7 8 11 2 1 
560,3.59045e-06,4.30728e-06,3.09618e-06,50,100,100,232164,10 4 3 0 6 9 5 7 8 11 2 1 
561,3.59828e-06,4.30728e-06,2.98564e-06,50,100,100,232164,10 4 3 0 6 9 5 7 8 11 2 1 
562,3.61508e-06,4.30728e-06,3.15941e-06,50,100,100,232164,10 4 3 0 6 9 5 7 8 11 2 1 
563,3.64415e-06,4.30728e-06,2.95418e-06,50,100,100,232164,10 4 3 0 6 9 5 7 8 11 2 1 
564,3.64208e-06,4.30728e-06,3.07164e-06,50,100,100,232164,10 4 3 0 6 9 5 7 8 11 2 1 
565,3.59823e-06,4.30728e-06,3.08864e-06,50,100,100,232164,10 4 3 0 6 9 5 7 8 11 2 1 
566,3.60604e-06,4.30728e-06,3.0796e-06,50,100,100,232164,10 4 3 0 6 9 5 7 8 11 2 1 
567,3.54508e-06,4.30728e-06,3.06883e-06,50,100,100,232164,10 4 3 0 6 9 5 7 8 11 2 1 
568,3.52985e-06,4.30728e-06,3.12066e-06,50,100,100,232164,10 4 3 0 6 9 5 7 8 11 2 1 
569,3.54555e-06,4.30728e-06,3.05922e-06,50,100,100,232164,10 4 3 0 6 9 5 7 8 11 2 1 
570,3.55766e-06,4.30728e-06,3.10342e-06,50,100,100,232164,10 4 3 0 6 9 5 7 8 11 2 1 
571,3.53617e-06,4.30728e-06,3.03591e-06,50,100,100,232164,10 4 3 0 6 9 5 7 8 11 2 1 
572,3.60071e-06,4.30728e-06,3.01487e-06,50,100,100,232164,10 4 3 0 6 9 5 7 8 11 2 1 
573,3.58703e-06,4.30728e-06,3.05425e-06,50,100,100,232164,10 4 3 0 6 9 5 7 8 11 2 1 
574,3.61835e-06,4.30728e-06,3.04613e-06,50,100,100,232164,10 4 3 0 6 9 5 7 8 11 2 1 
575,3.65904e-06,4.30728e-06,3.03801e-06,50,100,100,232164,10 4 3 0 6 9 5 7 8 11 2 1 
576,3.60436e-06,4.30728e-06,3.09954e-06,50,100,100,232164,10 4 3 0 6 9 5 7 8 11 2 1 
577,3.6511e-06,4.30728e-06,3.11471e-06,50,100,100,232164,10 4 3 0 6 9 5 7 8 11 2 1 
578,3.65586e-06,4.30728e-06,3.08862e-06,50,100,100,232164,10 4 3 0 6 9 5 7 8 11 2 1 
579,3.64081e-06,4.30728e-06,3.08631e-06,50,100,100,232164,10 4 3 0 6 9 5 7 8 11 2 1 
580,3.63651e-06,4.30728e-06,3.04914e-06,50,100,100,232164,10 4 3 0 6 9 5 7 8 11 2 1 
581,3.6604e-06,4.30728e-06,3.13811e-06,50,100,100,232164,10 4 3 0 6 9 5 7 8 11 2 1 
582,3.6277e-06,4.30728e-06,3.07221e-06,50,100,100,232164,10 4 3 0 6 9 5 7 8 11 2 1 
583,3.66836e-06,4.30728e-06,3.02943e-06,50,100,100,232164,10 4 3 0 6 9 5 7 8 11 2 1 
584,3.65722e-06,4.30728e-06,3.05337e-06,50,100,100,232164,10 4 3 0 6 9 5 7 8 11 2 1 
585,3.63511e-06,4.30728e-06,3.0942e-06,50,100,100,232164,10 4 3 0 6 9 5 7 8 11 2 1 
586,3.64326e-06,4.30728e-06,3.05516e-06,50,100,100,232164,10 4 3 0 6 9 5 7 8 11 2 1 
587,3.61761e-06,4.30728e-06,3.07508e-06,50,100,100,232164,10 4 3 0 6 9 5 7 8 11 2 1 
588,3.59063e-06,4.30728e-06,3.01802e-06,50,100,100,232164,10 4 3 0 6 9 5 7 8 11 2 1 
589,3.58452e-06,4.30728e-06,3.12679e-06,50,100,100,232164,10 4 3 0 6 9 5 7 8 11 2 1 
590,3.55801e-06,4.30728e-06,3.0325e-06,50,100,100,232164,10 4 3 0 6 9 5 7 8 11 2 1 
591,3.56778e-06,4.30728e-06,3.07313e-06,50,100,100,232164,10 4 3 0 6 9 5 7 8 11 2 1 
592,3.57539e-06,4.30728e-06,3.00456e-06,50,100,100,232164,10 4 3 0 6 9 5 7 8 11 2 1 
593,3.58522e-06,4.30728e-06,3.10869e-06,50,100,100,232164,10 4 3 0 6 9 5 7 8 11 2 1 
594,3.55127e-06,4.30728e-06,3.03889e-06,50,100,100,232164,10 4 3 0 6 9 5 7 8 11 2 1 
595,3.58617e-06,4.30728e-06,2.9722e-06,50,100,100,232164,10 4 3 0 6 9 5 7 8 11 2 1 
596,3.60446e-06,4.30728e-06,3.00747e-06,50,100,100,232164,10 4 3 0 6 9 5 7 8 11 2 1 
597,3.54547e-06,4.30728e-06,3.08864e-06,50,100,100,232164,10 4 3 0 6 9 5 7 8 11 2 1 
598,3.57756e-06,4.30728e-06,3.03489e-06,50,100,100,232164,10 4 3 0 6 9 5 7 8 11 2 1 
599,3.60073e-06,4.30728e-06,3.08437e-06,50,100,100,232164,10 4 3 0 6 9 5 7 8 11 2 1 
600,3.58401e-06,4.30728e-06,3.05733e-06,50,100,100,232164,10 4 3 0 6 9 5 7 8 11 2 1 
601,3.62353e-06,4.30728e-06,2.86049e-06,50,100,100,232164,10 4 3 0 6 9 5 7 8 11 2 1 
602,3.68061e-06,4.30728e-06,3.14208e-06,50,100,100,232164,10 4 3 0 6 9 5 7 8 11 2 1 
603,3.69915e-06,4.30728e-06,3.14662e-06,50,100,100,232164,10 4 3 0 6 9 5 7 8 11 2 1 
604,3.63448e-06,4.30728e-06,3.02298e-06,50,100,100,232164,10 4 3 0 6 9 5 7 8 11 2 1 
605,3.59592e-06,4.30728e-06,3.06725e-06,50,100,100,232164,10 4 3 0 6 9 5 7 8 11 2 1 
606,3.58135e-06,4.30728e-06,3.10606e-06,50,100,100,232164,10 4 3 0 6 9 5 7 8 11 2 1 
607,3.56252e-06,4.30728e-06,3.00051e-06,50,100,100,232164,10 4 3 0 6 9 5 7 8 11 2 1 
608,3.56007e-06,4.30728e-06,3.03436e-06,50,100,100,232164,10 4 3 0 6 9 5 7 8 11 2 1 
609,3.55406e-06,4.30728e-06,3.002e-06,50,100,100,232164,10 4 3 0 6 9 5 7 8 11 2 1 
610,3.58551e-06,4.30728e-06,3.10444e-06,50,100,100,232164,10 4 3 0 6 9 5 7 8 11 2 1 
611,3.53879e-06,4.30728e-06,3.07296e-06,50,100,100,232164,10 4 3 0 6 9 5 7 8 11 2 1 
612,3.53594e-06,4.30728e-06,3.02943e-06,50,100,100,232164,10 4 3 0 6 9 5 7 8 11 2 1 
613,3.51456e-06,4.30728e-06,3.01306e-06,50,100,100,232164,10 4 3 0 6 9 5 7 8 11 2 1 
614,3.58002e-06,4.30728e-06,3.01186e-06,50,100,100,232164,10 4 3 0 6 9 5 7 8 11 2 1 
615,3.58729e-06,4.30728e-06,3.09305e-06,50,100,100,232164,10 4 3 0 6 9 5 7 8 11 2 1 
616,3.63885e-06,4.30728e-06,3.10678e-06,50,100,100,232164,10 4 3 0 6 9 5 7 8 11 2 1 
617,3.59959e-06,4.30728e-06,3.10042e-06,50,100,100,232164,10 4 3 0 6 9 5 7 8 11 2 1 
618,3.60751e-06,4.30728e-06,3.06255e-06,50,100,100,232164,10 4 3 0 6 9 5 7 8 11 2 1 
619,3.66615e-06,4.30728e-06,3.10906e-06,50,100,100,232164,10 4 3 0 6 9 5 7 8 11 2 1 
620,3.71127e-06,4.30728e-06,3.20456e-06,50,100,100,232164,10 4 3 0 6 9 5 7 8 11 2 1 
621,3.66906e-06,4.30728e-06,3.0384e-06,50,100,100,232164,10 4 3 0 6 9 5 7 8 11 2 1 
622,3.66505e-06,4.30728e-06,3.03884e-06,50,100,100,232164,10 4 3 0 6 9 5 7 8 11 2 1 
623,3.70011e-06,4.30728e-06,3.09802e-06,50,100,100,232164,10 4 3 0 6 9 5 7 8 11 2 1 
624,3.6542e-06,4.30728e-06,3.0314e-06,50,100,100,232164,10 4 3 0 6 9 5 7 8 11 2 1 
625,3.64817e-06,4.30728e-06,3.18312e-06,50,100,100,232164,10 4 3 0 6 9 5 7 8 11 2 1 
626,3.6036e-06,4.30728e-06,3.05677e-06,50,100,100,232164,10 4 3 0 6 9 5 7 8 11 2 1 
627,3.61479e-06,4.30728e-06,3.1045e-06,50,100,100,232164,10 4 3 0 6 9 5 7 8 11 2 1 
628,3.67617e-06,4.30728e-06,3.10125e-06,50,100,100,232164,10 4 3 0 6 9 5 7 8 11 2 1 
629,3.64203e-06,4.30728e-06,3.06304e-06,50,100,100,232164,10 4 3 0 6 9 5 7 8 11 2 1 
630,3.64994e-06,4.30728e-06,3.06571e-06,50,100,100,232164,10 4 3 0 6 9 5 7 8 11 2 1 
631,3.66616e-06,4.30728e-06,3.06351e-06,50,100,100,232164,10 4 3 0 6 9 5 7 8 11 2 1 
632,3.67379e-06,4.30728e-06,3.10656e-06,50,100,100,232164,10 4 3 0 6 9 5 7 8 11 2 1 
633,3.66327e-06,4.30728e-06,3.07015e-06,50,100,100,232164,10 4 3 0 6 9 5 7 8 11 2 1 
634,3.62975e-06,4.30728e-06,3.05287e-06,50,100,100,232164,10 4 3 0 6 9 5 7 8 11 2 1 
635,3.57657e-06,4.30728e-06,3.08492e-06,50,100,100,232164,10 4 3 0 6 9 5 7 8 11 2 1 
636,3.61564e-06,4.30728e-06,3.03508e-06,50,100,100,232164,10 4 3 0 6 9 5 7 8 11 2 1 
637,3.61866e-06,4.30728e-06,3.06857e-06,50,100,100,232164,10 4 3 0 6 9 5 7 8 11 2 1 
638,3.58672e-06,4.30728e-06,3.02783e-06,50,100,100,232164,10 4 3 0 6 9 5 7 8 11 2 1 
639,3.6124e-06,4.30728e-06,3.10157e-06,50,100,100,232164,10 4 3 0 6 9 5 7 8 11 2 1 
640,3.57549e-06,4.30728e-06,3.13263e-06,50,100,100,232164,10 4 3 0 6 9 5 7 8 11 2 1 
641,3.55575e-06,4.30728e-06,3.09403e-06,50,100,100,232164,10 4 3 0 6 9 5 7 8 11 2 1 
642,3.53009e-06,4.30728e-06,2.96582e-06,50,100,100,232164,10 4 3 0 6 9 5 7 8 11 2 1 
643,3.52746e-06,4.30728e-06,3.03281e-06,50,100,100,232164,10 4 3 0 6 9 5 7 8 11 2 1 
644,3.51535e-06,4.30728e-06,3.12759e-06,50,100,100,232164,10 4 3 0 6 9 5 7 8 11 2 1 
645,3.5501e-06,4.30728e-06,3.0678e-06,50,100,100,232164,10 4 3 0 6 9 5 7 8 11 2 1 
646,3.53887e-06,4.30728e-06,3.03947e-06,50,100,100,232164,10 4 3 0 6 9 5 7 8 11 2 1 
647,3.51067e-06,4.30728e-06,2.92995e-06,50,100,100,232164,10 4 3 0 6 9 5 7 8 11 2 1 
648,3.56039e-06,4.30728e-06,3.11277e-06,50,100,100,232164,10 4 3 0 6 9 5 7 8 11 2 1 
649,3.57558e-06,4.30728e-06,3.0592e-06,50,100,100,232164,10 4 3 0 6 9 5 7 8 11 2 1 
650,3.54935e-06,4.30728e-06,3.10398e-06,50,100,100,232164,10 4 3 0 6 9 5 7 8 11 2 1 
651,3.5842e-06,4.30728e-06,3.11518e-06,50,100,100,232164,10 4 3 0 6 9 5 7 8 11 2 1 
652,3.63791e-06,4.30728e-06,3.05925e-06,50,100,100,232164,10 4 3 0 6 9 5 7 8 11 2 1 
653,3.62789e-06,4.30728e-06,3.07249e-06,50,100,100,232164,10 4 3 0 6 9 5 7 8 11 2 1 
654,3.61965e-06,4.30728e-06,3.00051e-06,50,100,100,232164,10 4 3 0 6 9 5 7 8 11 2 1 
655,3.64424e-06,4.30728e-06,3.0486e-06,50,100,100,232164,10 4 3 0 6 9 5 7 8 11 2 1 
656,3.59109e-06,4.30728e-06,3.06567e-06,50,100,100,232164,10 4 3 0 6 9 5 7 8 11 2 1 
657,3.63341e-06,4.30728e-06,3.0486e-06,50,100,100,232164,10 4 3 0 6 9 5 7 8 11 2 1 
658,3.6589e-06,4.30728e-06,3.01237e-06,50,100,100,232164,10 4 3 0 6 9 5 7 8 11 2 1 
659,3.61056e-06,4.30728e-06,3.08593e-06,50,100,100,232164,10 4 3 0 6 9 5 7 8 11 2 1 
660,3.63734e-06,4.30728e-06,3.12466e-06,50,100,100,232164,10 4 3 0 6 9 5 7 8 11 2 1 
661,3.59249e-06,4.30728e-06,3.08862e-06,50,100,100,232164,10 4 3 0 6 9 5 7 8 11 2 1 
662,3.6224e-06,4.30728e-06,3.09808e-06,50,100,100,232164,10 4 3 0 6 9 5 7 8 11 2 1 
663,3.69233e-06,4.30728e-06,3.02736e-06,50,100,100,232164,10 4 3 0 6 9 5 7 8 11 2 1 
664,3.69918e-06,4.30728e-06,3.13404e-06,50,100,100,232164,10 4 3 0 6 9 5 7 8 11 2 1 
665,3.63703e-06,4.30728e-06,3.10672e-06,50,100,100,232164,10 4 3 0 6 9 5 7 8 11 2 1 
666,3.64261e-06,4.30728e-06,3.05675e-06,50,100,100,232164,10 4 3 0 6 9 5 7 8 11 2 1 
667,3.59445e-06,4.30728e-06,3.02947e-06,50,100,100,232164,10 4 3 0 6 9 5 7 8 11 2 1 
668,3.57111e-06,4.30728e-06,3.04749e-06,50,100,100,232164,10 4 3 0 6 9 5 7 8 11 2 1 
669,3.63582e-06,4.30728e-06,3.09206e-06,50,100,100,232164,10 4 3 0 6 9 5 7 8 11 2 1 
670,3.65002e-06,4.30728e-06,3.10606e-06,50,100,100,232164,10 4 3 0 6 9 5 7 8 11 2 1 
671,3.64234e-06,4.30728e-06,3.1029e-06,50,100,100,232164,10 4 3 0 6 9 5 7 8 11 2 1 
672,3.7185e-06,4.30728e-06,3.13347e-06,50,100,100,232164,10 4 3 0 6 9 5 7 8 11 2 1 
673,3.67451e-06,4.30728e-06,3.10606e-06,50,100,100,232164,10 4 3 0 6 9 5 7 8 11 2 1 
674,3.71645e-06,4.30728e-06,3.07697e-06,50,100,100,232164,10 4 3 0 6 9 5 7 8 11 2 1 
675,3.67277e-06,4.30728e-06,3.10807e-06,50,100,100,232164,10 4 3 0 6 9 5 7 8 11 2 1 
676,3.69012e-06,4.30728e-06,3.12495e-06,50,100,100,232164,10 4 3 0 6 9 5 7 8 11 2 1 
677,3.70559e-06,4.30728e-06,3.10094e-06,50,100,100,232164,10 4 3 0 6 9 5 7 8 11 2 1 
678,3.65222e-06,4.30728e-06,3.07215e-06,50,100,100,232164,10 4 3 0 6 9 5 7 8 11 2 1 
679,3.62861e-06,4.30728e-06,3.08734e-06,50,100,100,232164,10 4 3 0 6 9 5 7 8 11 2 1 
680,3.61326e-06,4.30728e-06,3.07451e-06,50,100,100,232164,10 4 3 0 6 9 5 7 8 11 2 1 
681,3.63832e-06,4.30728e-06,3.06793e-06,50,100,100,232164,10 4 3 0 6 9 5 7 8 11 2 1 
682,3.58486e-06,4.30728e-06,3.0413e-06,50,100,100,232164,10 4 3 0 6 9 5 7 8 11 2 1 
683,3.55528e-06,4.30728e-06,3.08925e-06,50,100,100,232164,10 4 3 0 6 9 5 7 8 11 2 1 
684,3.54753e-06,4.30728e-06,3.04665e-06,50,100,100,232164,10 4 3 0 6 9 5 7 8 11 2 1 
685,3.56129e-06,4.30728e-06,3.0621e-06,50,100,100,232164,10 4 3 0 6 9 5 7 8 11 2 1 
686,3.59089e-06,4.30728e-06,3.12757e-06,50,100,100,232164,10 4 3 0 6 9 5 7 8 11 2 1 
687,3.63499e-06,4.30728e-06,3.1416e-06,50,100,100,232164,10 4 3 0 6 9 5 7 8 11 2 1 
688,3.64681e-06,4.30728e-06,3.13864e-06,50,100,100,232164,10 4 3 0 6 9 5 7 8 11 2 1 
689,3.62172e-06,4.30728e-06,3.0203e-06,50,100,100,232164,10 4 3 0 6 9 5 7 8 11 2 1 
690,3.6189e-06,4.30728e-06,3.0304e-06,50,100,100,232164,10 4 3 0 6 9 5 7 8 11 2 1 
691,3.54101e-06,4.30728e-06,3.00249e-06,50,100,100,232164,10 4 3 0 6 9 5 7 8 11 2 1 
692,3.56832e-06,4.30728e-06,3.09336e-06,50,100,100,232164,10 4 3 0 6 9 5 7 8 11 2 1 
693,3.56874e-06,4.30728e-06,3.06462e-06,50,100,100,232164,10 4 3 0 6 9 5 7 8 11 2 1 
694,3.56741e-06,4.30728e-06,2.95569e-06,50,100,100,232164,10 4 3 0 6 9 5 7 8 11 2 1 
695,3.63415e-06,4.30728e-06,3.11055e-06,50,100,100,232164,10 4 3 0 6 9 5 7 8 11 2 1 
696,3.62681e-06,4.30728e-06,3.05229e-06,50,100,100,232164,10 4 3 0 6 9 5 7 8 11 2 1 
697,3.65388e-06,4.30728e-06,3.07273e-06,50,100,100,232164,10 4 3 0 6 9 5 7 8 11 2 1 
698,3.61813e-06,4.30728e-06,3.05067e-06,50,100,100,232164,10 4 3 0 6 9 5 7 8 11 2 1 
699,3.59946e-06,4.30728e-06,3.01115e-06,50,100,100,232164,10 4 3 0 6 9 5 7 8 11 2 1 
700,3.61524e-06,4.30728e-06,3.05875e-06,50,100,100,232164,10 4 3 0 6 9 5 7 8 11 2 1 
701,3.60834e-06,4.30728e-06,3.04417e-06,50,100,100,232164,10 4 3 0 6 9 5 7 8 11 2 1 
702,3.6063e-06,4.30728e-06,3.02212e-06,50,100,100,232164,10 4 3 0 6 9 5 7 8 11 2 1 
703,3.64612e-06,4.30728e-06,3.06806e-06,50,100,100,232164,10 4 3 0 6 9 5 7 8 11 2 1 
704,3.65192e-06,4.30728e-06,3.09537e-06,50,100,100,232164,10 4 3 0 6 9 5 7 8 11 2 1 
705,3.67663e-06,4.30728e-06,3.05026e-06,50,100,100,232164,10 4 3 0 6 9 5 7 8 11 2 1 
706,3.68584e-06,4.30728e-06,3.13487e-06,50,100,100,232164,10 4 3 0 6 9 5 7 8 11 2 1 
707,3.68439e-06,4.30728e-06,3.11372e-06,50,100,100,232164,10 4 3 0 6 9 5 7 8 11 2 1 
708,3.65875e-06,4.30728e-06,3.09403e-06,50,100,100,232164,10 4 3 0 6 9 5 7 8 11 2 1 
709,3.63598e-06,4.30728e-06,3.14718e-06,50,100,100,232164,10 4 3 0 6 9 5 7 8 11 2 1 
710,3.61778e-06,4.30728e-06,3.05425e-06,50,100,100,232164,10 4 3 0 6 9 5 7 8 11 2 1 
711,3.64336e-06,4.30728e-06,3.07932e-06,50,100,100,232164,10 4 3 0 6 9 5 7 8 11 2 1 
712,3.59284e-06,4.30728e-06,3.07292e-06,50,100,100,232164,10 4 3 0 6 9 5 7 8 11 2 1 
713,3.62297e-06,4.30728e-06,3.11316e-06,50,100,100,232164,10 4 3 0 6 9 5 7 8 11 2 1 
714,3.65395e-06,4.30728e-06,3.135e-06,50,100,100,232164,10 4 3 0 6 9 5 7 8 11 2 1 
715,3.63847e-06,4.30728e-06,3.07292e-06,50,100,100,232164,10 4 3 0 6 9 5 7 8 11 2 1 
716,3.65158e-06,4.30728e-06,3.1758e-06,50,100,100,232164,10 4 3 0 6 9 5 7 8 11 2 1 
717,3.65027e-06,4.30728e-06,2.97466e-06,50,100,100,232164,10 4 3 0 6 9 5 7 8 11 2 1 
718,3.6573e-06,4.30728e-06,3.09975e-06,50,100,100,232164,10 4 3 0 6 9 5 7 8 11 2 1 
719,3.65533e-06,4.30728e-06,3.09648e-06,50,100,100,232164,10 4 3 0 6 9 5 7 8 11 2 1 
720,3.6317e-06,4.30728e-06,3.17629e-06,50,100,100,232164,10 4 3 0 6 9 5 7 8 11 2 1 
721,3.64454e-06,4.30728e-06,3.1245e-06,50,100,100,232164,10 4 3 0 6 9 5 7 8 11 2 1 
722,3.59956e-06,4.30728e-06,3.0487e-06,50,100,100,232164,10 4 3 0 6 9 5 7 8 11 2 1 
723,3.61747e-06,4.30728e-06,3.05425e-06,50,100,100,232164,10 4 3 0 6 9 5 7 8 11 2 1 
724,3.63729e-06,4.30728e-06,3.0976e-06,50,100,100,232164,10 4 3 0 6 9 5 7 8 11 2 1 
725,3.59075e-06,4.30728e-06,3.09988e-06,50,100,100,232164,10 4 3 0 6 9 5 7 8 11 2 1 
726,3.64281e-06,4.30728e-06,3.09815e-06,50,100,100,232164,10 4 3 0 6 9 5 7 8 11 2 1 
727,3.62405e-06,4.30728e-06,3.05324e-06,50,100,100,232164,10 4 3 0 6 9 5 7 8 11 2 1 
728,3.5976e-06,4.30728e-06,3.06171e-06,50,100,100,232164,10 4 3 0 6 9 5 7 8 11 2 1 
729,3.54074e-06,4.30728e-06,3.05324e-06,50,100,100,232164,10 4 3 0 6 9 5 7 8 11 2 1 
730,3.56699e-06,4.30728e-06,3.00559e-06,50,100,100,232164,10 4 3 0 6 9 5 7 8 11 2 1 
731,3.55924e-06,4.30728e-06,2.98956e-06,50,100,100,232164,10 4 3 0 6 9 5 7 8 11 2 1 
732,3.61342e-06,4.30728e-06,3.11456e-06,50,100,100,232164,10 4 3 0 6 9 5 7 8 11 2 1 
733,3.58704e-06,4.30728e-06,2.96858e-06,50,100,100,232164,10 4 3 0 6 9 5 7 8 11 2 1 
734,3.62105e-06,4.30728e-06,3.07733e-06,50,100,100,232164,10 4 3 0 6 9 5 7 8 11 2 1 
735,3.60497e-06,4.30728e-06,3.1051e-06,50,100,100,232164,10 4 3 0 6 9 5 7 8 11 2 1 
736,3.5738e-06,4.30728e-06,3.06409e-06,50,100,100,232164,10 4 3 0 6 9 5 7 8 11 2 1 
737,3.625e-06,4.30728e-06,3.10491e-06,50,100,100,232164,10 4 3 0 6 9 5 7 8 11 2 1 
738,3.59471e-06,4.30728e-06,3.04831e-06,50,100,100,232164,10 4 3 0 6 9 5 7 8 11 2 1 
739,3.60212e-06,4.30728e-06,3.0546e-06,50,100,100,232164,10 4 3 0 6 9 5 7 8 11 2 1 
740,3.605e-06,4.30728e-06,3.05238e-06,50,100,100,232164,10 4 3 0 6 9 5 7 8 11 2 1 
741,3.59456e-06,4.30728e-06,3.03138e-06,50,100,100,232164,10 4 3 0 6 9 5 7 8 11 2 1 
742,3.58141e-06,4.30728e-06,3.1051e-06,50,100,100,232164,10 4 3 0 6 9 5 7 8 11 2 1 
743,3.60801e-06,4.30728e-06,3.09223e-06,50,100,100,232164,10 4 3 0 6 9 5 7 8 11 2 1 
744,3.60823e-06,4.30728e-06,3.02668e-06,50,100,100,232164,10 4 3 0 6 9 5 7 8 11 2 1 
745,3.63667e-06,4.30728e-06,3.08864e-06,50,100,100,232164,10 4 3 0 6 9 5 7 8 11 2 1 
746,3.68919e-06,4.30728e-06,3.20257e-06,50,100,100,232164,10 4 3 0 6 9 5 7 8 11 2 1 
747,3.63054e-06,4.30728e-06,3.14682e-06,50,100,100,232164,10 4 3 0 6 9 5 7 8 11 2 1 
748,3.62303e-06,4.30728e-06,3.05425e-06,50,100,100,232164,10 4 3 0 6 9 5 7 8 11 2 1 
749,3.66281e-06,4.30728e-06,3.16866e-06,50,100,100,232164,10 4 3 0 6 9 5 7 8 11 2 1 
750,3.60186e-06,4.30728e-06,3.05173e-06,50,100,100,232164,10 4 3 0 6 9 5 7 8 11 2 1 
751,3.64151e-06,4.30728e-06,3.11582e-06,50,100,100,232164,10 4 3 0 6 9 5 7 8 11 2 1 
752,3.69188e-06,4.30728e-06,3.08213e-06,50,100,100,232164,10 4 3 0 6 9 5 7 8 11 2 1 
753,3.65549e-06,4.30728e-06,3.11043e-06,50,100,100,232164,10 4 3 0 6 9 5 7 8 11 2 1 
754,3.60117e-06,4.30728e-06,3.02769e-06,50,100,100,232164,10 4 3 0 6 9 5 7 8 11 2 1 
755,3.63938e-06,4.30728e-06,3.04356e-06,50,100,100,232164,10 4 3 0 6 9 5 7 8 11 2 1 
756,3.63538e-06,4.30728e-06,3.03469e-06,50,100,100,232164,10 4 3 0 6 9 5 7 8 11 2 1 
757,3.65757e-06,4.30728e-06,3.05748e-06,50,100,100,232164,10 4 3 0 6 9 5 7 8 11 2 1 
758,3.63897e-06,4.30728e-06,3.08622e-06,50,100,100,232164,10 4 3 0 6 9 5 7 8 11 2 1 
759,3.61527e-06,4.30728e-06,3.06652e-06,50,100,100,232164,10 4 3 0 6 9 5 7 8 11 2 1 
760,3.63622e-06,4.30728e-06,3.17139e-06,50,100,100,232164,10 4 3 0 6 9 5 7 8 11 2 1 
761,3.59822e-06,4.30728e-06,3.10069e-06,50,100,100,232164,10 4 3 0 6 9 5 7 8 11 2 1 
762,3.62171e-06,4.30728e-06,3.06618e-06,50,100,100,232164,10 4 3 0 6 9 5 7 8 11 2 1 
763,3.57685e-06,4.30728e-06,3.09721e-06,50,100,100,232164,10 4 3 0 6 9 5 7 8 11 2 1 
764,3.61803e-06,4.30728e-06,3.13206e-06,50,100,100,232164,10 4 3 0 6 9 5 7 8 11 2 1 
765,3.64297e-06,4.30728e-06,3.12167e-06,50,100,100,232164,10 4 3 0 6 9 5 7 8 11 2 1 
766,3.66201e-06,4.30728e-06,3.12314e-06,50,100,100,232164,10 4 3 0 6 9 5 7 8 11 2 1 
767,3.61806e-06,4.30728e-06,3.0684e-06,50,100,100,232164,10 4 3 0 6 9 5 7 8 11 2 1 
768,3.60059e-06,4.30728e-06,3.11043e-06,50,100,100,232164,10 4 3 0 6 9 5 7 8 11 2 1 
769,3.66778e-06,4.30728e-06,3.08437e-06,50,100,100,232164,10 4 3 0 6 9 5 7 8 11 2 1 
770,3.65118e-06,4.30728e-06,3.10155e-06,50,100,100,232164,10 4 3 0 6 9 5 7 8 11 2 1 
771,3.67996e-06,4.30728e-06,3.2166e-06,50,100,100,232164,10 4 3 0 6 9 5 7 8 11 2 1 
772,3.65069e-06,4.30728e-06,3.0336e-06,50,100,100,232164,10 4 3 0 6 9 5 7 8 11 2 1 
773,3.63191e-06,4.30728e-06,3.06588e-06,50,100,100,232164,10 4 3 0 6 9 5 7 8 11 2 1 
774,3.66978e-06,4.30728e-06,3.04385e-06,50,100,100,232164,10 4 3 0 6 9 5 7 8 11 2 1 
775,3.66324e-06,4.30728e-06,2.97466e-06,50,100,100,232164,10 4 3 0 6 9 5 7 8 11 2 1 
776,3.69998e-06,4.30728e-06,3.1159e-06,50,100,100,232164,10 4 3 0 6 9 5 7 8 11 2 1 
777,3.73378e-06,4.30728e-06,3.0486e-06,50,100,100,232164,10 4 3 0 6 9 5 7 8 11 2 1 
778,3.72657e-06,4.30728e-06,3.06497e-06,50,100,100,232164,10 4 3 0 6 9 5 7 8 11 2 1 
779,3.68073e-06,4.30728e-06,3.07292e-06,50,100,100,232164,10 4 3 0 6 9 5 7 8 11 2 1 
780,3.6833e-06,4.30728e-06,3.05998e-06,50,100,100,232164,10 4 3 0 6 9 5 7 8 11 2 1 
781,3.66503e-06,4.30728e-06,3.00051e-06,50,100,100,232164,10 4 3 0 6 9 5 7 8 11 2 1 
782,3.71053e-06,4.30728e-06,3.06996e-06,50,100,100,232164,10 4 3 0 6 9 5 7 8 11 2 1 
783,3.70194e-06,4.30728e-06,3.16573e-06,50,100,100,232164,10 4 3 0 6 9 5 7 8 11 2 1 
784,3.67165e-06,4.30728e-06,3.10697e-06,50,100,100,232164,10 4 3 0 6 9 5 7 8 11 2 1 
785,3.65999e-06,4.30728e-06,3.07306e-06,50,100,100,232164,10 4 3 0 6 9 5 7 8 11 2 1 
786,3.65298e-06,4.30728e-06,3.11396e-06,50,100,100,232164,10 4 3 0 6 9 5 7 8 11 2 1 
787,3.70124e-06,4.30728e-06,3.11204e-06,50,100,100,232164,10 4 3 0 6 9 5 7 8 11 2 1 
788,3.69546e-06,4.30728e-06,3.14405e-06,50,100,100,232164,10 4 3 0 6 9 5 7 8 11 2 1 
789,3.72606e-06,4.30728e-06,3.06191e-06,50,100,100,232164,10 4 3 0 6 9 5 7 8 11 2 1 
790,3.71106e-06,4.30728e-06,3.15049e-06,50,100,100,232164,10 4 3 0 6 9 5 7 8 11 2 1 
791,3.66243e-06,4.30728e-06,3.11759e-06,50,100,100,232164,10 4 3 0 6 9 5 7 8 11 2 1 
792,3.68414e-06,4.30728e-06,3.07616e-06,50,100,100,232164,10 4 3 0 6 9 5 7 8 11 2 1 
793,3.69468e-06,4.30728e-06,3.09482e-06,50,100,100,232164,10 4 3 0 6 9 5 7 8 11 2 1 
794,3.6743e-06,4.30728e-06,3.04411e-06,50,100,100,232164,10 4 3 0 6 9 5 7 8 11 2 1 
795,3.63432e-06,4.30728e-06,3.02034e-06,50,100,100,232164,10 4 3 0 6 9 5 7 8 11 2 1 
796,3.62212e-06,4.30728e-06,3.07032e-06,50,100,100,232164,10 4 3 0 6 9 5 7 8 11 2 1 
797,3.62378e-06,4.30728e-06,3.04472e-06,50,100,100,232164,10 4 3 0 6 9 5 7 8 11 2 1 
798,3.63793e-06,4.30728e-06,3.10639e-06,50,100,100,232164,10 4 3 0 6 9 5 7 8 11 2 1 
799,3.64961e-06,4.30728e-06,2.97579e-06,50,100,100,232164,10 4 3 0 6 9 5 7 8 11 2 1 
800,3.57188e-06,4.30728e-06,2.98088e-06,50,100,100,232164,10 4 3 0 6 9 5 7 8 11 2 1 
801,3.59382e-06,4.30728e-06,3.09216e-06,50,100,100,232164,10 4 3 0 6 9 5 7 8 11 2 1 
802,3.57631e-06,4.30728e-06,3.04699e-06,50,100,100,232164,10 4 3 0 6 9 5 7 8 11 2 1 
803,3.59145e-06,4.30728e-06,3.0613e-06,50,100,100,232164,10 4 3 0 6 9 5 7 8 11 2 1 
804,3.58631e-06,4.30728e-06,3.05595e-06,50,100,100,232164,10 4 3 0 6 9 5 7 8 11 2 1 
805,3.54868e-06,4.30728e-06,3.07206e-06,50,100,100,232164,10 4 3 0 6 9 5 7 8 11 2 1 
806,3.58086e-06,4.30728e-06,2.9939e-06,50,100,100,232164,10 4 3 0 6 9 5 7 8 11 2 1 
807,3.63355e-06,4.30728e-06,3.03902e-06,50,100,100,232164,10 4 3 0 6 9 5 7 8 11 2 1 
808,3.67617e-06,4.30728e-06,3.18116e-06,50,100,100,232164,10 4 3 0 6 9 5 7 8 11 2 1 
809,3.63507e-06,4.30728e-06,3.03276e-06,50,100,100,232164,10 4 3 0 6 9 5 7 8 11 2 1 
810,3.61448e-06,4.30728e-06,2.96134e-06,50,100,100,232164,10 4 3 0 6 9 5 7 8 11 2 1 
811,3.61041e-06,4.30728e-06,3.05466e-06,50,100,100,232164,10 4 3 0 6 9 5 7 8 11 2 1 
812,3.61568e-06,4.30728e-06,2.98763e-06,50,100,100,232164,10 4 3 0 6 9 5 7 8 11 2 1 
813,3.63167e-06,4.30728e-06,3.05425e-06,50,100,100,232164,10 4 3 0 6 9 5 7 8 11 2 1 
814,3.59393e-06,4.30728e-06,3.05589e-06,50,100,100,232164,10 4 3 0 6 9 5 7 8 11 2 1 
815,3.59786e-06,4.30728e-06,3.06282e-06,50,100,100,232164,10 4 3 0 6 9 5 7 8 11 2 1 
816,3.58246e-06,4.30728e-06,3.10875e-06,50,100,100,232164,10 4 3 0 6 9 5 7 8 11 2 1 
817,3.5966e-06,4.30728e-06,3.03624e-06,50,100,100,232164,10 4 3 0 6 9 5 7 8 11 2 1 
818,3.66151e-06,4.30728e-06,3.12685e-06,50,100,100,232164,10 4 3 0 6 9 5 7 8 11 2 1 
819,3.65323e-06,4.30728e-06,3.04595e-06,50,100,100,232164,10 4 3 0 6 9 5 7 8 11 2 1 
820,3.68045e-06,4.30728e-06,3.10606e-06,50,100,100,232164,10 4 3 0 6 9 5 7 8 11 2 1 
821,3.70751e-06,4.30728e-06,3.10755e-06,50,100,100,232164,10 4 3 0 6 9 5 7 8 11 2 1 
822,3.7157e-06,4.30728e-06,3.05425e-06,50,100,100,232164,10 4 3 0 6 9 5 7 8 11 2 1 
823,3.67328e-06,4.30728e-06,3.03624e-06,50,100,100,232164,10 4 3 0 6 9 5 7 8 11 2 1 
824,3.66498e-06,4.30728e-06,3.04365e-06,50,100,100,232164,10 4 3 0 6 9 5 7 8 11 2 1 
825,3.6682e-06,4.30728e-06,3.13263e-06,50,100,100,232164,10 4 3 0 6 9 5 7 8 11 2 1 
826,3.6377e-06,4.30728e-06,3.03784e-06,50,100,100,232164,10 4 3 0 6 9 5 7 8 11 2 1 
827,3.62493e-06,4.30728e-06,3.06684e-06,50,100,100,232164,10 4 3 0 6 9 5 7 8 11 2 1 
828,3.60228e-06,4.30728e-06,2.98362e-06,50,100,100,232164,10 4 3 0 6 9 5 7 8 11 2 1 
829,3.58584e-06,4.30728e-06,3.04211e-06,50,100,100,232164,10 4 3 0 6 9 5 7 8 11 2 1 
830,3.59675e-06,4.30728e-06,2.98928e-06,50,100,100,232164,10 4 3 0 6 9 5 7 8 11 2 1 
831,3.58783e-06,4.30728e-06,3.11043e-06,50,100,100,232164,10 4 3 0 6 9 5 7 8 11 2 1 
832,3.65548e-06,4.30728e-06,3.01968e-06,50,100,100,232164,10 4 3 0 6 9 5 7 8 11 2 1 
833,3.63452e-06,4.30728e-06,3.10296e-06,50,100,100,232164,10 4 3 0 6 9 5 7 8 11 2 1 
834,3.62308e-06,4.30728e-06,3.1145e-06,50,100,100,232164,10 4 3 0 6 9 5 7 8 11 2 1 
835,3.5957e-06,4.30728e-06,3.03487e-06,50,100,100,232164,10 4 3 0 6 9 5 7 8 11 2 1 
836,3.61155e-06,4.30728e-06,3.04838e-06,50,100,100,232164,10 4 3 0 6 9 5 7 8 11 2 1 
837,3.57839e-06,4.30728e-06,3.07959e-06,50,100,100,232164,10 4 3 0 6 9 5 7 8 11 2 1 
838,3.59944e-06,4.30728e-06,3.07292e-06,50,100,100,232164,10 4 3 0 6 9 5 7 8 11 2 1 
839,3.60278e-06,4.30728e-06,2.97861e-06,50,100,100,232164,10 4 3 0 6 9 5 7 8 11 2 1 
840,3.62156e-06,4.30728e-06,3.04463e-06,50,100,100,232164,10 4 3 0 6 9 5 7 8 11 2 1 
841,3.61654e-06,4.30728e-06,3.0729e-06,50,100,100,232164,10 4 3 0 6 9 5 7 8 11 2 1 
842,3.67089e-06,4.30728e-06,3.04352e-06,50,100,100,232164,10 4 3 0 6 9 5 7 8 11 2 1 
843,3.62314e-06,4.30728e-06,3.01966e-06,50,100,100,232164,10 4 3 0 6 9 5 7 8 11 2 1 
844,3.63349e-06,4.30728e-06,3.06627e-06,50,100,100,232164,10 4 3 0 6 9 5 7 8 11 2 1 
845,3.64422e-06,4.30728e-06,3.02833e-06,50,100,100,232164,10 4 3 0 6 9 5 7 8 11 2 1 
846,3.62692e-06,4.30728e-06,3.01802e-06,50,100,100,232164,10 4 3 0 6 9 5 7 8 11 2 1 
847,3.60584e-06,4.30728e-06,3.05046e-06,50,100,100,232164,10 4 3 0 6 9 5 7 8 11 2 1 
848,3.63598e-06,4.30728e-06,3.06522e-06,50,100,100,232164,10 4 3 0 6 9 5 7 8 11 2 1 
849,3.62755e-06,4.30728e-06,3.09698e-06,50,100,100,232164,10 4 3 0 6 9 5 7 8 11 2 1 
850,3.57655e-06,4.30728e-06,2.97905e-06,50,100,100,232164,10 4 3 0 6 9 5 7 8 11 2 1 
851,3.63197e-06,4.30728e-06,3.02897e-06,50,100,100,232164,10 4 3 0 6 9 5 7 8 11 2 1 
852,3.6605e-06,4.30728e-06,3.02655e-06,50,100,100,232164,10 4 3 0 6 9 5 7 8 11 2 1 
853,3.64095e-06,4.30728e-06,3.05324e-06,50,100,100,232164,10 4 3 0 6 9 5 7 8 11 2 1 
854,3.62467e-06,4.30728e-06,3.10464e-06,50,100,100,232164,10 4 3 0 6 9 5 7 8 11 2 1 
855,3.60374e-06,4.30728e-06,3.0134e-06,50,100,100,232164,10 4 3 0 6 9 5 7 8 11 2 1 
856,3.65461e-06,4.30728e-06,3.17821e-06,50,100,100,232164,10 4 3 0 6 9 5 7 8 11 2 1 
857,3.62756e-06,4.30728e-06,3.05686e-06,50,100,100,232164,10 4 3 0 6 9 5 7 8 11 2 1 
858,3.62187e-06,4.30728e-06,3.01973e-06,50,100,100,232164,10 4 3 0 6 9 5 7 8 11 2 1 
859,3.6696e-06,4.30728e-06,3.1051e-06,50,100,100,232164,10 4 3 0 6 9 5 7 8 11 2 1 
860,3.64801e-06,4.30728e-06,3.08479e-06,50,100,100,232164,10 4 3 0 6 9 5 7 8 11 2 1 
861,3.691e-06,4.30728e-06,2.96987e-06,50,100,100,232164,10 4 3 0 6 9 5 7 8 11 2 1 
862,3.66548e-06,4.30728e-06,3.09086e-06,50,100,100,232164,10 4 3 0 6 9 5 7 8 11 2 1 
863,3.69449e-06,4.30728e-06,3.17841e-06,50,100,100,232164,10 4 3 0 6 9 5 7 8 11 2 1 
864,3.66799e-06,4.30728e-06,3.05516e-06,50,100,100,232164,10 4 3 0 6 9 5 7 8 11 2 1 
865,3.67405e-06,4.30728e-06,3.13923e-06,50,100,100,232164,10 4 3 0 6 9 5 7 8 11 2 1 
866,3.69963e-06,4.30728e-06,3.16343e-06,50,100,100,232164,10 4 3 0 6 9 5 7 8 11 2 1 
867,3.69393e-06,4.30728e-06,3.13538e-06,50,100,100,232164,10 4 3 0 6 9 5 7 8 11 2 1 
868,3.68986e-06,4.30728e-06,3.14827e-06,50,100,100,232164,10 4 3 0 6 9 5 7 8 11 2 1 
869,3.67359e-06,4.30728e-06,3.06721e-06,50,100,100,232164,10 4 3 0 6 9 5 7 8 11 2 1 
870,3.57675e-06,4.30728e-06,3.01802e-06,50,100,100,232164,10 4 3 0 6 9 5 7 8 11 2 1 
871,3.60541e-06,4.30728e-06,3.04907e-06,50,100,100,232164,10 4 3 0 6 9 5 7 8 11 2 1 
872,3.61794e-06,4.30728e-06,3.08832e-06,50,100,100,232164,10 4 3 0 6 9 5 7 8 11 2 1 
873,3.65178e-06,4.30728e-06,3.12132e-06,50,100,100,232164,10 4 3 0 6 9 5 7 8 11 2 1 
874,3.62705e-06,4.30728e-06,3.02359e-06,50,100,100,232164,10 4 3 0 6 9 5 7 8 11 2 1 
875,3.64446e-06,4.30728e-06,3.0942e-06,50,100,100,232164,10 4 3 0 6 9 5 7 8 11 2 1 
876,3.69839e-06,4.30728e-06,3.1375e-06,50,100,100,232164,10 4 3 0 6 9 5 7 8 11 2 1 
877,3.67233e-06,4.30728e-06,3.02943e-06,50,100,100,232164,10 4 3 0 6 9 5 7 8 11 2 1 
878,3.5986e-06,4.30728e-06,3.06672e-06,50,100,100,232164,10 4 3 0 6 9 5 7 8 11 2 1 
879,3.634e-06,4.30728e-06,3.13693e-06,50,100,100,232164,10 4 3 0 6 9 5 7 8 11 2 1 
880,3.60484e-06,4.30728e-06,3.01802e-06,50,100,100,232164,10 4 3 0 6 9 5 7 8 11 2 1 
881,3.56266e-06,4.30728e-06,3.05026e-06,50,100,100,232164,10 4 3 0 6 9 5 7 8 11 2 1 
882,3.54468e-06,4.30728e-06,3.0486e-06,50,100,100,232164,10 4 3 0 6 9 5 7 8 11 2 1 
883,3.61194e-06,4.30728e-06,3.10034e-06,50,100,100,232164,10 4 3 0 6 9 5 7 8 11 2 1 
884,3.62927e-06,4.30728e-06,3.05324e-06,50,100,100,232164,10 4 3 0 6 9 5 7 8 11 2 1 
885,3.61157e-06,4.30728e-06,3.05987e-06,50,100,100,232164,10 4 3 0 6 9 5 7 8 11 2 1 
886,3.62828e-06,4.30728e-06,3.17427e-06,50,100,100,232164,10 4 3 0 6 9 5 7 8 11 2 1 
887,3.61262e-06,4.30728e-06,3.05337e-06,50,100,100,232164,10 4 3 0 6 9 5 7 8 11 2 1 
888,3.62591e-06,4.30728e-06,3.13658e-06,50,100,100,232164,10 4 3 0 6 9 5 7 8 11 2 1 
889,3.63738e-06,4.30728e-06,3.0862e-06,50,100,100,232164,10 4 3 0 6 9 5 7 8 11 2 1 
890,3.6147e-06,4.30728e-06,3.06272e-06,50,100,100,232164,10 4 3 0 6 9 5 7 8 11 2 1 
891,3.59686e-06,4.30728e-06,3.13742e-06,50,100,100,232164,10 4 3 0 6 9 5 7 8 11 2 1 
892,3.61294e-06,4.30728e-06,3.13428e-06,50,100,100,232164,10 4 3 0 6 9 5 7 8 11 2 1 
893,3.60412e-06,4.30728e-06,3.09482e-06,50,100,100,232164,10 4 3 0 6 9 5 7 8 11 2 1 
894,3.59707e-06,4.30728e-06,3.05425e-06,50,100,100,232164,10 4 3 0 6 9 5 7 8 11 2 1 
895,3.60831e-06,4.30728e-06,3.09763e-06,50,100,100,232164,10 4 3 0 6 9 5 7 8 11 2 1 
896,3.60418e-06,4.30728e-06,3.09923e-06,50,100,100,232164,10 4 3 0 6 9 5 7 8 11 2 1 
897,3.62954e-06,4.30728e-06,3.09579e-06,50,100,100,232164,10 4 3 0 6 9 5 7 8 11 2 1 
898,3.63413e-06,4.30728e-06,3.13768e-06,50,100,100,232164,10 4 3 0 6 9 5 7 8 11 2 1 
899,3.58173e-06,4.30728e-06,3.07292e-06,50,100,100,232164,10 4 3 0 6 9 5 7 8 11 2 1 
900,3.58235e-06,4.30728e-06,3.07385e-06,50,100,100,232164,10 4 3 0 6 9 5 7 8 11 2 1 
901,3.61751e-06,4.30728e-06,3.03092e-06,50,100,100,232164,10 4 3 0 6 9 5 7 8 11 2 1 
902,3.60578e-06,4.30728e-06,3.07273e-06,50,100,100,232164,10 4 3 0 6 9 5 7 8 11 2 1 
903,3.64226e-06,4.30728e-06,3.07877e-06,50,100,100,232164,10 4 3 0 6 9 5 7 8 11 2 1 
904,3.63894e-06,4.30728e-06,3.07321e-06,50,100,100,232164,10 4 3 0 6 9 5 7 8 11 2 1 
905,3.62969e-06,4.30728e-06,3.01802e-06,50,100,100,232164,10 4 3 0 6 9 5 7 8 11 2 1 
906,3.67097e-06,4.30728e-06,3.12569e-06,50,100,100,232164,10 4 3 0 6 9 5 7 8 11 2 1 
907,3.60673e-06,4.30728e-06,3.02943e-06,50,100,100,232164,10 4 3 0 6 9 5 7 8 11 2 1 
908,3.61192e-06,4.30728e-06,3.06308e-06,50,100,100,232164,10 4 3 0 6 9 5 7 8 11 2 1 
909,3.58471e-06,4.30728e-06,2.99731e-06,50,100,100,232164,10 4 3 0 6 9 5 7 8 11 2 1 
910,3.60113e-06,4.30728e-06,3.15749e-06,50,100,100,232164,10 4 3 0 6 9 5 7 8 11 2 1 
911,3.63197e-06,4.30728e-06,3.08388e-06,50,100,100,232164,10 4 3 0 6 9 5 7 8 11 2 1 
912,3.59986e-06,4.30728e-06,3.05026e-06,50,100,100,232164,10 4 3 0 6 9 5 7 8 11 2 1 
913,3.63668e-06,4.30728e-06,3.08143e-06,50,100,100,232164,10 4 3 0 6 9 5 7 8 11 2 1 
914,3.63102e-06,4.30728e-06,3.17109e-06,50,100,100,232164,10 4 3 0 6 9 5 7 8 11 2 1 
915,3.59676e-06,4.30728e-06,3.11815e-06,50,100,100,232164,10 4 3 0 6 9 5 7 8 11 2 1 
916,3.60079e-06,4.30728e-06,2.95847e-06,50,100,100,232164,10 4 3 0 6 9 5 7 8 11 2 1 
917,3.62167e-06,4.30728e-06,3.05516e-06,50,100,100,232164,10 4 3 0 6 9 5 7 8 11 2 1 
918,3.58011e-06,4.30728e-06,3.08862e-06,50,100,100,232164,10 4 3 0 6 9 5 7 8 11 2 1 
919,3.63539e-06,4.30728e-06,3.08567e-06,50,100,100,232164,10 4 3 0 6 9 5 7 8 11 2 1 
920,3.6571e-06,4.30728e-06,3.0862e-06,50,100,100,232164,10 4 3 0 6 9 5 7 8 11 2 1 
921,3.6322e-06,4.30728e-06,3.07309e-06,50,100,100,232164,10 4 3 0 6 9 5 7 8 11 2 1 
922,3.68465e-06,4.30728e-06,3.07496e-06,50,100,100,232164,10 4 3 0 6 9 5 7 8 11 2 1 
923,3.69646e-06,4.30728e-06,3.08864e-06,50,100,100,232164,10 4 3 0 6 9 5 7 8 11 2 1 
924,3.70178e-06,4.30728e-06,3.10606e-06,50,100,100,232164,10 4 3 0 6 9 5 7 8 11 2 1 
925,3.68055e-06,4.30728e-06,3.09794e-06,50,100,100,232164,10 4 3 0 6 9 5 7 8 11 2 1 
926,3.71452e-06,4.30728e-06,3.19731e-06,50,100,100,232164,10 4 3 0 6 9 5 7 8 11 2 1 
927,3.68055e-06,4.30728e-06,3.05302e-06,50,100,100,232164,10 4 3 0 6 9 5 7 8 11 2 1 
928,3.61201e-06,4.30728e-06,3.08154e-06,50,100,100,232164,10 4 3 0 6 9 5 7 8 11 2 1 
929,3.63398e-06,4.30728e-06,3.1126e-06,50,100,100,232164,10 4 3 0 6 9 5 7 8 11 2 1 
930,3.59202e-06,4.30728e-06,3.15592e-06,50,100,100,232164,10 4 3 0 6 9 5 7 8 11 2 1 
931,3.57477e-06,4.30728e-06,3.12513e-06,50,100,100,232164,10 4 3 0 6 9 5 7 8 11 2 1 
932,3.56301e-06,4.30728e-06,3.01811e-06,50,100,100,232164,10 4 3 0 6 9 5 7 8 11 2 1 
933,3.6089e-06,4.30728e-06,3.08437e-06,50,100,100,232164,10 4 3 0 6 9 5 7 8 11 2 1 
934,3.66978e-06,4.30728e-06,3.08055e-06,50,100,100,232164,10 4 3 0 6 9 5 7 8 11 2 1 
935,3.64993e-06,4.30728e-06,3.1044e-06,50,100,100,232164,10 4 3 0 6 9 5 7 8 11 2 1 
936,3.61127e-06,4.30728e-06,3.04907e-06,50,100,100,232164,10 4 3 0 6 9 5 7 8 11 2 1 
937,3.62253e-06,4.30728e-06,3.03382e-06,50,100,100,232164,10 4 3 0 6 9 5 7 8 11 2 1 
938,3.59611e-06,4.30728e-06,3.02547e-06,50,100,100,232164,10 4 3 0 6 9 5 7 8 11 2 1 
939,3.60307e-06,4.30728e-06,3.12908e-06,50,100,100,232164,10 4 3 0 6 9 5 7 8 11 2 1 
940,3.56269e-06,4.30728e-06,3.08593e-06,50,100,100,232164,10 4 3 0 6 9 5 7 8 11 2 1 
941,3.60449e-06,4.30728e-06,3.03784e-06,50,100,100,232164,10 4 3 0 6 9 5 7 8 11 2 1 
942,3.66301e-06,4.30728e-06,3.08973e-06,50,100,100,232164,10 4 3 0 6 9 5 7 8 11 2 1 
943,3.60533e-06,4.30728e-06,2.98949e-06,50,100,100,232164,10 4 3 0 6 9 5 7 8 11 2 1 
944,3.61172e-06,4.30728e-06,3.17379e-06,50,100,100,232164,10 4 3 0 6 9 5 7 8 11 2 1 
945,3.60686e-06,4.30728e-06,3.10386e-06,50,100,100,232164,10 4 3 0 6 9 5 7 8 11 2 1 
946,3.57839e-06,4.30728e-06,3.00568e-06,50,100,100,232164,10 4 3 0 6 9 5 7 8 11 2 1 
947,3.64784e-06,4.30728e-06,3.09526e-06,50,100,100,232164,10 4 3 0 6 9 5 7 8 11 2 1 
948,3.57847e-06,4.30728e-06,3.07705e-06,50,100,100,232164,10 4 3 0 6 9 5 7 8 11 2 1 
949,3.56359e-06,4.30728e-06,3.05376e-06,50,100,100,232164,10 4 3 0 6 9 5 7 8 11 2 1 
950,3.54737e-06,4.30728e-06,3.04749e-06,50,100,100,232164,10 4 3 0 6 9 5 7 8 11 2 1 
951,3.59662e-06,4.30728e-06,3.0336e-06,50,100,100,232164,10 4 3 0 6 9 5 7 8 11 2 1 
952,3.61293e-06,4.30728e-06,3.13082e-06,50,100,100,232164,10 4 3 0 6 9 5 7 8 11 2 1 
953,3.61707e-06,4.30728e-06,3.02655e-06,50,100,100,232164,10 4 3 0 6 9 5 7 8 11 2 1 
954,3.60774e-06,4.30728e-06,3.14081e-06,50,100,100,232164,10 4 3 0 6 9 5 7 8 11 2 1 
955,3.60595e-06,4.30728e-06,2.99731e-06,50,100,100,232164,10 4 3 0 6 9 5 7 8 11 2 1 
956,3.65015e-06,4.30728e-06,3.09932e-06,50,100,100,232164,10 4 3 0 6 9 5 7 8 11 2 1 
957,3.66425e-06,4.30728e-06,3.06282e-06,50,100,100,232164,10 4 3 0 6 9 5 7 8 11 2 1 
958,3.67382e-06,4.30728e-06,3.08862e-06,50,100,100,232164,10 4 3 0 6 9 5 7 8 11 2 1 
959,3.67164e-06,4.30728e-06,3.04034e-06,50,100,100,232164,10 4 3 0 6 9 5 7 8 11 2 1 
960,3.69013e-06,4.30728e-06,2.99731e-06,50,100,100,232164,10 4 3 0 6 9 5 7 8 11 2 1 
961,3.66674e-06,4.30728e-06,3.14658e-06,50,100,100,232164,10 4 3 0 6 9 5 7 8 11 2 1 
962,3.62429e-06,4.30728e-06,3.00628e-06,50,100,100,232164,10 4 3 0 6 9 5 7 8 11 2 1 
963,3.64652e-06,4.30728e-06,3.07321e-06,50,100,100,232164,10 4 3 0 6 9 5 7 8 11 2 1 
964,3.67243e-06,4.30728e-06,3.07502e-06,50,100,100,232164,10 4 3 0 6 9 5 7 8 11 2 1 
965,3.5891e-06,4.30728e-06,3.05218e-06,50,100,100,232164,10 4 3 0 6 9 5 7 8 11 2 1 
966,3.59971e-06,4.30728e-06,3.00633e-06,50,100,100,232164,10 4 3 0 6 9 5 7 8 11 2 1 
967,3.64029e-06,4.30728e-06,3.1263e-06,50,100,100,232164,10 4 3 0 6 9 5 7 8 11 2 1 
968,3.67797e-06,4.30728e-06,3.08942e-06,50,100,100,232164,10 4 3 0 6 9 5 7 8 11 2 1 
969,3.74992e-06,4.30728e-06,3.18083e-06,50,100,100,232164,10 4 3 0 6 9 5 7 8 11 2 1 
970,3.68397e-06,4.30728e-06,3.08862e-06,50,100,100,232164,10 4 3 0 6 9 5 7 8 11 2 1 
971,3.64874e-06,4.30728e-06,3.0993e-06,50,100,100,232164,10 4 3 0 6 9 5 7 8 11 2 1 
972,3.62872e-06,4.30728e-06,3.0417e-06,50,100,100,232164,10 4 3 0 6 9 5 7 8 11 2 1 
973,3.64037e-06,4.30728e-06,3.07843e-06,50,100,100,232164,10 4 3 0 6 9 5 7 8 11 2 1 
974,3.60702e-06,4.30728e-06,3.06182e-06,50,100,100,232164,10 4 3 0 6 9 5 7 8 11 2 1 
975,3.57363e-06,4.30728e-06,3.01282e-06,50,100,100,232164,10 4 3 0 6 9 5 7 8 11 2 1 
976,3.57942e-06,4.30728e-06,3.03438e-06,50,100,100,232164,10 4 3 0 6 9 5 7 8 11 2 1 
977,3.5389e-06,4.30728e-06,3.08441e-06,50,100,100,232164,10 4 3 0 6 9 5 7 8 11 2 1 
978,3.55017e-06,4.30728e-06,3.0652e-06,50,100,100,232164,10 4 3 0 6 9 5 7 8 11 2 1 
979,3.52404e-06,4.30728e-06,3.04259e-06,50,100,100,232164,10 4 3 0 6 9 5 7 8 11 2 1 
980,3.5294e-06,4.30728e-06,3.04189e-06,50,100,100,232164,10 4 3 0 6 9 5 7 8 11 2 1 
981,3.5483e-06,4.30728e-06,3.06543e-06,50,100,100,232164,10 4 3 0 6 9 5 7 8 11 2 1 
982,3.48226e-06,4.30728e-06,3.00556e-06,50,100,100,232164,10 4 3 0 6 9 5 7 8 11 2 1 
983,3.49941e-06,4.30728e-06,3.15582e-06,50,100,100,232164,10 4 3 0 6 9 5 7 8 11 2 1 
984,3.50023e-06,4.30728e-06,3.05738e-06,50,100,100,232164,10 4 3 0 6 9 5 7 8 11 2 1 
985,3.51299e-06,4.30728e-06,3.0903e-06,50,100,100,232164,10 4 3 0 6 9 5 7 8 11 2 1 
986,3.50495e-06,4.30728e-06,3.01556e-06,50,100,100,232164,10 4 3 0 6 9 5 7 8 11 2 1 
987,3.51335e-06,4.30728e-06,3.01569e-06,50,100,100,232164,10 4 3 0 6 9 5 7 8 11 2 1 
988,3.5247e-06,4.30728e-06,3.03674e-06,50,100,100,232164,10 4 3 0 6 9 5 7 8 11 2 1 
989,3.54615e-06,4.30728e-06,3.03745e-06,50,100,100,232164,10 4 3 0 6 9 5 7 8 11 2 1 
990,3.54477e-06,4.30728e-06,3.06334e-06,50,100,100,232164,10 4 3 0 6 9 5 7 8 11 2 1 
991,3.56255e-06,4.30728e-06,3.0184e-06,50,100,100,232164,10 4 3 0 6 9 5 7 8 11 2 1 
992,3.55982e-06,4.30728e-06,3.05028e-06,50,100,100,232164,10 4 3 0 6 9 5 7 8 11 2 1 
993,3.56987e-06,4.30728e-06,3.05669e-06,50,100,100,232164,10 4 3 0 6 9 5 7 8 11 2 1 
994,3.57939e-06,4.30728e-06,3.05518e-06,50,100,100,232164,10 4 3 0 6 9 5 7 8 11 2 1 
995,3.58403e-06,4.30728e-06,3.06749e-06,50,100,100,232164,10 4 3 0 6 9 5 7 8 11 2 1 
996,3.55762e-06,4.30728e-06,3.01258e-06,50,100,100,232164,10 4 3 0 6 9 5 7 8 11 2 1 
997,3.52065e-06,4.30728e-06,3.15226e-06,50,100,100,232164,10 4 3 0 6 9 5 7 8 11 2 1 
998,3.55976e-06,4.30728e-06,3.11363e-06,50,100,100,232164,10 4 3 0 6 9 5 7 8 11 2 1 
999,3.57166e-06,4.30728e-06,2.96721e-06,50,100,100,232164,10 4 3 0 6 9 5 7 8 11 2 1 
