Generación,Media,Mejor,Peor,Cruzas,Mutaciones,Inversiones,Costo,Permutación
1,3.2743e-06,3.6685e-06,2.91083e-06,50,100,100,272590,1 2 4 7 8 9 5 0 10 11 6 3 
2,3.29102e-06,3.6685e-06,2.94925e-06,50,100,100,272590,1 2 4 7 8 9 5 0 10 11 6 3 
3,3.29889e-06,3.77203e-06,2.96152e-06,50,100,100,265108,1 2 4 0 10 9 5 7 3 8 11 6 
4,3.25884e-06,3.77203e-06,2.97118e-06,50,100,100,265108,1 2 4 0 10 9 5 7 3 8 11 6 
5,3.3206e-06,3.77203e-06,2.97829e-06,50,100,100,265108,1 2 4 0 10 9 5 7 3 8 11 6 
6,3.30619e-06,3.77203e-06,3.00011e-06,50,100,100,265108,1 2 4 0 10 9 5 7 3 8 11 6 
7,3.32368e-06,3.85664e-06,2.99874e-06,50,100,100,259292,1 0 3 11 6 4 9 7 8 5 2 10 
8,3.2963e-06,3.85664e-06,2.91973e-06,50,100,100,259292,1 0 3 11 6 4 9 7 8 5 2 10 
9,3.27547e-06,3.85664e-06,2.96123e-06,50,100,100,259292,1 0 3 11 6 4 9 7 8 5 2 10 
10,3.33909e-06,3.85664e-06,2.98352e-06,50,100,100,259292,1 0 3 11 6 4 9 7 8 5 2 10 
11,3.3198e-06,3.85664e-06,2.98341e-06,50,100,100,259292,1 0 3 11 6 4 9 7 8 5 2 10 
12,3.3002e-06,3.85664e-06,3.00677e-06,50,100,100,259292,1 0 3 11 6 4 9 7 8 5 2 10 
13,3.30839e-06,3.90453e-06,2.97317e-06,50,100,100,256112,1 0 3 11 6 4 9 5 8 7 2 10 
14,3.28237e-06,3.90453e-06,2.95305e-06,50,100,100,256112,1 0 3 11 6 4 9 5 8 7 2 10 
15,3.31359e-06,3.94928e-06,2.9657e-06,50,100,100,253210,1 11 3 0 6 4 9 5 8 7 2 10 
16,3.30356e-06,3.94928e-06,2.97222e-06,50,100,100,253210,1 11 3 0 6 4 9 5 8 7 2 10 
17,3.30852e-06,3.94928e-06,2.98599e-06,50,100,100,253210,1 11 3 0 6 4 9 5 8 7 2 10 
18,3.30913e-06,3.94928e-06,3.02765e-06,50,100,100,253210,1 11 3 0 6 4 9 5 8 7 2 10 
19,3.30263e-06,3.94928e-06,2.95343e-06,50,100,100,253210,1 11 3 0 6 4 9 5 8 7 2 10 
20,3.2917e-06,3.94928e-06,3.0061e-06,50,100,100,253210,1 11 3 0 6 4 9 5 8 7 2 10 
21,3.28831e-06,3.94928e-06,2.99948e-06,50,100,100,253210,1 11 3 0 6 4 9 5 8 7 2 10 
22,3.27585e-06,3.94928e-06,2.95101e-06,50,100,100,253210,1 11 3 0 6 4 9 5 8 7 2 10 
23,3.29041e-06,3.94928e-06,2.99347e-06,50,100,100,253210,1 11 3 0 6 4 9 5 8 7 2 10 
24,3.3027e-06,3.94928e-06,2.98154e-06,50,100,100,253210,1 11 3 0 6 4 9 5 8 7 2 10 
25,3.29904e-06,4.0012e-06,3.00836e-06,50,100,100,249924,1 4 7 0 2 9 11 8 3 10 5 6 
26,3.26929e-06,4.0012e-06,2.85474e-06,50,100,100,249924,1 4 7 0 2 9 11 8 3 10 5 6 
27,3.29468e-06,4.0012e-06,2.94266e-06,50,100,100,249924,1 4 7 0 2 9 11 8 3 10 5 6 
28,3.30498e-06,4.0012e-06,2.9559e-06,50,100,100,249924,1 4 7 0 2 9 11 8 3 10 5 6 
29,3.28756e-06,4.0012e-06,2.93024e-06,50,100,100,249924,1 4 7 0 2 9 11 8 3 10 5 6 
30,3.27429e-06,4.0012e-06,2.95696e-06,50,100,100,249924,1 4 7 0 2 9 11 8 3 10 5 6 
31,3.3097e-06,4.0012e-06,2.93742e-06,50,100,100,249924,1 4 7 0 2 9 11 8 3 10 5 6 
32,3.31743e-06,4.0012e-06,3.03716e-06,50,100,100,249924,1 4 7 0 2 9 11 8 3 10 5 6 
33,3.3194e-06,4.0012e-06,3.01565e-06,50,100,100,249924,1 4 7 0 2 9 11 8 3 10 5 6 
34,3.29849e-06,4.0012e-06,2.85945e-06,50,100,100,249924,1 4 7 0 2 9 11 8 3 10 5 6 
35,3.31887e-06,4.0012e-06,2.98665e-06,50,100,100,249924,1 4 7 0 2 9 11 8 3 10 5 6 
36,3.30048e-06,4.0012e-06,2.85239e-06,50,100,100,249924,1 4 7 0 2 9 11 8 3 10 5 6 
37,3.32934e-06,4.0012e-06,2.95563e-06,50,100,100,249924,1 4 7 0 2 9 11 8 3 10 5 6 
38,3.32579e-06,4.0012e-06,2.98599e-06,50,100,100,249924,1 4 7 0 2 9 11 8 3 10 5 6 
39,3.31224e-06,4.0012e-06,3.00153e-06,50,100,100,249924,1 4 7 0 2 9 11 8 3 10 5 6 
40,3.31626e-06,4.0288e-06,2.97052e-06,50,100,100,248212,1 2 7 0 4 9 5 8 6 10 11 3 
41,3.34108e-06,4.0288e-06,3.01524e-06,50,100,100,248212,1 2 7 0 4 9 5 8 6 10 11 3 
42,3.35196e-06,4.0288e-06,2.96857e-06,50,100,100,248212,1 2 7 0 4 9 5 8 6 10 11 3 
43,3.3278e-06,4.0288e-06,2.89809e-06,50,100,100,248212,1 2 7 0 4 9 5 8 6 10 11 3 
44,3.32026e-06,4.0288e-06,2.96139e-06,50,100,100,248212,1 2 7 0 4 9 5 8 6 10 11 3 
45,3.35768e-06,4.0288e-06,2.89008e-06,50,100,100,248212,1 2 7 0 4 9 5 8 6 10 11 3 
46,3.35286e-06,4.0288e-06,2.94041e-06,50,100,100,248212,1 2 7 0 4 9 5 8 6 10 11 3 
47,3.35623e-06,4.0288e-06,2.97546e-06,50,100,100,248212,1 2 7 0 4 9 5 8 6 10 11 3 
48,3.33597e-06,4.0288e-06,2.89774e-06,50,100,100,248212,1 2 7 0 4 9 5 8 6 10 11 3 
49,3.34318e-06,4.0288e-06,2.95652e-06,50,100,100,248212,1 2 7 0 4 9 5 8 6 10 11 3 
50,3.32855e-06,4.0288e-06,2.955e-06,50,100,100,248212,1 2 7 0 4 9 5 8 6 10 11 3 
51,3.34749e-06,4.0288e-06,2.98058e-06,50,100,100,248212,1 2 7 0 4 9 5 8 6 10 11 3 
52,3.3226e-06,4.0288e-06,3.03867e-06,50,100,100,248212,1 2 7 0 4 9 5 8 6 10 11 3 
53,3.30037e-06,4.0288e-06,2.97188e-06,50,100,100,248212,1 2 7 0 4 9 5 8 6 10 11 3 
54,3.31035e-06,4.0288e-06,2.90984e-06,50,100,100,248212,1 2 7 0 4 9 5 8 6 10 11 3 
55,3.30629e-06,4.0288e-06,2.92084e-06,50,100,100,248212,1 2 7 0 4 9 5 8 6 10 11 3 
56,3.31862e-06,4.0288e-06,2.99999e-06,50,100,100,248212,1 2 7 0 4 9 5 8 6 10 11 3 
57,3.32757e-06,4.0288e-06,2.8722e-06,50,100,100,248212,1 2 7 0 4 9 5 8 6 10 11 3 
58,3.34978e-06,4.0288e-06,2.99069e-06,50,100,100,248212,1 2 7 0 4 9 5 8 6 10 11 3 
59,3.35582e-06,4.0288e-06,3.00435e-06,50,100,100,248212,1 2 7 0 4 9 5 8 6 10 11 3 
60,3.34279e-06,4.08148e-06,3.05091e-06,50,100,100,245008,1 6 3 0 4 11 8 2 9 5 7 10 
61,3.322e-06,4.08148e-06,3.01073e-06,50,100,100,245008,1 6 3 0 4 11 8 2 9 5 7 10 
62,3.31593e-06,4.08148e-06,3.0009e-06,50,100,100,245008,1 6 3 0 4 11 8 2 9 5 7 10 
63,3.32088e-06,4.08148e-06,3.00554e-06,50,100,100,245008,1 6 3 0 4 11 8 2 9 5 7 10 
64,3.30738e-06,4.08148e-06,2.95136e-06,50,100,100,245008,1 6 3 0 4 11 8 2 9 5 7 10 
65,3.32473e-06,4.08148e-06,3.01382e-06,50,100,100,245008,1 6 3 0 4 11 8 2 9 5 7 10 
66,3.32502e-06,4.08148e-06,3.03629e-06,50,100,100,245008,1 6 3 0 4 11 8 2 9 5 7 10 
67,3.32504e-06,4.08148e-06,2.97631e-06,50,100,100,245008,1 6 3 0 4 11 8 2 9 5 7 10 
68,3.3093e-06,4.08148e-06,2.97432e-06,50,100,100,245008,1 6 3 0 4 11 8 2 9 5 7 10 
69,3.30564e-06,4.08148e-06,2.91815e-06,50,100,100,245008,1 6 3 0 4 11 8 2 9 5 7 10 
70,3.2999e-06,4.08148e-06,2.92984e-06,50,100,100,245008,1 6 3 0 4 11 8 2 9 5 7 10 
71,3.33501e-06,4.08148e-06,3.04916e-06,50,100,100,245008,1 6 3 0 4 11 8 2 9 5 7 10 
72,3.31355e-06,4.08148e-06,3.00491e-06,50,100,100,245008,1 6 3 0 4 11 8 2 9 5 7 10 
73,3.30977e-06,4.08148e-06,3.00994e-06,50,100,100,245008,1 6 3 0 4 11 8 2 9 5 7 10 
74,3.29536e-06,4.08148e-06,2.97204e-06,50,100,100,245008,1 6 3 0 4 11 8 2 9 5 7 10 
75,3.32484e-06,4.08148e-06,2.92621e-06,50,100,100,245008,1 6 3 0 4 11 8 2 9 5 7 10 
76,3.3339e-06,4.08148e-06,2.94228e-06,50,100,100,245008,1 6 3 0 4 11 8 2 9 5 7 10 
77,3.31686e-06,4.08148e-06,2.94176e-06,50,100,100,245008,1 6 3 0 4 11 8 2 9 5 7 10 
78,3.3563e-06,4.08148e-06,3.01791e-06,50,100,100,245008,1 6 3 0 4 11 8 2 9 5 7 10 
79,3.32498e-06,4.08148e-06,3.00354e-06,50,100,100,245008,1 6 3 0 4 11 8 2 9 5 7 10 
80,3.34812e-06,4.08148e-06,2.99141e-06,50,100,100,245008,1 6 3 0 4 11 8 2 9 5 7 10 
81,3.32567e-06,4.08148e-06,2.94618e-06,50,100,100,245008,1 6 3 0 4 11 8 2 9 5 7 10 
82,3.33228e-06,4.08148e-06,2.96322e-06,50,100,100,245008,1 6 3 0 4 11 8 2 9 5 7 10 
83,3.32888e-06,4.08148e-06,2.99184e-06,50,100,100,245008,1 6 3 0 4 11 8 2 9 5 7 10 
84,3.34321e-06,4.08148e-06,2.99698e-06,50,100,100,245008,1 6 3 0 4 11 8 2 9 5 7 10 
85,3.31465e-06,4.08148e-06,2.99311e-06,50,100,100,245008,1 6 3 0 4 11 8 2 9 5 7 10 
86,3.34893e-06,4.08148e-06,2.97973e-06,50,100,100,245008,1 6 3 0 4 11 8 2 9 5 7 10 
87,3.3389e-06,4.08148e-06,2.93609e-06,50,100,100,245008,1 6 3 0 4 11 8 2 9 5 7 10 
88,3.30341e-06,4.08148e-06,2.91912e-06,50,100,100,245008,1 6 3 0 4 11 8 2 9 5 7 10 
89,3.32195e-06,4.08148e-06,3.06524e-06,50,100,100,245008,1 6 3 0 4 11 8 2 9 5 7 10 
90,3.35691e-06,4.08148e-06,3.02088e-06,50,100,100,245008,1 6 3 0 4 11 8 2 9 5 7 10 
91,3.34909e-06,4.08148e-06,3.03902e-06,50,100,100,245008,1 6 3 0 4 11 8 2 9 5 7 10 
92,3.34576e-06,4.08148e-06,3.0314e-06,50,100,100,245008,1 6 3 0 4 11 8 2 9 5 7 10 
93,3.30645e-06,4.08148e-06,2.90758e-06,50,100,100,245008,1 6 3 0 4 11 8 2 9 5 7 10 
94,3.32857e-06,4.08148e-06,2.97051e-06,50,100,100,245008,1 6 3 0 4 11 8 2 9 5 7 10 
95,3.30165e-06,4.08148e-06,2.9728e-06,50,100,100,245008,1 6 3 0 4 11 8 2 9 5 7 10 
96,3.31729e-06,4.08148e-06,2.95768e-06,50,100,100,245008,1 6 3 0 4 11 8 2 9 5 7 10 
97,3.32299e-06,4.08148e-06,3.02664e-06,50,100,100,245008,1 6 3 0 4 11 8 2 9 5 7 10 
98,3.3128e-06,4.08148e-06,2.99092e-06,50,100,100,245008,1 6 3 0 4 11 8 2 9 5 7 10 
99,3.3198e-06,4.08148e-06,3.01665e-06,50,100,100,245008,1 6 3 0 4 11 8 2 9 5 7 10 
100,3.3314e-06,4.08148e-06,2.97794e-06,50,100,100,245008,1 6 3 0 4 11 8 2 9 5 7 10 
101,3.35459e-06,4.08148e-06,2.92161e-06,50,100,100,245008,1 6 3 0 4 11 8 2 9 5 7 10 
102,3.33633e-06,4.08148e-06,2.93911e-06,50,100,100,245008,1 6 3 0 4 11 8 2 9 5 7 10 
103,3.33531e-06,4.08148e-06,2.95254e-06,50,100,100,245008,1 6 3 0 4 11 8 2 9 5 7 10 
104,3.34264e-06,4.08148e-06,3.00829e-06,50,100,100,245008,1 6 3 0 4 11 8 2 9 5 7 10 
105,3.357e-06,4.08148e-06,3.03114e-06,50,100,100,245008,1 6 3 0 4 11 8 2 9 5 7 10 
106,3.32123e-06,4.08148e-06,2.96654e-06,50,100,100,245008,1 6 3 0 4 11 8 2 9 5 7 10 
107,3.3516e-06,4.08148e-06,3.01638e-06,50,100,100,245008,1 6 3 0 4 11 8 2 9 5 7 10 
108,3.35069e-06,4.08148e-06,2.97733e-06,50,100,100,245008,1 6 3 0 4 11 8 2 9 5 7 10 
109,3.3588e-06,4.08148e-06,3.00018e-06,50,100,100,245008,1 6 3 0 4 11 8 2 9 5 7 10 
110,3.3681e-06,4.08148e-06,3.06757e-06,50,100,100,245008,1 6 3 0 4 11 8 2 9 5 7 10 
111,3.35359e-06,4.08148e-06,2.88948e-06,50,100,100,245008,1 6 3 0 4 11 8 2 9 5 7 10 
112,3.35788e-06,4.08148e-06,3.05811e-06,50,100,100,245008,1 6 3 0 4 11 8 2 9 5 7 10 
113,3.35944e-06,4.08148e-06,3.03127e-06,50,100,100,245008,1 6 3 0 4 11 8 2 9 5 7 10 
114,3.36617e-06,4.08148e-06,3.04521e-06,50,100,100,245008,1 6 3 0 4 11 8 2 9 5 7 10 
115,3.3638e-06,4.08148e-06,2.95369e-06,50,100,100,245008,1 6 3 0 4 11 8 2 9 5 7 10 
116,3.31375e-06,4.08148e-06,2.97179e-06,50,100,100,245008,1 6 3 0 4 11 8 2 9 5 7 10 
117,3.36635e-06,4.08148e-06,3.01431e-06,50,100,100,245008,1 6 3 0 4 11 8 2 9 5 7 10 
118,3.39101e-06,4.08148e-06,3.05819e-06,50,100,100,245008,1 6 3 0 4 11 8 2 9 5 7 10 
119,3.40957e-06,4.08148e-06,3.09024e-06,50,100,100,245008,1 6 3 0 4 11 8 2 9 5 7 10 
120,3.41108e-06,4.08148e-06,3.08433e-06,50,100,100,245008,1 6 3 0 4 11 8 2 9 5 7 10 
121,3.41213e-06,4.08148e-06,3.01282e-06,50,100,100,245008,1 6 3 0 4 11 8 2 9 5 7 10 
122,3.39747e-06,4.08148e-06,2.96777e-06,50,100,100,245008,1 6 3 0 4 11 8 2 9 5 7 10 
123,3.44322e-06,4.08148e-06,3.12458e-06,50,100,100,245008,1 6 3 0 4 11 8 2 9 5 7 10 
124,3.42955e-06,4.08148e-06,3.09744e-06,50,100,100,245008,1 6 3 0 4 11 8 2 9 5 7 10 
125,3.4188e-06,4.08148e-06,2.99216e-06,50,100,100,245008,1 6 3 0 4 11 8 2 9 5 7 10 
126,3.39528e-06,4.08148e-06,3.04202e-06,50,100,100,245008,1 6 3 0 4 11 8 2 9 5 7 10 
127,3.39615e-06,4.08148e-06,3.05108e-06,50,100,100,245008,1 6 3 0 4 11 8 2 9 5 7 10 
128,3.41528e-06,4.08148e-06,2.98949e-06,50,100,100,245008,1 6 3 0 4 11 8 2 9 5 7 10 
129,3.43275e-06,4.08148e-06,3.08977e-06,50,100,100,245008,1 6 3 0 4 11 8 2 9 5 7 10 
130,3.42535e-06,4.08148e-06,3.00399e-06,50,100,100,245008,1 6 3 0 4 11 8 2 9 5 7 10 
131,3.39519e-06,4.08148e-06,3.05879e-06,50,100,100,245008,1 6 3 0 4 11 8 2 9 5 7 10 
132,3.44651e-06,4.08148e-06,3.14071e-06,50,100,100,245008,1 6 3 0 4 11 8 2 9 5 7 10 
133,3.4113e-06,4.08148e-06,2.95855e-06,50,100,100,245008,1 6 3 0 4 11 8 2 9 5 7 10 
134,3.4136e-06,4.08148e-06,3.02776e-06,50,100,100,245008,1 6 3 0 4 11 8 2 9 5 7 10 
135,3.42533e-06,4.08148e-06,3.0575e-06,50,100,100,245008,1 6 3 0 4 11 8 2 9 5 7 10 
136,3.44387e-06,4.08148e-06,3.09221e-06,50,100,100,245008,1 6 3 0 4 11 8 2 9 5 7 10 
137,3.43501e-06,4.08148e-06,2.98193e-06,50,100,100,245008,1 6 3 0 4 11 8 2 9 5 7 10 
138,3.45365e-06,4.08148e-06,3.02789e-06,50,100,100,245008,1 6 3 0 4 11 8 2 9 5 7 10 
139,3.45565e-06,4.08148e-06,3.09217e-06,50,100,100,245008,1 6 3 0 4 11 8 2 9 5 7 10 
140,3.46483e-06,4.08148e-06,3.0603e-06,50,100,100,245008,1 6 3 0 4 11 8 2 9 5 7 10 
141,3.39923e-06,4.08148e-06,3.01578e-06,50,100,100,245008,1 6 3 0 4 11 8 2 9 5 7 10 
142,3.45054e-06,4.08148e-06,3.07775e-06,50,100,100,245008,1 6 3 0 4 11 8 2 9 5 7 10 
143,3.4312e-06,4.08148e-06,3.0353e-06,50,100,100,245008,1 6 3 0 4 11 8 2 9 5 7 10 
144,3.43134e-06,4.08148e-06,2.9795e-06,50,100,100,245008,1 6 3 0 4 11 8 2 9 5 7 10 
145,3.44301e-06,4.08148e-06,3.01001e-06,50,100,100,245008,1 6 3 0 4 11 8 2 9 5 7 10 
146,3.47516e-06,4.08148e-06,3.12914e-06,50,100,100,245008,1 6 3 0 4 11 8 2 9 5 7 10 
147,3.48059e-06,4.08148e-06,3.1003e-06,50,100,100,245008,1 6 3 0 4 11 8 2 9 5 7 10 
148,3.47554e-06,4.08148e-06,3.07156e-06,50,100,100,245008,1 6 3 0 4 11 8 2 9 5 7 10 
149,3.51244e-06,4.08148e-06,3.07425e-06,50,100,100,245008,1 6 3 0 4 11 8 2 9 5 7 10 
150,3.54582e-06,4.08148e-06,3.08584e-06,50,100,100,245008,1 6 3 0 4 11 8 2 9 5 7 10 
151,3.50466e-06,4.08148e-06,3.01502e-06,50,100,100,245008,1 6 3 0 4 11 8 2 9 5 7 10 
152,3.52579e-06,4.08148e-06,3.12343e-06,50,100,100,245008,1 6 3 0 4 11 8 2 9 5 7 10 
153,3.51808e-06,4.08148e-06,3.06197e-06,50,100,100,245008,1 6 3 0 4 11 8 2 9 5 7 10 
154,3.54441e-06,4.08148e-06,3.07962e-06,50,100,100,245008,1 6 3 0 4 11 8 2 9 5 7 10 
155,3.52966e-06,4.08148e-06,3.08506e-06,50,100,100,245008,1 6 3 0 4 11 8 2 9 5 7 10 
156,3.49157e-06,4.08148e-06,2.97569e-06,50,100,100,245008,1 6 3 0 4 11 8 2 9 5 7 10 
157,3.48301e-06,4.08148e-06,3.07725e-06,50,100,100,245008,1 6 3 0 4 11 8 2 9 5 7 10 
158,3.50334e-06,4.08148e-06,3.0926e-06,50,100,100,245008,1 6 3 0 4 11 8 2 9 5 7 10 
159,3.47176e-06,4.08148e-06,3.08091e-06,50,100,100,245008,1 6 3 0 4 11 8 2 9 5 7 10 
160,3.41587e-06,4.08148e-06,2.92948e-06,50,100,100,245008,1 6 3 0 4 11 8 2 9 5 7 10 
161,3.38966e-06,4.08148e-06,3.015e-06,50,100,100,245008,1 6 3 0 4 11 8 2 9 5 7 10 
162,3.36921e-06,4.08148e-06,2.97976e-06,50,100,100,245008,1 6 3 0 4 11 8 2 9 5 7 10 
163,3.38152e-06,4.08148e-06,3.11867e-06,50,100,100,245008,1 6 3 0 4 11 8 2 9 5 7 10 
164,3.35322e-06,4.08148e-06,2.96675e-06,50,100,100,245008,1 6 3 0 4 11 8 2 9 5 7 10 
165,3.35435e-06,4.08148e-06,3.0035e-06,50,100,100,245008,1 6 3 0 4 11 8 2 9 5 7 10 
166,3.37425e-06,4.08148e-06,2.98019e-06,50,100,100,245008,1 6 3 0 4 11 8 2 9 5 7 10 
167,3.34543e-06,4.08148e-06,3.05591e-06,50,100,100,245008,1 6 3 0 4 11 8 2 9 5 7 10 
168,3.36564e-06,4.08148e-06,3.01316e-06,50,100,100,245008,1 6 3 0 4 11 8 2 9 5 7 10 
169,3.37178e-06,4.08148e-06,3.03642e-06,50,100,100,245008,1 6 3 0 4 11 8 2 9 5 7 10 
170,3.36338e-06,4.08148e-06,2.99019e-06,50,100,100,245008,1 6 3 0 4 11 8 2 9 5 7 10 
171,3.36086e-06,4.08148e-06,2.96917e-06,50,100,100,245008,1 6 3 0 4 11 8 2 9 5 7 10 
172,3.35696e-06,4.08148e-06,3.03136e-06,50,100,100,245008,1 6 3 0 4 11 8 2 9 5 7 10 
173,3.34673e-06,4.08148e-06,3.04844e-06,50,100,100,245008,1 6 3 0 4 11 8 2 9 5 7 10 
174,3.34906e-06,4.08148e-06,2.94578e-06,50,100,100,245008,1 6 3 0 4 11 8 2 9 5 7 10 
175,3.33906e-06,4.08148e-06,2.95668e-06,50,100,100,245008,1 6 3 0 4 11 8 2 9 5 7 10 
176,3.35905e-06,4.08148e-06,2.96292e-06,50,100,100,245008,1 6 3 0 4 11 8 2 9 5 7 10 
177,3.37165e-06,4.08148e-06,2.99768e-06,50,100,100,245008,1 6 3 0 4 11 8 2 9 5 7 10 
178,3.34059e-06,4.08148e-06,3.0205e-06,50,100,100,245008,1 6 3 0 4 11 8 2 9 5 7 10 
179,3.36549e-06,4.08148e-06,3.06595e-06,50,100,100,245008,1 6 3 0 4 11 8 2 9 5 7 10 
180,3.35406e-06,4.08148e-06,2.95314e-06,50,100,100,245008,1 6 3 0 4 11 8 2 9 5 7 10 
181,3.3721e-06,4.08148e-06,3.01044e-06,50,100,100,245008,1 6 3 0 4 11 8 2 9 5 7 10 
182,3.35208e-06,4.08148e-06,3.03101e-06,50,100,100,245008,1 6 3 0 4 11 8 2 9 5 7 10 
183,3.31452e-06,4.08148e-06,3.01346e-06,50,100,100,245008,1 6 3 0 4 11 8 2 9 5 7 10 
184,3.35229e-06,4.08148e-06,3.02478e-06,50,100,100,245008,1 6 3 0 4 11 8 2 9 5 7 10 
185,3.34396e-06,4.08148e-06,3.06876e-06,50,100,100,245008,1 6 3 0 4 11 8 2 9 5 7 10 
186,3.38716e-06,4.08148e-06,2.94274e-06,50,100,100,245008,1 6 3 0 4 11 8 2 9 5 7 10 
187,3.36481e-06,4.08148e-06,3.08443e-06,50,100,100,245008,1 6 3 0 4 11 8 2 9 5 7 10 
188,3.3727e-06,4.08148e-06,3.04269e-06,50,100,100,245008,1 6 3 0 4 11 8 2 9 5 7 10 
189,3.3651e-06,4.08148e-06,2.92106e-06,50,100,100,245008,1 6 3 0 4 11 8 2 9 5 7 10 
190,3.34773e-06,4.08148e-06,2.94366e-06,50,100,100,245008,1 6 3 0 4 11 8 2 9 5 7 10 
191,3.344e-06,4.08148e-06,2.99757e-06,50,100,100,245008,1 6 3 0 4 11 8 2 9 5 7 10 
192,3.35656e-06,4.08148e-06,3.02578e-06,50,100,100,245008,1 6 3 0 4 11 8 2 9 5 7 10 
193,3.36245e-06,4.08148e-06,3.00216e-06,50,100,100,245008,1 6 3 0 4 11 8 2 9 5 7 10 
194,3.35562e-06,4.08148e-06,2.94254e-06,50,100,100,245008,1 6 3 0 4 11 8 2 9 5 7 10 
195,3.37722e-06,4.08148e-06,3.04686e-06,50,100,100,245008,1 6 3 0 4 11 8 2 9 5 7 10 
196,3.36589e-06,4.08148e-06,3.05479e-06,50,100,100,245008,1 6 3 0 4 11 8 2 9 5 7 10 
197,3.37119e-06,4.08148e-06,3.00577e-06,50,100,100,245008,1 6 3 0 4 11 8 2 9 5 7 10 
198,3.36952e-06,4.08148e-06,3.03913e-06,50,100,100,245008,1 6 3 0 4 11 8 2 9 5 7 10 
199,3.35986e-06,4.08148e-06,2.96536e-06,50,100,100,245008,1 6 3 0 4 11 8 2 9 5 7 10 
200,3.38393e-06,4.08148e-06,3.03408e-06,50,100,100,245008,1 6 3 0 4 11 8 2 9 5 7 10 
201,3.37804e-06,4.08148e-06,3.00209e-06,50,100,100,245008,1 6 3 0 4 11 8 2 9 5 7 10 
202,3.36835e-06,4.08148e-06,3.01961e-06,50,100,100,245008,1 6 3 0 4 11 8 2 9 5 7 10 
203,3.36951e-06,4.08148e-06,2.9954e-06,50,100,100,245008,1 6 3 0 4 11 8 2 9 5 7 10 
204,3.38169e-06,4.08148e-06,2.98174e-06,50,100,100,245008,1 6 3 0 4 11 8 2 9 5 7 10 
205,3.37465e-06,4.08148e-06,2.97671e-06,50,100,100,245008,1 6 3 0 4 11 8 2 9 5 7 10 
206,3.36836e-06,4.08148e-06,2.92602e-06,50,100,100,245008,1 6 3 0 4 11 8 2 9 5 7 10 
207,3.38043e-06,4.08148e-06,2.98596e-06,50,100,100,245008,1 6 3 0 4 11 8 2 9 5 7 10 
208,3.33787e-06,4.08148e-06,3.03941e-06,50,100,100,245008,1 6 3 0 4 11 8 2 9 5 7 10 
209,3.32023e-06,4.08148e-06,2.94368e-06,50,100,100,245008,1 6 3 0 4 11 8 2 9 5 7 10 
210,3.32351e-06,4.08148e-06,3.07402e-06,50,100,100,245008,1 6 3 0 4 11 8 2 9 5 7 10 
211,3.30593e-06,4.08148e-06,2.94004e-06,50,100,100,245008,1 6 3 0 4 11 8 2 9 5 7 10 
212,3.31902e-06,4.08148e-06,2.97167e-06,50,100,100,245008,1 6 3 0 4 11 8 2 9 5 7 10 
213,3.33126e-06,4.08148e-06,3.00426e-06,50,100,100,245008,1 6 3 0 4 11 8 2 9 5 7 10 
214,3.34796e-06,4.08148e-06,2.98606e-06,50,100,100,245008,1 6 3 0 4 11 8 2 9 5 7 10 
215,3.3367e-06,4.08148e-06,2.99189e-06,50,100,100,245008,1 6 3 0 4 11 8 2 9 5 7 10 
216,3.31146e-06,4.08148e-06,2.89607e-06,50,100,100,245008,1 6 3 0 4 11 8 2 9 5 7 10 
217,3.32798e-06,4.08148e-06,2.98685e-06,50,100,100,245008,1 6 3 0 4 11 8 2 9 5 7 10 
218,3.34206e-06,4.08148e-06,2.97202e-06,50,100,100,245008,1 6 3 0 4 11 8 2 9 5 7 10 
219,3.33957e-06,4.08148e-06,3.0176e-06,50,100,100,245008,1 6 3 0 4 11 8 2 9 5 7 10 
220,3.32569e-06,4.08148e-06,2.98944e-06,50,100,100,245008,1 6 3 0 4 11 8 2 9 5 7 10 
221,3.32102e-06,4.08148e-06,3.00927e-06,50,100,100,245008,1 6 3 0 4 11 8 2 9 5 7 10 
222,3.34117e-06,4.08148e-06,2.95511e-06,50,100,100,245008,1 6 3 0 4 11 8 2 9 5 7 10 
223,3.31996e-06,4.08148e-06,2.98858e-06,50,100,100,245008,1 6 3 0 4 11 8 2 9 5 7 10 
224,3.32751e-06,4.08148e-06,2.97466e-06,50,100,100,245008,1 6 3 0 4 11 8 2 9 5 7 10 
225,3.31192e-06,4.08148e-06,3.00188e-06,50,100,100,245008,1 6 3 0 4 11 8 2 9 5 7 10 
226,3.31167e-06,4.08148e-06,2.97671e-06,50,100,100,245008,1 6 3 0 4 11 8 2 9 5 7 10 
227,3.30696e-06,4.08148e-06,3.02582e-06,50,100,100,245008,1 6 3 0 4 11 8 2 9 5 7 10 
228,3.30119e-06,4.08148e-06,2.96259e-06,50,100,100,245008,1 6 3 0 4 11 8 2 9 5 7 10 
229,3.31247e-06,4.08148e-06,2.98428e-06,50,100,100,245008,1 6 3 0 4 11 8 2 9 5 7 10 
230,3.3358e-06,4.08148e-06,2.98778e-06,50,100,100,245008,1 6 3 0 4 11 8 2 9 5 7 10 
231,3.33605e-06,4.08148e-06,2.92021e-06,50,100,100,245008,1 6 3 0 4 11 8 2 9 5 7 10 
232,3.34527e-06,4.08148e-06,2.95408e-06,50,100,100,245008,1 6 3 0 4 11 8 2 9 5 7 10 
233,3.33304e-06,4.08148e-06,2.9403e-06,50,100,100,245008,1 6 3 0 4 11 8 2 9 5 7 10 
234,3.32842e-06,4.08148e-06,2.93895e-06,50,100,100,245008,1 6 3 0 4 11 8 2 9 5 7 10 
235,3.34653e-06,4.08148e-06,3.03557e-06,50,100,100,245008,1 6 3 0 4 11 8 2 9 5 7 10 
236,3.32432e-06,4.08148e-06,2.99957e-06,50,100,100,245008,1 6 3 0 4 11 8 2 9 5 7 10 
237,3.29962e-06,4.08148e-06,2.94222e-06,50,100,100,245008,1 6 3 0 4 11 8 2 9 5 7 10 
238,3.3411e-06,4.08148e-06,2.98159e-06,50,100,100,245008,1 6 3 0 4 11 8 2 9 5 7 10 
239,3.35242e-06,4.08148e-06,3.02015e-06,50,100,100,245008,1 6 3 0 4 11 8 2 9 5 7 10 
240,3.34669e-06,4.08148e-06,2.98344e-06,50,100,100,245008,1 6 3 0 4 11 8 2 9 5 7 10 
241,3.31805e-06,4.08148e-06,2.9881e-06,50,100,100,245008,1 6 3 0 4 11 8 2 9 5 7 10 
242,3.3626e-06,4.08148e-06,3.03851e-06,50,100,100,245008,1 6 3 0 4 11 8 2 9 5 7 10 
243,3.38276e-06,4.08148e-06,3.03375e-06,50,100,100,245008,1 6 3 0 4 11 8 2 9 5 7 10 
244,3.35471e-06,4.08148e-06,3.01746e-06,50,100,100,245008,1 6 3 0 4 11 8 2 9 5 7 10 
245,3.36604e-06,4.08148e-06,2.98298e-06,50,100,100,245008,1 6 3 0 4 11 8 2 9 5 7 10 
246,3.36441e-06,4.08148e-06,2.96744e-06,50,100,100,245008,1 6 3 0 4 11 8 2 9 5 7 10 
247,3.35475e-06,4.08148e-06,3.03567e-06,50,100,100,245008,1 6 3 0 4 11 8 2 9 5 7 10 
248,3.34336e-06,4.08148e-06,3.01286e-06,50,100,100,245008,1 6 3 0 4 11 8 2 9 5 7 10 
249,3.33298e-06,4.08148e-06,2.97803e-06,50,100,100,245008,1 6 3 0 4 11 8 2 9 5 7 10 
250,3.31134e-06,4.08148e-06,2.97797e-06,50,100,100,245008,1 6 3 0 4 11 8 2 9 5 7 10 
251,3.3392e-06,4.08148e-06,2.98535e-06,50,100,100,245008,1 6 3 0 4 11 8 2 9 5 7 10 
252,3.31537e-06,4.08148e-06,2.94281e-06,50,100,100,245008,1 6 3 0 4 11 8 2 9 5 7 10 
253,3.3048e-06,4.08148e-06,2.97077e-06,50,100,100,245008,1 6 3 0 4 11 8 2 9 5 7 10 
254,3.32653e-06,4.08148e-06,2.93923e-06,50,100,100,245008,1 6 3 0 4 11 8 2 9 5 7 10 
255,3.3302e-06,4.08148e-06,2.9333e-06,50,100,100,245008,1 6 3 0 4 11 8 2 9 5 7 10 
256,3.34454e-06,4.08148e-06,2.99522e-06,50,100,100,245008,1 6 3 0 4 11 8 2 9 5 7 10 
257,3.34651e-06,4.08148e-06,3.02428e-06,50,100,100,245008,1 6 3 0 4 11 8 2 9 5 7 10 
258,3.32365e-06,4.08148e-06,2.95453e-06,50,100,100,245008,1 6 3 0 4 11 8 2 9 5 7 10 
259,3.31112e-06,4.08148e-06,2.90611e-06,50,100,100,245008,1 6 3 0 4 11 8 2 9 5 7 10 
260,3.34524e-06,4.08148e-06,3.00022e-06,50,100,100,245008,1 6 3 0 4 11 8 2 9 5 7 10 
261,3.32015e-06,4.08148e-06,2.97801e-06,50,100,100,245008,1 6 3 0 4 11 8 2 9 5 7 10 
262,3.30543e-06,4.08148e-06,2.97255e-06,50,100,100,245008,1 6 3 0 4 11 8 2 9 5 7 10 
263,3.33335e-06,4.08148e-06,3.03978e-06,50,100,100,245008,1 6 3 0 4 11 8 2 9 5 7 10 
264,3.35475e-06,4.08148e-06,3.00652e-06,50,100,100,245008,1 6 3 0 4 11 8 2 9 5 7 10 
265,3.35919e-06,4.08148e-06,2.98019e-06,50,100,100,245008,1 6 3 0 4 11 8 2 9 5 7 10 
266,3.38169e-06,4.08148e-06,3.0465e-06,50,100,100,245008,1 6 3 0 4 11 8 2 9 5 7 10 
267,3.36783e-06,4.08148e-06,2.96746e-06,50,100,100,245008,1 6 3 0 4 11 8 2 9 5 7 10 
268,3.34654e-06,4.08148e-06,2.98744e-06,50,100,100,245008,1 6 3 0 4 11 8 2 9 5 7 10 
269,3.337e-06,4.08148e-06,2.92957e-06,50,100,100,245008,1 6 3 0 4 11 8 2 9 5 7 10 
270,3.36328e-06,4.08148e-06,3.06509e-06,50,100,100,245008,1 6 3 0 4 11 8 2 9 5 7 10 
271,3.38095e-06,4.08148e-06,2.99386e-06,50,100,100,245008,1 6 3 0 4 11 8 2 9 5 7 10 
272,3.34489e-06,4.08148e-06,2.98754e-06,50,100,100,245008,1 6 3 0 4 11 8 2 9 5 7 10 
273,3.36777e-06,4.08148e-06,2.97137e-06,50,100,100,245008,1 6 3 0 4 11 8 2 9 5 7 10 
274,3.33685e-06,4.08148e-06,2.94383e-06,50,100,100,245008,1 6 3 0 4 11 8 2 9 5 7 10 
275,3.34883e-06,4.08148e-06,3.02758e-06,50,100,100,245008,1 6 3 0 4 11 8 2 9 5 7 10 
276,3.34424e-06,4.08148e-06,2.90187e-06,50,100,100,245008,1 6 3 0 4 11 8 2 9 5 7 10 
277,3.35889e-06,4.08148e-06,2.91679e-06,50,100,100,245008,1 6 3 0 4 11 8 2 9 5 7 10 
278,3.39088e-06,4.08148e-06,3.04754e-06,50,100,100,245008,1 6 3 0 4 11 8 2 9 5 7 10 
279,3.39008e-06,4.08148e-06,3.04034e-06,50,100,100,245008,1 6 3 0 4 11 8 2 9 5 7 10 
280,3.35447e-06,4.08148e-06,3.02958e-06,50,100,100,245008,1 6 3 0 4 11 8 2 9 5 7 10 
281,3.40181e-06,4.08148e-06,2.95492e-06,50,100,100,245008,1 6 3 0 4 11 8 2 9 5 7 10 
282,3.41491e-06,4.08148e-06,3.01044e-06,50,100,100,245008,1 6 3 0 4 11 8 2 9 5 7 10 
283,3.39328e-06,4.08148e-06,3.05847e-06,50,100,100,245008,1 6 3 0 4 11 8 2 9 5 7 10 
284,3.41535e-06,4.08148e-06,3.00503e-06,50,100,100,245008,1 6 3 0 4 11 8 2 9 5 7 10 
285,3.41323e-06,4.08148e-06,3.02054e-06,50,100,100,245008,1 6 3 0 4 11 8 2 9 5 7 10 
286,3.46143e-06,4.08148e-06,2.96631e-06,50,100,100,245008,1 6 3 0 4 11 8 2 9 5 7 10 
287,3.47797e-06,4.08148e-06,3.02439e-06,50,100,100,245008,1 6 3 0 4 11 8 2 9 5 7 10 
288,3.47247e-06,4.08148e-06,3.09646e-06,50,100,100,245008,1 6 3 0 4 11 8 2 9 5 7 10 
289,3.46212e-06,4.08148e-06,3.05343e-06,50,100,100,245008,1 6 3 0 4 11 8 2 9 5 7 10 
290,3.44339e-06,4.08148e-06,3.00586e-06,50,100,100,245008,1 6 3 0 4 11 8 2 9 5 7 10 
291,3.42543e-06,4.08148e-06,3.00997e-06,50,100,100,245008,1 6 3 0 4 11 8 2 9 5 7 10 
292,3.42519e-06,4.08148e-06,3.04836e-06,50,100,100,245008,1 6 3 0 4 11 8 2 9 5 7 10 
293,3.44193e-06,4.08148e-06,3.129e-06,50,100,100,245008,1 6 3 0 4 11 8 2 9 5 7 10 
294,3.45506e-06,4.08148e-06,3.07585e-06,50,100,100,245008,1 6 3 0 4 11 8 2 9 5 7 10 
295,3.47309e-06,4.10929e-06,3.06891e-06,50,100,100,243350,6 3 1 11 0 2 9 7 8 5 4 10 
296,3.4691e-06,4.10929e-06,3.05692e-06,50,100,100,243350,6 3 1 11 0 2 9 7 8 5 4 10 
297,3.46087e-06,4.10929e-06,2.97991e-06,50,100,100,243350,6 3 1 11 0 2 9 7 8 5 4 10 
298,3.47135e-06,4.34815e-06,3.04909e-06,50,100,100,229982,6 3 1 11 7 2 9 0 8 5 4 10 
299,3.44757e-06,4.34815e-06,3.06509e-06,50,100,100,229982,6 3 1 11 7 2 9 0 8 5 4 10 
300,3.45703e-06,4.34815e-06,2.9762e-06,50,100,100,229982,6 3 1 11 7 2 9 0 8 5 4 10 
301,3.48153e-06,4.34815e-06,3.06383e-06,50,100,100,229982,6 3 1 11 7 2 9 0 8 5 4 10 
302,3.4724e-06,4.34815e-06,3.01842e-06,50,100,100,229982,6 3 1 11 7 2 9 0 8 5 4 10 
303,3.41952e-06,4.34815e-06,3.03498e-06,50,100,100,229982,6 3 1 11 7 2 9 0 8 5 4 10 
304,3.41773e-06,4.34815e-06,3.03661e-06,50,100,100,229982,6 3 1 11 7 2 9 0 8 5 4 10 
305,3.41986e-06,4.34815e-06,2.98131e-06,50,100,100,229982,6 3 1 11 7 2 9 0 8 5 4 10 
306,3.44364e-06,4.34815e-06,3.05438e-06,50,100,100,229982,6 3 1 11 7 2 9 0 8 5 4 10 
307,3.40723e-06,4.34815e-06,3.02655e-06,50,100,100,229982,6 3 1 11 7 2 9 0 8 5 4 10 
308,3.41433e-06,4.34815e-06,3.02187e-06,50,100,100,229982,6 3 1 11 7 2 9 0 8 5 4 10 
309,3.4154e-06,4.34815e-06,3.06242e-06,50,100,100,229982,6 3 1 11 7 2 9 0 8 5 4 10 
310,3.40113e-06,4.34815e-06,3.03077e-06,50,100,100,229982,6 3 1 11 7 2 9 0 8 5 4 10 
311,3.39187e-06,4.34815e-06,3.05882e-06,50,100,100,229982,6 3 1 11 7 2 9 0 8 5 4 10 
312,3.40322e-06,4.34815e-06,3.08834e-06,50,100,100,229982,6 3 1 11 7 2 9 0 8 5 4 10 
313,3.38709e-06,4.34815e-06,3.04517e-06,50,100,100,229982,6 3 1 11 7 2 9 0 8 5 4 10 
314,3.38943e-06,4.34815e-06,3.08333e-06,50,100,100,229982,6 3 1 11 7 2 9 0 8 5 4 10 
315,3.35304e-06,4.34815e-06,3.04382e-06,50,100,100,229982,6 3 1 11 7 2 9 0 8 5 4 10 
316,3.36272e-06,4.34815e-06,2.90815e-06,50,100,100,229982,6 3 1 11 7 2 9 0 8 5 4 10 
317,3.3922e-06,4.34815e-06,3.03358e-06,50,100,100,229982,6 3 1 11 7 2 9 0 8 5 4 10 
318,3.38472e-06,4.34815e-06,3.03204e-06,50,100,100,229982,6 3 1 11 7 2 9 0 8 5 4 10 
319,3.35713e-06,4.34815e-06,2.99977e-06,50,100,100,229982,6 3 1 11 7 2 9 0 8 5 4 10 
320,3.36621e-06,4.34815e-06,3.06616e-06,50,100,100,229982,6 3 1 11 7 2 9 0 8 5 4 10 
321,3.3715e-06,4.34815e-06,2.98885e-06,50,100,100,229982,6 3 1 11 7 2 9 0 8 5 4 10 
322,3.35751e-06,4.34815e-06,3.01277e-06,50,100,100,229982,6 3 1 11 7 2 9 0 8 5 4 10 
323,3.36759e-06,4.34815e-06,2.94958e-06,50,100,100,229982,6 3 1 11 7 2 9 0 8 5 4 10 
324,3.35981e-06,4.34815e-06,3.0348e-06,50,100,100,229982,6 3 1 11 7 2 9 0 8 5 4 10 
325,3.36173e-06,4.34815e-06,3.00823e-06,50,100,100,229982,6 3 1 11 7 2 9 0 8 5 4 10 
326,3.34141e-06,4.34815e-06,3.01493e-06,50,100,100,229982,6 3 1 11 7 2 9 0 8 5 4 10 
327,3.37071e-06,4.34815e-06,3.02816e-06,50,100,100,229982,6 3 1 11 7 2 9 0 8 5 4 10 
328,3.33195e-06,4.34815e-06,2.98514e-06,50,100,100,229982,6 3 1 11 7 2 9 0 8 5 4 10 
329,3.38631e-06,4.34815e-06,2.9541e-06,50,100,100,229982,6 3 1 11 7 2 9 0 8 5 4 10 
330,3.42887e-06,4.34815e-06,3.02443e-06,50,100,100,229982,6 3 1 11 7 2 9 0 8 5 4 10 
331,3.40442e-06,4.34815e-06,2.97247e-06,50,100,100,229982,6 3 1 11 7 2 9 0 8 5 4 10 
332,3.36626e-06,4.34815e-06,3.00599e-06,50,100,100,229982,6 3 1 11 7 2 9 0 8 5 4 10 
333,3.3725e-06,4.34815e-06,3.07404e-06,50,100,100,229982,6 3 1 11 7 2 9 0 8 5 4 10 
334,3.38364e-06,4.34815e-06,3.05804e-06,50,100,100,229982,6 3 1 11 7 2 9 0 8 5 4 10 
335,3.39561e-06,4.34815e-06,3.01277e-06,50,100,100,229982,6 3 1 11 7 2 9 0 8 5 4 10 
336,3.38406e-06,4.34815e-06,2.96183e-06,50,100,100,229982,6 3 1 11 7 2 9 0 8 5 4 10 
337,3.4042e-06,4.34815e-06,3.07697e-06,50,100,100,229982,6 3 1 11 7 2 9 0 8 5 4 10 
338,3.37729e-06,4.34815e-06,2.91543e-06,50,100,100,229982,6 3 1 11 7 2 9 0 8 5 4 10 
339,3.4017e-06,4.34815e-06,3.07264e-06,50,100,100,229982,6 3 1 11 7 2 9 0 8 5 4 10 
340,3.38941e-06,4.34815e-06,3.02939e-06,50,100,100,229982,6 3 1 11 7 2 9 0 8 5 4 10 
341,3.42926e-06,4.34815e-06,2.96381e-06,50,100,100,229982,6 3 1 11 7 2 9 0 8 5 4 10 
342,3.43345e-06,4.34815e-06,2.95638e-06,50,100,100,229982,6 3 1 11 7 2 9 0 8 5 4 10 
343,3.41512e-06,4.34815e-06,3.10102e-06,50,100,100,229982,6 3 1 11 7 2 9 0 8 5 4 10 
344,3.3848e-06,4.34815e-06,3.03191e-06,50,100,100,229982,6 3 1 11 7 2 9 0 8 5 4 10 
345,3.37297e-06,4.34815e-06,3.04241e-06,50,100,100,229982,6 3 1 11 7 2 9 0 8 5 4 10 
346,3.3875e-06,4.34815e-06,3.0572e-06,50,100,100,229982,6 3 1 11 7 2 9 0 8 5 4 10 
347,3.38551e-06,4.34815e-06,3.005e-06,50,100,100,229982,6 3 1 11 7 2 9 0 8 5 4 10 
348,3.31565e-06,4.34815e-06,3.0162e-06,50,100,100,229982,6 3 1 11 7 2 9 0 8 5 4 10 
349,3.36758e-06,4.34815e-06,2.96837e-06,50,100,100,229982,6 3 1 11 7 2 9 0 8 5 4 10 
350,3.36402e-06,4.34815e-06,3.018e-06,50,100,100,229982,6 3 1 11 7 2 9 0 8 5 4 10 
351,3.38919e-06,4.34815e-06,3.03449e-06,50,100,100,229982,6 3 1 11 7 2 9 0 8 5 4 10 
352,3.39386e-06,4.34815e-06,2.98937e-06,50,100,100,229982,6 3 1 11 7 2 9 0 8 5 4 10 
353,3.34181e-06,4.34815e-06,3.0465e-06,50,100,100,229982,6 3 1 11 7 2 9 0 8 5 4 10 
354,3.36136e-06,4.34815e-06,3.07036e-06,50,100,100,229982,6 3 1 11 7 2 9 0 8 5 4 10 
355,3.3457e-06,4.34815e-06,2.9737e-06,50,100,100,229982,6 3 1 11 7 2 9 0 8 5 4 10 
356,3.32043e-06,4.34815e-06,2.90749e-06,50,100,100,229982,6 3 1 11 7 2 9 0 8 5 4 10 
357,3.32641e-06,4.34815e-06,3.03897e-06,50,100,100,229982,6 3 1 11 7 2 9 0 8 5 4 10 
358,3.32755e-06,4.34815e-06,3.0607e-06,50,100,100,229982,6 3 1 11 7 2 9 0 8 5 4 10 
359,3.33624e-06,4.34815e-06,3.00031e-06,50,100,100,229982,6 3 1 11 7 2 9 0 8 5 4 10 
360,3.34427e-06,4.34815e-06,2.93549e-06,50,100,100,229982,6 3 1 11 7 2 9 0 8 5 4 10 
361,3.36346e-06,4.34815e-06,2.99984e-06,50,100,100,229982,6 3 1 11 7 2 9 0 8 5 4 10 
362,3.36255e-06,4.34815e-06,3.02459e-06,50,100,100,229982,6 3 1 11 7 2 9 0 8 5 4 10 
363,3.36111e-06,4.34815e-06,3.00299e-06,50,100,100,229982,6 3 1 11 7 2 9 0 8 5 4 10 
364,3.35056e-06,4.34815e-06,3.008e-06,50,100,100,229982,6 3 1 11 7 2 9 0 8 5 4 10 
365,3.33167e-06,4.34815e-06,2.93828e-06,50,100,100,229982,6 3 1 11 7 2 9 0 8 5 4 10 
366,3.32493e-06,4.34815e-06,2.96462e-06,50,100,100,229982,6 3 1 11 7 2 9 0 8 5 4 10 
367,3.33655e-06,4.34815e-06,3.02558e-06,50,100,100,229982,6 3 1 11 7 2 9 0 8 5 4 10 
368,3.35264e-06,4.34815e-06,2.95978e-06,50,100,100,229982,6 3 1 11 7 2 9 0 8 5 4 10 
369,3.34681e-06,4.34815e-06,3.007e-06,50,100,100,229982,6 3 1 11 7 2 9 0 8 5 4 10 
370,3.34643e-06,4.34815e-06,3.03913e-06,50,100,100,229982,6 3 1 11 7 2 9 0 8 5 4 10 
371,3.33581e-06,4.34815e-06,3.01378e-06,50,100,100,229982,6 3 1 11 7 2 9 0 8 5 4 10 
372,3.3528e-06,4.34815e-06,3.03285e-06,50,100,100,229982,6 3 1 11 7 2 9 0 8 5 4 10 
373,3.3291e-06,4.34815e-06,2.88945e-06,50,100,100,229982,6 3 1 11 7 2 9 0 8 5 4 10 
374,3.3255e-06,4.34815e-06,3.00936e-06,50,100,100,229982,6 3 1 11 7 2 9 0 8 5 4 10 
375,3.31751e-06,4.34815e-06,2.98721e-06,50,100,100,229982,6 3 1 11 7 2 9 0 8 5 4 10 
376,3.30691e-06,4.34815e-06,2.91339e-06,50,100,100,229982,6 3 1 11 7 2 9 0 8 5 4 10 
377,3.3085e-06,4.34815e-06,2.92494e-06,50,100,100,229982,6 3 1 11 7 2 9 0 8 5 4 10 
378,3.34185e-06,4.34815e-06,2.99982e-06,50,100,100,229982,6 3 1 11 7 2 9 0 8 5 4 10 
379,3.35397e-06,4.34815e-06,2.96188e-06,50,100,100,229982,6 3 1 11 7 2 9 0 8 5 4 10 
380,3.31501e-06,4.34815e-06,2.9439e-06,50,100,100,229982,6 3 1 11 7 2 9 0 8 5 4 10 
381,3.32328e-06,4.34815e-06,2.98135e-06,50,100,100,229982,6 3 1 11 7 2 9 0 8 5 4 10 
382,3.3033e-06,4.34815e-06,3.00256e-06,50,100,100,229982,6 3 1 11 7 2 9 0 8 5 4 10 
383,3.30126e-06,4.34815e-06,2.97021e-06,50,100,100,229982,6 3 1 11 7 2 9 0 8 5 4 10 
384,3.2933e-06,4.34815e-06,3.01126e-06,50,100,100,229982,6 3 1 11 7 2 9 0 8 5 4 10 
385,3.29491e-06,4.34815e-06,2.97567e-06,50,100,100,229982,6 3 1 11 7 2 9 0 8 5 4 10 
386,3.28942e-06,4.34815e-06,2.90638e-06,50,100,100,229982,6 3 1 11 7 2 9 0 8 5 4 10 
387,3.30672e-06,4.34815e-06,2.96088e-06,50,100,100,229982,6 3 1 11 7 2 9 0 8 5 4 10 
388,3.3145e-06,4.34815e-06,3.00854e-06,50,100,100,229982,6 3 1 11 7 2 9 0 8 5 4 10 
389,3.30786e-06,4.34815e-06,3.00908e-06,50,100,100,229982,6 3 1 11 7 2 9 0 8 5 4 10 
390,3.26789e-06,4.34815e-06,2.97631e-06,50,100,100,229982,6 3 1 11 7 2 9 0 8 5 4 10 
391,3.30015e-06,4.34815e-06,2.96645e-06,50,100,100,229982,6 3 1 11 7 2 9 0 8 5 4 10 
392,3.31774e-06,4.34815e-06,3.01973e-06,50,100,100,229982,6 3 1 11 7 2 9 0 8 5 4 10 
393,3.32011e-06,4.34815e-06,2.95883e-06,50,100,100,229982,6 3 1 11 7 2 9 0 8 5 4 10 
394,3.31413e-06,4.34815e-06,2.95661e-06,50,100,100,229982,6 3 1 11 7 2 9 0 8 5 4 10 
395,3.34137e-06,4.34815e-06,2.93692e-06,50,100,100,229982,6 3 1 11 7 2 9 0 8 5 4 10 
396,3.28369e-06,4.34815e-06,2.95165e-06,50,100,100,229982,6 3 1 11 7 2 9 0 8 5 4 10 
397,3.33408e-06,4.34815e-06,3.01193e-06,50,100,100,229982,6 3 1 11 7 2 9 0 8 5 4 10 
398,3.33413e-06,4.34815e-06,2.92464e-06,50,100,100,229982,6 3 1 11 7 2 9 0 8 5 4 10 
399,3.32869e-06,4.34815e-06,2.95957e-06,50,100,100,229982,6 3 1 11 7 2 9 0 8 5 4 10 
400,3.34009e-06,4.34815e-06,2.97742e-06,50,100,100,229982,6 3 1 11 7 2 9 0 8 5 4 10 
401,3.29403e-06,4.34815e-06,2.91863e-06,50,100,100,229982,6 3 1 11 7 2 9 0 8 5 4 10 
402,3.32325e-06,4.34815e-06,3.01014e-06,50,100,100,229982,6 3 1 11 7 2 9 0 8 5 4 10 
403,3.3493e-06,4.34815e-06,3.02824e-06,50,100,100,229982,6 3 1 11 7 2 9 0 8 5 4 10 
404,3.31481e-06,4.34815e-06,2.95098e-06,50,100,100,229982,6 3 1 11 7 2 9 0 8 5 4 10 
405,3.35618e-06,4.34815e-06,2.97707e-06,50,100,100,229982,6 3 1 11 7 2 9 0 8 5 4 10 
406,3.3621e-06,4.34815e-06,3.02619e-06,50,100,100,229982,6 3 1 11 7 2 9 0 8 5 4 10 
407,3.32166e-06,4.34815e-06,3.00574e-06,50,100,100,229982,6 3 1 11 7 2 9 0 8 5 4 10 
408,3.31385e-06,4.34815e-06,2.9481e-06,50,100,100,229982,6 3 1 11 7 2 9 0 8 5 4 10 
409,3.28997e-06,4.34815e-06,2.98346e-06,50,100,100,229982,6 3 1 11 7 2 9 0 8 5 4 10 
410,3.31645e-06,4.34815e-06,2.95694e-06,50,100,100,229982,6 3 1 11 7 2 9 0 8 5 4 10 
411,3.36071e-06,4.34815e-06,2.92009e-06,50,100,100,229982,6 3 1 11 7 2 9 0 8 5 4 10 
412,3.343e-06,4.34815e-06,2.94691e-06,50,100,100,229982,6 3 1 11 7 2 9 0 8 5 4 10 
413,3.33536e-06,4.34815e-06,3.01253e-06,50,100,100,229982,6 3 1 11 7 2 9 0 8 5 4 10 
414,3.3262e-06,4.34815e-06,2.99533e-06,50,100,100,229982,6 3 1 11 7 2 9 0 8 5 4 10 
415,3.34573e-06,4.34815e-06,2.98601e-06,50,100,100,229982,6 3 1 11 7 2 9 0 8 5 4 10 
416,3.33399e-06,4.34815e-06,3.01088e-06,50,100,100,229982,6 3 1 11 7 2 9 0 8 5 4 10 
417,3.35688e-06,4.34815e-06,2.98339e-06,50,100,100,229982,6 3 1 11 7 2 9 0 8 5 4 10 
418,3.35386e-06,4.34815e-06,2.98985e-06,50,100,100,229982,6 3 1 11 7 2 9 0 8 5 4 10 
419,3.35371e-06,4.34815e-06,2.98377e-06,50,100,100,229982,6 3 1 11 7 2 9 0 8 5 4 10 
420,3.3559e-06,4.34815e-06,3.06904e-06,50,100,100,229982,6 3 1 11 7 2 9 0 8 5 4 10 
421,3.33651e-06,4.34815e-06,2.99468e-06,50,100,100,229982,6 3 1 11 7 2 9 0 8 5 4 10 
422,3.33647e-06,4.34815e-06,3.04206e-06,50,100,100,229982,6 3 1 11 7 2 9 0 8 5 4 10 
423,3.3247e-06,4.34815e-06,2.97937e-06,50,100,100,229982,6 3 1 11 7 2 9 0 8 5 4 10 
424,3.34014e-06,4.34815e-06,3.04504e-06,50,100,100,229982,6 3 1 11 7 2 9 0 8 5 4 10 
425,3.34437e-06,4.34815e-06,3.00509e-06,50,100,100,229982,6 3 1 11 7 2 9 0 8 5 4 10 
426,3.34186e-06,4.34815e-06,2.98542e-06,50,100,100,229982,6 3 1 11 7 2 9 0 8 5 4 10 
427,3.32557e-06,4.34815e-06,2.98574e-06,50,100,100,229982,6 3 1 11 7 2 9 0 8 5 4 10 
428,3.35479e-06,4.34815e-06,3.0029e-06,50,100,100,229982,6 3 1 11 7 2 9 0 8 5 4 10 
429,3.34085e-06,4.34815e-06,3.01493e-06,50,100,100,229982,6 3 1 11 7 2 9 0 8 5 4 10 
430,3.31194e-06,4.34815e-06,2.91191e-06,50,100,100,229982,6 3 1 11 7 2 9 0 8 5 4 10 
431,3.31236e-06,4.34815e-06,2.97293e-06,50,100,100,229982,6 3 1 11 7 2 9 0 8 5 4 10 
432,3.31094e-06,4.34815e-06,2.96691e-06,50,100,100,229982,6 3 1 11 7 2 9 0 8 5 4 10 
433,3.3315e-06,4.34815e-06,2.99847e-06,50,100,100,229982,6 3 1 11 7 2 9 0 8 5 4 10 
434,3.29048e-06,4.34815e-06,2.94939e-06,50,100,100,229982,6 3 1 11 7 2 9 0 8 5 4 10 
435,3.29272e-06,4.34815e-06,2.9608e-06,50,100,100,229982,6 3 1 11 7 2 9 0 8 5 4 10 
436,3.31653e-06,4.34815e-06,2.97063e-06,50,100,100,229982,6 3 1 11 7 2 9 0 8 5 4 10 
437,3.31657e-06,4.34815e-06,2.9981e-06,50,100,100,229982,6 3 1 11 7 2 9 0 8 5 4 10 
438,3.32784e-06,4.34815e-06,3.02701e-06,50,100,100,229982,6 3 1 11 7 2 9 0 8 5 4 10 
439,3.34045e-06,4.34815e-06,2.95957e-06,50,100,100,229982,6 3 1 11 7 2 9 0 8 5 4 10 
440,3.32116e-06,4.34815e-06,2.98535e-06,50,100,100,229982,6 3 1 11 7 2 9 0 8 5 4 10 
441,3.31296e-06,4.34815e-06,3.00939e-06,50,100,100,229982,6 3 1 11 7 2 9 0 8 5 4 10 
442,3.30199e-06,4.34815e-06,2.97316e-06,50,100,100,229982,6 3 1 11 7 2 9 0 8 5 4 10 
443,3.29695e-06,4.34815e-06,3.01304e-06,50,100,100,229982,6 3 1 11 7 2 9 0 8 5 4 10 
444,3.2919e-06,4.34815e-06,2.93956e-06,50,100,100,229982,6 3 1 11 7 2 9 0 8 5 4 10 
445,3.30661e-06,4.34815e-06,2.98362e-06,50,100,100,229982,6 3 1 11 7 2 9 0 8 5 4 10 
446,3.32625e-06,4.34815e-06,2.98087e-06,50,100,100,229982,6 3 1 11 7 2 9 0 8 5 4 10 
447,3.32234e-06,4.34815e-06,2.99194e-06,50,100,100,229982,6 3 1 11 7 2 9 0 8 5 4 10 
448,3.30428e-06,4.34815e-06,2.92719e-06,50,100,100,229982,6 3 1 11 7 2 9 0 8 5 4 10 
449,3.29347e-06,4.34815e-06,2.89947e-06,50,100,100,229982,6 3 1 11 7 2 9 0 8 5 4 10 
450,3.3316e-06,4.34815e-06,3.02001e-06,50,100,100,229982,6 3 1 11 7 2 9 0 8 5 4 10 
451,3.36788e-06,4.34815e-06,3.05675e-06,50,100,100,229982,6 3 1 11 7 2 9 0 8 5 4 10 
452,3.35912e-06,4.34815e-06,2.91271e-06,50,100,100,229982,6 3 1 11 7 2 9 0 8 5 4 10 
453,3.36894e-06,4.34815e-06,2.9743e-06,50,100,100,229982,6 3 1 11 7 2 9 0 8 5 4 10 
454,3.36086e-06,4.34815e-06,2.99039e-06,50,100,100,229982,6 3 1 11 7 2 9 0 8 5 4 10 
455,3.35546e-06,4.34815e-06,2.96827e-06,50,100,100,229982,6 3 1 11 7 2 9 0 8 5 4 10 
456,3.33575e-06,4.34815e-06,2.92691e-06,50,100,100,229982,6 3 1 11 7 2 9 0 8 5 4 10 
457,3.34039e-06,4.34815e-06,3.0057e-06,50,100,100,229982,6 3 1 11 7 2 9 0 8 5 4 10 
458,3.31615e-06,4.34815e-06,3.00952e-06,50,100,100,229982,6 3 1 11 7 2 9 0 8 5 4 10 
459,3.30119e-06,4.34815e-06,2.9245e-06,50,100,100,229982,6 3 1 11 7 2 9 0 8 5 4 10 
460,3.31171e-06,4.34815e-06,3.0093e-06,50,100,100,229982,6 3 1 11 7 2 9 0 8 5 4 10 
461,3.33033e-06,4.34815e-06,2.99037e-06,50,100,100,229982,6 3 1 11 7 2 9 0 8 5 4 10 
462,3.3448e-06,4.34815e-06,2.95319e-06,50,100,100,229982,6 3 1 11 7 2 9 0 8 5 4 10 
463,3.32441e-06,4.34815e-06,2.99069e-06,50,100,100,229982,6 3 1 11 7 2 9 0 8 5 4 10 
464,3.33808e-06,4.34815e-06,2.93161e-06,50,100,100,229982,6 3 1 11 7 2 9 0 8 5 4 10 
465,3.37754e-06,4.34815e-06,3.03989e-06,50,100,100,229982,6 3 1 11 7 2 9 0 8 5 4 10 
466,3.31734e-06,4.34815e-06,2.97751e-06,50,100,100,229982,6 3 1 11 7 2 9 0 8 5 4 10 
467,3.34724e-06,4.34815e-06,2.91723e-06,50,100,100,229982,6 3 1 11 7 2 9 0 8 5 4 10 
468,3.37039e-06,4.34815e-06,2.9704e-06,50,100,100,229982,6 3 1 11 7 2 9 0 8 5 4 10 
469,3.33656e-06,4.34815e-06,3.04119e-06,50,100,100,229982,6 3 1 11 7 2 9 0 8 5 4 10 
470,3.36005e-06,4.34815e-06,2.94788e-06,50,100,100,229982,6 3 1 11 7 2 9 0 8 5 4 10 
471,3.37818e-06,4.34815e-06,2.99468e-06,50,100,100,229982,6 3 1 11 7 2 9 0 8 5 4 10 
472,3.33977e-06,4.34815e-06,2.98161e-06,50,100,100,229982,6 3 1 11 7 2 9 0 8 5 4 10 
473,3.33787e-06,4.34815e-06,3.00455e-06,50,100,100,229982,6 3 1 11 7 2 9 0 8 5 4 10 
474,3.3258e-06,4.34815e-06,2.9748e-06,50,100,100,229982,6 3 1 11 7 2 9 0 8 5 4 10 
475,3.35405e-06,4.34815e-06,3.05974e-06,50,100,100,229982,6 3 1 11 7 2 9 0 8 5 4 10 
476,3.32858e-06,4.34815e-06,2.94323e-06,50,100,100,229982,6 3 1 11 7 2 9 0 8 5 4 10 
477,3.32281e-06,4.34815e-06,2.9959e-06,50,100,100,229982,6 3 1 11 7 2 9 0 8 5 4 10 
478,3.34222e-06,4.34815e-06,2.92773e-06,50,100,100,229982,6 3 1 11 7 2 9 0 8 5 4 10 
479,3.36079e-06,4.34815e-06,3.05272e-06,50,100,100,229982,6 3 1 11 7 2 9 0 8 5 4 10 
480,3.34532e-06,4.34815e-06,3.0518e-06,50,100,100,229982,6 3 1 11 7 2 9 0 8 5 4 10 
481,3.32167e-06,4.34815e-06,2.95094e-06,50,100,100,229982,6 3 1 11 7 2 9 0 8 5 4 10 
482,3.33803e-06,4.34815e-06,2.99626e-06,50,100,100,229982,6 3 1 11 7 2 9 0 8 5 4 10 
483,3.32796e-06,4.34815e-06,2.95342e-06,50,100,100,229982,6 3 1 11 7 2 9 0 8 5 4 10 
484,3.32775e-06,4.34815e-06,3.00465e-06,50,100,100,229982,6 3 1 11 7 2 9 0 8 5 4 10 
485,3.31975e-06,4.34815e-06,2.96547e-06,50,100,100,229982,6 3 1 11 7 2 9 0 8 5 4 10 
486,3.3292e-06,4.34815e-06,3.01197e-06,50,100,100,229982,6 3 1 11 7 2 9 0 8 5 4 10 
487,3.33649e-06,4.34815e-06,2.95497e-06,50,100,100,229982,6 3 1 11 7 2 9 0 8 5 4 10 
488,3.32809e-06,4.34815e-06,2.89851e-06,50,100,100,229982,6 3 1 11 7 2 9 0 8 5 4 10 
489,3.32091e-06,4.34815e-06,3.00065e-06,50,100,100,229982,6 3 1 11 7 2 9 0 8 5 4 10 
490,3.3417e-06,4.34815e-06,2.92618e-06,50,100,100,229982,6 3 1 11 7 2 9 0 8 5 4 10 
491,3.32485e-06,4.34815e-06,3.03714e-06,50,100,100,229982,6 3 1 11 7 2 9 0 8 5 4 10 
492,3.34919e-06,4.34815e-06,2.93383e-06,50,100,100,229982,6 3 1 11 7 2 9 0 8 5 4 10 
493,3.31907e-06,4.34815e-06,2.96737e-06,50,100,100,229982,6 3 1 11 7 2 9 0 8 5 4 10 
494,3.31666e-06,4.34815e-06,2.97485e-06,50,100,100,229982,6 3 1 11 7 2 9 0 8 5 4 10 
495,3.31084e-06,4.34815e-06,2.97703e-06,50,100,100,229982,6 3 1 11 7 2 9 0 8 5 4 10 
496,3.30563e-06,4.34815e-06,2.95904e-06,50,100,100,229982,6 3 1 11 7 2 9 0 8 5 4 10 
497,3.3164e-06,4.34815e-06,2.97363e-06,50,100,100,229982,6 3 1 11 7 2 9 0 8 5 4 10 
498,3.31071e-06,4.34815e-06,3.02225e-06,50,100,100,229982,6 3 1 11 7 2 9 0 8 5 4 10 
499,3.30906e-06,4.34815e-06,2.97604e-06,50,100,100,229982,6 3 1 11 7 2 9 0 8 5 4 10 
500,3.31793e-06,4.34815e-06,3.01253e-06,50,100,100,229982,6 3 1 11 7 2 9 0 8 5 4 10 
501,3.31243e-06,4.34815e-06,2.95945e-06,50,100,100,229982,6 3 1 11 7 2 9 0 8 5 4 10 
502,3.30016e-06,4.34815e-06,2.93297e-06,50,100,100,229982,6 3 1 11 7 2 9 0 8 5 4 10 
503,3.33966e-06,4.34815e-06,2.95882e-06,50,100,100,229982,6 3 1 11 7 2 9 0 8 5 4 10 
504,3.3298e-06,4.34815e-06,2.98678e-06,50,100,100,229982,6 3 1 11 7 2 9 0 8 5 4 10 
505,3.3178e-06,4.34815e-06,3.00384e-06,50,100,100,229982,6 3 1 11 7 2 9 0 8 5 4 10 
506,3.3397e-06,4.34815e-06,2.96969e-06,50,100,100,229982,6 3 1 11 7 2 9 0 8 5 4 10 
507,3.32736e-06,4.34815e-06,2.96094e-06,50,100,100,229982,6 3 1 11 7 2 9 0 8 5 4 10 
508,3.3059e-06,4.34815e-06,2.98122e-06,50,100,100,229982,6 3 1 11 7 2 9 0 8 5 4 10 
509,3.32284e-06,4.34815e-06,3.0355e-06,50,100,100,229982,6 3 1 11 7 2 9 0 8 5 4 10 
510,3.30741e-06,4.34815e-06,3.01151e-06,50,100,100,229982,6 3 1 11 7 2 9 0 8 5 4 10 
511,3.29394e-06,4.34815e-06,2.98631e-06,50,100,100,229982,6 3 1 11 7 2 9 0 8 5 4 10 
512,3.31649e-06,4.34815e-06,2.99874e-06,50,100,100,229982,6 3 1 11 7 2 9 0 8 5 4 10 
513,3.33698e-06,4.34815e-06,3.01522e-06,50,100,100,229982,6 3 1 11 7 2 9 0 8 5 4 10 
514,3.29804e-06,4.34815e-06,3.00139e-06,50,100,100,229982,6 3 1 11 7 2 9 0 8 5 4 10 
515,3.31075e-06,4.34815e-06,3.00849e-06,50,100,100,229982,6 3 1 11 7 2 9 0 8 5 4 10 
516,3.31467e-06,4.34815e-06,2.97411e-06,50,100,100,229982,6 3 1 11 7 2 9 0 8 5 4 10 
517,3.32819e-06,4.34815e-06,2.99064e-06,50,100,100,229982,6 3 1 11 7 2 9 0 8 5 4 10 
518,3.33445e-06,4.34815e-06,2.9682e-06,50,100,100,229982,6 3 1 11 7 2 9 0 8 5 4 10 
519,3.32428e-06,4.34815e-06,2.95815e-06,50,100,100,229982,6 3 1 11 7 2 9 0 8 5 4 10 
520,3.34364e-06,4.34815e-06,2.98697e-06,50,100,100,229982,6 3 1 11 7 2 9 0 8 5 4 10 
521,3.32942e-06,4.34815e-06,3.0334e-06,50,100,100,229982,6 3 1 11 7 2 9 0 8 5 4 10 
522,3.28976e-06,4.34815e-06,2.95918e-06,50,100,100,229982,6 3 1 11 7 2 9 0 8 5 4 10 
523,3.30752e-06,4.34815e-06,2.9218e-06,50,100,100,229982,6 3 1 11 7 2 9 0 8 5 4 10 
524,3.29676e-06,4.34815e-06,2.87438e-06,50,100,100,229982,6 3 1 11 7 2 9 0 8 5 4 10 
525,3.31372e-06,4.34815e-06,2.95317e-06,50,100,100,229982,6 3 1 11 7 2 9 0 8 5 4 10 
526,3.32323e-06,4.34815e-06,2.97119e-06,50,100,100,229982,6 3 1 11 7 2 9 0 8 5 4 10 
527,3.36807e-06,4.34815e-06,3.0197e-06,50,100,100,229982,6 3 1 11 7 2 9 0 8 5 4 10 
528,3.35641e-06,4.34815e-06,2.99053e-06,50,100,100,229982,6 3 1 11 7 2 9 0 8 5 4 10 
529,3.33861e-06,4.34815e-06,3.01296e-06,50,100,100,229982,6 3 1 11 7 2 9 0 8 5 4 10 
530,3.32797e-06,4.34815e-06,2.95682e-06,50,100,100,229982,6 3 1 11 7 2 9 0 8 5 4 10 
531,3.3485e-06,4.34815e-06,2.94951e-06,50,100,100,229982,6 3 1 11 7 2 9 0 8 5 4 10 
532,3.34286e-06,4.34815e-06,2.99655e-06,50,100,100,229982,6 3 1 11 7 2 9 0 8 5 4 10 
533,3.3267e-06,4.34815e-06,2.99713e-06,50,100,100,229982,6 3 1 11 7 2 9 0 8 5 4 10 
534,3.33379e-06,4.34815e-06,2.95406e-06,50,100,100,229982,6 3 1 11 7 2 9 0 8 5 4 10 
535,3.31979e-06,4.34815e-06,2.97944e-06,50,100,100,229982,6 3 1 11 7 2 9 0 8 5 4 10 
536,3.31114e-06,4.34815e-06,3.01538e-06,50,100,100,229982,6 3 1 11 7 2 9 0 8 5 4 10 
537,3.35105e-06,4.34815e-06,2.94837e-06,50,100,100,229982,6 3 1 11 7 2 9 0 8 5 4 10 
538,3.35103e-06,4.34815e-06,3.00211e-06,50,100,100,229982,6 3 1 11 7 2 9 0 8 5 4 10 
539,3.34585e-06,4.34815e-06,2.97183e-06,50,100,100,229982,6 3 1 11 7 2 9 0 8 5 4 10 
540,3.34112e-06,4.34815e-06,2.90123e-06,50,100,100,229982,6 3 1 11 7 2 9 0 8 5 4 10 
541,3.35021e-06,4.34815e-06,3.01564e-06,50,100,100,229982,6 3 1 11 7 2 9 0 8 5 4 10 
542,3.35952e-06,4.34815e-06,2.99695e-06,50,100,100,229982,6 3 1 11 7 2 9 0 8 5 4 10 
543,3.33889e-06,4.34815e-06,2.9757e-06,50,100,100,229982,6 3 1 11 7 2 9 0 8 5 4 10 
544,3.3839e-06,4.34815e-06,3.03834e-06,50,100,100,229982,6 3 1 11 7 2 9 0 8 5 4 10 
545,3.36985e-06,4.34815e-06,2.97416e-06,50,100,100,229982,6 3 1 11 7 2 9 0 8 5 4 10 
546,3.35131e-06,4.34815e-06,2.87154e-06,50,100,100,229982,6 3 1 11 7 2 9 0 8 5 4 10 
547,3.34099e-06,4.34815e-06,3.01809e-06,50,100,100,229982,6 3 1 11 7 2 9 0 8 5 4 10 
548,3.36392e-06,4.34815e-06,3.01184e-06,50,100,100,229982,6 3 1 11 7 2 9 0 8 5 4 10 
549,3.3658e-06,4.34815e-06,3.01713e-06,50,100,100,229982,6 3 1 11 7 2 9 0 8 5 4 10 
550,3.34742e-06,4.34815e-06,2.95756e-06,50,100,100,229982,6 3 1 11 7 2 9 0 8 5 4 10 
551,3.31473e-06,4.34815e-06,2.9442e-06,50,100,100,229982,6 3 1 11 7 2 9 0 8 5 4 10 
552,3.33711e-06,4.34815e-06,2.93495e-06,50,100,100,229982,6 3 1 11 7 2 9 0 8 5 4 10 
553,3.32086e-06,4.34815e-06,2.91951e-06,50,100,100,229982,6 3 1 11 7 2 9 0 8 5 4 10 
554,3.34793e-06,4.34815e-06,3.01993e-06,50,100,100,229982,6 3 1 11 7 2 9 0 8 5 4 10 
555,3.32341e-06,4.34815e-06,3.0128e-06,50,100,100,229982,6 3 1 11 7 2 9 0 8 5 4 10 
556,3.36842e-06,4.34815e-06,2.89764e-06,50,100,100,229982,6 3 1 11 7 2 9 0 8 5 4 10 
557,3.33824e-06,4.34815e-06,3.00216e-06,50,100,100,229982,6 3 1 11 7 2 9 0 8 5 4 10 
558,3.3586e-06,4.34815e-06,3.04545e-06,50,100,100,229982,6 3 1 11 7 2 9 0 8 5 4 10 
559,3.36257e-06,4.34815e-06,2.99932e-06,50,100,100,229982,6 3 1 11 7 2 9 0 8 5 4 10 
560,3.32517e-06,4.34815e-06,2.93609e-06,50,100,100,229982,6 3 1 11 7 2 9 0 8 5 4 10 
561,3.31908e-06,4.34815e-06,2.91648e-06,50,100,100,229982,6 3 1 11 7 2 9 0 8 5 4 10 
562,3.31733e-06,4.34815e-06,2.92727e-06,50,100,100,229982,6 3 1 11 7 2 9 0 8 5 4 10 
563,3.34582e-06,4.34815e-06,2.94297e-06,50,100,100,229982,6 3 1 11 7 2 9 0 8 5 4 10 
564,3.37425e-06,4.34815e-06,3.0044e-06,50,100,100,229982,6 3 1 11 7 2 9 0 8 5 4 10 
565,3.3577e-06,4.34815e-06,2.99201e-06,50,100,100,229982,6 3 1 11 7 2 9 0 8 5 4 10 
566,3.3619e-06,4.34815e-06,2.94444e-06,50,100,100,229982,6 3 1 11 7 2 9 0 8 5 4 10 
567,3.34262e-06,4.45599e-06,2.94797e-06,50,100,100,224416,1 3 6 11 7 2 9 0 8 5 4 10 
568,3.35018e-06,4.45599e-06,2.99175e-06,50,100,100,224416,1 3 6 11 7 2 9 0 8 5 4 10 
569,3.36927e-06,4.45599e-06,3.06657e-06,50,100,100,224416,1 3 6 11 7 2 9 0 8 5 4 10 
570,3.38429e-06,4.45599e-06,3.06887e-06,50,100,100,224416,1 3 6 11 7 2 9 0 8 5 4 10 
571,3.38064e-06,4.45599e-06,2.96621e-06,50,100,100,224416,1 3 6 11 7 2 9 0 8 5 4 10 
572,3.38707e-06,4.45599e-06,3.0203e-06,50,100,100,224416,1 3 6 11 7 2 9 0 8 5 4 10 
573,3.39625e-06,4.45599e-06,3.03493e-06,50,100,100,224416,1 3 6 11 7 2 9 0 8 5 4 10 
574,3.36384e-06,4.45599e-06,2.9695e-06,50,100,100,224416,1 3 6 11 7 2 9 0 8 5 4 10 
575,3.37485e-06,4.45599e-06,3.079e-06,50,100,100,224416,1 3 6 11 7 2 9 0 8 5 4 10 
576,3.37768e-06,4.45599e-06,2.9667e-06,50,100,100,224416,1 3 6 11 7 2 9 0 8 5 4 10 
577,3.33395e-06,4.45599e-06,2.88458e-06,50,100,100,224416,1 3 6 11 7 2 9 0 8 5 4 10 
578,3.36798e-06,4.45599e-06,2.98749e-06,50,100,100,224416,1 3 6 11 7 2 9 0 8 5 4 10 
579,3.37535e-06,4.45599e-06,3.05796e-06,50,100,100,224416,1 3 6 11 7 2 9 0 8 5 4 10 
580,3.37955e-06,4.45599e-06,3.01755e-06,50,100,100,224416,1 3 6 11 7 2 9 0 8 5 4 10 
581,3.36202e-06,4.45599e-06,2.95971e-06,50,100,100,224416,1 3 6 11 7 2 9 0 8 5 4 10 
582,3.35418e-06,4.45599e-06,2.98924e-06,50,100,100,224416,1 3 6 11 7 2 9 0 8 5 4 10 
583,3.3467e-06,4.45599e-06,2.98426e-06,50,100,100,224416,1 3 6 11 7 2 9 0 8 5 4 10 
584,3.35058e-06,4.45599e-06,2.93387e-06,50,100,100,224416,1 3 6 11 7 2 9 0 8 5 4 10 
585,3.3685e-06,4.45599e-06,2.96892e-06,50,100,100,224416,1 3 6 11 7 2 9 0 8 5 4 10 
586,3.35341e-06,4.45599e-06,2.93287e-06,50,100,100,224416,1 3 6 11 7 2 9 0 8 5 4 10 
587,3.33394e-06,4.45599e-06,3.02055e-06,50,100,100,224416,1 3 6 11 7 2 9 0 8 5 4 10 
588,3.33537e-06,4.45599e-06,3.01802e-06,50,100,100,224416,1 3 6 11 7 2 9 0 8 5 4 10 
589,3.34167e-06,4.45599e-06,2.97141e-06,50,100,100,224416,1 3 6 11 7 2 9 0 8 5 4 10 
590,3.31629e-06,4.45599e-06,2.98042e-06,50,100,100,224416,1 3 6 11 7 2 9 0 8 5 4 10 
591,3.30627e-06,4.45599e-06,2.99144e-06,50,100,100,224416,1 3 6 11 7 2 9 0 8 5 4 10 
592,3.31415e-06,4.45599e-06,2.96245e-06,50,100,100,224416,1 3 6 11 7 2 9 0 8 5 4 10 
593,3.33582e-06,4.45599e-06,2.9384e-06,50,100,100,224416,1 3 6 11 7 2 9 0 8 5 4 10 
594,3.35187e-06,4.45599e-06,2.95789e-06,50,100,100,224416,1 3 6 11 7 2 9 0 8 5 4 10 
595,3.32637e-06,4.45599e-06,2.9958e-06,50,100,100,224416,1 3 6 11 7 2 9 0 8 5 4 10 
596,3.34841e-06,4.45599e-06,2.98152e-06,50,100,100,224416,1 3 6 11 7 2 9 0 8 5 4 10 
597,3.36156e-06,4.45599e-06,2.98874e-06,50,100,100,224416,1 3 6 11 7 2 9 0 8 5 4 10 
598,3.3359e-06,4.45599e-06,2.99046e-06,50,100,100,224416,1 3 6 11 7 2 9 0 8 5 4 10 
599,3.33306e-06,4.45599e-06,2.98003e-06,50,100,100,224416,1 3 6 11 7 2 9 0 8 5 4 10 
600,3.37533e-06,4.45599e-06,3.02061e-06,50,100,100,224416,1 3 6 11 7 2 9 0 8 5 4 10 
601,3.38299e-06,4.45599e-06,3.02917e-06,50,100,100,224416,1 3 6 11 7 2 9 0 8 5 4 10 
602,3.37113e-06,4.45599e-06,2.98508e-06,50,100,100,224416,1 3 6 11 7 2 9 0 8 5 4 10 
603,3.39315e-06,4.45599e-06,2.98838e-06,50,100,100,224416,1 3 6 11 7 2 9 0 8 5 4 10 
604,3.41074e-06,4.45599e-06,3.03092e-06,50,100,100,224416,1 3 6 11 7 2 9 0 8 5 4 10 
605,3.43968e-06,4.45599e-06,3.0486e-06,50,100,100,224416,1 3 6 11 7 2 9 0 8 5 4 10 
606,3.42424e-06,4.45599e-06,3.07642e-06,50,100,100,224416,1 3 6 11 7 2 9 0 8 5 4 10 
607,3.41041e-06,4.45599e-06,3.07854e-06,50,100,100,224416,1 3 6 11 7 2 9 0 8 5 4 10 
608,3.38413e-06,4.45599e-06,2.98983e-06,50,100,100,224416,1 3 6 11 7 2 9 0 8 5 4 10 
609,3.4017e-06,4.45599e-06,2.98594e-06,50,100,100,224416,1 3 6 11 7 2 9 0 8 5 4 10 
610,3.37984e-06,4.45599e-06,3.04927e-06,50,100,100,224416,1 3 6 11 7 2 9 0 8 5 4 10 
611,3.37473e-06,4.45599e-06,3.05385e-06,50,100,100,224416,1 3 6 11 7 2 9 0 8 5 4 10 
612,3.37403e-06,4.45599e-06,3.01026e-06,50,100,100,224416,1 3 6 11 7 2 9 0 8 5 4 10 
613,3.38649e-06,4.45599e-06,3.03958e-06,50,100,100,224416,1 3 6 11 7 2 9 0 8 5 4 10 
614,3.37104e-06,4.45599e-06,3.00112e-06,50,100,100,224416,1 3 6 11 7 2 9 0 8 5 4 10 
615,3.37015e-06,4.45599e-06,3.01793e-06,50,100,100,224416,1 3 6 11 7 2 9 0 8 5 4 10 
616,3.3479e-06,4.45599e-06,3.01882e-06,50,100,100,224416,1 3 6 11 7 2 9 0 8 5 4 10 
617,3.35207e-06,4.45599e-06,2.97077e-06,50,100,100,224416,1 3 6 11 7 2 9 0 8 5 4 10 
618,3.38744e-06,4.45599e-06,3.02083e-06,50,100,100,224416,1 3 6 11 7 2 9 0 8 5 4 10 
619,3.39353e-06,4.45599e-06,3.0339e-06,50,100,100,224416,1 3 6 11 7 2 9 0 8 5 4 10 
620,3.35654e-06,4.45599e-06,3.02905e-06,50,100,100,224416,1 3 6 11 7 2 9 0 8 5 4 10 
621,3.34544e-06,4.45599e-06,2.95638e-06,50,100,100,224416,1 3 6 11 7 2 9 0 8 5 4 10 
622,3.36538e-06,4.45599e-06,3.017e-06,50,100,100,224416,1 3 6 11 7 2 9 0 8 5 4 10 
623,3.32421e-06,4.45599e-06,2.98553e-06,50,100,100,224416,1 3 6 11 7 2 9 0 8 5 4 10 
624,3.33347e-06,4.45599e-06,3.02265e-06,50,100,100,224416,1 3 6 11 7 2 9 0 8 5 4 10 
625,3.35189e-06,4.45599e-06,3.01596e-06,50,100,100,224416,1 3 6 11 7 2 9 0 8 5 4 10 
626,3.32329e-06,4.45599e-06,2.94435e-06,50,100,100,224416,1 3 6 11 7 2 9 0 8 5 4 10 
627,3.37186e-06,4.45599e-06,2.99355e-06,50,100,100,224416,1 3 6 11 7 2 9 0 8 5 4 10 
628,3.33997e-06,4.45599e-06,3.0176e-06,50,100,100,224416,1 3 6 11 7 2 9 0 8 5 4 10 
629,3.36277e-06,4.45599e-06,3.03261e-06,50,100,100,224416,1 3 6 11 7 2 9 0 8 5 4 10 
630,3.34796e-06,4.45599e-06,3.02681e-06,50,100,100,224416,1 3 6 11 7 2 9 0 8 5 4 10 
631,3.35394e-06,4.45599e-06,2.99806e-06,50,100,100,224416,1 3 6 11 7 2 9 0 8 5 4 10 
632,3.33564e-06,4.45599e-06,3.00132e-06,50,100,100,224416,1 3 6 11 7 2 9 0 8 5 4 10 
633,3.34402e-06,4.45599e-06,3.02328e-06,50,100,100,224416,1 3 6 11 7 2 9 0 8 5 4 10 
634,3.35199e-06,4.45599e-06,2.98079e-06,50,100,100,224416,1 3 6 11 7 2 9 0 8 5 4 10 
635,3.32459e-06,4.45599e-06,2.92534e-06,50,100,100,224416,1 3 6 11 7 2 9 0 8 5 4 10 
636,3.32452e-06,4.45599e-06,2.8913e-06,50,100,100,224416,1 3 6 11 7 2 9 0 8 5 4 10 
637,3.34759e-06,4.45599e-06,2.93239e-06,50,100,100,224416,1 3 6 11 7 2 9 0 8 5 4 10 
638,3.32934e-06,4.45599e-06,2.88659e-06,50,100,100,224416,1 3 6 11 7 2 9 0 8 5 4 10 
639,3.3558e-06,4.45599e-06,3.0263e-06,50,100,100,224416,1 3 6 11 7 2 9 0 8 5 4 10 
640,3.35038e-06,4.45599e-06,3.05458e-06,50,100,100,224416,1 3 6 11 7 2 9 0 8 5 4 10 
641,3.34495e-06,4.45599e-06,2.88804e-06,50,100,100,224416,1 3 6 11 7 2 9 0 8 5 4 10 
642,3.34607e-06,4.45599e-06,2.92725e-06,50,100,100,224416,1 3 6 11 7 2 9 0 8 5 4 10 
643,3.36426e-06,4.45599e-06,3.03298e-06,50,100,100,224416,1 3 6 11 7 2 9 0 8 5 4 10 
644,3.32506e-06,4.45599e-06,2.98111e-06,50,100,100,224416,1 3 6 11 7 2 9 0 8 5 4 10 
645,3.34037e-06,4.45599e-06,2.96968e-06,50,100,100,224416,1 3 6 11 7 2 9 0 8 5 4 10 
646,3.32926e-06,4.45599e-06,3.01868e-06,50,100,100,224416,1 3 6 11 7 2 9 0 8 5 4 10 
647,3.32404e-06,4.45599e-06,3.04406e-06,50,100,100,224416,1 3 6 11 7 2 9 0 8 5 4 10 
648,3.34287e-06,4.45599e-06,2.99162e-06,50,100,100,224416,1 3 6 11 7 2 9 0 8 5 4 10 
649,3.32977e-06,4.45599e-06,3.00179e-06,50,100,100,224416,1 3 6 11 7 2 9 0 8 5 4 10 
650,3.33276e-06,4.45599e-06,3.02116e-06,50,100,100,224416,1 3 6 11 7 2 9 0 8 5 4 10 
651,3.34262e-06,4.45599e-06,3.00917e-06,50,100,100,224416,1 3 6 11 7 2 9 0 8 5 4 10 
652,3.33404e-06,4.45599e-06,2.97379e-06,50,100,100,224416,1 3 6 11 7 2 9 0 8 5 4 10 
653,3.31724e-06,4.45599e-06,2.93101e-06,50,100,100,224416,1 3 6 11 7 2 9 0 8 5 4 10 
654,3.3343e-06,4.45599e-06,3.053e-06,50,100,100,224416,1 3 6 11 7 2 9 0 8 5 4 10 
655,3.32366e-06,4.45599e-06,2.94458e-06,50,100,100,224416,1 3 6 11 7 2 9 0 8 5 4 10 
656,3.34522e-06,4.45599e-06,3.00087e-06,50,100,100,224416,1 3 6 11 7 2 9 0 8 5 4 10 
657,3.30293e-06,4.45599e-06,2.9364e-06,50,100,100,224416,1 3 6 11 7 2 9 0 8 5 4 10 
658,3.33258e-06,4.45599e-06,2.98942e-06,50,100,100,224416,1 3 6 11 7 2 9 0 8 5 4 10 
659,3.31169e-06,4.45599e-06,3.01327e-06,50,100,100,224416,1 3 6 11 7 2 9 0 8 5 4 10 
660,3.29213e-06,4.45599e-06,2.99901e-06,50,100,100,224416,1 3 6 11 7 2 9 0 8 5 4 10 
661,3.30445e-06,4.45599e-06,2.94957e-06,50,100,100,224416,1 3 6 11 7 2 9 0 8 5 4 10 
662,3.32061e-06,4.45599e-06,2.9527e-06,50,100,100,224416,1 3 6 11 7 2 9 0 8 5 4 10 
663,3.36212e-06,4.45599e-06,2.9796e-06,50,100,100,224416,1 3 6 11 7 2 9 0 8 5 4 10 
664,3.3531e-06,4.45599e-06,2.98083e-06,50,100,100,224416,1 3 6 11 7 2 9 0 8 5 4 10 
665,3.34731e-06,4.45599e-06,3.02974e-06,50,100,100,224416,1 3 6 11 7 2 9 0 8 5 4 10 
666,3.36298e-06,4.45599e-06,3.02149e-06,50,100,100,224416,1 3 6 11 7 2 9 0 8 5 4 10 
667,3.35353e-06,4.45599e-06,2.99612e-06,50,100,100,224416,1 3 6 11 7 2 9 0 8 5 4 10 
668,3.34728e-06,4.45599e-06,2.95115e-06,50,100,100,224416,1 3 6 11 7 2 9 0 8 5 4 10 
669,3.35733e-06,4.45599e-06,3.01238e-06,50,100,100,224416,1 3 6 11 7 2 9 0 8 5 4 10 
670,3.35269e-06,4.45599e-06,2.98685e-06,50,100,100,224416,1 3 6 11 7 2 9 0 8 5 4 10 
671,3.32923e-06,4.45599e-06,2.91725e-06,50,100,100,224416,1 3 6 11 7 2 9 0 8 5 4 10 
672,3.31531e-06,4.45599e-06,2.97105e-06,50,100,100,224416,1 3 6 11 7 2 9 0 8 5 4 10 
673,3.31801e-06,4.45599e-06,2.95687e-06,50,100,100,224416,1 3 6 11 7 2 9 0 8 5 4 10 
674,3.31476e-06,4.45599e-06,3.04393e-06,50,100,100,224416,1 3 6 11 7 2 9 0 8 5 4 10 
675,3.34726e-06,4.45599e-06,3.0463e-06,50,100,100,224416,1 3 6 11 7 2 9 0 8 5 4 10 
676,3.34231e-06,4.45599e-06,3.00089e-06,50,100,100,224416,1 3 6 11 7 2 9 0 8 5 4 10 
677,3.32404e-06,4.45599e-06,2.9271e-06,50,100,100,224416,1 3 6 11 7 2 9 0 8 5 4 10 
678,3.31118e-06,4.45599e-06,2.99135e-06,50,100,100,224416,1 3 6 11 7 2 9 0 8 5 4 10 
679,3.3115e-06,4.45599e-06,3.01249e-06,50,100,100,224416,1 3 6 11 7 2 9 0 8 5 4 10 
680,3.34816e-06,4.45599e-06,2.99142e-06,50,100,100,224416,1 3 6 11 7 2 9 0 8 5 4 10 
681,3.33431e-06,4.45599e-06,2.98958e-06,50,100,100,224416,1 3 6 11 7 2 9 0 8 5 4 10 
682,3.29967e-06,4.45599e-06,2.90822e-06,50,100,100,224416,1 3 6 11 7 2 9 0 8 5 4 10 
683,3.3254e-06,4.45599e-06,3.03463e-06,50,100,100,224416,1 3 6 11 7 2 9 0 8 5 4 10 
684,3.32004e-06,4.45599e-06,2.96612e-06,50,100,100,224416,1 3 6 11 7 2 9 0 8 5 4 10 
685,3.31806e-06,4.45599e-06,2.98286e-06,50,100,100,224416,1 3 6 11 7 2 9 0 8 5 4 10 
686,3.31208e-06,4.45599e-06,2.95953e-06,50,100,100,224416,1 3 6 11 7 2 9 0 8 5 4 10 
687,3.30239e-06,4.45599e-06,2.95211e-06,50,100,100,224416,1 3 6 11 7 2 9 0 8 5 4 10 
688,3.29707e-06,4.45599e-06,2.95596e-06,50,100,100,224416,1 3 6 11 7 2 9 0 8 5 4 10 
689,3.32886e-06,4.45599e-06,2.92007e-06,50,100,100,224416,1 3 6 11 7 2 9 0 8 5 4 10 
690,3.31279e-06,4.45599e-06,2.97698e-06,50,100,100,224416,1 3 6 11 7 2 9 0 8 5 4 10 
691,3.32087e-06,4.45599e-06,2.90482e-06,50,100,100,224416,1 3 6 11 7 2 9 0 8 5 4 10 
692,3.32096e-06,4.45599e-06,3.02158e-06,50,100,100,224416,1 3 6 11 7 2 9 0 8 5 4 10 
693,3.33607e-06,4.45599e-06,2.97195e-06,50,100,100,224416,1 3 6 11 7 2 9 0 8 5 4 10 
694,3.32776e-06,4.45599e-06,2.93299e-06,50,100,100,224416,1 3 6 11 7 2 9 0 8 5 4 10 
695,3.32899e-06,4.45599e-06,2.99434e-06,50,100,100,224416,1 3 6 11 7 2 9 0 8 5 4 10 
696,3.31438e-06,4.45599e-06,2.94496e-06,50,100,100,224416,1 3 6 11 7 2 9 0 8 5 4 10 
697,3.35023e-06,4.45599e-06,2.96622e-06,50,100,100,224416,1 3 6 11 7 2 9 0 8 5 4 10 
698,3.35426e-06,4.45599e-06,2.99151e-06,50,100,100,224416,1 3 6 11 7 2 9 0 8 5 4 10 
699,3.34984e-06,4.45599e-06,2.99979e-06,50,100,100,224416,1 3 6 11 7 2 9 0 8 5 4 10 
700,3.32837e-06,4.45599e-06,2.98815e-06,50,100,100,224416,1 3 6 11 7 2 9 0 8 5 4 10 
701,3.35237e-06,4.45599e-06,3.06103e-06,50,100,100,224416,1 3 6 11 7 2 9 0 8 5 4 10 
702,3.34013e-06,4.45599e-06,2.98325e-06,50,100,100,224416,1 3 6 11 7 2 9 0 8 5 4 10 
703,3.32918e-06,4.45599e-06,2.95324e-06,50,100,100,224416,1 3 6 11 7 2 9 0 8 5 4 10 
704,3.34181e-06,4.45599e-06,3.0597e-06,50,100,100,224416,1 3 6 11 7 2 9 0 8 5 4 10 
705,3.34749e-06,4.45599e-06,2.98142e-06,50,100,100,224416,1 3 6 11 7 2 9 0 8 5 4 10 
706,3.3791e-06,4.45599e-06,3.02985e-06,50,100,100,224416,1 3 6 11 7 2 9 0 8 5 4 10 
707,3.39623e-06,4.45599e-06,2.96645e-06,50,100,100,224416,1 3 6 11 7 2 9 0 8 5 4 10 
708,3.43369e-06,4.45599e-06,3.02761e-06,50,100,100,224416,1 3 6 11 7 2 9 0 8 5 4 10 
709,3.40511e-06,4.45599e-06,2.99255e-06,50,100,100,224416,1 3 6 11 7 2 9 0 8 5 4 10 
710,3.39671e-06,4.45599e-06,3.04762e-06,50,100,100,224416,1 3 6 11 7 2 9 0 8 5 4 10 
711,3.39643e-06,4.45599e-06,3.03592e-06,50,100,100,224416,1 3 6 11 7 2 9 0 8 5 4 10 
712,3.3682e-06,4.45599e-06,2.99381e-06,50,100,100,224416,1 3 6 11 7 2 9 0 8 5 4 10 
713,3.36691e-06,4.45599e-06,3.01373e-06,50,100,100,224416,1 3 6 11 7 2 9 0 8 5 4 10 
714,3.36285e-06,4.45599e-06,2.92045e-06,50,100,100,224416,1 3 6 11 7 2 9 0 8 5 4 10 
715,3.3401e-06,4.45599e-06,2.95924e-06,50,100,100,224416,1 3 6 11 7 2 9 0 8 5 4 10 
716,3.35246e-06,4.45599e-06,2.97063e-06,50,100,100,224416,1 3 6 11 7 2 9 0 8 5 4 10 
717,3.3521e-06,4.45599e-06,3.03419e-06,50,100,100,224416,1 3 6 11 7 2 9 0 8 5 4 10 
718,3.37595e-06,4.45599e-06,3.07168e-06,50,100,100,224416,1 3 6 11 7 2 9 0 8 5 4 10 
719,3.3756e-06,4.45599e-06,2.9873e-06,50,100,100,224416,1 3 6 11 7 2 9 0 8 5 4 10 
720,3.38403e-06,4.45599e-06,2.9935e-06,50,100,100,224416,1 3 6 11 7 2 9 0 8 5 4 10 
721,3.38114e-06,4.45599e-06,3.02443e-06,50,100,100,224416,1 3 6 11 7 2 9 0 8 5 4 10 
722,3.35852e-06,4.45599e-06,2.92655e-06,50,100,100,224416,1 3 6 11 7 2 9 0 8 5 4 10 
723,3.34904e-06,4.45599e-06,2.92315e-06,50,100,100,224416,1 3 6 11 7 2 9 0 8 5 4 10 
724,3.34599e-06,4.45599e-06,2.93203e-06,50,100,100,224416,1 3 6 11 7 2 9 0 8 5 4 10 
725,3.33739e-06,4.45599e-06,2.99175e-06,50,100,100,224416,1 3 6 11 7 2 9 0 8 5 4 10 
726,3.39093e-06,4.45599e-06,3.05339e-06,50,100,100,224416,1 3 6 11 7 2 9 0 8 5 4 10 
727,3.35898e-06,4.45599e-06,3.00668e-06,50,100,100,224416,1 3 6 11 7 2 9 0 8 5 4 10 
728,3.3384e-06,4.45599e-06,2.99273e-06,50,100,100,224416,1 3 6 11 7 2 9 0 8 5 4 10 
729,3.33023e-06,4.45599e-06,3.01273e-06,50,100,100,224416,1 3 6 11 7 2 9 0 8 5 4 10 
730,3.35724e-06,4.45599e-06,2.93351e-06,50,100,100,224416,1 3 6 11 7 2 9 0 8 5 4 10 
731,3.35651e-06,4.45599e-06,2.94557e-06,50,100,100,224416,1 3 6 11 7 2 9 0 8 5 4 10 
732,3.34044e-06,4.45599e-06,2.96348e-06,50,100,100,224416,1 3 6 11 7 2 9 0 8 5 4 10 
733,3.34332e-06,4.45599e-06,2.97068e-06,50,100,100,224416,1 3 6 11 7 2 9 0 8 5 4 10 
734,3.37125e-06,4.45599e-06,3.05929e-06,50,100,100,224416,1 3 6 11 7 2 9 0 8 5 4 10 
735,3.35805e-06,4.45599e-06,2.98788e-06,50,100,100,224416,1 3 6 11 7 2 9 0 8 5 4 10 
736,3.33998e-06,4.45599e-06,2.99837e-06,50,100,100,224416,1 3 6 11 7 2 9 0 8 5 4 10 
737,3.32624e-06,4.45599e-06,2.99048e-06,50,100,100,224416,1 3 6 11 7 2 9 0 8 5 4 10 
738,3.35495e-06,4.45599e-06,3.00794e-06,50,100,100,224416,1 3 6 11 7 2 9 0 8 5 4 10 
739,3.35199e-06,4.45599e-06,2.99792e-06,50,100,100,224416,1 3 6 11 7 2 9 0 8 5 4 10 
740,3.37481e-06,4.45599e-06,3.01102e-06,50,100,100,224416,1 3 6 11 7 2 9 0 8 5 4 10 
741,3.36611e-06,4.45599e-06,3.00807e-06,50,100,100,224416,1 3 6 11 7 2 9 0 8 5 4 10 
742,3.33455e-06,4.45599e-06,3.05382e-06,50,100,100,224416,1 3 6 11 7 2 9 0 8 5 4 10 
743,3.34262e-06,4.45599e-06,3.05862e-06,50,100,100,224416,1 3 6 11 7 2 9 0 8 5 4 10 
744,3.34075e-06,4.45599e-06,3.00907e-06,50,100,100,224416,1 3 6 11 7 2 9 0 8 5 4 10 
745,3.34469e-06,4.45599e-06,2.97289e-06,50,100,100,224416,1 3 6 11 7 2 9 0 8 5 4 10 
746,3.29951e-06,4.45599e-06,2.89133e-06,50,100,100,224416,1 3 6 11 7 2 9 0 8 5 4 10 
747,3.307e-06,4.45599e-06,2.97519e-06,50,100,100,224416,1 3 6 11 7 2 9 0 8 5 4 10 
748,3.32006e-06,4.45599e-06,2.93794e-06,50,100,100,224416,1 3 6 11 7 2 9 0 8 5 4 10 
749,3.31637e-06,4.45599e-06,2.97992e-06,50,100,100,224416,1 3 6 11 7 2 9 0 8 5 4 10 
750,3.32499e-06,4.45599e-06,2.91653e-06,50,100,100,224416,1 3 6 11 7 2 9 0 8 5 4 10 
751,3.32386e-06,4.45599e-06,3.03548e-06,50,100,100,224416,1 3 6 11 7 2 9 0 8 5 4 10 
752,3.31939e-06,4.45599e-06,2.95576e-06,50,100,100,224416,1 3 6 11 7 2 9 0 8 5 4 10 
753,3.35022e-06,4.45599e-06,3.03762e-06,50,100,100,224416,1 3 6 11 7 2 9 0 8 5 4 10 
754,3.33515e-06,4.45599e-06,3.00101e-06,50,100,100,224416,1 3 6 11 7 2 9 0 8 5 4 10 
755,3.34459e-06,4.45599e-06,2.98243e-06,50,100,100,224416,1 3 6 11 7 2 9 0 8 5 4 10 
756,3.32379e-06,4.45599e-06,2.94567e-06,50,100,100,224416,1 3 6 11 7 2 9 0 8 5 4 10 
757,3.33177e-06,4.45599e-06,2.95375e-06,50,100,100,224416,1 3 6 11 7 2 9 0 8 5 4 10 
758,3.3217e-06,4.45599e-06,2.96095e-06,50,100,100,224416,1 3 6 11 7 2 9 0 8 5 4 10 
759,3.32738e-06,4.45599e-06,3.04615e-06,50,100,100,224416,1 3 6 11 7 2 9 0 8 5 4 10 
760,3.33699e-06,4.45599e-06,3.02045e-06,50,100,100,224416,1 3 6 11 7 2 9 0 8 5 4 10 
761,3.35966e-06,4.45599e-06,2.96716e-06,50,100,100,224416,1 3 6 11 7 2 9 0 8 5 4 10 
762,3.33642e-06,4.45599e-06,2.89093e-06,50,100,100,224416,1 3 6 11 7 2 9 0 8 5 4 10 
763,3.32597e-06,4.45599e-06,2.87298e-06,50,100,100,224416,1 3 6 11 7 2 9 0 8 5 4 10 
764,3.32093e-06,4.45599e-06,3.01525e-06,50,100,100,224416,1 3 6 11 7 2 9 0 8 5 4 10 
765,3.32426e-06,4.45599e-06,2.9909e-06,50,100,100,224416,1 3 6 11 7 2 9 0 8 5 4 10 
766,3.33832e-06,4.45599e-06,3.0549e-06,50,100,100,224416,1 3 6 11 7 2 9 0 8 5 4 10 
767,3.31395e-06,4.45599e-06,2.99632e-06,50,100,100,224416,1 3 6 11 7 2 9 0 8 5 4 10 
768,3.39261e-06,4.45599e-06,3.0555e-06,50,100,100,224416,1 3 6 11 7 2 9 0 8 5 4 10 
769,3.38763e-06,4.45599e-06,3.04717e-06,50,100,100,224416,1 3 6 11 7 2 9 0 8 5 4 10 
770,3.3165e-06,4.45599e-06,2.9278e-06,50,100,100,224416,1 3 6 11 7 2 9 0 8 5 4 10 
771,3.36278e-06,4.45599e-06,3.02983e-06,50,100,100,224416,1 3 6 11 7 2 9 0 8 5 4 10 
772,3.32514e-06,4.45599e-06,2.97059e-06,50,100,100,224416,1 3 6 11 7 2 9 0 8 5 4 10 
773,3.34324e-06,4.45599e-06,2.93313e-06,50,100,100,224416,1 3 6 11 7 2 9 0 8 5 4 10 
774,3.35252e-06,4.45599e-06,2.98286e-06,50,100,100,224416,1 3 6 11 7 2 9 0 8 5 4 10 
775,3.3742e-06,4.45599e-06,3.03072e-06,50,100,100,224416,1 3 6 11 7 2 9 0 8 5 4 10 
776,3.37422e-06,4.45599e-06,3.02778e-06,50,100,100,224416,1 3 6 11 7 2 9 0 8 5 4 10 
777,3.34407e-06,4.45599e-06,2.99459e-06,50,100,100,224416,1 3 6 11 7 2 9 0 8 5 4 10 
778,3.35594e-06,4.45599e-06,3.02796e-06,50,100,100,224416,1 3 6 11 7 2 9 0 8 5 4 10 
779,3.36218e-06,4.45599e-06,3.0215e-06,50,100,100,224416,1 3 6 11 7 2 9 0 8 5 4 10 
780,3.39161e-06,4.45599e-06,3.02105e-06,50,100,100,224416,1 3 6 11 7 2 9 0 8 5 4 10 
781,3.37759e-06,4.45599e-06,3.01217e-06,50,100,100,224416,1 3 6 11 7 2 9 0 8 5 4 10 
782,3.40673e-06,4.45599e-06,3.03768e-06,50,100,100,224416,1 3 6 11 7 2 9 0 8 5 4 10 
783,3.40822e-06,4.45599e-06,2.96793e-06,50,100,100,224416,1 3 6 11 7 2 9 0 8 5 4 10 
784,3.3729e-06,4.45599e-06,3.00601e-06,50,100,100,224416,1 3 6 11 7 2 9 0 8 5 4 10 
785,3.37136e-06,4.45599e-06,2.97941e-06,50,100,100,224416,1 3 6 11 7 2 9 0 8 5 4 10 
786,3.39047e-06,4.45599e-06,3.00632e-06,50,100,100,224416,1 3 6 11 7 2 9 0 8 5 4 10 
787,3.37724e-06,4.45599e-06,3.01186e-06,50,100,100,224416,1 3 6 11 7 2 9 0 8 5 4 10 
788,3.37816e-06,4.45599e-06,3.04443e-06,50,100,100,224416,1 3 6 11 7 2 9 0 8 5 4 10 
789,3.38503e-06,4.45599e-06,2.97402e-06,50,100,100,224416,1 3 6 11 7 2 9 0 8 5 4 10 
790,3.36271e-06,4.45599e-06,3.01908e-06,50,100,100,224416,1 3 6 11 7 2 9 0 8 5 4 10 
791,3.38885e-06,4.45599e-06,3.05123e-06,50,100,100,224416,1 3 6 11 7 2 9 0 8 5 4 10 
792,3.35537e-06,4.45599e-06,3.02925e-06,50,100,100,224416,1 3 6 11 7 2 9 0 8 5 4 10 
793,3.34707e-06,4.45599e-06,3.00035e-06,50,100,100,224416,1 3 6 11 7 2 9 0 8 5 4 10 
794,3.33784e-06,4.45599e-06,3.01253e-06,50,100,100,224416,1 3 6 11 7 2 9 0 8 5 4 10 
795,3.34936e-06,4.45599e-06,2.93456e-06,50,100,100,224416,1 3 6 11 7 2 9 0 8 5 4 10 
796,3.33761e-06,4.45599e-06,3.04419e-06,50,100,100,224416,1 3 6 11 7 2 9 0 8 5 4 10 
797,3.36584e-06,4.45599e-06,3.0182e-06,50,100,100,224416,1 3 6 11 7 2 9 0 8 5 4 10 
798,3.39268e-06,4.45599e-06,3.01911e-06,50,100,100,224416,1 3 6 11 7 2 9 0 8 5 4 10 
799,3.34947e-06,4.45599e-06,2.92387e-06,50,100,100,224416,1 3 6 11 7 2 9 0 8 5 4 10 
800,3.37435e-06,4.45599e-06,3.05399e-06,50,100,100,224416,1 3 6 11 7 2 9 0 8 5 4 10 
801,3.36143e-06,4.45599e-06,3.01757e-06,50,100,100,224416,1 3 6 11 7 2 9 0 8 5 4 10 
802,3.34949e-06,4.45599e-06,2.98289e-06,50,100,100,224416,1 3 6 11 7 2 9 0 8 5 4 10 
803,3.37295e-06,4.45599e-06,2.95336e-06,50,100,100,224416,1 3 6 11 7 2 9 0 8 5 4 10 
804,3.3551e-06,4.45599e-06,3.04554e-06,50,100,100,224416,1 3 6 11 7 2 9 0 8 5 4 10 
805,3.37273e-06,4.45599e-06,3.07028e-06,50,100,100,224416,1 3 6 11 7 2 9 0 8 5 4 10 
806,3.33685e-06,4.45599e-06,2.95766e-06,50,100,100,224416,1 3 6 11 7 2 9 0 8 5 4 10 
807,3.33728e-06,4.45599e-06,3.01897e-06,50,100,100,224416,1 3 6 11 7 2 9 0 8 5 4 10 
808,3.33307e-06,4.45599e-06,3.07202e-06,50,100,100,224416,1 3 6 11 7 2 9 0 8 5 4 10 
809,3.3704e-06,4.45599e-06,3.03366e-06,50,100,100,224416,1 3 6 11 7 2 9 0 8 5 4 10 
810,3.37471e-06,4.45599e-06,2.94583e-06,50,100,100,224416,1 3 6 11 7 2 9 0 8 5 4 10 
811,3.33131e-06,4.45599e-06,2.95609e-06,50,100,100,224416,1 3 6 11 7 2 9 0 8 5 4 10 
812,3.31578e-06,4.45599e-06,3.02857e-06,50,100,100,224416,1 3 6 11 7 2 9 0 8 5 4 10 
813,3.34455e-06,4.45599e-06,3.05447e-06,50,100,100,224416,1 3 6 11 7 2 9 0 8 5 4 10 
814,3.32735e-06,4.45599e-06,2.93669e-06,50,100,100,224416,1 3 6 11 7 2 9 0 8 5 4 10 
815,3.3629e-06,4.45599e-06,2.98717e-06,50,100,100,224416,1 3 6 11 7 2 9 0 8 5 4 10 
816,3.37873e-06,4.45599e-06,3.01886e-06,50,100,100,224416,1 3 6 11 7 2 9 0 8 5 4 10 
817,3.36009e-06,4.45599e-06,2.97726e-06,50,100,100,224416,1 3 6 11 7 2 9 0 8 5 4 10 
818,3.32315e-06,4.45599e-06,2.98457e-06,50,100,100,224416,1 3 6 11 7 2 9 0 8 5 4 10 
819,3.36759e-06,4.45599e-06,2.9757e-06,50,100,100,224416,1 3 6 11 7 2 9 0 8 5 4 10 
820,3.36236e-06,4.45599e-06,2.97615e-06,50,100,100,224416,1 3 6 11 7 2 9 0 8 5 4 10 
821,3.34839e-06,4.45599e-06,2.94105e-06,50,100,100,224416,1 3 6 11 7 2 9 0 8 5 4 10 
822,3.38621e-06,4.45599e-06,3.06079e-06,50,100,100,224416,1 3 6 11 7 2 9 0 8 5 4 10 
823,3.34679e-06,4.45599e-06,3.03681e-06,50,100,100,224416,1 3 6 11 7 2 9 0 8 5 4 10 
824,3.31813e-06,4.45599e-06,2.9487e-06,50,100,100,224416,1 3 6 11 7 2 9 0 8 5 4 10 
825,3.34735e-06,4.45599e-06,3.01097e-06,50,100,100,224416,1 3 6 11 7 2 9 0 8 5 4 10 
826,3.35866e-06,4.45599e-06,3.06868e-06,50,100,100,224416,1 3 6 11 7 2 9 0 8 5 4 10 
827,3.34505e-06,4.45599e-06,3.042e-06,50,100,100,224416,1 3 6 11 7 2 9 0 8 5 4 10 
828,3.33961e-06,4.45599e-06,2.97957e-06,50,100,100,224416,1 3 6 11 7 2 9 0 8 5 4 10 
829,3.32538e-06,4.45599e-06,2.99981e-06,50,100,100,224416,1 3 6 11 7 2 9 0 8 5 4 10 
830,3.31562e-06,4.45599e-06,2.96329e-06,50,100,100,224416,1 3 6 11 7 2 9 0 8 5 4 10 
831,3.34173e-06,4.45599e-06,2.96069e-06,50,100,100,224416,1 3 6 11 7 2 9 0 8 5 4 10 
832,3.3657e-06,4.45599e-06,3.01729e-06,50,100,100,224416,1 3 6 11 7 2 9 0 8 5 4 10 
833,3.37421e-06,4.45599e-06,3.02919e-06,50,100,100,224416,1 3 6 11 7 2 9 0 8 5 4 10 
834,3.36121e-06,4.45599e-06,3.00957e-06,50,100,100,224416,1 3 6 11 7 2 9 0 8 5 4 10 
835,3.36674e-06,4.45599e-06,2.98912e-06,50,100,100,224416,1 3 6 11 7 2 9 0 8 5 4 10 
836,3.35687e-06,4.45599e-06,2.97723e-06,50,100,100,224416,1 3 6 11 7 2 9 0 8 5 4 10 
837,3.36638e-06,4.45599e-06,2.96339e-06,50,100,100,224416,1 3 6 11 7 2 9 0 8 5 4 10 
838,3.33377e-06,4.45599e-06,2.90405e-06,50,100,100,224416,1 3 6 11 7 2 9 0 8 5 4 10 
839,3.37622e-06,4.45599e-06,2.98872e-06,50,100,100,224416,1 3 6 11 7 2 9 0 8 5 4 10 
840,3.37671e-06,4.45599e-06,3.07041e-06,50,100,100,224416,1 3 6 11 7 2 9 0 8 5 4 10 
841,3.37212e-06,4.45599e-06,3.04365e-06,50,100,100,224416,1 3 6 11 7 2 9 0 8 5 4 10 
842,3.34331e-06,4.45599e-06,2.98231e-06,50,100,100,224416,1 3 6 11 7 2 9 0 8 5 4 10 
843,3.35169e-06,4.45599e-06,3.02309e-06,50,100,100,224416,1 3 6 11 7 2 9 0 8 5 4 10 
844,3.40289e-06,4.45599e-06,2.97241e-06,50,100,100,224416,1 3 6 11 7 2 9 0 8 5 4 10 
845,3.3748e-06,4.45599e-06,3.01955e-06,50,100,100,224416,1 3 6 11 7 2 9 0 8 5 4 10 
846,3.34606e-06,4.45599e-06,2.93003e-06,50,100,100,224416,1 3 6 11 7 2 9 0 8 5 4 10 
847,3.36032e-06,4.45599e-06,2.94777e-06,50,100,100,224416,1 3 6 11 7 2 9 0 8 5 4 10 
848,3.36696e-06,4.45599e-06,2.9625e-06,50,100,100,224416,1 3 6 11 7 2 9 0 8 5 4 10 
849,3.39231e-06,4.45599e-06,3.10325e-06,50,100,100,224416,1 3 6 11 7 2 9 0 8 5 4 10 
850,3.35817e-06,4.45599e-06,3.00249e-06,50,100,100,224416,1 3 6 11 7 2 9 0 8 5 4 10 
851,3.3545e-06,4.45599e-06,2.97086e-06,50,100,100,224416,1 3 6 11 7 2 9 0 8 5 4 10 
852,3.34996e-06,4.45599e-06,2.99447e-06,50,100,100,224416,1 3 6 11 7 2 9 0 8 5 4 10 
853,3.36307e-06,4.45599e-06,2.97992e-06,50,100,100,224416,1 3 6 11 7 2 9 0 8 5 4 10 
854,3.34426e-06,4.45599e-06,2.99065e-06,50,100,100,224416,1 3 6 11 7 2 9 0 8 5 4 10 
855,3.3079e-06,4.45599e-06,2.92976e-06,50,100,100,224416,1 3 6 11 7 2 9 0 8 5 4 10 
856,3.35065e-06,4.45599e-06,2.97282e-06,50,100,100,224416,1 3 6 11 7 2 9 0 8 5 4 10 
857,3.34862e-06,4.45599e-06,2.97602e-06,50,100,100,224416,1 3 6 11 7 2 9 0 8 5 4 10 
858,3.32955e-06,4.45599e-06,3.00141e-06,50,100,100,224416,1 3 6 11 7 2 9 0 8 5 4 10 
859,3.37523e-06,4.45599e-06,3.02739e-06,50,100,100,224416,1 3 6 11 7 2 9 0 8 5 4 10 
860,3.34486e-06,4.45599e-06,2.99003e-06,50,100,100,224416,1 3 6 11 7 2 9 0 8 5 4 10 
861,3.35227e-06,4.45599e-06,3.06512e-06,50,100,100,224416,1 3 6 11 7 2 9 0 8 5 4 10 
862,3.35845e-06,4.45599e-06,2.98165e-06,50,100,100,224416,1 3 6 11 7 2 9 0 8 5 4 10 
863,3.32031e-06,4.45599e-06,3.02123e-06,50,100,100,224416,1 3 6 11 7 2 9 0 8 5 4 10 
864,3.32461e-06,4.45599e-06,2.84953e-06,50,100,100,224416,1 3 6 11 7 2 9 0 8 5 4 10 
865,3.33964e-06,4.45599e-06,2.98712e-06,50,100,100,224416,1 3 6 11 7 2 9 0 8 5 4 10 
866,3.33044e-06,4.45599e-06,2.95569e-06,50,100,100,224416,1 3 6 11 7 2 9 0 8 5 4 10 
867,3.32641e-06,4.45599e-06,2.94177e-06,50,100,100,224416,1 3 6 11 7 2 9 0 8 5 4 10 
868,3.31647e-06,4.45599e-06,2.99711e-06,50,100,100,224416,1 3 6 11 7 2 9 0 8 5 4 10 
869,3.33602e-06,4.45599e-06,3.03901e-06,50,100,100,224416,1 3 6 11 7 2 9 0 8 5 4 10 
870,3.34007e-06,4.45599e-06,2.9713e-06,50,100,100,224416,1 3 6 11 7 2 9 0 8 5 4 10 
871,3.3151e-06,4.45599e-06,2.98149e-06,50,100,100,224416,1 3 6 11 7 2 9 0 8 5 4 10 
872,3.33858e-06,4.45599e-06,3.01596e-06,50,100,100,224416,1 3 6 11 7 2 9 0 8 5 4 10 
873,3.34902e-06,4.45599e-06,2.96455e-06,50,100,100,224416,1 3 6 11 7 2 9 0 8 5 4 10 
874,3.37191e-06,4.45599e-06,3.0052e-06,50,100,100,224416,1 3 6 11 7 2 9 0 8 5 4 10 
875,3.35465e-06,4.45599e-06,2.94219e-06,50,100,100,224416,1 3 6 11 7 2 9 0 8 5 4 10 
876,3.31521e-06,4.45599e-06,2.95275e-06,50,100,100,224416,1 3 6 11 7 2 9 0 8 5 4 10 
877,3.34708e-06,4.45599e-06,2.98466e-06,50,100,100,224416,1 3 6 11 7 2 9 0 8 5 4 10 
878,3.37027e-06,4.45599e-06,2.95686e-06,50,100,100,224416,1 3 6 11 7 2 9 0 8 5 4 10 
879,3.33262e-06,4.45599e-06,2.99407e-06,50,100,100,224416,1 3 6 11 7 2 9 0 8 5 4 10 
880,3.34596e-06,4.45599e-06,3.04098e-06,50,100,100,224416,1 3 6 11 7 2 9 0 8 5 4 10 
881,3.36e-06,4.45599e-06,3.00015e-06,50,100,100,224416,1 3 6 11 7 2 9 0 8 5 4 10 
882,3.37869e-06,4.45599e-06,3.04645e-06,50,100,100,224416,1 3 6 11 7 2 9 0 8 5 4 10 
883,3.35447e-06,4.45599e-06,2.91786e-06,50,100,100,224416,1 3 6 11 7 2 9 0 8 5 4 10 
884,3.37643e-06,4.45599e-06,3.01811e-06,50,100,100,224416,1 3 6 11 7 2 9 0 8 5 4 10 
885,3.3389e-06,4.45599e-06,2.98467e-06,50,100,100,224416,1 3 6 11 7 2 9 0 8 5 4 10 
886,3.33868e-06,4.45599e-06,2.92652e-06,50,100,100,224416,1 3 6 11 7 2 9 0 8 5 4 10 
887,3.36001e-06,4.45599e-06,2.96714e-06,50,100,100,224416,1 3 6 11 7 2 9 0 8 5 4 10 
888,3.35076e-06,4.45599e-06,3.02406e-06,50,100,100,224416,1 3 6 11 7 2 9 0 8 5 4 10 
889,3.34318e-06,4.45599e-06,2.95985e-06,50,100,100,224416,1 3 6 11 7 2 9 0 8 5 4 10 
890,3.30503e-06,4.45599e-06,2.90984e-06,50,100,100,224416,1 3 6 11 7 2 9 0 8 5 4 10 
891,3.31464e-06,4.45599e-06,2.84158e-06,50,100,100,224416,1 3 6 11 7 2 9 0 8 5 4 10 
892,3.29549e-06,4.45599e-06,2.96594e-06,50,100,100,224416,1 3 6 11 7 2 9 0 8 5 4 10 
893,3.33109e-06,4.45599e-06,2.95717e-06,50,100,100,224416,1 3 6 11 7 2 9 0 8 5 4 10 
894,3.34623e-06,4.45599e-06,2.98442e-06,50,100,100,224416,1 3 6 11 7 2 9 0 8 5 4 10 
895,3.32547e-06,4.45599e-06,3.03307e-06,50,100,100,224416,1 3 6 11 7 2 9 0 8 5 4 10 
896,3.35772e-06,4.45599e-06,3.01122e-06,50,100,100,224416,1 3 6 11 7 2 9 0 8 5 4 10 
897,3.36853e-06,4.45599e-06,2.95296e-06,50,100,100,224416,1 3 6 11 7 2 9 0 8 5 4 10 
898,3.37103e-06,4.45599e-06,3.00807e-06,50,100,100,224416,1 3 6 11 7 2 9 0 8 5 4 10 
899,3.39118e-06,4.45599e-06,3.03281e-06,50,100,100,224416,1 3 6 11 7 2 9 0 8 5 4 10 
900,3.35019e-06,4.45599e-06,2.93609e-06,50,100,100,224416,1 3 6 11 7 2 9 0 8 5 4 10 
901,3.31417e-06,4.45599e-06,3.01673e-06,50,100,100,224416,1 3 6 11 7 2 9 0 8 5 4 10 
902,3.2994e-06,4.45599e-06,2.97634e-06,50,100,100,224416,1 3 6 11 7 2 9 0 8 5 4 10 
903,3.30727e-06,4.45599e-06,2.96578e-06,50,100,100,224416,1 3 6 11 7 2 9 0 8 5 4 10 
904,3.27119e-06,4.45599e-06,2.97687e-06,50,100,100,224416,1 3 6 11 7 2 9 0 8 5 4 10 
905,3.31745e-06,4.45599e-06,3.02936e-06,50,100,100,224416,1 3 6 11 7 2 9 0 8 5 4 10 
906,3.31798e-06,4.45599e-06,2.99738e-06,50,100,100,224416,1 3 6 11 7 2 9 0 8 5 4 10 
907,3.33123e-06,4.45599e-06,2.98754e-06,50,100,100,224416,1 3 6 11 7 2 9 0 8 5 4 10 
908,3.35952e-06,4.45599e-06,2.98672e-06,50,100,100,224416,1 3 6 11 7 2 9 0 8 5 4 10 
909,3.34941e-06,4.45599e-06,2.99752e-06,50,100,100,224416,1 3 6 11 7 2 9 0 8 5 4 10 
910,3.35039e-06,4.45599e-06,2.97492e-06,50,100,100,224416,1 3 6 11 7 2 9 0 8 5 4 10 
911,3.36247e-06,4.45599e-06,3.03357e-06,50,100,100,224416,1 3 6 11 7 2 9 0 8 5 4 10 
912,3.33162e-06,4.45599e-06,2.98649e-06,50,100,100,224416,1 3 6 11 7 2 9 0 8 5 4 10 
913,3.35167e-06,4.45599e-06,2.9771e-06,50,100,100,224416,1 3 6 11 7 2 9 0 8 5 4 10 
914,3.34699e-06,4.45599e-06,2.96057e-06,50,100,100,224416,1 3 6 11 7 2 9 0 8 5 4 10 
915,3.35083e-06,4.45599e-06,2.93911e-06,50,100,100,224416,1 3 6 11 7 2 9 0 8 5 4 10 
916,3.34465e-06,4.45599e-06,2.92966e-06,50,100,100,224416,1 3 6 11 7 2 9 0 8 5 4 10 
917,3.32678e-06,4.45599e-06,2.94567e-06,50,100,100,224416,1 3 6 11 7 2 9 0 8 5 4 10 
918,3.32558e-06,4.45599e-06,2.96476e-06,50,100,100,224416,1 3 6 11 7 2 9 0 8 5 4 10 
919,3.34394e-06,4.45599e-06,3.05139e-06,50,100,100,224416,1 3 6 11 7 2 9 0 8 5 4 10 
920,3.3326e-06,4.45599e-06,2.9392e-06,50,100,100,224416,1 3 6 11 7 2 9 0 8 5 4 10 
921,3.33553e-06,4.45599e-06,2.94668e-06,50,100,100,224416,1 3 6 11 7 2 9 0 8 5 4 10 
922,3.3161e-06,4.45599e-06,2.97042e-06,50,100,100,224416,1 3 6 11 7 2 9 0 8 5 4 10 
923,3.31277e-06,4.45599e-06,2.98897e-06,50,100,100,224416,1 3 6 11 7 2 9 0 8 5 4 10 
924,3.32398e-06,4.45599e-06,3.03086e-06,50,100,100,224416,1 3 6 11 7 2 9 0 8 5 4 10 
925,3.29095e-06,4.45599e-06,3.00044e-06,50,100,100,224416,1 3 6 11 7 2 9 0 8 5 4 10 
926,3.29387e-06,4.45599e-06,2.85524e-06,50,100,100,224416,1 3 6 11 7 2 9 0 8 5 4 10 
927,3.32491e-06,4.45599e-06,3.05182e-06,50,100,100,224416,1 3 6 11 7 2 9 0 8 5 4 10 
928,3.30669e-06,4.45599e-06,3.01751e-06,50,100,100,224416,1 3 6 11 7 2 9 0 8 5 4 10 
929,3.29718e-06,4.45599e-06,2.98521e-06,50,100,100,224416,1 3 6 11 7 2 9 0 8 5 4 10 
930,3.30701e-06,4.45599e-06,3.04043e-06,50,100,100,224416,1 3 6 11 7 2 9 0 8 5 4 10 
931,3.32547e-06,4.45599e-06,2.9429e-06,50,100,100,224416,1 3 6 11 7 2 9 0 8 5 4 10 
932,3.32328e-06,4.45599e-06,2.93086e-06,50,100,100,224416,1 3 6 11 7 2 9 0 8 5 4 10 
933,3.3397e-06,4.45599e-06,3.00948e-06,50,100,100,224416,1 3 6 11 7 2 9 0 8 5 4 10 
934,3.30998e-06,4.45599e-06,2.98787e-06,50,100,100,224416,1 3 6 11 7 2 9 0 8 5 4 10 
935,3.3465e-06,4.45599e-06,2.92542e-06,50,100,100,224416,1 3 6 11 7 2 9 0 8 5 4 10 
936,3.35261e-06,4.45599e-06,2.9623e-06,50,100,100,224416,1 3 6 11 7 2 9 0 8 5 4 10 
937,3.30867e-06,4.45599e-06,2.93084e-06,50,100,100,224416,1 3 6 11 7 2 9 0 8 5 4 10 
938,3.33142e-06,4.45599e-06,2.89668e-06,50,100,100,224416,1 3 6 11 7 2 9 0 8 5 4 10 
939,3.31415e-06,4.45599e-06,3.0269e-06,50,100,100,224416,1 3 6 11 7 2 9 0 8 5 4 10 
940,3.30362e-06,4.45599e-06,2.92349e-06,50,100,100,224416,1 3 6 11 7 2 9 0 8 5 4 10 
941,3.32312e-06,4.45599e-06,2.94654e-06,50,100,100,224416,1 3 6 11 7 2 9 0 8 5 4 10 
942,3.3374e-06,4.45599e-06,3.00175e-06,50,100,100,224416,1 3 6 11 7 2 9 0 8 5 4 10 
943,3.35687e-06,4.45599e-06,3.07287e-06,50,100,100,224416,1 3 6 11 7 2 9 0 8 5 4 10 
944,3.30654e-06,4.45599e-06,2.90991e-06,50,100,100,224416,1 3 6 11 7 2 9 0 8 5 4 10 
945,3.34637e-06,4.45599e-06,3.02081e-06,50,100,100,224416,1 3 6 11 7 2 9 0 8 5 4 10 
946,3.32036e-06,4.45599e-06,2.94501e-06,50,100,100,224416,1 3 6 11 7 2 9 0 8 5 4 10 
947,3.33306e-06,4.45599e-06,2.98656e-06,50,100,100,224416,1 3 6 11 7 2 9 0 8 5 4 10 
948,3.33907e-06,4.45599e-06,2.98592e-06,50,100,100,224416,1 3 6 11 7 2 9 0 8 5 4 10 
949,3.34085e-06,4.45599e-06,2.9288e-06,50,100,100,224416,1 3 6 11 7 2 9 0 8 5 4 10 
950,3.33107e-06,4.45599e-06,2.91582e-06,50,100,100,224416,1 3 6 11 7 2 9 0 8 5 4 10 
951,3.33711e-06,4.45599e-06,3.0435e-06,50,100,100,224416,1 3 6 11 7 2 9 0 8 5 4 10 
952,3.31955e-06,4.45599e-06,3.01251e-06,50,100,100,224416,1 3 6 11 7 2 9 0 8 5 4 10 
953,3.313e-06,4.45599e-06,3.00159e-06,50,100,100,224416,1 3 6 11 7 2 9 0 8 5 4 10 
954,3.29762e-06,4.45599e-06,2.96034e-06,50,100,100,224416,1 3 6 11 7 2 9 0 8 5 4 10 
955,3.28195e-06,4.45599e-06,2.97462e-06,50,100,100,224416,1 3 6 11 7 2 9 0 8 5 4 10 
956,3.29697e-06,4.45599e-06,2.98674e-06,50,100,100,224416,1 3 6 11 7 2 9 0 8 5 4 10 
957,3.3025e-06,4.45599e-06,2.95999e-06,50,100,100,224416,1 3 6 11 7 2 9 0 8 5 4 10 
958,3.32203e-06,4.45599e-06,2.90585e-06,50,100,100,224416,1 3 6 11 7 2 9 0 8 5 4 10 
959,3.33685e-06,4.45599e-06,2.99176e-06,50,100,100,224416,1 3 6 11 7 2 9 0 8 5 4 10 
960,3.32984e-06,4.45599e-06,2.97068e-06,50,100,100,224416,1 3 6 11 7 2 9 0 8 5 4 10 
961,3.32832e-06,4.45599e-06,2.94887e-06,50,100,100,224416,1 3 6 11 7 2 9 0 8 5 4 10 
962,3.32555e-06,4.45599e-06,2.95139e-06,50,100,100,224416,1 3 6 11 7 2 9 0 8 5 4 10 
963,3.3409e-06,4.45599e-06,2.96654e-06,50,100,100,224416,1 3 6 11 7 2 9 0 8 5 4 10 
964,3.33043e-06,4.45599e-06,2.92777e-06,50,100,100,224416,1 3 6 11 7 2 9 0 8 5 4 10 
965,3.33185e-06,4.45599e-06,3.02238e-06,50,100,100,224416,1 3 6 11 7 2 9 0 8 5 4 10 
966,3.31035e-06,4.45599e-06,3.02677e-06,50,100,100,224416,1 3 6 11 7 2 9 0 8 5 4 10 
967,3.293e-06,4.45599e-06,2.94203e-06,50,100,100,224416,1 3 6 11 7 2 9 0 8 5 4 10 
968,3.31277e-06,4.45599e-06,2.92597e-06,50,100,100,224416,1 3 6 11 7 2 9 0 8 5 4 10 
969,3.31728e-06,4.45599e-06,2.94352e-06,50,100,100,224416,1 3 6 11 7 2 9 0 8 5 4 10 
970,3.30601e-06,4.45599e-06,2.93421e-06,50,100,100,224416,1 3 6 11 7 2 9 0 8 5 4 10 
971,3.31317e-06,4.45599e-06,3.0302e-06,50,100,100,224416,1 3 6 11 7 2 9 0 8 5 4 10 
972,3.31412e-06,4.45599e-06,2.99103e-06,50,100,100,224416,1 3 6 11 7 2 9 0 8 5 4 10 
973,3.30789e-06,4.45599e-06,2.95429e-06,50,100,100,224416,1 3 6 11 7 2 9 0 8 5 4 10 
974,3.31087e-06,4.45599e-06,2.92023e-06,50,100,100,224416,1 3 6 11 7 2 9 0 8 5 4 10 
975,3.34353e-06,4.45599e-06,2.9636e-06,50,100,100,224416,1 3 6 11 7 2 9 0 8 5 4 10 
976,3.34351e-06,4.45599e-06,2.9908e-06,50,100,100,224416,1 3 6 11 7 2 9 0 8 5 4 10 
977,3.34191e-06,4.45599e-06,2.95014e-06,50,100,100,224416,1 3 6 11 7 2 9 0 8 5 4 10 
978,3.32288e-06,4.45599e-06,2.95438e-06,50,100,100,224416,1 3 6 11 7 2 9 0 8 5 4 10 
979,3.32637e-06,4.45599e-06,2.99869e-06,50,100,100,224416,1 3 6 11 7 2 9 0 8 5 4 10 
980,3.33467e-06,4.45599e-06,2.99565e-06,50,100,100,224416,1 3 6 11 7 2 9 0 8 5 4 10 
981,3.32705e-06,4.45599e-06,2.96566e-06,50,100,100,224416,1 3 6 11 7 2 9 0 8 5 4 10 
982,3.30286e-06,4.45599e-06,2.94297e-06,50,100,100,224416,1 3 6 11 7 2 9 0 8 5 4 10 
983,3.32959e-06,4.45599e-06,2.97035e-06,50,100,100,224416,1 3 6 11 7 2 9 0 8 5 4 10 
984,3.34604e-06,4.45599e-06,3.03213e-06,50,100,100,224416,1 3 6 11 7 2 9 0 8 5 4 10 
985,3.32918e-06,4.45599e-06,2.96146e-06,50,100,100,224416,1 3 6 11 7 2 9 0 8 5 4 10 
986,3.32984e-06,4.45599e-06,3.02961e-06,50,100,100,224416,1 3 6 11 7 2 9 0 8 5 4 10 
987,3.32871e-06,4.45599e-06,2.94983e-06,50,100,100,224416,1 3 6 11 7 2 9 0 8 5 4 10 
988,3.32793e-06,4.45599e-06,2.95265e-06,50,100,100,224416,1 3 6 11 7 2 9 0 8 5 4 10 
989,3.35626e-06,4.45599e-06,3.03103e-06,50,100,100,224416,1 3 6 11 7 2 9 0 8 5 4 10 
990,3.33907e-06,4.45599e-06,3.01099e-06,50,100,100,224416,1 3 6 11 7 2 9 0 8 5 4 10 
991,3.30994e-06,4.45599e-06,2.97282e-06,50,100,100,224416,1 3 6 11 7 2 9 0 8 5 4 10 
992,3.34507e-06,4.45599e-06,3.05309e-06,50,100,100,224416,1 3 6 11 7 2 9 0 8 5 4 10 
993,3.32565e-06,4.45599e-06,2.9546e-06,50,100,100,224416,1 3 6 11 7 2 9 0 8 5 4 10 
994,3.34274e-06,4.45599e-06,2.94273e-06,50,100,100,224416,1 3 6 11 7 2 9 0 8 5 4 10 
995,3.33943e-06,4.45599e-06,2.97523e-06,50,100,100,224416,1 3 6 11 7 2 9 0 8 5 4 10 
996,3.34459e-06,4.45599e-06,3.00896e-06,50,100,100,224416,1 3 6 11 7 2 9 0 8 5 4 10 
997,3.32665e-06,4.45599e-06,3.02076e-06,50,100,100,224416,1 3 6 11 7 2 9 0 8 5 4 10 
998,3.348e-06,4.45599e-06,2.85852e-06,50,100,100,224416,1 3 6 11 7 2 9 0 8 5 4 10 
999,3.3487e-06,4.45599e-06,3.02905e-06,50,100,100,224416,1 3 6 11 7 2 9 0 8 5 4 10 
