Generación,Media,Mejor,Peor,Cruzas,Mutaciones,Inversiones,Costo,Permutación
1,3.25025e-06,3.72166e-06,2.94699e-06,50,100,100,268696,8 4 5 11 1 2 6 0 10 9 3 7 
2,3.2656e-06,3.72166e-06,2.95399e-06,50,100,100,268696,8 4 5 11 1 2 6 0 10 9 3 7 
3,3.25273e-06,3.72166e-06,2.98291e-06,50,100,100,268696,8 4 5 11 1 2 6 0 10 9 3 7 
4,3.25732e-06,3.72166e-06,2.88825e-06,50,100,100,268696,8 4 5 11 1 2 6 0 10 9 3 7 
5,3.27053e-06,3.72166e-06,2.97427e-06,50,100,100,268696,8 4 5 11 1 2 6 0 10 9 3 7 
6,3.27709e-06,3.79134e-06,2.89212e-06,50,100,100,263758,1 3 10 5 7 6 9 0 8 4 11 2 
7,3.27319e-06,3.79134e-06,2.95637e-06,50,100,100,263758,1 3 10 5 7 6 9 0 8 4 11 2 
8,3.28417e-06,3.79134e-06,2.9284e-06,50,100,100,263758,1 3 10 5 7 6 9 0 8 4 11 2 
9,3.2911e-06,3.79134e-06,2.94041e-06,50,100,100,263758,1 3 10 5 7 6 9 0 8 4 11 2 
10,3.26838e-06,3.79134e-06,2.99673e-06,50,100,100,263758,1 3 10 5 7 6 9 0 8 4 11 2 
11,3.28498e-06,3.79134e-06,2.98336e-06,50,100,100,263758,1 3 10 5 7 6 9 0 8 4 11 2 
12,3.28331e-06,3.79134e-06,2.98887e-06,50,100,100,263758,1 3 10 5 7 6 9 0 8 4 11 2 
13,3.29704e-06,3.79134e-06,3.02348e-06,50,100,100,263758,1 3 10 5 7 6 9 0 8 4 11 2 
14,3.29504e-06,3.79134e-06,2.97003e-06,50,100,100,263758,1 3 10 5 7 6 9 0 8 4 11 2 
15,3.26703e-06,3.79134e-06,2.91803e-06,50,100,100,263758,1 3 10 5 7 6 9 0 8 4 11 2 
16,3.29032e-06,3.9304e-06,2.88054e-06,50,100,100,254426,1 3 6 5 10 11 9 0 7 8 4 2 
17,3.2833e-06,3.9304e-06,3.01593e-06,50,100,100,254426,1 3 6 5 10 11 9 0 7 8 4 2 
18,3.29381e-06,3.9304e-06,2.91742e-06,50,100,100,254426,1 3 6 5 10 11 9 0 7 8 4 2 
19,3.30375e-06,3.9304e-06,2.93581e-06,50,100,100,254426,1 3 6 5 10 11 9 0 7 8 4 2 
20,3.30116e-06,3.9304e-06,3.01238e-06,50,100,100,254426,1 3 6 5 10 11 9 0 7 8 4 2 
21,3.29257e-06,3.9304e-06,2.92316e-06,50,100,100,254426,1 3 6 5 10 11 9 0 7 8 4 2 
22,3.28986e-06,3.9304e-06,2.9638e-06,50,100,100,254426,1 3 6 5 10 11 9 0 7 8 4 2 
23,3.3205e-06,3.9304e-06,2.99044e-06,50,100,100,254426,1 3 6 5 10 11 9 0 7 8 4 2 
24,3.30047e-06,3.9304e-06,2.97491e-06,50,100,100,254426,1 3 6 5 10 11 9 0 7 8 4 2 
25,3.32176e-06,4.15015e-06,2.9904e-06,50,100,100,240954,1 3 6 11 10 7 8 0 9 5 4 2 
26,3.29141e-06,4.15015e-06,2.95724e-06,50,100,100,240954,1 3 6 11 10 7 8 0 9 5 4 2 
27,3.31699e-06,4.15015e-06,2.99966e-06,50,100,100,240954,1 3 6 11 10 7 8 0 9 5 4 2 
28,3.29762e-06,4.15015e-06,2.97599e-06,50,100,100,240954,1 3 6 11 10 7 8 0 9 5 4 2 
29,3.32612e-06,4.15015e-06,2.96818e-06,50,100,100,240954,1 3 6 11 10 7 8 0 9 5 4 2 
30,3.29391e-06,4.15015e-06,2.91885e-06,50,100,100,240954,1 3 6 11 10 7 8 0 9 5 4 2 
31,3.30311e-06,4.15015e-06,2.96369e-06,50,100,100,240954,1 3 6 11 10 7 8 0 9 5 4 2 
32,3.31791e-06,4.15015e-06,3.04382e-06,50,100,100,240954,1 3 6 11 10 7 8 0 9 5 4 2 
33,3.35493e-06,4.15015e-06,2.99937e-06,50,100,100,240954,1 3 6 11 10 7 8 0 9 5 4 2 
34,3.33387e-06,4.15015e-06,2.94734e-06,50,100,100,240954,1 3 6 11 10 7 8 0 9 5 4 2 
35,3.35368e-06,4.15015e-06,2.95159e-06,50,100,100,240954,1 3 6 11 10 7 8 0 9 5 4 2 
36,3.29945e-06,4.15015e-06,2.96002e-06,50,100,100,240954,1 3 6 11 10 7 8 0 9 5 4 2 
37,3.30921e-06,4.15015e-06,2.90671e-06,50,100,100,240954,1 3 6 11 10 7 8 0 9 5 4 2 
38,3.30664e-06,4.15015e-06,2.97936e-06,50,100,100,240954,1 3 6 11 10 7 8 0 9 5 4 2 
39,3.31748e-06,4.15015e-06,3.01966e-06,50,100,100,240954,1 3 6 11 10 7 8 0 9 5 4 2 
40,3.30442e-06,4.15015e-06,2.99293e-06,50,100,100,240954,1 3 6 11 10 7 8 0 9 5 4 2 
41,3.32284e-06,4.15015e-06,3.028e-06,50,100,100,240954,1 3 6 11 10 7 8 0 9 5 4 2 
42,3.30228e-06,4.15015e-06,2.93457e-06,50,100,100,240954,1 3 6 11 10 7 8 0 9 5 4 2 
43,3.32697e-06,4.15015e-06,3.05929e-06,50,100,100,240954,1 3 6 11 10 7 8 0 9 5 4 2 
44,3.31566e-06,4.15015e-06,3.01342e-06,50,100,100,240954,1 3 6 11 10 7 8 0 9 5 4 2 
45,3.31869e-06,4.15015e-06,3.00711e-06,50,100,100,240954,1 3 6 11 10 7 8 0 9 5 4 2 
46,3.33613e-06,4.15015e-06,3.01037e-06,50,100,100,240954,1 3 6 11 10 7 8 0 9 5 4 2 
47,3.31702e-06,4.15015e-06,3.03344e-06,50,100,100,240954,1 3 6 11 10 7 8 0 9 5 4 2 
48,3.32592e-06,4.15015e-06,3.0383e-06,50,100,100,240954,1 3 6 11 10 7 8 0 9 5 4 2 
49,3.36076e-06,4.15015e-06,3.06077e-06,50,100,100,240954,1 3 6 11 10 7 8 0 9 5 4 2 
50,3.3316e-06,4.15015e-06,3.01516e-06,50,100,100,240954,1 3 6 11 10 7 8 0 9 5 4 2 
51,3.31506e-06,4.15015e-06,2.98263e-06,50,100,100,240954,1 3 6 11 10 7 8 0 9 5 4 2 
52,3.32047e-06,4.15015e-06,2.96288e-06,50,100,100,240954,1 3 6 11 10 7 8 0 9 5 4 2 
53,3.32866e-06,4.15015e-06,3.01755e-06,50,100,100,240954,1 3 6 11 10 7 8 0 9 5 4 2 
54,3.34462e-06,4.15015e-06,2.95506e-06,50,100,100,240954,1 3 6 11 10 7 8 0 9 5 4 2 
55,3.36397e-06,4.15015e-06,3.07498e-06,50,100,100,240954,1 3 6 11 10 7 8 0 9 5 4 2 
56,3.34659e-06,4.15015e-06,3.04608e-06,50,100,100,240954,1 3 6 11 10 7 8 0 9 5 4 2 
57,3.35373e-06,4.15015e-06,2.99506e-06,50,100,100,240954,1 3 6 11 10 7 8 0 9 5 4 2 
58,3.34482e-06,4.15015e-06,3.01622e-06,50,100,100,240954,1 3 6 11 10 7 8 0 9 5 4 2 
59,3.32225e-06,4.15015e-06,3.02688e-06,50,100,100,240954,1 3 6 11 10 7 8 0 9 5 4 2 
60,3.32034e-06,4.16651e-06,3.00905e-06,50,100,100,240008,1 3 7 11 8 2 9 0 6 5 4 10 
61,3.27548e-06,4.16651e-06,2.9612e-06,50,100,100,240008,1 3 7 11 8 2 9 0 6 5 4 10 
62,3.31344e-06,4.16651e-06,2.97404e-06,50,100,100,240008,1 3 7 11 8 2 9 0 6 5 4 10 
63,3.321e-06,4.16651e-06,2.96223e-06,50,100,100,240008,1 3 7 11 8 2 9 0 6 5 4 10 
64,3.32162e-06,4.16651e-06,3.00285e-06,50,100,100,240008,1 3 7 11 8 2 9 0 6 5 4 10 
65,3.30037e-06,4.16651e-06,2.96821e-06,50,100,100,240008,1 3 7 11 8 2 9 0 6 5 4 10 
66,3.31184e-06,4.16651e-06,2.92761e-06,50,100,100,240008,1 3 7 11 8 2 9 0 6 5 4 10 
67,3.31318e-06,4.16651e-06,2.95535e-06,50,100,100,240008,1 3 7 11 8 2 9 0 6 5 4 10 
68,3.31874e-06,4.16651e-06,2.98409e-06,50,100,100,240008,1 3 7 11 8 2 9 0 6 5 4 10 
69,3.295e-06,4.16651e-06,2.93084e-06,50,100,100,240008,1 3 7 11 8 2 9 0 6 5 4 10 
70,3.31425e-06,4.16651e-06,2.94685e-06,50,100,100,240008,1 3 7 11 8 2 9 0 6 5 4 10 
71,3.33528e-06,4.16651e-06,2.97732e-06,50,100,100,240008,1 3 7 11 8 2 9 0 6 5 4 10 
72,3.31778e-06,4.16651e-06,3.00632e-06,50,100,100,240008,1 3 7 11 8 2 9 0 6 5 4 10 
73,3.32646e-06,4.16651e-06,3.03401e-06,50,100,100,240008,1 3 7 11 8 2 9 0 6 5 4 10 
74,3.3257e-06,4.16651e-06,2.98937e-06,50,100,100,240008,1 3 7 11 8 2 9 0 6 5 4 10 
75,3.32749e-06,4.32053e-06,2.89958e-06,50,100,100,231452,1 3 6 11 7 2 8 0 9 5 4 10 
76,3.34781e-06,4.32053e-06,3.03235e-06,50,100,100,231452,1 3 6 11 7 2 8 0 9 5 4 10 
77,3.33271e-06,4.32053e-06,2.97264e-06,50,100,100,231452,1 3 6 11 7 2 8 0 9 5 4 10 
78,3.37612e-06,4.32053e-06,2.99359e-06,50,100,100,231452,1 3 6 11 7 2 8 0 9 5 4 10 
79,3.35971e-06,4.32053e-06,3.09714e-06,50,100,100,231452,1 3 6 11 7 2 8 0 9 5 4 10 
80,3.36458e-06,4.32053e-06,2.98172e-06,50,100,100,231452,1 3 6 11 7 2 8 0 9 5 4 10 
81,3.36153e-06,4.32053e-06,3.06338e-06,50,100,100,231452,1 3 6 11 7 2 8 0 9 5 4 10 
82,3.35579e-06,4.32053e-06,2.96702e-06,50,100,100,231452,1 3 6 11 7 2 8 0 9 5 4 10 
83,3.33345e-06,4.32053e-06,3.00805e-06,50,100,100,231452,1 3 6 11 7 2 8 0 9 5 4 10 
84,3.35381e-06,4.32053e-06,3.06434e-06,50,100,100,231452,1 3 6 11 7 2 8 0 9 5 4 10 
85,3.37146e-06,4.32053e-06,2.918e-06,50,100,100,231452,1 3 6 11 7 2 8 0 9 5 4 10 
86,3.35943e-06,4.32053e-06,2.98364e-06,50,100,100,231452,1 3 6 11 7 2 8 0 9 5 4 10 
87,3.34466e-06,4.32053e-06,3.02061e-06,50,100,100,231452,1 3 6 11 7 2 8 0 9 5 4 10 
88,3.30815e-06,4.32053e-06,2.92554e-06,50,100,100,231452,1 3 6 11 7 2 8 0 9 5 4 10 
89,3.32302e-06,4.32053e-06,2.97505e-06,50,100,100,231452,1 3 6 11 7 2 8 0 9 5 4 10 
90,3.31496e-06,4.32053e-06,2.95906e-06,50,100,100,231452,1 3 6 11 7 2 8 0 9 5 4 10 
91,3.32158e-06,4.32053e-06,2.98996e-06,50,100,100,231452,1 3 6 11 7 2 8 0 9 5 4 10 
92,3.32205e-06,4.32053e-06,3.0256e-06,50,100,100,231452,1 3 6 11 7 2 8 0 9 5 4 10 
93,3.32763e-06,4.32053e-06,2.99847e-06,50,100,100,231452,1 3 6 11 7 2 8 0 9 5 4 10 
94,3.3228e-06,4.32053e-06,2.91892e-06,50,100,100,231452,1 3 6 11 7 2 8 0 9 5 4 10 
95,3.31217e-06,4.32053e-06,3.02642e-06,50,100,100,231452,1 3 6 11 7 2 8 0 9 5 4 10 
96,3.31095e-06,4.32053e-06,2.92299e-06,50,100,100,231452,1 3 6 11 7 2 8 0 9 5 4 10 
97,3.32673e-06,4.32053e-06,2.92666e-06,50,100,100,231452,1 3 6 11 7 2 8 0 9 5 4 10 
98,3.28972e-06,4.32053e-06,2.9363e-06,50,100,100,231452,1 3 6 11 7 2 8 0 9 5 4 10 
99,3.32694e-06,4.32053e-06,3.00027e-06,50,100,100,231452,1 3 6 11 7 2 8 0 9 5 4 10 
100,3.33591e-06,4.32053e-06,2.95486e-06,50,100,100,231452,1 3 6 11 7 2 8 0 9 5 4 10 
101,3.34282e-06,4.32053e-06,3.04106e-06,50,100,100,231452,1 3 6 11 7 2 8 0 9 5 4 10 
102,3.33783e-06,4.32053e-06,2.95071e-06,50,100,100,231452,1 3 6 11 7 2 8 0 9 5 4 10 
103,3.33743e-06,4.32053e-06,2.96717e-06,50,100,100,231452,1 3 6 11 7 2 8 0 9 5 4 10 
104,3.33494e-06,4.32053e-06,2.98829e-06,50,100,100,231452,1 3 6 11 7 2 8 0 9 5 4 10 
105,3.33646e-06,4.32053e-06,3.02403e-06,50,100,100,231452,1 3 6 11 7 2 8 0 9 5 4 10 
106,3.32212e-06,4.32053e-06,2.99598e-06,50,100,100,231452,1 3 6 11 7 2 8 0 9 5 4 10 
107,3.3239e-06,4.32053e-06,2.99702e-06,50,100,100,231452,1 3 6 11 7 2 8 0 9 5 4 10 
108,3.3328e-06,4.32053e-06,2.84945e-06,50,100,100,231452,1 3 6 11 7 2 8 0 9 5 4 10 
109,3.35328e-06,4.32053e-06,2.9689e-06,50,100,100,231452,1 3 6 11 7 2 8 0 9 5 4 10 
110,3.35532e-06,4.32053e-06,3.03744e-06,50,100,100,231452,1 3 6 11 7 2 8 0 9 5 4 10 
111,3.34823e-06,4.32053e-06,3.04769e-06,50,100,100,231452,1 3 6 11 7 2 8 0 9 5 4 10 
112,3.31651e-06,4.32053e-06,2.94696e-06,50,100,100,231452,1 3 6 11 7 2 8 0 9 5 4 10 
113,3.35631e-06,4.32053e-06,2.96904e-06,50,100,100,231452,1 3 6 11 7 2 8 0 9 5 4 10 
114,3.34004e-06,4.32053e-06,2.99547e-06,50,100,100,231452,1 3 6 11 7 2 8 0 9 5 4 10 
115,3.31637e-06,4.32053e-06,2.99157e-06,50,100,100,231452,1 3 6 11 7 2 8 0 9 5 4 10 
116,3.31186e-06,4.32053e-06,3.00197e-06,50,100,100,231452,1 3 6 11 7 2 8 0 9 5 4 10 
117,3.32361e-06,4.32053e-06,3.04526e-06,50,100,100,231452,1 3 6 11 7 2 8 0 9 5 4 10 
118,3.34135e-06,4.32053e-06,2.97549e-06,50,100,100,231452,1 3 6 11 7 2 8 0 9 5 4 10 
119,3.34021e-06,4.32053e-06,3.01427e-06,50,100,100,231452,1 3 6 11 7 2 8 0 9 5 4 10 
120,3.33673e-06,4.32053e-06,2.96998e-06,50,100,100,231452,1 3 6 11 7 2 8 0 9 5 4 10 
121,3.32338e-06,4.32053e-06,3.00024e-06,50,100,100,231452,1 3 6 11 7 2 8 0 9 5 4 10 
122,3.33845e-06,4.32053e-06,3.01798e-06,50,100,100,231452,1 3 6 11 7 2 8 0 9 5 4 10 
123,3.31072e-06,4.32053e-06,2.96308e-06,50,100,100,231452,1 3 6 11 7 2 8 0 9 5 4 10 
124,3.34824e-06,4.32053e-06,3.04539e-06,50,100,100,231452,1 3 6 11 7 2 8 0 9 5 4 10 
125,3.31421e-06,4.32053e-06,2.98801e-06,50,100,100,231452,1 3 6 11 7 2 8 0 9 5 4 10 
126,3.32948e-06,4.32053e-06,2.99468e-06,50,100,100,231452,1 3 6 11 7 2 8 0 9 5 4 10 
127,3.34553e-06,4.32053e-06,2.9854e-06,50,100,100,231452,1 3 6 11 7 2 8 0 9 5 4 10 
128,3.36002e-06,4.34815e-06,2.94113e-06,50,100,100,229982,6 3 1 11 7 2 9 0 8 5 4 10 
129,3.32966e-06,4.34815e-06,2.94764e-06,50,100,100,229982,6 3 1 11 7 2 9 0 8 5 4 10 
130,3.34508e-06,4.34815e-06,3.01908e-06,50,100,100,229982,6 3 1 11 7 2 9 0 8 5 4 10 
131,3.32851e-06,4.34815e-06,2.98279e-06,50,100,100,229982,6 3 1 11 7 2 9 0 8 5 4 10 
132,3.34825e-06,4.34815e-06,2.98758e-06,50,100,100,229982,6 3 1 11 7 2 9 0 8 5 4 10 
133,3.35455e-06,4.34815e-06,2.95644e-06,50,100,100,229982,6 3 1 11 7 2 9 0 8 5 4 10 
134,3.33454e-06,4.34815e-06,3.04395e-06,50,100,100,229982,6 3 1 11 7 2 9 0 8 5 4 10 
135,3.3587e-06,4.34815e-06,3.05221e-06,50,100,100,229982,6 3 1 11 7 2 9 0 8 5 4 10 
136,3.34543e-06,4.34815e-06,2.99564e-06,50,100,100,229982,6 3 1 11 7 2 9 0 8 5 4 10 
137,3.34835e-06,4.34815e-06,3.01365e-06,50,100,100,229982,6 3 1 11 7 2 9 0 8 5 4 10 
138,3.33257e-06,4.34815e-06,2.92647e-06,50,100,100,229982,6 3 1 11 7 2 9 0 8 5 4 10 
139,3.35146e-06,4.34815e-06,3.04628e-06,50,100,100,229982,6 3 1 11 7 2 9 0 8 5 4 10 
140,3.34146e-06,4.34815e-06,2.98307e-06,50,100,100,229982,6 3 1 11 7 2 9 0 8 5 4 10 
141,3.3329e-06,4.34815e-06,2.93547e-06,50,100,100,229982,6 3 1 11 7 2 9 0 8 5 4 10 
142,3.38288e-06,4.34815e-06,2.98348e-06,50,100,100,229982,6 3 1 11 7 2 9 0 8 5 4 10 
143,3.36363e-06,4.34815e-06,3.01946e-06,50,100,100,229982,6 3 1 11 7 2 9 0 8 5 4 10 
144,3.3552e-06,4.34815e-06,2.98778e-06,50,100,100,229982,6 3 1 11 7 2 9 0 8 5 4 10 
145,3.37011e-06,4.34815e-06,2.91213e-06,50,100,100,229982,6 3 1 11 7 2 9 0 8 5 4 10 
146,3.3843e-06,4.34815e-06,2.98325e-06,50,100,100,229982,6 3 1 11 7 2 9 0 8 5 4 10 
147,3.37323e-06,4.34815e-06,2.96578e-06,50,100,100,229982,6 3 1 11 7 2 9 0 8 5 4 10 
148,3.36255e-06,4.34815e-06,2.98279e-06,50,100,100,229982,6 3 1 11 7 2 9 0 8 5 4 10 
149,3.34688e-06,4.34815e-06,2.95098e-06,50,100,100,229982,6 3 1 11 7 2 9 0 8 5 4 10 
150,3.36955e-06,4.34815e-06,2.94866e-06,50,100,100,229982,6 3 1 11 7 2 9 0 8 5 4 10 
151,3.38797e-06,4.34815e-06,3.01751e-06,50,100,100,229982,6 3 1 11 7 2 9 0 8 5 4 10 
152,3.36652e-06,4.34815e-06,3.01828e-06,50,100,100,229982,6 3 1 11 7 2 9 0 8 5 4 10 
153,3.3559e-06,4.34815e-06,3.02333e-06,50,100,100,229982,6 3 1 11 7 2 9 0 8 5 4 10 
154,3.3438e-06,4.34815e-06,2.96122e-06,50,100,100,229982,6 3 1 11 7 2 9 0 8 5 4 10 
155,3.37278e-06,4.34815e-06,3.01742e-06,50,100,100,229982,6 3 1 11 7 2 9 0 8 5 4 10 
156,3.34651e-06,4.34815e-06,2.98705e-06,50,100,100,229982,6 3 1 11 7 2 9 0 8 5 4 10 
157,3.37812e-06,4.34815e-06,3.03674e-06,50,100,100,229982,6 3 1 11 7 2 9 0 8 5 4 10 
158,3.33676e-06,4.34815e-06,2.96753e-06,50,100,100,229982,6 3 1 11 7 2 9 0 8 5 4 10 
159,3.29493e-06,4.34815e-06,2.97254e-06,50,100,100,229982,6 3 1 11 7 2 9 0 8 5 4 10 
160,3.30359e-06,4.34815e-06,2.90797e-06,50,100,100,229982,6 3 1 11 7 2 9 0 8 5 4 10 
161,3.3121e-06,4.34815e-06,2.91854e-06,50,100,100,229982,6 3 1 11 7 2 9 0 8 5 4 10 
162,3.333e-06,4.34815e-06,2.9974e-06,50,100,100,229982,6 3 1 11 7 2 9 0 8 5 4 10 
163,3.33128e-06,4.34815e-06,2.97882e-06,50,100,100,229982,6 3 1 11 7 2 9 0 8 5 4 10 
164,3.3347e-06,4.34815e-06,2.98587e-06,50,100,100,229982,6 3 1 11 7 2 9 0 8 5 4 10 
165,3.34344e-06,4.34815e-06,2.99436e-06,50,100,100,229982,6 3 1 11 7 2 9 0 8 5 4 10 
166,3.33189e-06,4.34815e-06,2.93666e-06,50,100,100,229982,6 3 1 11 7 2 9 0 8 5 4 10 
167,3.30716e-06,4.34815e-06,2.97296e-06,50,100,100,229982,6 3 1 11 7 2 9 0 8 5 4 10 
168,3.30054e-06,4.34815e-06,2.91045e-06,50,100,100,229982,6 3 1 11 7 2 9 0 8 5 4 10 
169,3.2969e-06,4.34815e-06,2.89795e-06,50,100,100,229982,6 3 1 11 7 2 9 0 8 5 4 10 
170,3.32971e-06,4.34815e-06,2.89179e-06,50,100,100,229982,6 3 1 11 7 2 9 0 8 5 4 10 
171,3.34263e-06,4.34815e-06,2.91223e-06,50,100,100,229982,6 3 1 11 7 2 9 0 8 5 4 10 
172,3.33125e-06,4.34815e-06,2.96085e-06,50,100,100,229982,6 3 1 11 7 2 9 0 8 5 4 10 
173,3.32587e-06,4.34815e-06,2.97277e-06,50,100,100,229982,6 3 1 11 7 2 9 0 8 5 4 10 
174,3.34943e-06,4.34815e-06,2.99639e-06,50,100,100,229982,6 3 1 11 7 2 9 0 8 5 4 10 
175,3.37105e-06,4.34815e-06,3.04363e-06,50,100,100,229982,6 3 1 11 7 2 9 0 8 5 4 10 
176,3.32934e-06,4.34815e-06,2.96122e-06,50,100,100,229982,6 3 1 11 7 2 9 0 8 5 4 10 
177,3.31875e-06,4.34815e-06,2.9866e-06,50,100,100,229982,6 3 1 11 7 2 9 0 8 5 4 10 
178,3.32198e-06,4.34815e-06,2.96827e-06,50,100,100,229982,6 3 1 11 7 2 9 0 8 5 4 10 
179,3.30531e-06,4.34815e-06,2.96515e-06,50,100,100,229982,6 3 1 11 7 2 9 0 8 5 4 10 
180,3.34199e-06,4.34815e-06,3.00836e-06,50,100,100,229982,6 3 1 11 7 2 9 0 8 5 4 10 
181,3.36102e-06,4.34815e-06,2.96617e-06,50,100,100,229982,6 3 1 11 7 2 9 0 8 5 4 10 
182,3.35236e-06,4.34815e-06,3.07379e-06,50,100,100,229982,6 3 1 11 7 2 9 0 8 5 4 10 
183,3.31831e-06,4.34815e-06,3.01101e-06,50,100,100,229982,6 3 1 11 7 2 9 0 8 5 4 10 
184,3.31209e-06,4.34815e-06,2.92135e-06,50,100,100,229982,6 3 1 11 7 2 9 0 8 5 4 10 
185,3.33045e-06,4.34815e-06,2.96144e-06,50,100,100,229982,6 3 1 11 7 2 9 0 8 5 4 10 
186,3.34302e-06,4.34815e-06,3.01604e-06,50,100,100,229982,6 3 1 11 7 2 9 0 8 5 4 10 
187,3.33552e-06,4.34815e-06,3.00599e-06,50,100,100,229982,6 3 1 11 7 2 9 0 8 5 4 10 
188,3.35188e-06,4.34815e-06,3.02315e-06,50,100,100,229982,6 3 1 11 7 2 9 0 8 5 4 10 
189,3.31279e-06,4.34815e-06,2.96102e-06,50,100,100,229982,6 3 1 11 7 2 9 0 8 5 4 10 
190,3.29662e-06,4.34815e-06,2.89241e-06,50,100,100,229982,6 3 1 11 7 2 9 0 8 5 4 10 
191,3.31864e-06,4.34815e-06,3.01169e-06,50,100,100,229982,6 3 1 11 7 2 9 0 8 5 4 10 
192,3.31723e-06,4.34815e-06,2.97354e-06,50,100,100,229982,6 3 1 11 7 2 9 0 8 5 4 10 
193,3.30174e-06,4.34815e-06,2.95994e-06,50,100,100,229982,6 3 1 11 7 2 9 0 8 5 4 10 
194,3.34787e-06,4.34815e-06,2.99286e-06,50,100,100,229982,6 3 1 11 7 2 9 0 8 5 4 10 
195,3.31023e-06,4.34815e-06,2.93544e-06,50,100,100,229982,6 3 1 11 7 2 9 0 8 5 4 10 
196,3.31975e-06,4.34815e-06,2.95948e-06,50,100,100,229982,6 3 1 11 7 2 9 0 8 5 4 10 
197,3.31427e-06,4.34815e-06,3.02083e-06,50,100,100,229982,6 3 1 11 7 2 9 0 8 5 4 10 
198,3.29001e-06,4.34815e-06,2.91539e-06,50,100,100,229982,6 3 1 11 7 2 9 0 8 5 4 10 
199,3.33418e-06,4.34815e-06,2.96578e-06,50,100,100,229982,6 3 1 11 7 2 9 0 8 5 4 10 
200,3.33497e-06,4.34815e-06,2.97402e-06,50,100,100,229982,6 3 1 11 7 2 9 0 8 5 4 10 
201,3.35437e-06,4.34815e-06,2.98094e-06,50,100,100,229982,6 3 1 11 7 2 9 0 8 5 4 10 
202,3.34921e-06,4.34815e-06,2.9853e-06,50,100,100,229982,6 3 1 11 7 2 9 0 8 5 4 10 
203,3.34497e-06,4.34815e-06,2.92568e-06,50,100,100,229982,6 3 1 11 7 2 9 0 8 5 4 10 
204,3.31829e-06,4.34815e-06,3.01644e-06,50,100,100,229982,6 3 1 11 7 2 9 0 8 5 4 10 
205,3.31199e-06,4.34815e-06,2.97537e-06,50,100,100,229982,6 3 1 11 7 2 9 0 8 5 4 10 
206,3.32178e-06,4.34815e-06,2.96248e-06,50,100,100,229982,6 3 1 11 7 2 9 0 8 5 4 10 
207,3.31771e-06,4.34815e-06,3.00317e-06,50,100,100,229982,6 3 1 11 7 2 9 0 8 5 4 10 
208,3.37447e-06,4.34815e-06,3.00326e-06,50,100,100,229982,6 3 1 11 7 2 9 0 8 5 4 10 
209,3.34877e-06,4.34815e-06,2.90817e-06,50,100,100,229982,6 3 1 11 7 2 9 0 8 5 4 10 
210,3.35065e-06,4.34815e-06,2.97319e-06,50,100,100,229982,6 3 1 11 7 2 9 0 8 5 4 10 
211,3.35427e-06,4.34815e-06,3.02771e-06,50,100,100,229982,6 3 1 11 7 2 9 0 8 5 4 10 
212,3.35501e-06,4.34815e-06,3.0505e-06,50,100,100,229982,6 3 1 11 7 2 9 0 8 5 4 10 
213,3.3519e-06,4.34815e-06,2.99116e-06,50,100,100,229982,6 3 1 11 7 2 9 0 8 5 4 10 
214,3.34554e-06,4.34815e-06,2.99327e-06,50,100,100,229982,6 3 1 11 7 2 9 0 8 5 4 10 
215,3.32978e-06,4.34815e-06,2.89502e-06,50,100,100,229982,6 3 1 11 7 2 9 0 8 5 4 10 
216,3.38411e-06,4.34815e-06,2.9828e-06,50,100,100,229982,6 3 1 11 7 2 9 0 8 5 4 10 
217,3.36352e-06,4.34815e-06,3.04052e-06,50,100,100,229982,6 3 1 11 7 2 9 0 8 5 4 10 
218,3.36411e-06,4.34815e-06,3.05158e-06,50,100,100,229982,6 3 1 11 7 2 9 0 8 5 4 10 
219,3.36345e-06,4.34815e-06,3.05208e-06,50,100,100,229982,6 3 1 11 7 2 9 0 8 5 4 10 
220,3.3693e-06,4.34815e-06,3.00089e-06,50,100,100,229982,6 3 1 11 7 2 9 0 8 5 4 10 
221,3.36385e-06,4.34815e-06,2.98896e-06,50,100,100,229982,6 3 1 11 7 2 9 0 8 5 4 10 
222,3.33287e-06,4.34815e-06,2.97285e-06,50,100,100,229982,6 3 1 11 7 2 9 0 8 5 4 10 
223,3.34638e-06,4.34815e-06,3.00583e-06,50,100,100,229982,6 3 1 11 7 2 9 0 8 5 4 10 
224,3.32833e-06,4.34815e-06,2.90029e-06,50,100,100,229982,6 3 1 11 7 2 9 0 8 5 4 10 
225,3.34489e-06,4.34815e-06,2.96223e-06,50,100,100,229982,6 3 1 11 7 2 9 0 8 5 4 10 
226,3.34651e-06,4.34815e-06,3.03237e-06,50,100,100,229982,6 3 1 11 7 2 9 0 8 5 4 10 
227,3.34299e-06,4.34815e-06,2.93757e-06,50,100,100,229982,6 3 1 11 7 2 9 0 8 5 4 10 
228,3.38554e-06,4.34815e-06,3.04443e-06,50,100,100,229982,6 3 1 11 7 2 9 0 8 5 4 10 
229,3.3698e-06,4.34815e-06,3.04849e-06,50,100,100,229982,6 3 1 11 7 2 9 0 8 5 4 10 
230,3.34807e-06,4.34815e-06,2.93972e-06,50,100,100,229982,6 3 1 11 7 2 9 0 8 5 4 10 
231,3.31005e-06,4.34815e-06,2.97544e-06,50,100,100,229982,6 3 1 11 7 2 9 0 8 5 4 10 
232,3.3212e-06,4.34815e-06,3.00595e-06,50,100,100,229982,6 3 1 11 7 2 9 0 8 5 4 10 
233,3.38152e-06,4.34815e-06,3.04417e-06,50,100,100,229982,6 3 1 11 7 2 9 0 8 5 4 10 
234,3.3509e-06,4.34815e-06,3.03836e-06,50,100,100,229982,6 3 1 11 7 2 9 0 8 5 4 10 
235,3.34825e-06,4.34815e-06,2.94847e-06,50,100,100,229982,6 3 1 11 7 2 9 0 8 5 4 10 
236,3.39035e-06,4.34815e-06,3.06088e-06,50,100,100,229982,6 3 1 11 7 2 9 0 8 5 4 10 
237,3.3671e-06,4.34815e-06,3.05914e-06,50,100,100,229982,6 3 1 11 7 2 9 0 8 5 4 10 
238,3.33965e-06,4.34815e-06,2.95603e-06,50,100,100,229982,6 3 1 11 7 2 9 0 8 5 4 10 
239,3.33744e-06,4.34815e-06,2.94894e-06,50,100,100,229982,6 3 1 11 7 2 9 0 8 5 4 10 
240,3.32707e-06,4.34815e-06,2.9503e-06,50,100,100,229982,6 3 1 11 7 2 9 0 8 5 4 10 
241,3.32543e-06,4.34815e-06,2.90582e-06,50,100,100,229982,6 3 1 11 7 2 9 0 8 5 4 10 
242,3.33781e-06,4.34815e-06,2.99603e-06,50,100,100,229982,6 3 1 11 7 2 9 0 8 5 4 10 
243,3.3635e-06,4.34815e-06,2.99139e-06,50,100,100,229982,6 3 1 11 7 2 9 0 8 5 4 10 
244,3.37802e-06,4.34815e-06,3.02783e-06,50,100,100,229982,6 3 1 11 7 2 9 0 8 5 4 10 
245,3.34087e-06,4.34815e-06,2.9868e-06,50,100,100,229982,6 3 1 11 7 2 9 0 8 5 4 10 
246,3.33059e-06,4.34815e-06,2.96345e-06,50,100,100,229982,6 3 1 11 7 2 9 0 8 5 4 10 
247,3.35894e-06,4.34815e-06,2.97033e-06,50,100,100,229982,6 3 1 11 7 2 9 0 8 5 4 10 
248,3.33569e-06,4.34815e-06,2.9451e-06,50,100,100,229982,6 3 1 11 7 2 9 0 8 5 4 10 
249,3.3249e-06,4.34815e-06,2.93e-06,50,100,100,229982,6 3 1 11 7 2 9 0 8 5 4 10 
250,3.33022e-06,4.34815e-06,3.02642e-06,50,100,100,229982,6 3 1 11 7 2 9 0 8 5 4 10 
251,3.32606e-06,4.34815e-06,2.95992e-06,50,100,100,229982,6 3 1 11 7 2 9 0 8 5 4 10 
252,3.34813e-06,4.34815e-06,3.02569e-06,50,100,100,229982,6 3 1 11 7 2 9 0 8 5 4 10 
253,3.30773e-06,4.34815e-06,2.95614e-06,50,100,100,229982,6 3 1 11 7 2 9 0 8 5 4 10 
254,3.33941e-06,4.34815e-06,3.01738e-06,50,100,100,229982,6 3 1 11 7 2 9 0 8 5 4 10 
255,3.34971e-06,4.34815e-06,2.98931e-06,50,100,100,229982,6 3 1 11 7 2 9 0 8 5 4 10 
256,3.36213e-06,4.34815e-06,2.92452e-06,50,100,100,229982,6 3 1 11 7 2 9 0 8 5 4 10 
257,3.32426e-06,4.34815e-06,2.9828e-06,50,100,100,229982,6 3 1 11 7 2 9 0 8 5 4 10 
258,3.32559e-06,4.34815e-06,2.97485e-06,50,100,100,229982,6 3 1 11 7 2 9 0 8 5 4 10 
259,3.30847e-06,4.34815e-06,2.96684e-06,50,100,100,229982,6 3 1 11 7 2 9 0 8 5 4 10 
260,3.32889e-06,4.34815e-06,3.00603e-06,50,100,100,229982,6 3 1 11 7 2 9 0 8 5 4 10 
261,3.32646e-06,4.34815e-06,2.96243e-06,50,100,100,229982,6 3 1 11 7 2 9 0 8 5 4 10 
262,3.31872e-06,4.34815e-06,2.91213e-06,50,100,100,229982,6 3 1 11 7 2 9 0 8 5 4 10 
263,3.35309e-06,4.34815e-06,3.02426e-06,50,100,100,229982,6 3 1 11 7 2 9 0 8 5 4 10 
264,3.34805e-06,4.34815e-06,2.97962e-06,50,100,100,229982,6 3 1 11 7 2 9 0 8 5 4 10 
265,3.31816e-06,4.34815e-06,2.92594e-06,50,100,100,229982,6 3 1 11 7 2 9 0 8 5 4 10 
266,3.34258e-06,4.34815e-06,3.0405e-06,50,100,100,229982,6 3 1 11 7 2 9 0 8 5 4 10 
267,3.35008e-06,4.34815e-06,2.96497e-06,50,100,100,229982,6 3 1 11 7 2 9 0 8 5 4 10 
268,3.33749e-06,4.34815e-06,2.9676e-06,50,100,100,229982,6 3 1 11 7 2 9 0 8 5 4 10 
269,3.35359e-06,4.34815e-06,2.90056e-06,50,100,100,229982,6 3 1 11 7 2 9 0 8 5 4 10 
270,3.33212e-06,4.34815e-06,3.02174e-06,50,100,100,229982,6 3 1 11 7 2 9 0 8 5 4 10 
271,3.31148e-06,4.34815e-06,2.96355e-06,50,100,100,229982,6 3 1 11 7 2 9 0 8 5 4 10 
272,3.36784e-06,4.34815e-06,2.98953e-06,50,100,100,229982,6 3 1 11 7 2 9 0 8 5 4 10 
273,3.37668e-06,4.34815e-06,3.01003e-06,50,100,100,229982,6 3 1 11 7 2 9 0 8 5 4 10 
274,3.38636e-06,4.34815e-06,3.00004e-06,50,100,100,229982,6 3 1 11 7 2 9 0 8 5 4 10 
275,3.35309e-06,4.34815e-06,2.98026e-06,50,100,100,229982,6 3 1 11 7 2 9 0 8 5 4 10 
276,3.33689e-06,4.34815e-06,3.0072e-06,50,100,100,229982,6 3 1 11 7 2 9 0 8 5 4 10 
277,3.36523e-06,4.34815e-06,3.01255e-06,50,100,100,229982,6 3 1 11 7 2 9 0 8 5 4 10 
278,3.34133e-06,4.34815e-06,2.97978e-06,50,100,100,229982,6 3 1 11 7 2 9 0 8 5 4 10 
279,3.33081e-06,4.34815e-06,2.96199e-06,50,100,100,229982,6 3 1 11 7 2 9 0 8 5 4 10 
280,3.33707e-06,4.34815e-06,2.98597e-06,50,100,100,229982,6 3 1 11 7 2 9 0 8 5 4 10 
281,3.35432e-06,4.34815e-06,2.99338e-06,50,100,100,229982,6 3 1 11 7 2 9 0 8 5 4 10 
282,3.38156e-06,4.34815e-06,2.97806e-06,50,100,100,229982,6 3 1 11 7 2 9 0 8 5 4 10 
283,3.33344e-06,4.34815e-06,2.97065e-06,50,100,100,229982,6 3 1 11 7 2 9 0 8 5 4 10 
284,3.36319e-06,4.34815e-06,3.02326e-06,50,100,100,229982,6 3 1 11 7 2 9 0 8 5 4 10 
285,3.36692e-06,4.34815e-06,3.04061e-06,50,100,100,229982,6 3 1 11 7 2 9 0 8 5 4 10 
286,3.38812e-06,4.34815e-06,3.00027e-06,50,100,100,229982,6 3 1 11 7 2 9 0 8 5 4 10 
287,3.42314e-06,4.34815e-06,3.01296e-06,50,100,100,229982,6 3 1 11 7 2 9 0 8 5 4 10 
288,3.36932e-06,4.34815e-06,3.00626e-06,50,100,100,229982,6 3 1 11 7 2 9 0 8 5 4 10 
289,3.34051e-06,4.34815e-06,2.97904e-06,50,100,100,229982,6 3 1 11 7 2 9 0 8 5 4 10 
290,3.36396e-06,4.34815e-06,2.98653e-06,50,100,100,229982,6 3 1 11 7 2 9 0 8 5 4 10 
291,3.36821e-06,4.34815e-06,3.02719e-06,50,100,100,229982,6 3 1 11 7 2 9 0 8 5 4 10 
292,3.40682e-06,4.34815e-06,2.99479e-06,50,100,100,229982,6 3 1 11 7 2 9 0 8 5 4 10 
293,3.37555e-06,4.34815e-06,2.98831e-06,50,100,100,229982,6 3 1 11 7 2 9 0 8 5 4 10 
294,3.36937e-06,4.34815e-06,2.97989e-06,50,100,100,229982,6 3 1 11 7 2 9 0 8 5 4 10 
295,3.348e-06,4.34815e-06,2.96934e-06,50,100,100,229982,6 3 1 11 7 2 9 0 8 5 4 10 
296,3.34813e-06,4.34815e-06,2.98135e-06,50,100,100,229982,6 3 1 11 7 2 9 0 8 5 4 10 
297,3.37849e-06,4.34815e-06,3.00686e-06,50,100,100,229982,6 3 1 11 7 2 9 0 8 5 4 10 
298,3.37148e-06,4.34815e-06,3.01353e-06,50,100,100,229982,6 3 1 11 7 2 9 0 8 5 4 10 
299,3.34534e-06,4.34815e-06,3.01842e-06,50,100,100,229982,6 3 1 11 7 2 9 0 8 5 4 10 
300,3.33551e-06,4.34815e-06,3.01313e-06,50,100,100,229982,6 3 1 11 7 2 9 0 8 5 4 10 
301,3.3268e-06,4.34815e-06,2.97685e-06,50,100,100,229982,6 3 1 11 7 2 9 0 8 5 4 10 
302,3.30983e-06,4.34815e-06,2.9757e-06,50,100,100,229982,6 3 1 11 7 2 9 0 8 5 4 10 
303,3.34015e-06,4.34815e-06,3.0029e-06,50,100,100,229982,6 3 1 11 7 2 9 0 8 5 4 10 
304,3.34171e-06,4.34815e-06,2.93764e-06,50,100,100,229982,6 3 1 11 7 2 9 0 8 5 4 10 
305,3.36012e-06,4.34815e-06,2.95007e-06,50,100,100,229982,6 3 1 11 7 2 9 0 8 5 4 10 
306,3.31742e-06,4.34815e-06,2.93084e-06,50,100,100,229982,6 3 1 11 7 2 9 0 8 5 4 10 
307,3.31937e-06,4.34815e-06,2.99433e-06,50,100,100,229982,6 3 1 11 7 2 9 0 8 5 4 10 
308,3.34668e-06,4.34815e-06,2.99123e-06,50,100,100,229982,6 3 1 11 7 2 9 0 8 5 4 10 
309,3.34109e-06,4.34815e-06,2.91914e-06,50,100,100,229982,6 3 1 11 7 2 9 0 8 5 4 10 
310,3.34686e-06,4.34815e-06,3.04924e-06,50,100,100,229982,6 3 1 11 7 2 9 0 8 5 4 10 
311,3.37088e-06,4.34815e-06,2.99515e-06,50,100,100,229982,6 3 1 11 7 2 9 0 8 5 4 10 
312,3.37447e-06,4.34815e-06,3.04498e-06,50,100,100,229982,6 3 1 11 7 2 9 0 8 5 4 10 
313,3.33147e-06,4.34815e-06,3.02916e-06,50,100,100,229982,6 3 1 11 7 2 9 0 8 5 4 10 
314,3.3402e-06,4.34815e-06,2.9982e-06,50,100,100,229982,6 3 1 11 7 2 9 0 8 5 4 10 
315,3.31254e-06,4.34815e-06,2.99345e-06,50,100,100,229982,6 3 1 11 7 2 9 0 8 5 4 10 
316,3.35122e-06,4.34815e-06,2.92277e-06,50,100,100,229982,6 3 1 11 7 2 9 0 8 5 4 10 
317,3.34317e-06,4.34815e-06,2.94333e-06,50,100,100,229982,6 3 1 11 7 2 9 0 8 5 4 10 
318,3.37226e-06,4.34815e-06,2.94316e-06,50,100,100,229982,6 3 1 11 7 2 9 0 8 5 4 10 
319,3.35612e-06,4.34815e-06,2.95448e-06,50,100,100,229982,6 3 1 11 7 2 9 0 8 5 4 10 
320,3.3607e-06,4.34815e-06,2.85163e-06,50,100,100,229982,6 3 1 11 7 2 9 0 8 5 4 10 
321,3.39081e-06,4.34815e-06,3.09311e-06,50,100,100,229982,6 3 1 11 7 2 9 0 8 5 4 10 
322,3.32883e-06,4.34815e-06,2.97549e-06,50,100,100,229982,6 3 1 11 7 2 9 0 8 5 4 10 
323,3.38763e-06,4.34815e-06,2.94288e-06,50,100,100,229982,6 3 1 11 7 2 9 0 8 5 4 10 
324,3.35888e-06,4.34815e-06,2.94533e-06,50,100,100,229982,6 3 1 11 7 2 9 0 8 5 4 10 
325,3.33142e-06,4.34815e-06,2.93776e-06,50,100,100,229982,6 3 1 11 7 2 9 0 8 5 4 10 
326,3.35508e-06,4.34815e-06,3.01684e-06,50,100,100,229982,6 3 1 11 7 2 9 0 8 5 4 10 
327,3.34545e-06,4.34815e-06,3.03552e-06,50,100,100,229982,6 3 1 11 7 2 9 0 8 5 4 10 
328,3.33531e-06,4.34815e-06,2.93927e-06,50,100,100,229982,6 3 1 11 7 2 9 0 8 5 4 10 
329,3.34189e-06,4.34815e-06,2.98872e-06,50,100,100,229982,6 3 1 11 7 2 9 0 8 5 4 10 
330,3.30533e-06,4.34815e-06,2.98231e-06,50,100,100,229982,6 3 1 11 7 2 9 0 8 5 4 10 
331,3.34459e-06,4.34815e-06,2.99927e-06,50,100,100,229982,6 3 1 11 7 2 9 0 8 5 4 10 
332,3.3262e-06,4.34815e-06,3.02415e-06,50,100,100,229982,6 3 1 11 7 2 9 0 8 5 4 10 
333,3.32315e-06,4.34815e-06,2.96487e-06,50,100,100,229982,6 3 1 11 7 2 9 0 8 5 4 10 
334,3.32597e-06,4.34815e-06,3.02538e-06,50,100,100,229982,6 3 1 11 7 2 9 0 8 5 4 10 
335,3.3124e-06,4.34815e-06,2.93702e-06,50,100,100,229982,6 3 1 11 7 2 9 0 8 5 4 10 
336,3.31452e-06,4.34815e-06,2.91572e-06,50,100,100,229982,6 3 1 11 7 2 9 0 8 5 4 10 
337,3.33585e-06,4.34815e-06,2.9649e-06,50,100,100,229982,6 3 1 11 7 2 9 0 8 5 4 10 
338,3.32209e-06,4.34815e-06,3.01338e-06,50,100,100,229982,6 3 1 11 7 2 9 0 8 5 4 10 
339,3.33882e-06,4.34815e-06,3.0494e-06,50,100,100,229982,6 3 1 11 7 2 9 0 8 5 4 10 
340,3.34111e-06,4.34815e-06,3.02822e-06,50,100,100,229982,6 3 1 11 7 2 9 0 8 5 4 10 
341,3.32973e-06,4.34815e-06,2.99175e-06,50,100,100,229982,6 3 1 11 7 2 9 0 8 5 4 10 
342,3.32245e-06,4.34815e-06,2.98312e-06,50,100,100,229982,6 3 1 11 7 2 9 0 8 5 4 10 
343,3.33397e-06,4.34815e-06,2.98432e-06,50,100,100,229982,6 3 1 11 7 2 9 0 8 5 4 10 
344,3.33739e-06,4.34815e-06,3.00355e-06,50,100,100,229982,6 3 1 11 7 2 9 0 8 5 4 10 
345,3.31859e-06,4.34815e-06,2.94449e-06,50,100,100,229982,6 3 1 11 7 2 9 0 8 5 4 10 
346,3.32293e-06,4.34815e-06,2.98024e-06,50,100,100,229982,6 3 1 11 7 2 9 0 8 5 4 10 
347,3.31877e-06,4.34815e-06,2.96867e-06,50,100,100,229982,6 3 1 11 7 2 9 0 8 5 4 10 
348,3.36654e-06,4.34815e-06,3.00175e-06,50,100,100,229982,6 3 1 11 7 2 9 0 8 5 4 10 
349,3.32814e-06,4.34815e-06,2.91769e-06,50,100,100,229982,6 3 1 11 7 2 9 0 8 5 4 10 
350,3.35865e-06,4.34815e-06,2.97029e-06,50,100,100,229982,6 3 1 11 7 2 9 0 8 5 4 10 
351,3.32369e-06,4.34815e-06,2.93697e-06,50,100,100,229982,6 3 1 11 7 2 9 0 8 5 4 10 
352,3.30854e-06,4.34815e-06,2.93875e-06,50,100,100,229982,6 3 1 11 7 2 9 0 8 5 4 10 
353,3.29952e-06,4.34815e-06,2.93825e-06,50,100,100,229982,6 3 1 11 7 2 9 0 8 5 4 10 
354,3.31626e-06,4.34815e-06,2.88901e-06,50,100,100,229982,6 3 1 11 7 2 9 0 8 5 4 10 
355,3.32412e-06,4.34815e-06,3.03257e-06,50,100,100,229982,6 3 1 11 7 2 9 0 8 5 4 10 
356,3.30796e-06,4.34815e-06,2.95908e-06,50,100,100,229982,6 3 1 11 7 2 9 0 8 5 4 10 
357,3.31884e-06,4.34815e-06,2.93251e-06,50,100,100,229982,6 3 1 11 7 2 9 0 8 5 4 10 
358,3.32488e-06,4.34815e-06,2.96617e-06,50,100,100,229982,6 3 1 11 7 2 9 0 8 5 4 10 
359,3.30227e-06,4.34815e-06,3.00137e-06,50,100,100,229982,6 3 1 11 7 2 9 0 8 5 4 10 
360,3.29827e-06,4.34815e-06,2.97229e-06,50,100,100,229982,6 3 1 11 7 2 9 0 8 5 4 10 
361,3.30619e-06,4.34815e-06,3.06845e-06,50,100,100,229982,6 3 1 11 7 2 9 0 8 5 4 10 
362,3.32438e-06,4.34815e-06,2.96041e-06,50,100,100,229982,6 3 1 11 7 2 9 0 8 5 4 10 
363,3.33925e-06,4.34815e-06,3.00373e-06,50,100,100,229982,6 3 1 11 7 2 9 0 8 5 4 10 
364,3.30973e-06,4.34815e-06,3.00509e-06,50,100,100,229982,6 3 1 11 7 2 9 0 8 5 4 10 
365,3.32942e-06,4.34815e-06,2.93074e-06,50,100,100,229982,6 3 1 11 7 2 9 0 8 5 4 10 
366,3.33331e-06,4.34815e-06,2.97254e-06,50,100,100,229982,6 3 1 11 7 2 9 0 8 5 4 10 
367,3.31463e-06,4.34815e-06,3.01613e-06,50,100,100,229982,6 3 1 11 7 2 9 0 8 5 4 10 
368,3.31129e-06,4.34815e-06,2.88845e-06,50,100,100,229982,6 3 1 11 7 2 9 0 8 5 4 10 
369,3.33554e-06,4.34815e-06,2.87466e-06,50,100,100,229982,6 3 1 11 7 2 9 0 8 5 4 10 
370,3.33071e-06,4.34815e-06,2.90678e-06,50,100,100,229982,6 3 1 11 7 2 9 0 8 5 4 10 
371,3.31685e-06,4.34815e-06,2.94146e-06,50,100,100,229982,6 3 1 11 7 2 9 0 8 5 4 10 
372,3.33978e-06,4.34815e-06,3.01262e-06,50,100,100,229982,6 3 1 11 7 2 9 0 8 5 4 10 
373,3.33159e-06,4.34815e-06,3.03995e-06,50,100,100,229982,6 3 1 11 7 2 9 0 8 5 4 10 
374,3.30076e-06,4.34815e-06,3.03243e-06,50,100,100,229982,6 3 1 11 7 2 9 0 8 5 4 10 
375,3.31563e-06,4.34815e-06,3.02236e-06,50,100,100,229982,6 3 1 11 7 2 9 0 8 5 4 10 
376,3.31941e-06,4.34815e-06,3.00764e-06,50,100,100,229982,6 3 1 11 7 2 9 0 8 5 4 10 
377,3.32466e-06,4.34815e-06,2.85198e-06,50,100,100,229982,6 3 1 11 7 2 9 0 8 5 4 10 
378,3.33782e-06,4.34815e-06,3.00471e-06,50,100,100,229982,6 3 1 11 7 2 9 0 8 5 4 10 
379,3.34801e-06,4.34815e-06,2.9707e-06,50,100,100,229982,6 3 1 11 7 2 9 0 8 5 4 10 
380,3.31827e-06,4.34815e-06,2.96352e-06,50,100,100,229982,6 3 1 11 7 2 9 0 8 5 4 10 
381,3.33958e-06,4.34815e-06,2.91436e-06,50,100,100,229982,6 3 1 11 7 2 9 0 8 5 4 10 
382,3.31151e-06,4.34815e-06,2.9164e-06,50,100,100,229982,6 3 1 11 7 2 9 0 8 5 4 10 
383,3.33242e-06,4.34815e-06,2.98701e-06,50,100,100,229982,6 3 1 11 7 2 9 0 8 5 4 10 
384,3.34056e-06,4.34815e-06,2.92837e-06,50,100,100,229982,6 3 1 11 7 2 9 0 8 5 4 10 
385,3.35578e-06,4.34815e-06,2.94666e-06,50,100,100,229982,6 3 1 11 7 2 9 0 8 5 4 10 
386,3.36241e-06,4.34815e-06,2.98851e-06,50,100,100,229982,6 3 1 11 7 2 9 0 8 5 4 10 
387,3.38859e-06,4.34815e-06,3.01555e-06,50,100,100,229982,6 3 1 11 7 2 9 0 8 5 4 10 
388,3.33848e-06,4.34815e-06,2.9164e-06,50,100,100,229982,6 3 1 11 7 2 9 0 8 5 4 10 
389,3.35275e-06,4.34815e-06,2.9027e-06,50,100,100,229982,6 3 1 11 7 2 9 0 8 5 4 10 
390,3.34211e-06,4.34815e-06,3.02985e-06,50,100,100,229982,6 3 1 11 7 2 9 0 8 5 4 10 
391,3.35951e-06,4.34815e-06,3.04215e-06,50,100,100,229982,6 3 1 11 7 2 9 0 8 5 4 10 
392,3.36372e-06,4.34815e-06,2.99234e-06,50,100,100,229982,6 3 1 11 7 2 9 0 8 5 4 10 
393,3.38162e-06,4.34815e-06,2.9903e-06,50,100,100,229982,6 3 1 11 7 2 9 0 8 5 4 10 
394,3.36578e-06,4.34815e-06,2.9339e-06,50,100,100,229982,6 3 1 11 7 2 9 0 8 5 4 10 
395,3.37798e-06,4.34815e-06,2.91442e-06,50,100,100,229982,6 3 1 11 7 2 9 0 8 5 4 10 
396,3.40464e-06,4.34815e-06,3.05356e-06,50,100,100,229982,6 3 1 11 7 2 9 0 8 5 4 10 
397,3.38215e-06,4.34815e-06,3.04767e-06,50,100,100,229982,6 3 1 11 7 2 9 0 8 5 4 10 
398,3.37624e-06,4.34815e-06,3.02456e-06,50,100,100,229982,6 3 1 11 7 2 9 0 8 5 4 10 
399,3.38212e-06,4.34815e-06,2.96578e-06,50,100,100,229982,6 3 1 11 7 2 9 0 8 5 4 10 
400,3.40563e-06,4.34815e-06,2.96374e-06,50,100,100,229982,6 3 1 11 7 2 9 0 8 5 4 10 
401,3.41918e-06,4.34815e-06,3.06687e-06,50,100,100,229982,6 3 1 11 7 2 9 0 8 5 4 10 
402,3.42914e-06,4.34815e-06,2.9899e-06,50,100,100,229982,6 3 1 11 7 2 9 0 8 5 4 10 
403,3.36489e-06,4.34815e-06,3.04087e-06,50,100,100,229982,6 3 1 11 7 2 9 0 8 5 4 10 
404,3.37201e-06,4.34815e-06,2.9961e-06,50,100,100,229982,6 3 1 11 7 2 9 0 8 5 4 10 
405,3.39325e-06,4.34815e-06,2.98989e-06,50,100,100,229982,6 3 1 11 7 2 9 0 8 5 4 10 
406,3.37572e-06,4.34815e-06,2.97682e-06,50,100,100,229982,6 3 1 11 7 2 9 0 8 5 4 10 
407,3.36651e-06,4.34815e-06,3.00447e-06,50,100,100,229982,6 3 1 11 7 2 9 0 8 5 4 10 
408,3.38017e-06,4.34815e-06,3.0327e-06,50,100,100,229982,6 3 1 11 7 2 9 0 8 5 4 10 
409,3.35468e-06,4.34815e-06,3.02432e-06,50,100,100,229982,6 3 1 11 7 2 9 0 8 5 4 10 
410,3.31116e-06,4.34815e-06,2.94645e-06,50,100,100,229982,6 3 1 11 7 2 9 0 8 5 4 10 
411,3.3256e-06,4.34815e-06,2.95256e-06,50,100,100,229982,6 3 1 11 7 2 9 0 8 5 4 10 
412,3.34941e-06,4.34815e-06,3.00968e-06,50,100,100,229982,6 3 1 11 7 2 9 0 8 5 4 10 
413,3.3454e-06,4.34815e-06,3.05531e-06,50,100,100,229982,6 3 1 11 7 2 9 0 8 5 4 10 
414,3.34121e-06,4.34815e-06,2.98863e-06,50,100,100,229982,6 3 1 11 7 2 9 0 8 5 4 10 
415,3.31198e-06,4.34815e-06,2.96631e-06,50,100,100,229982,6 3 1 11 7 2 9 0 8 5 4 10 
416,3.2982e-06,4.34815e-06,2.99941e-06,50,100,100,229982,6 3 1 11 7 2 9 0 8 5 4 10 
417,3.29981e-06,4.34815e-06,2.92954e-06,50,100,100,229982,6 3 1 11 7 2 9 0 8 5 4 10 
418,3.33287e-06,4.34815e-06,3.05667e-06,50,100,100,229982,6 3 1 11 7 2 9 0 8 5 4 10 
419,3.33088e-06,4.34815e-06,2.96809e-06,50,100,100,229982,6 3 1 11 7 2 9 0 8 5 4 10 
420,3.34348e-06,4.34815e-06,3.02454e-06,50,100,100,229982,6 3 1 11 7 2 9 0 8 5 4 10 
421,3.31776e-06,4.34815e-06,2.95239e-06,50,100,100,229982,6 3 1 11 7 2 9 0 8 5 4 10 
422,3.3269e-06,4.34815e-06,3.00563e-06,50,100,100,229982,6 3 1 11 7 2 9 0 8 5 4 10 
423,3.31848e-06,4.34815e-06,2.97955e-06,50,100,100,229982,6 3 1 11 7 2 9 0 8 5 4 10 
424,3.32063e-06,4.34815e-06,2.997e-06,50,100,100,229982,6 3 1 11 7 2 9 0 8 5 4 10 
425,3.31129e-06,4.34815e-06,2.9045e-06,50,100,100,229982,6 3 1 11 7 2 9 0 8 5 4 10 
426,3.32029e-06,4.34815e-06,3.02176e-06,50,100,100,229982,6 3 1 11 7 2 9 0 8 5 4 10 
427,3.32749e-06,4.34815e-06,2.99323e-06,50,100,100,229982,6 3 1 11 7 2 9 0 8 5 4 10 
428,3.33895e-06,4.34815e-06,2.96292e-06,50,100,100,229982,6 3 1 11 7 2 9 0 8 5 4 10 
429,3.34105e-06,4.34815e-06,3.00516e-06,50,100,100,229982,6 3 1 11 7 2 9 0 8 5 4 10 
430,3.31175e-06,4.34815e-06,2.95165e-06,50,100,100,229982,6 3 1 11 7 2 9 0 8 5 4 10 
431,3.3038e-06,4.34815e-06,2.96195e-06,50,100,100,229982,6 3 1 11 7 2 9 0 8 5 4 10 
432,3.33245e-06,4.34815e-06,2.90783e-06,50,100,100,229982,6 3 1 11 7 2 9 0 8 5 4 10 
433,3.32657e-06,4.34815e-06,2.9563e-06,50,100,100,229982,6 3 1 11 7 2 9 0 8 5 4 10 
434,3.36371e-06,4.34815e-06,2.98735e-06,50,100,100,229982,6 3 1 11 7 2 9 0 8 5 4 10 
435,3.3606e-06,4.34815e-06,2.98583e-06,50,100,100,229982,6 3 1 11 7 2 9 0 8 5 4 10 
436,3.3135e-06,4.34815e-06,2.97492e-06,50,100,100,229982,6 3 1 11 7 2 9 0 8 5 4 10 
437,3.31169e-06,4.34815e-06,3.022e-06,50,100,100,229982,6 3 1 11 7 2 9 0 8 5 4 10 
438,3.32349e-06,4.34815e-06,2.97052e-06,50,100,100,229982,6 3 1 11 7 2 9 0 8 5 4 10 
439,3.32544e-06,4.34815e-06,3.00164e-06,50,100,100,229982,6 3 1 11 7 2 9 0 8 5 4 10 
440,3.33126e-06,4.34815e-06,2.92083e-06,50,100,100,229982,6 3 1 11 7 2 9 0 8 5 4 10 
441,3.33176e-06,4.34815e-06,2.94529e-06,50,100,100,229982,6 3 1 11 7 2 9 0 8 5 4 10 
442,3.32757e-06,4.34815e-06,2.98548e-06,50,100,100,229982,6 3 1 11 7 2 9 0 8 5 4 10 
443,3.30702e-06,4.34815e-06,2.94399e-06,50,100,100,229982,6 3 1 11 7 2 9 0 8 5 4 10 
444,3.30541e-06,4.34815e-06,2.9719e-06,50,100,100,229982,6 3 1 11 7 2 9 0 8 5 4 10 
445,3.31317e-06,4.34815e-06,2.93122e-06,50,100,100,229982,6 3 1 11 7 2 9 0 8 5 4 10 
446,3.31772e-06,4.34815e-06,3.03081e-06,50,100,100,229982,6 3 1 11 7 2 9 0 8 5 4 10 
447,3.31581e-06,4.34815e-06,3.00418e-06,50,100,100,229982,6 3 1 11 7 2 9 0 8 5 4 10 
448,3.32683e-06,4.34815e-06,2.92421e-06,50,100,100,229982,6 3 1 11 7 2 9 0 8 5 4 10 
449,3.35302e-06,4.34815e-06,3.0031e-06,50,100,100,229982,6 3 1 11 7 2 9 0 8 5 4 10 
450,3.3463e-06,4.34815e-06,2.9809e-06,50,100,100,229982,6 3 1 11 7 2 9 0 8 5 4 10 
451,3.37163e-06,4.34815e-06,2.95855e-06,50,100,100,229982,6 3 1 11 7 2 9 0 8 5 4 10 
452,3.34566e-06,4.34815e-06,3.01491e-06,50,100,100,229982,6 3 1 11 7 2 9 0 8 5 4 10 
453,3.35534e-06,4.34815e-06,3.0004e-06,50,100,100,229982,6 3 1 11 7 2 9 0 8 5 4 10 
454,3.34347e-06,4.34815e-06,3.07527e-06,50,100,100,229982,6 3 1 11 7 2 9 0 8 5 4 10 
455,3.3521e-06,4.34815e-06,2.95638e-06,50,100,100,229982,6 3 1 11 7 2 9 0 8 5 4 10 
456,3.32907e-06,4.34815e-06,2.94318e-06,50,100,100,229982,6 3 1 11 7 2 9 0 8 5 4 10 
457,3.31974e-06,4.34815e-06,3.00108e-06,50,100,100,229982,6 3 1 11 7 2 9 0 8 5 4 10 
458,3.32222e-06,4.34815e-06,2.96259e-06,50,100,100,229982,6 3 1 11 7 2 9 0 8 5 4 10 
459,3.30035e-06,4.34815e-06,2.98724e-06,50,100,100,229982,6 3 1 11 7 2 9 0 8 5 4 10 
460,3.32993e-06,4.34815e-06,2.96973e-06,50,100,100,229982,6 3 1 11 7 2 9 0 8 5 4 10 
461,3.31707e-06,4.34815e-06,2.96053e-06,50,100,100,229982,6 3 1 11 7 2 9 0 8 5 4 10 
462,3.29784e-06,4.34815e-06,2.91293e-06,50,100,100,229982,6 3 1 11 7 2 9 0 8 5 4 10 
463,3.31962e-06,4.34815e-06,3.01538e-06,50,100,100,229982,6 3 1 11 7 2 9 0 8 5 4 10 
464,3.33692e-06,4.34815e-06,2.94264e-06,50,100,100,229982,6 3 1 11 7 2 9 0 8 5 4 10 
465,3.33349e-06,4.34815e-06,2.98821e-06,50,100,100,229982,6 3 1 11 7 2 9 0 8 5 4 10 
466,3.32559e-06,4.34815e-06,2.98115e-06,50,100,100,229982,6 3 1 11 7 2 9 0 8 5 4 10 
467,3.36561e-06,4.34815e-06,2.94034e-06,50,100,100,229982,6 3 1 11 7 2 9 0 8 5 4 10 
468,3.33564e-06,4.34815e-06,3.01111e-06,50,100,100,229982,6 3 1 11 7 2 9 0 8 5 4 10 
469,3.32253e-06,4.34815e-06,3.02386e-06,50,100,100,229982,6 3 1 11 7 2 9 0 8 5 4 10 
470,3.34281e-06,4.34815e-06,3.00549e-06,50,100,100,229982,6 3 1 11 7 2 9 0 8 5 4 10 
471,3.31115e-06,4.34815e-06,2.97125e-06,50,100,100,229982,6 3 1 11 7 2 9 0 8 5 4 10 
472,3.33182e-06,4.34815e-06,3.03211e-06,50,100,100,229982,6 3 1 11 7 2 9 0 8 5 4 10 
473,3.32867e-06,4.34815e-06,3.01835e-06,50,100,100,229982,6 3 1 11 7 2 9 0 8 5 4 10 
474,3.29771e-06,4.34815e-06,2.9549e-06,50,100,100,229982,6 3 1 11 7 2 9 0 8 5 4 10 
475,3.3347e-06,4.34815e-06,2.96501e-06,50,100,100,229982,6 3 1 11 7 2 9 0 8 5 4 10 
476,3.31479e-06,4.34815e-06,2.96208e-06,50,100,100,229982,6 3 1 11 7 2 9 0 8 5 4 10 
477,3.3528e-06,4.34815e-06,2.97882e-06,50,100,100,229982,6 3 1 11 7 2 9 0 8 5 4 10 
478,3.33267e-06,4.34815e-06,3.02178e-06,50,100,100,229982,6 3 1 11 7 2 9 0 8 5 4 10 
479,3.31539e-06,4.34815e-06,2.97383e-06,50,100,100,229982,6 3 1 11 7 2 9 0 8 5 4 10 
480,3.32429e-06,4.34815e-06,2.95847e-06,50,100,100,229982,6 3 1 11 7 2 9 0 8 5 4 10 
481,3.33038e-06,4.34815e-06,2.95434e-06,50,100,100,229982,6 3 1 11 7 2 9 0 8 5 4 10 
482,3.32268e-06,4.34815e-06,2.93225e-06,50,100,100,229982,6 3 1 11 7 2 9 0 8 5 4 10 
483,3.31883e-06,4.34815e-06,2.98334e-06,50,100,100,229982,6 3 1 11 7 2 9 0 8 5 4 10 
484,3.2827e-06,4.34815e-06,2.94144e-06,50,100,100,229982,6 3 1 11 7 2 9 0 8 5 4 10 
485,3.30451e-06,4.34815e-06,2.97547e-06,50,100,100,229982,6 3 1 11 7 2 9 0 8 5 4 10 
486,3.31332e-06,4.34815e-06,3.00051e-06,50,100,100,229982,6 3 1 11 7 2 9 0 8 5 4 10 
487,3.33978e-06,4.34815e-06,2.96858e-06,50,100,100,229982,6 3 1 11 7 2 9 0 8 5 4 10 
488,3.32862e-06,4.34815e-06,3.00047e-06,50,100,100,229982,6 3 1 11 7 2 9 0 8 5 4 10 
489,3.34729e-06,4.34815e-06,3.02881e-06,50,100,100,229982,6 3 1 11 7 2 9 0 8 5 4 10 
490,3.30299e-06,4.34815e-06,2.98735e-06,50,100,100,229982,6 3 1 11 7 2 9 0 8 5 4 10 
491,3.32779e-06,4.34815e-06,2.95054e-06,50,100,100,229982,6 3 1 11 7 2 9 0 8 5 4 10 
492,3.34526e-06,4.34815e-06,2.90125e-06,50,100,100,229982,6 3 1 11 7 2 9 0 8 5 4 10 
493,3.33518e-06,4.34815e-06,2.97948e-06,50,100,100,229982,6 3 1 11 7 2 9 0 8 5 4 10 
494,3.3267e-06,4.34815e-06,2.96814e-06,50,100,100,229982,6 3 1 11 7 2 9 0 8 5 4 10 
495,3.32725e-06,4.34815e-06,2.974e-06,50,100,100,229982,6 3 1 11 7 2 9 0 8 5 4 10 
496,3.32329e-06,4.34815e-06,2.92743e-06,50,100,100,229982,6 3 1 11 7 2 9 0 8 5 4 10 
497,3.31335e-06,4.34815e-06,2.98808e-06,50,100,100,229982,6 3 1 11 7 2 9 0 8 5 4 10 
498,3.3264e-06,4.34815e-06,3.02626e-06,50,100,100,229982,6 3 1 11 7 2 9 0 8 5 4 10 
499,3.30041e-06,4.34815e-06,2.92525e-06,50,100,100,229982,6 3 1 11 7 2 9 0 8 5 4 10 
500,3.28716e-06,4.34815e-06,2.9375e-06,50,100,100,229982,6 3 1 11 7 2 9 0 8 5 4 10 
501,3.3045e-06,4.34815e-06,2.94203e-06,50,100,100,229982,6 3 1 11 7 2 9 0 8 5 4 10 
502,3.34515e-06,4.34815e-06,3.03679e-06,50,100,100,229982,6 3 1 11 7 2 9 0 8 5 4 10 
503,3.29713e-06,4.34815e-06,2.99298e-06,50,100,100,229982,6 3 1 11 7 2 9 0 8 5 4 10 
504,3.30803e-06,4.34815e-06,3.01758e-06,50,100,100,229982,6 3 1 11 7 2 9 0 8 5 4 10 
505,3.34507e-06,4.34815e-06,3.01691e-06,50,100,100,229982,6 3 1 11 7 2 9 0 8 5 4 10 
506,3.31491e-06,4.34815e-06,2.96208e-06,50,100,100,229982,6 3 1 11 7 2 9 0 8 5 4 10 
507,3.30127e-06,4.34815e-06,3.01149e-06,50,100,100,229982,6 3 1 11 7 2 9 0 8 5 4 10 
508,3.29635e-06,4.34815e-06,3.00624e-06,50,100,100,229982,6 3 1 11 7 2 9 0 8 5 4 10 
509,3.29582e-06,4.34815e-06,2.95534e-06,50,100,100,229982,6 3 1 11 7 2 9 0 8 5 4 10 
510,3.28002e-06,4.34815e-06,2.97059e-06,50,100,100,229982,6 3 1 11 7 2 9 0 8 5 4 10 
511,3.32152e-06,4.34815e-06,3.00323e-06,50,100,100,229982,6 3 1 11 7 2 9 0 8 5 4 10 
512,3.32229e-06,4.34815e-06,3.01826e-06,50,100,100,229982,6 3 1 11 7 2 9 0 8 5 4 10 
513,3.33824e-06,4.34815e-06,2.96869e-06,50,100,100,229982,6 3 1 11 7 2 9 0 8 5 4 10 
514,3.33455e-06,4.34815e-06,2.97243e-06,50,100,100,229982,6 3 1 11 7 2 9 0 8 5 4 10 
515,3.32179e-06,4.34815e-06,2.97109e-06,50,100,100,229982,6 3 1 11 7 2 9 0 8 5 4 10 
516,3.3162e-06,4.34815e-06,2.93421e-06,50,100,100,229982,6 3 1 11 7 2 9 0 8 5 4 10 
517,3.30763e-06,4.34815e-06,2.84695e-06,50,100,100,229982,6 3 1 11 7 2 9 0 8 5 4 10 
518,3.30817e-06,4.34815e-06,2.96931e-06,50,100,100,229982,6 3 1 11 7 2 9 0 8 5 4 10 
519,3.30543e-06,4.34815e-06,2.96139e-06,50,100,100,229982,6 3 1 11 7 2 9 0 8 5 4 10 
520,3.3363e-06,4.34815e-06,2.9577e-06,50,100,100,229982,6 3 1 11 7 2 9 0 8 5 4 10 
521,3.32808e-06,4.34815e-06,2.96545e-06,50,100,100,229982,6 3 1 11 7 2 9 0 8 5 4 10 
522,3.3428e-06,4.34815e-06,2.96823e-06,50,100,100,229982,6 3 1 11 7 2 9 0 8 5 4 10 
523,3.34696e-06,4.34815e-06,2.90359e-06,50,100,100,229982,6 3 1 11 7 2 9 0 8 5 4 10 
524,3.35269e-06,4.34815e-06,3.04569e-06,50,100,100,229982,6 3 1 11 7 2 9 0 8 5 4 10 
525,3.31544e-06,4.34815e-06,2.99792e-06,50,100,100,229982,6 3 1 11 7 2 9 0 8 5 4 10 
526,3.34676e-06,4.34815e-06,3.07803e-06,50,100,100,229982,6 3 1 11 7 2 9 0 8 5 4 10 
527,3.28515e-06,4.34815e-06,2.98612e-06,50,100,100,229982,6 3 1 11 7 2 9 0 8 5 4 10 
528,3.31913e-06,4.34815e-06,3.0044e-06,50,100,100,229982,6 3 1 11 7 2 9 0 8 5 4 10 
529,3.31469e-06,4.34815e-06,2.92523e-06,50,100,100,229982,6 3 1 11 7 2 9 0 8 5 4 10 
530,3.34466e-06,4.34815e-06,2.88288e-06,50,100,100,229982,6 3 1 11 7 2 9 0 8 5 4 10 
531,3.33287e-06,4.34815e-06,2.97201e-06,50,100,100,229982,6 3 1 11 7 2 9 0 8 5 4 10 
532,3.33042e-06,4.34815e-06,2.96913e-06,50,100,100,229982,6 3 1 11 7 2 9 0 8 5 4 10 
533,3.35596e-06,4.34815e-06,3.00881e-06,50,100,100,229982,6 3 1 11 7 2 9 0 8 5 4 10 
534,3.34858e-06,4.34815e-06,3.04067e-06,50,100,100,229982,6 3 1 11 7 2 9 0 8 5 4 10 
535,3.34545e-06,4.34815e-06,3.00841e-06,50,100,100,229982,6 3 1 11 7 2 9 0 8 5 4 10 
536,3.36997e-06,4.34815e-06,3.00027e-06,50,100,100,229982,6 3 1 11 7 2 9 0 8 5 4 10 
537,3.34672e-06,4.34815e-06,2.93695e-06,50,100,100,229982,6 3 1 11 7 2 9 0 8 5 4 10 
538,3.38068e-06,4.34815e-06,2.98819e-06,50,100,100,229982,6 3 1 11 7 2 9 0 8 5 4 10 
539,3.37581e-06,4.34815e-06,2.98352e-06,50,100,100,229982,6 3 1 11 7 2 9 0 8 5 4 10 
540,3.37519e-06,4.34815e-06,2.93199e-06,50,100,100,229982,6 3 1 11 7 2 9 0 8 5 4 10 
541,3.34061e-06,4.34815e-06,3.00818e-06,50,100,100,229982,6 3 1 11 7 2 9 0 8 5 4 10 
542,3.33335e-06,4.34815e-06,3.03028e-06,50,100,100,229982,6 3 1 11 7 2 9 0 8 5 4 10 
543,3.32476e-06,4.34815e-06,2.98546e-06,50,100,100,229982,6 3 1 11 7 2 9 0 8 5 4 10 
544,3.32809e-06,4.34815e-06,2.96434e-06,50,100,100,229982,6 3 1 11 7 2 9 0 8 5 4 10 
545,3.32454e-06,4.34815e-06,2.93485e-06,50,100,100,229982,6 3 1 11 7 2 9 0 8 5 4 10 
546,3.30877e-06,4.34815e-06,2.98942e-06,50,100,100,229982,6 3 1 11 7 2 9 0 8 5 4 10 
547,3.32649e-06,4.34815e-06,2.98721e-06,50,100,100,229982,6 3 1 11 7 2 9 0 8 5 4 10 
548,3.34818e-06,4.34815e-06,2.97151e-06,50,100,100,229982,6 3 1 11 7 2 9 0 8 5 4 10 
549,3.34264e-06,4.34815e-06,2.98492e-06,50,100,100,229982,6 3 1 11 7 2 9 0 8 5 4 10 
550,3.34894e-06,4.34815e-06,2.89837e-06,50,100,100,229982,6 3 1 11 7 2 9 0 8 5 4 10 
551,3.32304e-06,4.34815e-06,2.90498e-06,50,100,100,229982,6 3 1 11 7 2 9 0 8 5 4 10 
552,3.35646e-06,4.34815e-06,3.01124e-06,50,100,100,229982,6 3 1 11 7 2 9 0 8 5 4 10 
553,3.35433e-06,4.34815e-06,2.95251e-06,50,100,100,229982,6 3 1 11 7 2 9 0 8 5 4 10 
554,3.35768e-06,4.34815e-06,3.03701e-06,50,100,100,229982,6 3 1 11 7 2 9 0 8 5 4 10 
555,3.34382e-06,4.34815e-06,3.01658e-06,50,100,100,229982,6 3 1 11 7 2 9 0 8 5 4 10 
556,3.3649e-06,4.34815e-06,2.99842e-06,50,100,100,229982,6 3 1 11 7 2 9 0 8 5 4 10 
557,3.38124e-06,4.34815e-06,2.98878e-06,50,100,100,229982,6 3 1 11 7 2 9 0 8 5 4 10 
558,3.37589e-06,4.34815e-06,2.88868e-06,50,100,100,229982,6 3 1 11 7 2 9 0 8 5 4 10 
559,3.35754e-06,4.34815e-06,2.97533e-06,50,100,100,229982,6 3 1 11 7 2 9 0 8 5 4 10 
560,3.33813e-06,4.34815e-06,2.99511e-06,50,100,100,229982,6 3 1 11 7 2 9 0 8 5 4 10 
561,3.38773e-06,4.34815e-06,2.91108e-06,50,100,100,229982,6 3 1 11 7 2 9 0 8 5 4 10 
562,3.37051e-06,4.34815e-06,2.93277e-06,50,100,100,229982,6 3 1 11 7 2 9 0 8 5 4 10 
563,3.38881e-06,4.34815e-06,2.97749e-06,50,100,100,229982,6 3 1 11 7 2 9 0 8 5 4 10 
564,3.35261e-06,4.34815e-06,3.03827e-06,50,100,100,229982,6 3 1 11 7 2 9 0 8 5 4 10 
565,3.37773e-06,4.34815e-06,3.04228e-06,50,100,100,229982,6 3 1 11 7 2 9 0 8 5 4 10 
566,3.3439e-06,4.34815e-06,2.97717e-06,50,100,100,229982,6 3 1 11 7 2 9 0 8 5 4 10 
567,3.34583e-06,4.34815e-06,2.95446e-06,50,100,100,229982,6 3 1 11 7 2 9 0 8 5 4 10 
568,3.34863e-06,4.34815e-06,3.00361e-06,50,100,100,229982,6 3 1 11 7 2 9 0 8 5 4 10 
569,3.33929e-06,4.34815e-06,2.91546e-06,50,100,100,229982,6 3 1 11 7 2 9 0 8 5 4 10 
570,3.36325e-06,4.34815e-06,3.00558e-06,50,100,100,229982,6 3 1 11 7 2 9 0 8 5 4 10 
571,3.3632e-06,4.34815e-06,2.95172e-06,50,100,100,229982,6 3 1 11 7 2 9 0 8 5 4 10 
572,3.35428e-06,4.34815e-06,2.98528e-06,50,100,100,229982,6 3 1 11 7 2 9 0 8 5 4 10 
573,3.37049e-06,4.34815e-06,2.98671e-06,50,100,100,229982,6 3 1 11 7 2 9 0 8 5 4 10 
574,3.33839e-06,4.34815e-06,2.96545e-06,50,100,100,229982,6 3 1 11 7 2 9 0 8 5 4 10 
575,3.34933e-06,4.34815e-06,2.95152e-06,50,100,100,229982,6 3 1 11 7 2 9 0 8 5 4 10 
576,3.36258e-06,4.34815e-06,2.98865e-06,50,100,100,229982,6 3 1 11 7 2 9 0 8 5 4 10 
577,3.38445e-06,4.34815e-06,2.97084e-06,50,100,100,229982,6 3 1 11 7 2 9 0 8 5 4 10 
578,3.36894e-06,4.34815e-06,2.97139e-06,50,100,100,229982,6 3 1 11 7 2 9 0 8 5 4 10 
579,3.35473e-06,4.34815e-06,2.9745e-06,50,100,100,229982,6 3 1 11 7 2 9 0 8 5 4 10 
580,3.35365e-06,4.34815e-06,2.99508e-06,50,100,100,229982,6 3 1 11 7 2 9 0 8 5 4 10 
581,3.32462e-06,4.34815e-06,3.00402e-06,50,100,100,229982,6 3 1 11 7 2 9 0 8 5 4 10 
582,3.3533e-06,4.34815e-06,3.01302e-06,50,100,100,229982,6 3 1 11 7 2 9 0 8 5 4 10 
583,3.35485e-06,4.34815e-06,2.9979e-06,50,100,100,229982,6 3 1 11 7 2 9 0 8 5 4 10 
584,3.38057e-06,4.34815e-06,3.035e-06,50,100,100,229982,6 3 1 11 7 2 9 0 8 5 4 10 
585,3.36634e-06,4.34815e-06,3.00099e-06,50,100,100,229982,6 3 1 11 7 2 9 0 8 5 4 10 
586,3.3753e-06,4.34815e-06,3.03059e-06,50,100,100,229982,6 3 1 11 7 2 9 0 8 5 4 10 
587,3.35926e-06,4.34815e-06,2.97217e-06,50,100,100,229982,6 3 1 11 7 2 9 0 8 5 4 10 
588,3.37529e-06,4.34815e-06,3.04574e-06,50,100,100,229982,6 3 1 11 7 2 9 0 8 5 4 10 
589,3.35089e-06,4.34815e-06,2.97162e-06,50,100,100,229982,6 3 1 11 7 2 9 0 8 5 4 10 
590,3.34659e-06,4.34815e-06,2.98905e-06,50,100,100,229982,6 3 1 11 7 2 9 0 8 5 4 10 
591,3.33731e-06,4.34815e-06,3.01702e-06,50,100,100,229982,6 3 1 11 7 2 9 0 8 5 4 10 
592,3.34199e-06,4.34815e-06,2.96183e-06,50,100,100,229982,6 3 1 11 7 2 9 0 8 5 4 10 
593,3.36475e-06,4.34815e-06,2.93507e-06,50,100,100,229982,6 3 1 11 7 2 9 0 8 5 4 10 
594,3.38936e-06,4.34815e-06,3.06124e-06,50,100,100,229982,6 3 1 11 7 2 9 0 8 5 4 10 
595,3.3881e-06,4.34815e-06,3.04693e-06,50,100,100,229982,6 3 1 11 7 2 9 0 8 5 4 10 
596,3.38736e-06,4.34815e-06,3.07309e-06,50,100,100,229982,6 3 1 11 7 2 9 0 8 5 4 10 
597,3.36559e-06,4.34815e-06,2.97402e-06,50,100,100,229982,6 3 1 11 7 2 9 0 8 5 4 10 
598,3.34521e-06,4.34815e-06,2.92241e-06,50,100,100,229982,6 3 1 11 7 2 9 0 8 5 4 10 
599,3.34489e-06,4.34815e-06,2.99137e-06,50,100,100,229982,6 3 1 11 7 2 9 0 8 5 4 10 
600,3.35094e-06,4.34815e-06,3.01228e-06,50,100,100,229982,6 3 1 11 7 2 9 0 8 5 4 10 
601,3.3113e-06,4.34815e-06,2.97631e-06,50,100,100,229982,6 3 1 11 7 2 9 0 8 5 4 10 
602,3.31251e-06,4.34815e-06,2.95408e-06,50,100,100,229982,6 3 1 11 7 2 9 0 8 5 4 10 
603,3.29658e-06,4.34815e-06,2.92749e-06,50,100,100,229982,6 3 1 11 7 2 9 0 8 5 4 10 
604,3.30524e-06,4.34815e-06,2.95918e-06,50,100,100,229982,6 3 1 11 7 2 9 0 8 5 4 10 
605,3.31626e-06,4.34815e-06,3.00035e-06,50,100,100,229982,6 3 1 11 7 2 9 0 8 5 4 10 
606,3.31343e-06,4.34815e-06,2.93649e-06,50,100,100,229982,6 3 1 11 7 2 9 0 8 5 4 10 
607,3.32578e-06,4.34815e-06,2.95502e-06,50,100,100,229982,6 3 1 11 7 2 9 0 8 5 4 10 
608,3.32834e-06,4.34815e-06,2.94976e-06,50,100,100,229982,6 3 1 11 7 2 9 0 8 5 4 10 
609,3.3121e-06,4.34815e-06,2.95366e-06,50,100,100,229982,6 3 1 11 7 2 9 0 8 5 4 10 
610,3.31882e-06,4.34815e-06,3.04689e-06,50,100,100,229982,6 3 1 11 7 2 9 0 8 5 4 10 
611,3.30077e-06,4.34815e-06,2.97927e-06,50,100,100,229982,6 3 1 11 7 2 9 0 8 5 4 10 
612,3.30883e-06,4.34815e-06,2.89396e-06,50,100,100,229982,6 3 1 11 7 2 9 0 8 5 4 10 
613,3.33543e-06,4.34815e-06,3.06049e-06,50,100,100,229982,6 3 1 11 7 2 9 0 8 5 4 10 
614,3.32648e-06,4.34815e-06,2.94659e-06,50,100,100,229982,6 3 1 11 7 2 9 0 8 5 4 10 
615,3.31199e-06,4.34815e-06,2.95298e-06,50,100,100,229982,6 3 1 11 7 2 9 0 8 5 4 10 
616,3.31759e-06,4.34815e-06,2.99918e-06,50,100,100,229982,6 3 1 11 7 2 9 0 8 5 4 10 
617,3.33624e-06,4.34815e-06,3.04914e-06,50,100,100,229982,6 3 1 11 7 2 9 0 8 5 4 10 
618,3.33302e-06,4.34815e-06,2.96543e-06,50,100,100,229982,6 3 1 11 7 2 9 0 8 5 4 10 
619,3.34273e-06,4.34815e-06,2.98751e-06,50,100,100,229982,6 3 1 11 7 2 9 0 8 5 4 10 
620,3.34596e-06,4.34815e-06,2.91347e-06,50,100,100,229982,6 3 1 11 7 2 9 0 8 5 4 10 
621,3.35242e-06,4.34815e-06,2.94096e-06,50,100,100,229982,6 3 1 11 7 2 9 0 8 5 4 10 
622,3.34463e-06,4.34815e-06,3.02602e-06,50,100,100,229982,6 3 1 11 7 2 9 0 8 5 4 10 
623,3.29833e-06,4.34815e-06,3.01716e-06,50,100,100,229982,6 3 1 11 7 2 9 0 8 5 4 10 
624,3.33901e-06,4.34815e-06,2.97984e-06,50,100,100,229982,6 3 1 11 7 2 9 0 8 5 4 10 
625,3.3052e-06,4.34815e-06,3.02397e-06,50,100,100,229982,6 3 1 11 7 2 9 0 8 5 4 10 
626,3.31389e-06,4.34815e-06,2.96097e-06,50,100,100,229982,6 3 1 11 7 2 9 0 8 5 4 10 
627,3.28879e-06,4.34815e-06,2.93723e-06,50,100,100,229982,6 3 1 11 7 2 9 0 8 5 4 10 
628,3.31548e-06,4.34815e-06,2.9843e-06,50,100,100,229982,6 3 1 11 7 2 9 0 8 5 4 10 
629,3.3287e-06,4.34815e-06,3.05119e-06,50,100,100,229982,6 3 1 11 7 2 9 0 8 5 4 10 
630,3.31984e-06,4.34815e-06,3.02132e-06,50,100,100,229982,6 3 1 11 7 2 9 0 8 5 4 10 
631,3.31121e-06,4.34815e-06,3.0144e-06,50,100,100,229982,6 3 1 11 7 2 9 0 8 5 4 10 
632,3.31633e-06,4.34815e-06,2.98353e-06,50,100,100,229982,6 3 1 11 7 2 9 0 8 5 4 10 
633,3.33793e-06,4.34815e-06,2.98813e-06,50,100,100,229982,6 3 1 11 7 2 9 0 8 5 4 10 
634,3.34234e-06,4.34815e-06,3.01895e-06,50,100,100,229982,6 3 1 11 7 2 9 0 8 5 4 10 
635,3.34856e-06,4.34815e-06,3.01081e-06,50,100,100,229982,6 3 1 11 7 2 9 0 8 5 4 10 
636,3.33883e-06,4.34815e-06,2.96651e-06,50,100,100,229982,6 3 1 11 7 2 9 0 8 5 4 10 
637,3.35449e-06,4.34815e-06,2.94072e-06,50,100,100,229982,6 3 1 11 7 2 9 0 8 5 4 10 
638,3.33339e-06,4.34815e-06,3.03449e-06,50,100,100,229982,6 3 1 11 7 2 9 0 8 5 4 10 
639,3.31204e-06,4.34815e-06,2.99282e-06,50,100,100,229982,6 3 1 11 7 2 9 0 8 5 4 10 
640,3.34195e-06,4.34815e-06,2.90952e-06,50,100,100,229982,6 3 1 11 7 2 9 0 8 5 4 10 
641,3.34588e-06,4.34815e-06,2.97116e-06,50,100,100,229982,6 3 1 11 7 2 9 0 8 5 4 10 
642,3.33175e-06,4.34815e-06,2.94581e-06,50,100,100,229982,6 3 1 11 7 2 9 0 8 5 4 10 
643,3.31308e-06,4.34815e-06,2.97187e-06,50,100,100,229982,6 3 1 11 7 2 9 0 8 5 4 10 
644,3.32481e-06,4.34815e-06,2.9271e-06,50,100,100,229982,6 3 1 11 7 2 9 0 8 5 4 10 
645,3.33577e-06,4.34815e-06,2.95448e-06,50,100,100,229982,6 3 1 11 7 2 9 0 8 5 4 10 
646,3.36207e-06,4.34815e-06,2.99494e-06,50,100,100,229982,6 3 1 11 7 2 9 0 8 5 4 10 
647,3.32798e-06,4.34815e-06,2.93583e-06,50,100,100,229982,6 3 1 11 7 2 9 0 8 5 4 10 
648,3.36435e-06,4.34815e-06,2.96466e-06,50,100,100,229982,6 3 1 11 7 2 9 0 8 5 4 10 
649,3.35495e-06,4.34815e-06,3.00612e-06,50,100,100,229982,6 3 1 11 7 2 9 0 8 5 4 10 
650,3.37928e-06,4.34815e-06,3.0174e-06,50,100,100,229982,6 3 1 11 7 2 9 0 8 5 4 10 
651,3.40195e-06,4.34815e-06,3.05253e-06,50,100,100,229982,6 3 1 11 7 2 9 0 8 5 4 10 
652,3.34205e-06,4.34815e-06,2.95869e-06,50,100,100,229982,6 3 1 11 7 2 9 0 8 5 4 10 
653,3.3879e-06,4.34815e-06,2.9483e-06,50,100,100,229982,6 3 1 11 7 2 9 0 8 5 4 10 
654,3.37746e-06,4.34815e-06,3.01495e-06,50,100,100,229982,6 3 1 11 7 2 9 0 8 5 4 10 
655,3.36177e-06,4.34815e-06,3.04669e-06,50,100,100,229982,6 3 1 11 7 2 9 0 8 5 4 10 
656,3.34995e-06,4.34815e-06,2.96885e-06,50,100,100,229982,6 3 1 11 7 2 9 0 8 5 4 10 
657,3.3249e-06,4.34815e-06,2.92018e-06,50,100,100,229982,6 3 1 11 7 2 9 0 8 5 4 10 
658,3.37778e-06,4.34815e-06,3.01019e-06,50,100,100,229982,6 3 1 11 7 2 9 0 8 5 4 10 
659,3.36034e-06,4.34815e-06,3.03061e-06,50,100,100,229982,6 3 1 11 7 2 9 0 8 5 4 10 
660,3.36101e-06,4.34815e-06,3.01875e-06,50,100,100,229982,6 3 1 11 7 2 9 0 8 5 4 10 
661,3.36083e-06,4.34815e-06,3.02308e-06,50,100,100,229982,6 3 1 11 7 2 9 0 8 5 4 10 
662,3.37135e-06,4.34815e-06,3.02706e-06,50,100,100,229982,6 3 1 11 7 2 9 0 8 5 4 10 
663,3.35691e-06,4.34815e-06,2.99492e-06,50,100,100,229982,6 3 1 11 7 2 9 0 8 5 4 10 
664,3.35222e-06,4.34815e-06,2.99862e-06,50,100,100,229982,6 3 1 11 7 2 9 0 8 5 4 10 
665,3.37451e-06,4.34815e-06,2.89848e-06,50,100,100,229982,6 3 1 11 7 2 9 0 8 5 4 10 
666,3.37249e-06,4.34815e-06,2.87592e-06,50,100,100,229982,6 3 1 11 7 2 9 0 8 5 4 10 
667,3.38918e-06,4.34815e-06,2.99467e-06,50,100,100,229982,6 3 1 11 7 2 9 0 8 5 4 10 
668,3.37752e-06,4.34815e-06,2.99601e-06,50,100,100,229982,6 3 1 11 7 2 9 0 8 5 4 10 
669,3.38968e-06,4.34815e-06,3.02256e-06,50,100,100,229982,6 3 1 11 7 2 9 0 8 5 4 10 
670,3.40355e-06,4.34815e-06,3.00941e-06,50,100,100,229982,6 3 1 11 7 2 9 0 8 5 4 10 
671,3.41367e-06,4.34815e-06,3.04779e-06,50,100,100,229982,6 3 1 11 7 2 9 0 8 5 4 10 
672,3.41984e-06,4.45599e-06,2.96469e-06,50,100,100,224416,1 3 6 11 7 2 9 0 8 5 4 10 
673,3.38273e-06,4.45599e-06,2.9397e-06,50,100,100,224416,1 3 6 11 7 2 9 0 8 5 4 10 
674,3.37801e-06,4.45599e-06,3.00162e-06,50,100,100,224416,1 3 6 11 7 2 9 0 8 5 4 10 
675,3.3599e-06,4.45599e-06,2.92002e-06,50,100,100,224416,1 3 6 11 7 2 9 0 8 5 4 10 
676,3.32334e-06,4.45599e-06,2.98553e-06,50,100,100,224416,1 3 6 11 7 2 9 0 8 5 4 10 
677,3.34599e-06,4.45599e-06,2.95118e-06,50,100,100,224416,1 3 6 11 7 2 9 0 8 5 4 10 
678,3.32111e-06,4.45599e-06,2.99635e-06,50,100,100,224416,1 3 6 11 7 2 9 0 8 5 4 10 
679,3.34126e-06,4.45599e-06,3.03567e-06,50,100,100,224416,1 3 6 11 7 2 9 0 8 5 4 10 
680,3.35209e-06,4.45599e-06,3.00372e-06,50,100,100,224416,1 3 6 11 7 2 9 0 8 5 4 10 
681,3.35185e-06,4.45599e-06,2.93112e-06,50,100,100,224416,1 3 6 11 7 2 9 0 8 5 4 10 
682,3.34132e-06,4.45599e-06,3.03936e-06,50,100,100,224416,1 3 6 11 7 2 9 0 8 5 4 10 
683,3.34819e-06,4.45599e-06,2.96608e-06,50,100,100,224416,1 3 6 11 7 2 9 0 8 5 4 10 
684,3.32617e-06,4.45599e-06,2.96431e-06,50,100,100,224416,1 3 6 11 7 2 9 0 8 5 4 10 
685,3.33227e-06,4.45599e-06,2.99599e-06,50,100,100,224416,1 3 6 11 7 2 9 0 8 5 4 10 
686,3.34156e-06,4.45599e-06,2.95406e-06,50,100,100,224416,1 3 6 11 7 2 9 0 8 5 4 10 
687,3.33636e-06,4.45599e-06,2.97006e-06,50,100,100,224416,1 3 6 11 7 2 9 0 8 5 4 10 
688,3.33331e-06,4.45599e-06,2.96805e-06,50,100,100,224416,1 3 6 11 7 2 9 0 8 5 4 10 
689,3.33038e-06,4.45599e-06,2.99198e-06,50,100,100,224416,1 3 6 11 7 2 9 0 8 5 4 10 
690,3.32465e-06,4.45599e-06,2.94082e-06,50,100,100,224416,1 3 6 11 7 2 9 0 8 5 4 10 
691,3.31712e-06,4.45599e-06,2.95962e-06,50,100,100,224416,1 3 6 11 7 2 9 0 8 5 4 10 
692,3.34154e-06,4.45599e-06,3.01433e-06,50,100,100,224416,1 3 6 11 7 2 9 0 8 5 4 10 
693,3.31358e-06,4.45599e-06,2.99533e-06,50,100,100,224416,1 3 6 11 7 2 9 0 8 5 4 10 
694,3.33716e-06,4.45599e-06,3.00474e-06,50,100,100,224416,1 3 6 11 7 2 9 0 8 5 4 10 
695,3.3473e-06,4.45599e-06,3.00056e-06,50,100,100,224416,1 3 6 11 7 2 9 0 8 5 4 10 
696,3.34571e-06,4.45599e-06,2.95392e-06,50,100,100,224416,1 3 6 11 7 2 9 0 8 5 4 10 
697,3.35313e-06,4.45599e-06,3.00762e-06,50,100,100,224416,1 3 6 11 7 2 9 0 8 5 4 10 
698,3.34333e-06,4.45599e-06,3.01684e-06,50,100,100,224416,1 3 6 11 7 2 9 0 8 5 4 10 
699,3.3425e-06,4.45599e-06,2.97849e-06,50,100,100,224416,1 3 6 11 7 2 9 0 8 5 4 10 
700,3.29991e-06,4.45599e-06,2.90773e-06,50,100,100,224416,1 3 6 11 7 2 9 0 8 5 4 10 
701,3.34721e-06,4.45599e-06,2.99015e-06,50,100,100,224416,1 3 6 11 7 2 9 0 8 5 4 10 
702,3.39381e-06,4.45599e-06,2.98442e-06,50,100,100,224416,1 3 6 11 7 2 9 0 8 5 4 10 
703,3.35585e-06,4.45599e-06,3.02952e-06,50,100,100,224416,1 3 6 11 7 2 9 0 8 5 4 10 
704,3.36295e-06,4.45599e-06,3.0684e-06,50,100,100,224416,1 3 6 11 7 2 9 0 8 5 4 10 
705,3.36034e-06,4.45599e-06,2.99101e-06,50,100,100,224416,1 3 6 11 7 2 9 0 8 5 4 10 
706,3.36722e-06,4.45599e-06,2.99413e-06,50,100,100,224416,1 3 6 11 7 2 9 0 8 5 4 10 
707,3.35429e-06,4.45599e-06,3.00074e-06,50,100,100,224416,1 3 6 11 7 2 9 0 8 5 4 10 
708,3.35541e-06,4.45599e-06,3.01052e-06,50,100,100,224416,1 3 6 11 7 2 9 0 8 5 4 10 
709,3.37721e-06,4.45599e-06,2.97785e-06,50,100,100,224416,1 3 6 11 7 2 9 0 8 5 4 10 
710,3.38127e-06,4.45599e-06,2.99828e-06,50,100,100,224416,1 3 6 11 7 2 9 0 8 5 4 10 
711,3.42912e-06,4.45599e-06,3.07143e-06,50,100,100,224416,1 3 6 11 7 2 9 0 8 5 4 10 
712,3.38523e-06,4.45599e-06,2.86973e-06,50,100,100,224416,1 3 6 11 7 2 9 0 8 5 4 10 
713,3.3513e-06,4.45599e-06,2.98147e-06,50,100,100,224416,1 3 6 11 7 2 9 0 8 5 4 10 
714,3.32793e-06,4.45599e-06,2.92683e-06,50,100,100,224416,1 3 6 11 7 2 9 0 8 5 4 10 
715,3.30219e-06,4.45599e-06,2.96617e-06,50,100,100,224416,1 3 6 11 7 2 9 0 8 5 4 10 
716,3.32634e-06,4.45599e-06,2.95852e-06,50,100,100,224416,1 3 6 11 7 2 9 0 8 5 4 10 
717,3.3671e-06,4.45599e-06,2.99049e-06,50,100,100,224416,1 3 6 11 7 2 9 0 8 5 4 10 
718,3.36176e-06,4.45599e-06,2.92626e-06,50,100,100,224416,1 3 6 11 7 2 9 0 8 5 4 10 
719,3.37199e-06,4.45599e-06,3.01197e-06,50,100,100,224416,1 3 6 11 7 2 9 0 8 5 4 10 
720,3.37001e-06,4.45599e-06,3.05589e-06,50,100,100,224416,1 3 6 11 7 2 9 0 8 5 4 10 
721,3.3745e-06,4.45599e-06,2.98737e-06,50,100,100,224416,1 3 6 11 7 2 9 0 8 5 4 10 
722,3.34266e-06,4.45599e-06,3.02542e-06,50,100,100,224416,1 3 6 11 7 2 9 0 8 5 4 10 
723,3.35377e-06,4.45599e-06,3.00418e-06,50,100,100,224416,1 3 6 11 7 2 9 0 8 5 4 10 
724,3.35119e-06,4.45599e-06,3.0213e-06,50,100,100,224416,1 3 6 11 7 2 9 0 8 5 4 10 
725,3.33904e-06,4.45599e-06,2.99887e-06,50,100,100,224416,1 3 6 11 7 2 9 0 8 5 4 10 
726,3.3151e-06,4.45599e-06,3.0445e-06,50,100,100,224416,1 3 6 11 7 2 9 0 8 5 4 10 
727,3.31825e-06,4.45599e-06,3.00849e-06,50,100,100,224416,1 3 6 11 7 2 9 0 8 5 4 10 
728,3.32779e-06,4.45599e-06,2.96116e-06,50,100,100,224416,1 3 6 11 7 2 9 0 8 5 4 10 
729,3.32214e-06,4.45599e-06,2.95796e-06,50,100,100,224416,1 3 6 11 7 2 9 0 8 5 4 10 
730,3.3089e-06,4.45599e-06,2.98813e-06,50,100,100,224416,1 3 6 11 7 2 9 0 8 5 4 10 
731,3.32649e-06,4.45599e-06,3.01846e-06,50,100,100,224416,1 3 6 11 7 2 9 0 8 5 4 10 
732,3.35321e-06,4.45599e-06,3.00253e-06,50,100,100,224416,1 3 6 11 7 2 9 0 8 5 4 10 
733,3.33228e-06,4.45599e-06,3.02161e-06,50,100,100,224416,1 3 6 11 7 2 9 0 8 5 4 10 
734,3.34063e-06,4.45599e-06,2.96106e-06,50,100,100,224416,1 3 6 11 7 2 9 0 8 5 4 10 
735,3.33372e-06,4.45599e-06,3.01582e-06,50,100,100,224416,1 3 6 11 7 2 9 0 8 5 4 10 
736,3.33422e-06,4.45599e-06,3.00702e-06,50,100,100,224416,1 3 6 11 7 2 9 0 8 5 4 10 
737,3.31785e-06,4.45599e-06,2.99864e-06,50,100,100,224416,1 3 6 11 7 2 9 0 8 5 4 10 
738,3.34448e-06,4.45599e-06,3.05961e-06,50,100,100,224416,1 3 6 11 7 2 9 0 8 5 4 10 
739,3.34196e-06,4.45599e-06,2.98499e-06,50,100,100,224416,1 3 6 11 7 2 9 0 8 5 4 10 
740,3.33636e-06,4.45599e-06,3.03742e-06,50,100,100,224416,1 3 6 11 7 2 9 0 8 5 4 10 
741,3.30991e-06,4.45599e-06,3.01928e-06,50,100,100,224416,1 3 6 11 7 2 9 0 8 5 4 10 
742,3.30996e-06,4.45599e-06,2.95992e-06,50,100,100,224416,1 3 6 11 7 2 9 0 8 5 4 10 
743,3.32479e-06,4.45599e-06,3.03449e-06,50,100,100,224416,1 3 6 11 7 2 9 0 8 5 4 10 
744,3.30745e-06,4.45599e-06,2.93857e-06,50,100,100,224416,1 3 6 11 7 2 9 0 8 5 4 10 
745,3.30035e-06,4.45599e-06,2.99519e-06,50,100,100,224416,1 3 6 11 7 2 9 0 8 5 4 10 
746,3.3077e-06,4.45599e-06,2.95855e-06,50,100,100,224416,1 3 6 11 7 2 9 0 8 5 4 10 
747,3.30911e-06,4.45599e-06,3.03051e-06,50,100,100,224416,1 3 6 11 7 2 9 0 8 5 4 10 
748,3.30307e-06,4.45599e-06,2.9756e-06,50,100,100,224416,1 3 6 11 7 2 9 0 8 5 4 10 
749,3.31222e-06,4.45599e-06,2.96497e-06,50,100,100,224416,1 3 6 11 7 2 9 0 8 5 4 10 
750,3.32421e-06,4.45599e-06,3.00834e-06,50,100,100,224416,1 3 6 11 7 2 9 0 8 5 4 10 
751,3.32022e-06,4.45599e-06,3.03072e-06,50,100,100,224416,1 3 6 11 7 2 9 0 8 5 4 10 
752,3.32812e-06,4.45599e-06,2.94885e-06,50,100,100,224416,1 3 6 11 7 2 9 0 8 5 4 10 
753,3.33947e-06,4.45599e-06,2.95981e-06,50,100,100,224416,1 3 6 11 7 2 9 0 8 5 4 10 
754,3.30728e-06,4.45599e-06,2.91167e-06,50,100,100,224416,1 3 6 11 7 2 9 0 8 5 4 10 
755,3.30627e-06,4.45599e-06,2.94153e-06,50,100,100,224416,1 3 6 11 7 2 9 0 8 5 4 10 
756,3.31084e-06,4.45599e-06,2.99669e-06,50,100,100,224416,1 3 6 11 7 2 9 0 8 5 4 10 
757,3.33595e-06,4.45599e-06,3.03921e-06,50,100,100,224416,1 3 6 11 7 2 9 0 8 5 4 10 
758,3.32808e-06,4.45599e-06,2.96057e-06,50,100,100,224416,1 3 6 11 7 2 9 0 8 5 4 10 
759,3.31317e-06,4.45599e-06,2.96371e-06,50,100,100,224416,1 3 6 11 7 2 9 0 8 5 4 10 
760,3.32065e-06,4.45599e-06,2.95777e-06,50,100,100,224416,1 3 6 11 7 2 9 0 8 5 4 10 
761,3.33387e-06,4.45599e-06,2.96661e-06,50,100,100,224416,1 3 6 11 7 2 9 0 8 5 4 10 
762,3.35788e-06,4.45599e-06,3.06201e-06,50,100,100,224416,1 3 6 11 7 2 9 0 8 5 4 10 
763,3.35945e-06,4.45599e-06,2.94297e-06,50,100,100,224416,1 3 6 11 7 2 9 0 8 5 4 10 
764,3.32404e-06,4.45599e-06,3.00384e-06,50,100,100,224416,1 3 6 11 7 2 9 0 8 5 4 10 
765,3.33304e-06,4.45599e-06,2.95002e-06,50,100,100,224416,1 3 6 11 7 2 9 0 8 5 4 10 
766,3.32174e-06,4.45599e-06,2.98295e-06,50,100,100,224416,1 3 6 11 7 2 9 0 8 5 4 10 
767,3.27534e-06,4.45599e-06,2.85467e-06,50,100,100,224416,1 3 6 11 7 2 9 0 8 5 4 10 
768,3.31382e-06,4.45599e-06,2.92156e-06,50,100,100,224416,1 3 6 11 7 2 9 0 8 5 4 10 
769,3.31819e-06,4.45599e-06,3.00889e-06,50,100,100,224416,1 3 6 11 7 2 9 0 8 5 4 10 
770,3.32492e-06,4.45599e-06,2.95995e-06,50,100,100,224416,1 3 6 11 7 2 9 0 8 5 4 10 
771,3.32219e-06,4.45599e-06,2.957e-06,50,100,100,224416,1 3 6 11 7 2 9 0 8 5 4 10 
772,3.31805e-06,4.45599e-06,2.94345e-06,50,100,100,224416,1 3 6 11 7 2 9 0 8 5 4 10 
773,3.32128e-06,4.45599e-06,2.92866e-06,50,100,100,224416,1 3 6 11 7 2 9 0 8 5 4 10 
774,3.31697e-06,4.45599e-06,3.01961e-06,50,100,100,224416,1 3 6 11 7 2 9 0 8 5 4 10 
775,3.32098e-06,4.45599e-06,2.98797e-06,50,100,100,224416,1 3 6 11 7 2 9 0 8 5 4 10 
776,3.33553e-06,4.45599e-06,3.05438e-06,50,100,100,224416,1 3 6 11 7 2 9 0 8 5 4 10 
777,3.30946e-06,4.45599e-06,2.93437e-06,50,100,100,224416,1 3 6 11 7 2 9 0 8 5 4 10 
778,3.31644e-06,4.45599e-06,2.98407e-06,50,100,100,224416,1 3 6 11 7 2 9 0 8 5 4 10 
779,3.31502e-06,4.45599e-06,2.92828e-06,50,100,100,224416,1 3 6 11 7 2 9 0 8 5 4 10 
780,3.31422e-06,4.45599e-06,2.9988e-06,50,100,100,224416,1 3 6 11 7 2 9 0 8 5 4 10 
781,3.30714e-06,4.45599e-06,2.86547e-06,50,100,100,224416,1 3 6 11 7 2 9 0 8 5 4 10 
782,3.3143e-06,4.45599e-06,2.94899e-06,50,100,100,224416,1 3 6 11 7 2 9 0 8 5 4 10 
783,3.33941e-06,4.45599e-06,2.94917e-06,50,100,100,224416,1 3 6 11 7 2 9 0 8 5 4 10 
784,3.32014e-06,4.45599e-06,2.99171e-06,50,100,100,224416,1 3 6 11 7 2 9 0 8 5 4 10 
785,3.31243e-06,4.45599e-06,2.95103e-06,50,100,100,224416,1 3 6 11 7 2 9 0 8 5 4 10 
786,3.32687e-06,4.45599e-06,2.94595e-06,50,100,100,224416,1 3 6 11 7 2 9 0 8 5 4 10 
787,3.36331e-06,4.45599e-06,2.99483e-06,50,100,100,224416,1 3 6 11 7 2 9 0 8 5 4 10 
788,3.35977e-06,4.45599e-06,2.9671e-06,50,100,100,224416,1 3 6 11 7 2 9 0 8 5 4 10 
789,3.35906e-06,4.45599e-06,2.97234e-06,50,100,100,224416,1 3 6 11 7 2 9 0 8 5 4 10 
790,3.35472e-06,4.45599e-06,2.98799e-06,50,100,100,224416,1 3 6 11 7 2 9 0 8 5 4 10 
791,3.32563e-06,4.45599e-06,2.94158e-06,50,100,100,224416,1 3 6 11 7 2 9 0 8 5 4 10 
792,3.34927e-06,4.45599e-06,3.02353e-06,50,100,100,224416,1 3 6 11 7 2 9 0 8 5 4 10 
793,3.35466e-06,4.45599e-06,3.00112e-06,50,100,100,224416,1 3 6 11 7 2 9 0 8 5 4 10 
794,3.38234e-06,4.45599e-06,2.98569e-06,50,100,100,224416,1 3 6 11 7 2 9 0 8 5 4 10 
795,3.33829e-06,4.45599e-06,2.95588e-06,50,100,100,224416,1 3 6 11 7 2 9 0 8 5 4 10 
796,3.36868e-06,4.45599e-06,2.99384e-06,50,100,100,224416,1 3 6 11 7 2 9 0 8 5 4 10 
797,3.3605e-06,4.45599e-06,3.02118e-06,50,100,100,224416,1 3 6 11 7 2 9 0 8 5 4 10 
798,3.35611e-06,4.45599e-06,2.95834e-06,50,100,100,224416,1 3 6 11 7 2 9 0 8 5 4 10 
799,3.3386e-06,4.45599e-06,3.03327e-06,50,100,100,224416,1 3 6 11 7 2 9 0 8 5 4 10 
800,3.34828e-06,4.45599e-06,2.96324e-06,50,100,100,224416,1 3 6 11 7 2 9 0 8 5 4 10 
801,3.36413e-06,4.45599e-06,3.02719e-06,50,100,100,224416,1 3 6 11 7 2 9 0 8 5 4 10 
802,3.34727e-06,4.45599e-06,2.95889e-06,50,100,100,224416,1 3 6 11 7 2 9 0 8 5 4 10 
803,3.36785e-06,4.45599e-06,2.93134e-06,50,100,100,224416,1 3 6 11 7 2 9 0 8 5 4 10 
804,3.3625e-06,4.45599e-06,2.92279e-06,50,100,100,224416,1 3 6 11 7 2 9 0 8 5 4 10 
805,3.36699e-06,4.45599e-06,3.02176e-06,50,100,100,224416,1 3 6 11 7 2 9 0 8 5 4 10 
806,3.39306e-06,4.45599e-06,3.05856e-06,50,100,100,224416,1 3 6 11 7 2 9 0 8 5 4 10 
807,3.39327e-06,4.45599e-06,2.92832e-06,50,100,100,224416,1 3 6 11 7 2 9 0 8 5 4 10 
808,3.40811e-06,4.45599e-06,3.07185e-06,50,100,100,224416,1 3 6 11 7 2 9 0 8 5 4 10 
809,3.37859e-06,4.45599e-06,2.90974e-06,50,100,100,224416,1 3 6 11 7 2 9 0 8 5 4 10 
810,3.3581e-06,4.45599e-06,3.02507e-06,50,100,100,224416,1 3 6 11 7 2 9 0 8 5 4 10 
811,3.39299e-06,4.45599e-06,2.98942e-06,50,100,100,224416,1 3 6 11 7 2 9 0 8 5 4 10 
812,3.39812e-06,4.45599e-06,3.09179e-06,50,100,100,224416,1 3 6 11 7 2 9 0 8 5 4 10 
813,3.36922e-06,4.45599e-06,2.96723e-06,50,100,100,224416,1 3 6 11 7 2 9 0 8 5 4 10 
814,3.36179e-06,4.45599e-06,2.96989e-06,50,100,100,224416,1 3 6 11 7 2 9 0 8 5 4 10 
815,3.41033e-06,4.45599e-06,3.01565e-06,50,100,100,224416,1 3 6 11 7 2 9 0 8 5 4 10 
816,3.39686e-06,4.45599e-06,3.00316e-06,50,100,100,224416,1 3 6 11 7 2 9 0 8 5 4 10 
817,3.39634e-06,4.45599e-06,3.01456e-06,50,100,100,224416,1 3 6 11 7 2 9 0 8 5 4 10 
818,3.34645e-06,4.45599e-06,3.02189e-06,50,100,100,224416,1 3 6 11 7 2 9 0 8 5 4 10 
819,3.38315e-06,4.45599e-06,3.01505e-06,50,100,100,224416,1 3 6 11 7 2 9 0 8 5 4 10 
820,3.37155e-06,4.45599e-06,3.01935e-06,50,100,100,224416,1 3 6 11 7 2 9 0 8 5 4 10 
821,3.40476e-06,4.45599e-06,2.96222e-06,50,100,100,224416,1 3 6 11 7 2 9 0 8 5 4 10 
822,3.40325e-06,4.45599e-06,3.04072e-06,50,100,100,224416,1 3 6 11 7 2 9 0 8 5 4 10 
823,3.39168e-06,4.45599e-06,2.93735e-06,50,100,100,224416,1 3 6 11 7 2 9 0 8 5 4 10 
824,3.38427e-06,4.45599e-06,3.07854e-06,50,100,100,224416,1 3 6 11 7 2 9 0 8 5 4 10 
825,3.37512e-06,4.45599e-06,2.99234e-06,50,100,100,224416,1 3 6 11 7 2 9 0 8 5 4 10 
826,3.38086e-06,4.45599e-06,2.909e-06,50,100,100,224416,1 3 6 11 7 2 9 0 8 5 4 10 
827,3.37595e-06,4.45599e-06,3.0114e-06,50,100,100,224416,1 3 6 11 7 2 9 0 8 5 4 10 
828,3.3937e-06,4.45599e-06,2.95363e-06,50,100,100,224416,1 3 6 11 7 2 9 0 8 5 4 10 
829,3.40377e-06,4.45599e-06,3.05337e-06,50,100,100,224416,1 3 6 11 7 2 9 0 8 5 4 10 
830,3.38364e-06,4.45599e-06,2.94255e-06,50,100,100,224416,1 3 6 11 7 2 9 0 8 5 4 10 
831,3.35308e-06,4.45599e-06,2.93918e-06,50,100,100,224416,1 3 6 11 7 2 9 0 8 5 4 10 
832,3.367e-06,4.45599e-06,2.98453e-06,50,100,100,224416,1 3 6 11 7 2 9 0 8 5 4 10 
833,3.38277e-06,4.45599e-06,2.9817e-06,50,100,100,224416,1 3 6 11 7 2 9 0 8 5 4 10 
834,3.39555e-06,4.45599e-06,2.99103e-06,50,100,100,224416,1 3 6 11 7 2 9 0 8 5 4 10 
835,3.35959e-06,4.45599e-06,2.97698e-06,50,100,100,224416,1 3 6 11 7 2 9 0 8 5 4 10 
836,3.34352e-06,4.45599e-06,2.95509e-06,50,100,100,224416,1 3 6 11 7 2 9 0 8 5 4 10 
837,3.32842e-06,4.45599e-06,2.98649e-06,50,100,100,224416,1 3 6 11 7 2 9 0 8 5 4 10 
838,3.31657e-06,4.45599e-06,3.00699e-06,50,100,100,224416,1 3 6 11 7 2 9 0 8 5 4 10 
839,3.28192e-06,4.45599e-06,2.97975e-06,50,100,100,224416,1 3 6 11 7 2 9 0 8 5 4 10 
840,3.3255e-06,4.45599e-06,2.96834e-06,50,100,100,224416,1 3 6 11 7 2 9 0 8 5 4 10 
841,3.32966e-06,4.45599e-06,2.9966e-06,50,100,100,224416,1 3 6 11 7 2 9 0 8 5 4 10 
842,3.32886e-06,4.45599e-06,2.92911e-06,50,100,100,224416,1 3 6 11 7 2 9 0 8 5 4 10 
843,3.34434e-06,4.45599e-06,2.9508e-06,50,100,100,224416,1 3 6 11 7 2 9 0 8 5 4 10 
844,3.29724e-06,4.45599e-06,2.99271e-06,50,100,100,224416,1 3 6 11 7 2 9 0 8 5 4 10 
845,3.33208e-06,4.45599e-06,2.98678e-06,50,100,100,224416,1 3 6 11 7 2 9 0 8 5 4 10 
846,3.30968e-06,4.45599e-06,2.93975e-06,50,100,100,224416,1 3 6 11 7 2 9 0 8 5 4 10 
847,3.34349e-06,4.45599e-06,3.04198e-06,50,100,100,224416,1 3 6 11 7 2 9 0 8 5 4 10 
848,3.32459e-06,4.45599e-06,2.9668e-06,50,100,100,224416,1 3 6 11 7 2 9 0 8 5 4 10 
849,3.30163e-06,4.45599e-06,2.9832e-06,50,100,100,224416,1 3 6 11 7 2 9 0 8 5 4 10 
850,3.32146e-06,4.45599e-06,2.98126e-06,50,100,100,224416,1 3 6 11 7 2 9 0 8 5 4 10 
851,3.3233e-06,4.45599e-06,2.97914e-06,50,100,100,224416,1 3 6 11 7 2 9 0 8 5 4 10 
852,3.29806e-06,4.45599e-06,2.96487e-06,50,100,100,224416,1 3 6 11 7 2 9 0 8 5 4 10 
853,3.32601e-06,4.45599e-06,2.94304e-06,50,100,100,224416,1 3 6 11 7 2 9 0 8 5 4 10 
854,3.29937e-06,4.45599e-06,2.97243e-06,50,100,100,224416,1 3 6 11 7 2 9 0 8 5 4 10 
855,3.27391e-06,4.45599e-06,2.95312e-06,50,100,100,224416,1 3 6 11 7 2 9 0 8 5 4 10 
856,3.28428e-06,4.45599e-06,2.92623e-06,50,100,100,224416,1 3 6 11 7 2 9 0 8 5 4 10 
857,3.26967e-06,4.45599e-06,2.88493e-06,50,100,100,224416,1 3 6 11 7 2 9 0 8 5 4 10 
858,3.29349e-06,4.45599e-06,2.91946e-06,50,100,100,224416,1 3 6 11 7 2 9 0 8 5 4 10 
859,3.29443e-06,4.45599e-06,2.93737e-06,50,100,100,224416,1 3 6 11 7 2 9 0 8 5 4 10 
860,3.29398e-06,4.45599e-06,2.96371e-06,50,100,100,224416,1 3 6 11 7 2 9 0 8 5 4 10 
861,3.31903e-06,4.45599e-06,2.94347e-06,50,100,100,224416,1 3 6 11 7 2 9 0 8 5 4 10 
862,3.32114e-06,4.45599e-06,2.92395e-06,50,100,100,224416,1 3 6 11 7 2 9 0 8 5 4 10 
863,3.34687e-06,4.45599e-06,2.92161e-06,50,100,100,224416,1 3 6 11 7 2 9 0 8 5 4 10 
864,3.33352e-06,4.45599e-06,3.01972e-06,50,100,100,224416,1 3 6 11 7 2 9 0 8 5 4 10 
865,3.33077e-06,4.45599e-06,2.97604e-06,50,100,100,224416,1 3 6 11 7 2 9 0 8 5 4 10 
866,3.32764e-06,4.45599e-06,2.9293e-06,50,100,100,224416,1 3 6 11 7 2 9 0 8 5 4 10 
867,3.33747e-06,4.45599e-06,3.00301e-06,50,100,100,224416,1 3 6 11 7 2 9 0 8 5 4 10 
868,3.3359e-06,4.45599e-06,2.96719e-06,50,100,100,224416,1 3 6 11 7 2 9 0 8 5 4 10 
869,3.34447e-06,4.45599e-06,2.97234e-06,50,100,100,224416,1 3 6 11 7 2 9 0 8 5 4 10 
870,3.34816e-06,4.45599e-06,3.06025e-06,50,100,100,224416,1 3 6 11 7 2 9 0 8 5 4 10 
871,3.36804e-06,4.45599e-06,3.02293e-06,50,100,100,224416,1 3 6 11 7 2 9 0 8 5 4 10 
872,3.34991e-06,4.45599e-06,2.98997e-06,50,100,100,224416,1 3 6 11 7 2 9 0 8 5 4 10 
873,3.34838e-06,4.45599e-06,3.06282e-06,50,100,100,224416,1 3 6 11 7 2 9 0 8 5 4 10 
874,3.33148e-06,4.45599e-06,3.04124e-06,50,100,100,224416,1 3 6 11 7 2 9 0 8 5 4 10 
875,3.35674e-06,4.45599e-06,2.96017e-06,50,100,100,224416,1 3 6 11 7 2 9 0 8 5 4 10 
876,3.32547e-06,4.45599e-06,2.92894e-06,50,100,100,224416,1 3 6 11 7 2 9 0 8 5 4 10 
877,3.34532e-06,4.45599e-06,2.99024e-06,50,100,100,224416,1 3 6 11 7 2 9 0 8 5 4 10 
878,3.32846e-06,4.45599e-06,2.93928e-06,50,100,100,224416,1 3 6 11 7 2 9 0 8 5 4 10 
879,3.35034e-06,4.45599e-06,3.01224e-06,50,100,100,224416,1 3 6 11 7 2 9 0 8 5 4 10 
880,3.32709e-06,4.45599e-06,3.00731e-06,50,100,100,224416,1 3 6 11 7 2 9 0 8 5 4 10 
881,3.34796e-06,4.45599e-06,2.94281e-06,50,100,100,224416,1 3 6 11 7 2 9 0 8 5 4 10 
882,3.35502e-06,4.45599e-06,2.98444e-06,50,100,100,224416,1 3 6 11 7 2 9 0 8 5 4 10 
883,3.36726e-06,4.45599e-06,3.03546e-06,50,100,100,224416,1 3 6 11 7 2 9 0 8 5 4 10 
884,3.36164e-06,4.45599e-06,3.0751e-06,50,100,100,224416,1 3 6 11 7 2 9 0 8 5 4 10 
885,3.32179e-06,4.45599e-06,2.9812e-06,50,100,100,224416,1 3 6 11 7 2 9 0 8 5 4 10 
886,3.34101e-06,4.45599e-06,2.95567e-06,50,100,100,224416,1 3 6 11 7 2 9 0 8 5 4 10 
887,3.36011e-06,4.45599e-06,2.96811e-06,50,100,100,224416,1 3 6 11 7 2 9 0 8 5 4 10 
888,3.39548e-06,4.45599e-06,2.97973e-06,50,100,100,224416,1 3 6 11 7 2 9 0 8 5 4 10 
889,3.39036e-06,4.45599e-06,2.97123e-06,50,100,100,224416,1 3 6 11 7 2 9 0 8 5 4 10 
890,3.42985e-06,4.45599e-06,3.03152e-06,50,100,100,224416,1 3 6 11 7 2 9 0 8 5 4 10 
891,3.36188e-06,4.45599e-06,2.91071e-06,50,100,100,224416,1 3 6 11 7 2 9 0 8 5 4 10 
892,3.37272e-06,4.45599e-06,3.01939e-06,50,100,100,224416,1 3 6 11 7 2 9 0 8 5 4 10 
893,3.38254e-06,4.45599e-06,3.01808e-06,50,100,100,224416,1 3 6 11 7 2 9 0 8 5 4 10 
894,3.3772e-06,4.45599e-06,2.99883e-06,50,100,100,224416,1 3 6 11 7 2 9 0 8 5 4 10 
895,3.37389e-06,4.45599e-06,2.98393e-06,50,100,100,224416,1 3 6 11 7 2 9 0 8 5 4 10 
896,3.37349e-06,4.45599e-06,2.99467e-06,50,100,100,224416,1 3 6 11 7 2 9 0 8 5 4 10 
897,3.36403e-06,4.45599e-06,3.01604e-06,50,100,100,224416,1 3 6 11 7 2 9 0 8 5 4 10 
898,3.39306e-06,4.45599e-06,2.97059e-06,50,100,100,224416,1 3 6 11 7 2 9 0 8 5 4 10 
899,3.37215e-06,4.45599e-06,3.04232e-06,50,100,100,224416,1 3 6 11 7 2 9 0 8 5 4 10 
900,3.36574e-06,4.45599e-06,3.0304e-06,50,100,100,224416,1 3 6 11 7 2 9 0 8 5 4 10 
901,3.37357e-06,4.45599e-06,3.00464e-06,50,100,100,224416,1 3 6 11 7 2 9 0 8 5 4 10 
902,3.3671e-06,4.45599e-06,3.01387e-06,50,100,100,224416,1 3 6 11 7 2 9 0 8 5 4 10 
903,3.37552e-06,4.45599e-06,3.00256e-06,50,100,100,224416,1 3 6 11 7 2 9 0 8 5 4 10 
904,3.35858e-06,4.45599e-06,2.9442e-06,50,100,100,224416,1 3 6 11 7 2 9 0 8 5 4 10 
905,3.3695e-06,4.45599e-06,2.96922e-06,50,100,100,224416,1 3 6 11 7 2 9 0 8 5 4 10 
906,3.35078e-06,4.45599e-06,2.9531e-06,50,100,100,224416,1 3 6 11 7 2 9 0 8 5 4 10 
907,3.34401e-06,4.45599e-06,3.01008e-06,50,100,100,224416,1 3 6 11 7 2 9 0 8 5 4 10 
908,3.35197e-06,4.45599e-06,3.00022e-06,50,100,100,224416,1 3 6 11 7 2 9 0 8 5 4 10 
909,3.35069e-06,4.45599e-06,3.03808e-06,50,100,100,224416,1 3 6 11 7 2 9 0 8 5 4 10 
910,3.35687e-06,4.45599e-06,3.04944e-06,50,100,100,224416,1 3 6 11 7 2 9 0 8 5 4 10 
911,3.37177e-06,4.45599e-06,2.98517e-06,50,100,100,224416,1 3 6 11 7 2 9 0 8 5 4 10 
912,3.35032e-06,4.45599e-06,2.9676e-06,50,100,100,224416,1 3 6 11 7 2 9 0 8 5 4 10 
913,3.34704e-06,4.45599e-06,2.96522e-06,50,100,100,224416,1 3 6 11 7 2 9 0 8 5 4 10 
914,3.33781e-06,4.45599e-06,2.99483e-06,50,100,100,224416,1 3 6 11 7 2 9 0 8 5 4 10 
915,3.33299e-06,4.45599e-06,3.0455e-06,50,100,100,224416,1 3 6 11 7 2 9 0 8 5 4 10 
916,3.32645e-06,4.45599e-06,2.93795e-06,50,100,100,224416,1 3 6 11 7 2 9 0 8 5 4 10 
917,3.33797e-06,4.45599e-06,3.05753e-06,50,100,100,224416,1 3 6 11 7 2 9 0 8 5 4 10 
918,3.32565e-06,4.45599e-06,2.9475e-06,50,100,100,224416,1 3 6 11 7 2 9 0 8 5 4 10 
919,3.31787e-06,4.45599e-06,2.99087e-06,50,100,100,224416,1 3 6 11 7 2 9 0 8 5 4 10 
920,3.3265e-06,4.45599e-06,3.01055e-06,50,100,100,224416,1 3 6 11 7 2 9 0 8 5 4 10 
921,3.32946e-06,4.45599e-06,3.01733e-06,50,100,100,224416,1 3 6 11 7 2 9 0 8 5 4 10 
922,3.3462e-06,4.45599e-06,3.03062e-06,50,100,100,224416,1 3 6 11 7 2 9 0 8 5 4 10 
923,3.33876e-06,4.45599e-06,2.97307e-06,50,100,100,224416,1 3 6 11 7 2 9 0 8 5 4 10 
924,3.34223e-06,4.45599e-06,3.01498e-06,50,100,100,224416,1 3 6 11 7 2 9 0 8 5 4 10 
925,3.30241e-06,4.45599e-06,3.00173e-06,50,100,100,224416,1 3 6 11 7 2 9 0 8 5 4 10 
926,3.32708e-06,4.45599e-06,2.9054e-06,50,100,100,224416,1 3 6 11 7 2 9 0 8 5 4 10 
927,3.31911e-06,4.45599e-06,2.98223e-06,50,100,100,224416,1 3 6 11 7 2 9 0 8 5 4 10 
928,3.34004e-06,4.45599e-06,3.01904e-06,50,100,100,224416,1 3 6 11 7 2 9 0 8 5 4 10 
929,3.32673e-06,4.45599e-06,3.01077e-06,50,100,100,224416,1 3 6 11 7 2 9 0 8 5 4 10 
930,3.33507e-06,4.45599e-06,2.96031e-06,50,100,100,224416,1 3 6 11 7 2 9 0 8 5 4 10 
931,3.36684e-06,4.45599e-06,3.07383e-06,50,100,100,224416,1 3 6 11 7 2 9 0 8 5 4 10 
932,3.34629e-06,4.45599e-06,3.02014e-06,50,100,100,224416,1 3 6 11 7 2 9 0 8 5 4 10 
933,3.37404e-06,4.45599e-06,2.97169e-06,50,100,100,224416,1 3 6 11 7 2 9 0 8 5 4 10 
934,3.36615e-06,4.45599e-06,3.01258e-06,50,100,100,224416,1 3 6 11 7 2 9 0 8 5 4 10 
935,3.35827e-06,4.45599e-06,3.00382e-06,50,100,100,224416,1 3 6 11 7 2 9 0 8 5 4 10 
936,3.31525e-06,4.45599e-06,2.97838e-06,50,100,100,224416,1 3 6 11 7 2 9 0 8 5 4 10 
937,3.32574e-06,4.45599e-06,2.97484e-06,50,100,100,224416,1 3 6 11 7 2 9 0 8 5 4 10 
938,3.30301e-06,4.45599e-06,2.93794e-06,50,100,100,224416,1 3 6 11 7 2 9 0 8 5 4 10 
939,3.34216e-06,4.45599e-06,3.02716e-06,50,100,100,224416,1 3 6 11 7 2 9 0 8 5 4 10 
940,3.33973e-06,4.45599e-06,2.99006e-06,50,100,100,224416,1 3 6 11 7 2 9 0 8 5 4 10 
941,3.3385e-06,4.45599e-06,2.95775e-06,50,100,100,224416,1 3 6 11 7 2 9 0 8 5 4 10 
942,3.35012e-06,4.45599e-06,3.02531e-06,50,100,100,224416,1 3 6 11 7 2 9 0 8 5 4 10 
943,3.34899e-06,4.45599e-06,2.99058e-06,50,100,100,224416,1 3 6 11 7 2 9 0 8 5 4 10 
944,3.33256e-06,4.45599e-06,3.00009e-06,50,100,100,224416,1 3 6 11 7 2 9 0 8 5 4 10 
945,3.34689e-06,4.45599e-06,2.98699e-06,50,100,100,224416,1 3 6 11 7 2 9 0 8 5 4 10 
946,3.34795e-06,4.45599e-06,3.00234e-06,50,100,100,224416,1 3 6 11 7 2 9 0 8 5 4 10 
947,3.38894e-06,4.45599e-06,2.9853e-06,50,100,100,224416,1 3 6 11 7 2 9 0 8 5 4 10 
948,3.3886e-06,4.45599e-06,3.04825e-06,50,100,100,224416,1 3 6 11 7 2 9 0 8 5 4 10 
949,3.37285e-06,4.45599e-06,2.99141e-06,50,100,100,224416,1 3 6 11 7 2 9 0 8 5 4 10 
950,3.36241e-06,4.45599e-06,3.06853e-06,50,100,100,224416,1 3 6 11 7 2 9 0 8 5 4 10 
951,3.35338e-06,4.45599e-06,2.98592e-06,50,100,100,224416,1 3 6 11 7 2 9 0 8 5 4 10 
952,3.34278e-06,4.45599e-06,2.88004e-06,50,100,100,224416,1 3 6 11 7 2 9 0 8 5 4 10 
953,3.34016e-06,4.45599e-06,2.92681e-06,50,100,100,224416,1 3 6 11 7 2 9 0 8 5 4 10 
954,3.36963e-06,4.45599e-06,2.98515e-06,50,100,100,224416,1 3 6 11 7 2 9 0 8 5 4 10 
955,3.38252e-06,4.45599e-06,2.97372e-06,50,100,100,224416,1 3 6 11 7 2 9 0 8 5 4 10 
956,3.35313e-06,4.45599e-06,2.92352e-06,50,100,100,224416,1 3 6 11 7 2 9 0 8 5 4 10 
957,3.33098e-06,4.45599e-06,2.99019e-06,50,100,100,224416,1 3 6 11 7 2 9 0 8 5 4 10 
958,3.35495e-06,4.45599e-06,2.9981e-06,50,100,100,224416,1 3 6 11 7 2 9 0 8 5 4 10 
959,3.36852e-06,4.45599e-06,3.02763e-06,50,100,100,224416,1 3 6 11 7 2 9 0 8 5 4 10 
960,3.3909e-06,4.45599e-06,2.96529e-06,50,100,100,224416,1 3 6 11 7 2 9 0 8 5 4 10 
961,3.37494e-06,4.45599e-06,3.08177e-06,50,100,100,224416,1 3 6 11 7 2 9 0 8 5 4 10 
962,3.37067e-06,4.45599e-06,2.97137e-06,50,100,100,224416,1 3 6 11 7 2 9 0 8 5 4 10 
963,3.35031e-06,4.45599e-06,2.95782e-06,50,100,100,224416,1 3 6 11 7 2 9 0 8 5 4 10 
964,3.35935e-06,4.45599e-06,2.96022e-06,50,100,100,224416,1 3 6 11 7 2 9 0 8 5 4 10 
965,3.35706e-06,4.45599e-06,2.98847e-06,50,100,100,224416,1 3 6 11 7 2 9 0 8 5 4 10 
966,3.3637e-06,4.45599e-06,2.98391e-06,50,100,100,224416,1 3 6 11 7 2 9 0 8 5 4 10 
967,3.3547e-06,4.45599e-06,2.95e-06,50,100,100,224416,1 3 6 11 7 2 9 0 8 5 4 10 
968,3.33844e-06,4.45599e-06,2.92491e-06,50,100,100,224416,1 3 6 11 7 2 9 0 8 5 4 10 
969,3.39737e-06,4.45599e-06,3.02597e-06,50,100,100,224416,1 3 6 11 7 2 9 0 8 5 4 10 
970,3.38405e-06,4.45599e-06,3.04981e-06,50,100,100,224416,1 3 6 11 7 2 9 0 8 5 4 10 
971,3.3876e-06,4.45599e-06,2.99407e-06,50,100,100,224416,1 3 6 11 7 2 9 0 8 5 4 10 
972,3.38031e-06,4.45599e-06,2.9375e-06,50,100,100,224416,1 3 6 11 7 2 9 0 8 5 4 10 
973,3.38566e-06,4.45599e-06,3.05322e-06,50,100,100,224416,1 3 6 11 7 2 9 0 8 5 4 10 
974,3.36925e-06,4.45599e-06,3.03416e-06,50,100,100,224416,1 3 6 11 7 2 9 0 8 5 4 10 
975,3.39038e-06,4.45599e-06,2.97728e-06,50,100,100,224416,1 3 6 11 7 2 9 0 8 5 4 10 
976,3.40285e-06,4.45599e-06,3.02128e-06,50,100,100,224416,1 3 6 11 7 2 9 0 8 5 4 10 
977,3.38971e-06,4.45599e-06,2.96675e-06,50,100,100,224416,1 3 6 11 7 2 9 0 8 5 4 10 
978,3.43243e-06,4.45599e-06,3.04818e-06,50,100,100,224416,1 3 6 11 7 2 9 0 8 5 4 10 
979,3.37747e-06,4.45599e-06,3.03969e-06,50,100,100,224416,1 3 6 11 7 2 9 0 8 5 4 10 
980,3.39036e-06,4.45599e-06,2.97971e-06,50,100,100,224416,1 3 6 11 7 2 9 0 8 5 4 10 
981,3.34945e-06,4.45599e-06,2.85843e-06,50,100,100,224416,1 3 6 11 7 2 9 0 8 5 4 10 
982,3.37455e-06,4.45599e-06,3.06761e-06,50,100,100,224416,1 3 6 11 7 2 9 0 8 5 4 10 
983,3.36972e-06,4.45599e-06,2.96478e-06,50,100,100,224416,1 3 6 11 7 2 9 0 8 5 4 10 
984,3.37838e-06,4.45599e-06,3.03298e-06,50,100,100,224416,1 3 6 11 7 2 9 0 8 5 4 10 
985,3.37189e-06,4.45599e-06,2.99234e-06,50,100,100,224416,1 3 6 11 7 2 9 0 8 5 4 10 
986,3.40888e-06,4.45599e-06,3.0535e-06,50,100,100,224416,1 3 6 11 7 2 9 0 8 5 4 10 
987,3.4061e-06,4.45599e-06,2.98325e-06,50,100,100,224416,1 3 6 11 7 2 9 0 8 5 4 10 
988,3.44448e-06,4.45599e-06,3.11823e-06,50,100,100,224416,1 3 6 11 7 2 9 0 8 5 4 10 
989,3.4176e-06,4.45599e-06,3.02251e-06,50,100,100,224416,1 3 6 11 7 2 9 0 8 5 4 10 
990,3.39972e-06,4.45599e-06,2.99117e-06,50,100,100,224416,1 3 6 11 7 2 9 0 8 5 4 10 
991,3.39831e-06,4.45599e-06,3.0237e-06,50,100,100,224416,1 3 6 11 7 2 9 0 8 5 4 10 
992,3.37944e-06,4.45599e-06,2.94972e-06,50,100,100,224416,1 3 6 11 7 2 9 0 8 5 4 10 
993,3.36814e-06,4.45599e-06,2.97639e-06,50,100,100,224416,1 3 6 11 7 2 9 0 8 5 4 10 
994,3.38878e-06,4.45599e-06,2.94913e-06,50,100,100,224416,1 3 6 11 7 2 9 0 8 5 4 10 
995,3.39866e-06,4.45599e-06,3.02145e-06,50,100,100,224416,1 3 6 11 7 2 9 0 8 5 4 10 
996,3.3766e-06,4.45599e-06,2.95924e-06,50,100,100,224416,1 3 6 11 7 2 9 0 8 5 4 10 
997,3.4075e-06,4.45599e-06,2.99954e-06,50,100,100,224416,1 3 6 11 7 2 9 0 8 5 4 10 
998,3.42028e-06,4.45599e-06,3.04224e-06,50,100,100,224416,1 3 6 11 7 2 9 0 8 5 4 10 
999,3.42847e-06,4.45599e-06,3.05082e-06,50,100,100,224416,1 3 6 11 7 2 9 0 8 5 4 10 
