Generación,Media,Mejor,Peor,Cruzas,Mutaciones,Inversiones,Costo,Permutación
1,3.24572e-06,3.78222e-06,2.93587e-06,50,100,100,264394,5 1 3 8 7 11 4 0 10 6 9 2 
2,3.2865e-06,3.78222e-06,2.90366e-06,50,100,100,264394,5 1 3 8 7 11 4 0 10 6 9 2 
3,3.28959e-06,3.78222e-06,2.9323e-06,50,100,100,264394,5 1 3 8 7 11 4 0 10 6 9 2 
4,3.30544e-06,3.78222e-06,2.93139e-06,50,100,100,264394,5 1 3 8 7 11 4 0 10 6 9 2 
5,3.28043e-06,3.80893e-06,2.92337e-06,50,100,100,262540,6 3 8 0 4 10 1 2 5 9 11 7 
6,3.24748e-06,3.80893e-06,2.89604e-06,50,100,100,262540,6 3 8 0 4 10 1 2 5 9 11 7 
7,3.25986e-06,3.80893e-06,2.90704e-06,50,100,100,262540,6 3 8 0 4 10 1 2 5 9 11 7 
8,3.29884e-06,3.80893e-06,2.9595e-06,50,100,100,262540,6 3 8 0 4 10 1 2 5 9 11 7 
9,3.30736e-06,3.85959e-06,2.93699e-06,50,100,100,259094,6 9 4 0 5 11 3 2 7 8 10 1 
10,3.31301e-06,3.85959e-06,2.90307e-06,50,100,100,259094,6 9 4 0 5 11 3 2 7 8 10 1 
11,3.30197e-06,3.85959e-06,3.02101e-06,50,100,100,259094,6 9 4 0 5 11 3 2 7 8 10 1 
12,3.3082e-06,3.9564e-06,2.93024e-06,50,100,100,252754,6 9 4 0 7 11 3 2 5 8 1 10 
13,3.346e-06,3.9564e-06,3.0273e-06,50,100,100,252754,6 9 4 0 7 11 3 2 5 8 1 10 
14,3.32942e-06,3.9564e-06,2.98008e-06,50,100,100,252754,6 9 4 0 7 11 3 2 5 8 1 10 
15,3.32875e-06,3.9564e-06,2.96301e-06,50,100,100,252754,6 9 4 0 7 11 3 2 5 8 1 10 
16,3.31758e-06,3.9564e-06,2.95976e-06,50,100,100,252754,6 9 4 0 7 11 3 2 5 8 1 10 
17,3.3217e-06,3.9564e-06,3.06347e-06,50,100,100,252754,6 9 4 0 7 11 3 2 5 8 1 10 
18,3.34327e-06,3.9564e-06,2.94373e-06,50,100,100,252754,6 9 4 0 7 11 3 2 5 8 1 10 
19,3.35466e-06,3.99688e-06,2.98808e-06,50,100,100,250194,6 9 3 0 11 4 7 2 5 8 1 10 
20,3.35978e-06,3.99688e-06,2.98434e-06,50,100,100,250194,6 9 3 0 11 4 7 2 5 8 1 10 
21,3.36048e-06,3.99688e-06,3.07353e-06,50,100,100,250194,6 9 3 0 11 4 7 2 5 8 1 10 
22,3.36849e-06,3.99688e-06,3.00957e-06,50,100,100,250194,6 9 3 0 11 4 7 2 5 8 1 10 
23,3.40795e-06,4.13485e-06,3.03105e-06,50,100,100,241846,6 9 0 3 11 4 7 5 2 8 1 10 
24,3.39196e-06,4.13485e-06,2.97413e-06,50,100,100,241846,6 9 0 3 11 4 7 5 2 8 1 10 
25,3.42099e-06,4.13485e-06,3.06407e-06,50,100,100,241846,6 9 0 3 11 4 7 5 2 8 1 10 
26,3.42168e-06,4.13485e-06,3.00567e-06,50,100,100,241846,6 9 0 3 11 4 7 5 2 8 1 10 
27,3.41436e-06,4.13485e-06,3.01857e-06,50,100,100,241846,6 9 0 3 11 4 7 5 2 8 1 10 
28,3.39993e-06,4.13485e-06,3.10894e-06,50,100,100,241846,6 9 0 3 11 4 7 5 2 8 1 10 
29,3.36354e-06,4.13485e-06,2.98754e-06,50,100,100,241846,6 9 0 3 11 4 7 5 2 8 1 10 
30,3.37491e-06,4.13485e-06,3.04135e-06,50,100,100,241846,6 9 0 3 11 4 7 5 2 8 1 10 
31,3.38975e-06,4.13485e-06,2.97049e-06,50,100,100,241846,6 9 0 3 11 4 7 5 2 8 1 10 
32,3.38638e-06,4.13485e-06,2.99452e-06,50,100,100,241846,6 9 0 3 11 4 7 5 2 8 1 10 
33,3.37969e-06,4.13485e-06,2.99567e-06,50,100,100,241846,6 9 0 3 11 4 7 5 2 8 1 10 
34,3.32572e-06,4.13485e-06,2.96132e-06,50,100,100,241846,6 9 0 3 11 4 7 5 2 8 1 10 
35,3.35623e-06,4.13485e-06,2.99203e-06,50,100,100,241846,6 9 0 3 11 4 7 5 2 8 1 10 
36,3.38749e-06,4.13485e-06,3.03777e-06,50,100,100,241846,6 9 0 3 11 4 7 5 2 8 1 10 
37,3.40546e-06,4.13485e-06,3.00724e-06,50,100,100,241846,6 9 0 3 11 4 7 5 2 8 1 10 
38,3.40724e-06,4.13485e-06,2.93358e-06,50,100,100,241846,6 9 0 3 11 4 7 5 2 8 1 10 
39,3.43022e-06,4.13485e-06,2.95593e-06,50,100,100,241846,6 9 0 3 11 4 7 5 2 8 1 10 
40,3.39401e-06,4.13485e-06,3.06492e-06,50,100,100,241846,6 9 0 3 11 4 7 5 2 8 1 10 
41,3.43588e-06,4.13485e-06,3.11593e-06,50,100,100,241846,6 9 0 3 11 4 7 5 2 8 1 10 
42,3.40479e-06,4.13485e-06,3.04656e-06,50,100,100,241846,6 9 0 3 11 4 7 5 2 8 1 10 
43,3.39334e-06,4.13485e-06,2.98129e-06,50,100,100,241846,6 9 0 3 11 4 7 5 2 8 1 10 
44,3.40362e-06,4.13485e-06,3.00184e-06,50,100,100,241846,6 9 0 3 11 4 7 5 2 8 1 10 
45,3.39134e-06,4.13485e-06,2.97358e-06,50,100,100,241846,6 9 0 3 11 4 7 5 2 8 1 10 
46,3.35284e-06,4.13485e-06,2.97218e-06,50,100,100,241846,6 9 0 3 11 4 7 5 2 8 1 10 
47,3.34641e-06,4.13485e-06,3.00907e-06,50,100,100,241846,6 9 0 3 11 4 7 5 2 8 1 10 
48,3.35621e-06,4.13485e-06,3.06676e-06,50,100,100,241846,6 9 0 3 11 4 7 5 2 8 1 10 
49,3.34412e-06,4.13485e-06,2.94859e-06,50,100,100,241846,6 9 0 3 11 4 7 5 2 8 1 10 
50,3.35321e-06,4.13485e-06,2.9589e-06,50,100,100,241846,6 9 0 3 11 4 7 5 2 8 1 10 
51,3.3766e-06,4.13485e-06,3.08433e-06,50,100,100,241846,6 9 0 3 11 4 7 5 2 8 1 10 
52,3.38692e-06,4.13485e-06,2.99216e-06,50,100,100,241846,6 9 0 3 11 4 7 5 2 8 1 10 
53,3.36039e-06,4.13485e-06,2.98476e-06,50,100,100,241846,6 9 0 3 11 4 7 5 2 8 1 10 
54,3.35396e-06,4.13485e-06,3.02267e-06,50,100,100,241846,6 9 0 3 11 4 7 5 2 8 1 10 
55,3.3872e-06,4.13485e-06,3.04278e-06,50,100,100,241846,6 9 0 3 11 4 7 5 2 8 1 10 
56,3.39837e-06,4.13485e-06,3.04541e-06,50,100,100,241846,6 9 0 3 11 4 7 5 2 8 1 10 
57,3.38057e-06,4.13485e-06,3.0006e-06,50,100,100,241846,6 9 0 3 11 4 7 5 2 8 1 10 
58,3.38076e-06,4.13485e-06,3.04951e-06,50,100,100,241846,6 9 0 3 11 4 7 5 2 8 1 10 
59,3.36793e-06,4.13485e-06,3.07094e-06,50,100,100,241846,6 9 0 3 11 4 7 5 2 8 1 10 
60,3.38936e-06,4.13485e-06,3.03984e-06,50,100,100,241846,6 9 0 3 11 4 7 5 2 8 1 10 
61,3.40223e-06,4.13485e-06,3.00814e-06,50,100,100,241846,6 9 0 3 11 4 7 5 2 8 1 10 
62,3.39924e-06,4.13485e-06,3.02423e-06,50,100,100,241846,6 9 0 3 11 4 7 5 2 8 1 10 
63,3.39916e-06,4.13485e-06,2.98458e-06,50,100,100,241846,6 9 0 3 11 4 7 5 2 8 1 10 
64,3.40503e-06,4.13485e-06,2.92715e-06,50,100,100,241846,6 9 0 3 11 4 7 5 2 8 1 10 
65,3.4407e-06,4.13485e-06,3.0478e-06,50,100,100,241846,6 9 0 3 11 4 7 5 2 8 1 10 
66,3.43536e-06,4.13485e-06,3.07593e-06,50,100,100,241846,6 9 0 3 11 4 7 5 2 8 1 10 
67,3.42069e-06,4.13485e-06,3.05626e-06,50,100,100,241846,6 9 0 3 11 4 7 5 2 8 1 10 
68,3.45058e-06,4.13485e-06,2.99923e-06,50,100,100,241846,6 9 0 3 11 4 7 5 2 8 1 10 
69,3.42811e-06,4.13485e-06,3.07302e-06,50,100,100,241846,6 9 0 3 11 4 7 5 2 8 1 10 
70,3.42694e-06,4.13485e-06,3.03958e-06,50,100,100,241846,6 9 0 3 11 4 7 5 2 8 1 10 
71,3.44554e-06,4.13485e-06,3.06793e-06,50,100,100,241846,6 9 0 3 11 4 7 5 2 8 1 10 
72,3.42655e-06,4.13485e-06,2.96309e-06,50,100,100,241846,6 9 0 3 11 4 7 5 2 8 1 10 
73,3.46146e-06,4.13485e-06,3.04476e-06,50,100,100,241846,6 9 0 3 11 4 7 5 2 8 1 10 
74,3.45055e-06,4.13485e-06,2.96768e-06,50,100,100,241846,6 9 0 3 11 4 7 5 2 8 1 10 
75,3.43204e-06,4.13485e-06,2.98202e-06,50,100,100,241846,6 9 0 3 11 4 7 5 2 8 1 10 
76,3.43653e-06,4.13485e-06,2.99364e-06,50,100,100,241846,6 9 0 3 11 4 7 5 2 8 1 10 
77,3.44193e-06,4.13485e-06,3.0847e-06,50,100,100,241846,6 9 0 3 11 4 7 5 2 8 1 10 
78,3.44215e-06,4.13485e-06,3.03228e-06,50,100,100,241846,6 9 0 3 11 4 7 5 2 8 1 10 
79,3.44039e-06,4.13485e-06,3.10167e-06,50,100,100,241846,6 9 0 3 11 4 7 5 2 8 1 10 
80,3.44168e-06,4.13485e-06,3.05436e-06,50,100,100,241846,6 9 0 3 11 4 7 5 2 8 1 10 
81,3.43917e-06,4.16981e-06,3.03287e-06,50,100,100,239818,6 9 11 3 0 4 7 5 2 1 8 10 
82,3.46801e-06,4.16981e-06,3.04723e-06,50,100,100,239818,6 9 11 3 0 4 7 5 2 1 8 10 
83,3.47324e-06,4.16981e-06,2.98085e-06,50,100,100,239818,6 9 11 3 0 4 7 5 2 1 8 10 
84,3.49529e-06,4.16981e-06,3.14277e-06,50,100,100,239818,6 9 11 3 0 4 7 5 2 1 8 10 
85,3.48375e-06,4.16981e-06,3.0839e-06,50,100,100,239818,6 9 11 3 0 4 7 5 2 1 8 10 
86,3.49755e-06,4.16981e-06,3.08397e-06,50,100,100,239818,6 9 11 3 0 4 7 5 2 1 8 10 
87,3.48565e-06,4.16981e-06,3.00974e-06,50,100,100,239818,6 9 11 3 0 4 7 5 2 1 8 10 
88,3.53361e-06,4.16981e-06,3.05054e-06,50,100,100,239818,6 9 11 3 0 4 7 5 2 1 8 10 
89,3.53086e-06,4.16981e-06,3.10002e-06,50,100,100,239818,6 9 11 3 0 4 7 5 2 1 8 10 
90,3.49876e-06,4.16981e-06,2.93711e-06,50,100,100,239818,6 9 11 3 0 4 7 5 2 1 8 10 
91,3.54194e-06,4.16981e-06,3.0649e-06,50,100,100,239818,6 9 11 3 0 4 7 5 2 1 8 10 
92,3.58323e-06,4.16981e-06,2.93711e-06,50,100,100,239818,6 9 11 3 0 4 7 5 2 1 8 10 
93,3.61702e-06,4.16981e-06,3.05076e-06,50,100,100,239818,6 9 11 3 0 4 7 5 2 1 8 10 
94,3.54511e-06,4.16981e-06,2.97959e-06,50,100,100,239818,6 9 11 3 0 4 7 5 2 1 8 10 
95,3.53073e-06,4.16981e-06,2.93062e-06,50,100,100,239818,6 9 11 3 0 4 7 5 2 1 8 10 
96,3.57952e-06,4.16981e-06,3.09827e-06,50,100,100,239818,6 9 11 3 0 4 7 5 2 1 8 10 
97,3.58406e-06,4.16981e-06,3.06772e-06,50,100,100,239818,6 9 11 3 0 4 7 5 2 1 8 10 
98,3.56389e-06,4.16981e-06,2.96008e-06,50,100,100,239818,6 9 11 3 0 4 7 5 2 1 8 10 
99,3.5696e-06,4.16981e-06,3.08797e-06,50,100,100,239818,6 9 11 3 0 4 7 5 2 1 8 10 
100,3.59803e-06,4.16981e-06,3.01944e-06,50,100,100,239818,6 9 11 3 0 4 7 5 2 1 8 10 
101,3.61765e-06,4.16981e-06,3.00507e-06,50,100,100,239818,6 9 11 3 0 4 7 5 2 1 8 10 
102,3.59031e-06,4.16981e-06,3.02479e-06,50,100,100,239818,6 9 11 3 0 4 7 5 2 1 8 10 
103,3.53894e-06,4.16981e-06,2.96524e-06,50,100,100,239818,6 9 11 3 0 4 7 5 2 1 8 10 
104,3.56211e-06,4.16981e-06,2.96991e-06,50,100,100,239818,6 9 11 3 0 4 7 5 2 1 8 10 
105,3.58195e-06,4.16981e-06,2.95577e-06,50,100,100,239818,6 9 11 3 0 4 7 5 2 1 8 10 
106,3.58908e-06,4.16981e-06,3.11353e-06,50,100,100,239818,6 9 11 3 0 4 7 5 2 1 8 10 
107,3.55987e-06,4.16981e-06,2.95291e-06,50,100,100,239818,6 9 11 3 0 4 7 5 2 1 8 10 
108,3.60192e-06,4.16981e-06,2.99513e-06,50,100,100,239818,6 9 11 3 0 4 7 5 2 1 8 10 
109,3.54975e-06,4.16981e-06,3.00139e-06,50,100,100,239818,6 9 11 3 0 4 7 5 2 1 8 10 
110,3.54027e-06,4.16981e-06,3.00586e-06,50,100,100,239818,6 9 11 3 0 4 7 5 2 1 8 10 
111,3.5797e-06,4.16981e-06,3.07631e-06,50,100,100,239818,6 9 11 3 0 4 7 5 2 1 8 10 
112,3.52629e-06,4.16981e-06,2.91967e-06,50,100,100,239818,6 9 11 3 0 4 7 5 2 1 8 10 
113,3.55023e-06,4.16981e-06,3.07481e-06,50,100,100,239818,6 9 11 3 0 4 7 5 2 1 8 10 
114,3.57718e-06,4.16981e-06,3.0835e-06,50,100,100,239818,6 9 11 3 0 4 7 5 2 1 8 10 
115,3.57136e-06,4.16981e-06,2.93949e-06,50,100,100,239818,6 9 11 3 0 4 7 5 2 1 8 10 
116,3.59964e-06,4.16981e-06,3.07915e-06,50,100,100,239818,6 9 11 3 0 4 7 5 2 1 8 10 
117,3.53079e-06,4.16981e-06,2.94967e-06,50,100,100,239818,6 9 11 3 0 4 7 5 2 1 8 10 
118,3.58043e-06,4.16981e-06,3.11477e-06,50,100,100,239818,6 9 11 3 0 4 7 5 2 1 8 10 
119,3.55343e-06,4.16981e-06,2.94769e-06,50,100,100,239818,6 9 11 3 0 4 7 5 2 1 8 10 
120,3.54146e-06,4.16981e-06,3.10618e-06,50,100,100,239818,6 9 11 3 0 4 7 5 2 1 8 10 
121,3.56833e-06,4.16981e-06,3.0332e-06,50,100,100,239818,6 9 11 3 0 4 7 5 2 1 8 10 
122,3.56594e-06,4.16981e-06,2.94579e-06,50,100,100,239818,6 9 11 3 0 4 7 5 2 1 8 10 
123,3.5758e-06,4.16981e-06,2.99126e-06,50,100,100,239818,6 9 11 3 0 4 7 5 2 1 8 10 
124,3.53883e-06,4.16981e-06,2.96946e-06,50,100,100,239818,6 9 11 3 0 4 7 5 2 1 8 10 
125,3.57001e-06,4.16981e-06,3.07402e-06,50,100,100,239818,6 9 11 3 0 4 7 5 2 1 8 10 
126,3.59621e-06,4.16981e-06,3.03917e-06,50,100,100,239818,6 9 11 3 0 4 7 5 2 1 8 10 
127,3.56997e-06,4.16981e-06,2.90759e-06,50,100,100,239818,6 9 11 3 0 4 7 5 2 1 8 10 
128,3.55137e-06,4.16981e-06,3.01815e-06,50,100,100,239818,6 9 11 3 0 4 7 5 2 1 8 10 
129,3.58232e-06,4.16981e-06,3.03024e-06,50,100,100,239818,6 9 11 3 0 4 7 5 2 1 8 10 
130,3.55129e-06,4.16981e-06,2.95729e-06,50,100,100,239818,6 9 11 3 0 4 7 5 2 1 8 10 
131,3.58816e-06,4.16981e-06,3.04513e-06,50,100,100,239818,6 9 11 3 0 4 7 5 2 1 8 10 
132,3.59199e-06,4.16981e-06,3.0099e-06,50,100,100,239818,6 9 11 3 0 4 7 5 2 1 8 10 
133,3.54531e-06,4.16981e-06,3.02567e-06,50,100,100,239818,6 9 11 3 0 4 7 5 2 1 8 10 
134,3.56835e-06,4.16981e-06,3.09156e-06,50,100,100,239818,6 9 11 3 0 4 7 5 2 1 8 10 
135,3.57045e-06,4.16981e-06,3.04274e-06,50,100,100,239818,6 9 11 3 0 4 7 5 2 1 8 10 
136,3.5936e-06,4.16981e-06,3.0637e-06,50,100,100,239818,6 9 11 3 0 4 7 5 2 1 8 10 
137,3.60087e-06,4.16981e-06,3.08715e-06,50,100,100,239818,6 9 11 3 0 4 7 5 2 1 8 10 
138,3.59126e-06,4.16981e-06,3.04059e-06,50,100,100,239818,6 9 11 3 0 4 7 5 2 1 8 10 
139,3.57164e-06,4.16981e-06,2.97264e-06,50,100,100,239818,6 9 11 3 0 4 7 5 2 1 8 10 
140,3.58795e-06,4.16981e-06,2.93561e-06,50,100,100,239818,6 9 11 3 0 4 7 5 2 1 8 10 
141,3.61134e-06,4.16981e-06,3.00574e-06,50,100,100,239818,6 9 11 3 0 4 7 5 2 1 8 10 
142,3.62097e-06,4.16981e-06,3.00191e-06,50,100,100,239818,6 9 11 3 0 4 7 5 2 1 8 10 
143,3.58679e-06,4.16981e-06,2.99693e-06,50,100,100,239818,6 9 11 3 0 4 7 5 2 1 8 10 
144,3.55761e-06,4.16981e-06,3.01742e-06,50,100,100,239818,6 9 11 3 0 4 7 5 2 1 8 10 
145,3.53638e-06,4.16981e-06,3.06574e-06,50,100,100,239818,6 9 11 3 0 4 7 5 2 1 8 10 
146,3.56118e-06,4.16981e-06,2.99379e-06,50,100,100,239818,6 9 11 3 0 4 7 5 2 1 8 10 
147,3.52108e-06,4.16981e-06,3.00191e-06,50,100,100,239818,6 9 11 3 0 4 7 5 2 1 8 10 
148,3.50958e-06,4.16981e-06,3.03751e-06,50,100,100,239818,6 9 11 3 0 4 7 5 2 1 8 10 
149,3.52625e-06,4.16981e-06,3.03097e-06,50,100,100,239818,6 9 11 3 0 4 7 5 2 1 8 10 
150,3.49386e-06,4.16981e-06,2.97264e-06,50,100,100,239818,6 9 11 3 0 4 7 5 2 1 8 10 
151,3.53847e-06,4.16981e-06,3.02138e-06,50,100,100,239818,6 9 11 3 0 4 7 5 2 1 8 10 
152,3.54144e-06,4.16981e-06,3.05404e-06,50,100,100,239818,6 9 11 3 0 4 7 5 2 1 8 10 
153,3.51554e-06,4.16981e-06,3.04256e-06,50,100,100,239818,6 9 11 3 0 4 7 5 2 1 8 10 
154,3.52929e-06,4.16981e-06,3.11041e-06,50,100,100,239818,6 9 11 3 0 4 7 5 2 1 8 10 
155,3.55115e-06,4.16981e-06,3.0386e-06,50,100,100,239818,6 9 11 3 0 4 7 5 2 1 8 10 
156,3.53452e-06,4.16981e-06,2.9977e-06,50,100,100,239818,6 9 11 3 0 4 7 5 2 1 8 10 
157,3.53192e-06,4.16981e-06,3.03629e-06,50,100,100,239818,6 9 11 3 0 4 7 5 2 1 8 10 
158,3.51342e-06,4.16981e-06,3.07763e-06,50,100,100,239818,6 9 11 3 0 4 7 5 2 1 8 10 
159,3.54363e-06,4.16981e-06,2.98065e-06,50,100,100,239818,6 9 11 3 0 4 7 5 2 1 8 10 
160,3.53509e-06,4.16981e-06,3.0298e-06,50,100,100,239818,6 9 11 3 0 4 7 5 2 1 8 10 
161,3.51902e-06,4.16981e-06,3.05563e-06,50,100,100,239818,6 9 11 3 0 4 7 5 2 1 8 10 
162,3.50649e-06,4.16981e-06,2.999e-06,50,100,100,239818,6 9 11 3 0 4 7 5 2 1 8 10 
163,3.52721e-06,4.16981e-06,3.02985e-06,50,100,100,239818,6 9 11 3 0 4 7 5 2 1 8 10 
164,3.49447e-06,4.16981e-06,3.08981e-06,50,100,100,239818,6 9 11 3 0 4 7 5 2 1 8 10 
165,3.52845e-06,4.16981e-06,3.03235e-06,50,100,100,239818,6 9 11 3 0 4 7 5 2 1 8 10 
166,3.57064e-06,4.16981e-06,2.99377e-06,50,100,100,239818,6 9 11 3 0 4 7 5 2 1 8 10 
167,3.55429e-06,4.16981e-06,2.97104e-06,50,100,100,239818,6 9 11 3 0 4 7 5 2 1 8 10 
168,3.57243e-06,4.16981e-06,3.0696e-06,50,100,100,239818,6 9 11 3 0 4 7 5 2 1 8 10 
169,3.56121e-06,4.16981e-06,3.09101e-06,50,100,100,239818,6 9 11 3 0 4 7 5 2 1 8 10 
170,3.5496e-06,4.16981e-06,3.05328e-06,50,100,100,239818,6 9 11 3 0 4 7 5 2 1 8 10 
171,3.58878e-06,4.16981e-06,3.03195e-06,50,100,100,239818,6 9 11 3 0 4 7 5 2 1 8 10 
172,3.53832e-06,4.16981e-06,3.06203e-06,50,100,100,239818,6 9 11 3 0 4 7 5 2 1 8 10 
173,3.51227e-06,4.16981e-06,2.98955e-06,50,100,100,239818,6 9 11 3 0 4 7 5 2 1 8 10 
174,3.50186e-06,4.16981e-06,2.92064e-06,50,100,100,239818,6 9 11 3 0 4 7 5 2 1 8 10 
175,3.49438e-06,4.16981e-06,3.03738e-06,50,100,100,239818,6 9 11 3 0 4 7 5 2 1 8 10 
176,3.52071e-06,4.16981e-06,2.92748e-06,50,100,100,239818,6 9 11 3 0 4 7 5 2 1 8 10 
177,3.53136e-06,4.16981e-06,3.09212e-06,50,100,100,239818,6 9 11 3 0 4 7 5 2 1 8 10 
178,3.5069e-06,4.16981e-06,3.05108e-06,50,100,100,239818,6 9 11 3 0 4 7 5 2 1 8 10 
179,3.53366e-06,4.16981e-06,3.07951e-06,50,100,100,239818,6 9 11 3 0 4 7 5 2 1 8 10 
180,3.52329e-06,4.16981e-06,3.04903e-06,50,100,100,239818,6 9 11 3 0 4 7 5 2 1 8 10 
181,3.53147e-06,4.16981e-06,2.99603e-06,50,100,100,239818,6 9 11 3 0 4 7 5 2 1 8 10 
182,3.54734e-06,4.16981e-06,3.09959e-06,50,100,100,239818,6 9 11 3 0 4 7 5 2 1 8 10 
183,3.56254e-06,4.16981e-06,3.03696e-06,50,100,100,239818,6 9 11 3 0 4 7 5 2 1 8 10 
184,3.5569e-06,4.16981e-06,3.01813e-06,50,100,100,239818,6 9 11 3 0 4 7 5 2 1 8 10 
185,3.5548e-06,4.16981e-06,3.03568e-06,50,100,100,239818,6 9 11 3 0 4 7 5 2 1 8 10 
186,3.53555e-06,4.16981e-06,2.98325e-06,50,100,100,239818,6 9 11 3 0 4 7 5 2 1 8 10 
187,3.5598e-06,4.16981e-06,3.08567e-06,50,100,100,239818,6 9 11 3 0 4 7 5 2 1 8 10 
188,3.59101e-06,4.16981e-06,3.11689e-06,50,100,100,239818,6 9 11 3 0 4 7 5 2 1 8 10 
189,3.56105e-06,4.16981e-06,3.06883e-06,50,100,100,239818,6 9 11 3 0 4 7 5 2 1 8 10 
190,3.57571e-06,4.16981e-06,3.11132e-06,50,100,100,239818,6 9 11 3 0 4 7 5 2 1 8 10 
191,3.54323e-06,4.16981e-06,2.99934e-06,50,100,100,239818,6 9 11 3 0 4 7 5 2 1 8 10 
192,3.55934e-06,4.16981e-06,3.07998e-06,50,100,100,239818,6 9 11 3 0 4 7 5 2 1 8 10 
193,3.568e-06,4.16981e-06,3.13296e-06,50,100,100,239818,6 9 11 3 0 4 7 5 2 1 8 10 
194,3.59059e-06,4.16981e-06,3.08692e-06,50,100,100,239818,6 9 11 3 0 4 7 5 2 1 8 10 
195,3.56226e-06,4.16981e-06,3.03522e-06,50,100,100,239818,6 9 11 3 0 4 7 5 2 1 8 10 
196,3.54964e-06,4.16981e-06,2.94871e-06,50,100,100,239818,6 9 11 3 0 4 7 5 2 1 8 10 
197,3.53834e-06,4.16981e-06,2.94765e-06,50,100,100,239818,6 9 11 3 0 4 7 5 2 1 8 10 
198,3.56287e-06,4.16981e-06,2.99235e-06,50,100,100,239818,6 9 11 3 0 4 7 5 2 1 8 10 
199,3.59195e-06,4.16981e-06,2.97038e-06,50,100,100,239818,6 9 11 3 0 4 7 5 2 1 8 10 
200,3.57133e-06,4.16981e-06,3.02534e-06,50,100,100,239818,6 9 11 3 0 4 7 5 2 1 8 10 
201,3.61339e-06,4.16981e-06,2.96636e-06,50,100,100,239818,6 9 11 3 0 4 7 5 2 1 8 10 
202,3.58504e-06,4.16981e-06,3.01742e-06,50,100,100,239818,6 9 11 3 0 4 7 5 2 1 8 10 
203,3.58866e-06,4.16981e-06,3.092e-06,50,100,100,239818,6 9 11 3 0 4 7 5 2 1 8 10 
204,3.54796e-06,4.16981e-06,2.9871e-06,50,100,100,239818,6 9 11 3 0 4 7 5 2 1 8 10 
205,3.55763e-06,4.16981e-06,3.10115e-06,50,100,100,239818,6 9 11 3 0 4 7 5 2 1 8 10 
206,3.57441e-06,4.16981e-06,3.01475e-06,50,100,100,239818,6 9 11 3 0 4 7 5 2 1 8 10 
207,3.59972e-06,4.16981e-06,3.08797e-06,50,100,100,239818,6 9 11 3 0 4 7 5 2 1 8 10 
208,3.58793e-06,4.16981e-06,3.04825e-06,50,100,100,239818,6 9 11 3 0 4 7 5 2 1 8 10 
209,3.58529e-06,4.16981e-06,2.9963e-06,50,100,100,239818,6 9 11 3 0 4 7 5 2 1 8 10 
210,3.59083e-06,4.16981e-06,3.14662e-06,50,100,100,239818,6 9 11 3 0 4 7 5 2 1 8 10 
211,3.64252e-06,4.16981e-06,3.04087e-06,50,100,100,239818,6 9 11 3 0 4 7 5 2 1 8 10 
212,3.58656e-06,4.16981e-06,2.99722e-06,50,100,100,239818,6 9 11 3 0 4 7 5 2 1 8 10 
213,3.59066e-06,4.16981e-06,3.01237e-06,50,100,100,239818,6 9 11 3 0 4 7 5 2 1 8 10 
214,3.56284e-06,4.16981e-06,3.04834e-06,50,100,100,239818,6 9 11 3 0 4 7 5 2 1 8 10 
215,3.60456e-06,4.16981e-06,3.03198e-06,50,100,100,239818,6 9 11 3 0 4 7 5 2 1 8 10 
216,3.60991e-06,4.16981e-06,3.07258e-06,50,100,100,239818,6 9 11 3 0 4 7 5 2 1 8 10 
217,3.6181e-06,4.16981e-06,2.94579e-06,50,100,100,239818,6 9 11 3 0 4 7 5 2 1 8 10 
218,3.60747e-06,4.16981e-06,3.04167e-06,50,100,100,239818,6 9 11 3 0 4 7 5 2 1 8 10 
219,3.5929e-06,4.16981e-06,2.98325e-06,50,100,100,239818,6 9 11 3 0 4 7 5 2 1 8 10 
220,3.60645e-06,4.16981e-06,2.98108e-06,50,100,100,239818,6 9 11 3 0 4 7 5 2 1 8 10 
221,3.59564e-06,4.16981e-06,3.09821e-06,50,100,100,239818,6 9 11 3 0 4 7 5 2 1 8 10 
222,3.57225e-06,4.16981e-06,3.02509e-06,50,100,100,239818,6 9 11 3 0 4 7 5 2 1 8 10 
223,3.55549e-06,4.16981e-06,3.08937e-06,50,100,100,239818,6 9 11 3 0 4 7 5 2 1 8 10 
224,3.54054e-06,4.16981e-06,3.04955e-06,50,100,100,239818,6 9 11 3 0 4 7 5 2 1 8 10 
225,3.50677e-06,4.16981e-06,2.91967e-06,50,100,100,239818,6 9 11 3 0 4 7 5 2 1 8 10 
226,3.55924e-06,4.16981e-06,3.11446e-06,50,100,100,239818,6 9 11 3 0 4 7 5 2 1 8 10 
227,3.56215e-06,4.16981e-06,3.04137e-06,50,100,100,239818,6 9 11 3 0 4 7 5 2 1 8 10 
228,3.55284e-06,4.16981e-06,2.91967e-06,50,100,100,239818,6 9 11 3 0 4 7 5 2 1 8 10 
229,3.52017e-06,4.16981e-06,2.95673e-06,50,100,100,239818,6 9 11 3 0 4 7 5 2 1 8 10 
230,3.53403e-06,4.16981e-06,2.91668e-06,50,100,100,239818,6 9 11 3 0 4 7 5 2 1 8 10 
231,3.55696e-06,4.16981e-06,3.01433e-06,50,100,100,239818,6 9 11 3 0 4 7 5 2 1 8 10 
232,3.55794e-06,4.16981e-06,2.97264e-06,50,100,100,239818,6 9 11 3 0 4 7 5 2 1 8 10 
233,3.57342e-06,4.16981e-06,2.94647e-06,50,100,100,239818,6 9 11 3 0 4 7 5 2 1 8 10 
234,3.52797e-06,4.16981e-06,2.9197e-06,50,100,100,239818,6 9 11 3 0 4 7 5 2 1 8 10 
235,3.5303e-06,4.16981e-06,2.97342e-06,50,100,100,239818,6 9 11 3 0 4 7 5 2 1 8 10 
236,3.57483e-06,4.16981e-06,2.95235e-06,50,100,100,239818,6 9 11 3 0 4 7 5 2 1 8 10 
237,3.54827e-06,4.16981e-06,2.9977e-06,50,100,100,239818,6 9 11 3 0 4 7 5 2 1 8 10 
238,3.54916e-06,4.16981e-06,2.94647e-06,50,100,100,239818,6 9 11 3 0 4 7 5 2 1 8 10 
239,3.52688e-06,4.16981e-06,3.00399e-06,50,100,100,239818,6 9 11 3 0 4 7 5 2 1 8 10 
240,3.54545e-06,4.16981e-06,3.04771e-06,50,100,100,239818,6 9 11 3 0 4 7 5 2 1 8 10 
241,3.60418e-06,4.16981e-06,3.12949e-06,50,100,100,239818,6 9 11 3 0 4 7 5 2 1 8 10 
242,3.62685e-06,4.16981e-06,3.1279e-06,50,100,100,239818,6 9 11 3 0 4 7 5 2 1 8 10 
243,3.62764e-06,4.16981e-06,2.94929e-06,50,100,100,239818,6 9 11 3 0 4 7 5 2 1 8 10 
244,3.6533e-06,4.16981e-06,2.95546e-06,50,100,100,239818,6 9 11 3 0 4 7 5 2 1 8 10 
245,3.62121e-06,4.16981e-06,2.9963e-06,50,100,100,239818,6 9 11 3 0 4 7 5 2 1 8 10 
246,3.57224e-06,4.16981e-06,2.94224e-06,50,100,100,239818,6 9 11 3 0 4 7 5 2 1 8 10 
247,3.56633e-06,4.16981e-06,2.99662e-06,50,100,100,239818,6 9 11 3 0 4 7 5 2 1 8 10 
248,3.61321e-06,4.16981e-06,3.06025e-06,50,100,100,239818,6 9 11 3 0 4 7 5 2 1 8 10 
249,3.58899e-06,4.16981e-06,2.92064e-06,50,100,100,239818,6 9 11 3 0 4 7 5 2 1 8 10 
250,3.61265e-06,4.16981e-06,3.05727e-06,50,100,100,239818,6 9 11 3 0 4 7 5 2 1 8 10 
251,3.58994e-06,4.16981e-06,2.98967e-06,50,100,100,239818,6 9 11 3 0 4 7 5 2 1 8 10 
252,3.62955e-06,4.16981e-06,3.11407e-06,50,100,100,239818,6 9 11 3 0 4 7 5 2 1 8 10 
253,3.59627e-06,4.16981e-06,2.95016e-06,50,100,100,239818,6 9 11 3 0 4 7 5 2 1 8 10 
254,3.61765e-06,4.16981e-06,3.05022e-06,50,100,100,239818,6 9 11 3 0 4 7 5 2 1 8 10 
255,3.59845e-06,4.16981e-06,2.96899e-06,50,100,100,239818,6 9 11 3 0 4 7 5 2 1 8 10 
256,3.59342e-06,4.16981e-06,3.13164e-06,50,100,100,239818,6 9 11 3 0 4 7 5 2 1 8 10 
257,3.62662e-06,4.16981e-06,3.08885e-06,50,100,100,239818,6 9 11 3 0 4 7 5 2 1 8 10 
258,3.56324e-06,4.16981e-06,2.86672e-06,50,100,100,239818,6 9 11 3 0 4 7 5 2 1 8 10 
259,3.55e-06,4.16981e-06,3.01735e-06,50,100,100,239818,6 9 11 3 0 4 7 5 2 1 8 10 
260,3.57109e-06,4.16981e-06,2.98366e-06,50,100,100,239818,6 9 11 3 0 4 7 5 2 1 8 10 
261,3.60858e-06,4.16981e-06,2.9961e-06,50,100,100,239818,6 9 11 3 0 4 7 5 2 1 8 10 
262,3.59417e-06,4.16981e-06,3.03062e-06,50,100,100,239818,6 9 11 3 0 4 7 5 2 1 8 10 
263,3.58367e-06,4.16981e-06,3.03024e-06,50,100,100,239818,6 9 11 3 0 4 7 5 2 1 8 10 
264,3.58395e-06,4.16981e-06,3.05937e-06,50,100,100,239818,6 9 11 3 0 4 7 5 2 1 8 10 
265,3.5815e-06,4.16981e-06,3.10371e-06,50,100,100,239818,6 9 11 3 0 4 7 5 2 1 8 10 
266,3.6016e-06,4.16981e-06,3.03024e-06,50,100,100,239818,6 9 11 3 0 4 7 5 2 1 8 10 
267,3.66043e-06,4.16981e-06,3.05725e-06,50,100,100,239818,6 9 11 3 0 4 7 5 2 1 8 10 
268,3.65515e-06,4.16981e-06,2.97264e-06,50,100,100,239818,6 9 11 3 0 4 7 5 2 1 8 10 
269,3.65013e-06,4.16981e-06,3.02138e-06,50,100,100,239818,6 9 11 3 0 4 7 5 2 1 8 10 
270,3.62857e-06,4.16981e-06,2.97264e-06,50,100,100,239818,6 9 11 3 0 4 7 5 2 1 8 10 
271,3.6102e-06,4.16981e-06,3.0603e-06,50,100,100,239818,6 9 11 3 0 4 7 5 2 1 8 10 
272,3.62699e-06,4.16981e-06,3.10375e-06,50,100,100,239818,6 9 11 3 0 4 7 5 2 1 8 10 
273,3.62943e-06,4.16981e-06,3.00191e-06,50,100,100,239818,6 9 11 3 0 4 7 5 2 1 8 10 
274,3.62666e-06,4.16981e-06,3.10685e-06,50,100,100,239818,6 9 11 3 0 4 7 5 2 1 8 10 
275,3.61546e-06,4.16981e-06,2.95376e-06,50,100,100,239818,6 9 11 3 0 4 7 5 2 1 8 10 
276,3.55986e-06,4.16981e-06,2.97264e-06,50,100,100,239818,6 9 11 3 0 4 7 5 2 1 8 10 
277,3.59577e-06,4.16981e-06,3.00646e-06,50,100,100,239818,6 9 11 3 0 4 7 5 2 1 8 10 
278,3.55701e-06,4.16981e-06,2.99069e-06,50,100,100,239818,6 9 11 3 0 4 7 5 2 1 8 10 
279,3.55566e-06,4.16981e-06,2.96443e-06,50,100,100,239818,6 9 11 3 0 4 7 5 2 1 8 10 
280,3.57388e-06,4.16981e-06,2.92334e-06,50,100,100,239818,6 9 11 3 0 4 7 5 2 1 8 10 
281,3.60167e-06,4.16981e-06,3.0405e-06,50,100,100,239818,6 9 11 3 0 4 7 5 2 1 8 10 
282,3.61367e-06,4.16981e-06,2.94106e-06,50,100,100,239818,6 9 11 3 0 4 7 5 2 1 8 10 
283,3.65908e-06,4.16981e-06,2.9452e-06,50,100,100,239818,6 9 11 3 0 4 7 5 2 1 8 10 
284,3.63862e-06,4.16981e-06,3.07585e-06,50,100,100,239818,6 9 11 3 0 4 7 5 2 1 8 10 
285,3.56908e-06,4.16981e-06,3.06199e-06,50,100,100,239818,6 9 11 3 0 4 7 5 2 1 8 10 
286,3.53133e-06,4.16981e-06,2.97668e-06,50,100,100,239818,6 9 11 3 0 4 7 5 2 1 8 10 
287,3.62525e-06,4.16981e-06,3.05925e-06,50,100,100,239818,6 9 11 3 0 4 7 5 2 1 8 10 
288,3.60307e-06,4.16981e-06,2.93413e-06,50,100,100,239818,6 9 11 3 0 4 7 5 2 1 8 10 
289,3.64056e-06,4.16981e-06,3.11973e-06,50,100,100,239818,6 9 11 3 0 4 7 5 2 1 8 10 
290,3.56745e-06,4.16981e-06,2.98726e-06,50,100,100,239818,6 9 11 3 0 4 7 5 2 1 8 10 
291,3.53845e-06,4.16981e-06,2.95012e-06,50,100,100,239818,6 9 11 3 0 4 7 5 2 1 8 10 
292,3.55287e-06,4.16981e-06,2.91967e-06,50,100,100,239818,6 9 11 3 0 4 7 5 2 1 8 10 
293,3.60083e-06,4.16981e-06,3.01997e-06,50,100,100,239818,6 9 11 3 0 4 7 5 2 1 8 10 
294,3.60662e-06,4.16981e-06,3.02445e-06,50,100,100,239818,6 9 11 3 0 4 7 5 2 1 8 10 
295,3.58327e-06,4.16981e-06,3.00186e-06,50,100,100,239818,6 9 11 3 0 4 7 5 2 1 8 10 
296,3.65228e-06,4.16981e-06,3.14245e-06,50,100,100,239818,6 9 11 3 0 4 7 5 2 1 8 10 
297,3.6049e-06,4.16981e-06,3.05277e-06,50,100,100,239818,6 9 11 3 0 4 7 5 2 1 8 10 
298,3.64184e-06,4.16981e-06,3.03913e-06,50,100,100,239818,6 9 11 3 0 4 7 5 2 1 8 10 
299,3.62473e-06,4.16981e-06,2.99574e-06,50,100,100,239818,6 9 11 3 0 4 7 5 2 1 8 10 
300,3.6171e-06,4.16981e-06,3.06237e-06,50,100,100,239818,6 9 11 3 0 4 7 5 2 1 8 10 
301,3.56174e-06,4.16981e-06,2.98785e-06,50,100,100,239818,6 9 11 3 0 4 7 5 2 1 8 10 
302,3.54214e-06,4.16981e-06,2.94106e-06,50,100,100,239818,6 9 11 3 0 4 7 5 2 1 8 10 
303,3.56926e-06,4.16981e-06,2.99185e-06,50,100,100,239818,6 9 11 3 0 4 7 5 2 1 8 10 
304,3.53919e-06,4.16981e-06,3.0296e-06,50,100,100,239818,6 9 11 3 0 4 7 5 2 1 8 10 
305,3.51468e-06,4.16981e-06,3.04691e-06,50,100,100,239818,6 9 11 3 0 4 7 5 2 1 8 10 
306,3.48797e-06,4.16981e-06,3.0269e-06,50,100,100,239818,6 9 11 3 0 4 7 5 2 1 8 10 
307,3.5485e-06,4.16981e-06,3.03987e-06,50,100,100,239818,6 9 11 3 0 4 7 5 2 1 8 10 
308,3.58704e-06,4.16981e-06,3.09917e-06,50,100,100,239818,6 9 11 3 0 4 7 5 2 1 8 10 
309,3.63223e-06,4.16981e-06,2.8882e-06,50,100,100,239818,6 9 11 3 0 4 7 5 2 1 8 10 
310,3.54467e-06,4.16981e-06,2.9798e-06,50,100,100,239818,6 9 11 3 0 4 7 5 2 1 8 10 
311,3.61748e-06,4.16981e-06,3.0827e-06,50,100,100,239818,6 9 11 3 0 4 7 5 2 1 8 10 
312,3.55702e-06,4.16981e-06,2.95876e-06,50,100,100,239818,6 9 11 3 0 4 7 5 2 1 8 10 
313,3.58714e-06,4.16981e-06,3.05203e-06,50,100,100,239818,6 9 11 3 0 4 7 5 2 1 8 10 
314,3.60876e-06,4.16981e-06,3.10521e-06,50,100,100,239818,6 9 11 3 0 4 7 5 2 1 8 10 
315,3.56528e-06,4.16981e-06,3.04676e-06,50,100,100,239818,6 9 11 3 0 4 7 5 2 1 8 10 
316,3.59652e-06,4.16981e-06,3.09363e-06,50,100,100,239818,6 9 11 3 0 4 7 5 2 1 8 10 
317,3.62322e-06,4.16981e-06,3.17047e-06,50,100,100,239818,6 9 11 3 0 4 7 5 2 1 8 10 
318,3.58609e-06,4.16981e-06,3.00191e-06,50,100,100,239818,6 9 11 3 0 4 7 5 2 1 8 10 
319,3.59947e-06,4.16981e-06,3.12509e-06,50,100,100,239818,6 9 11 3 0 4 7 5 2 1 8 10 
320,3.58308e-06,4.16981e-06,3.02701e-06,50,100,100,239818,6 9 11 3 0 4 7 5 2 1 8 10 
321,3.61171e-06,4.16981e-06,3.10244e-06,50,100,100,239818,6 9 11 3 0 4 7 5 2 1 8 10 
322,3.59126e-06,4.16981e-06,3.04378e-06,50,100,100,239818,6 9 11 3 0 4 7 5 2 1 8 10 
323,3.59686e-06,4.16981e-06,3.11673e-06,50,100,100,239818,6 9 11 3 0 4 7 5 2 1 8 10 
324,3.56713e-06,4.16981e-06,3.06212e-06,50,100,100,239818,6 9 11 3 0 4 7 5 2 1 8 10 
325,3.58253e-06,4.16981e-06,2.9954e-06,50,100,100,239818,6 9 11 3 0 4 7 5 2 1 8 10 
326,3.57868e-06,4.16981e-06,2.93687e-06,50,100,100,239818,6 9 11 3 0 4 7 5 2 1 8 10 
327,3.57485e-06,4.16981e-06,3.02479e-06,50,100,100,239818,6 9 11 3 0 4 7 5 2 1 8 10 
328,3.58182e-06,4.16981e-06,3.03487e-06,50,100,100,239818,6 9 11 3 0 4 7 5 2 1 8 10 
329,3.59854e-06,4.16981e-06,2.88628e-06,50,100,100,239818,6 9 11 3 0 4 7 5 2 1 8 10 
330,3.60826e-06,4.16981e-06,2.96991e-06,50,100,100,239818,6 9 11 3 0 4 7 5 2 1 8 10 
331,3.57612e-06,4.16981e-06,3.08331e-06,50,100,100,239818,6 9 11 3 0 4 7 5 2 1 8 10 
332,3.60805e-06,4.16981e-06,2.99587e-06,50,100,100,239818,6 9 11 3 0 4 7 5 2 1 8 10 
333,3.59581e-06,4.16981e-06,3.1144e-06,50,100,100,239818,6 9 11 3 0 4 7 5 2 1 8 10 
334,3.60574e-06,4.16981e-06,3.02076e-06,50,100,100,239818,6 9 11 3 0 4 7 5 2 1 8 10 
335,3.59831e-06,4.16981e-06,2.97264e-06,50,100,100,239818,6 9 11 3 0 4 7 5 2 1 8 10 
336,3.59699e-06,4.16981e-06,2.98503e-06,50,100,100,239818,6 9 11 3 0 4 7 5 2 1 8 10 
337,3.61196e-06,4.16981e-06,3.07402e-06,50,100,100,239818,6 9 11 3 0 4 7 5 2 1 8 10 
338,3.58735e-06,4.16981e-06,3.01953e-06,50,100,100,239818,6 9 11 3 0 4 7 5 2 1 8 10 
339,3.58844e-06,4.16981e-06,3.02932e-06,50,100,100,239818,6 9 11 3 0 4 7 5 2 1 8 10 
340,3.56216e-06,4.16981e-06,3.0287e-06,50,100,100,239818,6 9 11 3 0 4 7 5 2 1 8 10 
341,3.54233e-06,4.16981e-06,3.03215e-06,50,100,100,239818,6 9 11 3 0 4 7 5 2 1 8 10 
342,3.55862e-06,4.16981e-06,3.05727e-06,50,100,100,239818,6 9 11 3 0 4 7 5 2 1 8 10 
343,3.54832e-06,4.16981e-06,3.02318e-06,50,100,100,239818,6 9 11 3 0 4 7 5 2 1 8 10 
344,3.57308e-06,4.16981e-06,3.05061e-06,50,100,100,239818,6 9 11 3 0 4 7 5 2 1 8 10 
345,3.56856e-06,4.16981e-06,2.94579e-06,50,100,100,239818,6 9 11 3 0 4 7 5 2 1 8 10 
346,3.58468e-06,4.16981e-06,3.01545e-06,50,100,100,239818,6 9 11 3 0 4 7 5 2 1 8 10 
347,3.57831e-06,4.16981e-06,3.00247e-06,50,100,100,239818,6 9 11 3 0 4 7 5 2 1 8 10 
348,3.58974e-06,4.16981e-06,3.08715e-06,50,100,100,239818,6 9 11 3 0 4 7 5 2 1 8 10 
349,3.60729e-06,4.16981e-06,3.06327e-06,50,100,100,239818,6 9 11 3 0 4 7 5 2 1 8 10 
350,3.60627e-06,4.16981e-06,3.08771e-06,50,100,100,239818,6 9 11 3 0 4 7 5 2 1 8 10 
351,3.59125e-06,4.16981e-06,3.13654e-06,50,100,100,239818,6 9 11 3 0 4 7 5 2 1 8 10 
352,3.58839e-06,4.16981e-06,3.03487e-06,50,100,100,239818,6 9 11 3 0 4 7 5 2 1 8 10 
353,3.61228e-06,4.16981e-06,2.94217e-06,50,100,100,239818,6 9 11 3 0 4 7 5 2 1 8 10 
354,3.60965e-06,4.16981e-06,2.99684e-06,50,100,100,239818,6 9 11 3 0 4 7 5 2 1 8 10 
355,3.58217e-06,4.16981e-06,2.95586e-06,50,100,100,239818,6 9 11 3 0 4 7 5 2 1 8 10 
356,3.5488e-06,4.16981e-06,3.0282e-06,50,100,100,239818,6 9 11 3 0 4 7 5 2 1 8 10 
357,3.56335e-06,4.16981e-06,2.97264e-06,50,100,100,239818,6 9 11 3 0 4 7 5 2 1 8 10 
358,3.57131e-06,4.16981e-06,3.07479e-06,50,100,100,239818,6 9 11 3 0 4 7 5 2 1 8 10 
359,3.55365e-06,4.16981e-06,2.96869e-06,50,100,100,239818,6 9 11 3 0 4 7 5 2 1 8 10 
360,3.53789e-06,4.16981e-06,2.9263e-06,50,100,100,239818,6 9 11 3 0 4 7 5 2 1 8 10 
361,3.5773e-06,4.16981e-06,2.9871e-06,50,100,100,239818,6 9 11 3 0 4 7 5 2 1 8 10 
362,3.59319e-06,4.16981e-06,3.04072e-06,50,100,100,239818,6 9 11 3 0 4 7 5 2 1 8 10 
363,3.59792e-06,4.16981e-06,3.09286e-06,50,100,100,239818,6 9 11 3 0 4 7 5 2 1 8 10 
364,3.597e-06,4.16981e-06,3.06697e-06,50,100,100,239818,6 9 11 3 0 4 7 5 2 1 8 10 
365,3.60075e-06,4.16981e-06,3.02055e-06,50,100,100,239818,6 9 11 3 0 4 7 5 2 1 8 10 
366,3.53527e-06,4.16981e-06,2.9871e-06,50,100,100,239818,6 9 11 3 0 4 7 5 2 1 8 10 
367,3.56822e-06,4.16981e-06,3.01658e-06,50,100,100,239818,6 9 11 3 0 4 7 5 2 1 8 10 
368,3.55873e-06,4.16981e-06,3.02386e-06,50,100,100,239818,6 9 11 3 0 4 7 5 2 1 8 10 
369,3.58149e-06,4.16981e-06,3.0479e-06,50,100,100,239818,6 9 11 3 0 4 7 5 2 1 8 10 
370,3.5674e-06,4.16981e-06,3.01039e-06,50,100,100,239818,6 9 11 3 0 4 7 5 2 1 8 10 
371,3.6004e-06,4.16981e-06,3.02573e-06,50,100,100,239818,6 9 11 3 0 4 7 5 2 1 8 10 
372,3.55153e-06,4.16981e-06,2.98515e-06,50,100,100,239818,6 9 11 3 0 4 7 5 2 1 8 10 
373,3.56801e-06,4.16981e-06,3.01997e-06,50,100,100,239818,6 9 11 3 0 4 7 5 2 1 8 10 
374,3.55738e-06,4.16981e-06,2.94647e-06,50,100,100,239818,6 9 11 3 0 4 7 5 2 1 8 10 
375,3.59426e-06,4.16981e-06,3.01237e-06,50,100,100,239818,6 9 11 3 0 4 7 5 2 1 8 10 
376,3.58831e-06,4.16981e-06,3.0329e-06,50,100,100,239818,6 9 11 3 0 4 7 5 2 1 8 10 
377,3.59062e-06,4.16981e-06,3.09273e-06,50,100,100,239818,6 9 11 3 0 4 7 5 2 1 8 10 
378,3.59344e-06,4.16981e-06,2.91967e-06,50,100,100,239818,6 9 11 3 0 4 7 5 2 1 8 10 
379,3.60848e-06,4.16981e-06,3.05589e-06,50,100,100,239818,6 9 11 3 0 4 7 5 2 1 8 10 
380,3.61451e-06,4.16981e-06,2.97744e-06,50,100,100,239818,6 9 11 3 0 4 7 5 2 1 8 10 
381,3.62102e-06,4.16981e-06,3.01686e-06,50,100,100,239818,6 9 11 3 0 4 7 5 2 1 8 10 
382,3.59681e-06,4.16981e-06,3.07989e-06,50,100,100,239818,6 9 11 3 0 4 7 5 2 1 8 10 
383,3.59499e-06,4.16981e-06,3.02745e-06,50,100,100,239818,6 9 11 3 0 4 7 5 2 1 8 10 
384,3.65245e-06,4.16981e-06,3.12277e-06,50,100,100,239818,6 9 11 3 0 4 7 5 2 1 8 10 
385,3.62186e-06,4.16981e-06,3.0428e-06,50,100,100,239818,6 9 11 3 0 4 7 5 2 1 8 10 
386,3.62049e-06,4.16981e-06,3.00191e-06,50,100,100,239818,6 9 11 3 0 4 7 5 2 1 8 10 
387,3.5964e-06,4.16981e-06,2.96991e-06,50,100,100,239818,6 9 11 3 0 4 7 5 2 1 8 10 
388,3.62596e-06,4.16981e-06,3.04313e-06,50,100,100,239818,6 9 11 3 0 4 7 5 2 1 8 10 
389,3.60777e-06,4.16981e-06,3.10367e-06,50,100,100,239818,6 9 11 3 0 4 7 5 2 1 8 10 
390,3.60093e-06,4.16981e-06,2.94967e-06,50,100,100,239818,6 9 11 3 0 4 7 5 2 1 8 10 
391,3.6235e-06,4.16981e-06,2.91967e-06,50,100,100,239818,6 9 11 3 0 4 7 5 2 1 8 10 
392,3.59149e-06,4.16981e-06,2.95233e-06,50,100,100,239818,6 9 11 3 0 4 7 5 2 1 8 10 
393,3.60502e-06,4.16981e-06,3.02209e-06,50,100,100,239818,6 9 11 3 0 4 7 5 2 1 8 10 
394,3.59996e-06,4.16981e-06,3.02914e-06,50,100,100,239818,6 9 11 3 0 4 7 5 2 1 8 10 
395,3.64393e-06,4.16981e-06,3.05009e-06,50,100,100,239818,6 9 11 3 0 4 7 5 2 1 8 10 
396,3.61282e-06,4.16981e-06,3.05563e-06,50,100,100,239818,6 9 11 3 0 4 7 5 2 1 8 10 
397,3.59343e-06,4.16981e-06,2.90759e-06,50,100,100,239818,6 9 11 3 0 4 7 5 2 1 8 10 
398,3.55292e-06,4.16981e-06,3.01008e-06,50,100,100,239818,6 9 11 3 0 4 7 5 2 1 8 10 
399,3.5645e-06,4.16981e-06,2.96991e-06,50,100,100,239818,6 9 11 3 0 4 7 5 2 1 8 10 
400,3.57847e-06,4.16981e-06,2.89849e-06,50,100,100,239818,6 9 11 3 0 4 7 5 2 1 8 10 
401,3.58466e-06,4.16981e-06,3.0374e-06,50,100,100,239818,6 9 11 3 0 4 7 5 2 1 8 10 
402,3.58371e-06,4.16981e-06,3.05785e-06,50,100,100,239818,6 9 11 3 0 4 7 5 2 1 8 10 
403,3.59663e-06,4.16981e-06,3.04632e-06,50,100,100,239818,6 9 11 3 0 4 7 5 2 1 8 10 
404,3.54705e-06,4.16981e-06,2.86324e-06,50,100,100,239818,6 9 11 3 0 4 7 5 2 1 8 10 
405,3.57951e-06,4.16981e-06,3.02503e-06,50,100,100,239818,6 9 11 3 0 4 7 5 2 1 8 10 
406,3.61376e-06,4.16981e-06,2.96478e-06,50,100,100,239818,6 9 11 3 0 4 7 5 2 1 8 10 
407,3.64296e-06,4.16981e-06,3.07413e-06,50,100,100,239818,6 9 11 3 0 4 7 5 2 1 8 10 
408,3.59248e-06,4.16981e-06,3.12726e-06,50,100,100,239818,6 9 11 3 0 4 7 5 2 1 8 10 
409,3.56513e-06,4.16981e-06,2.95654e-06,50,100,100,239818,6 9 11 3 0 4 7 5 2 1 8 10 
410,3.5871e-06,4.16981e-06,3.11198e-06,50,100,100,239818,6 9 11 3 0 4 7 5 2 1 8 10 
411,3.59699e-06,4.16981e-06,2.98726e-06,50,100,100,239818,6 9 11 3 0 4 7 5 2 1 8 10 
412,3.62643e-06,4.16981e-06,3.03198e-06,50,100,100,239818,6 9 11 3 0 4 7 5 2 1 8 10 
413,3.60831e-06,4.16981e-06,2.91967e-06,50,100,100,239818,6 9 11 3 0 4 7 5 2 1 8 10 
414,3.57109e-06,4.16981e-06,3.10433e-06,50,100,100,239818,6 9 11 3 0 4 7 5 2 1 8 10 
415,3.612e-06,4.16981e-06,3.12614e-06,50,100,100,239818,6 9 11 3 0 4 7 5 2 1 8 10 
416,3.58067e-06,4.16981e-06,2.96991e-06,50,100,100,239818,6 9 11 3 0 4 7 5 2 1 8 10 
417,3.55379e-06,4.16981e-06,2.95138e-06,50,100,100,239818,6 9 11 3 0 4 7 5 2 1 8 10 
418,3.62336e-06,4.16981e-06,3.12078e-06,50,100,100,239818,6 9 11 3 0 4 7 5 2 1 8 10 
419,3.5891e-06,4.16981e-06,2.95686e-06,50,100,100,239818,6 9 11 3 0 4 7 5 2 1 8 10 
420,3.50697e-06,4.16981e-06,2.95289e-06,50,100,100,239818,6 9 11 3 0 4 7 5 2 1 8 10 
421,3.55492e-06,4.16981e-06,2.98688e-06,50,100,100,239818,6 9 11 3 0 4 7 5 2 1 8 10 
422,3.55537e-06,4.16981e-06,2.99662e-06,50,100,100,239818,6 9 11 3 0 4 7 5 2 1 8 10 
423,3.53684e-06,4.16981e-06,3.08234e-06,50,100,100,239818,6 9 11 3 0 4 7 5 2 1 8 10 
424,3.5221e-06,4.16981e-06,2.91067e-06,50,100,100,239818,6 9 11 3 0 4 7 5 2 1 8 10 
425,3.51277e-06,4.16981e-06,2.98994e-06,50,100,100,239818,6 9 11 3 0 4 7 5 2 1 8 10 
426,3.52316e-06,4.16981e-06,3.01507e-06,50,100,100,239818,6 9 11 3 0 4 7 5 2 1 8 10 
427,3.52631e-06,4.16981e-06,3.08052e-06,50,100,100,239818,6 9 11 3 0 4 7 5 2 1 8 10 
428,3.53021e-06,4.16981e-06,3.06148e-06,50,100,100,239818,6 9 11 3 0 4 7 5 2 1 8 10 
429,3.53949e-06,4.16981e-06,3.06342e-06,50,100,100,239818,6 9 11 3 0 4 7 5 2 1 8 10 
430,3.54488e-06,4.16981e-06,2.91967e-06,50,100,100,239818,6 9 11 3 0 4 7 5 2 1 8 10 
431,3.54059e-06,4.16981e-06,3.04085e-06,50,100,100,239818,6 9 11 3 0 4 7 5 2 1 8 10 
432,3.52016e-06,4.16981e-06,2.95289e-06,50,100,100,239818,6 9 11 3 0 4 7 5 2 1 8 10 
433,3.56447e-06,4.16981e-06,3.01491e-06,50,100,100,239818,6 9 11 3 0 4 7 5 2 1 8 10 
434,3.56827e-06,4.16981e-06,3.07582e-06,50,100,100,239818,6 9 11 3 0 4 7 5 2 1 8 10 
435,3.58771e-06,4.16981e-06,3.03532e-06,50,100,100,239818,6 9 11 3 0 4 7 5 2 1 8 10 
436,3.58657e-06,4.16981e-06,3.11811e-06,50,100,100,239818,6 9 11 3 0 4 7 5 2 1 8 10 
437,3.50185e-06,4.16981e-06,3.0178e-06,50,100,100,239818,6 9 11 3 0 4 7 5 2 1 8 10 
438,3.48794e-06,4.16981e-06,2.96946e-06,50,100,100,239818,6 9 11 3 0 4 7 5 2 1 8 10 
439,3.52273e-06,4.16981e-06,2.9982e-06,50,100,100,239818,6 9 11 3 0 4 7 5 2 1 8 10 
440,3.48283e-06,4.16981e-06,2.97865e-06,50,100,100,239818,6 9 11 3 0 4 7 5 2 1 8 10 
441,3.52699e-06,4.16981e-06,3.07094e-06,50,100,100,239818,6 9 11 3 0 4 7 5 2 1 8 10 
442,3.56017e-06,4.16981e-06,3.02212e-06,50,100,100,239818,6 9 11 3 0 4 7 5 2 1 8 10 
443,3.5545e-06,4.16981e-06,2.98371e-06,50,100,100,239818,6 9 11 3 0 4 7 5 2 1 8 10 
444,3.56946e-06,4.16981e-06,3.08323e-06,50,100,100,239818,6 9 11 3 0 4 7 5 2 1 8 10 
445,3.56034e-06,4.16981e-06,3.14934e-06,50,100,100,239818,6 9 11 3 0 4 7 5 2 1 8 10 
446,3.5885e-06,4.16981e-06,2.97478e-06,50,100,100,239818,6 9 11 3 0 4 7 5 2 1 8 10 
447,3.55686e-06,4.16981e-06,3.00695e-06,50,100,100,239818,6 9 11 3 0 4 7 5 2 1 8 10 
448,3.56468e-06,4.16981e-06,2.96943e-06,50,100,100,239818,6 9 11 3 0 4 7 5 2 1 8 10 
449,3.60093e-06,4.16981e-06,2.94934e-06,50,100,100,239818,6 9 11 3 0 4 7 5 2 1 8 10 
450,3.61317e-06,4.16981e-06,3.1565e-06,50,100,100,239818,6 9 11 3 0 4 7 5 2 1 8 10 
451,3.62455e-06,4.16981e-06,2.95279e-06,50,100,100,239818,6 9 11 3 0 4 7 5 2 1 8 10 
452,3.64958e-06,4.16981e-06,3.0332e-06,50,100,100,239818,6 9 11 3 0 4 7 5 2 1 8 10 
453,3.64788e-06,4.16981e-06,2.95291e-06,50,100,100,239818,6 9 11 3 0 4 7 5 2 1 8 10 
454,3.63551e-06,4.16981e-06,2.95945e-06,50,100,100,239818,6 9 11 3 0 4 7 5 2 1 8 10 
455,3.6422e-06,4.16981e-06,3.0855e-06,50,100,100,239818,6 9 11 3 0 4 7 5 2 1 8 10 
456,3.61018e-06,4.16981e-06,3.12534e-06,50,100,100,239818,6 9 11 3 0 4 7 5 2 1 8 10 
457,3.61094e-06,4.16981e-06,2.90619e-06,50,100,100,239818,6 9 11 3 0 4 7 5 2 1 8 10 
458,3.64224e-06,4.16981e-06,3.02503e-06,50,100,100,239818,6 9 11 3 0 4 7 5 2 1 8 10 
459,3.63054e-06,4.16981e-06,3.07021e-06,50,100,100,239818,6 9 11 3 0 4 7 5 2 1 8 10 
460,3.64688e-06,4.16981e-06,3.03524e-06,50,100,100,239818,6 9 11 3 0 4 7 5 2 1 8 10 
461,3.66021e-06,4.16981e-06,2.99662e-06,50,100,100,239818,6 9 11 3 0 4 7 5 2 1 8 10 
462,3.61263e-06,4.16981e-06,2.91376e-06,50,100,100,239818,6 9 11 3 0 4 7 5 2 1 8 10 
463,3.61994e-06,4.16981e-06,3.00695e-06,50,100,100,239818,6 9 11 3 0 4 7 5 2 1 8 10 
464,3.65287e-06,4.16981e-06,3.03114e-06,50,100,100,239818,6 9 11 3 0 4 7 5 2 1 8 10 
465,3.55777e-06,4.16981e-06,2.87438e-06,50,100,100,239818,6 9 11 3 0 4 7 5 2 1 8 10 
466,3.59365e-06,4.16981e-06,2.99892e-06,50,100,100,239818,6 9 11 3 0 4 7 5 2 1 8 10 
467,3.65105e-06,4.16981e-06,3.05555e-06,50,100,100,239818,6 9 11 3 0 4 7 5 2 1 8 10 
468,3.65058e-06,4.16981e-06,3.02652e-06,50,100,100,239818,6 9 11 3 0 4 7 5 2 1 8 10 
469,3.60184e-06,4.16981e-06,2.97264e-06,50,100,100,239818,6 9 11 3 0 4 7 5 2 1 8 10 
470,3.60998e-06,4.16981e-06,3.10751e-06,50,100,100,239818,6 9 11 3 0 4 7 5 2 1 8 10 
471,3.58279e-06,4.16981e-06,3.02209e-06,50,100,100,239818,6 9 11 3 0 4 7 5 2 1 8 10 
472,3.59278e-06,4.16981e-06,3.00191e-06,50,100,100,239818,6 9 11 3 0 4 7 5 2 1 8 10 
473,3.64039e-06,4.16981e-06,3.06481e-06,50,100,100,239818,6 9 11 3 0 4 7 5 2 1 8 10 
474,3.62535e-06,4.16981e-06,2.97264e-06,50,100,100,239818,6 9 11 3 0 4 7 5 2 1 8 10 
475,3.65238e-06,4.16981e-06,2.99662e-06,50,100,100,239818,6 9 11 3 0 4 7 5 2 1 8 10 
476,3.54962e-06,4.16981e-06,2.99662e-06,50,100,100,239818,6 9 11 3 0 4 7 5 2 1 8 10 
477,3.60632e-06,4.16981e-06,2.97865e-06,50,100,100,239818,6 9 11 3 0 4 7 5 2 1 8 10 
478,3.63186e-06,4.16981e-06,3.11665e-06,50,100,100,239818,6 9 11 3 0 4 7 5 2 1 8 10 
479,3.5983e-06,4.16981e-06,3.04589e-06,50,100,100,239818,6 9 11 3 0 4 7 5 2 1 8 10 
480,3.6384e-06,4.16981e-06,3.134e-06,50,100,100,239818,6 9 11 3 0 4 7 5 2 1 8 10 
481,3.63479e-06,4.16981e-06,2.96841e-06,50,100,100,239818,6 9 11 3 0 4 7 5 2 1 8 10 
482,3.62685e-06,4.16981e-06,2.98325e-06,50,100,100,239818,6 9 11 3 0 4 7 5 2 1 8 10 
483,3.63384e-06,4.16981e-06,3.08236e-06,50,100,100,239818,6 9 11 3 0 4 7 5 2 1 8 10 
484,3.61902e-06,4.16981e-06,3.04942e-06,50,100,100,239818,6 9 11 3 0 4 7 5 2 1 8 10 
485,3.60671e-06,4.16981e-06,2.96723e-06,50,100,100,239818,6 9 11 3 0 4 7 5 2 1 8 10 
486,3.62107e-06,4.16981e-06,2.95586e-06,50,100,100,239818,6 9 11 3 0 4 7 5 2 1 8 10 
487,3.5668e-06,4.16981e-06,3.04987e-06,50,100,100,239818,6 9 11 3 0 4 7 5 2 1 8 10 
488,3.59809e-06,4.16981e-06,3.09489e-06,50,100,100,239818,6 9 11 3 0 4 7 5 2 1 8 10 
489,3.55483e-06,4.16981e-06,3.01053e-06,50,100,100,239818,6 9 11 3 0 4 7 5 2 1 8 10 
490,3.59454e-06,4.16981e-06,3.14103e-06,50,100,100,239818,6 9 11 3 0 4 7 5 2 1 8 10 
491,3.605e-06,4.16981e-06,3.00632e-06,50,100,100,239818,6 9 11 3 0 4 7 5 2 1 8 10 
492,3.57785e-06,4.16981e-06,3.04489e-06,50,100,100,239818,6 9 11 3 0 4 7 5 2 1 8 10 
493,3.57851e-06,4.16981e-06,2.97865e-06,50,100,100,239818,6 9 11 3 0 4 7 5 2 1 8 10 
494,3.59867e-06,4.16981e-06,2.93065e-06,50,100,100,239818,6 9 11 3 0 4 7 5 2 1 8 10 
495,3.60255e-06,4.16981e-06,3.01735e-06,50,100,100,239818,6 9 11 3 0 4 7 5 2 1 8 10 
496,3.61752e-06,4.16981e-06,3.08571e-06,50,100,100,239818,6 9 11 3 0 4 7 5 2 1 8 10 
497,3.56719e-06,4.16981e-06,2.91967e-06,50,100,100,239818,6 9 11 3 0 4 7 5 2 1 8 10 
498,3.5237e-06,4.16981e-06,2.98147e-06,50,100,100,239818,6 9 11 3 0 4 7 5 2 1 8 10 
499,3.55523e-06,4.16981e-06,3.08069e-06,50,100,100,239818,6 9 11 3 0 4 7 5 2 1 8 10 
500,3.57253e-06,4.16981e-06,3.03487e-06,50,100,100,239818,6 9 11 3 0 4 7 5 2 1 8 10 
501,3.56902e-06,4.16981e-06,3.10809e-06,50,100,100,239818,6 9 11 3 0 4 7 5 2 1 8 10 
502,3.55595e-06,4.16981e-06,2.98778e-06,50,100,100,239818,6 9 11 3 0 4 7 5 2 1 8 10 
503,3.56351e-06,4.16981e-06,3.08742e-06,50,100,100,239818,6 9 11 3 0 4 7 5 2 1 8 10 
504,3.58229e-06,4.16981e-06,3.06964e-06,50,100,100,239818,6 9 11 3 0 4 7 5 2 1 8 10 
505,3.56374e-06,4.16981e-06,3.04903e-06,50,100,100,239818,6 9 11 3 0 4 7 5 2 1 8 10 
506,3.60871e-06,4.16981e-06,3.0011e-06,50,100,100,239818,6 9 11 3 0 4 7 5 2 1 8 10 
507,3.57521e-06,4.16981e-06,3.01157e-06,50,100,100,239818,6 9 11 3 0 4 7 5 2 1 8 10 
508,3.55867e-06,4.16981e-06,3.00686e-06,50,100,100,239818,6 9 11 3 0 4 7 5 2 1 8 10 
509,3.55262e-06,4.16981e-06,3.05072e-06,50,100,100,239818,6 9 11 3 0 4 7 5 2 1 8 10 
510,3.58887e-06,4.16981e-06,2.98726e-06,50,100,100,239818,6 9 11 3 0 4 7 5 2 1 8 10 
511,3.601e-06,4.16981e-06,2.94579e-06,50,100,100,239818,6 9 11 3 0 4 7 5 2 1 8 10 
512,3.60242e-06,4.16981e-06,2.9891e-06,50,100,100,239818,6 9 11 3 0 4 7 5 2 1 8 10 
513,3.59715e-06,4.16981e-06,3.0282e-06,50,100,100,239818,6 9 11 3 0 4 7 5 2 1 8 10 
514,3.64498e-06,4.16981e-06,2.99662e-06,50,100,100,239818,6 9 11 3 0 4 7 5 2 1 8 10 
515,3.62751e-06,4.16981e-06,3.13121e-06,50,100,100,239818,6 9 11 3 0 4 7 5 2 1 8 10 
516,3.53597e-06,4.16981e-06,3.10211e-06,50,100,100,239818,6 9 11 3 0 4 7 5 2 1 8 10 
517,3.57006e-06,4.16981e-06,3.07845e-06,50,100,100,239818,6 9 11 3 0 4 7 5 2 1 8 10 
518,3.53676e-06,4.16981e-06,2.98785e-06,50,100,100,239818,6 9 11 3 0 4 7 5 2 1 8 10 
519,3.54018e-06,4.16981e-06,3.01298e-06,50,100,100,239818,6 9 11 3 0 4 7 5 2 1 8 10 
520,3.55976e-06,4.16981e-06,2.98503e-06,50,100,100,239818,6 9 11 3 0 4 7 5 2 1 8 10 
521,3.58039e-06,4.16981e-06,2.92945e-06,50,100,100,239818,6 9 11 3 0 4 7 5 2 1 8 10 
522,3.53683e-06,4.16981e-06,2.98719e-06,50,100,100,239818,6 9 11 3 0 4 7 5 2 1 8 10 
523,3.58169e-06,4.16981e-06,3.04528e-06,50,100,100,239818,6 9 11 3 0 4 7 5 2 1 8 10 
524,3.60154e-06,4.16981e-06,3.05171e-06,50,100,100,239818,6 9 11 3 0 4 7 5 2 1 8 10 
525,3.64373e-06,4.16981e-06,3.03696e-06,50,100,100,239818,6 9 11 3 0 4 7 5 2 1 8 10 
526,3.66472e-06,4.16981e-06,3.01578e-06,50,100,100,239818,6 9 11 3 0 4 7 5 2 1 8 10 
527,3.65142e-06,4.16981e-06,2.93395e-06,50,100,100,239818,6 9 11 3 0 4 7 5 2 1 8 10 
528,3.60548e-06,4.16981e-06,3.08641e-06,50,100,100,239818,6 9 11 3 0 4 7 5 2 1 8 10 
529,3.62034e-06,4.16981e-06,3.07693e-06,50,100,100,239818,6 9 11 3 0 4 7 5 2 1 8 10 
530,3.63919e-06,4.16981e-06,3.0456e-06,50,100,100,239818,6 9 11 3 0 4 7 5 2 1 8 10 
531,3.6096e-06,4.16981e-06,3.04825e-06,50,100,100,239818,6 9 11 3 0 4 7 5 2 1 8 10 
532,3.62681e-06,4.16981e-06,3.14046e-06,50,100,100,239818,6 9 11 3 0 4 7 5 2 1 8 10 
533,3.61993e-06,4.16981e-06,2.96869e-06,50,100,100,239818,6 9 11 3 0 4 7 5 2 1 8 10 
534,3.65588e-06,4.16981e-06,3.04779e-06,50,100,100,239818,6 9 11 3 0 4 7 5 2 1 8 10 
535,3.64769e-06,4.16981e-06,3.00191e-06,50,100,100,239818,6 9 11 3 0 4 7 5 2 1 8 10 
536,3.58479e-06,4.16981e-06,2.99662e-06,50,100,100,239818,6 9 11 3 0 4 7 5 2 1 8 10 
537,3.5992e-06,4.16981e-06,3.01977e-06,50,100,100,239818,6 9 11 3 0 4 7 5 2 1 8 10 
538,3.57698e-06,4.16981e-06,3.0942e-06,50,100,100,239818,6 9 11 3 0 4 7 5 2 1 8 10 
539,3.54765e-06,4.16981e-06,2.96478e-06,50,100,100,239818,6 9 11 3 0 4 7 5 2 1 8 10 
540,3.55903e-06,4.16981e-06,2.97211e-06,50,100,100,239818,6 9 11 3 0 4 7 5 2 1 8 10 
541,3.59855e-06,4.16981e-06,2.99234e-06,50,100,100,239818,6 9 11 3 0 4 7 5 2 1 8 10 
542,3.64022e-06,4.16981e-06,2.96991e-06,50,100,100,239818,6 9 11 3 0 4 7 5 2 1 8 10 
543,3.59695e-06,4.16981e-06,3.09708e-06,50,100,100,239818,6 9 11 3 0 4 7 5 2 1 8 10 
544,3.60331e-06,4.16981e-06,3.11353e-06,50,100,100,239818,6 9 11 3 0 4 7 5 2 1 8 10 
545,3.63555e-06,4.16981e-06,3.17647e-06,50,100,100,239818,6 9 11 3 0 4 7 5 2 1 8 10 
546,3.64334e-06,4.16981e-06,2.93711e-06,50,100,100,239818,6 9 11 3 0 4 7 5 2 1 8 10 
547,3.62346e-06,4.16981e-06,3.01997e-06,50,100,100,239818,6 9 11 3 0 4 7 5 2 1 8 10 
548,3.61519e-06,4.16981e-06,2.99662e-06,50,100,100,239818,6 9 11 3 0 4 7 5 2 1 8 10 
549,3.63681e-06,4.16981e-06,3.09831e-06,50,100,100,239818,6 9 11 3 0 4 7 5 2 1 8 10 
550,3.60352e-06,4.16981e-06,2.99662e-06,50,100,100,239818,6 9 11 3 0 4 7 5 2 1 8 10 
551,3.5896e-06,4.16981e-06,2.94217e-06,50,100,100,239818,6 9 11 3 0 4 7 5 2 1 8 10 
552,3.61782e-06,4.16981e-06,3.09856e-06,50,100,100,239818,6 9 11 3 0 4 7 5 2 1 8 10 
553,3.61999e-06,4.16981e-06,3.01815e-06,50,100,100,239818,6 9 11 3 0 4 7 5 2 1 8 10 
554,3.58739e-06,4.16981e-06,2.99142e-06,50,100,100,239818,6 9 11 3 0 4 7 5 2 1 8 10 
555,3.59665e-06,4.16981e-06,3.09309e-06,50,100,100,239818,6 9 11 3 0 4 7 5 2 1 8 10 
556,3.62338e-06,4.16981e-06,2.96991e-06,50,100,100,239818,6 9 11 3 0 4 7 5 2 1 8 10 
557,3.64722e-06,4.16981e-06,3.01048e-06,50,100,100,239818,6 9 11 3 0 4 7 5 2 1 8 10 
558,3.59161e-06,4.16981e-06,2.92064e-06,50,100,100,239818,6 9 11 3 0 4 7 5 2 1 8 10 
559,3.60616e-06,4.16981e-06,3.04211e-06,50,100,100,239818,6 9 11 3 0 4 7 5 2 1 8 10 
560,3.61414e-06,4.16981e-06,2.94937e-06,50,100,100,239818,6 9 11 3 0 4 7 5 2 1 8 10 
561,3.57246e-06,4.16981e-06,3.03171e-06,50,100,100,239818,6 9 11 3 0 4 7 5 2 1 8 10 
562,3.58339e-06,4.16981e-06,2.99668e-06,50,100,100,239818,6 9 11 3 0 4 7 5 2 1 8 10 
563,3.56291e-06,4.16981e-06,2.98785e-06,50,100,100,239818,6 9 11 3 0 4 7 5 2 1 8 10 
564,3.58882e-06,4.16981e-06,3.05179e-06,50,100,100,239818,6 9 11 3 0 4 7 5 2 1 8 10 
565,3.57436e-06,4.16981e-06,3.07496e-06,50,100,100,239818,6 9 11 3 0 4 7 5 2 1 8 10 
566,3.58713e-06,4.16981e-06,3.14706e-06,50,100,100,239818,6 9 11 3 0 4 7 5 2 1 8 10 
567,3.59649e-06,4.16981e-06,2.93284e-06,50,100,100,239818,6 9 11 3 0 4 7 5 2 1 8 10 
568,3.60177e-06,4.16981e-06,3.04805e-06,50,100,100,239818,6 9 11 3 0 4 7 5 2 1 8 10 
569,3.60007e-06,4.16981e-06,3.04827e-06,50,100,100,239818,6 9 11 3 0 4 7 5 2 1 8 10 
570,3.61184e-06,4.16981e-06,2.98726e-06,50,100,100,239818,6 9 11 3 0 4 7 5 2 1 8 10 
571,3.6514e-06,4.16981e-06,3.01467e-06,50,100,100,239818,6 9 11 3 0 4 7 5 2 1 8 10 
572,3.62913e-06,4.16981e-06,2.9871e-06,50,100,100,239818,6 9 11 3 0 4 7 5 2 1 8 10 
573,3.65635e-06,4.16981e-06,3.07002e-06,50,100,100,239818,6 9 11 3 0 4 7 5 2 1 8 10 
574,3.65798e-06,4.16981e-06,3.04132e-06,50,100,100,239818,6 9 11 3 0 4 7 5 2 1 8 10 
575,3.57091e-06,4.16981e-06,2.98726e-06,50,100,100,239818,6 9 11 3 0 4 7 5 2 1 8 10 
576,3.61075e-06,4.16981e-06,2.98564e-06,50,100,100,239818,6 9 11 3 0 4 7 5 2 1 8 10 
577,3.62852e-06,4.16981e-06,3.13764e-06,50,100,100,239818,6 9 11 3 0 4 7 5 2 1 8 10 
578,3.65411e-06,4.16981e-06,3.02141e-06,50,100,100,239818,6 9 11 3 0 4 7 5 2 1 8 10 
579,3.61347e-06,4.16981e-06,2.92921e-06,50,100,100,239818,6 9 11 3 0 4 7 5 2 1 8 10 
580,3.64368e-06,4.16981e-06,3.03024e-06,50,100,100,239818,6 9 11 3 0 4 7 5 2 1 8 10 
581,3.59983e-06,4.16981e-06,3.08973e-06,50,100,100,239818,6 9 11 3 0 4 7 5 2 1 8 10 
582,3.60547e-06,4.16981e-06,3.04158e-06,50,100,100,239818,6 9 11 3 0 4 7 5 2 1 8 10 
583,3.5946e-06,4.16981e-06,2.92743e-06,50,100,100,239818,6 9 11 3 0 4 7 5 2 1 8 10 
584,3.6583e-06,4.16981e-06,3.17163e-06,50,100,100,239818,6 9 11 3 0 4 7 5 2 1 8 10 
585,3.64168e-06,4.16981e-06,3.03755e-06,50,100,100,239818,6 9 11 3 0 4 7 5 2 1 8 10 
586,3.64678e-06,4.16981e-06,3.15427e-06,50,100,100,239818,6 9 11 3 0 4 7 5 2 1 8 10 
587,3.60937e-06,4.16981e-06,3.03877e-06,50,100,100,239818,6 9 11 3 0 4 7 5 2 1 8 10 
588,3.64422e-06,4.16981e-06,2.94312e-06,50,100,100,239818,6 9 11 3 0 4 7 5 2 1 8 10 
589,3.63658e-06,4.16981e-06,3.01095e-06,50,100,100,239818,6 9 11 3 0 4 7 5 2 1 8 10 
590,3.57209e-06,4.16981e-06,3.00695e-06,50,100,100,239818,6 9 11 3 0 4 7 5 2 1 8 10 
591,3.58833e-06,4.16981e-06,3.03657e-06,50,100,100,239818,6 9 11 3 0 4 7 5 2 1 8 10 
592,3.60857e-06,4.16981e-06,3.13431e-06,50,100,100,239818,6 9 11 3 0 4 7 5 2 1 8 10 
593,3.6085e-06,4.16981e-06,3.07385e-06,50,100,100,239818,6 9 11 3 0 4 7 5 2 1 8 10 
594,3.56816e-06,4.16981e-06,2.99112e-06,50,100,100,239818,6 9 11 3 0 4 7 5 2 1 8 10 
595,3.56796e-06,4.16981e-06,3.03952e-06,50,100,100,239818,6 9 11 3 0 4 7 5 2 1 8 10 
596,3.55052e-06,4.16981e-06,3.03854e-06,50,100,100,239818,6 9 11 3 0 4 7 5 2 1 8 10 
597,3.5642e-06,4.16981e-06,3.05989e-06,50,100,100,239818,6 9 11 3 0 4 7 5 2 1 8 10 
598,3.57504e-06,4.16981e-06,3.1091e-06,50,100,100,239818,6 9 11 3 0 4 7 5 2 1 8 10 
599,3.58499e-06,4.16981e-06,2.99506e-06,50,100,100,239818,6 9 11 3 0 4 7 5 2 1 8 10 
600,3.61485e-06,4.16981e-06,3.08397e-06,50,100,100,239818,6 9 11 3 0 4 7 5 2 1 8 10 
601,3.58532e-06,4.16981e-06,3.02014e-06,50,100,100,239818,6 9 11 3 0 4 7 5 2 1 8 10 
602,3.57323e-06,4.16981e-06,2.96917e-06,50,100,100,239818,6 9 11 3 0 4 7 5 2 1 8 10 
603,3.6517e-06,4.16981e-06,3.02138e-06,50,100,100,239818,6 9 11 3 0 4 7 5 2 1 8 10 
604,3.61799e-06,4.16981e-06,3.10481e-06,50,100,100,239818,6 9 11 3 0 4 7 5 2 1 8 10 
605,3.62156e-06,4.16981e-06,2.93316e-06,50,100,100,239818,6 9 11 3 0 4 7 5 2 1 8 10 
606,3.59741e-06,4.16981e-06,3.0422e-06,50,100,100,239818,6 9 11 3 0 4 7 5 2 1 8 10 
607,3.59918e-06,4.16981e-06,2.96878e-06,50,100,100,239818,6 9 11 3 0 4 7 5 2 1 8 10 
608,3.57294e-06,4.16981e-06,2.98108e-06,50,100,100,239818,6 9 11 3 0 4 7 5 2 1 8 10 
609,3.61051e-06,4.16981e-06,3.06422e-06,50,100,100,239818,6 9 11 3 0 4 7 5 2 1 8 10 
610,3.60981e-06,4.16981e-06,3.07402e-06,50,100,100,239818,6 9 11 3 0 4 7 5 2 1 8 10 
611,3.64569e-06,4.16981e-06,3.01004e-06,50,100,100,239818,6 9 11 3 0 4 7 5 2 1 8 10 
612,3.63347e-06,4.16981e-06,3.08483e-06,50,100,100,239818,6 9 11 3 0 4 7 5 2 1 8 10 
613,3.60162e-06,4.16981e-06,2.98571e-06,50,100,100,239818,6 9 11 3 0 4 7 5 2 1 8 10 
614,3.62957e-06,4.16981e-06,3.00878e-06,50,100,100,239818,6 9 11 3 0 4 7 5 2 1 8 10 
615,3.67062e-06,4.16981e-06,3.0761e-06,50,100,100,239818,6 9 11 3 0 4 7 5 2 1 8 10 
616,3.69164e-06,4.16981e-06,3.11669e-06,50,100,100,239818,6 9 11 3 0 4 7 5 2 1 8 10 
617,3.62229e-06,4.16981e-06,2.94579e-06,50,100,100,239818,6 9 11 3 0 4 7 5 2 1 8 10 
618,3.59422e-06,4.16981e-06,3.0358e-06,50,100,100,239818,6 9 11 3 0 4 7 5 2 1 8 10 
619,3.55906e-06,4.16981e-06,3.00191e-06,50,100,100,239818,6 9 11 3 0 4 7 5 2 1 8 10 
620,3.60654e-06,4.16981e-06,2.94854e-06,50,100,100,239818,6 9 11 3 0 4 7 5 2 1 8 10 
621,3.63484e-06,4.16981e-06,3.08603e-06,50,100,100,239818,6 9 11 3 0 4 7 5 2 1 8 10 
622,3.58693e-06,4.16981e-06,2.95256e-06,50,100,100,239818,6 9 11 3 0 4 7 5 2 1 8 10 
623,3.55572e-06,4.16981e-06,3.10167e-06,50,100,100,239818,6 9 11 3 0 4 7 5 2 1 8 10 
624,3.58353e-06,4.16981e-06,2.94143e-06,50,100,100,239818,6 9 11 3 0 4 7 5 2 1 8 10 
625,3.54903e-06,4.16981e-06,3.01999e-06,50,100,100,239818,6 9 11 3 0 4 7 5 2 1 8 10 
626,3.61955e-06,4.16981e-06,3.03015e-06,50,100,100,239818,6 9 11 3 0 4 7 5 2 1 8 10 
627,3.62563e-06,4.16981e-06,3.00287e-06,50,100,100,239818,6 9 11 3 0 4 7 5 2 1 8 10 
628,3.60686e-06,4.16981e-06,2.98202e-06,50,100,100,239818,6 9 11 3 0 4 7 5 2 1 8 10 
629,3.58635e-06,4.16981e-06,2.93861e-06,50,100,100,239818,6 9 11 3 0 4 7 5 2 1 8 10 
630,3.61122e-06,4.16981e-06,2.97565e-06,50,100,100,239818,6 9 11 3 0 4 7 5 2 1 8 10 
631,3.61838e-06,4.16981e-06,3.0574e-06,50,100,100,239818,6 9 11 3 0 4 7 5 2 1 8 10 
632,3.60698e-06,4.16981e-06,2.97264e-06,50,100,100,239818,6 9 11 3 0 4 7 5 2 1 8 10 
633,3.57945e-06,4.16981e-06,3.04306e-06,50,100,100,239818,6 9 11 3 0 4 7 5 2 1 8 10 
634,3.62033e-06,4.16981e-06,3.14403e-06,50,100,100,239818,6 9 11 3 0 4 7 5 2 1 8 10 
635,3.65606e-06,4.16981e-06,2.98268e-06,50,100,100,239818,6 9 11 3 0 4 7 5 2 1 8 10 
636,3.59655e-06,4.16981e-06,2.96213e-06,50,100,100,239818,6 9 11 3 0 4 7 5 2 1 8 10 
637,3.6203e-06,4.16981e-06,3.08247e-06,50,100,100,239818,6 9 11 3 0 4 7 5 2 1 8 10 
638,3.58956e-06,4.16981e-06,3.00191e-06,50,100,100,239818,6 9 11 3 0 4 7 5 2 1 8 10 
639,3.52707e-06,4.16981e-06,2.96971e-06,50,100,100,239818,6 9 11 3 0 4 7 5 2 1 8 10 
640,3.56866e-06,4.16981e-06,2.95247e-06,50,100,100,239818,6 9 11 3 0 4 7 5 2 1 8 10 
641,3.58723e-06,4.16981e-06,3.10531e-06,50,100,100,239818,6 9 11 3 0 4 7 5 2 1 8 10 
642,3.58074e-06,4.16981e-06,3.04472e-06,50,100,100,239818,6 9 11 3 0 4 7 5 2 1 8 10 
643,3.56301e-06,4.16981e-06,3.03209e-06,50,100,100,239818,6 9 11 3 0 4 7 5 2 1 8 10 
644,3.53232e-06,4.16981e-06,3.02211e-06,50,100,100,239818,6 9 11 3 0 4 7 5 2 1 8 10 
645,3.57288e-06,4.16981e-06,3.073e-06,50,100,100,239818,6 9 11 3 0 4 7 5 2 1 8 10 
646,3.54328e-06,4.16981e-06,2.86785e-06,50,100,100,239818,6 9 11 3 0 4 7 5 2 1 8 10 
647,3.56708e-06,4.16981e-06,3.05682e-06,50,100,100,239818,6 9 11 3 0 4 7 5 2 1 8 10 
648,3.57079e-06,4.16981e-06,3.07907e-06,50,100,100,239818,6 9 11 3 0 4 7 5 2 1 8 10 
649,3.61445e-06,4.16981e-06,3.04193e-06,50,100,100,239818,6 9 11 3 0 4 7 5 2 1 8 10 
650,3.62877e-06,4.16981e-06,3.16517e-06,50,100,100,239818,6 9 11 3 0 4 7 5 2 1 8 10 
651,3.63067e-06,4.16981e-06,3.11045e-06,50,100,100,239818,6 9 11 3 0 4 7 5 2 1 8 10 
652,3.62515e-06,4.16981e-06,3.02461e-06,50,100,100,239818,6 9 11 3 0 4 7 5 2 1 8 10 
653,3.64198e-06,4.16981e-06,3.04903e-06,50,100,100,239818,6 9 11 3 0 4 7 5 2 1 8 10 
654,3.6218e-06,4.16981e-06,3.08186e-06,50,100,100,239818,6 9 11 3 0 4 7 5 2 1 8 10 
655,3.57983e-06,4.16981e-06,3.04211e-06,50,100,100,239818,6 9 11 3 0 4 7 5 2 1 8 10 
656,3.5862e-06,4.16981e-06,3.08731e-06,50,100,100,239818,6 9 11 3 0 4 7 5 2 1 8 10 
657,3.56924e-06,4.16981e-06,3.00008e-06,50,100,100,239818,6 9 11 3 0 4 7 5 2 1 8 10 
658,3.56393e-06,4.16981e-06,2.94267e-06,50,100,100,239818,6 9 11 3 0 4 7 5 2 1 8 10 
659,3.49098e-06,4.16981e-06,3.01742e-06,50,100,100,239818,6 9 11 3 0 4 7 5 2 1 8 10 
660,3.47418e-06,4.16981e-06,2.96666e-06,50,100,100,239818,6 9 11 3 0 4 7 5 2 1 8 10 
661,3.48162e-06,4.16981e-06,3.00796e-06,50,100,100,239818,6 9 11 3 0 4 7 5 2 1 8 10 
662,3.47713e-06,4.16981e-06,2.95279e-06,50,100,100,239818,6 9 11 3 0 4 7 5 2 1 8 10 
663,3.49585e-06,4.16981e-06,3.05488e-06,50,100,100,239818,6 9 11 3 0 4 7 5 2 1 8 10 
664,3.51307e-06,4.16981e-06,2.97655e-06,50,100,100,239818,6 9 11 3 0 4 7 5 2 1 8 10 
665,3.51736e-06,4.16981e-06,3.05847e-06,50,100,100,239818,6 9 11 3 0 4 7 5 2 1 8 10 
666,3.58228e-06,4.16981e-06,3.13359e-06,50,100,100,239818,6 9 11 3 0 4 7 5 2 1 8 10 
667,3.55601e-06,4.16981e-06,2.93216e-06,50,100,100,239818,6 9 11 3 0 4 7 5 2 1 8 10 
668,3.57966e-06,4.16981e-06,3.0074e-06,50,100,100,239818,6 9 11 3 0 4 7 5 2 1 8 10 
669,3.54868e-06,4.16981e-06,3.02978e-06,50,100,100,239818,6 9 11 3 0 4 7 5 2 1 8 10 
670,3.54654e-06,4.16981e-06,3.12679e-06,50,100,100,239818,6 9 11 3 0 4 7 5 2 1 8 10 
671,3.51784e-06,4.16981e-06,2.94262e-06,50,100,100,239818,6 9 11 3 0 4 7 5 2 1 8 10 
672,3.53618e-06,4.16981e-06,3.04504e-06,50,100,100,239818,6 9 11 3 0 4 7 5 2 1 8 10 
673,3.56898e-06,4.16981e-06,2.94934e-06,50,100,100,239818,6 9 11 3 0 4 7 5 2 1 8 10 
674,3.57337e-06,4.16981e-06,3.00937e-06,50,100,100,239818,6 9 11 3 0 4 7 5 2 1 8 10 
675,3.57883e-06,4.16981e-06,3.0753e-06,50,100,100,239818,6 9 11 3 0 4 7 5 2 1 8 10 
676,3.60463e-06,4.16981e-06,3.04825e-06,50,100,100,239818,6 9 11 3 0 4 7 5 2 1 8 10 
677,3.61328e-06,4.16981e-06,3.02149e-06,50,100,100,239818,6 9 11 3 0 4 7 5 2 1 8 10 
678,3.61594e-06,4.16981e-06,2.99779e-06,50,100,100,239818,6 9 11 3 0 4 7 5 2 1 8 10 
679,3.60019e-06,4.16981e-06,2.914e-06,50,100,100,239818,6 9 11 3 0 4 7 5 2 1 8 10 
680,3.59869e-06,4.16981e-06,3.02914e-06,50,100,100,239818,6 9 11 3 0 4 7 5 2 1 8 10 
681,3.6048e-06,4.16981e-06,3.00838e-06,50,100,100,239818,6 9 11 3 0 4 7 5 2 1 8 10 
682,3.58493e-06,4.16981e-06,2.9871e-06,50,100,100,239818,6 9 11 3 0 4 7 5 2 1 8 10 
683,3.54658e-06,4.16981e-06,3.06776e-06,50,100,100,239818,6 9 11 3 0 4 7 5 2 1 8 10 
684,3.56596e-06,4.16981e-06,3.05061e-06,50,100,100,239818,6 9 11 3 0 4 7 5 2 1 8 10 
685,3.58301e-06,4.16981e-06,3.04065e-06,50,100,100,239818,6 9 11 3 0 4 7 5 2 1 8 10 
686,3.60824e-06,4.16981e-06,3.00144e-06,50,100,100,239818,6 9 11 3 0 4 7 5 2 1 8 10 
687,3.63883e-06,4.16981e-06,3.04224e-06,50,100,100,239818,6 9 11 3 0 4 7 5 2 1 8 10 
688,3.67851e-06,4.16981e-06,3.15867e-06,50,100,100,239818,6 9 11 3 0 4 7 5 2 1 8 10 
689,3.67312e-06,4.16981e-06,3.1279e-06,50,100,100,239818,6 9 11 3 0 4 7 5 2 1 8 10 
690,3.55602e-06,4.16981e-06,3.00191e-06,50,100,100,239818,6 9 11 3 0 4 7 5 2 1 8 10 
691,3.55261e-06,4.16981e-06,3.01899e-06,50,100,100,239818,6 9 11 3 0 4 7 5 2 1 8 10 
692,3.57876e-06,4.16981e-06,3.00249e-06,50,100,100,239818,6 9 11 3 0 4 7 5 2 1 8 10 
693,3.59754e-06,4.16981e-06,3.025e-06,50,100,100,239818,6 9 11 3 0 4 7 5 2 1 8 10 
694,3.62971e-06,4.16981e-06,3.10196e-06,50,100,100,239818,6 9 11 3 0 4 7 5 2 1 8 10 
695,3.59215e-06,4.16981e-06,2.94642e-06,50,100,100,239818,6 9 11 3 0 4 7 5 2 1 8 10 
696,3.58643e-06,4.16981e-06,3.05675e-06,50,100,100,239818,6 9 11 3 0 4 7 5 2 1 8 10 
697,3.64345e-06,4.16981e-06,2.9866e-06,50,100,100,239818,6 9 11 3 0 4 7 5 2 1 8 10 
698,3.58562e-06,4.16981e-06,3.00191e-06,50,100,100,239818,6 9 11 3 0 4 7 5 2 1 8 10 
699,3.55257e-06,4.16981e-06,2.91487e-06,50,100,100,239818,6 9 11 3 0 4 7 5 2 1 8 10 
700,3.54919e-06,4.16981e-06,2.98337e-06,50,100,100,239818,6 9 11 3 0 4 7 5 2 1 8 10 
701,3.57041e-06,4.16981e-06,3.07047e-06,50,100,100,239818,6 9 11 3 0 4 7 5 2 1 8 10 
702,3.57519e-06,4.16981e-06,2.93728e-06,50,100,100,239818,6 9 11 3 0 4 7 5 2 1 8 10 
703,3.60071e-06,4.16981e-06,3.05671e-06,50,100,100,239818,6 9 11 3 0 4 7 5 2 1 8 10 
704,3.5915e-06,4.16981e-06,3.08885e-06,50,100,100,239818,6 9 11 3 0 4 7 5 2 1 8 10 
705,3.56433e-06,4.16981e-06,3.03491e-06,50,100,100,239818,6 9 11 3 0 4 7 5 2 1 8 10 
706,3.52631e-06,4.16981e-06,3.0717e-06,50,100,100,239818,6 9 11 3 0 4 7 5 2 1 8 10 
707,3.56154e-06,4.16981e-06,3.01633e-06,50,100,100,239818,6 9 11 3 0 4 7 5 2 1 8 10 
708,3.55184e-06,4.16981e-06,2.99069e-06,50,100,100,239818,6 9 11 3 0 4 7 5 2 1 8 10 
709,3.55184e-06,4.16981e-06,2.94113e-06,50,100,100,239818,6 9 11 3 0 4 7 5 2 1 8 10 
710,3.57651e-06,4.16981e-06,3.03707e-06,50,100,100,239818,6 9 11 3 0 4 7 5 2 1 8 10 
711,3.56164e-06,4.16981e-06,3.03443e-06,50,100,100,239818,6 9 11 3 0 4 7 5 2 1 8 10 
712,3.60844e-06,4.16981e-06,3.09405e-06,50,100,100,239818,6 9 11 3 0 4 7 5 2 1 8 10 
713,3.59763e-06,4.16981e-06,3.07417e-06,50,100,100,239818,6 9 11 3 0 4 7 5 2 1 8 10 
714,3.58759e-06,4.16981e-06,2.9876e-06,50,100,100,239818,6 9 11 3 0 4 7 5 2 1 8 10 
715,3.56731e-06,4.16981e-06,2.96901e-06,50,100,100,239818,6 9 11 3 0 4 7 5 2 1 8 10 
716,3.56928e-06,4.16981e-06,3.00894e-06,50,100,100,239818,6 9 11 3 0 4 7 5 2 1 8 10 
717,3.56842e-06,4.16981e-06,2.94967e-06,50,100,100,239818,6 9 11 3 0 4 7 5 2 1 8 10 
718,3.56356e-06,4.16981e-06,3.0332e-06,50,100,100,239818,6 9 11 3 0 4 7 5 2 1 8 10 
719,3.51297e-06,4.16981e-06,2.96746e-06,50,100,100,239818,6 9 11 3 0 4 7 5 2 1 8 10 
720,3.58107e-06,4.16981e-06,3.07277e-06,50,100,100,239818,6 9 11 3 0 4 7 5 2 1 8 10 
721,3.57032e-06,4.16981e-06,3.08981e-06,50,100,100,239818,6 9 11 3 0 4 7 5 2 1 8 10 
722,3.53052e-06,4.16981e-06,2.99148e-06,50,100,100,239818,6 9 11 3 0 4 7 5 2 1 8 10 
723,3.59288e-06,4.16981e-06,3.09865e-06,50,100,100,239818,6 9 11 3 0 4 7 5 2 1 8 10 
724,3.60177e-06,4.16981e-06,3.0332e-06,50,100,100,239818,6 9 11 3 0 4 7 5 2 1 8 10 
725,3.63501e-06,4.16981e-06,3.09026e-06,50,100,100,239818,6 9 11 3 0 4 7 5 2 1 8 10 
726,3.63536e-06,4.16981e-06,3.08885e-06,50,100,100,239818,6 9 11 3 0 4 7 5 2 1 8 10 
727,3.60036e-06,4.16981e-06,3.02538e-06,50,100,100,239818,6 9 11 3 0 4 7 5 2 1 8 10 
728,3.57429e-06,4.16981e-06,2.94967e-06,50,100,100,239818,6 9 11 3 0 4 7 5 2 1 8 10 
729,3.54804e-06,4.16981e-06,2.99783e-06,50,100,100,239818,6 9 11 3 0 4 7 5 2 1 8 10 
730,3.54821e-06,4.16981e-06,3.0128e-06,50,100,100,239818,6 9 11 3 0 4 7 5 2 1 8 10 
731,3.57225e-06,4.16981e-06,3.06872e-06,50,100,100,239818,6 9 11 3 0 4 7 5 2 1 8 10 
732,3.58202e-06,4.16981e-06,3.04211e-06,50,100,100,239818,6 9 11 3 0 4 7 5 2 1 8 10 
733,3.59046e-06,4.16981e-06,2.99542e-06,50,100,100,239818,6 9 11 3 0 4 7 5 2 1 8 10 
734,3.60668e-06,4.16981e-06,3.10336e-06,50,100,100,239818,6 9 11 3 0 4 7 5 2 1 8 10 
735,3.59987e-06,4.16981e-06,3.07038e-06,50,100,100,239818,6 9 11 3 0 4 7 5 2 1 8 10 
736,3.55815e-06,4.16981e-06,3.04896e-06,50,100,100,239818,6 9 11 3 0 4 7 5 2 1 8 10 
737,3.59154e-06,4.16981e-06,2.98448e-06,50,100,100,239818,6 9 11 3 0 4 7 5 2 1 8 10 
738,3.60249e-06,4.16981e-06,3.07166e-06,50,100,100,239818,6 9 11 3 0 4 7 5 2 1 8 10 
739,3.62049e-06,4.16981e-06,3.06827e-06,50,100,100,239818,6 9 11 3 0 4 7 5 2 1 8 10 
740,3.6209e-06,4.16981e-06,2.95985e-06,50,100,100,239818,6 9 11 3 0 4 7 5 2 1 8 10 
741,3.61648e-06,4.16981e-06,3.07007e-06,50,100,100,239818,6 9 11 3 0 4 7 5 2 1 8 10 
742,3.59845e-06,4.16981e-06,3.00292e-06,50,100,100,239818,6 9 11 3 0 4 7 5 2 1 8 10 
743,3.62462e-06,4.16981e-06,3.03197e-06,50,100,100,239818,6 9 11 3 0 4 7 5 2 1 8 10 
744,3.60411e-06,4.16981e-06,2.9495e-06,50,100,100,239818,6 9 11 3 0 4 7 5 2 1 8 10 
745,3.59194e-06,4.16981e-06,2.94647e-06,50,100,100,239818,6 9 11 3 0 4 7 5 2 1 8 10 
746,3.58051e-06,4.16981e-06,3.04903e-06,50,100,100,239818,6 9 11 3 0 4 7 5 2 1 8 10 
747,3.6546e-06,4.16981e-06,3.12277e-06,50,100,100,239818,6 9 11 3 0 4 7 5 2 1 8 10 
748,3.57363e-06,4.16981e-06,2.96273e-06,50,100,100,239818,6 9 11 3 0 4 7 5 2 1 8 10 
749,3.57905e-06,4.16981e-06,3.00827e-06,50,100,100,239818,6 9 11 3 0 4 7 5 2 1 8 10 
750,3.5946e-06,4.16981e-06,2.99467e-06,50,100,100,239818,6 9 11 3 0 4 7 5 2 1 8 10 
751,3.58542e-06,4.16981e-06,2.96917e-06,50,100,100,239818,6 9 11 3 0 4 7 5 2 1 8 10 
752,3.63412e-06,4.16981e-06,3.12593e-06,50,100,100,239818,6 9 11 3 0 4 7 5 2 1 8 10 
753,3.61455e-06,4.16981e-06,3.07083e-06,50,100,100,239818,6 9 11 3 0 4 7 5 2 1 8 10 
754,3.65278e-06,4.16981e-06,3.07402e-06,50,100,100,239818,6 9 11 3 0 4 7 5 2 1 8 10 
755,3.58225e-06,4.16981e-06,2.93711e-06,50,100,100,239818,6 9 11 3 0 4 7 5 2 1 8 10 
756,3.52865e-06,4.16981e-06,2.99155e-06,50,100,100,239818,6 9 11 3 0 4 7 5 2 1 8 10 
757,3.56528e-06,4.16981e-06,3.00756e-06,50,100,100,239818,6 9 11 3 0 4 7 5 2 1 8 10 
758,3.58453e-06,4.16981e-06,3.04145e-06,50,100,100,239818,6 9 11 3 0 4 7 5 2 1 8 10 
759,3.58104e-06,4.16981e-06,3.00695e-06,50,100,100,239818,6 9 11 3 0 4 7 5 2 1 8 10 
760,3.63065e-06,4.16981e-06,3.06205e-06,50,100,100,239818,6 9 11 3 0 4 7 5 2 1 8 10 
761,3.61343e-06,4.16981e-06,3.02074e-06,50,100,100,239818,6 9 11 3 0 4 7 5 2 1 8 10 
762,3.63002e-06,4.16981e-06,3.03556e-06,50,100,100,239818,6 9 11 3 0 4 7 5 2 1 8 10 
763,3.55615e-06,4.16981e-06,2.99296e-06,50,100,100,239818,6 9 11 3 0 4 7 5 2 1 8 10 
764,3.56636e-06,4.16981e-06,3.09769e-06,50,100,100,239818,6 9 11 3 0 4 7 5 2 1 8 10 
765,3.59599e-06,4.16981e-06,3.04929e-06,50,100,100,239818,6 9 11 3 0 4 7 5 2 1 8 10 
766,3.58714e-06,4.16981e-06,3.07e-06,50,100,100,239818,6 9 11 3 0 4 7 5 2 1 8 10 
767,3.6386e-06,4.16981e-06,3.00207e-06,50,100,100,239818,6 9 11 3 0 4 7 5 2 1 8 10 
768,3.60898e-06,4.16981e-06,3.00191e-06,50,100,100,239818,6 9 11 3 0 4 7 5 2 1 8 10 
769,3.58892e-06,4.16981e-06,3.01224e-06,50,100,100,239818,6 9 11 3 0 4 7 5 2 1 8 10 
770,3.64181e-06,4.16981e-06,3.00827e-06,50,100,100,239818,6 9 11 3 0 4 7 5 2 1 8 10 
771,3.60159e-06,4.16981e-06,2.95924e-06,50,100,100,239818,6 9 11 3 0 4 7 5 2 1 8 10 
772,3.61139e-06,4.16981e-06,3.03954e-06,50,100,100,239818,6 9 11 3 0 4 7 5 2 1 8 10 
773,3.56904e-06,4.16981e-06,2.95324e-06,50,100,100,239818,6 9 11 3 0 4 7 5 2 1 8 10 
774,3.57761e-06,4.16981e-06,2.95291e-06,50,100,100,239818,6 9 11 3 0 4 7 5 2 1 8 10 
775,3.5754e-06,4.16981e-06,3.09904e-06,50,100,100,239818,6 9 11 3 0 4 7 5 2 1 8 10 
776,3.58532e-06,4.16981e-06,3.04883e-06,50,100,100,239818,6 9 11 3 0 4 7 5 2 1 8 10 
777,3.58337e-06,4.16981e-06,3.02386e-06,50,100,100,239818,6 9 11 3 0 4 7 5 2 1 8 10 
778,3.58122e-06,4.16981e-06,3.00456e-06,50,100,100,239818,6 9 11 3 0 4 7 5 2 1 8 10 
779,3.60948e-06,4.16981e-06,3.01331e-06,50,100,100,239818,6 9 11 3 0 4 7 5 2 1 8 10 
780,3.60793e-06,4.16981e-06,2.97668e-06,50,100,100,239818,6 9 11 3 0 4 7 5 2 1 8 10 
781,3.5846e-06,4.16981e-06,3.00623e-06,50,100,100,239818,6 9 11 3 0 4 7 5 2 1 8 10 
782,3.53546e-06,4.16981e-06,3.0295e-06,50,100,100,239818,6 9 11 3 0 4 7 5 2 1 8 10 
783,3.54311e-06,4.16981e-06,3.07824e-06,50,100,100,239818,6 9 11 3 0 4 7 5 2 1 8 10 
784,3.53203e-06,4.16981e-06,2.95424e-06,50,100,100,239818,6 9 11 3 0 4 7 5 2 1 8 10 
785,3.53719e-06,4.16981e-06,2.96761e-06,50,100,100,239818,6 9 11 3 0 4 7 5 2 1 8 10 
786,3.52281e-06,4.16981e-06,3.03197e-06,50,100,100,239818,6 9 11 3 0 4 7 5 2 1 8 10 
787,3.53648e-06,4.16981e-06,3.03232e-06,50,100,100,239818,6 9 11 3 0 4 7 5 2 1 8 10 
788,3.5245e-06,4.16981e-06,3.05026e-06,50,100,100,239818,6 9 11 3 0 4 7 5 2 1 8 10 
789,3.53109e-06,4.16981e-06,2.94675e-06,50,100,100,239818,6 9 11 3 0 4 7 5 2 1 8 10 
790,3.55226e-06,4.16981e-06,3.00963e-06,50,100,100,239818,6 9 11 3 0 4 7 5 2 1 8 10 
791,3.56453e-06,4.16981e-06,3.09861e-06,50,100,100,239818,6 9 11 3 0 4 7 5 2 1 8 10 
792,3.55342e-06,4.16981e-06,2.99662e-06,50,100,100,239818,6 9 11 3 0 4 7 5 2 1 8 10 
793,3.5955e-06,4.16981e-06,3.14787e-06,50,100,100,239818,6 9 11 3 0 4 7 5 2 1 8 10 
794,3.55269e-06,4.16981e-06,3.04691e-06,50,100,100,239818,6 9 11 3 0 4 7 5 2 1 8 10 
795,3.55344e-06,4.16981e-06,3.08919e-06,50,100,100,239818,6 9 11 3 0 4 7 5 2 1 8 10 
796,3.56773e-06,4.16981e-06,2.99662e-06,50,100,100,239818,6 9 11 3 0 4 7 5 2 1 8 10 
797,3.57298e-06,4.16981e-06,3.01436e-06,50,100,100,239818,6 9 11 3 0 4 7 5 2 1 8 10 
798,3.5473e-06,4.16981e-06,2.95654e-06,50,100,100,239818,6 9 11 3 0 4 7 5 2 1 8 10 
799,3.57897e-06,4.16981e-06,3.11545e-06,50,100,100,239818,6 9 11 3 0 4 7 5 2 1 8 10 
800,3.57516e-06,4.16981e-06,2.91967e-06,50,100,100,239818,6 9 11 3 0 4 7 5 2 1 8 10 
801,3.56512e-06,4.16981e-06,2.94883e-06,50,100,100,239818,6 9 11 3 0 4 7 5 2 1 8 10 
802,3.58967e-06,4.16981e-06,2.98499e-06,50,100,100,239818,6 9 11 3 0 4 7 5 2 1 8 10 
803,3.59151e-06,4.16981e-06,2.94588e-06,50,100,100,239818,6 9 11 3 0 4 7 5 2 1 8 10 
804,3.59806e-06,4.16981e-06,3.00827e-06,50,100,100,239818,6 9 11 3 0 4 7 5 2 1 8 10 
805,3.55513e-06,4.16981e-06,2.9668e-06,50,100,100,239818,6 9 11 3 0 4 7 5 2 1 8 10 
806,3.56878e-06,4.16981e-06,3.05384e-06,50,100,100,239818,6 9 11 3 0 4 7 5 2 1 8 10 
807,3.55387e-06,4.16981e-06,3.05832e-06,50,100,100,239818,6 9 11 3 0 4 7 5 2 1 8 10 
808,3.53563e-06,4.16981e-06,2.97959e-06,50,100,100,239818,6 9 11 3 0 4 7 5 2 1 8 10 
809,3.5859e-06,4.16981e-06,3.02087e-06,50,100,100,239818,6 9 11 3 0 4 7 5 2 1 8 10 
810,3.57719e-06,4.16981e-06,3.07402e-06,50,100,100,239818,6 9 11 3 0 4 7 5 2 1 8 10 
811,3.57871e-06,4.16981e-06,2.9682e-06,50,100,100,239818,6 9 11 3 0 4 7 5 2 1 8 10 
812,3.55982e-06,4.16981e-06,2.94463e-06,50,100,100,239818,6 9 11 3 0 4 7 5 2 1 8 10 
813,3.54704e-06,4.16981e-06,3.06327e-06,50,100,100,239818,6 9 11 3 0 4 7 5 2 1 8 10 
814,3.60971e-06,4.16981e-06,2.97029e-06,50,100,100,239818,6 9 11 3 0 4 7 5 2 1 8 10 
815,3.60579e-06,4.16981e-06,3.00243e-06,50,100,100,239818,6 9 11 3 0 4 7 5 2 1 8 10 
816,3.57264e-06,4.16981e-06,2.95581e-06,50,100,100,239818,6 9 11 3 0 4 7 5 2 1 8 10 
817,3.54646e-06,4.16981e-06,2.92837e-06,50,100,100,239818,6 9 11 3 0 4 7 5 2 1 8 10 
818,3.53118e-06,4.16981e-06,2.91967e-06,50,100,100,239818,6 9 11 3 0 4 7 5 2 1 8 10 
819,3.5377e-06,4.16981e-06,2.94967e-06,50,100,100,239818,6 9 11 3 0 4 7 5 2 1 8 10 
820,3.52074e-06,4.16981e-06,2.91592e-06,50,100,100,239818,6 9 11 3 0 4 7 5 2 1 8 10 
821,3.53058e-06,4.16981e-06,2.99133e-06,50,100,100,239818,6 9 11 3 0 4 7 5 2 1 8 10 
822,3.52205e-06,4.16981e-06,3.02925e-06,50,100,100,239818,6 9 11 3 0 4 7 5 2 1 8 10 
823,3.54476e-06,4.16981e-06,3.04189e-06,50,100,100,239818,6 9 11 3 0 4 7 5 2 1 8 10 
824,3.54535e-06,4.16981e-06,3.05675e-06,50,100,100,239818,6 9 11 3 0 4 7 5 2 1 8 10 
825,3.58782e-06,4.16981e-06,3.09497e-06,50,100,100,239818,6 9 11 3 0 4 7 5 2 1 8 10 
826,3.57409e-06,4.16981e-06,3.08742e-06,50,100,100,239818,6 9 11 3 0 4 7 5 2 1 8 10 
827,3.55865e-06,4.16981e-06,3.041e-06,50,100,100,239818,6 9 11 3 0 4 7 5 2 1 8 10 
828,3.58432e-06,4.16981e-06,3.02624e-06,50,100,100,239818,6 9 11 3 0 4 7 5 2 1 8 10 
829,3.56216e-06,4.16981e-06,2.9056e-06,50,100,100,239818,6 9 11 3 0 4 7 5 2 1 8 10 
830,3.56477e-06,4.16981e-06,3.08236e-06,50,100,100,239818,6 9 11 3 0 4 7 5 2 1 8 10 
831,3.60155e-06,4.16981e-06,2.96392e-06,50,100,100,239818,6 9 11 3 0 4 7 5 2 1 8 10 
832,3.6167e-06,4.16981e-06,3.10415e-06,50,100,100,239818,6 9 11 3 0 4 7 5 2 1 8 10 
833,3.6067e-06,4.16981e-06,3.10465e-06,50,100,100,239818,6 9 11 3 0 4 7 5 2 1 8 10 
834,3.61903e-06,4.16981e-06,3.00722e-06,50,100,100,239818,6 9 11 3 0 4 7 5 2 1 8 10 
835,3.61729e-06,4.16981e-06,3.00062e-06,50,100,100,239818,6 9 11 3 0 4 7 5 2 1 8 10 
836,3.61702e-06,4.16981e-06,3.04211e-06,50,100,100,239818,6 9 11 3 0 4 7 5 2 1 8 10 
837,3.5996e-06,4.16981e-06,3.08371e-06,50,100,100,239818,6 9 11 3 0 4 7 5 2 1 8 10 
838,3.56268e-06,4.16981e-06,3.07972e-06,50,100,100,239818,6 9 11 3 0 4 7 5 2 1 8 10 
839,3.58206e-06,4.16981e-06,3.14662e-06,50,100,100,239818,6 9 11 3 0 4 7 5 2 1 8 10 
840,3.56735e-06,4.16981e-06,3.0925e-06,50,100,100,239818,6 9 11 3 0 4 7 5 2 1 8 10 
841,3.61005e-06,4.16981e-06,3.01436e-06,50,100,100,239818,6 9 11 3 0 4 7 5 2 1 8 10 
842,3.55804e-06,4.16981e-06,2.93101e-06,50,100,100,239818,6 9 11 3 0 4 7 5 2 1 8 10 
843,3.60301e-06,4.16981e-06,3.06576e-06,50,100,100,239818,6 9 11 3 0 4 7 5 2 1 8 10 
844,3.56459e-06,4.16981e-06,3.08483e-06,50,100,100,239818,6 9 11 3 0 4 7 5 2 1 8 10 
845,3.5827e-06,4.16981e-06,3.00682e-06,50,100,100,239818,6 9 11 3 0 4 7 5 2 1 8 10 
846,3.64606e-06,4.16981e-06,3.10192e-06,50,100,100,239818,6 9 11 3 0 4 7 5 2 1 8 10 
847,3.62365e-06,4.16981e-06,3.00469e-06,50,100,100,239818,6 9 11 3 0 4 7 5 2 1 8 10 
848,3.61032e-06,4.16981e-06,3.04827e-06,50,100,100,239818,6 9 11 3 0 4 7 5 2 1 8 10 
849,3.60571e-06,4.16981e-06,3.11425e-06,50,100,100,239818,6 9 11 3 0 4 7 5 2 1 8 10 
850,3.55612e-06,4.16981e-06,2.88628e-06,50,100,100,239818,6 9 11 3 0 4 7 5 2 1 8 10 
851,3.57446e-06,4.16981e-06,2.9891e-06,50,100,100,239818,6 9 11 3 0 4 7 5 2 1 8 10 
852,3.62309e-06,4.16981e-06,3.08877e-06,50,100,100,239818,6 9 11 3 0 4 7 5 2 1 8 10 
853,3.6416e-06,4.16981e-06,3.06576e-06,50,100,100,239818,6 9 11 3 0 4 7 5 2 1 8 10 
854,3.62287e-06,4.16981e-06,3.07904e-06,50,100,100,239818,6 9 11 3 0 4 7 5 2 1 8 10 
855,3.62174e-06,4.16981e-06,3.11669e-06,50,100,100,239818,6 9 11 3 0 4 7 5 2 1 8 10 
856,3.60849e-06,4.16981e-06,3.05316e-06,50,100,100,239818,6 9 11 3 0 4 7 5 2 1 8 10 
857,3.61283e-06,4.16981e-06,2.99053e-06,50,100,100,239818,6 9 11 3 0 4 7 5 2 1 8 10 
858,3.60356e-06,4.16981e-06,3.00782e-06,50,100,100,239818,6 9 11 3 0 4 7 5 2 1 8 10 
859,3.56886e-06,4.16981e-06,2.94842e-06,50,100,100,239818,6 9 11 3 0 4 7 5 2 1 8 10 
860,3.59522e-06,4.16981e-06,2.99662e-06,50,100,100,239818,6 9 11 3 0 4 7 5 2 1 8 10 
861,3.58324e-06,4.16981e-06,3.00838e-06,50,100,100,239818,6 9 11 3 0 4 7 5 2 1 8 10 
862,3.56947e-06,4.16981e-06,2.96946e-06,50,100,100,239818,6 9 11 3 0 4 7 5 2 1 8 10 
863,3.56483e-06,4.16981e-06,2.98726e-06,50,100,100,239818,6 9 11 3 0 4 7 5 2 1 8 10 
864,3.58358e-06,4.16981e-06,3.0998e-06,50,100,100,239818,6 9 11 3 0 4 7 5 2 1 8 10 
865,3.58277e-06,4.16981e-06,2.99936e-06,50,100,100,239818,6 9 11 3 0 4 7 5 2 1 8 10 
866,3.58685e-06,4.16981e-06,3.03563e-06,50,100,100,239818,6 9 11 3 0 4 7 5 2 1 8 10 
867,3.5859e-06,4.16981e-06,3.04211e-06,50,100,100,239818,6 9 11 3 0 4 7 5 2 1 8 10 
868,3.58689e-06,4.16981e-06,2.98548e-06,50,100,100,239818,6 9 11 3 0 4 7 5 2 1 8 10 
869,3.54638e-06,4.16981e-06,3.02134e-06,50,100,100,239818,6 9 11 3 0 4 7 5 2 1 8 10 
870,3.53846e-06,4.16981e-06,3.08925e-06,50,100,100,239818,6 9 11 3 0 4 7 5 2 1 8 10 
871,3.55766e-06,4.16981e-06,3.05505e-06,50,100,100,239818,6 9 11 3 0 4 7 5 2 1 8 10 
872,3.59045e-06,4.16981e-06,3.06259e-06,50,100,100,239818,6 9 11 3 0 4 7 5 2 1 8 10 
873,3.53384e-06,4.16981e-06,2.97454e-06,50,100,100,239818,6 9 11 3 0 4 7 5 2 1 8 10 
874,3.53964e-06,4.16981e-06,2.9963e-06,50,100,100,239818,6 9 11 3 0 4 7 5 2 1 8 10 
875,3.60719e-06,4.16981e-06,3.01198e-06,50,100,100,239818,6 9 11 3 0 4 7 5 2 1 8 10 
876,3.58906e-06,4.16981e-06,3.00577e-06,50,100,100,239818,6 9 11 3 0 4 7 5 2 1 8 10 
877,3.57053e-06,4.16981e-06,3.07e-06,50,100,100,239818,6 9 11 3 0 4 7 5 2 1 8 10 
878,3.60119e-06,4.16981e-06,3.07166e-06,50,100,100,239818,6 9 11 3 0 4 7 5 2 1 8 10 
879,3.58832e-06,4.16981e-06,3.11529e-06,50,100,100,239818,6 9 11 3 0 4 7 5 2 1 8 10 
880,3.58193e-06,4.16981e-06,2.91967e-06,50,100,100,239818,6 9 11 3 0 4 7 5 2 1 8 10 
881,3.55753e-06,4.16981e-06,2.96425e-06,50,100,100,239818,6 9 11 3 0 4 7 5 2 1 8 10 
882,3.58112e-06,4.16981e-06,2.94967e-06,50,100,100,239818,6 9 11 3 0 4 7 5 2 1 8 10 
883,3.5897e-06,4.16981e-06,3.03611e-06,50,100,100,239818,6 9 11 3 0 4 7 5 2 1 8 10 
884,3.5891e-06,4.16981e-06,2.96125e-06,50,100,100,239818,6 9 11 3 0 4 7 5 2 1 8 10 
885,3.61341e-06,4.16981e-06,3.17867e-06,50,100,100,239818,6 9 11 3 0 4 7 5 2 1 8 10 
886,3.63454e-06,4.16981e-06,3.07166e-06,50,100,100,239818,6 9 11 3 0 4 7 5 2 1 8 10 
887,3.64465e-06,4.16981e-06,3.10823e-06,50,100,100,239818,6 9 11 3 0 4 7 5 2 1 8 10 
888,3.61537e-06,4.16981e-06,3.00849e-06,50,100,100,239818,6 9 11 3 0 4 7 5 2 1 8 10 
889,3.57448e-06,4.16981e-06,3.10002e-06,50,100,100,239818,6 9 11 3 0 4 7 5 2 1 8 10 
890,3.56416e-06,4.16981e-06,2.99822e-06,50,100,100,239818,6 9 11 3 0 4 7 5 2 1 8 10 
891,3.50223e-06,4.16981e-06,2.95546e-06,50,100,100,239818,6 9 11 3 0 4 7 5 2 1 8 10 
892,3.55941e-06,4.16981e-06,2.91487e-06,50,100,100,239818,6 9 11 3 0 4 7 5 2 1 8 10 
893,3.54845e-06,4.16981e-06,3.09948e-06,50,100,100,239818,6 9 11 3 0 4 7 5 2 1 8 10 
894,3.60242e-06,4.16981e-06,2.99556e-06,50,100,100,239818,6 9 11 3 0 4 7 5 2 1 8 10 
895,3.57947e-06,4.16981e-06,3.04376e-06,50,100,100,239818,6 9 11 3 0 4 7 5 2 1 8 10 
896,3.58207e-06,4.16981e-06,3.05937e-06,50,100,100,239818,6 9 11 3 0 4 7 5 2 1 8 10 
897,3.55371e-06,4.16981e-06,2.98715e-06,50,100,100,239818,6 9 11 3 0 4 7 5 2 1 8 10 
898,3.52246e-06,4.16981e-06,2.93606e-06,50,100,100,239818,6 9 11 3 0 4 7 5 2 1 8 10 
899,3.55911e-06,4.16981e-06,3.02868e-06,50,100,100,239818,6 9 11 3 0 4 7 5 2 1 8 10 
900,3.54699e-06,4.16981e-06,2.97264e-06,50,100,100,239818,6 9 11 3 0 4 7 5 2 1 8 10 
901,3.56644e-06,4.16981e-06,3.05261e-06,50,100,100,239818,6 9 11 3 0 4 7 5 2 1 8 10 
902,3.55547e-06,4.16981e-06,3.0199e-06,50,100,100,239818,6 9 11 3 0 4 7 5 2 1 8 10 
903,3.5891e-06,4.16981e-06,3.1133e-06,50,100,100,239818,6 9 11 3 0 4 7 5 2 1 8 10 
904,3.58708e-06,4.16981e-06,3.12132e-06,50,100,100,239818,6 9 11 3 0 4 7 5 2 1 8 10 
905,3.58965e-06,4.16981e-06,2.97973e-06,50,100,100,239818,6 9 11 3 0 4 7 5 2 1 8 10 
906,3.62368e-06,4.16981e-06,3.09133e-06,50,100,100,239818,6 9 11 3 0 4 7 5 2 1 8 10 
907,3.59638e-06,4.16981e-06,2.97264e-06,50,100,100,239818,6 9 11 3 0 4 7 5 2 1 8 10 
908,3.56054e-06,4.16981e-06,3.10321e-06,50,100,100,239818,6 9 11 3 0 4 7 5 2 1 8 10 
909,3.55199e-06,4.16981e-06,2.99237e-06,50,100,100,239818,6 9 11 3 0 4 7 5 2 1 8 10 
910,3.57e-06,4.16981e-06,3.02023e-06,50,100,100,239818,6 9 11 3 0 4 7 5 2 1 8 10 
911,3.57374e-06,4.16981e-06,3.10284e-06,50,100,100,239818,6 9 11 3 0 4 7 5 2 1 8 10 
912,3.59046e-06,4.16981e-06,3.10429e-06,50,100,100,239818,6 9 11 3 0 4 7 5 2 1 8 10 
913,3.58894e-06,4.16981e-06,3.12161e-06,50,100,100,239818,6 9 11 3 0 4 7 5 2 1 8 10 
914,3.58648e-06,4.16981e-06,3.09727e-06,50,100,100,239818,6 9 11 3 0 4 7 5 2 1 8 10 
915,3.61582e-06,4.16981e-06,3.11277e-06,50,100,100,239818,6 9 11 3 0 4 7 5 2 1 8 10 
916,3.58043e-06,4.16981e-06,3.02868e-06,50,100,100,239818,6 9 11 3 0 4 7 5 2 1 8 10 
917,3.6017e-06,4.16981e-06,2.93606e-06,50,100,100,239818,6 9 11 3 0 4 7 5 2 1 8 10 
918,3.60763e-06,4.16981e-06,2.98726e-06,50,100,100,239818,6 9 11 3 0 4 7 5 2 1 8 10 
919,3.60204e-06,4.16981e-06,2.92974e-06,50,100,100,239818,6 9 11 3 0 4 7 5 2 1 8 10 
920,3.59304e-06,4.16981e-06,2.96946e-06,50,100,100,239818,6 9 11 3 0 4 7 5 2 1 8 10 
921,3.57884e-06,4.16981e-06,3.00744e-06,50,100,100,239818,6 9 11 3 0 4 7 5 2 1 8 10 
922,3.56334e-06,4.16981e-06,3.00878e-06,50,100,100,239818,6 9 11 3 0 4 7 5 2 1 8 10 
923,3.57794e-06,4.16981e-06,2.9704e-06,50,100,100,239818,6 9 11 3 0 4 7 5 2 1 8 10 
924,3.59992e-06,4.16981e-06,2.94967e-06,50,100,100,239818,6 9 11 3 0 4 7 5 2 1 8 10 
925,3.61052e-06,4.16981e-06,3.1349e-06,50,100,100,239818,6 9 11 3 0 4 7 5 2 1 8 10 
926,3.61952e-06,4.16981e-06,3.14113e-06,50,100,100,239818,6 9 11 3 0 4 7 5 2 1 8 10 
927,3.64732e-06,4.16981e-06,2.9165e-06,50,100,100,239818,6 9 11 3 0 4 7 5 2 1 8 10 
928,3.61826e-06,4.16981e-06,3.06466e-06,50,100,100,239818,6 9 11 3 0 4 7 5 2 1 8 10 
929,3.60041e-06,4.16981e-06,3.09005e-06,50,100,100,239818,6 9 11 3 0 4 7 5 2 1 8 10 
930,3.58534e-06,4.16981e-06,3.00191e-06,50,100,100,239818,6 9 11 3 0 4 7 5 2 1 8 10 
931,3.62108e-06,4.16981e-06,3.0622e-06,50,100,100,239818,6 9 11 3 0 4 7 5 2 1 8 10 
932,3.57667e-06,4.16981e-06,3.00191e-06,50,100,100,239818,6 9 11 3 0 4 7 5 2 1 8 10 
933,3.58298e-06,4.16981e-06,2.95289e-06,50,100,100,239818,6 9 11 3 0 4 7 5 2 1 8 10 
934,3.63926e-06,4.16981e-06,3.06853e-06,50,100,100,239818,6 9 11 3 0 4 7 5 2 1 8 10 
935,3.56809e-06,4.16981e-06,2.99943e-06,50,100,100,239818,6 9 11 3 0 4 7 5 2 1 8 10 
936,3.55421e-06,4.16981e-06,2.99662e-06,50,100,100,239818,6 9 11 3 0 4 7 5 2 1 8 10 
937,3.55158e-06,4.16981e-06,2.98642e-06,50,100,100,239818,6 9 11 3 0 4 7 5 2 1 8 10 
938,3.54827e-06,4.16981e-06,3.14658e-06,50,100,100,239818,6 9 11 3 0 4 7 5 2 1 8 10 
939,3.59071e-06,4.16981e-06,2.98747e-06,50,100,100,239818,6 9 11 3 0 4 7 5 2 1 8 10 
940,3.59238e-06,4.16981e-06,3.09036e-06,50,100,100,239818,6 9 11 3 0 4 7 5 2 1 8 10 
941,3.61225e-06,4.16981e-06,3.07727e-06,50,100,100,239818,6 9 11 3 0 4 7 5 2 1 8 10 
942,3.62481e-06,4.16981e-06,3.05925e-06,50,100,100,239818,6 9 11 3 0 4 7 5 2 1 8 10 
943,3.60516e-06,4.16981e-06,3.03309e-06,50,100,100,239818,6 9 11 3 0 4 7 5 2 1 8 10 
944,3.55587e-06,4.16981e-06,2.97264e-06,50,100,100,239818,6 9 11 3 0 4 7 5 2 1 8 10 
945,3.50414e-06,4.16981e-06,2.97838e-06,50,100,100,239818,6 9 11 3 0 4 7 5 2 1 8 10 
946,3.49626e-06,4.16981e-06,2.95768e-06,50,100,100,239818,6 9 11 3 0 4 7 5 2 1 8 10 
947,3.54256e-06,4.16981e-06,3.07707e-06,50,100,100,239818,6 9 11 3 0 4 7 5 2 1 8 10 
948,3.5482e-06,4.16981e-06,3.14168e-06,50,100,100,239818,6 9 11 3 0 4 7 5 2 1 8 10 
949,3.56702e-06,4.16981e-06,3.06556e-06,50,100,100,239818,6 9 11 3 0 4 7 5 2 1 8 10 
950,3.54762e-06,4.16981e-06,3.00744e-06,50,100,100,239818,6 9 11 3 0 4 7 5 2 1 8 10 
951,3.54944e-06,4.16981e-06,3.01778e-06,50,100,100,239818,6 9 11 3 0 4 7 5 2 1 8 10 
952,3.53906e-06,4.16981e-06,3.02291e-06,50,100,100,239818,6 9 11 3 0 4 7 5 2 1 8 10 
953,3.54306e-06,4.16981e-06,3.01742e-06,50,100,100,239818,6 9 11 3 0 4 7 5 2 1 8 10 
954,3.55349e-06,4.16981e-06,3.11992e-06,50,100,100,239818,6 9 11 3 0 4 7 5 2 1 8 10 
955,3.54429e-06,4.16981e-06,2.94967e-06,50,100,100,239818,6 9 11 3 0 4 7 5 2 1 8 10 
956,3.55403e-06,4.16981e-06,3.10591e-06,50,100,100,239818,6 9 11 3 0 4 7 5 2 1 8 10 
957,3.56806e-06,4.16981e-06,3.04888e-06,50,100,100,239818,6 9 11 3 0 4 7 5 2 1 8 10 
958,3.58665e-06,4.16981e-06,2.94113e-06,50,100,100,239818,6 9 11 3 0 4 7 5 2 1 8 10 
959,3.59148e-06,4.16981e-06,3.06158e-06,50,100,100,239818,6 9 11 3 0 4 7 5 2 1 8 10 
960,3.58164e-06,4.16981e-06,3.04059e-06,50,100,100,239818,6 9 11 3 0 4 7 5 2 1 8 10 
961,3.58222e-06,4.16981e-06,3.05785e-06,50,100,100,239818,6 9 11 3 0 4 7 5 2 1 8 10 
962,3.56661e-06,4.16981e-06,3.08885e-06,50,100,100,239818,6 9 11 3 0 4 7 5 2 1 8 10 
963,3.58878e-06,4.16981e-06,3.08715e-06,50,100,100,239818,6 9 11 3 0 4 7 5 2 1 8 10 
964,3.56704e-06,4.16981e-06,3.04825e-06,50,100,100,239818,6 9 11 3 0 4 7 5 2 1 8 10 
965,3.60692e-06,4.16981e-06,3.08923e-06,50,100,100,239818,6 9 11 3 0 4 7 5 2 1 8 10 
966,3.56982e-06,4.16981e-06,3.03487e-06,50,100,100,239818,6 9 11 3 0 4 7 5 2 1 8 10 
967,3.56054e-06,4.16981e-06,2.99413e-06,50,100,100,239818,6 9 11 3 0 4 7 5 2 1 8 10 
968,3.57418e-06,4.16981e-06,3.13579e-06,50,100,100,239818,6 9 11 3 0 4 7 5 2 1 8 10 
969,3.57705e-06,4.16981e-06,3.05722e-06,50,100,100,239818,6 9 11 3 0 4 7 5 2 1 8 10 
970,3.55548e-06,4.16981e-06,3.12444e-06,50,100,100,239818,6 9 11 3 0 4 7 5 2 1 8 10 
971,3.53991e-06,4.16981e-06,2.9944e-06,50,100,100,239818,6 9 11 3 0 4 7 5 2 1 8 10 
972,3.54322e-06,4.16981e-06,3.11357e-06,50,100,100,239818,6 9 11 3 0 4 7 5 2 1 8 10 
973,3.5839e-06,4.16981e-06,3.12562e-06,50,100,100,239818,6 9 11 3 0 4 7 5 2 1 8 10 
974,3.5947e-06,4.16981e-06,3.10229e-06,50,100,100,239818,6 9 11 3 0 4 7 5 2 1 8 10 
975,3.58706e-06,4.16981e-06,3.01615e-06,50,100,100,239818,6 9 11 3 0 4 7 5 2 1 8 10 
976,3.57472e-06,4.16981e-06,3.06646e-06,50,100,100,239818,6 9 11 3 0 4 7 5 2 1 8 10 
977,3.57917e-06,4.16981e-06,2.98576e-06,50,100,100,239818,6 9 11 3 0 4 7 5 2 1 8 10 
978,3.57579e-06,4.16981e-06,3.05675e-06,50,100,100,239818,6 9 11 3 0 4 7 5 2 1 8 10 
979,3.56048e-06,4.16981e-06,3.09151e-06,50,100,100,239818,6 9 11 3 0 4 7 5 2 1 8 10 
980,3.51791e-06,4.16981e-06,3.04584e-06,50,100,100,239818,6 9 11 3 0 4 7 5 2 1 8 10 
981,3.51319e-06,4.16981e-06,2.97264e-06,50,100,100,239818,6 9 11 3 0 4 7 5 2 1 8 10 
982,3.54509e-06,4.16981e-06,3.08171e-06,50,100,100,239818,6 9 11 3 0 4 7 5 2 1 8 10 
983,3.53001e-06,4.16981e-06,3.05703e-06,50,100,100,239818,6 9 11 3 0 4 7 5 2 1 8 10 
984,3.56449e-06,4.16981e-06,2.9556e-06,50,100,100,239818,6 9 11 3 0 4 7 5 2 1 8 10 
985,3.54042e-06,4.16981e-06,2.96661e-06,50,100,100,239818,6 9 11 3 0 4 7 5 2 1 8 10 
986,3.52419e-06,4.16981e-06,3.01287e-06,50,100,100,239818,6 9 11 3 0 4 7 5 2 1 8 10 
987,3.54916e-06,4.16981e-06,3.06419e-06,50,100,100,239818,6 9 11 3 0 4 7 5 2 1 8 10 
988,3.50986e-06,4.16981e-06,2.99194e-06,50,100,100,239818,6 9 11 3 0 4 7 5 2 1 8 10 
989,3.57633e-06,4.16981e-06,3.02945e-06,50,100,100,239818,6 9 11 3 0 4 7 5 2 1 8 10 
990,3.57021e-06,4.16981e-06,3.05619e-06,50,100,100,239818,6 9 11 3 0 4 7 5 2 1 8 10 
991,3.52177e-06,4.16981e-06,3.01742e-06,50,100,100,239818,6 9 11 3 0 4 7 5 2 1 8 10 
992,3.53575e-06,4.16981e-06,3.03661e-06,50,100,100,239818,6 9 11 3 0 4 7 5 2 1 8 10 
993,3.52992e-06,4.16981e-06,2.97029e-06,50,100,100,239818,6 9 11 3 0 4 7 5 2 1 8 10 
994,3.50857e-06,4.16981e-06,3.06313e-06,50,100,100,239818,6 9 11 3 0 4 7 5 2 1 8 10 
995,3.54245e-06,4.16981e-06,3.07045e-06,50,100,100,239818,6 9 11 3 0 4 7 5 2 1 8 10 
996,3.56238e-06,4.16981e-06,3.04087e-06,50,100,100,239818,6 9 11 3 0 4 7 5 2 1 8 10 
997,3.51935e-06,4.16981e-06,3.02663e-06,50,100,100,239818,6 9 11 3 0 4 7 5 2 1 8 10 
998,3.52439e-06,4.16981e-06,3.05391e-06,50,100,100,239818,6 9 11 3 0 4 7 5 2 1 8 10 
999,3.51819e-06,4.16981e-06,2.9641e-06,50,100,100,239818,6 9 11 3 0 4 7 5 2 1 8 10 
