Generación,Media,Mejor,Peor,Cruzas,Mutaciones,Inversiones,Costo,Permutación
1,3.26116e-06,3.7077e-06,2.94828e-06,50,100,100,269708,10 2 3 7 4 8 1 9 5 0 11 6 
2,3.25994e-06,3.7077e-06,2.90983e-06,50,100,100,269708,10 2 3 7 4 8 1 9 5 0 11 6 
3,3.26498e-06,3.86708e-06,2.96471e-06,50,100,100,258592,10 2 3 0 9 8 1 4 5 7 11 6 
4,3.28079e-06,3.86708e-06,2.98382e-06,50,100,100,258592,10 2 3 0 9 8 1 4 5 7 11 6 
5,3.29021e-06,3.86708e-06,2.95691e-06,50,100,100,258592,10 2 3 0 9 8 1 4 5 7 11 6 
6,3.3132e-06,3.86708e-06,2.99867e-06,50,100,100,258592,10 2 3 0 9 8 1 4 5 7 11 6 
7,3.2876e-06,3.86708e-06,2.89498e-06,50,100,100,258592,10 2 3 0 9 8 1 4 5 7 11 6 
8,3.28602e-06,3.86708e-06,2.97593e-06,50,100,100,258592,10 2 3 0 9 8 1 4 5 7 11 6 
9,3.28473e-06,3.86708e-06,2.90471e-06,50,100,100,258592,10 2 3 0 9 8 1 4 5 7 11 6 
10,3.30702e-06,3.86708e-06,2.86522e-06,50,100,100,258592,10 2 3 0 9 8 1 4 5 7 11 6 
11,3.31014e-06,3.86708e-06,3.01751e-06,50,100,100,258592,10 2 3 0 9 8 1 4 5 7 11 6 
12,3.31768e-06,3.86708e-06,2.99126e-06,50,100,100,258592,10 2 3 0 9 8 1 4 5 7 11 6 
13,3.32469e-06,3.91869e-06,3.03867e-06,50,100,100,255186,10 2 3 0 9 1 4 8 5 7 11 6 
14,3.30839e-06,3.91869e-06,3.00328e-06,50,100,100,255186,10 2 3 0 9 1 4 8 5 7 11 6 
15,3.32679e-06,3.91869e-06,2.99198e-06,50,100,100,255186,10 2 3 0 9 1 4 8 5 7 11 6 
16,3.3219e-06,3.91869e-06,3.00689e-06,50,100,100,255186,10 2 3 0 9 1 4 8 5 7 11 6 
17,3.33125e-06,3.91869e-06,2.95005e-06,50,100,100,255186,10 2 3 0 9 1 4 8 5 7 11 6 
18,3.30914e-06,3.91869e-06,3.03114e-06,50,100,100,255186,10 2 3 0 9 1 4 8 5 7 11 6 
19,3.33229e-06,3.91869e-06,2.98523e-06,50,100,100,255186,10 2 3 0 9 1 4 8 5 7 11 6 
20,3.32444e-06,3.91869e-06,2.97379e-06,50,100,100,255186,10 2 3 0 9 1 4 8 5 7 11 6 
21,3.33116e-06,3.91869e-06,2.91062e-06,50,100,100,255186,10 2 3 0 9 1 4 8 5 7 11 6 
22,3.36963e-06,3.91869e-06,2.98926e-06,50,100,100,255186,10 2 3 0 9 1 4 8 5 7 11 6 
23,3.35322e-06,3.91869e-06,2.96948e-06,50,100,100,255186,10 2 3 0 9 1 4 8 5 7 11 6 
24,3.38041e-06,3.96214e-06,2.92328e-06,50,100,100,252388,3 11 9 0 1 10 4 5 8 7 2 6 
25,3.36669e-06,3.96214e-06,2.96338e-06,50,100,100,252388,3 11 9 0 1 10 4 5 8 7 2 6 
26,3.36944e-06,3.96214e-06,3.01931e-06,50,100,100,252388,3 11 9 0 1 10 4 5 8 7 2 6 
27,3.36927e-06,3.96214e-06,3.00326e-06,50,100,100,252388,3 11 9 0 1 10 4 5 8 7 2 6 
28,3.37713e-06,3.96214e-06,2.96821e-06,50,100,100,252388,3 11 9 0 1 10 4 5 8 7 2 6 
29,3.38791e-06,3.98605e-06,3.02459e-06,50,100,100,250874,10 2 9 0 5 3 8 4 1 7 11 6 
30,3.35026e-06,3.98605e-06,2.98626e-06,50,100,100,250874,10 2 9 0 5 3 8 4 1 7 11 6 
31,3.37484e-06,3.98605e-06,3.00298e-06,50,100,100,250874,10 2 9 0 5 3 8 4 1 7 11 6 
32,3.35814e-06,3.98605e-06,2.93292e-06,50,100,100,250874,10 2 9 0 5 3 8 4 1 7 11 6 
33,3.32303e-06,3.98605e-06,2.97581e-06,50,100,100,250874,10 2 9 0 5 3 8 4 1 7 11 6 
34,3.32101e-06,3.98605e-06,2.96858e-06,50,100,100,250874,10 2 9 0 5 3 8 4 1 7 11 6 
35,3.3218e-06,3.98605e-06,2.92851e-06,50,100,100,250874,10 2 9 0 5 3 8 4 1 7 11 6 
36,3.31836e-06,3.98605e-06,2.93851e-06,50,100,100,250874,10 2 9 0 5 3 8 4 1 7 11 6 
37,3.34617e-06,3.98605e-06,2.98261e-06,50,100,100,250874,10 2 9 0 5 3 8 4 1 7 11 6 
38,3.32398e-06,3.98605e-06,2.93038e-06,50,100,100,250874,10 2 9 0 5 3 8 4 1 7 11 6 
39,3.3424e-06,3.98605e-06,3.022e-06,50,100,100,250874,10 2 9 0 5 3 8 4 1 7 11 6 
40,3.3217e-06,3.98605e-06,2.94663e-06,50,100,100,250874,10 2 9 0 5 3 8 4 1 7 11 6 
41,3.32205e-06,3.98605e-06,3.00747e-06,50,100,100,250874,10 2 9 0 5 3 8 4 1 7 11 6 
42,3.30002e-06,4.04598e-06,2.98434e-06,50,100,100,247158,10 11 3 0 9 8 4 5 7 1 2 6 
43,3.29344e-06,4.04598e-06,2.93735e-06,50,100,100,247158,10 11 3 0 9 8 4 5 7 1 2 6 
44,3.29198e-06,4.04598e-06,3.01349e-06,50,100,100,247158,10 11 3 0 9 8 4 5 7 1 2 6 
45,3.31155e-06,4.04598e-06,2.956e-06,50,100,100,247158,10 11 3 0 9 8 4 5 7 1 2 6 
46,3.32964e-06,4.04598e-06,2.98697e-06,50,100,100,247158,10 11 3 0 9 8 4 5 7 1 2 6 
47,3.3046e-06,4.04598e-06,2.96187e-06,50,100,100,247158,10 11 3 0 9 8 4 5 7 1 2 6 
48,3.31306e-06,4.04598e-06,3.00802e-06,50,100,100,247158,10 11 3 0 9 8 4 5 7 1 2 6 
49,3.32901e-06,4.04598e-06,3.05402e-06,50,100,100,247158,10 11 3 0 9 8 4 5 7 1 2 6 
50,3.32584e-06,4.04598e-06,2.98558e-06,50,100,100,247158,10 11 3 0 9 8 4 5 7 1 2 6 
51,3.33722e-06,4.04598e-06,2.97519e-06,50,100,100,247158,10 11 3 0 9 8 4 5 7 1 2 6 
52,3.32616e-06,4.04598e-06,2.88619e-06,50,100,100,247158,10 11 3 0 9 8 4 5 7 1 2 6 
53,3.34012e-06,4.04598e-06,2.97082e-06,50,100,100,247158,10 11 3 0 9 8 4 5 7 1 2 6 
54,3.34008e-06,4.04601e-06,2.90883e-06,50,100,100,247156,10 11 3 0 9 4 8 5 1 7 2 6 
55,3.34325e-06,4.04601e-06,2.96213e-06,50,100,100,247156,10 11 3 0 9 4 8 5 1 7 2 6 
56,3.35924e-06,4.11948e-06,2.96693e-06,50,100,100,242748,10 11 3 0 1 9 4 5 8 7 2 6 
57,3.34471e-06,4.11948e-06,2.96756e-06,50,100,100,242748,10 11 3 0 1 9 4 5 8 7 2 6 
58,3.34563e-06,4.11948e-06,2.89693e-06,50,100,100,242748,10 11 3 0 1 9 4 5 8 7 2 6 
59,3.32626e-06,4.11948e-06,2.98464e-06,50,100,100,242748,10 11 3 0 1 9 4 5 8 7 2 6 
60,3.34519e-06,4.11948e-06,2.99415e-06,50,100,100,242748,10 11 3 0 1 9 4 5 8 7 2 6 
61,3.35583e-06,4.25737e-06,3.00058e-06,50,100,100,234886,10 11 3 0 1 9 5 8 4 7 2 6 
62,3.34561e-06,4.25737e-06,2.90643e-06,50,100,100,234886,10 11 3 0 1 9 5 8 4 7 2 6 
63,3.3725e-06,4.25737e-06,2.93871e-06,50,100,100,234886,10 11 3 0 1 9 5 8 4 7 2 6 
64,3.3605e-06,4.25737e-06,3.05611e-06,50,100,100,234886,10 11 3 0 1 9 5 8 4 7 2 6 
65,3.31868e-06,4.25737e-06,3.00307e-06,50,100,100,234886,10 11 3 0 1 9 5 8 4 7 2 6 
66,3.35083e-06,4.25737e-06,2.95467e-06,50,100,100,234886,10 11 3 0 1 9 5 8 4 7 2 6 
67,3.34516e-06,4.25737e-06,3.02529e-06,50,100,100,234886,10 11 3 0 1 9 5 8 4 7 2 6 
68,3.35e-06,4.25737e-06,2.99445e-06,50,100,100,234886,10 11 3 0 1 9 5 8 4 7 2 6 
69,3.34126e-06,4.25737e-06,2.99641e-06,50,100,100,234886,10 11 3 0 1 9 5 8 4 7 2 6 
70,3.31987e-06,4.25737e-06,2.92475e-06,50,100,100,234886,10 11 3 0 1 9 5 8 4 7 2 6 
71,3.34814e-06,4.25737e-06,2.96446e-06,50,100,100,234886,10 11 3 0 1 9 5 8 4 7 2 6 
72,3.32426e-06,4.25737e-06,2.96991e-06,50,100,100,234886,10 11 3 0 1 9 5 8 4 7 2 6 
73,3.34741e-06,4.25737e-06,2.97102e-06,50,100,100,234886,10 11 3 0 1 9 5 8 4 7 2 6 
74,3.34143e-06,4.25737e-06,2.92067e-06,50,100,100,234886,10 11 3 0 1 9 5 8 4 7 2 6 
75,3.34757e-06,4.25737e-06,2.98996e-06,50,100,100,234886,10 11 3 0 1 9 5 8 4 7 2 6 
76,3.34195e-06,4.25737e-06,3.10533e-06,50,100,100,234886,10 11 3 0 1 9 5 8 4 7 2 6 
77,3.33427e-06,4.25737e-06,3.02831e-06,50,100,100,234886,10 11 3 0 1 9 5 8 4 7 2 6 
78,3.33851e-06,4.25737e-06,3.0245e-06,50,100,100,234886,10 11 3 0 1 9 5 8 4 7 2 6 
79,3.32717e-06,4.25737e-06,3.00074e-06,50,100,100,234886,10 11 3 0 1 9 5 8 4 7 2 6 
80,3.3354e-06,4.25737e-06,2.93856e-06,50,100,100,234886,10 11 3 0 1 9 5 8 4 7 2 6 
81,3.33317e-06,4.25737e-06,2.98127e-06,50,100,100,234886,10 11 3 0 1 9 5 8 4 7 2 6 
82,3.34397e-06,4.25737e-06,2.97783e-06,50,100,100,234886,10 11 3 0 1 9 5 8 4 7 2 6 
83,3.34397e-06,4.25737e-06,2.98708e-06,50,100,100,234886,10 11 3 0 1 9 5 8 4 7 2 6 
84,3.34039e-06,4.25737e-06,2.94729e-06,50,100,100,234886,10 11 3 0 1 9 5 8 4 7 2 6 
85,3.33885e-06,4.25737e-06,2.94877e-06,50,100,100,234886,10 11 3 0 1 9 5 8 4 7 2 6 
86,3.33074e-06,4.25737e-06,2.88511e-06,50,100,100,234886,10 11 3 0 1 9 5 8 4 7 2 6 
87,3.35413e-06,4.25737e-06,2.96331e-06,50,100,100,234886,10 11 3 0 1 9 5 8 4 7 2 6 
88,3.34327e-06,4.25737e-06,2.98587e-06,50,100,100,234886,10 11 3 0 1 9 5 8 4 7 2 6 
89,3.3455e-06,4.25737e-06,2.9695e-06,50,100,100,234886,10 11 3 0 1 9 5 8 4 7 2 6 
90,3.34239e-06,4.25737e-06,2.95609e-06,50,100,100,234886,10 11 3 0 1 9 5 8 4 7 2 6 
91,3.31884e-06,4.25737e-06,3.00173e-06,50,100,100,234886,10 11 3 0 1 9 5 8 4 7 2 6 
92,3.32389e-06,4.25737e-06,2.9869e-06,50,100,100,234886,10 11 3 0 1 9 5 8 4 7 2 6 
93,3.30071e-06,4.25737e-06,2.96038e-06,50,100,100,234886,10 11 3 0 1 9 5 8 4 7 2 6 
94,3.31149e-06,4.25737e-06,2.97413e-06,50,100,100,234886,10 11 3 0 1 9 5 8 4 7 2 6 
95,3.30781e-06,4.25737e-06,2.89958e-06,50,100,100,234886,10 11 3 0 1 9 5 8 4 7 2 6 
96,3.34074e-06,4.25737e-06,2.96737e-06,50,100,100,234886,10 11 3 0 1 9 5 8 4 7 2 6 
97,3.33747e-06,4.25737e-06,3.01968e-06,50,100,100,234886,10 11 3 0 1 9 5 8 4 7 2 6 
98,3.31112e-06,4.25737e-06,2.93681e-06,50,100,100,234886,10 11 3 0 1 9 5 8 4 7 2 6 
99,3.26606e-06,4.25737e-06,2.9507e-06,50,100,100,234886,10 11 3 0 1 9 5 8 4 7 2 6 
100,3.30125e-06,4.25737e-06,2.9487e-06,50,100,100,234886,10 11 3 0 1 9 5 8 4 7 2 6 
101,3.34338e-06,4.25737e-06,2.97599e-06,50,100,100,234886,10 11 3 0 1 9 5 8 4 7 2 6 
102,3.31506e-06,4.25737e-06,2.97029e-06,50,100,100,234886,10 11 3 0 1 9 5 8 4 7 2 6 
103,3.31079e-06,4.25737e-06,2.96462e-06,50,100,100,234886,10 11 3 0 1 9 5 8 4 7 2 6 
104,3.34165e-06,4.25737e-06,2.96043e-06,50,100,100,234886,10 11 3 0 1 9 5 8 4 7 2 6 
105,3.3475e-06,4.25737e-06,3.04728e-06,50,100,100,234886,10 11 3 0 1 9 5 8 4 7 2 6 
106,3.33067e-06,4.25737e-06,2.9825e-06,50,100,100,234886,10 11 3 0 1 9 5 8 4 7 2 6 
107,3.3546e-06,4.25737e-06,3.00525e-06,50,100,100,234886,10 11 3 0 1 9 5 8 4 7 2 6 
108,3.33243e-06,4.25737e-06,2.94435e-06,50,100,100,234886,10 11 3 0 1 9 5 8 4 7 2 6 
109,3.32029e-06,4.25737e-06,3.02375e-06,50,100,100,234886,10 11 3 0 1 9 5 8 4 7 2 6 
110,3.33665e-06,4.25737e-06,3.02371e-06,50,100,100,234886,10 11 3 0 1 9 5 8 4 7 2 6 
111,3.33137e-06,4.25737e-06,3.025e-06,50,100,100,234886,10 11 3 0 1 9 5 8 4 7 2 6 
112,3.30501e-06,4.25737e-06,2.99332e-06,50,100,100,234886,10 11 3 0 1 9 5 8 4 7 2 6 
113,3.29309e-06,4.25737e-06,2.92558e-06,50,100,100,234886,10 11 3 0 1 9 5 8 4 7 2 6 
114,3.32881e-06,4.25737e-06,2.91595e-06,50,100,100,234886,10 11 3 0 1 9 5 8 4 7 2 6 
115,3.32069e-06,4.25737e-06,2.91347e-06,50,100,100,234886,10 11 3 0 1 9 5 8 4 7 2 6 
116,3.2996e-06,4.25737e-06,2.92821e-06,50,100,100,234886,10 11 3 0 1 9 5 8 4 7 2 6 
117,3.27898e-06,4.25737e-06,2.94138e-06,50,100,100,234886,10 11 3 0 1 9 5 8 4 7 2 6 
118,3.30225e-06,4.25737e-06,2.93556e-06,50,100,100,234886,10 11 3 0 1 9 5 8 4 7 2 6 
119,3.3031e-06,4.25737e-06,2.96069e-06,50,100,100,234886,10 11 3 0 1 9 5 8 4 7 2 6 
120,3.34372e-06,4.25737e-06,2.929e-06,50,100,100,234886,10 11 3 0 1 9 5 8 4 7 2 6 
121,3.31945e-06,4.25737e-06,2.97149e-06,50,100,100,234886,10 11 3 0 1 9 5 8 4 7 2 6 
122,3.33322e-06,4.25737e-06,2.93026e-06,50,100,100,234886,10 11 3 0 1 9 5 8 4 7 2 6 
123,3.32785e-06,4.25737e-06,2.95784e-06,50,100,100,234886,10 11 3 0 1 9 5 8 4 7 2 6 
124,3.35143e-06,4.25737e-06,2.98156e-06,50,100,100,234886,10 11 3 0 1 9 5 8 4 7 2 6 
125,3.36082e-06,4.33454e-06,2.98624e-06,50,100,100,230704,10 11 3 0 1 9 4 8 7 5 2 6 
126,3.34365e-06,4.33454e-06,2.99071e-06,50,100,100,230704,10 11 3 0 1 9 4 8 7 5 2 6 
127,3.36214e-06,4.33454e-06,2.9522e-06,50,100,100,230704,10 11 3 0 1 9 4 8 7 5 2 6 
128,3.35795e-06,4.33454e-06,2.95033e-06,50,100,100,230704,10 11 3 0 1 9 4 8 7 5 2 6 
129,3.35612e-06,4.33454e-06,3.03495e-06,50,100,100,230704,10 11 3 0 1 9 4 8 7 5 2 6 
130,3.34132e-06,4.33454e-06,2.98971e-06,50,100,100,230704,10 11 3 0 1 9 4 8 7 5 2 6 
131,3.37701e-06,4.33454e-06,3.02121e-06,50,100,100,230704,10 11 3 0 1 9 4 8 7 5 2 6 
132,3.41708e-06,4.33454e-06,3.01307e-06,50,100,100,230704,10 11 3 0 1 9 4 8 7 5 2 6 
133,3.3895e-06,4.33454e-06,3.00215e-06,50,100,100,230704,10 11 3 0 1 9 4 8 7 5 2 6 
134,3.42052e-06,4.33454e-06,2.98851e-06,50,100,100,230704,10 11 3 0 1 9 4 8 7 5 2 6 
135,3.38405e-06,4.33454e-06,2.97386e-06,50,100,100,230704,10 11 3 0 1 9 4 8 7 5 2 6 
136,3.36646e-06,4.33454e-06,3.02149e-06,50,100,100,230704,10 11 3 0 1 9 4 8 7 5 2 6 
137,3.38548e-06,4.33454e-06,3.02916e-06,50,100,100,230704,10 11 3 0 1 9 4 8 7 5 2 6 
138,3.4054e-06,4.33454e-06,2.97579e-06,50,100,100,230704,10 11 3 0 1 9 4 8 7 5 2 6 
139,3.41439e-06,4.33454e-06,2.96006e-06,50,100,100,230704,10 11 3 0 1 9 4 8 7 5 2 6 
140,3.38033e-06,4.33454e-06,3.01253e-06,50,100,100,230704,10 11 3 0 1 9 4 8 7 5 2 6 
141,3.40477e-06,4.33454e-06,3.00849e-06,50,100,100,230704,10 11 3 0 1 9 4 8 7 5 2 6 
142,3.43904e-06,4.33454e-06,2.98676e-06,50,100,100,230704,10 11 3 0 1 9 4 8 7 5 2 6 
143,3.4507e-06,4.33454e-06,3.00746e-06,50,100,100,230704,10 11 3 0 1 9 4 8 7 5 2 6 
144,3.4473e-06,4.33454e-06,2.9901e-06,50,100,100,230704,10 11 3 0 1 9 4 8 7 5 2 6 
145,3.39631e-06,4.33454e-06,2.97787e-06,50,100,100,230704,10 11 3 0 1 9 4 8 7 5 2 6 
146,3.42654e-06,4.33454e-06,2.94904e-06,50,100,100,230704,10 11 3 0 1 9 4 8 7 5 2 6 
147,3.43492e-06,4.33454e-06,3.0552e-06,50,100,100,230704,10 11 3 0 1 9 4 8 7 5 2 6 
148,3.40564e-06,4.33454e-06,2.89812e-06,50,100,100,230704,10 11 3 0 1 9 4 8 7 5 2 6 
149,3.45053e-06,4.33454e-06,2.99835e-06,50,100,100,230704,10 11 3 0 1 9 4 8 7 5 2 6 
150,3.42188e-06,4.33454e-06,2.96318e-06,50,100,100,230704,10 11 3 0 1 9 4 8 7 5 2 6 
151,3.43036e-06,4.33454e-06,3.05387e-06,50,100,100,230704,10 11 3 0 1 9 4 8 7 5 2 6 
152,3.44482e-06,4.33454e-06,2.9447e-06,50,100,100,230704,10 11 3 0 1 9 4 8 7 5 2 6 
153,3.42677e-06,4.33454e-06,3.0747e-06,50,100,100,230704,10 11 3 0 1 9 4 8 7 5 2 6 
154,3.46604e-06,4.33454e-06,3.02181e-06,50,100,100,230704,10 11 3 0 1 9 4 8 7 5 2 6 
155,3.44617e-06,4.33454e-06,2.98147e-06,50,100,100,230704,10 11 3 0 1 9 4 8 7 5 2 6 
156,3.46725e-06,4.33454e-06,3.02584e-06,50,100,100,230704,10 11 3 0 1 9 4 8 7 5 2 6 
157,3.41041e-06,4.33454e-06,3.06603e-06,50,100,100,230704,10 11 3 0 1 9 4 8 7 5 2 6 
158,3.41055e-06,4.33454e-06,3.02503e-06,50,100,100,230704,10 11 3 0 1 9 4 8 7 5 2 6 
159,3.43966e-06,4.33454e-06,2.98197e-06,50,100,100,230704,10 11 3 0 1 9 4 8 7 5 2 6 
160,3.42032e-06,4.33454e-06,3.06475e-06,50,100,100,230704,10 11 3 0 1 9 4 8 7 5 2 6 
161,3.44218e-06,4.33454e-06,2.94649e-06,50,100,100,230704,10 11 3 0 1 9 4 8 7 5 2 6 
162,3.42359e-06,4.33454e-06,2.9686e-06,50,100,100,230704,10 11 3 0 1 9 4 8 7 5 2 6 
163,3.44466e-06,4.33454e-06,3.05221e-06,50,100,100,230704,10 11 3 0 1 9 4 8 7 5 2 6 
164,3.44285e-06,4.33454e-06,3.0489e-06,50,100,100,230704,10 11 3 0 1 9 4 8 7 5 2 6 
165,3.45072e-06,4.33454e-06,2.99142e-06,50,100,100,230704,10 11 3 0 1 9 4 8 7 5 2 6 
166,3.41026e-06,4.33454e-06,2.90847e-06,50,100,100,230704,10 11 3 0 1 9 4 8 7 5 2 6 
167,3.40257e-06,4.33454e-06,2.99309e-06,50,100,100,230704,10 11 3 0 1 9 4 8 7 5 2 6 
168,3.406e-06,4.33454e-06,3.03864e-06,50,100,100,230704,10 11 3 0 1 9 4 8 7 5 2 6 
169,3.43191e-06,4.33454e-06,2.97537e-06,50,100,100,230704,10 11 3 0 1 9 4 8 7 5 2 6 
170,3.43524e-06,4.33454e-06,3.05984e-06,50,100,100,230704,10 11 3 0 1 9 4 8 7 5 2 6 
171,3.45572e-06,4.33454e-06,2.98e-06,50,100,100,230704,10 11 3 0 1 9 4 8 7 5 2 6 
172,3.49449e-06,4.33454e-06,3.03921e-06,50,100,100,230704,10 11 3 0 1 9 4 8 7 5 2 6 
173,3.4955e-06,4.33454e-06,2.99137e-06,50,100,100,230704,10 11 3 0 1 9 4 8 7 5 2 6 
174,3.54723e-06,4.33454e-06,3.05283e-06,50,100,100,230704,10 11 3 0 1 9 4 8 7 5 2 6 
175,3.53597e-06,4.33454e-06,3.0391e-06,50,100,100,230704,10 11 3 0 1 9 4 8 7 5 2 6 
176,3.51011e-06,4.33454e-06,3.03292e-06,50,100,100,230704,10 11 3 0 1 9 4 8 7 5 2 6 
177,3.54866e-06,4.33454e-06,3.03974e-06,50,100,100,230704,10 11 3 0 1 9 4 8 7 5 2 6 
178,3.57025e-06,4.33454e-06,3.03524e-06,50,100,100,230704,10 11 3 0 1 9 4 8 7 5 2 6 
179,3.55515e-06,4.33454e-06,3.08694e-06,50,100,100,230704,10 11 3 0 1 9 4 8 7 5 2 6 
180,3.57598e-06,4.33454e-06,3.0256e-06,50,100,100,230704,10 11 3 0 1 9 4 8 7 5 2 6 
181,3.57892e-06,4.33454e-06,3.06573e-06,50,100,100,230704,10 11 3 0 1 9 4 8 7 5 2 6 
182,3.57926e-06,4.33454e-06,3.07081e-06,50,100,100,230704,10 11 3 0 1 9 4 8 7 5 2 6 
183,3.61294e-06,4.33454e-06,3.11908e-06,50,100,100,230704,10 11 3 0 1 9 4 8 7 5 2 6 
184,3.61175e-06,4.33454e-06,3.10641e-06,50,100,100,230704,10 11 3 0 1 9 4 8 7 5 2 6 
185,3.65065e-06,4.33454e-06,3.07582e-06,50,100,100,230704,10 11 3 0 1 9 4 8 7 5 2 6 
186,3.63216e-06,4.33454e-06,3.09762e-06,50,100,100,230704,10 11 3 0 1 9 4 8 7 5 2 6 
187,3.68037e-06,4.33454e-06,3.09384e-06,50,100,100,230704,10 11 3 0 1 9 4 8 7 5 2 6 
188,3.70363e-06,4.33454e-06,3.15853e-06,50,100,100,230704,10 11 3 0 1 9 4 8 7 5 2 6 
189,3.65895e-06,4.33454e-06,3.04361e-06,50,100,100,230704,10 11 3 0 1 9 4 8 7 5 2 6 
190,3.6875e-06,4.33454e-06,3.00096e-06,50,100,100,230704,10 11 3 0 1 9 4 8 7 5 2 6 
191,3.75215e-06,4.33454e-06,3.0271e-06,50,100,100,230704,10 11 3 0 1 9 4 8 7 5 2 6 
192,3.70881e-06,4.33454e-06,3.0597e-06,50,100,100,230704,10 11 3 0 1 9 4 8 7 5 2 6 
193,3.68522e-06,4.33454e-06,2.97427e-06,50,100,100,230704,10 11 3 0 1 9 4 8 7 5 2 6 
194,3.71875e-06,4.33454e-06,2.95516e-06,50,100,100,230704,10 11 3 0 1 9 4 8 7 5 2 6 
195,3.70748e-06,4.33454e-06,3.03773e-06,50,100,100,230704,10 11 3 0 1 9 4 8 7 5 2 6 
196,3.75374e-06,4.33454e-06,3.0839e-06,50,100,100,230704,10 11 3 0 1 9 4 8 7 5 2 6 
197,3.75909e-06,4.33454e-06,3.11479e-06,50,100,100,230704,10 11 3 0 1 9 4 8 7 5 2 6 
198,3.74522e-06,4.33454e-06,3.10591e-06,50,100,100,230704,10 11 3 0 1 9 4 8 7 5 2 6 
199,3.68558e-06,4.33454e-06,3.06742e-06,50,100,100,230704,10 11 3 0 1 9 4 8 7 5 2 6 
200,3.70984e-06,4.33454e-06,3.10323e-06,50,100,100,230704,10 11 3 0 1 9 4 8 7 5 2 6 
201,3.75212e-06,4.33454e-06,3.03114e-06,50,100,100,230704,10 11 3 0 1 9 4 8 7 5 2 6 
202,3.73117e-06,4.33454e-06,3.07219e-06,50,100,100,230704,10 11 3 0 1 9 4 8 7 5 2 6 
203,3.78505e-06,4.33454e-06,3.12736e-06,50,100,100,230704,10 11 3 0 1 9 4 8 7 5 2 6 
204,3.7278e-06,4.33454e-06,3.02844e-06,50,100,100,230704,10 11 3 0 1 9 4 8 7 5 2 6 
205,3.79777e-06,4.33454e-06,3.1403e-06,50,100,100,230704,10 11 3 0 1 9 4 8 7 5 2 6 
206,3.75333e-06,4.33454e-06,3.1145e-06,50,100,100,230704,10 11 3 0 1 9 4 8 7 5 2 6 
207,3.76542e-06,4.33454e-06,3.06475e-06,50,100,100,230704,10 11 3 0 1 9 4 8 7 5 2 6 
208,3.77249e-06,4.33454e-06,3.05946e-06,50,100,100,230704,10 11 3 0 1 9 4 8 7 5 2 6 
209,3.7729e-06,4.33454e-06,3.05242e-06,50,100,100,230704,10 11 3 0 1 9 4 8 7 5 2 6 
210,3.77613e-06,4.33454e-06,3.15152e-06,50,100,100,230704,10 11 3 0 1 9 4 8 7 5 2 6 
211,3.71089e-06,4.33454e-06,3.00126e-06,50,100,100,230704,10 11 3 0 1 9 4 8 7 5 2 6 
212,3.74479e-06,4.33454e-06,3.11421e-06,50,100,100,230704,10 11 3 0 1 9 4 8 7 5 2 6 
213,3.70412e-06,4.33454e-06,3.0681e-06,50,100,100,230704,10 11 3 0 1 9 4 8 7 5 2 6 
214,3.6816e-06,4.33454e-06,3.06072e-06,50,100,100,230704,10 11 3 0 1 9 4 8 7 5 2 6 
215,3.65895e-06,4.33454e-06,3.05931e-06,50,100,100,230704,10 11 3 0 1 9 4 8 7 5 2 6 
216,3.71254e-06,4.33454e-06,2.99927e-06,50,100,100,230704,10 11 3 0 1 9 4 8 7 5 2 6 
217,3.74869e-06,4.33454e-06,3.07028e-06,50,100,100,230704,10 11 3 0 1 9 4 8 7 5 2 6 
218,3.78158e-06,4.33454e-06,3.17909e-06,50,100,100,230704,10 11 3 0 1 9 4 8 7 5 2 6 
219,3.70242e-06,4.33454e-06,3.02317e-06,50,100,100,230704,10 11 3 0 1 9 4 8 7 5 2 6 
220,3.75664e-06,4.33454e-06,3.17163e-06,50,100,100,230704,10 11 3 0 1 9 4 8 7 5 2 6 
221,3.7708e-06,4.33454e-06,3.04261e-06,50,100,100,230704,10 11 3 0 1 9 4 8 7 5 2 6 
222,3.7362e-06,4.33454e-06,3.09925e-06,50,100,100,230704,10 11 3 0 1 9 4 8 7 5 2 6 
223,3.78342e-06,4.33454e-06,3.05866e-06,50,100,100,230704,10 11 3 0 1 9 4 8 7 5 2 6 
224,3.71427e-06,4.33454e-06,3.09103e-06,50,100,100,230704,10 11 3 0 1 9 4 8 7 5 2 6 
225,3.68286e-06,4.33454e-06,3.00126e-06,50,100,100,230704,10 11 3 0 1 9 4 8 7 5 2 6 
226,3.70127e-06,4.33454e-06,3.04634e-06,50,100,100,230704,10 11 3 0 1 9 4 8 7 5 2 6 
227,3.73386e-06,4.33454e-06,3.08489e-06,50,100,100,230704,10 11 3 0 1 9 4 8 7 5 2 6 
228,3.72902e-06,4.33454e-06,3.0662e-06,50,100,100,230704,10 11 3 0 1 9 4 8 7 5 2 6 
229,3.76116e-06,4.33454e-06,3.082e-06,50,100,100,230704,10 11 3 0 1 9 4 8 7 5 2 6 
230,3.74104e-06,4.33454e-06,3.01686e-06,50,100,100,230704,10 11 3 0 1 9 4 8 7 5 2 6 
231,3.70721e-06,4.33454e-06,3.06077e-06,50,100,100,230704,10 11 3 0 1 9 4 8 7 5 2 6 
232,3.80726e-06,4.33454e-06,3.18377e-06,50,100,100,230704,10 11 3 0 1 9 4 8 7 5 2 6 
233,3.80798e-06,4.33454e-06,3.10483e-06,50,100,100,230704,10 11 3 0 1 9 4 8 7 5 2 6 
234,3.74547e-06,4.33454e-06,3.09692e-06,50,100,100,230704,10 11 3 0 1 9 4 8 7 5 2 6 
235,3.71294e-06,4.33454e-06,3.02412e-06,50,100,100,230704,10 11 3 0 1 9 4 8 7 5 2 6 
236,3.70276e-06,4.33454e-06,3.11388e-06,50,100,100,230704,10 11 3 0 1 9 4 8 7 5 2 6 
237,3.75772e-06,4.33454e-06,3.05591e-06,50,100,100,230704,10 11 3 0 1 9 4 8 7 5 2 6 
238,3.75327e-06,4.33454e-06,3.10115e-06,50,100,100,230704,10 11 3 0 1 9 4 8 7 5 2 6 
239,3.73261e-06,4.33454e-06,3.06252e-06,50,100,100,230704,10 11 3 0 1 9 4 8 7 5 2 6 
240,3.73066e-06,4.33454e-06,3.13294e-06,50,100,100,230704,10 11 3 0 1 9 4 8 7 5 2 6 
241,3.70972e-06,4.33454e-06,3.08683e-06,50,100,100,230704,10 11 3 0 1 9 4 8 7 5 2 6 
242,3.7237e-06,4.33454e-06,3.05703e-06,50,100,100,230704,10 11 3 0 1 9 4 8 7 5 2 6 
243,3.70655e-06,4.33454e-06,3.07959e-06,50,100,100,230704,10 11 3 0 1 9 4 8 7 5 2 6 
244,3.68422e-06,4.33454e-06,3.06763e-06,50,100,100,230704,10 11 3 0 1 9 4 8 7 5 2 6 
245,3.67134e-06,4.33454e-06,3.05555e-06,50,100,100,230704,10 11 3 0 1 9 4 8 7 5 2 6 
246,3.72539e-06,4.33454e-06,3.11244e-06,50,100,100,230704,10 11 3 0 1 9 4 8 7 5 2 6 
247,3.69089e-06,4.33454e-06,2.99017e-06,50,100,100,230704,10 11 3 0 1 9 4 8 7 5 2 6 
248,3.6542e-06,4.33454e-06,3.03921e-06,50,100,100,230704,10 11 3 0 1 9 4 8 7 5 2 6 
249,3.72863e-06,4.33454e-06,3.04274e-06,50,100,100,230704,10 11 3 0 1 9 4 8 7 5 2 6 
250,3.70652e-06,4.33454e-06,3.05486e-06,50,100,100,230704,10 11 3 0 1 9 4 8 7 5 2 6 
251,3.70391e-06,4.33454e-06,3.11487e-06,50,100,100,230704,10 11 3 0 1 9 4 8 7 5 2 6 
252,3.7314e-06,4.33454e-06,3.11446e-06,50,100,100,230704,10 11 3 0 1 9 4 8 7 5 2 6 
253,3.64959e-06,4.33454e-06,3.04207e-06,50,100,100,230704,10 11 3 0 1 9 4 8 7 5 2 6 
254,3.68795e-06,4.33454e-06,3.0839e-06,50,100,100,230704,10 11 3 0 1 9 4 8 7 5 2 6 
255,3.66534e-06,4.33454e-06,3.08014e-06,50,100,100,230704,10 11 3 0 1 9 4 8 7 5 2 6 
256,3.70604e-06,4.33454e-06,3.01073e-06,50,100,100,230704,10 11 3 0 1 9 4 8 7 5 2 6 
257,3.6774e-06,4.33454e-06,3.08771e-06,50,100,100,230704,10 11 3 0 1 9 4 8 7 5 2 6 
258,3.70017e-06,4.33454e-06,3.00238e-06,50,100,100,230704,10 11 3 0 1 9 4 8 7 5 2 6 
259,3.63813e-06,4.33454e-06,3.07881e-06,50,100,100,230704,10 11 3 0 1 9 4 8 7 5 2 6 
260,3.67278e-06,4.33454e-06,3.04178e-06,50,100,100,230704,10 11 3 0 1 9 4 8 7 5 2 6 
261,3.681e-06,4.33454e-06,3.00408e-06,50,100,100,230704,10 11 3 0 1 9 4 8 7 5 2 6 
262,3.68495e-06,4.33454e-06,3.05372e-06,50,100,100,230704,10 11 3 0 1 9 4 8 7 5 2 6 
263,3.67646e-06,4.33454e-06,3.08091e-06,50,100,100,230704,10 11 3 0 1 9 4 8 7 5 2 6 
264,3.68608e-06,4.33454e-06,3.09173e-06,50,100,100,230704,10 11 3 0 1 9 4 8 7 5 2 6 
265,3.67304e-06,4.33454e-06,3.00361e-06,50,100,100,230704,10 11 3 0 1 9 4 8 7 5 2 6 
266,3.62615e-06,4.33454e-06,3.07532e-06,50,100,100,230704,10 11 3 0 1 9 4 8 7 5 2 6 
267,3.63386e-06,4.33454e-06,2.98562e-06,50,100,100,230704,10 11 3 0 1 9 4 8 7 5 2 6 
268,3.69774e-06,4.33454e-06,3.11603e-06,50,100,100,230704,10 11 3 0 1 9 4 8 7 5 2 6 
269,3.67899e-06,4.33454e-06,3.03773e-06,50,100,100,230704,10 11 3 0 1 9 4 8 7 5 2 6 
270,3.75587e-06,4.33454e-06,3.09925e-06,50,100,100,230704,10 11 3 0 1 9 4 8 7 5 2 6 
271,3.73302e-06,4.33454e-06,3.04126e-06,50,100,100,230704,10 11 3 0 1 9 4 8 7 5 2 6 
272,3.76125e-06,4.33454e-06,3.07686e-06,50,100,100,230704,10 11 3 0 1 9 4 8 7 5 2 6 
273,3.60411e-06,4.33454e-06,3.02597e-06,50,100,100,230704,10 11 3 0 1 9 4 8 7 5 2 6 
274,3.66501e-06,4.33454e-06,2.99898e-06,50,100,100,230704,10 11 3 0 1 9 4 8 7 5 2 6 
275,3.66326e-06,4.33454e-06,2.98878e-06,50,100,100,230704,10 11 3 0 1 9 4 8 7 5 2 6 
276,3.74764e-06,4.33454e-06,3.05225e-06,50,100,100,230704,10 11 3 0 1 9 4 8 7 5 2 6 
277,3.65763e-06,4.33454e-06,3.00946e-06,50,100,100,230704,10 11 3 0 1 9 4 8 7 5 2 6 
278,3.63579e-06,4.33454e-06,3.1491e-06,50,100,100,230704,10 11 3 0 1 9 4 8 7 5 2 6 
279,3.6457e-06,4.33454e-06,2.94981e-06,50,100,100,230704,10 11 3 0 1 9 4 8 7 5 2 6 
280,3.63006e-06,4.33454e-06,3.05371e-06,50,100,100,230704,10 11 3 0 1 9 4 8 7 5 2 6 
281,3.60341e-06,4.33454e-06,2.97105e-06,50,100,100,230704,10 11 3 0 1 9 4 8 7 5 2 6 
282,3.62115e-06,4.33454e-06,3.05369e-06,50,100,100,230704,10 11 3 0 1 9 4 8 7 5 2 6 
283,3.66653e-06,4.33454e-06,3.09925e-06,50,100,100,230704,10 11 3 0 1 9 4 8 7 5 2 6 
284,3.69014e-06,4.33454e-06,3.0794e-06,50,100,100,230704,10 11 3 0 1 9 4 8 7 5 2 6 
285,3.66663e-06,4.33454e-06,3.0273e-06,50,100,100,230704,10 11 3 0 1 9 4 8 7 5 2 6 
286,3.63924e-06,4.33454e-06,3.03755e-06,50,100,100,230704,10 11 3 0 1 9 4 8 7 5 2 6 
287,3.66519e-06,4.33454e-06,3.09239e-06,50,100,100,230704,10 11 3 0 1 9 4 8 7 5 2 6 
288,3.69835e-06,4.33454e-06,2.9956e-06,50,100,100,230704,10 11 3 0 1 9 4 8 7 5 2 6 
289,3.69935e-06,4.33454e-06,3.05421e-06,50,100,100,230704,10 11 3 0 1 9 4 8 7 5 2 6 
290,3.70948e-06,4.33454e-06,2.98026e-06,50,100,100,230704,10 11 3 0 1 9 4 8 7 5 2 6 
291,3.68182e-06,4.33454e-06,3.03388e-06,50,100,100,230704,10 11 3 0 1 9 4 8 7 5 2 6 
292,3.67507e-06,4.33454e-06,3.0886e-06,50,100,100,230704,10 11 3 0 1 9 4 8 7 5 2 6 
293,3.60969e-06,4.33454e-06,3.03958e-06,50,100,100,230704,10 11 3 0 1 9 4 8 7 5 2 6 
294,3.61849e-06,4.33454e-06,3.04699e-06,50,100,100,230704,10 11 3 0 1 9 4 8 7 5 2 6 
295,3.63851e-06,4.33454e-06,2.96991e-06,50,100,100,230704,10 11 3 0 1 9 4 8 7 5 2 6 
296,3.69175e-06,4.33454e-06,3.11289e-06,50,100,100,230704,10 11 3 0 1 9 4 8 7 5 2 6 
297,3.69657e-06,4.33454e-06,2.9863e-06,50,100,100,230704,10 11 3 0 1 9 4 8 7 5 2 6 
298,3.67519e-06,4.33454e-06,3.12298e-06,50,100,100,230704,10 11 3 0 1 9 4 8 7 5 2 6 
299,3.63104e-06,4.33454e-06,2.99705e-06,50,100,100,230704,10 11 3 0 1 9 4 8 7 5 2 6 
300,3.66199e-06,4.33454e-06,2.97192e-06,50,100,100,230704,10 11 3 0 1 9 4 8 7 5 2 6 
301,3.67914e-06,4.33454e-06,3.12521e-06,50,100,100,230704,10 11 3 0 1 9 4 8 7 5 2 6 
302,3.67442e-06,4.33454e-06,3.00731e-06,50,100,100,230704,10 11 3 0 1 9 4 8 7 5 2 6 
303,3.64044e-06,4.33454e-06,3.05039e-06,50,100,100,230704,10 11 3 0 1 9 4 8 7 5 2 6 
304,3.67607e-06,4.33454e-06,2.99257e-06,50,100,100,230704,10 11 3 0 1 9 4 8 7 5 2 6 
305,3.68772e-06,4.33454e-06,3.10107e-06,50,100,100,230704,10 11 3 0 1 9 4 8 7 5 2 6 
306,3.66499e-06,4.33454e-06,3.09296e-06,50,100,100,230704,10 11 3 0 1 9 4 8 7 5 2 6 
307,3.655e-06,4.33454e-06,3.08868e-06,50,100,100,230704,10 11 3 0 1 9 4 8 7 5 2 6 
308,3.67011e-06,4.33454e-06,3.09925e-06,50,100,100,230704,10 11 3 0 1 9 4 8 7 5 2 6 
309,3.65644e-06,4.33454e-06,2.9982e-06,50,100,100,230704,10 11 3 0 1 9 4 8 7 5 2 6 
310,3.66926e-06,4.33454e-06,3.08485e-06,50,100,100,230704,10 11 3 0 1 9 4 8 7 5 2 6 
311,3.70183e-06,4.33454e-06,3.18856e-06,50,100,100,230704,10 11 3 0 1 9 4 8 7 5 2 6 
312,3.67165e-06,4.33454e-06,3.0063e-06,50,100,100,230704,10 11 3 0 1 9 4 8 7 5 2 6 
313,3.79719e-06,4.33454e-06,3.10483e-06,50,100,100,230704,10 11 3 0 1 9 4 8 7 5 2 6 
314,3.79643e-06,4.33454e-06,3.09917e-06,50,100,100,230704,10 11 3 0 1 9 4 8 7 5 2 6 
315,3.69538e-06,4.33454e-06,3.07294e-06,50,100,100,230704,10 11 3 0 1 9 4 8 7 5 2 6 
316,3.69519e-06,4.33454e-06,3.13428e-06,50,100,100,230704,10 11 3 0 1 9 4 8 7 5 2 6 
317,3.65033e-06,4.33454e-06,3.00653e-06,50,100,100,230704,10 11 3 0 1 9 4 8 7 5 2 6 
318,3.67199e-06,4.33454e-06,3.03162e-06,50,100,100,230704,10 11 3 0 1 9 4 8 7 5 2 6 
319,3.62191e-06,4.33454e-06,3.02043e-06,50,100,100,230704,10 11 3 0 1 9 4 8 7 5 2 6 
320,3.66193e-06,4.33454e-06,2.99237e-06,50,100,100,230704,10 11 3 0 1 9 4 8 7 5 2 6 
321,3.68561e-06,4.33454e-06,3.09487e-06,50,100,100,230704,10 11 3 0 1 9 4 8 7 5 2 6 
322,3.67008e-06,4.33454e-06,3.01155e-06,50,100,100,230704,10 11 3 0 1 9 4 8 7 5 2 6 
323,3.69567e-06,4.33454e-06,3.05899e-06,50,100,100,230704,10 11 3 0 1 9 4 8 7 5 2 6 
324,3.65922e-06,4.33454e-06,3.0794e-06,50,100,100,230704,10 11 3 0 1 9 4 8 7 5 2 6 
325,3.6323e-06,4.33454e-06,3.05991e-06,50,100,100,230704,10 11 3 0 1 9 4 8 7 5 2 6 
326,3.63326e-06,4.33454e-06,2.98878e-06,50,100,100,230704,10 11 3 0 1 9 4 8 7 5 2 6 
327,3.6747e-06,4.33454e-06,3.0794e-06,50,100,100,230704,10 11 3 0 1 9 4 8 7 5 2 6 
328,3.65755e-06,4.33454e-06,3.07951e-06,50,100,100,230704,10 11 3 0 1 9 4 8 7 5 2 6 
329,3.63828e-06,4.33454e-06,2.98817e-06,50,100,100,230704,10 11 3 0 1 9 4 8 7 5 2 6 
330,3.67501e-06,4.33454e-06,3.0422e-06,50,100,100,230704,10 11 3 0 1 9 4 8 7 5 2 6 
331,3.72256e-06,4.33454e-06,3.07238e-06,50,100,100,230704,10 11 3 0 1 9 4 8 7 5 2 6 
332,3.74279e-06,4.33454e-06,3.04117e-06,50,100,100,230704,10 11 3 0 1 9 4 8 7 5 2 6 
333,3.78794e-06,4.33454e-06,3.14016e-06,50,100,100,230704,10 11 3 0 1 9 4 8 7 5 2 6 
334,3.75054e-06,4.33454e-06,2.99492e-06,50,100,100,230704,10 11 3 0 1 9 4 8 7 5 2 6 
335,3.80178e-06,4.33454e-06,3.09771e-06,50,100,100,230704,10 11 3 0 1 9 4 8 7 5 2 6 
336,3.79441e-06,4.33454e-06,3.11788e-06,50,100,100,230704,10 11 3 0 1 9 4 8 7 5 2 6 
337,3.76252e-06,4.33454e-06,3.0583e-06,50,100,100,230704,10 11 3 0 1 9 4 8 7 5 2 6 
338,3.76714e-06,4.33454e-06,2.98687e-06,50,100,100,230704,10 11 3 0 1 9 4 8 7 5 2 6 
339,3.76082e-06,4.33454e-06,3.04545e-06,50,100,100,230704,10 11 3 0 1 9 4 8 7 5 2 6 
340,3.792e-06,4.33454e-06,3.09577e-06,50,100,100,230704,10 11 3 0 1 9 4 8 7 5 2 6 
341,3.75376e-06,4.33454e-06,3.02844e-06,50,100,100,230704,10 11 3 0 1 9 4 8 7 5 2 6 
342,3.72504e-06,4.33454e-06,2.97508e-06,50,100,100,230704,10 11 3 0 1 9 4 8 7 5 2 6 
343,3.68883e-06,4.33454e-06,3.06719e-06,50,100,100,230704,10 11 3 0 1 9 4 8 7 5 2 6 
344,3.65217e-06,4.33454e-06,3.02309e-06,50,100,100,230704,10 11 3 0 1 9 4 8 7 5 2 6 
345,3.72942e-06,4.33454e-06,3.10824e-06,50,100,100,230704,10 11 3 0 1 9 4 8 7 5 2 6 
346,3.72395e-06,4.33454e-06,3.07085e-06,50,100,100,230704,10 11 3 0 1 9 4 8 7 5 2 6 
347,3.692e-06,4.33454e-06,3.03755e-06,50,100,100,230704,10 11 3 0 1 9 4 8 7 5 2 6 
348,3.69991e-06,4.33454e-06,3.05606e-06,50,100,100,230704,10 11 3 0 1 9 4 8 7 5 2 6 
349,3.68047e-06,4.33454e-06,3.04052e-06,50,100,100,230704,10 11 3 0 1 9 4 8 7 5 2 6 
350,3.67474e-06,4.33454e-06,3.11582e-06,50,100,100,230704,10 11 3 0 1 9 4 8 7 5 2 6 
351,3.67613e-06,4.33454e-06,3.07309e-06,50,100,100,230704,10 11 3 0 1 9 4 8 7 5 2 6 
352,3.65015e-06,4.33454e-06,2.94472e-06,50,100,100,230704,10 11 3 0 1 9 4 8 7 5 2 6 
353,3.60894e-06,4.33454e-06,3.02467e-06,50,100,100,230704,10 11 3 0 1 9 4 8 7 5 2 6 
354,3.62176e-06,4.33454e-06,3.00455e-06,50,100,100,230704,10 11 3 0 1 9 4 8 7 5 2 6 
355,3.60383e-06,4.33454e-06,3.01487e-06,50,100,100,230704,10 11 3 0 1 9 4 8 7 5 2 6 
356,3.62269e-06,4.33454e-06,3.01808e-06,50,100,100,230704,10 11 3 0 1 9 4 8 7 5 2 6 
357,3.66129e-06,4.33454e-06,3.08359e-06,50,100,100,230704,10 11 3 0 1 9 4 8 7 5 2 6 
358,3.67244e-06,4.33454e-06,2.98878e-06,50,100,100,230704,10 11 3 0 1 9 4 8 7 5 2 6 
359,3.65235e-06,4.33454e-06,3.04604e-06,50,100,100,230704,10 11 3 0 1 9 4 8 7 5 2 6 
360,3.70258e-06,4.33454e-06,3.06347e-06,50,100,100,230704,10 11 3 0 1 9 4 8 7 5 2 6 
361,3.70822e-06,4.33454e-06,3.07729e-06,50,100,100,230704,10 11 3 0 1 9 4 8 7 5 2 6 
362,3.72833e-06,4.33454e-06,3.1145e-06,50,100,100,230704,10 11 3 0 1 9 4 8 7 5 2 6 
363,3.77436e-06,4.33454e-06,3.0557e-06,50,100,100,230704,10 11 3 0 1 9 4 8 7 5 2 6 
364,3.71144e-06,4.33454e-06,2.9754e-06,50,100,100,230704,10 11 3 0 1 9 4 8 7 5 2 6 
365,3.74783e-06,4.33454e-06,3.06764e-06,50,100,100,230704,10 11 3 0 1 9 4 8 7 5 2 6 
366,3.79196e-06,4.33454e-06,3.13829e-06,50,100,100,230704,10 11 3 0 1 9 4 8 7 5 2 6 
367,3.73606e-06,4.33454e-06,3.09925e-06,50,100,100,230704,10 11 3 0 1 9 4 8 7 5 2 6 
368,3.73501e-06,4.33454e-06,3.06475e-06,50,100,100,230704,10 11 3 0 1 9 4 8 7 5 2 6 
369,3.69757e-06,4.33454e-06,3.05841e-06,50,100,100,230704,10 11 3 0 1 9 4 8 7 5 2 6 
370,3.69839e-06,4.33454e-06,3.15263e-06,50,100,100,230704,10 11 3 0 1 9 4 8 7 5 2 6 
371,3.68537e-06,4.33454e-06,3.03386e-06,50,100,100,230704,10 11 3 0 1 9 4 8 7 5 2 6 
372,3.68806e-06,4.33454e-06,2.9868e-06,50,100,100,230704,10 11 3 0 1 9 4 8 7 5 2 6 
373,3.70454e-06,4.33454e-06,3.03991e-06,50,100,100,230704,10 11 3 0 1 9 4 8 7 5 2 6 
374,3.68754e-06,4.33454e-06,3.08015e-06,50,100,100,230704,10 11 3 0 1 9 4 8 7 5 2 6 
375,3.653e-06,4.33454e-06,3.09925e-06,50,100,100,230704,10 11 3 0 1 9 4 8 7 5 2 6 
376,3.69926e-06,4.33454e-06,3.07317e-06,50,100,100,230704,10 11 3 0 1 9 4 8 7 5 2 6 
377,3.76704e-06,4.33454e-06,3.13294e-06,50,100,100,230704,10 11 3 0 1 9 4 8 7 5 2 6 
378,3.7481e-06,4.33454e-06,3.07134e-06,50,100,100,230704,10 11 3 0 1 9 4 8 7 5 2 6 
379,3.73602e-06,4.33454e-06,3.07932e-06,50,100,100,230704,10 11 3 0 1 9 4 8 7 5 2 6 
380,3.71669e-06,4.33454e-06,3.14829e-06,50,100,100,230704,10 11 3 0 1 9 4 8 7 5 2 6 
381,3.72302e-06,4.33454e-06,3.08788e-06,50,100,100,230704,10 11 3 0 1 9 4 8 7 5 2 6 
382,3.73119e-06,4.33454e-06,3.02556e-06,50,100,100,230704,10 11 3 0 1 9 4 8 7 5 2 6 
383,3.74455e-06,4.33454e-06,3.05802e-06,50,100,100,230704,10 11 3 0 1 9 4 8 7 5 2 6 
384,3.7747e-06,4.33454e-06,3.0794e-06,50,100,100,230704,10 11 3 0 1 9 4 8 7 5 2 6 
385,3.69329e-06,4.33454e-06,3.07256e-06,50,100,100,230704,10 11 3 0 1 9 4 8 7 5 2 6 
386,3.79604e-06,4.33454e-06,3.0521e-06,50,100,100,230704,10 11 3 0 1 9 4 8 7 5 2 6 
387,3.77423e-06,4.33454e-06,3.11945e-06,50,100,100,230704,10 11 3 0 1 9 4 8 7 5 2 6 
388,3.74361e-06,4.33454e-06,3.09254e-06,50,100,100,230704,10 11 3 0 1 9 4 8 7 5 2 6 
389,3.79074e-06,4.33454e-06,3.07045e-06,50,100,100,230704,10 11 3 0 1 9 4 8 7 5 2 6 
390,3.78288e-06,4.33454e-06,3.07646e-06,50,100,100,230704,10 11 3 0 1 9 4 8 7 5 2 6 
391,3.82213e-06,4.33454e-06,3.14793e-06,50,100,100,230704,10 11 3 0 1 9 4 8 7 5 2 6 
392,3.74453e-06,4.33454e-06,3.02399e-06,50,100,100,230704,10 11 3 0 1 9 4 8 7 5 2 6 
393,3.74211e-06,4.33454e-06,3.11659e-06,50,100,100,230704,10 11 3 0 1 9 4 8 7 5 2 6 
394,3.67394e-06,4.33454e-06,3.08162e-06,50,100,100,230704,10 11 3 0 1 9 4 8 7 5 2 6 
395,3.66711e-06,4.33454e-06,3.03484e-06,50,100,100,230704,10 11 3 0 1 9 4 8 7 5 2 6 
396,3.63782e-06,4.33454e-06,3.02032e-06,50,100,100,230704,10 11 3 0 1 9 4 8 7 5 2 6 
397,3.67018e-06,4.33454e-06,3.09143e-06,50,100,100,230704,10 11 3 0 1 9 4 8 7 5 2 6 
398,3.65997e-06,4.33454e-06,3.03795e-06,50,100,100,230704,10 11 3 0 1 9 4 8 7 5 2 6 
399,3.61879e-06,4.33454e-06,3.06458e-06,50,100,100,230704,10 11 3 0 1 9 4 8 7 5 2 6 
400,3.58944e-06,4.33454e-06,3.01411e-06,50,100,100,230704,10 11 3 0 1 9 4 8 7 5 2 6 
401,3.61021e-06,4.33454e-06,2.98238e-06,50,100,100,230704,10 11 3 0 1 9 4 8 7 5 2 6 
402,3.7199e-06,4.33454e-06,3.06447e-06,50,100,100,230704,10 11 3 0 1 9 4 8 7 5 2 6 
403,3.73944e-06,4.33454e-06,3.10873e-06,50,100,100,230704,10 11 3 0 1 9 4 8 7 5 2 6 
404,3.7365e-06,4.33454e-06,3.13949e-06,50,100,100,230704,10 11 3 0 1 9 4 8 7 5 2 6 
405,3.71362e-06,4.33454e-06,3.09925e-06,50,100,100,230704,10 11 3 0 1 9 4 8 7 5 2 6 
406,3.72228e-06,4.33454e-06,3.00038e-06,50,100,100,230704,10 11 3 0 1 9 4 8 7 5 2 6 
407,3.71165e-06,4.33454e-06,3.09133e-06,50,100,100,230704,10 11 3 0 1 9 4 8 7 5 2 6 
408,3.69421e-06,4.33454e-06,3.07767e-06,50,100,100,230704,10 11 3 0 1 9 4 8 7 5 2 6 
409,3.66425e-06,4.33454e-06,3.04873e-06,50,100,100,230704,10 11 3 0 1 9 4 8 7 5 2 6 
410,3.74855e-06,4.33454e-06,3.03176e-06,50,100,100,230704,10 11 3 0 1 9 4 8 7 5 2 6 
411,3.8105e-06,4.33454e-06,3.1114e-06,50,100,100,230704,10 11 3 0 1 9 4 8 7 5 2 6 
412,3.79937e-06,4.33454e-06,2.97953e-06,50,100,100,230704,10 11 3 0 1 9 4 8 7 5 2 6 
413,3.71135e-06,4.33454e-06,2.94764e-06,50,100,100,230704,10 11 3 0 1 9 4 8 7 5 2 6 
414,3.67875e-06,4.33454e-06,2.9981e-06,50,100,100,230704,10 11 3 0 1 9 4 8 7 5 2 6 
415,3.67699e-06,4.33454e-06,2.97473e-06,50,100,100,230704,10 11 3 0 1 9 4 8 7 5 2 6 
416,3.71348e-06,4.33454e-06,3.07309e-06,50,100,100,230704,10 11 3 0 1 9 4 8 7 5 2 6 
417,3.70426e-06,4.33454e-06,3.08473e-06,50,100,100,230704,10 11 3 0 1 9 4 8 7 5 2 6 
418,3.69256e-06,4.33454e-06,3.02191e-06,50,100,100,230704,10 11 3 0 1 9 4 8 7 5 2 6 
419,3.73143e-06,4.33454e-06,3.09009e-06,50,100,100,230704,10 11 3 0 1 9 4 8 7 5 2 6 
420,3.70923e-06,4.33454e-06,3.13002e-06,50,100,100,230704,10 11 3 0 1 9 4 8 7 5 2 6 
421,3.68888e-06,4.33454e-06,3.07504e-06,50,100,100,230704,10 11 3 0 1 9 4 8 7 5 2 6 
422,3.7072e-06,4.33454e-06,3.05785e-06,50,100,100,230704,10 11 3 0 1 9 4 8 7 5 2 6 
423,3.69725e-06,4.33454e-06,3.07309e-06,50,100,100,230704,10 11 3 0 1 9 4 8 7 5 2 6 
424,3.66782e-06,4.33454e-06,2.9768e-06,50,100,100,230704,10 11 3 0 1 9 4 8 7 5 2 6 
425,3.67912e-06,4.33454e-06,3.06274e-06,50,100,100,230704,10 11 3 0 1 9 4 8 7 5 2 6 
426,3.67003e-06,4.33454e-06,3.09925e-06,50,100,100,230704,10 11 3 0 1 9 4 8 7 5 2 6 
427,3.71662e-06,4.33454e-06,3.06432e-06,50,100,100,230704,10 11 3 0 1 9 4 8 7 5 2 6 
428,3.75682e-06,4.33454e-06,3.0061e-06,50,100,100,230704,10 11 3 0 1 9 4 8 7 5 2 6 
429,3.73634e-06,4.33454e-06,3.10055e-06,50,100,100,230704,10 11 3 0 1 9 4 8 7 5 2 6 
430,3.73381e-06,4.33454e-06,3.01587e-06,50,100,100,230704,10 11 3 0 1 9 4 8 7 5 2 6 
431,3.69835e-06,4.33454e-06,3.06755e-06,50,100,100,230704,10 11 3 0 1 9 4 8 7 5 2 6 
432,3.73322e-06,4.33454e-06,3.09587e-06,50,100,100,230704,10 11 3 0 1 9 4 8 7 5 2 6 
433,3.68467e-06,4.33454e-06,3.06302e-06,50,100,100,230704,10 11 3 0 1 9 4 8 7 5 2 6 
434,3.71564e-06,4.33454e-06,3.08188e-06,50,100,100,230704,10 11 3 0 1 9 4 8 7 5 2 6 
435,3.72275e-06,4.33454e-06,3.04873e-06,50,100,100,230704,10 11 3 0 1 9 4 8 7 5 2 6 
436,3.70051e-06,4.33454e-06,3.06535e-06,50,100,100,230704,10 11 3 0 1 9 4 8 7 5 2 6 
437,3.72336e-06,4.33454e-06,3.0661e-06,50,100,100,230704,10 11 3 0 1 9 4 8 7 5 2 6 
438,3.76723e-06,4.33454e-06,3.103e-06,50,100,100,230704,10 11 3 0 1 9 4 8 7 5 2 6 
439,3.76011e-06,4.33454e-06,3.07442e-06,50,100,100,230704,10 11 3 0 1 9 4 8 7 5 2 6 
440,3.7539e-06,4.33454e-06,3.03884e-06,50,100,100,230704,10 11 3 0 1 9 4 8 7 5 2 6 
441,3.76492e-06,4.33454e-06,3.03484e-06,50,100,100,230704,10 11 3 0 1 9 4 8 7 5 2 6 
442,3.75288e-06,4.33454e-06,3.06516e-06,50,100,100,230704,10 11 3 0 1 9 4 8 7 5 2 6 
443,3.71713e-06,4.33454e-06,3.07538e-06,50,100,100,230704,10 11 3 0 1 9 4 8 7 5 2 6 
444,3.73638e-06,4.33454e-06,3.11605e-06,50,100,100,230704,10 11 3 0 1 9 4 8 7 5 2 6 
445,3.68671e-06,4.33454e-06,3.09925e-06,50,100,100,230704,10 11 3 0 1 9 4 8 7 5 2 6 
446,3.69044e-06,4.33454e-06,3.05997e-06,50,100,100,230704,10 11 3 0 1 9 4 8 7 5 2 6 
447,3.7034e-06,4.33454e-06,2.98617e-06,50,100,100,230704,10 11 3 0 1 9 4 8 7 5 2 6 
448,3.67922e-06,4.33454e-06,3.04126e-06,50,100,100,230704,10 11 3 0 1 9 4 8 7 5 2 6 
449,3.65493e-06,4.33454e-06,3.03397e-06,50,100,100,230704,10 11 3 0 1 9 4 8 7 5 2 6 
450,3.65724e-06,4.33454e-06,2.98384e-06,50,100,100,230704,10 11 3 0 1 9 4 8 7 5 2 6 
451,3.71884e-06,4.33454e-06,2.97623e-06,50,100,100,230704,10 11 3 0 1 9 4 8 7 5 2 6 
452,3.71401e-06,4.33454e-06,3.04346e-06,50,100,100,230704,10 11 3 0 1 9 4 8 7 5 2 6 
453,3.73182e-06,4.33454e-06,3.14377e-06,50,100,100,230704,10 11 3 0 1 9 4 8 7 5 2 6 
454,3.7364e-06,4.33454e-06,3.04346e-06,50,100,100,230704,10 11 3 0 1 9 4 8 7 5 2 6 
455,3.66346e-06,4.33454e-06,3.07411e-06,50,100,100,230704,10 11 3 0 1 9 4 8 7 5 2 6 
456,3.67299e-06,4.33454e-06,3.14749e-06,50,100,100,230704,10 11 3 0 1 9 4 8 7 5 2 6 
457,3.68568e-06,4.33454e-06,3.05998e-06,50,100,100,230704,10 11 3 0 1 9 4 8 7 5 2 6 
458,3.65579e-06,4.33454e-06,3.03755e-06,50,100,100,230704,10 11 3 0 1 9 4 8 7 5 2 6 
459,3.70885e-06,4.33454e-06,3.10179e-06,50,100,100,230704,10 11 3 0 1 9 4 8 7 5 2 6 
460,3.73091e-06,4.33454e-06,3.03239e-06,50,100,100,230704,10 11 3 0 1 9 4 8 7 5 2 6 
461,3.68763e-06,4.33454e-06,3.02141e-06,50,100,100,230704,10 11 3 0 1 9 4 8 7 5 2 6 
462,3.64312e-06,4.33454e-06,3.09925e-06,50,100,100,230704,10 11 3 0 1 9 4 8 7 5 2 6 
463,3.62405e-06,4.33454e-06,3.09869e-06,50,100,100,230704,10 11 3 0 1 9 4 8 7 5 2 6 
464,3.63506e-06,4.33454e-06,3.04176e-06,50,100,100,230704,10 11 3 0 1 9 4 8 7 5 2 6 
465,3.66552e-06,4.33454e-06,3.08137e-06,50,100,100,230704,10 11 3 0 1 9 4 8 7 5 2 6 
466,3.58137e-06,4.33454e-06,3.03895e-06,50,100,100,230704,10 11 3 0 1 9 4 8 7 5 2 6 
467,3.61755e-06,4.33454e-06,3.07663e-06,50,100,100,230704,10 11 3 0 1 9 4 8 7 5 2 6 
468,3.62009e-06,4.33454e-06,3.07222e-06,50,100,100,230704,10 11 3 0 1 9 4 8 7 5 2 6 
469,3.61741e-06,4.33454e-06,2.96563e-06,50,100,100,230704,10 11 3 0 1 9 4 8 7 5 2 6 
470,3.61165e-06,4.33454e-06,3.08399e-06,50,100,100,230704,10 11 3 0 1 9 4 8 7 5 2 6 
471,3.60158e-06,4.33454e-06,3.0428e-06,50,100,100,230704,10 11 3 0 1 9 4 8 7 5 2 6 
472,3.62091e-06,4.33454e-06,3.12683e-06,50,100,100,230704,10 11 3 0 1 9 4 8 7 5 2 6 
473,3.69139e-06,4.33454e-06,3.07466e-06,50,100,100,230704,10 11 3 0 1 9 4 8 7 5 2 6 
474,3.69598e-06,4.33454e-06,3.12603e-06,50,100,100,230704,10 11 3 0 1 9 4 8 7 5 2 6 
475,3.66776e-06,4.33454e-06,2.98926e-06,50,100,100,230704,10 11 3 0 1 9 4 8 7 5 2 6 
476,3.6816e-06,4.33454e-06,3.07809e-06,50,100,100,230704,10 11 3 0 1 9 4 8 7 5 2 6 
477,3.6696e-06,4.33454e-06,3.09177e-06,50,100,100,230704,10 11 3 0 1 9 4 8 7 5 2 6 
478,3.66871e-06,4.33454e-06,3.08023e-06,50,100,100,230704,10 11 3 0 1 9 4 8 7 5 2 6 
479,3.68922e-06,4.33454e-06,3.14912e-06,50,100,100,230704,10 11 3 0 1 9 4 8 7 5 2 6 
480,3.67872e-06,4.33454e-06,3.03395e-06,50,100,100,230704,10 11 3 0 1 9 4 8 7 5 2 6 
481,3.67122e-06,4.33454e-06,3.10375e-06,50,100,100,230704,10 11 3 0 1 9 4 8 7 5 2 6 
482,3.68402e-06,4.33454e-06,3.06424e-06,50,100,100,230704,10 11 3 0 1 9 4 8 7 5 2 6 
483,3.69053e-06,4.33454e-06,3.08002e-06,50,100,100,230704,10 11 3 0 1 9 4 8 7 5 2 6 
484,3.74974e-06,4.33454e-06,3.07919e-06,50,100,100,230704,10 11 3 0 1 9 4 8 7 5 2 6 
485,3.74506e-06,4.33454e-06,3.08569e-06,50,100,100,230704,10 11 3 0 1 9 4 8 7 5 2 6 
486,3.74037e-06,4.33454e-06,3.1145e-06,50,100,100,230704,10 11 3 0 1 9 4 8 7 5 2 6 
487,3.76508e-06,4.33454e-06,3.14087e-06,50,100,100,230704,10 11 3 0 1 9 4 8 7 5 2 6 
488,3.7261e-06,4.33454e-06,3.02804e-06,50,100,100,230704,10 11 3 0 1 9 4 8 7 5 2 6 
489,3.77483e-06,4.33454e-06,3.14676e-06,50,100,100,230704,10 11 3 0 1 9 4 8 7 5 2 6 
490,3.68549e-06,4.33454e-06,2.97788e-06,50,100,100,230704,10 11 3 0 1 9 4 8 7 5 2 6 
491,3.66811e-06,4.33454e-06,3.06377e-06,50,100,100,230704,10 11 3 0 1 9 4 8 7 5 2 6 
492,3.68444e-06,4.33454e-06,3.07756e-06,50,100,100,230704,10 11 3 0 1 9 4 8 7 5 2 6 
493,3.69467e-06,4.33454e-06,3.05882e-06,50,100,100,230704,10 11 3 0 1 9 4 8 7 5 2 6 
494,3.73479e-06,4.33454e-06,3.07221e-06,50,100,100,230704,10 11 3 0 1 9 4 8 7 5 2 6 
495,3.67686e-06,4.33454e-06,3.06475e-06,50,100,100,230704,10 11 3 0 1 9 4 8 7 5 2 6 
496,3.66484e-06,4.33454e-06,3.08327e-06,50,100,100,230704,10 11 3 0 1 9 4 8 7 5 2 6 
497,3.66095e-06,4.33454e-06,3.03121e-06,50,100,100,230704,10 11 3 0 1 9 4 8 7 5 2 6 
498,3.68845e-06,4.33454e-06,3.09925e-06,50,100,100,230704,10 11 3 0 1 9 4 8 7 5 2 6 
499,3.69168e-06,4.33454e-06,3.14851e-06,50,100,100,230704,10 11 3 0 1 9 4 8 7 5 2 6 
500,3.67584e-06,4.33454e-06,3.10479e-06,50,100,100,230704,10 11 3 0 1 9 4 8 7 5 2 6 
501,3.69128e-06,4.33454e-06,3.04026e-06,50,100,100,230704,10 11 3 0 1 9 4 8 7 5 2 6 
502,3.68128e-06,4.33454e-06,2.99474e-06,50,100,100,230704,10 11 3 0 1 9 4 8 7 5 2 6 
503,3.67016e-06,4.33454e-06,3.08091e-06,50,100,100,230704,10 11 3 0 1 9 4 8 7 5 2 6 
504,3.69939e-06,4.33454e-06,3.04628e-06,50,100,100,230704,10 11 3 0 1 9 4 8 7 5 2 6 
505,3.696e-06,4.33454e-06,3.14263e-06,50,100,100,230704,10 11 3 0 1 9 4 8 7 5 2 6 
506,3.74791e-06,4.33454e-06,3.15355e-06,50,100,100,230704,10 11 3 0 1 9 4 8 7 5 2 6 
507,3.80684e-06,4.33454e-06,3.05823e-06,50,100,100,230704,10 11 3 0 1 9 4 8 7 5 2 6 
508,3.76622e-06,4.33454e-06,3.04219e-06,50,100,100,230704,10 11 3 0 1 9 4 8 7 5 2 6 
509,3.76703e-06,4.33454e-06,3.08333e-06,50,100,100,230704,10 11 3 0 1 9 4 8 7 5 2 6 
510,3.73158e-06,4.33454e-06,3.0794e-06,50,100,100,230704,10 11 3 0 1 9 4 8 7 5 2 6 
511,3.76819e-06,4.33454e-06,3.13687e-06,50,100,100,230704,10 11 3 0 1 9 4 8 7 5 2 6 
512,3.78996e-06,4.33454e-06,3.12782e-06,50,100,100,230704,10 11 3 0 1 9 4 8 7 5 2 6 
513,3.78777e-06,4.33454e-06,3.11068e-06,50,100,100,230704,10 11 3 0 1 9 4 8 7 5 2 6 
514,3.74991e-06,4.33454e-06,3.02309e-06,50,100,100,230704,10 11 3 0 1 9 4 8 7 5 2 6 
515,3.68448e-06,4.33454e-06,3.03335e-06,50,100,100,230704,10 11 3 0 1 9 4 8 7 5 2 6 
516,3.6818e-06,4.33454e-06,3.10103e-06,50,100,100,230704,10 11 3 0 1 9 4 8 7 5 2 6 
517,3.6173e-06,4.33454e-06,3.02564e-06,50,100,100,230704,10 11 3 0 1 9 4 8 7 5 2 6 
518,3.61565e-06,4.33454e-06,3.02097e-06,50,100,100,230704,10 11 3 0 1 9 4 8 7 5 2 6 
519,3.59324e-06,4.33454e-06,3.0305e-06,50,100,100,230704,10 11 3 0 1 9 4 8 7 5 2 6 
520,3.62228e-06,4.33454e-06,3.05464e-06,50,100,100,230704,10 11 3 0 1 9 4 8 7 5 2 6 
521,3.64975e-06,4.33454e-06,3.03755e-06,50,100,100,230704,10 11 3 0 1 9 4 8 7 5 2 6 
522,3.69167e-06,4.33454e-06,3.01411e-06,50,100,100,250368,10 11 3 0 9 4 1 8 7 5 2 6 
523,3.67178e-06,4.33454e-06,3.0761e-06,50,100,100,230704,10 11 3 0 1 9 4 8 7 5 2 6 
524,3.72152e-06,4.33454e-06,3.07421e-06,50,100,100,230704,10 11 3 0 1 9 4 8 7 5 2 6 
525,3.66875e-06,4.33454e-06,3.12916e-06,50,100,100,230704,10 11 3 0 1 9 4 8 7 5 2 6 
526,3.64865e-06,4.33454e-06,2.98846e-06,50,100,100,230704,10 11 3 0 1 9 4 8 7 5 2 6 
527,3.63782e-06,4.33454e-06,3.04269e-06,50,100,100,230704,10 11 3 0 1 9 4 8 7 5 2 6 
528,3.67329e-06,4.33454e-06,3.12392e-06,50,100,100,230704,10 11 3 0 1 9 4 8 7 5 2 6 
529,3.70645e-06,4.33454e-06,3.07979e-06,50,100,100,230704,10 11 3 0 1 9 4 8 7 5 2 6 
530,3.70889e-06,4.33454e-06,3.0574e-06,50,100,100,230704,10 11 3 0 1 9 4 8 7 5 2 6 
531,3.7071e-06,4.33454e-06,3.10931e-06,50,100,100,230704,10 11 3 0 1 9 4 8 7 5 2 6 
532,3.72363e-06,4.33454e-06,3.13453e-06,50,100,100,230704,10 11 3 0 1 9 4 8 7 5 2 6 
533,3.75802e-06,4.33454e-06,3.01986e-06,50,100,100,230704,10 11 3 0 1 9 4 8 7 5 2 6 
534,3.75428e-06,4.33454e-06,3.02097e-06,50,100,100,230704,10 11 3 0 1 9 4 8 7 5 2 6 
535,3.71461e-06,4.33454e-06,3.11146e-06,50,100,100,230704,10 11 3 0 1 9 4 8 7 5 2 6 
536,3.65878e-06,4.33454e-06,3.08413e-06,50,100,100,230704,10 11 3 0 1 9 4 8 7 5 2 6 
537,3.69513e-06,4.33454e-06,3.09925e-06,50,100,100,230704,10 11 3 0 1 9 4 8 7 5 2 6 
538,3.72721e-06,4.33454e-06,3.11031e-06,50,100,100,230704,10 11 3 0 1 9 4 8 7 5 2 6 
539,3.68473e-06,4.33454e-06,3.13691e-06,50,100,100,230704,10 11 3 0 1 9 4 8 7 5 2 6 
540,3.69331e-06,4.33454e-06,3.17139e-06,50,100,100,230704,10 11 3 0 1 9 4 8 7 5 2 6 
541,3.70273e-06,4.33454e-06,3.02066e-06,50,100,100,230704,10 11 3 0 1 9 4 8 7 5 2 6 
542,3.67438e-06,4.33454e-06,3.03072e-06,50,100,100,230704,10 11 3 0 1 9 4 8 7 5 2 6 
543,3.67776e-06,4.33454e-06,3.07801e-06,50,100,100,230704,10 11 3 0 1 9 4 8 7 5 2 6 
544,3.65462e-06,4.33454e-06,3.02875e-06,50,100,100,230704,10 11 3 0 1 9 4 8 7 5 2 6 
545,3.6875e-06,4.33454e-06,3.05621e-06,50,100,100,230704,10 11 3 0 1 9 4 8 7 5 2 6 
546,3.65677e-06,4.33454e-06,3.01631e-06,50,100,100,230704,10 11 3 0 1 9 4 8 7 5 2 6 
547,3.72114e-06,4.33454e-06,2.97606e-06,50,100,100,230704,10 11 3 0 1 9 4 8 7 5 2 6 
548,3.6717e-06,4.33454e-06,3.10186e-06,50,100,100,230704,10 11 3 0 1 9 4 8 7 5 2 6 
549,3.68553e-06,4.33454e-06,3.09229e-06,50,100,100,230704,10 11 3 0 1 9 4 8 7 5 2 6 
550,3.74846e-06,4.33454e-06,3.10413e-06,50,100,100,230704,10 11 3 0 1 9 4 8 7 5 2 6 
551,3.774e-06,4.33454e-06,3.10483e-06,50,100,100,230704,10 11 3 0 1 9 4 8 7 5 2 6 
552,3.69422e-06,4.33454e-06,3.07997e-06,50,100,100,230704,10 11 3 0 1 9 4 8 7 5 2 6 
553,3.72768e-06,4.33454e-06,2.95555e-06,50,100,100,230704,10 11 3 0 1 9 4 8 7 5 2 6 
554,3.69888e-06,4.33454e-06,3.00108e-06,50,100,100,230704,10 11 3 0 1 9 4 8 7 5 2 6 
555,3.70334e-06,4.33454e-06,3.0228e-06,50,100,100,230704,10 11 3 0 1 9 4 8 7 5 2 6 
556,3.71016e-06,4.33454e-06,3.00642e-06,50,100,100,230704,10 11 3 0 1 9 4 8 7 5 2 6 
557,3.69093e-06,4.33454e-06,2.99119e-06,50,100,100,230704,10 11 3 0 1 9 4 8 7 5 2 6 
558,3.71459e-06,4.33454e-06,3.0677e-06,50,100,100,230704,10 11 3 0 1 9 4 8 7 5 2 6 
559,3.64972e-06,4.33454e-06,3.06887e-06,50,100,100,230704,10 11 3 0 1 9 4 8 7 5 2 6 
560,3.66529e-06,4.33454e-06,3.03028e-06,50,100,100,230704,10 11 3 0 1 9 4 8 7 5 2 6 
561,3.62816e-06,4.33454e-06,3.04886e-06,50,100,100,230704,10 11 3 0 1 9 4 8 7 5 2 6 
562,3.67644e-06,4.33454e-06,3.06894e-06,50,100,100,230704,10 11 3 0 1 9 4 8 7 5 2 6 
563,3.7506e-06,4.33454e-06,3.15033e-06,50,100,100,230704,10 11 3 0 1 9 4 8 7 5 2 6 
564,3.71277e-06,4.33454e-06,3.11537e-06,50,100,100,230704,10 11 3 0 1 9 4 8 7 5 2 6 
565,3.70683e-06,4.33454e-06,3.12916e-06,50,100,100,230704,10 11 3 0 1 9 4 8 7 5 2 6 
566,3.7419e-06,4.33454e-06,3.018e-06,50,100,100,230704,10 11 3 0 1 9 4 8 7 5 2 6 
567,3.77669e-06,4.33454e-06,3.06062e-06,50,100,100,230704,10 11 3 0 1 9 4 8 7 5 2 6 
568,3.6968e-06,4.33454e-06,3.05905e-06,50,100,100,230704,10 11 3 0 1 9 4 8 7 5 2 6 
569,3.75359e-06,4.33454e-06,3.11072e-06,50,100,100,230704,10 11 3 0 1 9 4 8 7 5 2 6 
570,3.79381e-06,4.33454e-06,3.05751e-06,50,100,100,230704,10 11 3 0 1 9 4 8 7 5 2 6 
571,3.74176e-06,4.33454e-06,3.01487e-06,50,100,100,230704,10 11 3 0 1 9 4 8 7 5 2 6 
572,3.72019e-06,4.33454e-06,2.98464e-06,50,100,100,230704,10 11 3 0 1 9 4 8 7 5 2 6 
573,3.78264e-06,4.33454e-06,3.01431e-06,50,100,100,230704,10 11 3 0 1 9 4 8 7 5 2 6 
574,3.75392e-06,4.33454e-06,3.10205e-06,50,100,100,230704,10 11 3 0 1 9 4 8 7 5 2 6 
575,3.81708e-06,4.33454e-06,3.0693e-06,50,100,100,230704,10 11 3 0 1 9 4 8 7 5 2 6 
576,3.75168e-06,4.33454e-06,3.0329e-06,50,100,100,230704,10 11 3 0 1 9 4 8 7 5 2 6 
577,3.74618e-06,4.33454e-06,2.98594e-06,50,100,100,230704,10 11 3 0 1 9 4 8 7 5 2 6 
578,3.80774e-06,4.33454e-06,3.06092e-06,50,100,100,230704,10 11 3 0 1 9 4 8 7 5 2 6 
579,3.73171e-06,4.33454e-06,3.08588e-06,50,100,100,230704,10 11 3 0 1 9 4 8 7 5 2 6 
580,3.80574e-06,4.33454e-06,3.06201e-06,50,100,100,230704,10 11 3 0 1 9 4 8 7 5 2 6 
581,3.85928e-06,4.33454e-06,3.15307e-06,50,100,100,230704,10 11 3 0 1 9 4 8 7 5 2 6 
582,3.77161e-06,4.33454e-06,3.01919e-06,50,100,100,230704,10 11 3 0 1 9 4 8 7 5 2 6 
583,3.7932e-06,4.33454e-06,3.02602e-06,50,100,100,299418,10 11 0 1 9 4 8 3 7 5 2 6 
584,3.6819e-06,4.33454e-06,3.03033e-06,50,100,100,230704,10 11 3 0 1 9 4 8 7 5 2 6 
585,3.7055e-06,4.33454e-06,3.07451e-06,50,100,100,230704,10 11 3 0 1 9 4 8 7 5 2 6 
586,3.67081e-06,4.33454e-06,3.04091e-06,50,100,100,230704,10 11 3 0 1 9 4 8 7 5 2 6 
587,3.66658e-06,4.33454e-06,3.04762e-06,50,100,100,230704,10 11 3 0 1 9 4 8 7 5 2 6 
588,3.68032e-06,4.33454e-06,3.07561e-06,50,100,100,230704,10 11 3 0 1 9 4 8 7 5 2 6 
589,3.6869e-06,4.33454e-06,3.0887e-06,50,100,100,230704,10 11 3 0 1 9 4 8 7 5 2 6 
590,3.67303e-06,4.33454e-06,3.11146e-06,50,100,100,230704,10 11 3 0 1 9 4 8 7 5 2 6 
591,3.71367e-06,4.33454e-06,3.03557e-06,50,100,100,230704,10 11 3 0 1 9 4 8 7 5 2 6 
592,3.78606e-06,4.33454e-06,3.13719e-06,50,100,100,230704,10 11 3 0 1 9 4 8 7 5 2 6 
593,3.73282e-06,4.33454e-06,3.14097e-06,50,100,100,230704,10 11 3 0 1 9 4 8 7 5 2 6 
594,3.70688e-06,4.33454e-06,2.98245e-06,50,100,100,230704,10 11 3 0 1 9 4 8 7 5 2 6 
595,3.70615e-06,4.33454e-06,3.07587e-06,50,100,100,230704,10 11 3 0 1 9 4 8 7 5 2 6 
596,3.72929e-06,4.33454e-06,2.99325e-06,50,100,100,230704,10 11 3 0 1 9 4 8 7 5 2 6 
597,3.83076e-06,4.33454e-06,3.13096e-06,50,100,100,230704,10 11 3 0 1 9 4 8 7 5 2 6 
598,3.80443e-06,4.33454e-06,3.11832e-06,50,100,100,230704,10 11 3 0 1 9 4 8 7 5 2 6 
599,3.7859e-06,4.33454e-06,3.09925e-06,50,100,100,230704,10 11 3 0 1 9 4 8 7 5 2 6 
600,3.70788e-06,4.33454e-06,3.09925e-06,50,100,100,230704,10 11 3 0 1 9 4 8 7 5 2 6 
601,3.67413e-06,4.33454e-06,2.98955e-06,50,100,100,230704,10 11 3 0 1 9 4 8 7 5 2 6 
602,3.69861e-06,4.33454e-06,3.01151e-06,50,100,100,230704,10 11 3 0 1 9 4 8 7 5 2 6 
603,3.70961e-06,4.33454e-06,2.98956e-06,50,100,100,230704,10 11 3 0 1 9 4 8 7 5 2 6 
604,3.73987e-06,4.33454e-06,3.05063e-06,50,100,100,230704,10 11 3 0 1 9 4 8 7 5 2 6 
605,3.67229e-06,4.33454e-06,3.04135e-06,50,100,100,230704,10 11 3 0 1 9 4 8 7 5 2 6 
606,3.65918e-06,4.33454e-06,3.05384e-06,50,100,100,230704,10 11 3 0 1 9 4 8 7 5 2 6 
607,3.68158e-06,4.33454e-06,3.02216e-06,50,100,100,230704,10 11 3 0 1 9 4 8 7 5 2 6 
608,3.61803e-06,4.33454e-06,3.02536e-06,50,100,100,230704,10 11 3 0 1 9 4 8 7 5 2 6 
609,3.65854e-06,4.33454e-06,3.00798e-06,50,100,100,230704,10 11 3 0 1 9 4 8 7 5 2 6 
610,3.7179e-06,4.33454e-06,3.13296e-06,50,100,100,230704,10 11 3 0 1 9 4 8 7 5 2 6 
611,3.69185e-06,4.33454e-06,3.03747e-06,50,100,100,230704,10 11 3 0 1 9 4 8 7 5 2 6 
612,3.65876e-06,4.33454e-06,3.04382e-06,50,100,100,230704,10 11 3 0 1 9 4 8 7 5 2 6 
613,3.69068e-06,4.33454e-06,3.00831e-06,50,100,100,230704,10 11 3 0 1 9 4 8 7 5 2 6 
614,3.67957e-06,4.33454e-06,3.08338e-06,50,100,100,230704,10 11 3 0 1 9 4 8 7 5 2 6 
615,3.62147e-06,4.33454e-06,3.0428e-06,50,100,100,230704,10 11 3 0 1 9 4 8 7 5 2 6 
616,3.65088e-06,4.33454e-06,3.01953e-06,50,100,100,230704,10 11 3 0 1 9 4 8 7 5 2 6 
617,3.68395e-06,4.33454e-06,3.02403e-06,50,100,100,230704,10 11 3 0 1 9 4 8 7 5 2 6 
618,3.71467e-06,4.33454e-06,3.05589e-06,50,100,100,230704,10 11 3 0 1 9 4 8 7 5 2 6 
619,3.7191e-06,4.33454e-06,3.12335e-06,50,100,100,230704,10 11 3 0 1 9 4 8 7 5 2 6 
620,3.78221e-06,4.33454e-06,3.14255e-06,50,100,100,230704,10 11 3 0 1 9 4 8 7 5 2 6 
621,3.81346e-06,4.33454e-06,3.0597e-06,50,100,100,230704,10 11 3 0 1 9 4 8 7 5 2 6 
622,3.7627e-06,4.33454e-06,3.09925e-06,50,100,100,230704,10 11 3 0 1 9 4 8 7 5 2 6 
623,3.73824e-06,4.33454e-06,3.04663e-06,50,100,100,230704,10 11 3 0 1 9 4 8 7 5 2 6 
624,3.65829e-06,4.33454e-06,3.05731e-06,50,100,100,230704,10 11 3 0 1 9 4 8 7 5 2 6 
625,3.67088e-06,4.33454e-06,3.07442e-06,50,100,100,230704,10 11 3 0 1 9 4 8 7 5 2 6 
626,3.64965e-06,4.33454e-06,3.08031e-06,50,100,100,230704,10 11 3 0 1 9 4 8 7 5 2 6 
627,3.60415e-06,4.33454e-06,3.06034e-06,50,100,100,230704,10 11 3 0 1 9 4 8 7 5 2 6 
628,3.62372e-06,4.33454e-06,3.10319e-06,50,100,100,230704,10 11 3 0 1 9 4 8 7 5 2 6 
629,3.65753e-06,4.33454e-06,3.08752e-06,50,100,100,230704,10 11 3 0 1 9 4 8 7 5 2 6 
630,3.69902e-06,4.33454e-06,3.10123e-06,50,100,100,230704,10 11 3 0 1 9 4 8 7 5 2 6 
631,3.70963e-06,4.33454e-06,3.07032e-06,50,100,100,230704,10 11 3 0 1 9 4 8 7 5 2 6 
632,3.63496e-06,4.33454e-06,3.09646e-06,50,100,100,230704,10 11 3 0 1 9 4 8 7 5 2 6 
633,3.57981e-06,4.33454e-06,3.06586e-06,50,100,100,230704,10 11 3 0 1 9 4 8 7 5 2 6 
634,3.6017e-06,4.33454e-06,3.01727e-06,50,100,100,230704,10 11 3 0 1 9 4 8 7 5 2 6 
635,3.63377e-06,4.33454e-06,3.02357e-06,50,100,100,230704,10 11 3 0 1 9 4 8 7 5 2 6 
636,3.66514e-06,4.33454e-06,2.95073e-06,50,100,100,230704,10 11 3 0 1 9 4 8 7 5 2 6 
637,3.66205e-06,4.33454e-06,3.14046e-06,50,100,100,230704,10 11 3 0 1 9 4 8 7 5 2 6 
638,3.70968e-06,4.33454e-06,3.01778e-06,50,100,100,230704,10 11 3 0 1 9 4 8 7 5 2 6 
639,3.73415e-06,4.33454e-06,3.04241e-06,50,100,100,230704,10 11 3 0 1 9 4 8 7 5 2 6 
640,3.72258e-06,4.33454e-06,2.99571e-06,50,100,100,230704,10 11 3 0 1 9 4 8 7 5 2 6 
641,3.65376e-06,4.33454e-06,3.08179e-06,50,100,100,230704,10 11 3 0 1 9 4 8 7 5 2 6 
642,3.61941e-06,4.33454e-06,3.08489e-06,50,100,100,230704,10 11 3 0 1 9 4 8 7 5 2 6 
643,3.61462e-06,4.33454e-06,2.99955e-06,50,100,100,230704,10 11 3 0 1 9 4 8 7 5 2 6 
644,3.63969e-06,4.33454e-06,3.09925e-06,50,100,100,230704,10 11 3 0 1 9 4 8 7 5 2 6 
645,3.68521e-06,4.33454e-06,3.0938e-06,50,100,100,230704,10 11 3 0 1 9 4 8 7 5 2 6 
646,3.69977e-06,4.33454e-06,3.04346e-06,50,100,100,230704,10 11 3 0 1 9 4 8 7 5 2 6 
647,3.72652e-06,4.33454e-06,3.03797e-06,50,100,100,230704,10 11 3 0 1 9 4 8 7 5 2 6 
648,3.75155e-06,4.33454e-06,3.11097e-06,50,100,100,230704,10 11 3 0 1 9 4 8 7 5 2 6 
649,3.75078e-06,4.33454e-06,2.93911e-06,50,100,100,230704,10 11 3 0 1 9 4 8 7 5 2 6 
650,3.79313e-06,4.33454e-06,3.10288e-06,50,100,100,230704,10 11 3 0 1 9 4 8 7 5 2 6 
651,3.76039e-06,4.33454e-06,3.09925e-06,50,100,100,230704,10 11 3 0 1 9 4 8 7 5 2 6 
652,3.76593e-06,4.33454e-06,3.02917e-06,50,100,100,230704,10 11 3 0 1 9 4 8 7 5 2 6 
653,3.77558e-06,4.33454e-06,3.06475e-06,50,100,100,230704,10 11 3 0 1 9 4 8 7 5 2 6 
654,3.71482e-06,4.33454e-06,3.06111e-06,50,100,100,230704,10 11 3 0 1 9 4 8 7 5 2 6 
655,3.68328e-06,4.33454e-06,3.07601e-06,50,100,100,230704,10 11 3 0 1 9 4 8 7 5 2 6 
656,3.70276e-06,4.33454e-06,3.06012e-06,50,100,100,230704,10 11 3 0 1 9 4 8 7 5 2 6 
657,3.62815e-06,4.33454e-06,3.04961e-06,50,100,100,230704,10 11 3 0 1 9 4 8 7 5 2 6 
658,3.66711e-06,4.33454e-06,2.98024e-06,50,100,100,230704,10 11 3 0 1 9 4 8 7 5 2 6 
659,3.65503e-06,4.33454e-06,3.06373e-06,50,100,100,230704,10 11 3 0 1 9 4 8 7 5 2 6 
660,3.62918e-06,4.33454e-06,3.09485e-06,50,100,100,230704,10 11 3 0 1 9 4 8 7 5 2 6 
661,3.56375e-06,4.33454e-06,2.99221e-06,50,100,100,230704,10 11 3 0 1 9 4 8 7 5 2 6 
662,3.61669e-06,4.33454e-06,3.04126e-06,50,100,100,230704,10 11 3 0 1 9 4 8 7 5 2 6 
663,3.67929e-06,4.33454e-06,3.01771e-06,50,100,100,230704,10 11 3 0 1 9 4 8 7 5 2 6 
664,3.69046e-06,4.33454e-06,3.00233e-06,50,100,100,230704,10 11 3 0 1 9 4 8 7 5 2 6 
665,3.78155e-06,4.33454e-06,3.11328e-06,50,100,100,230704,10 11 3 0 1 9 4 8 7 5 2 6 
666,3.78668e-06,4.33454e-06,3.13051e-06,50,100,100,230704,10 11 3 0 1 9 4 8 7 5 2 6 
667,3.66946e-06,4.33454e-06,3.07139e-06,50,100,100,230704,10 11 3 0 1 9 4 8 7 5 2 6 
668,3.67302e-06,4.33454e-06,3.1497e-06,50,100,100,230704,10 11 3 0 1 9 4 8 7 5 2 6 
669,3.67989e-06,4.33454e-06,2.99898e-06,50,100,100,230704,10 11 3 0 1 9 4 8 7 5 2 6 
670,3.71385e-06,4.33454e-06,2.992e-06,50,100,100,230704,10 11 3 0 1 9 4 8 7 5 2 6 
671,3.69262e-06,4.33454e-06,3.00702e-06,50,100,100,230704,10 11 3 0 1 9 4 8 7 5 2 6 
672,3.65946e-06,4.33454e-06,3.0961e-06,50,100,100,230704,10 11 3 0 1 9 4 8 7 5 2 6 
673,3.67906e-06,4.33454e-06,3.05961e-06,50,100,100,230704,10 11 3 0 1 9 4 8 7 5 2 6 
674,3.62385e-06,4.33454e-06,3.08919e-06,50,100,100,230704,10 11 3 0 1 9 4 8 7 5 2 6 
675,3.61164e-06,4.33454e-06,3.07778e-06,50,100,100,230704,10 11 3 0 1 9 4 8 7 5 2 6 
676,3.6548e-06,4.33454e-06,3.11361e-06,50,100,100,230704,10 11 3 0 1 9 4 8 7 5 2 6 
677,3.66003e-06,4.33454e-06,3.03386e-06,50,100,100,230704,10 11 3 0 1 9 4 8 7 5 2 6 
678,3.67168e-06,4.33454e-06,3.05963e-06,50,100,100,230704,10 11 3 0 1 9 4 8 7 5 2 6 
679,3.67312e-06,4.33454e-06,3.04524e-06,50,100,100,230704,10 11 3 0 1 9 4 8 7 5 2 6 
680,3.73894e-06,4.33454e-06,3.16143e-06,50,100,100,230704,10 11 3 0 1 9 4 8 7 5 2 6 
681,3.7573e-06,4.33454e-06,3.08485e-06,50,100,100,230704,10 11 3 0 1 9 4 8 7 5 2 6 
682,3.78594e-06,4.33454e-06,3.07491e-06,50,100,100,230704,10 11 3 0 1 9 4 8 7 5 2 6 
683,3.75313e-06,4.33454e-06,3.11873e-06,50,100,100,230704,10 11 3 0 1 9 4 8 7 5 2 6 
684,3.79832e-06,4.33454e-06,3.08266e-06,50,100,100,230704,10 11 3 0 1 9 4 8 7 5 2 6 
685,3.74835e-06,4.33454e-06,3.14946e-06,50,100,100,230704,10 11 3 0 1 9 4 8 7 5 2 6 
686,3.79032e-06,4.33454e-06,3.08795e-06,50,100,100,230704,10 11 3 0 1 9 4 8 7 5 2 6 
687,3.83199e-06,4.33454e-06,3.15311e-06,50,100,100,230704,10 11 3 0 1 9 4 8 7 5 2 6 
688,3.80868e-06,4.33454e-06,3.08525e-06,50,100,100,230704,10 11 3 0 1 9 4 8 7 5 2 6 
689,3.77279e-06,4.33454e-06,2.921e-06,50,100,100,230704,10 11 3 0 1 9 4 8 7 5 2 6 
690,3.74443e-06,4.33454e-06,2.99042e-06,50,100,100,230704,10 11 3 0 1 9 4 8 7 5 2 6 
691,3.71123e-06,4.33454e-06,3.02311e-06,50,100,100,230704,10 11 3 0 1 9 4 8 7 5 2 6 
692,3.69372e-06,4.33454e-06,3.1487e-06,50,100,100,230704,10 11 3 0 1 9 4 8 7 5 2 6 
693,3.70515e-06,4.33454e-06,3.08584e-06,50,100,100,230704,10 11 3 0 1 9 4 8 7 5 2 6 
694,3.62024e-06,4.33454e-06,3.08392e-06,50,100,100,230704,10 11 3 0 1 9 4 8 7 5 2 6 
695,3.63634e-06,4.33454e-06,3.1114e-06,50,100,100,230704,10 11 3 0 1 9 4 8 7 5 2 6 
696,3.67897e-06,4.33454e-06,3.06064e-06,50,100,100,230704,10 11 3 0 1 9 4 8 7 5 2 6 
697,3.74127e-06,4.33454e-06,2.97723e-06,50,100,100,230704,10 11 3 0 1 9 4 8 7 5 2 6 
698,3.74901e-06,4.33454e-06,3.09457e-06,50,100,100,230704,10 11 3 0 1 9 4 8 7 5 2 6 
699,3.81227e-06,4.33454e-06,3.07544e-06,50,100,100,230704,10 11 3 0 1 9 4 8 7 5 2 6 
700,3.72882e-06,4.33454e-06,3.09472e-06,50,100,100,230704,10 11 3 0 1 9 4 8 7 5 2 6 
701,3.76361e-06,4.33454e-06,2.99368e-06,50,100,100,230704,10 11 3 0 1 9 4 8 7 5 2 6 
702,3.75758e-06,4.33454e-06,3.08626e-06,50,100,100,230704,10 11 3 0 1 9 4 8 7 5 2 6 
703,3.68253e-06,4.33454e-06,3.09618e-06,50,100,100,230704,10 11 3 0 1 9 4 8 7 5 2 6 
704,3.67457e-06,4.33454e-06,3.12078e-06,50,100,100,230704,10 11 3 0 1 9 4 8 7 5 2 6 
705,3.68896e-06,4.33454e-06,3.14087e-06,50,100,100,230704,10 11 3 0 1 9 4 8 7 5 2 6 
706,3.67902e-06,4.33454e-06,3.08502e-06,50,100,100,230704,10 11 3 0 1 9 4 8 7 5 2 6 
707,3.68278e-06,4.33454e-06,3.0422e-06,50,100,100,230704,10 11 3 0 1 9 4 8 7 5 2 6 
708,3.7008e-06,4.33454e-06,3.05961e-06,50,100,100,230704,10 11 3 0 1 9 4 8 7 5 2 6 
709,3.64419e-06,4.33454e-06,3.03432e-06,50,100,100,230704,10 11 3 0 1 9 4 8 7 5 2 6 
710,3.72957e-06,4.33454e-06,3.15723e-06,50,100,100,230704,10 11 3 0 1 9 4 8 7 5 2 6 
711,3.65899e-06,4.33454e-06,3.09982e-06,50,100,100,230704,10 11 3 0 1 9 4 8 7 5 2 6 
712,3.63594e-06,4.33454e-06,3.05453e-06,50,100,100,230704,10 11 3 0 1 9 4 8 7 5 2 6 
713,3.65321e-06,4.33454e-06,3.06383e-06,50,100,100,230704,10 11 3 0 1 9 4 8 7 5 2 6 
714,3.65677e-06,4.33454e-06,3.05654e-06,50,100,100,230704,10 11 3 0 1 9 4 8 7 5 2 6 
715,3.67038e-06,4.33454e-06,3.12374e-06,50,100,100,230704,10 11 3 0 1 9 4 8 7 5 2 6 
716,3.7076e-06,4.33454e-06,3.03755e-06,50,100,100,230704,10 11 3 0 1 9 4 8 7 5 2 6 
717,3.6772e-06,4.33454e-06,3.05307e-06,50,100,100,230704,10 11 3 0 1 9 4 8 7 5 2 6 
718,3.72992e-06,4.33454e-06,3.03731e-06,50,100,100,230704,10 11 3 0 1 9 4 8 7 5 2 6 
719,3.78833e-06,4.33454e-06,3.04749e-06,50,100,100,230704,10 11 3 0 1 9 4 8 7 5 2 6 
720,3.79062e-06,4.33454e-06,3.09925e-06,50,100,100,230704,10 11 3 0 1 9 4 8 7 5 2 6 
721,3.78749e-06,4.33454e-06,3.04257e-06,50,100,100,230704,10 11 3 0 1 9 4 8 7 5 2 6 
722,3.75524e-06,4.33454e-06,3.08748e-06,50,100,100,230704,10 11 3 0 1 9 4 8 7 5 2 6 
723,3.73859e-06,4.33454e-06,3.09831e-06,50,100,100,230704,10 11 3 0 1 9 4 8 7 5 2 6 
724,3.72491e-06,4.33454e-06,3.07051e-06,50,100,100,230704,10 11 3 0 1 9 4 8 7 5 2 6 
725,3.69093e-06,4.33454e-06,2.93478e-06,50,100,100,230704,10 11 3 0 1 9 4 8 7 5 2 6 
726,3.69554e-06,4.33454e-06,3.0365e-06,50,100,100,230704,10 11 3 0 1 9 4 8 7 5 2 6 
727,3.76e-06,4.33454e-06,3.11648e-06,50,100,100,230704,10 11 3 0 1 9 4 8 7 5 2 6 
728,3.69209e-06,4.33454e-06,3.10138e-06,50,100,100,230704,10 11 3 0 1 9 4 8 7 5 2 6 
729,3.67462e-06,4.33454e-06,3.06233e-06,50,100,100,230704,10 11 3 0 1 9 4 8 7 5 2 6 
730,3.67582e-06,4.33454e-06,3.11943e-06,50,100,100,230704,10 11 3 0 1 9 4 8 7 5 2 6 
731,3.69518e-06,4.33454e-06,3.0854e-06,50,100,100,230704,10 11 3 0 1 9 4 8 7 5 2 6 
732,3.65011e-06,4.33454e-06,3.05965e-06,50,100,100,230704,10 11 3 0 1 9 4 8 7 5 2 6 
733,3.67895e-06,4.33454e-06,3.05303e-06,50,100,100,230704,10 11 3 0 1 9 4 8 7 5 2 6 
734,3.6758e-06,4.33454e-06,3.00015e-06,50,100,100,230704,10 11 3 0 1 9 4 8 7 5 2 6 
735,3.66975e-06,4.33454e-06,3.0834e-06,50,100,100,230704,10 11 3 0 1 9 4 8 7 5 2 6 
736,3.66536e-06,4.33454e-06,3.09804e-06,50,100,100,230704,10 11 3 0 1 9 4 8 7 5 2 6 
737,3.63991e-06,4.33454e-06,3.09925e-06,50,100,100,230704,10 11 3 0 1 9 4 8 7 5 2 6 
738,3.64808e-06,4.33454e-06,3.06132e-06,50,100,100,230704,10 11 3 0 1 9 4 8 7 5 2 6 
739,3.64902e-06,4.33454e-06,3.08485e-06,50,100,100,230704,10 11 3 0 1 9 4 8 7 5 2 6 
740,3.69872e-06,4.33454e-06,3.09393e-06,50,100,100,230704,10 11 3 0 1 9 4 8 7 5 2 6 
741,3.73029e-06,4.33454e-06,3.06855e-06,50,100,100,230704,10 11 3 0 1 9 4 8 7 5 2 6 
742,3.73745e-06,4.33454e-06,2.97889e-06,50,100,100,230704,10 11 3 0 1 9 4 8 7 5 2 6 
743,3.74894e-06,4.33454e-06,3.09925e-06,50,100,100,230704,10 11 3 0 1 9 4 8 7 5 2 6 
744,3.79519e-06,4.33454e-06,3.1722e-06,50,100,100,230704,10 11 3 0 1 9 4 8 7 5 2 6 
745,3.74608e-06,4.33454e-06,3.12031e-06,50,100,100,230704,10 11 3 0 1 9 4 8 7 5 2 6 
746,3.71783e-06,4.33454e-06,3.06475e-06,50,100,100,230704,10 11 3 0 1 9 4 8 7 5 2 6 
747,3.77104e-06,4.33454e-06,3.09491e-06,50,100,100,230704,10 11 3 0 1 9 4 8 7 5 2 6 
748,3.76505e-06,4.33454e-06,3.05621e-06,50,100,100,230704,10 11 3 0 1 9 4 8 7 5 2 6 
749,3.75627e-06,4.33454e-06,3.14472e-06,50,100,100,230704,10 11 3 0 1 9 4 8 7 5 2 6 
750,3.64884e-06,4.33454e-06,3.07921e-06,50,100,100,230704,10 11 3 0 1 9 4 8 7 5 2 6 
751,3.69448e-06,4.33454e-06,3.01148e-06,50,100,100,230704,10 11 3 0 1 9 4 8 7 5 2 6 
752,3.6399e-06,4.33454e-06,2.97201e-06,50,100,100,230704,10 11 3 0 1 9 4 8 7 5 2 6 
753,3.60623e-06,4.33454e-06,3.0583e-06,50,100,100,230704,10 11 3 0 1 9 4 8 7 5 2 6 
754,3.63793e-06,4.33454e-06,3.06096e-06,50,100,100,230704,10 11 3 0 1 9 4 8 7 5 2 6 
755,3.65317e-06,4.33454e-06,3.15124e-06,50,100,100,230704,10 11 3 0 1 9 4 8 7 5 2 6 
756,3.68638e-06,4.33454e-06,3.04678e-06,50,100,100,230704,10 11 3 0 1 9 4 8 7 5 2 6 
757,3.66795e-06,4.33454e-06,3.01307e-06,50,100,100,230704,10 11 3 0 1 9 4 8 7 5 2 6 
758,3.63824e-06,4.33454e-06,2.96346e-06,50,100,100,230704,10 11 3 0 1 9 4 8 7 5 2 6 
759,3.66047e-06,4.33454e-06,3.11504e-06,50,100,100,230704,10 11 3 0 1 9 4 8 7 5 2 6 
760,3.64251e-06,4.33454e-06,3.10689e-06,50,100,100,230704,10 11 3 0 1 9 4 8 7 5 2 6 
761,3.75174e-06,4.33454e-06,3.12323e-06,50,100,100,230704,10 11 3 0 1 9 4 8 7 5 2 6 
762,3.77984e-06,4.33454e-06,3.12806e-06,50,100,100,230704,10 11 3 0 1 9 4 8 7 5 2 6 
763,3.77192e-06,4.33454e-06,3.10383e-06,50,100,100,230704,10 11 3 0 1 9 4 8 7 5 2 6 
764,3.79115e-06,4.33454e-06,3.0037e-06,50,100,100,230704,10 11 3 0 1 9 4 8 7 5 2 6 
765,3.74018e-06,4.33454e-06,3.00979e-06,50,100,100,230704,10 11 3 0 1 9 4 8 7 5 2 6 
766,3.65787e-06,4.33454e-06,3.08988e-06,50,100,100,230704,10 11 3 0 1 9 4 8 7 5 2 6 
767,3.75152e-06,4.33454e-06,3.02994e-06,50,100,100,230704,10 11 3 0 1 9 4 8 7 5 2 6 
768,3.70562e-06,4.33454e-06,3.03368e-06,50,100,100,230704,10 11 3 0 1 9 4 8 7 5 2 6 
769,3.7346e-06,4.33454e-06,3.13361e-06,50,100,100,230704,10 11 3 0 1 9 4 8 7 5 2 6 
770,3.74059e-06,4.33454e-06,3.10583e-06,50,100,100,230704,10 11 3 0 1 9 4 8 7 5 2 6 
771,3.73144e-06,4.33454e-06,3.13725e-06,50,100,100,230704,10 11 3 0 1 9 4 8 7 5 2 6 
772,3.74322e-06,4.33454e-06,3.02846e-06,50,100,100,230704,10 11 3 0 1 9 4 8 7 5 2 6 
773,3.73849e-06,4.33454e-06,3.07066e-06,50,100,100,230704,10 11 3 0 1 9 4 8 7 5 2 6 
774,3.76755e-06,4.33454e-06,3.15411e-06,50,100,100,230704,10 11 3 0 1 9 4 8 7 5 2 6 
775,3.75825e-06,4.33454e-06,3.08668e-06,50,100,100,230704,10 11 3 0 1 9 4 8 7 5 2 6 
776,3.8112e-06,4.33454e-06,3.0839e-06,50,100,100,230704,10 11 3 0 1 9 4 8 7 5 2 6 
777,3.77653e-06,4.33454e-06,3.05961e-06,50,100,100,230704,10 11 3 0 1 9 4 8 7 5 2 6 
778,3.76108e-06,4.33454e-06,3.07085e-06,50,100,100,230704,10 11 3 0 1 9 4 8 7 5 2 6 
779,3.73321e-06,4.33454e-06,3.03755e-06,50,100,100,230704,10 11 3 0 1 9 4 8 7 5 2 6 
780,3.73884e-06,4.33454e-06,3.14989e-06,50,100,100,230704,10 11 3 0 1 9 4 8 7 5 2 6 
781,3.73415e-06,4.33454e-06,3.05275e-06,50,100,100,230704,10 11 3 0 1 9 4 8 7 5 2 6 
782,3.68692e-06,4.33454e-06,3.00861e-06,50,100,100,230704,10 11 3 0 1 9 4 8 7 5 2 6 
783,3.64925e-06,4.33454e-06,3.03022e-06,50,100,100,230704,10 11 3 0 1 9 4 8 7 5 2 6 
784,3.6545e-06,4.33454e-06,3.08352e-06,50,100,100,230704,10 11 3 0 1 9 4 8 7 5 2 6 
785,3.67151e-06,4.33454e-06,2.93771e-06,50,100,100,230704,10 11 3 0 1 9 4 8 7 5 2 6 
786,3.62841e-06,4.33454e-06,3.03375e-06,50,100,100,230704,10 11 3 0 1 9 4 8 7 5 2 6 
787,3.66898e-06,4.33454e-06,3.13064e-06,50,100,100,230704,10 11 3 0 1 9 4 8 7 5 2 6 
788,3.65955e-06,4.33454e-06,3.04478e-06,50,100,100,230704,10 11 3 0 1 9 4 8 7 5 2 6 
789,3.67799e-06,4.33454e-06,2.95075e-06,50,100,100,230704,10 11 3 0 1 9 4 8 7 5 2 6 
790,3.72477e-06,4.33454e-06,3.01162e-06,50,100,100,230704,10 11 3 0 1 9 4 8 7 5 2 6 
791,3.8247e-06,4.33454e-06,3.1967e-06,50,100,100,230704,10 11 3 0 1 9 4 8 7 5 2 6 
792,3.75212e-06,4.33454e-06,3.09925e-06,50,100,100,230704,10 11 3 0 1 9 4 8 7 5 2 6 
793,3.7353e-06,4.33454e-06,3.09648e-06,50,100,100,230704,10 11 3 0 1 9 4 8 7 5 2 6 
794,3.72458e-06,4.33454e-06,2.93857e-06,50,100,100,230704,10 11 3 0 1 9 4 8 7 5 2 6 
795,3.7289e-06,4.33454e-06,3.0583e-06,50,100,100,230704,10 11 3 0 1 9 4 8 7 5 2 6 
796,3.74309e-06,4.33454e-06,3.07315e-06,50,100,100,230704,10 11 3 0 1 9 4 8 7 5 2 6 
797,3.7185e-06,4.33454e-06,3.09925e-06,50,100,100,230704,10 11 3 0 1 9 4 8 7 5 2 6 
798,3.67889e-06,4.33454e-06,2.93045e-06,50,100,100,230704,10 11 3 0 1 9 4 8 7 5 2 6 
799,3.62315e-06,4.33454e-06,2.97842e-06,50,100,100,230704,10 11 3 0 1 9 4 8 7 5 2 6 
800,3.593e-06,4.33454e-06,3.00429e-06,50,100,100,230704,10 11 3 0 1 9 4 8 7 5 2 6 
801,3.6971e-06,4.33454e-06,3.12526e-06,50,100,100,230704,10 11 3 0 1 9 4 8 7 5 2 6 
802,3.68237e-06,4.33454e-06,3.05072e-06,50,100,100,230704,10 11 3 0 1 9 4 8 7 5 2 6 
803,3.77096e-06,4.33454e-06,3.11677e-06,50,100,100,230704,10 11 3 0 1 9 4 8 7 5 2 6 
804,3.72142e-06,4.33454e-06,2.98878e-06,50,100,100,230704,10 11 3 0 1 9 4 8 7 5 2 6 
805,3.73109e-06,4.33454e-06,3.07597e-06,50,100,100,230704,10 11 3 0 1 9 4 8 7 5 2 6 
806,3.69002e-06,4.33454e-06,3.0042e-06,50,100,100,230704,10 11 3 0 1 9 4 8 7 5 2 6 
807,3.67971e-06,4.33454e-06,3.04873e-06,50,100,100,230704,10 11 3 0 1 9 4 8 7 5 2 6 
808,3.666e-06,4.33454e-06,3.07126e-06,50,100,100,230704,10 11 3 0 1 9 4 8 7 5 2 6 
809,3.64451e-06,4.33454e-06,2.97792e-06,50,100,100,230704,10 11 3 0 1 9 4 8 7 5 2 6 
810,3.65097e-06,4.33454e-06,3.0128e-06,50,100,100,230704,10 11 3 0 1 9 4 8 7 5 2 6 
811,3.65484e-06,4.33454e-06,3.05565e-06,50,100,100,230704,10 11 3 0 1 9 4 8 7 5 2 6 
812,3.69322e-06,4.33454e-06,3.10325e-06,50,100,100,230704,10 11 3 0 1 9 4 8 7 5 2 6 
813,3.71312e-06,4.33454e-06,3.07508e-06,50,100,100,230704,10 11 3 0 1 9 4 8 7 5 2 6 
814,3.68386e-06,4.33454e-06,3.06439e-06,50,100,100,230704,10 11 3 0 1 9 4 8 7 5 2 6 
815,3.64303e-06,4.33454e-06,3.04821e-06,50,100,100,230704,10 11 3 0 1 9 4 8 7 5 2 6 
816,3.70662e-06,4.33454e-06,3.13675e-06,50,100,100,230704,10 11 3 0 1 9 4 8 7 5 2 6 
817,3.70154e-06,4.33454e-06,3.08152e-06,50,100,100,230704,10 11 3 0 1 9 4 8 7 5 2 6 
818,3.71128e-06,4.33454e-06,3.1145e-06,50,100,100,230704,10 11 3 0 1 9 4 8 7 5 2 6 
819,3.67944e-06,4.33454e-06,3.04193e-06,50,100,100,230704,10 11 3 0 1 9 4 8 7 5 2 6 
820,3.67671e-06,4.33454e-06,3.09925e-06,50,100,100,230704,10 11 3 0 1 9 4 8 7 5 2 6 
821,3.72605e-06,4.33454e-06,3.17447e-06,50,100,100,230704,10 11 3 0 1 9 4 8 7 5 2 6 
822,3.73708e-06,4.33454e-06,2.9889e-06,50,100,100,230704,10 11 3 0 1 9 4 8 7 5 2 6 
823,3.70074e-06,4.33454e-06,3.04522e-06,50,100,100,230704,10 11 3 0 1 9 4 8 7 5 2 6 
824,3.67527e-06,4.33454e-06,3.00975e-06,50,100,100,230704,10 11 3 0 1 9 4 8 7 5 2 6 
825,3.62351e-06,4.33454e-06,3.07686e-06,50,100,100,230704,10 11 3 0 1 9 4 8 7 5 2 6 
826,3.61569e-06,4.33454e-06,3.03624e-06,50,100,100,230704,10 11 3 0 1 9 4 8 7 5 2 6 
827,3.60713e-06,4.33454e-06,2.98742e-06,50,100,100,230704,10 11 3 0 1 9 4 8 7 5 2 6 
828,3.62138e-06,4.33454e-06,3.00287e-06,50,100,100,230704,10 11 3 0 1 9 4 8 7 5 2 6 
829,3.65146e-06,4.33454e-06,3.01895e-06,50,100,100,230704,10 11 3 0 1 9 4 8 7 5 2 6 
830,3.67624e-06,4.33454e-06,3.04851e-06,50,100,100,230704,10 11 3 0 1 9 4 8 7 5 2 6 
831,3.70875e-06,4.33454e-06,3.08411e-06,50,100,100,230704,10 11 3 0 1 9 4 8 7 5 2 6 
832,3.73528e-06,4.33454e-06,3.13012e-06,50,100,100,230704,10 11 3 0 1 9 4 8 7 5 2 6 
833,3.65853e-06,4.33454e-06,3.0794e-06,50,100,100,230704,10 11 3 0 1 9 4 8 7 5 2 6 
834,3.72155e-06,4.33454e-06,3.04082e-06,50,100,100,230704,10 11 3 0 1 9 4 8 7 5 2 6 
835,3.67058e-06,4.33454e-06,3.09925e-06,50,100,100,230704,10 11 3 0 1 9 4 8 7 5 2 6 
836,3.68573e-06,4.33454e-06,3.02782e-06,50,100,100,230704,10 11 3 0 1 9 4 8 7 5 2 6 
837,3.73502e-06,4.33454e-06,3.15347e-06,50,100,100,230704,10 11 3 0 1 9 4 8 7 5 2 6 
838,3.72386e-06,4.33454e-06,3.07705e-06,50,100,100,230704,10 11 3 0 1 9 4 8 7 5 2 6 
839,3.71352e-06,4.33454e-06,2.96461e-06,50,100,100,230704,10 11 3 0 1 9 4 8 7 5 2 6 
840,3.69579e-06,4.33454e-06,3.0334e-06,50,100,100,230704,10 11 3 0 1 9 4 8 7 5 2 6 
841,3.65927e-06,4.33454e-06,3.03624e-06,50,100,100,230704,10 11 3 0 1 9 4 8 7 5 2 6 
842,3.61099e-06,4.33454e-06,3.02063e-06,50,100,100,230704,10 11 3 0 1 9 4 8 7 5 2 6 
843,3.72264e-06,4.33454e-06,3.0999e-06,50,100,100,230704,10 11 3 0 1 9 4 8 7 5 2 6 
844,3.77121e-06,4.33454e-06,3.08029e-06,50,100,100,230704,10 11 3 0 1 9 4 8 7 5 2 6 
845,3.72343e-06,4.33454e-06,3.05613e-06,50,100,100,230704,10 11 3 0 1 9 4 8 7 5 2 6 
846,3.69901e-06,4.33454e-06,3.02721e-06,50,100,100,230704,10 11 3 0 1 9 4 8 7 5 2 6 
847,3.73702e-06,4.33454e-06,3.09925e-06,50,100,100,230704,10 11 3 0 1 9 4 8 7 5 2 6 
848,3.74405e-06,4.33454e-06,3.0487e-06,50,100,100,230704,10 11 3 0 1 9 4 8 7 5 2 6 
849,3.74087e-06,4.33454e-06,3.13473e-06,50,100,100,230704,10 11 3 0 1 9 4 8 7 5 2 6 
850,3.72849e-06,4.33454e-06,3.07273e-06,50,100,100,230704,10 11 3 0 1 9 4 8 7 5 2 6 
851,3.58159e-06,4.33454e-06,3.07805e-06,50,100,100,230704,10 11 3 0 1 9 4 8 7 5 2 6 
852,3.62808e-06,4.33454e-06,3.00204e-06,50,100,100,230704,10 11 3 0 1 9 4 8 7 5 2 6 
853,3.65524e-06,4.33454e-06,3.06655e-06,50,100,100,230704,10 11 3 0 1 9 4 8 7 5 2 6 
854,3.57045e-06,4.33454e-06,3.05608e-06,50,100,100,230704,10 11 3 0 1 9 4 8 7 5 2 6 
855,3.61918e-06,4.33454e-06,3.06289e-06,50,100,100,230704,10 11 3 0 1 9 4 8 7 5 2 6 
856,3.6345e-06,4.33454e-06,3.03438e-06,50,100,100,230704,10 11 3 0 1 9 4 8 7 5 2 6 
857,3.69129e-06,4.33454e-06,3.08971e-06,50,100,100,230704,10 11 3 0 1 9 4 8 7 5 2 6 
858,3.70091e-06,4.33454e-06,3.08287e-06,50,100,100,230704,10 11 3 0 1 9 4 8 7 5 2 6 
859,3.69111e-06,4.33454e-06,3.0839e-06,50,100,100,230704,10 11 3 0 1 9 4 8 7 5 2 6 
860,3.74231e-06,4.33454e-06,3.17101e-06,50,100,100,230704,10 11 3 0 1 9 4 8 7 5 2 6 
861,3.63102e-06,4.33454e-06,3.07053e-06,50,100,100,230704,10 11 3 0 1 9 4 8 7 5 2 6 
862,3.6595e-06,4.33454e-06,3.03094e-06,50,100,100,230704,10 11 3 0 1 9 4 8 7 5 2 6 
863,3.65028e-06,4.33454e-06,3.02516e-06,50,100,100,230704,10 11 3 0 1 9 4 8 7 5 2 6 
864,3.74179e-06,4.33454e-06,3.09925e-06,50,100,100,230704,10 11 3 0 1 9 4 8 7 5 2 6 
865,3.74546e-06,4.33454e-06,2.96418e-06,50,100,100,230704,10 11 3 0 1 9 4 8 7 5 2 6 
866,3.73108e-06,4.33454e-06,3.13959e-06,50,100,100,230704,10 11 3 0 1 9 4 8 7 5 2 6 
867,3.65931e-06,4.33454e-06,3.05458e-06,50,100,100,230704,10 11 3 0 1 9 4 8 7 5 2 6 
868,3.63643e-06,4.33454e-06,3.0989e-06,50,100,100,230704,10 11 3 0 1 9 4 8 7 5 2 6 
869,3.6737e-06,4.33454e-06,3.08512e-06,50,100,100,230704,10 11 3 0 1 9 4 8 7 5 2 6 
870,3.66551e-06,4.33454e-06,3.04487e-06,50,100,100,230704,10 11 3 0 1 9 4 8 7 5 2 6 
871,3.71164e-06,4.33454e-06,3.10496e-06,50,100,100,230704,10 11 3 0 1 9 4 8 7 5 2 6 
872,3.74232e-06,4.33454e-06,3.10055e-06,50,100,100,230704,10 11 3 0 1 9 4 8 7 5 2 6 
873,3.738e-06,4.33454e-06,3.14087e-06,50,100,100,230704,10 11 3 0 1 9 4 8 7 5 2 6 
874,3.75447e-06,4.33454e-06,3.01851e-06,50,100,100,230704,10 11 3 0 1 9 4 8 7 5 2 6 
875,3.74083e-06,4.33454e-06,3.10007e-06,50,100,100,230704,10 11 3 0 1 9 4 8 7 5 2 6 
876,3.79206e-06,4.33454e-06,3.03755e-06,50,100,100,230704,10 11 3 0 1 9 4 8 7 5 2 6 
877,3.74816e-06,4.33454e-06,3.03821e-06,50,100,100,230704,10 11 3 0 1 9 4 8 7 5 2 6 
878,3.75752e-06,4.33454e-06,3.08935e-06,50,100,100,230704,10 11 3 0 1 9 4 8 7 5 2 6 
879,3.6992e-06,4.33454e-06,3.08692e-06,50,100,100,230704,10 11 3 0 1 9 4 8 7 5 2 6 
880,3.69555e-06,4.33454e-06,3.08435e-06,50,100,100,230704,10 11 3 0 1 9 4 8 7 5 2 6 
881,3.69658e-06,4.33454e-06,3.09925e-06,50,100,100,230704,10 11 3 0 1 9 4 8 7 5 2 6 
882,3.67491e-06,4.33454e-06,3.06475e-06,50,100,100,230704,10 11 3 0 1 9 4 8 7 5 2 6 
883,3.65948e-06,4.33454e-06,3.08447e-06,50,100,100,230704,10 11 3 0 1 9 4 8 7 5 2 6 
884,3.69747e-06,4.33454e-06,3.06919e-06,50,100,100,230704,10 11 3 0 1 9 4 8 7 5 2 6 
885,3.74017e-06,4.33454e-06,2.97349e-06,50,100,100,230704,10 11 3 0 1 9 4 8 7 5 2 6 
886,3.68446e-06,4.33454e-06,3.07219e-06,50,100,100,230704,10 11 3 0 1 9 4 8 7 5 2 6 
887,3.70491e-06,4.33454e-06,2.98635e-06,50,100,100,230704,10 11 3 0 1 9 4 8 7 5 2 6 
888,3.71087e-06,4.33454e-06,3.00823e-06,50,100,100,230704,10 11 3 0 1 9 4 8 7 5 2 6 
889,3.7059e-06,4.33454e-06,3.09925e-06,50,100,100,230704,10 11 3 0 1 9 4 8 7 5 2 6 
890,3.7481e-06,4.33454e-06,3.07504e-06,50,100,100,230704,10 11 3 0 1 9 4 8 7 5 2 6 
891,3.72978e-06,4.33454e-06,3.13483e-06,50,100,100,230704,10 11 3 0 1 9 4 8 7 5 2 6 
892,3.64128e-06,4.33454e-06,3.08373e-06,50,100,100,230704,10 11 3 0 1 9 4 8 7 5 2 6 
893,3.6078e-06,4.33454e-06,3.08055e-06,50,100,100,230704,10 11 3 0 1 9 4 8 7 5 2 6 
894,3.65503e-06,4.33454e-06,3.0224e-06,50,100,100,230704,10 11 3 0 1 9 4 8 7 5 2 6 
895,3.64608e-06,4.33454e-06,2.97291e-06,50,100,100,230704,10 11 3 0 1 9 4 8 7 5 2 6 
896,3.62408e-06,4.33454e-06,3.00191e-06,50,100,100,230704,10 11 3 0 1 9 4 8 7 5 2 6 
897,3.58604e-06,4.33454e-06,2.95307e-06,50,100,100,230704,10 11 3 0 1 9 4 8 7 5 2 6 
898,3.60509e-06,4.33454e-06,2.96751e-06,50,100,100,230704,10 11 3 0 1 9 4 8 7 5 2 6 
899,3.64894e-06,4.33454e-06,3.0428e-06,50,100,100,230704,10 11 3 0 1 9 4 8 7 5 2 6 
900,3.6593e-06,4.33454e-06,2.97634e-06,50,100,100,230704,10 11 3 0 1 9 4 8 7 5 2 6 
901,3.62206e-06,4.33454e-06,3.06381e-06,50,100,100,230704,10 11 3 0 1 9 4 8 7 5 2 6 
902,3.60563e-06,4.33454e-06,3.00453e-06,50,100,100,230704,10 11 3 0 1 9 4 8 7 5 2 6 
903,3.71128e-06,4.33454e-06,3.12497e-06,50,100,100,230704,10 11 3 0 1 9 4 8 7 5 2 6 
904,3.74843e-06,4.33454e-06,3.04989e-06,50,100,100,230704,10 11 3 0 1 9 4 8 7 5 2 6 
905,3.72545e-06,4.33454e-06,3.01713e-06,50,100,100,230704,10 11 3 0 1 9 4 8 7 5 2 6 
906,3.66044e-06,4.33454e-06,3.04634e-06,50,100,100,230704,10 11 3 0 1 9 4 8 7 5 2 6 
907,3.68361e-06,4.33454e-06,3.00644e-06,50,100,100,230704,10 11 3 0 1 9 4 8 7 5 2 6 
908,3.70144e-06,4.33454e-06,3.07453e-06,50,100,100,230704,10 11 3 0 1 9 4 8 7 5 2 6 
909,3.72987e-06,4.33454e-06,3.10288e-06,50,100,100,230704,10 11 3 0 1 9 4 8 7 5 2 6 
910,3.67455e-06,4.33454e-06,3.04571e-06,50,100,100,230704,10 11 3 0 1 9 4 8 7 5 2 6 
911,3.68025e-06,4.33454e-06,3.00116e-06,50,100,100,230704,10 11 3 0 1 9 4 8 7 5 2 6 
912,3.71443e-06,4.33454e-06,3.07238e-06,50,100,100,230704,10 11 3 0 1 9 4 8 7 5 2 6 
913,3.70078e-06,4.33454e-06,3.03358e-06,50,100,100,230704,10 11 3 0 1 9 4 8 7 5 2 6 
914,3.71993e-06,4.33454e-06,3.04126e-06,50,100,100,230704,10 11 3 0 1 9 4 8 7 5 2 6 
915,3.71075e-06,4.33454e-06,3.05233e-06,50,100,100,230704,10 11 3 0 1 9 4 8 7 5 2 6 
916,3.73997e-06,4.33454e-06,3.06812e-06,50,100,100,230704,10 11 3 0 1 9 4 8 7 5 2 6 
917,3.71773e-06,4.33454e-06,3.06137e-06,50,100,100,230704,10 11 3 0 1 9 4 8 7 5 2 6 
918,3.7018e-06,4.33454e-06,3.08221e-06,50,100,100,230704,10 11 3 0 1 9 4 8 7 5 2 6 
919,3.68502e-06,4.33454e-06,3.0524e-06,50,100,100,230704,10 11 3 0 1 9 4 8 7 5 2 6 
920,3.64682e-06,4.33454e-06,3.03232e-06,50,100,100,230704,10 11 3 0 1 9 4 8 7 5 2 6 
921,3.6757e-06,4.33454e-06,3.01258e-06,50,100,100,230704,10 11 3 0 1 9 4 8 7 5 2 6 
922,3.66879e-06,4.33454e-06,3.06768e-06,50,100,100,230704,10 11 3 0 1 9 4 8 7 5 2 6 
923,3.75075e-06,4.33454e-06,3.15715e-06,50,100,100,230704,10 11 3 0 1 9 4 8 7 5 2 6 
924,3.69791e-06,4.33454e-06,3.04901e-06,50,100,100,230704,10 11 3 0 1 9 4 8 7 5 2 6 
925,3.71532e-06,4.33454e-06,3.00509e-06,50,100,100,230704,10 11 3 0 1 9 4 8 7 5 2 6 
926,3.69969e-06,4.33454e-06,3.03543e-06,50,100,100,230704,10 11 3 0 1 9 4 8 7 5 2 6 
927,3.70256e-06,4.33454e-06,3.07111e-06,50,100,100,230704,10 11 3 0 1 9 4 8 7 5 2 6 
928,3.69189e-06,4.33454e-06,2.99381e-06,50,100,100,230704,10 11 3 0 1 9 4 8 7 5 2 6 
929,3.7318e-06,4.33454e-06,3.08253e-06,50,100,100,230704,10 11 3 0 1 9 4 8 7 5 2 6 
930,3.69198e-06,4.33454e-06,3.04085e-06,50,100,100,230704,10 11 3 0 1 9 4 8 7 5 2 6 
931,3.70916e-06,4.33454e-06,3.03044e-06,50,100,100,230704,10 11 3 0 1 9 4 8 7 5 2 6 
932,3.73938e-06,4.33454e-06,3.09925e-06,50,100,100,230704,10 11 3 0 1 9 4 8 7 5 2 6 
933,3.67239e-06,4.33454e-06,3.03386e-06,50,100,100,230704,10 11 3 0 1 9 4 8 7 5 2 6 
934,3.70281e-06,4.33454e-06,3.08006e-06,50,100,100,230704,10 11 3 0 1 9 4 8 7 5 2 6 
935,3.68895e-06,4.33454e-06,3.07911e-06,50,100,100,230704,10 11 3 0 1 9 4 8 7 5 2 6 
936,3.65728e-06,4.33454e-06,3.04948e-06,50,100,100,230704,10 11 3 0 1 9 4 8 7 5 2 6 
937,3.71434e-06,4.33454e-06,2.99252e-06,50,100,100,230704,10 11 3 0 1 9 4 8 7 5 2 6 
938,3.69979e-06,4.33454e-06,3.11268e-06,50,100,100,230704,10 11 3 0 1 9 4 8 7 5 2 6 
939,3.69643e-06,4.33454e-06,2.99547e-06,50,100,100,230704,10 11 3 0 1 9 4 8 7 5 2 6 
940,3.74182e-06,4.33454e-06,3.12243e-06,50,100,100,230704,10 11 3 0 1 9 4 8 7 5 2 6 
941,3.79754e-06,4.33454e-06,3.07466e-06,50,100,100,230704,10 11 3 0 1 9 4 8 7 5 2 6 
942,3.75156e-06,4.33454e-06,3.09183e-06,50,100,100,230704,10 11 3 0 1 9 4 8 7 5 2 6 
943,3.73123e-06,4.33454e-06,3.04346e-06,50,100,100,230704,10 11 3 0 1 9 4 8 7 5 2 6 
944,3.73077e-06,4.33454e-06,3.0597e-06,50,100,100,230704,10 11 3 0 1 9 4 8 7 5 2 6 
945,3.70793e-06,4.33454e-06,3.00545e-06,50,100,100,230704,10 11 3 0 1 9 4 8 7 5 2 6 
946,3.77216e-06,4.33454e-06,3.0747e-06,50,100,100,230704,10 11 3 0 1 9 4 8 7 5 2 6 
947,3.73382e-06,4.33454e-06,3.07326e-06,50,100,100,230704,10 11 3 0 1 9 4 8 7 5 2 6 
948,3.74094e-06,4.33454e-06,3.04873e-06,50,100,100,230704,10 11 3 0 1 9 4 8 7 5 2 6 
949,3.70746e-06,4.33454e-06,3.06475e-06,50,100,100,230704,10 11 3 0 1 9 4 8 7 5 2 6 
950,3.7142e-06,4.33454e-06,2.97943e-06,50,100,100,230704,10 11 3 0 1 9 4 8 7 5 2 6 
951,3.7075e-06,4.33454e-06,3.02602e-06,50,100,100,230704,10 11 3 0 1 9 4 8 7 5 2 6 
952,3.71404e-06,4.33454e-06,3.11355e-06,50,100,100,230704,10 11 3 0 1 9 4 8 7 5 2 6 
953,3.6329e-06,4.33454e-06,3.0369e-06,50,100,100,230704,10 11 3 0 1 9 4 8 7 5 2 6 
954,3.62739e-06,4.33454e-06,3.145e-06,50,100,100,230704,10 11 3 0 1 9 4 8 7 5 2 6 
955,3.67283e-06,4.33454e-06,3.04265e-06,50,100,100,230704,10 11 3 0 1 9 4 8 7 5 2 6 
956,3.65463e-06,4.33454e-06,3.01048e-06,50,100,100,230704,10 11 3 0 1 9 4 8 7 5 2 6 
957,3.64052e-06,4.33454e-06,3.00493e-06,50,100,100,230704,10 11 3 0 1 9 4 8 7 5 2 6 
958,3.70621e-06,4.33454e-06,2.9954e-06,50,100,100,230704,10 11 3 0 1 9 4 8 7 5 2 6 
959,3.67295e-06,4.33454e-06,3.0839e-06,50,100,100,230704,10 11 3 0 1 9 4 8 7 5 2 6 
960,3.74238e-06,4.33454e-06,3.07722e-06,50,100,100,230704,10 11 3 0 1 9 4 8 7 5 2 6 
961,3.77847e-06,4.33454e-06,3.07919e-06,50,100,100,230704,10 11 3 0 1 9 4 8 7 5 2 6 
962,3.80868e-06,4.33454e-06,3.08154e-06,50,100,100,230704,10 11 3 0 1 9 4 8 7 5 2 6 
963,3.71623e-06,4.33454e-06,3.11788e-06,50,100,100,230704,10 11 3 0 1 9 4 8 7 5 2 6 
964,3.68993e-06,4.33454e-06,3.02888e-06,50,100,100,230704,10 11 3 0 1 9 4 8 7 5 2 6 
965,3.68081e-06,4.33454e-06,3.00202e-06,50,100,100,230704,10 11 3 0 1 9 4 8 7 5 2 6 
966,3.68008e-06,4.33454e-06,3.06763e-06,50,100,100,230704,10 11 3 0 1 9 4 8 7 5 2 6 
967,3.66378e-06,4.33454e-06,2.99702e-06,50,100,100,230704,10 11 3 0 1 9 4 8 7 5 2 6 
968,3.66934e-06,4.33454e-06,3.01919e-06,50,100,100,230704,10 11 3 0 1 9 4 8 7 5 2 6 
969,3.63133e-06,4.33454e-06,3.03244e-06,50,100,100,230704,10 11 3 0 1 9 4 8 7 5 2 6 
970,3.64989e-06,4.33454e-06,3.07115e-06,50,100,100,230704,10 11 3 0 1 9 4 8 7 5 2 6 
971,3.67715e-06,4.33454e-06,2.99361e-06,50,100,100,230704,10 11 3 0 1 9 4 8 7 5 2 6 
972,3.69444e-06,4.33454e-06,3.07778e-06,50,100,100,230704,10 11 3 0 1 9 4 8 7 5 2 6 
973,3.71282e-06,4.33454e-06,3.08645e-06,50,100,100,230704,10 11 3 0 1 9 4 8 7 5 2 6 
974,3.72029e-06,4.33454e-06,3.17292e-06,50,100,100,230704,10 11 3 0 1 9 4 8 7 5 2 6 
975,3.66277e-06,4.33454e-06,3.10161e-06,50,100,100,230704,10 11 3 0 1 9 4 8 7 5 2 6 
976,3.66367e-06,4.33454e-06,3.12421e-06,50,100,100,230704,10 11 3 0 1 9 4 8 7 5 2 6 
977,3.6324e-06,4.33454e-06,3.04417e-06,50,100,100,230704,10 11 3 0 1 9 4 8 7 5 2 6 
978,3.61043e-06,4.33454e-06,3.03338e-06,50,100,100,230704,10 11 3 0 1 9 4 8 7 5 2 6 
979,3.69427e-06,4.33454e-06,3.09731e-06,50,100,100,230704,10 11 3 0 1 9 4 8 7 5 2 6 
980,3.74288e-06,4.33454e-06,3.04873e-06,50,100,100,230704,10 11 3 0 1 9 4 8 7 5 2 6 
981,3.69808e-06,4.33454e-06,2.94243e-06,50,100,100,230704,10 11 3 0 1 9 4 8 7 5 2 6 
982,3.69852e-06,4.33454e-06,3.13055e-06,50,100,100,230704,10 11 3 0 1 9 4 8 7 5 2 6 
983,3.62218e-06,4.33454e-06,3.01482e-06,50,100,100,230704,10 11 3 0 1 9 4 8 7 5 2 6 
984,3.64382e-06,4.33454e-06,3.08553e-06,50,100,100,230704,10 11 3 0 1 9 4 8 7 5 2 6 
985,3.66174e-06,4.33454e-06,3.07506e-06,50,100,100,230704,10 11 3 0 1 9 4 8 7 5 2 6 
986,3.71492e-06,4.33454e-06,3.13481e-06,50,100,100,230704,10 11 3 0 1 9 4 8 7 5 2 6 
987,3.63646e-06,4.33454e-06,3.10273e-06,50,100,100,230704,10 11 3 0 1 9 4 8 7 5 2 6 
988,3.68161e-06,4.33454e-06,2.99923e-06,50,100,100,230704,10 11 3 0 1 9 4 8 7 5 2 6 
989,3.71376e-06,4.33454e-06,3.09105e-06,50,100,100,230704,10 11 3 0 1 9 4 8 7 5 2 6 
990,3.69084e-06,4.33454e-06,3.00339e-06,50,100,100,230704,10 11 3 0 1 9 4 8 7 5 2 6 
991,3.66674e-06,4.33454e-06,3.10227e-06,50,100,100,230704,10 11 3 0 1 9 4 8 7 5 2 6 
992,3.73588e-06,4.33454e-06,3.09574e-06,50,100,100,230704,10 11 3 0 1 9 4 8 7 5 2 6 
993,3.68772e-06,4.33454e-06,3.14087e-06,50,100,100,230704,10 11 3 0 1 9 4 8 7 5 2 6 
994,3.6747e-06,4.33454e-06,3.11072e-06,50,100,100,230704,10 11 3 0 1 9 4 8 7 5 2 6 
995,3.67825e-06,4.33454e-06,3.02412e-06,50,100,100,230704,10 11 3 0 1 9 4 8 7 5 2 6 
996,3.64964e-06,4.33454e-06,3.02112e-06,50,100,100,230704,10 11 3 0 1 9 4 8 7 5 2 6 
997,3.66654e-06,4.33454e-06,3.03607e-06,50,100,100,230704,10 11 3 0 1 9 4 8 7 5 2 6 
998,3.70526e-06,4.33454e-06,3.00637e-06,50,100,100,230704,10 11 3 0 1 9 4 8 7 5 2 6 
999,3.68793e-06,4.33454e-06,3.02626e-06,50,100,100,230704,10 11 3 0 1 9 4 8 7 5 2 6 
