Generación,Media,Mejor,Peor,Cruzas,Mutaciones,Inversiones,Costo,Permutación
1,3.26618e-06,3.66278e-06,2.98268e-06,50,100,100,273016,7 2 1 5 4 8 11 3 0 10 6 9 
2,3.2828e-06,3.66278e-06,2.9722e-06,50,100,100,273016,7 2 1 5 4 8 11 3 0 10 6 9 
3,3.26933e-06,3.82452e-06,2.97721e-06,50,100,100,261470,6 8 0 4 11 5 1 10 2 9 3 7 
4,3.28378e-06,3.82452e-06,2.97925e-06,50,100,100,261470,6 8 0 4 11 5 1 10 2 9 3 7 
5,3.27693e-06,3.82452e-06,2.9679e-06,50,100,100,261470,6 8 0 4 11 5 1 10 2 9 3 7 
6,3.28333e-06,3.82452e-06,2.92612e-06,50,100,100,261470,6 8 0 4 11 5 1 10 2 9 3 7 
7,3.29297e-06,3.82452e-06,2.98646e-06,50,100,100,261470,6 8 0 4 11 5 1 10 2 9 3 7 
8,3.27601e-06,3.82452e-06,2.95859e-06,50,100,100,261470,6 8 0 4 11 5 1 10 2 9 3 7 
9,3.25395e-06,3.82452e-06,2.97326e-06,50,100,100,261470,6 8 0 4 11 5 1 10 2 9 3 7 
10,3.29786e-06,3.82452e-06,3.00816e-06,50,100,100,261470,6 8 0 4 11 5 1 10 2 9 3 7 
11,3.27586e-06,3.82452e-06,2.95336e-06,50,100,100,261470,6 8 0 4 11 5 1 10 2 9 3 7 
12,3.26182e-06,3.83817e-06,2.91095e-06,50,100,100,260540,1 9 11 3 0 4 6 5 2 7 8 10 
13,3.28466e-06,3.83817e-06,2.96561e-06,50,100,100,260540,1 9 11 3 0 4 6 5 2 7 8 10 
14,3.26844e-06,3.83817e-06,2.98699e-06,50,100,100,260540,1 9 11 3 0 4 6 5 2 7 8 10 
15,3.30842e-06,3.83817e-06,2.97406e-06,50,100,100,260540,1 9 11 3 0 4 6 5 2 7 8 10 
16,3.29089e-06,3.83817e-06,2.92014e-06,50,100,100,260540,1 9 11 3 0 4 6 5 2 7 8 10 
17,3.29729e-06,3.83817e-06,2.95239e-06,50,100,100,260540,1 9 11 3 0 4 6 5 2 7 8 10 
18,3.29747e-06,3.83817e-06,3.00123e-06,50,100,100,260540,1 9 11 3 0 4 6 5 2 7 8 10 
19,3.31191e-06,3.83817e-06,2.96996e-06,50,100,100,260540,1 9 11 3 0 4 6 5 2 7 8 10 
20,3.32739e-06,3.83817e-06,2.9798e-06,50,100,100,260540,1 9 11 3 0 4 6 5 2 7 8 10 
21,3.292e-06,3.83817e-06,3.00112e-06,50,100,100,260540,1 9 11 3 0 4 6 5 2 7 8 10 
22,3.31037e-06,3.83817e-06,2.92604e-06,50,100,100,260540,1 9 11 3 0 4 6 5 2 7 8 10 
23,3.29637e-06,3.83817e-06,2.92755e-06,50,100,100,260540,1 9 11 3 0 4 6 5 2 7 8 10 
24,3.30937e-06,3.83817e-06,2.92371e-06,50,100,100,260540,1 9 11 3 0 4 6 5 2 7 8 10 
25,3.33055e-06,3.83817e-06,2.97872e-06,50,100,100,260540,1 9 11 3 0 4 6 5 2 7 8 10 
26,3.30016e-06,3.83817e-06,2.93792e-06,50,100,100,260540,1 9 11 3 0 4 6 5 2 7 8 10 
27,3.27418e-06,3.84442e-06,2.95806e-06,50,100,100,260116,1 9 3 0 6 4 8 11 5 2 7 10 
28,3.29005e-06,3.84442e-06,2.97648e-06,50,100,100,260116,1 9 3 0 6 4 8 11 5 2 7 10 
29,3.2783e-06,3.84442e-06,2.88513e-06,50,100,100,260116,1 9 3 0 6 4 8 11 5 2 7 10 
30,3.29419e-06,3.86162e-06,2.94392e-06,50,100,100,258958,2 4 9 0 3 1 8 11 10 7 5 6 
31,3.30787e-06,3.86162e-06,2.97006e-06,50,100,100,258958,2 4 9 0 3 1 8 11 10 7 5 6 
32,3.27565e-06,3.86162e-06,2.90805e-06,50,100,100,258958,2 4 9 0 3 1 8 11 10 7 5 6 
33,3.28989e-06,3.86162e-06,2.98937e-06,50,100,100,258958,2 4 9 0 3 1 8 11 10 7 5 6 
34,3.2967e-06,3.86162e-06,2.86877e-06,50,100,100,258958,2 4 9 0 3 1 8 11 10 7 5 6 
35,3.32633e-06,3.86162e-06,2.90947e-06,50,100,100,258958,2 4 9 0 3 1 8 11 10 7 5 6 
36,3.29052e-06,3.86162e-06,2.92942e-06,50,100,100,258958,2 4 9 0 3 1 8 11 10 7 5 6 
37,3.30905e-06,3.86162e-06,3.02227e-06,50,100,100,258958,2 4 9 0 3 1 8 11 10 7 5 6 
38,3.33954e-06,3.89128e-06,2.99621e-06,50,100,100,256984,9 4 11 0 1 2 10 8 5 7 3 6 
39,3.33296e-06,3.89128e-06,2.97794e-06,50,100,100,256984,9 4 11 0 1 2 10 8 5 7 3 6 
40,3.33813e-06,3.89128e-06,3.06768e-06,50,100,100,256984,9 4 11 0 1 2 10 8 5 7 3 6 
41,3.34866e-06,3.89128e-06,3.0353e-06,50,100,100,256984,9 4 11 0 1 2 10 8 5 7 3 6 
42,3.30626e-06,3.89128e-06,3.04626e-06,50,100,100,256984,9 4 11 0 1 2 10 8 5 7 3 6 
43,3.32044e-06,3.89128e-06,2.97454e-06,50,100,100,256984,9 4 11 0 1 2 10 8 5 7 3 6 
44,3.30734e-06,3.89128e-06,2.93611e-06,50,100,100,256984,9 4 11 0 1 2 10 8 5 7 3 6 
45,3.32505e-06,3.89128e-06,2.95438e-06,50,100,100,256984,9 4 11 0 1 2 10 8 5 7 3 6 
46,3.34206e-06,3.89128e-06,2.97538e-06,50,100,100,256984,9 4 11 0 1 2 10 8 5 7 3 6 
47,3.30057e-06,3.89128e-06,2.96341e-06,50,100,100,256984,9 4 11 0 1 2 10 8 5 7 3 6 
48,3.31881e-06,3.89128e-06,2.97448e-06,50,100,100,256984,9 4 11 0 1 2 10 8 5 7 3 6 
49,3.32624e-06,3.89128e-06,2.95645e-06,50,100,100,256984,9 4 11 0 1 2 10 8 5 7 3 6 
50,3.31467e-06,3.89128e-06,2.98949e-06,50,100,100,256984,9 4 11 0 1 2 10 8 5 7 3 6 
51,3.32024e-06,3.89128e-06,2.92161e-06,50,100,100,256984,9 4 11 0 1 2 10 8 5 7 3 6 
52,3.2945e-06,3.94274e-06,2.96705e-06,50,100,100,253630,9 11 4 0 3 1 10 8 5 7 2 6 
53,3.32411e-06,3.94274e-06,2.99648e-06,50,100,100,253630,9 11 4 0 3 1 10 8 5 7 2 6 
54,3.32516e-06,3.94274e-06,2.94011e-06,50,100,100,253630,9 11 4 0 3 1 10 8 5 7 2 6 
55,3.34354e-06,3.94274e-06,2.93017e-06,50,100,100,253630,9 11 4 0 3 1 10 8 5 7 2 6 
56,3.33988e-06,4.03856e-06,2.92691e-06,50,100,100,247612,9 11 4 0 1 5 3 10 8 7 2 6 
57,3.34153e-06,4.03856e-06,3.02532e-06,50,100,100,247612,9 11 4 0 1 5 3 10 8 7 2 6 
58,3.32457e-06,4.03856e-06,3.00995e-06,50,100,100,247612,9 11 4 0 1 5 3 10 8 7 2 6 
59,3.35938e-06,4.15294e-06,2.99578e-06,50,100,100,240792,9 11 4 0 10 5 3 1 8 7 2 6 
60,3.30156e-06,4.15294e-06,2.94958e-06,50,100,100,240792,9 11 4 0 10 5 3 1 8 7 2 6 
61,3.34206e-06,4.15294e-06,2.93754e-06,50,100,100,240792,9 11 4 0 10 5 3 1 8 7 2 6 
62,3.36032e-06,4.15294e-06,3.00661e-06,50,100,100,240792,9 11 4 0 10 5 3 1 8 7 2 6 
63,3.34987e-06,4.15294e-06,2.96675e-06,50,100,100,240792,9 11 4 0 10 5 3 1 8 7 2 6 
64,3.3099e-06,4.15294e-06,2.91227e-06,50,100,100,240792,9 11 4 0 10 5 3 1 8 7 2 6 
65,3.35213e-06,4.15294e-06,3.01157e-06,50,100,100,240792,9 11 4 0 10 5 3 1 8 7 2 6 
66,3.35269e-06,4.18352e-06,2.8739e-06,50,100,100,239032,9 11 4 0 10 5 3 8 1 7 2 6 
67,3.33816e-06,4.18352e-06,2.9488e-06,50,100,100,239032,9 11 4 0 10 5 3 8 1 7 2 6 
68,3.33204e-06,4.18352e-06,2.97865e-06,50,100,100,239032,9 11 4 0 10 5 3 8 1 7 2 6 
69,3.35461e-06,4.18352e-06,3.00606e-06,50,100,100,239032,9 11 4 0 10 5 3 8 1 7 2 6 
70,3.34989e-06,4.18352e-06,3.00744e-06,50,100,100,239032,9 11 4 0 10 5 3 8 1 7 2 6 
71,3.36036e-06,4.18352e-06,2.95985e-06,50,100,100,239032,9 11 4 0 10 5 3 8 1 7 2 6 
72,3.38729e-06,4.18352e-06,3.02837e-06,50,100,100,239032,9 11 4 0 10 5 3 8 1 7 2 6 
73,3.40411e-06,4.18352e-06,3.05774e-06,50,100,100,239032,9 11 4 0 10 5 3 8 1 7 2 6 
74,3.39294e-06,4.18352e-06,3.00243e-06,50,100,100,239032,9 11 4 0 10 5 3 8 1 7 2 6 
75,3.36602e-06,4.18352e-06,2.98024e-06,50,100,100,239032,9 11 4 0 10 5 3 8 1 7 2 6 
76,3.35475e-06,4.18352e-06,3.02927e-06,50,100,100,239032,9 11 4 0 10 5 3 8 1 7 2 6 
77,3.382e-06,4.18352e-06,2.99255e-06,50,100,100,239032,9 11 4 0 10 5 3 8 1 7 2 6 
78,3.39798e-06,4.18352e-06,2.97523e-06,50,100,100,239032,9 11 4 0 10 5 3 8 1 7 2 6 
79,3.41343e-06,4.18352e-06,3.03112e-06,50,100,100,239032,9 11 4 0 10 5 3 8 1 7 2 6 
80,3.41531e-06,4.18352e-06,3.05167e-06,50,100,100,239032,9 11 4 0 10 5 3 8 1 7 2 6 
81,3.41512e-06,4.18352e-06,2.93039e-06,50,100,100,239032,9 11 4 0 10 5 3 8 1 7 2 6 
82,3.40054e-06,4.18352e-06,3.02696e-06,50,100,100,239032,9 11 4 0 10 5 3 8 1 7 2 6 
83,3.40613e-06,4.18352e-06,3.07334e-06,50,100,100,239032,9 11 4 0 10 5 3 8 1 7 2 6 
84,3.36751e-06,4.18352e-06,3.00818e-06,50,100,100,239032,9 11 4 0 10 5 3 8 1 7 2 6 
85,3.41173e-06,4.18352e-06,3.03982e-06,50,100,100,239032,9 11 4 0 10 5 3 8 1 7 2 6 
86,3.34991e-06,4.18352e-06,3.01525e-06,50,100,100,239032,9 11 4 0 10 5 3 8 1 7 2 6 
87,3.37561e-06,4.18352e-06,3.02972e-06,50,100,100,239032,9 11 4 0 10 5 3 8 1 7 2 6 
88,3.35434e-06,4.18352e-06,2.94828e-06,50,100,100,239032,9 11 4 0 10 5 3 8 1 7 2 6 
89,3.36913e-06,4.18352e-06,2.94422e-06,50,100,100,239032,9 11 4 0 10 5 3 8 1 7 2 6 
90,3.33749e-06,4.18352e-06,2.99477e-06,50,100,100,239032,9 11 4 0 10 5 3 8 1 7 2 6 
91,3.30669e-06,4.18352e-06,3.04766e-06,50,100,100,239032,9 11 4 0 10 5 3 8 1 7 2 6 
92,3.34663e-06,4.18352e-06,3.02278e-06,50,100,100,239032,9 11 4 0 10 5 3 8 1 7 2 6 
93,3.36537e-06,4.18352e-06,2.95474e-06,50,100,100,239032,9 11 4 0 10 5 3 8 1 7 2 6 
94,3.37973e-06,4.18352e-06,2.9861e-06,50,100,100,239032,9 11 4 0 10 5 3 8 1 7 2 6 
95,3.36591e-06,4.18352e-06,3.02076e-06,50,100,100,239032,9 11 4 0 10 5 3 8 1 7 2 6 
96,3.36143e-06,4.18352e-06,2.97268e-06,50,100,100,239032,9 11 4 0 10 5 3 8 1 7 2 6 
97,3.40731e-06,4.18352e-06,2.98507e-06,50,100,100,239032,9 11 4 0 10 5 3 8 1 7 2 6 
98,3.42355e-06,4.18352e-06,2.99268e-06,50,100,100,239032,9 11 4 0 10 5 3 8 1 7 2 6 
99,3.46326e-06,4.18352e-06,3.02487e-06,50,100,100,239032,9 11 4 0 10 5 3 8 1 7 2 6 
100,3.45218e-06,4.18352e-06,3.05808e-06,50,100,100,239032,9 11 4 0 10 5 3 8 1 7 2 6 
101,3.46424e-06,4.1962e-06,3.02615e-06,50,100,100,238310,9 11 4 0 5 10 3 8 1 7 2 6 
102,3.45637e-06,4.1962e-06,3.05533e-06,50,100,100,238310,9 11 4 0 5 10 3 8 1 7 2 6 
103,3.42069e-06,4.1962e-06,3.04069e-06,50,100,100,238310,9 11 4 0 5 10 3 8 1 7 2 6 
104,3.41517e-06,4.1962e-06,2.94637e-06,50,100,100,238310,9 11 4 0 5 10 3 8 1 7 2 6 
105,3.39164e-06,4.1962e-06,3.01455e-06,50,100,100,238310,9 11 4 0 5 10 3 8 1 7 2 6 
106,3.43014e-06,4.1962e-06,2.93361e-06,50,100,100,238310,9 11 4 0 5 10 3 8 1 7 2 6 
107,3.44475e-06,4.1962e-06,3.02903e-06,50,100,100,238310,9 11 4 0 5 10 3 8 1 7 2 6 
108,3.45003e-06,4.1962e-06,2.9608e-06,50,100,100,238310,9 11 4 0 5 10 3 8 1 7 2 6 
109,3.46666e-06,4.1962e-06,3.00632e-06,50,100,100,238310,9 11 4 0 5 10 3 8 1 7 2 6 
110,3.46981e-06,4.1962e-06,3.09191e-06,50,100,100,238310,9 11 4 0 5 10 3 8 1 7 2 6 
111,3.49254e-06,4.1962e-06,3.05675e-06,50,100,100,238310,9 11 4 0 5 10 3 8 1 7 2 6 
112,3.49676e-06,4.1962e-06,3.07672e-06,50,100,100,238310,9 11 4 0 5 10 3 8 1 7 2 6 
113,3.52351e-06,4.1962e-06,3.05182e-06,50,100,100,238310,9 11 4 0 5 10 3 8 1 7 2 6 
114,3.55964e-06,4.1962e-06,3.06079e-06,50,100,100,238310,9 11 4 0 5 10 3 8 1 7 2 6 
115,3.58164e-06,4.1962e-06,3.11087e-06,50,100,100,238310,9 11 4 0 5 10 3 8 1 7 2 6 
116,3.62116e-06,4.1962e-06,3.11417e-06,50,100,100,238310,9 11 4 0 5 10 3 8 1 7 2 6 
117,3.62482e-06,4.1962e-06,3.11718e-06,50,100,100,238310,9 11 4 0 5 10 3 8 1 7 2 6 
118,3.61268e-06,4.1962e-06,3.14427e-06,50,100,100,238310,9 11 4 0 5 10 3 8 1 7 2 6 
119,3.64118e-06,4.1962e-06,3.04801e-06,50,100,100,238310,9 11 4 0 5 10 3 8 1 7 2 6 
120,3.63307e-06,4.1962e-06,3.09267e-06,50,100,100,238310,9 11 4 0 5 10 3 8 1 7 2 6 
121,3.64514e-06,4.1962e-06,3.07315e-06,50,100,100,238310,9 11 4 0 5 10 3 8 1 7 2 6 
122,3.67448e-06,4.1962e-06,3.15691e-06,50,100,100,238310,9 11 4 0 5 10 3 8 1 7 2 6 
123,3.65561e-06,4.1962e-06,3.01702e-06,50,100,100,238310,9 11 4 0 5 10 3 8 1 7 2 6 
124,3.61693e-06,4.1962e-06,2.98108e-06,50,100,100,238310,9 11 4 0 5 10 3 8 1 7 2 6 
125,3.64883e-06,4.1962e-06,3.15413e-06,50,100,100,238310,9 11 4 0 5 10 3 8 1 7 2 6 
126,3.63684e-06,4.1962e-06,3.03244e-06,50,100,100,238310,9 11 4 0 5 10 3 8 1 7 2 6 
127,3.66057e-06,4.1962e-06,2.96821e-06,50,100,100,238310,9 11 4 0 5 10 3 8 1 7 2 6 
128,3.71257e-06,4.19828e-06,3.07406e-06,50,100,100,238192,9 11 5 0 4 10 3 8 1 7 2 6 
129,3.65508e-06,4.19828e-06,3.10589e-06,50,100,100,238192,9 11 5 0 4 10 3 8 1 7 2 6 
130,3.64207e-06,4.19828e-06,3.09963e-06,50,100,100,238192,9 11 5 0 4 10 3 8 1 7 2 6 
131,3.6953e-06,4.19828e-06,3.03254e-06,50,100,100,238192,9 11 5 0 4 10 3 8 1 7 2 6 
132,3.70406e-06,4.19828e-06,3.11518e-06,50,100,100,238192,9 11 5 0 4 10 3 8 1 7 2 6 
133,3.72322e-06,4.19828e-06,3.07185e-06,50,100,100,238192,9 11 5 0 4 10 3 8 1 7 2 6 
134,3.67406e-06,4.19828e-06,2.96223e-06,50,100,100,238192,9 11 5 0 4 10 3 8 1 7 2 6 
135,3.65655e-06,4.19828e-06,3.05372e-06,50,100,100,238192,9 11 5 0 4 10 3 8 1 7 2 6 
136,3.66138e-06,4.19828e-06,3.10292e-06,50,100,100,238192,9 11 5 0 4 10 3 8 1 7 2 6 
137,3.62948e-06,4.19828e-06,3.00704e-06,50,100,100,238192,9 11 5 0 4 10 3 8 1 7 2 6 
138,3.64428e-06,4.19828e-06,3.0761e-06,50,100,100,238192,9 11 5 0 4 10 3 8 1 7 2 6 
139,3.63051e-06,4.19828e-06,3.0311e-06,50,100,100,238192,9 11 5 0 4 10 3 8 1 7 2 6 
140,3.60595e-06,4.19828e-06,3.07489e-06,50,100,100,238192,9 11 5 0 4 10 3 8 1 7 2 6 
141,3.6181e-06,4.19828e-06,3.07796e-06,50,100,100,238192,9 11 5 0 4 10 3 8 1 7 2 6 
142,3.64335e-06,4.19828e-06,3.12435e-06,50,100,100,238192,9 11 5 0 4 10 3 8 1 7 2 6 
143,3.61776e-06,4.19828e-06,3.05839e-06,50,100,100,238192,9 11 5 0 4 10 3 8 1 7 2 6 
144,3.59743e-06,4.19828e-06,3.12716e-06,50,100,100,238192,9 11 5 0 4 10 3 8 1 7 2 6 
145,3.59127e-06,4.19828e-06,2.97609e-06,50,100,100,238192,9 11 5 0 4 10 3 8 1 7 2 6 
146,3.59284e-06,4.19828e-06,3.03491e-06,50,100,100,238192,9 11 5 0 4 10 3 8 1 7 2 6 
147,3.54968e-06,4.19828e-06,3.03491e-06,50,100,100,238192,9 11 5 0 4 10 3 8 1 7 2 6 
148,3.58782e-06,4.19828e-06,3.02361e-06,50,100,100,238192,9 11 5 0 4 10 3 8 1 7 2 6 
149,3.61142e-06,4.19828e-06,3.0113e-06,50,100,100,238192,9 11 5 0 4 10 3 8 1 7 2 6 
150,3.63028e-06,4.19828e-06,2.98867e-06,50,100,100,238192,9 11 5 0 4 10 3 8 1 7 2 6 
151,3.69194e-06,4.19828e-06,3.0694e-06,50,100,100,238192,9 11 5 0 4 10 3 8 1 7 2 6 
152,3.69349e-06,4.19828e-06,3.08805e-06,50,100,100,238192,9 11 5 0 4 10 3 8 1 7 2 6 
153,3.67922e-06,4.19828e-06,3.0696e-06,50,100,100,238192,9 11 5 0 4 10 3 8 1 7 2 6 
154,3.70658e-06,4.24529e-06,3.10826e-06,50,100,100,235554,9 11 5 0 10 1 4 8 3 7 2 6 
155,3.64498e-06,4.24529e-06,3.04217e-06,50,100,100,235554,9 11 5 0 10 1 4 8 3 7 2 6 
156,3.61108e-06,4.24529e-06,3.03871e-06,50,100,100,235554,9 11 5 0 10 1 4 8 3 7 2 6 
157,3.58207e-06,4.24529e-06,3.12495e-06,50,100,100,235554,9 11 5 0 10 1 4 8 3 7 2 6 
158,3.57565e-06,4.24529e-06,3.03917e-06,50,100,100,235554,9 11 5 0 10 1 4 8 3 7 2 6 
159,3.55379e-06,4.24529e-06,3.03854e-06,50,100,100,235554,9 11 5 0 10 1 4 8 3 7 2 6 
160,3.53782e-06,4.24529e-06,2.98669e-06,50,100,100,235554,9 11 5 0 10 1 4 8 3 7 2 6 
161,3.58022e-06,4.24529e-06,3.06315e-06,50,100,100,235554,9 11 5 0 10 1 4 8 3 7 2 6 
162,3.5628e-06,4.24529e-06,3.0543e-06,50,100,100,235554,9 11 5 0 10 1 4 8 3 7 2 6 
163,3.60114e-06,4.24529e-06,2.98532e-06,50,100,100,235554,9 11 5 0 10 1 4 8 3 7 2 6 
164,3.58994e-06,4.24529e-06,3.1044e-06,50,100,100,235554,9 11 5 0 10 1 4 8 3 7 2 6 
165,3.55052e-06,4.24529e-06,3.044e-06,50,100,100,235554,9 11 5 0 10 1 4 8 3 7 2 6 
166,3.52486e-06,4.24529e-06,2.97763e-06,50,100,100,235554,9 11 5 0 10 1 4 8 3 7 2 6 
167,3.54844e-06,4.24529e-06,3.03788e-06,50,100,100,235554,9 11 5 0 10 1 4 8 3 7 2 6 
168,3.57886e-06,4.24529e-06,3.09365e-06,50,100,100,235554,9 11 5 0 10 1 4 8 3 7 2 6 
169,3.58235e-06,4.24529e-06,3.07735e-06,50,100,100,235554,9 11 5 0 10 1 4 8 3 7 2 6 
170,3.55347e-06,4.24529e-06,3.00867e-06,50,100,100,235554,9 11 5 0 10 1 4 8 3 7 2 6 
171,3.52969e-06,4.24529e-06,3.03801e-06,50,100,100,235554,9 11 5 0 10 1 4 8 3 7 2 6 
172,3.59435e-06,4.24529e-06,3.11376e-06,50,100,100,235554,9 11 5 0 10 1 4 8 3 7 2 6 
173,3.60472e-06,4.24529e-06,3.0124e-06,50,100,100,235554,9 11 5 0 10 1 4 8 3 7 2 6 
174,3.55177e-06,4.24529e-06,3.05037e-06,50,100,100,235554,9 11 5 0 10 1 4 8 3 7 2 6 
175,3.55058e-06,4.24529e-06,3.0568e-06,50,100,100,235554,9 11 5 0 10 1 4 8 3 7 2 6 
176,3.58987e-06,4.24529e-06,3.05147e-06,50,100,100,235554,9 11 5 0 10 1 4 8 3 7 2 6 
177,3.56971e-06,4.24529e-06,3.13797e-06,50,100,100,235554,9 11 5 0 10 1 4 8 3 7 2 6 
178,3.53193e-06,4.24529e-06,3.02708e-06,50,100,100,235554,9 11 5 0 10 1 4 8 3 7 2 6 
179,3.53742e-06,4.24529e-06,3.01124e-06,50,100,100,235554,9 11 5 0 10 1 4 8 3 7 2 6 
180,3.55533e-06,4.24529e-06,3.13114e-06,50,100,100,235554,9 11 5 0 10 1 4 8 3 7 2 6 
181,3.57216e-06,4.24529e-06,3.06749e-06,50,100,100,235554,9 11 5 0 10 1 4 8 3 7 2 6 
182,3.5909e-06,4.24529e-06,2.97128e-06,50,100,100,235554,9 11 5 0 10 1 4 8 3 7 2 6 
183,3.61639e-06,4.24529e-06,3.12503e-06,50,100,100,235554,9 11 5 0 10 1 4 8 3 7 2 6 
184,3.65632e-06,4.24529e-06,3.11442e-06,50,100,100,235554,9 11 5 0 10 1 4 8 3 7 2 6 
185,3.63244e-06,4.24529e-06,3.07841e-06,50,100,100,235554,9 11 5 0 10 1 4 8 3 7 2 6 
186,3.61624e-06,4.24529e-06,3.07525e-06,50,100,100,235554,9 11 5 0 10 1 4 8 3 7 2 6 
187,3.67414e-06,4.24529e-06,3.13797e-06,50,100,100,235554,9 11 5 0 10 1 4 8 3 7 2 6 
188,3.68152e-06,4.24529e-06,3.07862e-06,50,100,100,235554,9 11 5 0 10 1 4 8 3 7 2 6 
189,3.67907e-06,4.24529e-06,3.09775e-06,50,100,100,235554,9 11 5 0 10 1 4 8 3 7 2 6 
190,3.58217e-06,4.24529e-06,3.01957e-06,50,100,100,235554,9 11 5 0 10 1 4 8 3 7 2 6 
191,3.60593e-06,4.24529e-06,2.89497e-06,50,100,100,235554,9 11 5 0 10 1 4 8 3 7 2 6 
192,3.56215e-06,4.24529e-06,2.98867e-06,50,100,100,235554,9 11 5 0 10 1 4 8 3 7 2 6 
193,3.56811e-06,4.24529e-06,3.05119e-06,50,100,100,235554,9 11 5 0 10 1 4 8 3 7 2 6 
194,3.58918e-06,4.24529e-06,3.13971e-06,50,100,100,235554,9 11 5 0 10 1 4 8 3 7 2 6 
195,3.57534e-06,4.24529e-06,3.00289e-06,50,100,100,235554,9 11 5 0 10 1 4 8 3 7 2 6 
196,3.60091e-06,4.24529e-06,3.01724e-06,50,100,100,235554,9 11 5 0 10 1 4 8 3 7 2 6 
197,3.61219e-06,4.24529e-06,3.05475e-06,50,100,100,235554,9 11 5 0 10 1 4 8 3 7 2 6 
198,3.63403e-06,4.24529e-06,3.00402e-06,50,100,100,235554,9 11 5 0 10 1 4 8 3 7 2 6 
199,3.59041e-06,4.24529e-06,3.0455e-06,50,100,100,235554,9 11 5 0 10 1 4 8 3 7 2 6 
200,3.58145e-06,4.24529e-06,3.00697e-06,50,100,100,235554,9 11 5 0 10 1 4 8 3 7 2 6 
201,3.63568e-06,4.24529e-06,2.99684e-06,50,100,100,235554,9 11 5 0 10 1 4 8 3 7 2 6 
202,3.60815e-06,4.24529e-06,3.02547e-06,50,100,100,235554,9 11 5 0 10 1 4 8 3 7 2 6 
203,3.66283e-06,4.24529e-06,3.05475e-06,50,100,100,235554,9 11 5 0 10 1 4 8 3 7 2 6 
204,3.65808e-06,4.24529e-06,3.0078e-06,50,100,100,235554,9 11 5 0 10 1 4 8 3 7 2 6 
205,3.64258e-06,4.24529e-06,3.16788e-06,50,100,100,235554,9 11 5 0 10 1 4 8 3 7 2 6 
206,3.64134e-06,4.24529e-06,3.02923e-06,50,100,100,235554,9 11 5 0 10 1 4 8 3 7 2 6 
207,3.67746e-06,4.24529e-06,3.10629e-06,50,100,100,235554,9 11 5 0 10 1 4 8 3 7 2 6 
208,3.68054e-06,4.24529e-06,3.08432e-06,50,100,100,235554,9 11 5 0 10 1 4 8 3 7 2 6 
209,3.66425e-06,4.24529e-06,3.0435e-06,50,100,100,235554,9 11 5 0 10 1 4 8 3 7 2 6 
210,3.65759e-06,4.24529e-06,3.05095e-06,50,100,100,235554,9 11 5 0 10 1 4 8 3 7 2 6 
211,3.69817e-06,4.24529e-06,3.11576e-06,50,100,100,235554,9 11 5 0 10 1 4 8 3 7 2 6 
212,3.69544e-06,4.24529e-06,3.02923e-06,50,100,100,235554,9 11 5 0 10 1 4 8 3 7 2 6 
213,3.72259e-06,4.24529e-06,3.16185e-06,50,100,100,235554,9 11 5 0 10 1 4 8 3 7 2 6 
214,3.63975e-06,4.24529e-06,2.8647e-06,50,100,100,235554,9 11 5 0 10 1 4 8 3 7 2 6 
215,3.62698e-06,4.24529e-06,3.00567e-06,50,100,100,235554,9 11 5 0 10 1 4 8 3 7 2 6 
216,3.65879e-06,4.24529e-06,3.08095e-06,50,100,100,235554,9 11 5 0 10 1 4 8 3 7 2 6 
217,3.60805e-06,4.24529e-06,3.04015e-06,50,100,100,235554,9 11 5 0 10 1 4 8 3 7 2 6 
218,3.61047e-06,4.24529e-06,3.01953e-06,50,100,100,235554,9 11 5 0 10 1 4 8 3 7 2 6 
219,3.63798e-06,4.24529e-06,3.20759e-06,50,100,100,235554,9 11 5 0 10 1 4 8 3 7 2 6 
220,3.65454e-06,4.24529e-06,3.1432e-06,50,100,100,235554,9 11 5 0 10 1 4 8 3 7 2 6 
221,3.64008e-06,4.24529e-06,3.08898e-06,50,100,100,235554,9 11 5 0 10 1 4 8 3 7 2 6 
222,3.64576e-06,4.24529e-06,3.13992e-06,50,100,100,235554,9 11 5 0 10 1 4 8 3 7 2 6 
223,3.64945e-06,4.24529e-06,3.02019e-06,50,100,100,235554,9 11 5 0 10 1 4 8 3 7 2 6 
224,3.62812e-06,4.24529e-06,2.97723e-06,50,100,100,235554,9 11 5 0 10 1 4 8 3 7 2 6 
225,3.64779e-06,4.24529e-06,3.09216e-06,50,100,100,235554,9 11 5 0 10 1 4 8 3 7 2 6 
226,3.62652e-06,4.24529e-06,2.97121e-06,50,100,100,235554,9 11 5 0 10 1 4 8 3 7 2 6 
227,3.62317e-06,4.24529e-06,3.07238e-06,50,100,100,235554,9 11 5 0 10 1 4 8 3 7 2 6 
228,3.62839e-06,4.24529e-06,3.11572e-06,50,100,100,235554,9 11 5 0 10 1 4 8 3 7 2 6 
229,3.63363e-06,4.24529e-06,3.01975e-06,50,100,100,235554,9 11 5 0 10 1 4 8 3 7 2 6 
230,3.63375e-06,4.24529e-06,3.09122e-06,50,100,100,235554,9 11 5 0 10 1 4 8 3 7 2 6 
231,3.63945e-06,4.24529e-06,3.05162e-06,50,100,100,235554,9 11 5 0 10 1 4 8 3 7 2 6 
232,3.61338e-06,4.24529e-06,3.11339e-06,50,100,100,235554,9 11 5 0 10 1 4 8 3 7 2 6 
233,3.63894e-06,4.24529e-06,2.96934e-06,50,100,100,235554,9 11 5 0 10 1 4 8 3 7 2 6 
234,3.65179e-06,4.24529e-06,3.07321e-06,50,100,100,235554,9 11 5 0 10 1 4 8 3 7 2 6 
235,3.68266e-06,4.24529e-06,2.95897e-06,50,100,100,235554,9 11 5 0 10 1 4 8 3 7 2 6 
236,3.59569e-06,4.24529e-06,3.04389e-06,50,100,100,235554,9 11 5 0 10 1 4 8 3 7 2 6 
237,3.59335e-06,4.24529e-06,3.02864e-06,50,100,100,235554,9 11 5 0 10 1 4 8 3 7 2 6 
238,3.61536e-06,4.24529e-06,3.07151e-06,50,100,100,235554,9 11 5 0 10 1 4 8 3 7 2 6 
239,3.58866e-06,4.24529e-06,3.05387e-06,50,100,100,235554,9 11 5 0 10 1 4 8 3 7 2 6 
240,3.60814e-06,4.24529e-06,3.08257e-06,50,100,100,235554,9 11 5 0 10 1 4 8 3 7 2 6 
241,3.64065e-06,4.24529e-06,3.10579e-06,50,100,100,235554,9 11 5 0 10 1 4 8 3 7 2 6 
242,3.61193e-06,4.24529e-06,3.04324e-06,50,100,100,235554,9 11 5 0 10 1 4 8 3 7 2 6 
243,3.64427e-06,4.24529e-06,3.12177e-06,50,100,100,235554,9 11 5 0 10 1 4 8 3 7 2 6 
244,3.66842e-06,4.24529e-06,3.03346e-06,50,100,100,235554,9 11 5 0 10 1 4 8 3 7 2 6 
245,3.62297e-06,4.24529e-06,3.106e-06,50,100,100,235554,9 11 5 0 10 1 4 8 3 7 2 6 
246,3.66969e-06,4.24529e-06,3.06191e-06,50,100,100,235554,9 11 5 0 10 1 4 8 3 7 2 6 
247,3.66538e-06,4.24529e-06,3.05866e-06,50,100,100,235554,9 11 5 0 10 1 4 8 3 7 2 6 
248,3.62484e-06,4.24529e-06,3.11386e-06,50,100,100,235554,9 11 5 0 10 1 4 8 3 7 2 6 
249,3.57467e-06,4.24529e-06,3.04521e-06,50,100,100,235554,9 11 5 0 10 1 4 8 3 7 2 6 
250,3.60805e-06,4.24529e-06,3.08902e-06,50,100,100,235554,9 11 5 0 10 1 4 8 3 7 2 6 
251,3.68468e-06,4.24529e-06,3.08826e-06,50,100,100,235554,9 11 5 0 10 1 4 8 3 7 2 6 
252,3.66058e-06,4.24529e-06,3.19023e-06,50,100,100,235554,9 11 5 0 10 1 4 8 3 7 2 6 
253,3.67423e-06,4.24529e-06,3.01615e-06,50,100,100,235554,9 11 5 0 10 1 4 8 3 7 2 6 
254,3.6676e-06,4.24529e-06,2.99201e-06,50,100,100,235554,9 11 5 0 10 1 4 8 3 7 2 6 
255,3.64585e-06,4.24529e-06,2.99576e-06,50,100,100,235554,9 11 5 0 10 1 4 8 3 7 2 6 
256,3.6137e-06,4.24529e-06,3.06424e-06,50,100,100,235554,9 11 5 0 10 1 4 8 3 7 2 6 
257,3.62533e-06,4.24529e-06,3.05158e-06,50,100,100,235554,9 11 5 0 10 1 4 8 3 7 2 6 
258,3.62615e-06,4.24529e-06,3.09583e-06,50,100,100,235554,9 11 5 0 10 1 4 8 3 7 2 6 
259,3.63013e-06,4.24529e-06,3.09491e-06,50,100,100,235554,9 11 5 0 10 1 4 8 3 7 2 6 
260,3.59232e-06,4.24529e-06,2.94764e-06,50,100,100,235554,9 11 5 0 10 1 4 8 3 7 2 6 
261,3.6298e-06,4.24529e-06,3.00878e-06,50,100,100,235554,9 11 5 0 10 1 4 8 3 7 2 6 
262,3.6199e-06,4.24529e-06,3.15164e-06,50,100,100,235554,9 11 5 0 10 1 4 8 3 7 2 6 
263,3.57241e-06,4.24529e-06,2.9997e-06,50,100,100,235554,9 11 5 0 10 1 4 8 3 7 2 6 
264,3.59235e-06,4.24529e-06,3.03421e-06,50,100,100,235554,9 11 5 0 10 1 4 8 3 7 2 6 
265,3.59859e-06,4.24529e-06,3.15089e-06,50,100,100,235554,9 11 5 0 10 1 4 8 3 7 2 6 
266,3.61719e-06,4.24529e-06,3.03533e-06,50,100,100,235554,9 11 5 0 10 1 4 8 3 7 2 6 
267,3.62384e-06,4.24529e-06,3.04432e-06,50,100,100,235554,9 11 5 0 10 1 4 8 3 7 2 6 
268,3.60783e-06,4.24529e-06,3.08826e-06,50,100,100,235554,9 11 5 0 10 1 4 8 3 7 2 6 
269,3.63253e-06,4.24529e-06,3.14399e-06,50,100,100,235554,9 11 5 0 10 1 4 8 3 7 2 6 
270,3.57656e-06,4.24529e-06,3.05156e-06,50,100,100,235554,9 11 5 0 10 1 4 8 3 7 2 6 
271,3.60463e-06,4.24529e-06,3.07119e-06,50,100,100,235554,9 11 5 0 10 1 4 8 3 7 2 6 
272,3.57655e-06,4.24529e-06,2.96146e-06,50,100,100,235554,9 11 5 0 10 1 4 8 3 7 2 6 
273,3.57031e-06,4.24529e-06,3.06877e-06,50,100,100,235554,9 11 5 0 10 1 4 8 3 7 2 6 
274,3.56112e-06,4.24529e-06,3.004e-06,50,100,100,235554,9 11 5 0 10 1 4 8 3 7 2 6 
275,3.56168e-06,4.24529e-06,3.03812e-06,50,100,100,235554,9 11 5 0 10 1 4 8 3 7 2 6 
276,3.58576e-06,4.24529e-06,3.00496e-06,50,100,100,235554,9 11 5 0 10 1 4 8 3 7 2 6 
277,3.57077e-06,4.24529e-06,2.97388e-06,50,100,100,235554,9 11 5 0 10 1 4 8 3 7 2 6 
278,3.58355e-06,4.24529e-06,3.00995e-06,50,100,100,235554,9 11 5 0 10 1 4 8 3 7 2 6 
279,3.61693e-06,4.24529e-06,3.09894e-06,50,100,100,235554,9 11 5 0 10 1 4 8 3 7 2 6 
280,3.6179e-06,4.24529e-06,3.07686e-06,50,100,100,235554,9 11 5 0 10 1 4 8 3 7 2 6 
281,3.62565e-06,4.24529e-06,3.02985e-06,50,100,100,235554,9 11 5 0 10 1 4 8 3 7 2 6 
282,3.61386e-06,4.24529e-06,3.02167e-06,50,100,100,235554,9 11 5 0 10 1 4 8 3 7 2 6 
283,3.63674e-06,4.24529e-06,3.05892e-06,50,100,100,235554,9 11 5 0 10 1 4 8 3 7 2 6 
284,3.67171e-06,4.24529e-06,3.04894e-06,50,100,100,235554,9 11 5 0 10 1 4 8 3 7 2 6 
285,3.6293e-06,4.24529e-06,2.98706e-06,50,100,100,235554,9 11 5 0 10 1 4 8 3 7 2 6 
286,3.65734e-06,4.24529e-06,3.07674e-06,50,100,100,235554,9 11 5 0 10 1 4 8 3 7 2 6 
287,3.64242e-06,4.24529e-06,2.98423e-06,50,100,100,235554,9 11 5 0 10 1 4 8 3 7 2 6 
288,3.61104e-06,4.24529e-06,2.98583e-06,50,100,100,235554,9 11 5 0 10 1 4 8 3 7 2 6 
289,3.65458e-06,4.24529e-06,3.07896e-06,50,100,100,235554,9 11 5 0 10 1 4 8 3 7 2 6 
290,3.64868e-06,4.24529e-06,3.08192e-06,50,100,100,235554,9 11 5 0 10 1 4 8 3 7 2 6 
291,3.67396e-06,4.24529e-06,3.01864e-06,50,100,100,235554,9 11 5 0 10 1 4 8 3 7 2 6 
292,3.66087e-06,4.24529e-06,2.99262e-06,50,100,100,235554,9 11 5 0 10 1 4 8 3 7 2 6 
293,3.65381e-06,4.24529e-06,3.15444e-06,50,100,100,235554,9 11 5 0 10 1 4 8 3 7 2 6 
294,3.62267e-06,4.24529e-06,3.07957e-06,50,100,100,235554,9 11 5 0 10 1 4 8 3 7 2 6 
295,3.653e-06,4.24529e-06,3.1085e-06,50,100,100,235554,9 11 5 0 10 1 4 8 3 7 2 6 
296,3.5896e-06,4.24529e-06,2.94409e-06,50,100,100,235554,9 11 5 0 10 1 4 8 3 7 2 6 
297,3.69201e-06,4.24529e-06,3.02725e-06,50,100,100,235554,9 11 5 0 10 1 4 8 3 7 2 6 
298,3.6602e-06,4.24529e-06,3.09969e-06,50,100,100,235554,9 11 5 0 10 1 4 8 3 7 2 6 
299,3.68192e-06,4.24529e-06,2.9217e-06,50,100,100,235554,9 11 5 0 10 1 4 8 3 7 2 6 
300,3.66577e-06,4.24529e-06,3.04508e-06,50,100,100,235554,9 11 5 0 10 1 4 8 3 7 2 6 
301,3.57801e-06,4.24529e-06,2.9329e-06,50,100,100,235554,9 11 5 0 10 1 4 8 3 7 2 6 
302,3.60313e-06,4.24529e-06,3.0107e-06,50,100,100,235554,9 11 5 0 10 1 4 8 3 7 2 6 
303,3.64361e-06,4.24529e-06,3.01246e-06,50,100,100,235554,9 11 5 0 10 1 4 8 3 7 2 6 
304,3.66911e-06,4.24529e-06,2.97872e-06,50,100,100,235554,9 11 5 0 10 1 4 8 3 7 2 6 
305,3.58856e-06,4.24529e-06,3.06972e-06,50,100,100,235554,9 11 5 0 10 1 4 8 3 7 2 6 
306,3.51602e-06,4.24529e-06,3.04502e-06,50,100,100,235554,9 11 5 0 10 1 4 8 3 7 2 6 
307,3.51272e-06,4.24529e-06,3.03474e-06,50,100,100,235554,9 11 5 0 10 1 4 8 3 7 2 6 
308,3.52708e-06,4.24529e-06,3.0423e-06,50,100,100,235554,9 11 5 0 10 1 4 8 3 7 2 6 
309,3.52428e-06,4.24529e-06,3.08015e-06,50,100,100,235554,9 11 5 0 10 1 4 8 3 7 2 6 
310,3.5261e-06,4.24529e-06,2.92549e-06,50,100,100,235554,9 11 5 0 10 1 4 8 3 7 2 6 
311,3.50316e-06,4.24529e-06,3.06845e-06,50,100,100,235554,9 11 5 0 10 1 4 8 3 7 2 6 
312,3.50544e-06,4.24529e-06,3.0156e-06,50,100,100,235554,9 11 5 0 10 1 4 8 3 7 2 6 
313,3.49922e-06,4.24529e-06,3.02562e-06,50,100,100,235554,9 11 5 0 10 1 4 8 3 7 2 6 
314,3.54771e-06,4.24529e-06,3.04063e-06,50,100,100,235554,9 11 5 0 10 1 4 8 3 7 2 6 
315,3.54542e-06,4.24529e-06,2.9965e-06,50,100,100,235554,9 11 5 0 10 1 4 8 3 7 2 6 
316,3.55601e-06,4.24529e-06,3.06915e-06,50,100,100,235554,9 11 5 0 10 1 4 8 3 7 2 6 
317,3.54769e-06,4.24529e-06,3.0132e-06,50,100,100,235554,9 11 5 0 10 1 4 8 3 7 2 6 
318,3.5493e-06,4.24529e-06,3.04206e-06,50,100,100,235554,9 11 5 0 10 1 4 8 3 7 2 6 
319,3.5906e-06,4.24529e-06,3.05997e-06,50,100,100,235554,9 11 5 0 10 1 4 8 3 7 2 6 
320,3.56645e-06,4.24529e-06,2.98903e-06,50,100,100,235554,9 11 5 0 10 1 4 8 3 7 2 6 
321,3.52826e-06,4.24529e-06,3.08851e-06,50,100,100,235554,9 11 5 0 10 1 4 8 3 7 2 6 
322,3.53645e-06,4.24529e-06,2.98935e-06,50,100,100,235554,9 11 5 0 10 1 4 8 3 7 2 6 
323,3.51244e-06,4.24529e-06,3.04743e-06,50,100,100,235554,9 11 5 0 10 1 4 8 3 7 2 6 
324,3.55878e-06,4.24529e-06,3.03548e-06,50,100,100,235554,9 11 5 0 10 1 4 8 3 7 2 6 
325,3.5215e-06,4.24529e-06,3.04461e-06,50,100,100,235554,9 11 5 0 10 1 4 8 3 7 2 6 
326,3.52639e-06,4.24529e-06,3.04322e-06,50,100,100,235554,9 11 5 0 10 1 4 8 3 7 2 6 
327,3.57188e-06,4.24529e-06,3.07864e-06,50,100,100,235554,9 11 5 0 10 1 4 8 3 7 2 6 
328,3.52244e-06,4.24529e-06,3.05225e-06,50,100,100,235554,9 11 5 0 10 1 4 8 3 7 2 6 
329,3.54389e-06,4.24529e-06,3.08992e-06,50,100,100,235554,9 11 5 0 10 1 4 8 3 7 2 6 
330,3.47667e-06,4.24529e-06,2.98019e-06,50,100,100,235554,9 11 5 0 10 1 4 8 3 7 2 6 
331,3.52411e-06,4.24529e-06,3.01026e-06,50,100,100,235554,9 11 5 0 10 1 4 8 3 7 2 6 
332,3.52475e-06,4.24529e-06,3.04293e-06,50,100,100,235554,9 11 5 0 10 1 4 8 3 7 2 6 
333,3.48702e-06,4.24529e-06,3.05838e-06,50,100,100,235554,9 11 5 0 10 1 4 8 3 7 2 6 
334,3.5231e-06,4.24529e-06,3.06621e-06,50,100,100,235554,9 11 5 0 10 1 4 8 3 7 2 6 
335,3.58733e-06,4.24529e-06,3.02227e-06,50,100,100,235554,9 11 5 0 10 1 4 8 3 7 2 6 
336,3.60671e-06,4.24529e-06,3.0858e-06,50,100,100,235554,9 11 5 0 10 1 4 8 3 7 2 6 
337,3.63335e-06,4.24529e-06,3.02787e-06,50,100,100,235554,9 11 5 0 10 1 4 8 3 7 2 6 
338,3.60493e-06,4.24529e-06,3.02359e-06,50,100,100,235554,9 11 5 0 10 1 4 8 3 7 2 6 
339,3.63571e-06,4.24529e-06,3.08335e-06,50,100,100,235554,9 11 5 0 10 1 4 8 3 7 2 6 
340,3.59427e-06,4.24529e-06,3.03517e-06,50,100,100,235554,9 11 5 0 10 1 4 8 3 7 2 6 
341,3.62051e-06,4.24529e-06,3.03615e-06,50,100,100,235554,9 11 5 0 10 1 4 8 3 7 2 6 
342,3.6752e-06,4.24529e-06,2.98874e-06,50,100,100,235554,9 11 5 0 10 1 4 8 3 7 2 6 
343,3.59389e-06,4.24529e-06,3.0298e-06,50,100,100,235554,9 11 5 0 10 1 4 8 3 7 2 6 
344,3.57114e-06,4.24529e-06,3.07735e-06,50,100,100,235554,9 11 5 0 10 1 4 8 3 7 2 6 
345,3.61598e-06,4.24529e-06,3.03945e-06,50,100,100,235554,9 11 5 0 10 1 4 8 3 7 2 6 
346,3.618e-06,4.24529e-06,3.07107e-06,50,100,100,235554,9 11 5 0 10 1 4 8 3 7 2 6 
347,3.59731e-06,4.24529e-06,3.05826e-06,50,100,100,235554,9 11 5 0 10 1 4 8 3 7 2 6 
348,3.58181e-06,4.24529e-06,2.94838e-06,50,100,100,235554,9 11 5 0 10 1 4 8 3 7 2 6 
349,3.63309e-06,4.24529e-06,3.06975e-06,50,100,100,235554,9 11 5 0 10 1 4 8 3 7 2 6 
350,3.62355e-06,4.24529e-06,2.94701e-06,50,100,100,235554,9 11 5 0 10 1 4 8 3 7 2 6 
351,3.6151e-06,4.24529e-06,3.05419e-06,50,100,100,235554,9 11 5 0 10 1 4 8 3 7 2 6 
352,3.64778e-06,4.24529e-06,3.14441e-06,50,100,100,235554,9 11 5 0 10 1 4 8 3 7 2 6 
353,3.63125e-06,4.24529e-06,3.06058e-06,50,100,100,235554,9 11 5 0 10 1 4 8 3 7 2 6 
354,3.62074e-06,4.24529e-06,3.02147e-06,50,100,100,235554,9 11 5 0 10 1 4 8 3 7 2 6 
355,3.62916e-06,4.24529e-06,3.14809e-06,50,100,100,235554,9 11 5 0 10 1 4 8 3 7 2 6 
356,3.62271e-06,4.24529e-06,2.99632e-06,50,100,100,235554,9 11 5 0 10 1 4 8 3 7 2 6 
357,3.65002e-06,4.24529e-06,2.97314e-06,50,100,100,235554,9 11 5 0 10 1 4 8 3 7 2 6 
358,3.64256e-06,4.24529e-06,2.92344e-06,50,100,100,235554,9 11 5 0 10 1 4 8 3 7 2 6 
359,3.59213e-06,4.24529e-06,2.94826e-06,50,100,100,235554,9 11 5 0 10 1 4 8 3 7 2 6 
360,3.58857e-06,4.24529e-06,3.1067e-06,50,100,100,235554,9 11 5 0 10 1 4 8 3 7 2 6 
361,3.62157e-06,4.24529e-06,3.07122e-06,50,100,100,235554,9 11 5 0 10 1 4 8 3 7 2 6 
362,3.63836e-06,4.24529e-06,3.01813e-06,50,100,100,235554,9 11 5 0 10 1 4 8 3 7 2 6 
363,3.65093e-06,4.24529e-06,3.02589e-06,50,100,100,235554,9 11 5 0 10 1 4 8 3 7 2 6 
364,3.62131e-06,4.24529e-06,2.94468e-06,50,100,100,235554,9 11 5 0 10 1 4 8 3 7 2 6 
365,3.66302e-06,4.24529e-06,3.03513e-06,50,100,100,235554,9 11 5 0 10 1 4 8 3 7 2 6 
366,3.63146e-06,4.24529e-06,2.99533e-06,50,100,100,235554,9 11 5 0 10 1 4 8 3 7 2 6 
367,3.65682e-06,4.24529e-06,3.17224e-06,50,100,100,235554,9 11 5 0 10 1 4 8 3 7 2 6 
368,3.6888e-06,4.24529e-06,3.06201e-06,50,100,100,235554,9 11 5 0 10 1 4 8 3 7 2 6 
369,3.66691e-06,4.24529e-06,3.08769e-06,50,100,100,235554,9 11 5 0 10 1 4 8 3 7 2 6 
370,3.6551e-06,4.24529e-06,3.12392e-06,50,100,100,235554,9 11 5 0 10 1 4 8 3 7 2 6 
371,3.61461e-06,4.24529e-06,3.09445e-06,50,100,100,235554,9 11 5 0 10 1 4 8 3 7 2 6 
372,3.61331e-06,4.24529e-06,3.0011e-06,50,100,100,235554,9 11 5 0 10 1 4 8 3 7 2 6 
373,3.65494e-06,4.24529e-06,3.18694e-06,50,100,100,235554,9 11 5 0 10 1 4 8 3 7 2 6 
374,3.67224e-06,4.24529e-06,3.0521e-06,50,100,100,235554,9 11 5 0 10 1 4 8 3 7 2 6 
375,3.72283e-06,4.24529e-06,3.06385e-06,50,100,100,235554,9 11 5 0 10 1 4 8 3 7 2 6 
376,3.72806e-06,4.24529e-06,3.10236e-06,50,100,100,235554,9 11 5 0 10 1 4 8 3 7 2 6 
377,3.68975e-06,4.24529e-06,2.97962e-06,50,100,100,235554,9 11 5 0 10 1 4 8 3 7 2 6 
378,3.6476e-06,4.24529e-06,3.06979e-06,50,100,100,235554,9 11 5 0 10 1 4 8 3 7 2 6 
379,3.63766e-06,4.24529e-06,3.03637e-06,50,100,100,235554,9 11 5 0 10 1 4 8 3 7 2 6 
380,3.61554e-06,4.24529e-06,2.94769e-06,50,100,100,235554,9 11 5 0 10 1 4 8 3 7 2 6 
381,3.65916e-06,4.24529e-06,3.04487e-06,50,100,100,235554,9 11 5 0 10 1 4 8 3 7 2 6 
382,3.6093e-06,4.24529e-06,2.97881e-06,50,100,100,235554,9 11 5 0 10 1 4 8 3 7 2 6 
383,3.60745e-06,4.24529e-06,3.14083e-06,50,100,100,235554,9 11 5 0 10 1 4 8 3 7 2 6 
384,3.60317e-06,4.24529e-06,3.12191e-06,50,100,100,235554,9 11 5 0 10 1 4 8 3 7 2 6 
385,3.64075e-06,4.24529e-06,3.14565e-06,50,100,100,235554,9 11 5 0 10 1 4 8 3 7 2 6 
386,3.63175e-06,4.24529e-06,2.97285e-06,50,100,100,235554,9 11 5 0 10 1 4 8 3 7 2 6 
387,3.60368e-06,4.24529e-06,3.01193e-06,50,100,100,235554,9 11 5 0 10 1 4 8 3 7 2 6 
388,3.60752e-06,4.24529e-06,3.08973e-06,50,100,100,235554,9 11 5 0 10 1 4 8 3 7 2 6 
389,3.6007e-06,4.24529e-06,3.07981e-06,50,100,100,235554,9 11 5 0 10 1 4 8 3 7 2 6 
390,3.57313e-06,4.24529e-06,3.07136e-06,50,100,100,235554,9 11 5 0 10 1 4 8 3 7 2 6 
391,3.61226e-06,4.24529e-06,2.94877e-06,50,100,100,235554,9 11 5 0 10 1 4 8 3 7 2 6 
392,3.63514e-06,4.24529e-06,3.02862e-06,50,100,100,235554,9 11 5 0 10 1 4 8 3 7 2 6 
393,3.64498e-06,4.24529e-06,3.07913e-06,50,100,100,235554,9 11 5 0 10 1 4 8 3 7 2 6 
394,3.71728e-06,4.24529e-06,3.01777e-06,50,100,100,235554,9 11 5 0 10 1 4 8 3 7 2 6 
395,3.71713e-06,4.24529e-06,3.11574e-06,50,100,100,235554,9 11 5 0 10 1 4 8 3 7 2 6 
396,3.68385e-06,4.24529e-06,3.08826e-06,50,100,100,235554,9 11 5 0 10 1 4 8 3 7 2 6 
397,3.63278e-06,4.24529e-06,3.03311e-06,50,100,100,235554,9 11 5 0 10 1 4 8 3 7 2 6 
398,3.68379e-06,4.24529e-06,3.1546e-06,50,100,100,235554,9 11 5 0 10 1 4 8 3 7 2 6 
399,3.64394e-06,4.24529e-06,3.08072e-06,50,100,100,235554,9 11 5 0 10 1 4 8 3 7 2 6 
400,3.59575e-06,4.24529e-06,3.00758e-06,50,100,100,235554,9 11 5 0 10 1 4 8 3 7 2 6 
401,3.60884e-06,4.24529e-06,3.09183e-06,50,100,100,235554,9 11 5 0 10 1 4 8 3 7 2 6 
402,3.56891e-06,4.24529e-06,3.00031e-06,50,100,100,235554,9 11 5 0 10 1 4 8 3 7 2 6 
403,3.59615e-06,4.24529e-06,3.08898e-06,50,100,100,235554,9 11 5 0 10 1 4 8 3 7 2 6 
404,3.59544e-06,4.24529e-06,2.99246e-06,50,100,100,235554,9 11 5 0 10 1 4 8 3 7 2 6 
405,3.5714e-06,4.24529e-06,3.06691e-06,50,100,100,235554,9 11 5 0 10 1 4 8 3 7 2 6 
406,3.57914e-06,4.24529e-06,3.0776e-06,50,100,100,235554,9 11 5 0 10 1 4 8 3 7 2 6 
407,3.60759e-06,4.24529e-06,3.1102e-06,50,100,100,235554,9 11 5 0 10 1 4 8 3 7 2 6 
408,3.60125e-06,4.24529e-06,3.04573e-06,50,100,100,235554,9 11 5 0 10 1 4 8 3 7 2 6 
409,3.60897e-06,4.24529e-06,2.93504e-06,50,100,100,235554,9 11 5 0 10 1 4 8 3 7 2 6 
410,3.5984e-06,4.24529e-06,3.02014e-06,50,100,100,235554,9 11 5 0 10 1 4 8 3 7 2 6 
411,3.55986e-06,4.24529e-06,2.95279e-06,50,100,100,235554,9 11 5 0 10 1 4 8 3 7 2 6 
412,3.60701e-06,4.24529e-06,3.00534e-06,50,100,100,235554,9 11 5 0 10 1 4 8 3 7 2 6 
413,3.59186e-06,4.24529e-06,2.95066e-06,50,100,100,235554,9 11 5 0 10 1 4 8 3 7 2 6 
414,3.59795e-06,4.24529e-06,3.10057e-06,50,100,100,235554,9 11 5 0 10 1 4 8 3 7 2 6 
415,3.57484e-06,4.24529e-06,3.03151e-06,50,100,100,235554,9 11 5 0 10 1 4 8 3 7 2 6 
416,3.53809e-06,4.24529e-06,2.93989e-06,50,100,100,235554,9 11 5 0 10 1 4 8 3 7 2 6 
417,3.59812e-06,4.24529e-06,3.13029e-06,50,100,100,235554,9 11 5 0 10 1 4 8 3 7 2 6 
418,3.56789e-06,4.24529e-06,3.10088e-06,50,100,100,235554,9 11 5 0 10 1 4 8 3 7 2 6 
419,3.55369e-06,4.24529e-06,2.95213e-06,50,100,100,235554,9 11 5 0 10 1 4 8 3 7 2 6 
420,3.5869e-06,4.24529e-06,3.03447e-06,50,100,100,235554,9 11 5 0 10 1 4 8 3 7 2 6 
421,3.60632e-06,4.24529e-06,3.08904e-06,50,100,100,235554,9 11 5 0 10 1 4 8 3 7 2 6 
422,3.61925e-06,4.24529e-06,3.07472e-06,50,100,100,235554,9 11 5 0 10 1 4 8 3 7 2 6 
423,3.61561e-06,4.24529e-06,3.0029e-06,50,100,100,235554,9 11 5 0 10 1 4 8 3 7 2 6 
424,3.58282e-06,4.24529e-06,3.08868e-06,50,100,100,235554,9 11 5 0 10 1 4 8 3 7 2 6 
425,3.60931e-06,4.24529e-06,3.06417e-06,50,100,100,235554,9 11 5 0 10 1 4 8 3 7 2 6 
426,3.58514e-06,4.24529e-06,3.01689e-06,50,100,100,235554,9 11 5 0 10 1 4 8 3 7 2 6 
427,3.56507e-06,4.24529e-06,3.013e-06,50,100,100,235554,9 11 5 0 10 1 4 8 3 7 2 6 
428,3.61734e-06,4.24529e-06,3.04376e-06,50,100,100,235554,9 11 5 0 10 1 4 8 3 7 2 6 
429,3.66056e-06,4.24529e-06,3.07122e-06,50,100,100,235554,9 11 5 0 10 1 4 8 3 7 2 6 
430,3.61637e-06,4.24529e-06,3.03147e-06,50,100,100,235554,9 11 5 0 10 1 4 8 3 7 2 6 
431,3.62101e-06,4.24529e-06,3.02864e-06,50,100,100,235554,9 11 5 0 10 1 4 8 3 7 2 6 
432,3.6506e-06,4.24529e-06,3.07328e-06,50,100,100,235554,9 11 5 0 10 1 4 8 3 7 2 6 
433,3.67933e-06,4.24529e-06,3.00746e-06,50,100,100,235554,9 11 5 0 10 1 4 8 3 7 2 6 
434,3.65553e-06,4.24529e-06,3.0505e-06,50,100,100,235554,9 11 5 0 10 1 4 8 3 7 2 6 
435,3.63303e-06,4.24529e-06,3.05208e-06,50,100,100,235554,9 11 5 0 10 1 4 8 3 7 2 6 
436,3.67801e-06,4.24529e-06,2.9437e-06,50,100,100,235554,9 11 5 0 10 1 4 8 3 7 2 6 
437,3.70993e-06,4.24529e-06,3.00791e-06,50,100,100,235554,9 11 5 0 10 1 4 8 3 7 2 6 
438,3.65698e-06,4.24529e-06,3.14811e-06,50,100,100,235554,9 11 5 0 10 1 4 8 3 7 2 6 
439,3.65944e-06,4.24529e-06,3.01609e-06,50,100,100,235554,9 11 5 0 10 1 4 8 3 7 2 6 
440,3.65975e-06,4.24529e-06,2.94039e-06,50,100,100,235554,9 11 5 0 10 1 4 8 3 7 2 6 
441,3.68673e-06,4.24529e-06,3.04537e-06,50,100,100,235554,9 11 5 0 10 1 4 8 3 7 2 6 
442,3.55197e-06,4.24529e-06,3.03158e-06,50,100,100,235554,9 11 5 0 10 1 4 8 3 7 2 6 
443,3.62416e-06,4.24529e-06,3.0994e-06,50,100,100,235554,9 11 5 0 10 1 4 8 3 7 2 6 
444,3.65935e-06,4.24529e-06,3.06761e-06,50,100,100,235554,9 11 5 0 10 1 4 8 3 7 2 6 
445,3.66706e-06,4.24529e-06,3.0601e-06,50,100,100,235554,9 11 5 0 10 1 4 8 3 7 2 6 
446,3.65424e-06,4.24529e-06,3.06719e-06,50,100,100,235554,9 11 5 0 10 1 4 8 3 7 2 6 
447,3.60093e-06,4.24529e-06,2.97549e-06,50,100,100,235554,9 11 5 0 10 1 4 8 3 7 2 6 
448,3.59019e-06,4.24529e-06,3.01491e-06,50,100,100,235554,9 11 5 0 10 1 4 8 3 7 2 6 
449,3.62121e-06,4.24529e-06,3.09671e-06,50,100,100,235554,9 11 5 0 10 1 4 8 3 7 2 6 
450,3.61799e-06,4.24529e-06,3.0479e-06,50,100,100,235554,9 11 5 0 10 1 4 8 3 7 2 6 
451,3.6147e-06,4.24529e-06,3.03077e-06,50,100,100,235554,9 11 5 0 10 1 4 8 3 7 2 6 
452,3.64958e-06,4.24529e-06,3.04367e-06,50,100,100,235554,9 11 5 0 10 1 4 8 3 7 2 6 
453,3.69767e-06,4.24529e-06,3.02652e-06,50,100,100,235554,9 11 5 0 10 1 4 8 3 7 2 6 
454,3.62731e-06,4.24529e-06,3.06851e-06,50,100,100,235554,9 11 5 0 10 1 4 8 3 7 2 6 
455,3.61051e-06,4.24529e-06,3.06957e-06,50,100,100,235554,9 11 5 0 10 1 4 8 3 7 2 6 
456,3.63053e-06,4.24529e-06,3.04106e-06,50,100,100,235554,9 11 5 0 10 1 4 8 3 7 2 6 
457,3.60435e-06,4.24529e-06,3.0895e-06,50,100,100,235554,9 11 5 0 10 1 4 8 3 7 2 6 
458,3.63664e-06,4.24529e-06,3.05559e-06,50,100,100,235554,9 11 5 0 10 1 4 8 3 7 2 6 
459,3.58226e-06,4.24529e-06,3.04202e-06,50,100,100,235554,9 11 5 0 10 1 4 8 3 7 2 6 
460,3.57661e-06,4.24529e-06,3.03821e-06,50,100,100,235554,9 11 5 0 10 1 4 8 3 7 2 6 
461,3.64948e-06,4.24529e-06,3.12591e-06,50,100,100,235554,9 11 5 0 10 1 4 8 3 7 2 6 
462,3.59916e-06,4.24529e-06,3.10738e-06,50,100,100,235554,9 11 5 0 10 1 4 8 3 7 2 6 
463,3.62913e-06,4.24529e-06,3.02361e-06,50,100,100,235554,9 11 5 0 10 1 4 8 3 7 2 6 
464,3.6688e-06,4.24529e-06,3.05585e-06,50,100,100,235554,9 11 5 0 10 1 4 8 3 7 2 6 
465,3.67027e-06,4.24529e-06,3.13551e-06,50,100,100,235554,9 11 5 0 10 1 4 8 3 7 2 6 
466,3.66723e-06,4.24529e-06,3.11465e-06,50,100,100,235554,9 11 5 0 10 1 4 8 3 7 2 6 
467,3.64024e-06,4.24529e-06,3.01409e-06,50,100,100,235554,9 11 5 0 10 1 4 8 3 7 2 6 
468,3.69467e-06,4.24529e-06,3.04684e-06,50,100,100,235554,9 11 5 0 10 1 4 8 3 7 2 6 
469,3.73559e-06,4.24529e-06,2.98837e-06,50,100,100,235554,9 11 5 0 10 1 4 8 3 7 2 6 
470,3.6389e-06,4.24529e-06,2.96397e-06,50,100,100,235554,9 11 5 0 10 1 4 8 3 7 2 6 
471,3.71664e-06,4.24529e-06,2.95195e-06,50,100,100,235554,9 11 5 0 10 1 4 8 3 7 2 6 
472,3.71936e-06,4.24529e-06,3.14034e-06,50,100,100,235554,9 11 5 0 10 1 4 8 3 7 2 6 
473,3.7211e-06,4.24529e-06,3.03044e-06,50,100,100,235554,9 11 5 0 10 1 4 8 3 7 2 6 
474,3.71254e-06,4.24529e-06,3.07279e-06,50,100,100,235554,9 11 5 0 10 1 4 8 3 7 2 6 
475,3.65859e-06,4.24529e-06,2.94143e-06,50,100,100,235554,9 11 5 0 10 1 4 8 3 7 2 6 
476,3.65367e-06,4.24529e-06,3.02866e-06,50,100,100,235554,9 11 5 0 10 1 4 8 3 7 2 6 
477,3.68256e-06,4.24529e-06,3.04274e-06,50,100,100,235554,9 11 5 0 10 1 4 8 3 7 2 6 
478,3.70202e-06,4.24529e-06,3.04146e-06,50,100,100,235554,9 11 5 0 10 1 4 8 3 7 2 6 
479,3.66965e-06,4.24529e-06,3.00711e-06,50,100,100,235554,9 11 5 0 10 1 4 8 3 7 2 6 
480,3.69627e-06,4.24529e-06,3.07868e-06,50,100,100,235554,9 11 5 0 10 1 4 8 3 7 2 6 
481,3.65926e-06,4.24529e-06,3.04293e-06,50,100,100,235554,9 11 5 0 10 1 4 8 3 7 2 6 
482,3.6182e-06,4.24529e-06,3.15488e-06,50,100,100,235554,9 11 5 0 10 1 4 8 3 7 2 6 
483,3.59956e-06,4.24529e-06,3.11107e-06,50,100,100,235554,9 11 5 0 10 1 4 8 3 7 2 6 
484,3.5659e-06,4.24529e-06,2.95427e-06,50,100,100,235554,9 11 5 0 10 1 4 8 3 7 2 6 
485,3.5945e-06,4.24529e-06,2.99556e-06,50,100,100,235554,9 11 5 0 10 1 4 8 3 7 2 6 
486,3.56738e-06,4.24529e-06,3.08143e-06,50,100,100,235554,9 11 5 0 10 1 4 8 3 7 2 6 
487,3.64386e-06,4.24529e-06,3.10288e-06,50,100,100,235554,9 11 5 0 10 1 4 8 3 7 2 6 
488,3.63869e-06,4.24529e-06,2.99616e-06,50,100,100,235554,9 11 5 0 10 1 4 8 3 7 2 6 
489,3.66105e-06,4.24529e-06,3.19623e-06,50,100,100,235554,9 11 5 0 10 1 4 8 3 7 2 6 
490,3.6159e-06,4.24529e-06,3.02202e-06,50,100,100,235554,9 11 5 0 10 1 4 8 3 7 2 6 
491,3.67221e-06,4.24529e-06,3.09038e-06,50,100,100,235554,9 11 5 0 10 1 4 8 3 7 2 6 
492,3.64837e-06,4.24529e-06,3.05666e-06,50,100,100,235554,9 11 5 0 10 1 4 8 3 7 2 6 
493,3.64816e-06,4.24529e-06,3.02472e-06,50,100,100,235554,9 11 5 0 10 1 4 8 3 7 2 6 
494,3.58125e-06,4.24529e-06,2.93504e-06,50,100,100,235554,9 11 5 0 10 1 4 8 3 7 2 6 
495,3.58917e-06,4.24529e-06,2.98286e-06,50,100,100,235554,9 11 5 0 10 1 4 8 3 7 2 6 
496,3.64368e-06,4.24529e-06,2.99671e-06,50,100,100,235554,9 11 5 0 10 1 4 8 3 7 2 6 
497,3.60785e-06,4.24529e-06,3.0805e-06,50,100,100,235554,9 11 5 0 10 1 4 8 3 7 2 6 
498,3.63811e-06,4.24529e-06,2.95588e-06,50,100,100,235554,9 11 5 0 10 1 4 8 3 7 2 6 
499,3.69475e-06,4.24529e-06,3.11285e-06,50,100,100,235554,9 11 5 0 10 1 4 8 3 7 2 6 
500,3.68348e-06,4.24529e-06,3.04883e-06,50,100,100,235554,9 11 5 0 10 1 4 8 3 7 2 6 
501,3.68019e-06,4.24529e-06,3.03147e-06,50,100,100,235554,9 11 5 0 10 1 4 8 3 7 2 6 
502,3.58418e-06,4.24529e-06,3.0521e-06,50,100,100,235554,9 11 5 0 10 1 4 8 3 7 2 6 
503,3.61279e-06,4.24529e-06,3.02456e-06,50,100,100,235554,9 11 5 0 10 1 4 8 3 7 2 6 
504,3.58933e-06,4.24529e-06,3.02785e-06,50,100,100,235554,9 11 5 0 10 1 4 8 3 7 2 6 
505,3.63078e-06,4.24529e-06,3.03978e-06,50,100,100,235554,9 11 5 0 10 1 4 8 3 7 2 6 
506,3.69152e-06,4.24529e-06,3.15321e-06,50,100,100,235554,9 11 5 0 10 1 4 8 3 7 2 6 
507,3.66816e-06,4.24529e-06,3.04095e-06,50,100,100,235554,9 11 5 0 10 1 4 8 3 7 2 6 
508,3.6643e-06,4.24529e-06,3.06441e-06,50,100,100,235554,9 11 5 0 10 1 4 8 3 7 2 6 
509,3.7073e-06,4.24529e-06,3.11463e-06,50,100,100,235554,9 11 5 0 10 1 4 8 3 7 2 6 
510,3.6882e-06,4.24529e-06,3.16387e-06,50,100,100,235554,9 11 5 0 10 1 4 8 3 7 2 6 
511,3.71455e-06,4.24529e-06,3.10485e-06,50,100,100,235554,9 11 5 0 10 1 4 8 3 7 2 6 
512,3.73122e-06,4.24529e-06,3.12784e-06,50,100,100,235554,9 11 5 0 10 1 4 8 3 7 2 6 
513,3.71434e-06,4.24529e-06,3.08072e-06,50,100,100,235554,9 11 5 0 10 1 4 8 3 7 2 6 
514,3.69544e-06,4.24529e-06,2.97689e-06,50,100,100,235554,9 11 5 0 10 1 4 8 3 7 2 6 
515,3.7054e-06,4.24529e-06,2.97865e-06,50,100,100,235554,9 11 5 0 10 1 4 8 3 7 2 6 
516,3.68907e-06,4.24529e-06,2.9825e-06,50,100,100,235554,9 11 5 0 10 1 4 8 3 7 2 6 
517,3.72964e-06,4.24529e-06,3.03938e-06,50,100,100,235554,9 11 5 0 10 1 4 8 3 7 2 6 
518,3.66313e-06,4.24529e-06,3.02864e-06,50,100,100,235554,9 11 5 0 10 1 4 8 3 7 2 6 
519,3.69519e-06,4.24529e-06,3.10726e-06,50,100,100,235554,9 11 5 0 10 1 4 8 3 7 2 6 
520,3.62969e-06,4.24529e-06,2.95281e-06,50,100,100,235554,9 11 5 0 10 1 4 8 3 7 2 6 
521,3.62615e-06,4.24529e-06,3.05574e-06,50,100,100,235554,9 11 5 0 10 1 4 8 3 7 2 6 
522,3.62353e-06,4.24529e-06,3.0265e-06,50,100,100,235554,9 11 5 0 10 1 4 8 3 7 2 6 
523,3.62288e-06,4.24529e-06,3.06691e-06,50,100,100,235554,9 11 5 0 10 1 4 8 3 7 2 6 
524,3.58841e-06,4.24529e-06,3.03022e-06,50,100,100,235554,9 11 5 0 10 1 4 8 3 7 2 6 
525,3.60068e-06,4.24529e-06,2.99411e-06,50,100,100,235554,9 11 5 0 10 1 4 8 3 7 2 6 
526,3.59961e-06,4.24529e-06,2.98564e-06,50,100,100,235554,9 11 5 0 10 1 4 8 3 7 2 6 
527,3.58595e-06,4.24529e-06,3.07283e-06,50,100,100,235554,9 11 5 0 10 1 4 8 3 7 2 6 
528,3.62471e-06,4.24529e-06,3.11696e-06,50,100,100,235554,9 11 5 0 10 1 4 8 3 7 2 6 
529,3.66824e-06,4.24529e-06,2.9674e-06,50,100,100,235554,9 11 5 0 10 1 4 8 3 7 2 6 
530,3.66335e-06,4.24529e-06,3.0425e-06,50,100,100,235554,9 11 5 0 10 1 4 8 3 7 2 6 
531,3.66182e-06,4.24529e-06,3.01906e-06,50,100,100,235554,9 11 5 0 10 1 4 8 3 7 2 6 
532,3.68623e-06,4.24529e-06,3.15586e-06,50,100,100,235554,9 11 5 0 10 1 4 8 3 7 2 6 
533,3.63962e-06,4.24529e-06,3.06049e-06,50,100,100,235554,9 11 5 0 10 1 4 8 3 7 2 6 
534,3.65583e-06,4.24529e-06,3.07228e-06,50,100,100,235554,9 11 5 0 10 1 4 8 3 7 2 6 
535,3.64193e-06,4.24529e-06,3.04537e-06,50,100,100,235554,9 11 5 0 10 1 4 8 3 7 2 6 
536,3.62972e-06,4.24529e-06,3.08456e-06,50,100,100,235554,9 11 5 0 10 1 4 8 3 7 2 6 
537,3.634e-06,4.24529e-06,2.9652e-06,50,100,100,235554,9 11 5 0 10 1 4 8 3 7 2 6 
538,3.63661e-06,4.24529e-06,3.04645e-06,50,100,100,235554,9 11 5 0 10 1 4 8 3 7 2 6 
539,3.63422e-06,4.24529e-06,3.06691e-06,50,100,100,235554,9 11 5 0 10 1 4 8 3 7 2 6 
540,3.6517e-06,4.24529e-06,3.06896e-06,50,100,100,235554,9 11 5 0 10 1 4 8 3 7 2 6 
541,3.65022e-06,4.24529e-06,2.93612e-06,50,100,100,235554,9 11 5 0 10 1 4 8 3 7 2 6 
542,3.59167e-06,4.24529e-06,3.02492e-06,50,100,100,235554,9 11 5 0 10 1 4 8 3 7 2 6 
543,3.65303e-06,4.24529e-06,3.10375e-06,50,100,100,235554,9 11 5 0 10 1 4 8 3 7 2 6 
544,3.67884e-06,4.24529e-06,3.05475e-06,50,100,100,235554,9 11 5 0 10 1 4 8 3 7 2 6 
545,3.62462e-06,4.24529e-06,2.97611e-06,50,100,100,235554,9 11 5 0 10 1 4 8 3 7 2 6 
546,3.63266e-06,4.24529e-06,3.14298e-06,50,100,100,235554,9 11 5 0 10 1 4 8 3 7 2 6 
547,3.72043e-06,4.24529e-06,3.05236e-06,50,100,100,235554,9 11 5 0 10 1 4 8 3 7 2 6 
548,3.73835e-06,4.24529e-06,3.11516e-06,50,100,100,235554,9 11 5 0 10 1 4 8 3 7 2 6 
549,3.69711e-06,4.24529e-06,2.93852e-06,50,100,100,235554,9 11 5 0 10 1 4 8 3 7 2 6 
550,3.73841e-06,4.24529e-06,3.0911e-06,50,100,100,235554,9 11 5 0 10 1 4 8 3 7 2 6 
551,3.70287e-06,4.24529e-06,3.09679e-06,50,100,100,235554,9 11 5 0 10 1 4 8 3 7 2 6 
552,3.6618e-06,4.24529e-06,3.10317e-06,50,100,100,235554,9 11 5 0 10 1 4 8 3 7 2 6 
553,3.72569e-06,4.24529e-06,3.14119e-06,50,100,100,235554,9 11 5 0 10 1 4 8 3 7 2 6 
554,3.68964e-06,4.24529e-06,2.95195e-06,50,100,100,235554,9 11 5 0 10 1 4 8 3 7 2 6 
555,3.68e-06,4.24529e-06,3.028e-06,50,100,100,235554,9 11 5 0 10 1 4 8 3 7 2 6 
556,3.65561e-06,4.24529e-06,3.01591e-06,50,100,100,235554,9 11 5 0 10 1 4 8 3 7 2 6 
557,3.6721e-06,4.24529e-06,3.07264e-06,50,100,100,235554,9 11 5 0 10 1 4 8 3 7 2 6 
558,3.66535e-06,4.24529e-06,3.00238e-06,50,100,100,235554,9 11 5 0 10 1 4 8 3 7 2 6 
559,3.64452e-06,4.24529e-06,3.10371e-06,50,100,100,235554,9 11 5 0 10 1 4 8 3 7 2 6 
560,3.69201e-06,4.24529e-06,3.12117e-06,50,100,100,235554,9 11 5 0 10 1 4 8 3 7 2 6 
561,3.61983e-06,4.24529e-06,2.8995e-06,50,100,100,235554,9 11 5 0 10 1 4 8 3 7 2 6 
562,3.63264e-06,4.24529e-06,3.07536e-06,50,100,100,235554,9 11 5 0 10 1 4 8 3 7 2 6 
563,3.62857e-06,4.24529e-06,2.95303e-06,50,100,100,235554,9 11 5 0 10 1 4 8 3 7 2 6 
564,3.69873e-06,4.24529e-06,3.15019e-06,50,100,100,235554,9 11 5 0 10 1 4 8 3 7 2 6 
565,3.66253e-06,4.24529e-06,3.06872e-06,50,100,100,235554,9 11 5 0 10 1 4 8 3 7 2 6 
566,3.63224e-06,4.24529e-06,3.04015e-06,50,100,100,235554,9 11 5 0 10 1 4 8 3 7 2 6 
567,3.68357e-06,4.24529e-06,3.02342e-06,50,100,100,235554,9 11 5 0 10 1 4 8 3 7 2 6 
568,3.63584e-06,4.24529e-06,3.04788e-06,50,100,100,235554,9 11 5 0 10 1 4 8 3 7 2 6 
569,3.67297e-06,4.24529e-06,3.07515e-06,50,100,100,235554,9 11 5 0 10 1 4 8 3 7 2 6 
570,3.6551e-06,4.24529e-06,2.93989e-06,50,100,100,235554,9 11 5 0 10 1 4 8 3 7 2 6 
571,3.61468e-06,4.24529e-06,2.98097e-06,50,100,100,235554,9 11 5 0 10 1 4 8 3 7 2 6 
572,3.68951e-06,4.24529e-06,3.08072e-06,50,100,100,235554,9 11 5 0 10 1 4 8 3 7 2 6 
573,3.66185e-06,4.24529e-06,3.0552e-06,50,100,100,235554,9 11 5 0 10 1 4 8 3 7 2 6 
574,3.69203e-06,4.24529e-06,2.97294e-06,50,100,100,235554,9 11 5 0 10 1 4 8 3 7 2 6 
575,3.596e-06,4.24529e-06,3.05402e-06,50,100,100,235554,9 11 5 0 10 1 4 8 3 7 2 6 
576,3.66227e-06,4.24529e-06,2.98206e-06,50,100,100,235554,9 11 5 0 10 1 4 8 3 7 2 6 
577,3.58987e-06,4.24529e-06,2.96273e-06,50,100,100,235554,9 11 5 0 10 1 4 8 3 7 2 6 
578,3.64915e-06,4.24529e-06,3.05922e-06,50,100,100,235554,9 11 5 0 10 1 4 8 3 7 2 6 
579,3.6323e-06,4.24529e-06,3.06894e-06,50,100,100,235554,9 11 5 0 10 1 4 8 3 7 2 6 
580,3.69601e-06,4.24529e-06,3.08072e-06,50,100,100,235554,9 11 5 0 10 1 4 8 3 7 2 6 
581,3.66929e-06,4.24529e-06,3.04801e-06,50,100,100,235554,9 11 5 0 10 1 4 8 3 7 2 6 
582,3.71017e-06,4.24529e-06,3.06663e-06,50,100,100,235554,9 11 5 0 10 1 4 8 3 7 2 6 
583,3.6649e-06,4.24529e-06,3.03217e-06,50,100,100,235554,9 11 5 0 10 1 4 8 3 7 2 6 
584,3.70688e-06,4.24529e-06,3.07593e-06,50,100,100,235554,9 11 5 0 10 1 4 8 3 7 2 6 
585,3.71662e-06,4.24529e-06,3.07814e-06,50,100,100,235554,9 11 5 0 10 1 4 8 3 7 2 6 
586,3.69811e-06,4.24529e-06,2.96174e-06,50,100,100,235554,9 11 5 0 10 1 4 8 3 7 2 6 
587,3.68279e-06,4.24529e-06,3.05035e-06,50,100,100,235554,9 11 5 0 10 1 4 8 3 7 2 6 
588,3.66375e-06,4.24529e-06,3.05399e-06,50,100,100,235554,9 11 5 0 10 1 4 8 3 7 2 6 
589,3.56906e-06,4.24529e-06,2.95932e-06,50,100,100,235554,9 11 5 0 10 1 4 8 3 7 2 6 
590,3.59928e-06,4.24529e-06,2.9925e-06,50,100,100,235554,9 11 5 0 10 1 4 8 3 7 2 6 
591,3.57103e-06,4.24529e-06,3.11345e-06,50,100,100,235554,9 11 5 0 10 1 4 8 3 7 2 6 
592,3.62879e-06,4.24529e-06,3.07149e-06,50,100,100,235554,9 11 5 0 10 1 4 8 3 7 2 6 
593,3.63201e-06,4.24529e-06,2.97544e-06,50,100,100,235554,9 11 5 0 10 1 4 8 3 7 2 6 
594,3.64234e-06,4.24529e-06,2.9889e-06,50,100,100,235554,9 11 5 0 10 1 4 8 3 7 2 6 
595,3.65059e-06,4.24529e-06,2.99425e-06,50,100,100,235554,9 11 5 0 10 1 4 8 3 7 2 6 
596,3.6475e-06,4.24529e-06,2.99625e-06,50,100,100,235554,9 11 5 0 10 1 4 8 3 7 2 6 
597,3.6114e-06,4.24529e-06,3.09685e-06,50,100,100,235554,9 11 5 0 10 1 4 8 3 7 2 6 
598,3.63868e-06,4.24529e-06,3.01698e-06,50,100,100,235554,9 11 5 0 10 1 4 8 3 7 2 6 
599,3.62419e-06,4.24529e-06,3.03875e-06,50,100,100,235554,9 11 5 0 10 1 4 8 3 7 2 6 
600,3.68015e-06,4.24529e-06,3.0422e-06,50,100,100,235554,9 11 5 0 10 1 4 8 3 7 2 6 
601,3.68208e-06,4.24529e-06,3.08582e-06,50,100,100,235554,9 11 5 0 10 1 4 8 3 7 2 6 
602,3.68263e-06,4.24529e-06,3.00765e-06,50,100,100,235554,9 11 5 0 10 1 4 8 3 7 2 6 
603,3.69631e-06,4.24529e-06,3.13565e-06,50,100,100,235554,9 11 5 0 10 1 4 8 3 7 2 6 
604,3.68509e-06,4.24529e-06,3.0471e-06,50,100,100,235554,9 11 5 0 10 1 4 8 3 7 2 6 
605,3.65106e-06,4.24529e-06,3.04315e-06,50,100,100,235554,9 11 5 0 10 1 4 8 3 7 2 6 
606,3.66335e-06,4.24529e-06,3.12082e-06,50,100,100,235554,9 11 5 0 10 1 4 8 3 7 2 6 
607,3.66969e-06,4.24529e-06,3.04532e-06,50,100,100,235554,9 11 5 0 10 1 4 8 3 7 2 6 
608,3.67989e-06,4.24529e-06,2.90511e-06,50,100,100,235554,9 11 5 0 10 1 4 8 3 7 2 6 
609,3.67985e-06,4.24529e-06,3.0782e-06,50,100,100,235554,9 11 5 0 10 1 4 8 3 7 2 6 
610,3.6595e-06,4.24529e-06,2.99519e-06,50,100,100,235554,9 11 5 0 10 1 4 8 3 7 2 6 
611,3.67699e-06,4.24529e-06,3.07856e-06,50,100,100,235554,9 11 5 0 10 1 4 8 3 7 2 6 
612,3.64743e-06,4.24529e-06,3.01336e-06,50,100,100,235554,9 11 5 0 10 1 4 8 3 7 2 6 
613,3.66375e-06,4.24529e-06,3.06124e-06,50,100,100,235554,9 11 5 0 10 1 4 8 3 7 2 6 
614,3.67029e-06,4.24529e-06,3.07122e-06,50,100,100,235554,9 11 5 0 10 1 4 8 3 7 2 6 
615,3.68373e-06,4.24529e-06,3.0481e-06,50,100,100,235554,9 11 5 0 10 1 4 8 3 7 2 6 
616,3.66966e-06,4.24529e-06,2.95485e-06,50,100,100,235554,9 11 5 0 10 1 4 8 3 7 2 6 
617,3.64234e-06,4.24529e-06,2.997e-06,50,100,100,235554,9 11 5 0 10 1 4 8 3 7 2 6 
618,3.68568e-06,4.24529e-06,3.11055e-06,50,100,100,235554,9 11 5 0 10 1 4 8 3 7 2 6 
619,3.67784e-06,4.24529e-06,3.07326e-06,50,100,100,235554,9 11 5 0 10 1 4 8 3 7 2 6 
620,3.6765e-06,4.24529e-06,3.02824e-06,50,100,100,235554,9 11 5 0 10 1 4 8 3 7 2 6 
621,3.68867e-06,4.24529e-06,3.10479e-06,50,100,100,235554,9 11 5 0 10 1 4 8 3 7 2 6 
622,3.6664e-06,4.24529e-06,3.04535e-06,50,100,100,235554,9 11 5 0 10 1 4 8 3 7 2 6 
623,3.6527e-06,4.24529e-06,2.99409e-06,50,100,100,235554,9 11 5 0 10 1 4 8 3 7 2 6 
624,3.6834e-06,4.24529e-06,3.04825e-06,50,100,100,235554,9 11 5 0 10 1 4 8 3 7 2 6 
625,3.6526e-06,4.24529e-06,3.08186e-06,50,100,100,235554,9 11 5 0 10 1 4 8 3 7 2 6 
626,3.67456e-06,4.24529e-06,3.06535e-06,50,100,100,235554,9 11 5 0 10 1 4 8 3 7 2 6 
627,3.66394e-06,4.24529e-06,3.05662e-06,50,100,100,235554,9 11 5 0 10 1 4 8 3 7 2 6 
628,3.56827e-06,4.24529e-06,2.94986e-06,50,100,100,235554,9 11 5 0 10 1 4 8 3 7 2 6 
629,3.62943e-06,4.24529e-06,3.04613e-06,50,100,100,235554,9 11 5 0 10 1 4 8 3 7 2 6 
630,3.66688e-06,4.24529e-06,3.02112e-06,50,100,100,235554,9 11 5 0 10 1 4 8 3 7 2 6 
631,3.67404e-06,4.24529e-06,3.04109e-06,50,100,100,235554,9 11 5 0 10 1 4 8 3 7 2 6 
632,3.68405e-06,4.24529e-06,3.10313e-06,50,100,100,235554,9 11 5 0 10 1 4 8 3 7 2 6 
633,3.67836e-06,4.24529e-06,2.96153e-06,50,100,100,235554,9 11 5 0 10 1 4 8 3 7 2 6 
634,3.63258e-06,4.24529e-06,2.98912e-06,50,100,100,235554,9 11 5 0 10 1 4 8 3 7 2 6 
635,3.61323e-06,4.24529e-06,3.06943e-06,50,100,100,235554,9 11 5 0 10 1 4 8 3 7 2 6 
636,3.64326e-06,4.24529e-06,3.14544e-06,50,100,100,235554,9 11 5 0 10 1 4 8 3 7 2 6 
637,3.62651e-06,4.24529e-06,2.98596e-06,50,100,100,235554,9 11 5 0 10 1 4 8 3 7 2 6 
638,3.63938e-06,4.24529e-06,3.0823e-06,50,100,100,235554,9 11 5 0 10 1 4 8 3 7 2 6 
639,3.58618e-06,4.24529e-06,2.95436e-06,50,100,100,235554,9 11 5 0 10 1 4 8 3 7 2 6 
640,3.6499e-06,4.24529e-06,2.9142e-06,50,100,100,235554,9 11 5 0 10 1 4 8 3 7 2 6 
641,3.68152e-06,4.24529e-06,3.12591e-06,50,100,100,235554,9 11 5 0 10 1 4 8 3 7 2 6 
642,3.70469e-06,4.24529e-06,2.94871e-06,50,100,100,235554,9 11 5 0 10 1 4 8 3 7 2 6 
643,3.69119e-06,4.24529e-06,2.96336e-06,50,100,100,235554,9 11 5 0 10 1 4 8 3 7 2 6 
644,3.6843e-06,4.24529e-06,3.07122e-06,50,100,100,235554,9 11 5 0 10 1 4 8 3 7 2 6 
645,3.69998e-06,4.24529e-06,3.05555e-06,50,100,100,235554,9 11 5 0 10 1 4 8 3 7 2 6 
646,3.65139e-06,4.24529e-06,3.01447e-06,50,100,100,235554,9 11 5 0 10 1 4 8 3 7 2 6 
647,3.60464e-06,4.24529e-06,3.0413e-06,50,100,100,235554,9 11 5 0 10 1 4 8 3 7 2 6 
648,3.64927e-06,4.24529e-06,3.01615e-06,50,100,100,235554,9 11 5 0 10 1 4 8 3 7 2 6 
649,3.64814e-06,4.24529e-06,3.07202e-06,50,100,100,235554,9 11 5 0 10 1 4 8 3 7 2 6 
650,3.68248e-06,4.24529e-06,3.07866e-06,50,100,100,235554,9 11 5 0 10 1 4 8 3 7 2 6 
651,3.66261e-06,4.24529e-06,2.95418e-06,50,100,100,235554,9 11 5 0 10 1 4 8 3 7 2 6 
652,3.66775e-06,4.24529e-06,3.07915e-06,50,100,100,235554,9 11 5 0 10 1 4 8 3 7 2 6 
653,3.69544e-06,4.24529e-06,3.0971e-06,50,100,100,235554,9 11 5 0 10 1 4 8 3 7 2 6 
654,3.68052e-06,4.24529e-06,3.13955e-06,50,100,100,235554,9 11 5 0 10 1 4 8 3 7 2 6 
655,3.63115e-06,4.24529e-06,3.05703e-06,50,100,100,235554,9 11 5 0 10 1 4 8 3 7 2 6 
656,3.59827e-06,4.24529e-06,3.03744e-06,50,100,100,235554,9 11 5 0 10 1 4 8 3 7 2 6 
657,3.62791e-06,4.24529e-06,3.05688e-06,50,100,100,235554,9 11 5 0 10 1 4 8 3 7 2 6 
658,3.53592e-06,4.24529e-06,3.04769e-06,50,100,100,235554,9 11 5 0 10 1 4 8 3 7 2 6 
659,3.58638e-06,4.24529e-06,3.04801e-06,50,100,100,235554,9 11 5 0 10 1 4 8 3 7 2 6 
660,3.56604e-06,4.24529e-06,3.09145e-06,50,100,100,235554,9 11 5 0 10 1 4 8 3 7 2 6 
661,3.59103e-06,4.24529e-06,3.013e-06,50,100,100,235554,9 11 5 0 10 1 4 8 3 7 2 6 
662,3.61205e-06,4.24529e-06,3.10606e-06,50,100,100,235554,9 11 5 0 10 1 4 8 3 7 2 6 
663,3.63236e-06,4.24529e-06,3.04015e-06,50,100,100,235554,9 11 5 0 10 1 4 8 3 7 2 6 
664,3.6132e-06,4.24529e-06,3.03819e-06,50,100,100,235554,9 11 5 0 10 1 4 8 3 7 2 6 
665,3.56972e-06,4.24529e-06,3.0215e-06,50,100,100,235554,9 11 5 0 10 1 4 8 3 7 2 6 
666,3.56899e-06,4.24529e-06,2.95281e-06,50,100,100,235554,9 11 5 0 10 1 4 8 3 7 2 6 
667,3.58008e-06,4.24529e-06,3.07688e-06,50,100,100,235554,9 11 5 0 10 1 4 8 3 7 2 6 
668,3.58607e-06,4.24529e-06,3.00143e-06,50,100,100,235554,9 11 5 0 10 1 4 8 3 7 2 6 
669,3.61828e-06,4.24529e-06,3.06148e-06,50,100,100,235554,9 11 5 0 10 1 4 8 3 7 2 6 
670,3.55086e-06,4.24529e-06,2.92233e-06,50,100,100,235554,9 11 5 0 10 1 4 8 3 7 2 6 
671,3.59225e-06,4.24529e-06,2.97629e-06,50,100,100,235554,9 11 5 0 10 1 4 8 3 7 2 6 
672,3.58213e-06,4.24529e-06,3.05095e-06,50,100,100,235554,9 11 5 0 10 1 4 8 3 7 2 6 
673,3.63977e-06,4.24529e-06,3.13658e-06,50,100,100,235554,9 11 5 0 10 1 4 8 3 7 2 6 
674,3.58376e-06,4.24529e-06,3.13697e-06,50,100,100,235554,9 11 5 0 10 1 4 8 3 7 2 6 
675,3.63016e-06,4.24529e-06,3.08336e-06,50,100,100,235554,9 11 5 0 10 1 4 8 3 7 2 6 
676,3.58046e-06,4.24529e-06,3.08006e-06,50,100,100,235554,9 11 5 0 10 1 4 8 3 7 2 6 
677,3.60807e-06,4.24529e-06,3.07122e-06,50,100,100,235554,9 11 5 0 10 1 4 8 3 7 2 6 
678,3.61982e-06,4.24529e-06,3.05227e-06,50,100,100,235554,9 11 5 0 10 1 4 8 3 7 2 6 
679,3.58477e-06,4.24529e-06,2.9889e-06,50,100,100,235554,9 11 5 0 10 1 4 8 3 7 2 6 
680,3.58651e-06,4.24529e-06,3.09154e-06,50,100,100,235554,9 11 5 0 10 1 4 8 3 7 2 6 
681,3.58668e-06,4.24529e-06,2.98478e-06,50,100,100,235554,9 11 5 0 10 1 4 8 3 7 2 6 
682,3.60217e-06,4.24529e-06,3.02362e-06,50,100,100,235554,9 11 5 0 10 1 4 8 3 7 2 6 
683,3.55242e-06,4.24529e-06,3.044e-06,50,100,100,235554,9 11 5 0 10 1 4 8 3 7 2 6 
684,3.54909e-06,4.24529e-06,3.0571e-06,50,100,100,235554,9 11 5 0 10 1 4 8 3 7 2 6 
685,3.51916e-06,4.24529e-06,3.03771e-06,50,100,100,235554,9 11 5 0 10 1 4 8 3 7 2 6 
686,3.56225e-06,4.24529e-06,3.06006e-06,50,100,100,235554,9 11 5 0 10 1 4 8 3 7 2 6 
687,3.58707e-06,4.24529e-06,3.04829e-06,50,100,100,235554,9 11 5 0 10 1 4 8 3 7 2 6 
688,3.59553e-06,4.24529e-06,3.10132e-06,50,100,100,235554,9 11 5 0 10 1 4 8 3 7 2 6 
689,3.58874e-06,4.24529e-06,3.12708e-06,50,100,100,235554,9 11 5 0 10 1 4 8 3 7 2 6 
690,3.58163e-06,4.24529e-06,3.04838e-06,50,100,100,235554,9 11 5 0 10 1 4 8 3 7 2 6 
691,3.56436e-06,4.24529e-06,2.98785e-06,50,100,100,235554,9 11 5 0 10 1 4 8 3 7 2 6 
692,3.55311e-06,4.24529e-06,3.07122e-06,50,100,100,235554,9 11 5 0 10 1 4 8 3 7 2 6 
693,3.59625e-06,4.24529e-06,3.05933e-06,50,100,100,235554,9 11 5 0 10 1 4 8 3 7 2 6 
694,3.59351e-06,4.24529e-06,2.96798e-06,50,100,100,235554,9 11 5 0 10 1 4 8 3 7 2 6 
695,3.63786e-06,4.24529e-06,3.1432e-06,50,100,100,235554,9 11 5 0 10 1 4 8 3 7 2 6 
696,3.66292e-06,4.24529e-06,3.11339e-06,50,100,100,235554,9 11 5 0 10 1 4 8 3 7 2 6 
697,3.70353e-06,4.24529e-06,3.21776e-06,50,100,100,235554,9 11 5 0 10 1 4 8 3 7 2 6 
698,3.64825e-06,4.24529e-06,3.11869e-06,50,100,100,235554,9 11 5 0 10 1 4 8 3 7 2 6 
699,3.64016e-06,4.24529e-06,3.10354e-06,50,100,100,235554,9 11 5 0 10 1 4 8 3 7 2 6 
700,3.65698e-06,4.24529e-06,2.95859e-06,50,100,100,235554,9 11 5 0 10 1 4 8 3 7 2 6 
701,3.62084e-06,4.24529e-06,3.10533e-06,50,100,100,235554,9 11 5 0 10 1 4 8 3 7 2 6 
702,3.60668e-06,4.24529e-06,3.05169e-06,50,100,100,235554,9 11 5 0 10 1 4 8 3 7 2 6 
703,3.6198e-06,4.24529e-06,3.12914e-06,50,100,100,235554,9 11 5 0 10 1 4 8 3 7 2 6 
704,3.60581e-06,4.24529e-06,3.07928e-06,50,100,100,235554,9 11 5 0 10 1 4 8 3 7 2 6 
705,3.56123e-06,4.24529e-06,3.07217e-06,50,100,100,235554,9 11 5 0 10 1 4 8 3 7 2 6 
706,3.59037e-06,4.24529e-06,3.0683e-06,50,100,100,235554,9 11 5 0 10 1 4 8 3 7 2 6 
707,3.59902e-06,4.24529e-06,3.05482e-06,50,100,100,235554,9 11 5 0 10 1 4 8 3 7 2 6 
708,3.60167e-06,4.24529e-06,2.98095e-06,50,100,100,235554,9 11 5 0 10 1 4 8 3 7 2 6 
709,3.59338e-06,4.24529e-06,3.06669e-06,50,100,100,235554,9 11 5 0 10 1 4 8 3 7 2 6 
710,3.57938e-06,4.24529e-06,3.07852e-06,50,100,100,235554,9 11 5 0 10 1 4 8 3 7 2 6 
711,3.607e-06,4.24529e-06,3.13255e-06,50,100,100,235554,9 11 5 0 10 1 4 8 3 7 2 6 
712,3.61619e-06,4.24529e-06,3.11258e-06,50,100,100,235554,9 11 5 0 10 1 4 8 3 7 2 6 
713,3.61985e-06,4.24529e-06,3.05335e-06,50,100,100,235554,9 11 5 0 10 1 4 8 3 7 2 6 
714,3.59501e-06,4.24529e-06,3.05896e-06,50,100,100,235554,9 11 5 0 10 1 4 8 3 7 2 6 
715,3.63672e-06,4.24529e-06,3.12784e-06,50,100,100,235554,9 11 5 0 10 1 4 8 3 7 2 6 
716,3.6346e-06,4.24529e-06,3.01742e-06,50,100,100,235554,9 11 5 0 10 1 4 8 3 7 2 6 
717,3.63559e-06,4.24529e-06,2.98697e-06,50,100,100,235554,9 11 5 0 10 1 4 8 3 7 2 6 
718,3.60906e-06,4.24529e-06,3.13345e-06,50,100,100,235554,9 11 5 0 10 1 4 8 3 7 2 6 
719,3.58602e-06,4.24529e-06,3.03882e-06,50,100,100,235554,9 11 5 0 10 1 4 8 3 7 2 6 
720,3.59549e-06,4.24529e-06,3.1432e-06,50,100,100,235554,9 11 5 0 10 1 4 8 3 7 2 6 
721,3.65171e-06,4.24529e-06,3.19027e-06,50,100,100,235554,9 11 5 0 10 1 4 8 3 7 2 6 
722,3.58764e-06,4.24529e-06,3.00675e-06,50,100,100,235554,9 11 5 0 10 1 4 8 3 7 2 6 
723,3.65931e-06,4.24529e-06,3.08492e-06,50,100,100,235554,9 11 5 0 10 1 4 8 3 7 2 6 
724,3.56709e-06,4.24529e-06,2.91481e-06,50,100,100,235554,9 11 5 0 10 1 4 8 3 7 2 6 
725,3.58542e-06,4.24529e-06,2.9866e-06,50,100,100,235554,9 11 5 0 10 1 4 8 3 7 2 6 
726,3.60902e-06,4.24529e-06,3.01504e-06,50,100,100,235554,9 11 5 0 10 1 4 8 3 7 2 6 
727,3.68037e-06,4.24529e-06,3.104e-06,50,100,100,235554,9 11 5 0 10 1 4 8 3 7 2 6 
728,3.67859e-06,4.24529e-06,2.96938e-06,50,100,100,235554,9 11 5 0 10 1 4 8 3 7 2 6 
729,3.66413e-06,4.24529e-06,3.04034e-06,50,100,100,235554,9 11 5 0 10 1 4 8 3 7 2 6 
730,3.64828e-06,4.24529e-06,3.10556e-06,50,100,100,235554,9 11 5 0 10 1 4 8 3 7 2 6 
731,3.64667e-06,4.24529e-06,3.13125e-06,50,100,100,235554,9 11 5 0 10 1 4 8 3 7 2 6 
732,3.64523e-06,4.24529e-06,3.10556e-06,50,100,100,235554,9 11 5 0 10 1 4 8 3 7 2 6 
733,3.64075e-06,4.24529e-06,3.11982e-06,50,100,100,235554,9 11 5 0 10 1 4 8 3 7 2 6 
734,3.6069e-06,4.24529e-06,2.95277e-06,50,100,100,235554,9 11 5 0 10 1 4 8 3 7 2 6 
735,3.57341e-06,4.24529e-06,3.05568e-06,50,100,100,235554,9 11 5 0 10 1 4 8 3 7 2 6 
736,3.61703e-06,4.24529e-06,3.05402e-06,50,100,100,235554,9 11 5 0 10 1 4 8 3 7 2 6 
737,3.67437e-06,4.24529e-06,3.01327e-06,50,100,100,235554,9 11 5 0 10 1 4 8 3 7 2 6 
738,3.64695e-06,4.24529e-06,3.06618e-06,50,100,100,235554,9 11 5 0 10 1 4 8 3 7 2 6 
739,3.67595e-06,4.24529e-06,3.17611e-06,50,100,100,235554,9 11 5 0 10 1 4 8 3 7 2 6 
740,3.58588e-06,4.24529e-06,3.08645e-06,50,100,100,235554,9 11 5 0 10 1 4 8 3 7 2 6 
741,3.57179e-06,4.24529e-06,3.12175e-06,50,100,100,235554,9 11 5 0 10 1 4 8 3 7 2 6 
742,3.57321e-06,4.24529e-06,3.05948e-06,50,100,100,235554,9 11 5 0 10 1 4 8 3 7 2 6 
743,3.59765e-06,4.24529e-06,3.10388e-06,50,100,100,235554,9 11 5 0 10 1 4 8 3 7 2 6 
744,3.66317e-06,4.24529e-06,3.15164e-06,50,100,100,235554,9 11 5 0 10 1 4 8 3 7 2 6 
745,3.68684e-06,4.24529e-06,3.14716e-06,50,100,100,235554,9 11 5 0 10 1 4 8 3 7 2 6 
746,3.66058e-06,4.24529e-06,3.03469e-06,50,100,100,235554,9 11 5 0 10 1 4 8 3 7 2 6 
747,3.62282e-06,4.24529e-06,3.14107e-06,50,100,100,235554,9 11 5 0 10 1 4 8 3 7 2 6 
748,3.6759e-06,4.24529e-06,3.11339e-06,50,100,100,235554,9 11 5 0 10 1 4 8 3 7 2 6 
749,3.64343e-06,4.24529e-06,3.03152e-06,50,100,100,235554,9 11 5 0 10 1 4 8 3 7 2 6 
750,3.62103e-06,4.24529e-06,3.00464e-06,50,100,100,235554,9 11 5 0 10 1 4 8 3 7 2 6 
751,3.60959e-06,4.24529e-06,3.08855e-06,50,100,100,235554,9 11 5 0 10 1 4 8 3 7 2 6 
752,3.60944e-06,4.24529e-06,3.10869e-06,50,100,100,235554,9 11 5 0 10 1 4 8 3 7 2 6 
753,3.66572e-06,4.24529e-06,3.06413e-06,50,100,100,235554,9 11 5 0 10 1 4 8 3 7 2 6 
754,3.70324e-06,4.24529e-06,3.15373e-06,50,100,100,235554,9 11 5 0 10 1 4 8 3 7 2 6 
755,3.68929e-06,4.24529e-06,3.10714e-06,50,100,100,235554,9 11 5 0 10 1 4 8 3 7 2 6 
756,3.60789e-06,4.24529e-06,2.99008e-06,50,100,100,235554,9 11 5 0 10 1 4 8 3 7 2 6 
757,3.66575e-06,4.24529e-06,3.09445e-06,50,100,100,235554,9 11 5 0 10 1 4 8 3 7 2 6 
758,3.63562e-06,4.24529e-06,3.069e-06,50,100,100,235554,9 11 5 0 10 1 4 8 3 7 2 6 
759,3.70788e-06,4.24529e-06,3.07122e-06,50,100,100,235554,9 11 5 0 10 1 4 8 3 7 2 6 
760,3.65029e-06,4.24529e-06,3.09529e-06,50,100,100,235554,9 11 5 0 10 1 4 8 3 7 2 6 
761,3.64343e-06,4.24529e-06,3.02906e-06,50,100,100,235554,9 11 5 0 10 1 4 8 3 7 2 6 
762,3.59652e-06,4.24529e-06,3.06426e-06,50,100,100,235554,9 11 5 0 10 1 4 8 3 7 2 6 
763,3.60226e-06,4.24529e-06,3.03906e-06,50,100,100,235554,9 11 5 0 10 1 4 8 3 7 2 6 
764,3.63287e-06,4.24529e-06,3.04346e-06,50,100,100,235554,9 11 5 0 10 1 4 8 3 7 2 6 
765,3.59227e-06,4.24529e-06,2.98012e-06,50,100,100,235554,9 11 5 0 10 1 4 8 3 7 2 6 
766,3.55172e-06,4.24529e-06,3.0395e-06,50,100,100,235554,9 11 5 0 10 1 4 8 3 7 2 6 
767,3.57177e-06,4.24529e-06,3.14312e-06,50,100,100,235554,9 11 5 0 10 1 4 8 3 7 2 6 
768,3.58927e-06,4.24529e-06,3.10763e-06,50,100,100,235554,9 11 5 0 10 1 4 8 3 7 2 6 
769,3.56394e-06,4.24529e-06,3.04576e-06,50,100,100,235554,9 11 5 0 10 1 4 8 3 7 2 6 
770,3.56654e-06,4.24529e-06,3.06383e-06,50,100,100,235554,9 11 5 0 10 1 4 8 3 7 2 6 
771,3.58464e-06,4.24529e-06,3.03314e-06,50,100,100,235554,9 11 5 0 10 1 4 8 3 7 2 6 
772,3.6023e-06,4.24529e-06,3.07228e-06,50,100,100,235554,9 11 5 0 10 1 4 8 3 7 2 6 
773,3.59782e-06,4.24529e-06,3.08732e-06,50,100,100,235554,9 11 5 0 10 1 4 8 3 7 2 6 
774,3.62277e-06,4.24529e-06,2.98778e-06,50,100,100,235554,9 11 5 0 10 1 4 8 3 7 2 6 
775,3.6767e-06,4.24529e-06,3.06467e-06,50,100,100,235554,9 11 5 0 10 1 4 8 3 7 2 6 
776,3.65748e-06,4.24529e-06,3.09886e-06,50,100,100,235554,9 11 5 0 10 1 4 8 3 7 2 6 
777,3.57125e-06,4.24529e-06,3.05376e-06,50,100,100,235554,9 11 5 0 10 1 4 8 3 7 2 6 
778,3.5789e-06,4.24529e-06,2.99187e-06,50,100,100,235554,9 11 5 0 10 1 4 8 3 7 2 6 
779,3.59451e-06,4.24529e-06,2.9876e-06,50,100,100,235554,9 11 5 0 10 1 4 8 3 7 2 6 
780,3.59127e-06,4.24529e-06,3.08072e-06,50,100,100,235554,9 11 5 0 10 1 4 8 3 7 2 6 
781,3.63595e-06,4.24529e-06,3.12755e-06,50,100,100,235554,9 11 5 0 10 1 4 8 3 7 2 6 
782,3.62045e-06,4.24529e-06,3.00954e-06,50,100,100,235554,9 11 5 0 10 1 4 8 3 7 2 6 
783,3.57115e-06,4.24529e-06,2.94737e-06,50,100,100,235554,9 11 5 0 10 1 4 8 3 7 2 6 
784,3.58236e-06,4.24529e-06,3.04953e-06,50,100,100,235554,9 11 5 0 10 1 4 8 3 7 2 6 
785,3.5824e-06,4.24529e-06,3.03616e-06,50,100,100,235554,9 11 5 0 10 1 4 8 3 7 2 6 
786,3.63973e-06,4.24529e-06,3.01344e-06,50,100,100,235554,9 11 5 0 10 1 4 8 3 7 2 6 
787,3.68533e-06,4.24529e-06,3.13006e-06,50,100,100,235554,9 11 5 0 10 1 4 8 3 7 2 6 
788,3.64885e-06,4.24529e-06,3.03164e-06,50,100,100,235554,9 11 5 0 10 1 4 8 3 7 2 6 
789,3.66596e-06,4.24529e-06,3.09195e-06,50,100,100,235554,9 11 5 0 10 1 4 8 3 7 2 6 
790,3.61527e-06,4.24529e-06,3.03934e-06,50,100,100,235554,9 11 5 0 10 1 4 8 3 7 2 6 
791,3.59569e-06,4.24529e-06,3.06851e-06,50,100,100,235554,9 11 5 0 10 1 4 8 3 7 2 6 
792,3.64399e-06,4.24529e-06,3.01169e-06,50,100,100,235554,9 11 5 0 10 1 4 8 3 7 2 6 
793,3.65399e-06,4.24529e-06,3.07425e-06,50,100,100,235554,9 11 5 0 10 1 4 8 3 7 2 6 
794,3.62386e-06,4.24529e-06,3.04163e-06,50,100,100,235554,9 11 5 0 10 1 4 8 3 7 2 6 
795,3.66274e-06,4.24529e-06,3.05048e-06,50,100,100,235554,9 11 5 0 10 1 4 8 3 7 2 6 
796,3.61095e-06,4.24529e-06,3.085e-06,50,100,100,235554,9 11 5 0 10 1 4 8 3 7 2 6 
797,3.61424e-06,4.24529e-06,2.99012e-06,50,100,100,235554,9 11 5 0 10 1 4 8 3 7 2 6 
798,3.62776e-06,4.24529e-06,3.04502e-06,50,100,100,235554,9 11 5 0 10 1 4 8 3 7 2 6 
799,3.60972e-06,4.24529e-06,3.11281e-06,50,100,100,235554,9 11 5 0 10 1 4 8 3 7 2 6 
800,3.54969e-06,4.24529e-06,3.01286e-06,50,100,100,235554,9 11 5 0 10 1 4 8 3 7 2 6 
801,3.58304e-06,4.24529e-06,3.01026e-06,50,100,100,235554,9 11 5 0 10 1 4 8 3 7 2 6 
802,3.58681e-06,4.24529e-06,3.01915e-06,50,100,100,235554,9 11 5 0 10 1 4 8 3 7 2 6 
803,3.58546e-06,4.24529e-06,3.05632e-06,50,100,100,235554,9 11 5 0 10 1 4 8 3 7 2 6 
804,3.60229e-06,4.24529e-06,3.05464e-06,50,100,100,235554,9 11 5 0 10 1 4 8 3 7 2 6 
805,3.6631e-06,4.24529e-06,3.08143e-06,50,100,100,235554,9 11 5 0 10 1 4 8 3 7 2 6 
806,3.61907e-06,4.24529e-06,3.01808e-06,50,100,100,235554,9 11 5 0 10 1 4 8 3 7 2 6 
807,3.57785e-06,4.24529e-06,3.00981e-06,50,100,100,235554,9 11 5 0 10 1 4 8 3 7 2 6 
808,3.59542e-06,4.24529e-06,3.0737e-06,50,100,100,235554,9 11 5 0 10 1 4 8 3 7 2 6 
809,3.60674e-06,4.24529e-06,3.06909e-06,50,100,100,235554,9 11 5 0 10 1 4 8 3 7 2 6 
810,3.5823e-06,4.24529e-06,3.00608e-06,50,100,100,235554,9 11 5 0 10 1 4 8 3 7 2 6 
811,3.60846e-06,4.24529e-06,3.07636e-06,50,100,100,235554,9 11 5 0 10 1 4 8 3 7 2 6 
812,3.6512e-06,4.24529e-06,3.08965e-06,50,100,100,235554,9 11 5 0 10 1 4 8 3 7 2 6 
813,3.59472e-06,4.24529e-06,2.97817e-06,50,100,100,235554,9 11 5 0 10 1 4 8 3 7 2 6 
814,3.62724e-06,4.24529e-06,2.97818e-06,50,100,100,235554,9 11 5 0 10 1 4 8 3 7 2 6 
815,3.60313e-06,4.24529e-06,3.10236e-06,50,100,100,235554,9 11 5 0 10 1 4 8 3 7 2 6 
816,3.60538e-06,4.24529e-06,3.07273e-06,50,100,100,235554,9 11 5 0 10 1 4 8 3 7 2 6 
817,3.59712e-06,4.24529e-06,3.15045e-06,50,100,100,235554,9 11 5 0 10 1 4 8 3 7 2 6 
818,3.66471e-06,4.24529e-06,3.09133e-06,50,100,100,235554,9 11 5 0 10 1 4 8 3 7 2 6 
819,3.58305e-06,4.24529e-06,2.96673e-06,50,100,100,235554,9 11 5 0 10 1 4 8 3 7 2 6 
820,3.57911e-06,4.24529e-06,3.05192e-06,50,100,100,235554,9 11 5 0 10 1 4 8 3 7 2 6 
821,3.62878e-06,4.24529e-06,3.0486e-06,50,100,100,235554,9 11 5 0 10 1 4 8 3 7 2 6 
822,3.60609e-06,4.24529e-06,3.069e-06,50,100,100,235554,9 11 5 0 10 1 4 8 3 7 2 6 
823,3.6191e-06,4.24529e-06,2.97038e-06,50,100,100,235554,9 11 5 0 10 1 4 8 3 7 2 6 
824,3.56794e-06,4.24529e-06,3.01447e-06,50,100,100,235554,9 11 5 0 10 1 4 8 3 7 2 6 
825,3.54138e-06,4.24529e-06,3.07285e-06,50,100,100,235554,9 11 5 0 10 1 4 8 3 7 2 6 
826,3.58842e-06,4.24529e-06,3.11924e-06,50,100,100,235554,9 11 5 0 10 1 4 8 3 7 2 6 
827,3.61873e-06,4.24529e-06,3.07273e-06,50,100,100,235554,9 11 5 0 10 1 4 8 3 7 2 6 
828,3.62857e-06,4.24529e-06,3.07277e-06,50,100,100,235554,9 11 5 0 10 1 4 8 3 7 2 6 
829,3.65121e-06,4.24529e-06,3.2351e-06,50,100,100,235554,9 11 5 0 10 1 4 8 3 7 2 6 
830,3.66196e-06,4.24529e-06,3.13104e-06,50,100,100,235554,9 11 5 0 10 1 4 8 3 7 2 6 
831,3.64908e-06,4.24529e-06,2.98783e-06,50,100,100,235554,9 11 5 0 10 1 4 8 3 7 2 6 
832,3.69883e-06,4.24529e-06,3.11978e-06,50,100,100,235554,9 11 5 0 10 1 4 8 3 7 2 6 
833,3.69793e-06,4.24529e-06,3.07049e-06,50,100,100,235554,9 11 5 0 10 1 4 8 3 7 2 6 
834,3.68458e-06,4.24529e-06,3.1179e-06,50,100,100,235554,9 11 5 0 10 1 4 8 3 7 2 6 
835,3.68726e-06,4.24529e-06,3.03576e-06,50,100,100,235554,9 11 5 0 10 1 4 8 3 7 2 6 
836,3.69667e-06,4.24529e-06,3.01595e-06,50,100,100,235554,9 11 5 0 10 1 4 8 3 7 2 6 
837,3.73819e-06,4.24529e-06,3.11392e-06,50,100,100,235554,9 11 5 0 10 1 4 8 3 7 2 6 
838,3.7203e-06,4.24529e-06,3.06019e-06,50,100,100,235554,9 11 5 0 10 1 4 8 3 7 2 6 
839,3.74117e-06,4.24529e-06,3.0245e-06,50,100,100,235554,9 11 5 0 10 1 4 8 3 7 2 6 
840,3.69931e-06,4.24529e-06,3.05464e-06,50,100,100,235554,9 11 5 0 10 1 4 8 3 7 2 6 
841,3.6581e-06,4.24529e-06,3.10863e-06,50,100,100,235554,9 11 5 0 10 1 4 8 3 7 2 6 
842,3.62848e-06,4.24529e-06,2.9648e-06,50,100,100,235554,9 11 5 0 10 1 4 8 3 7 2 6 
843,3.61698e-06,4.24529e-06,2.99472e-06,50,100,100,235554,9 11 5 0 10 1 4 8 3 7 2 6 
844,3.65629e-06,4.24529e-06,3.11086e-06,50,100,100,235554,9 11 5 0 10 1 4 8 3 7 2 6 
845,3.65007e-06,4.24529e-06,2.97423e-06,50,100,100,235554,9 11 5 0 10 1 4 8 3 7 2 6 
846,3.68502e-06,4.24529e-06,2.98435e-06,50,100,100,235554,9 11 5 0 10 1 4 8 3 7 2 6 
847,3.6813e-06,4.24529e-06,3.04206e-06,50,100,100,235554,9 11 5 0 10 1 4 8 3 7 2 6 
848,3.7139e-06,4.24529e-06,3.004e-06,50,100,100,235554,9 11 5 0 10 1 4 8 3 7 2 6 
849,3.69989e-06,4.24529e-06,2.95736e-06,50,100,100,235554,9 11 5 0 10 1 4 8 3 7 2 6 
850,3.68697e-06,4.24529e-06,2.92897e-06,50,100,100,235554,9 11 5 0 10 1 4 8 3 7 2 6 
851,3.63073e-06,4.24529e-06,3.02395e-06,50,100,100,235554,9 11 5 0 10 1 4 8 3 7 2 6 
852,3.63733e-06,4.24529e-06,3.16788e-06,50,100,100,235554,9 11 5 0 10 1 4 8 3 7 2 6 
853,3.5777e-06,4.24529e-06,3.02377e-06,50,100,100,235554,9 11 5 0 10 1 4 8 3 7 2 6 
854,3.54619e-06,4.24529e-06,3.06501e-06,50,100,100,235554,9 11 5 0 10 1 4 8 3 7 2 6 
855,3.56488e-06,4.24529e-06,3.0726e-06,50,100,100,235554,9 11 5 0 10 1 4 8 3 7 2 6 
856,3.59834e-06,4.24529e-06,3.03921e-06,50,100,100,235554,9 11 5 0 10 1 4 8 3 7 2 6 
857,3.62801e-06,4.24529e-06,3.05641e-06,50,100,100,235554,9 11 5 0 10 1 4 8 3 7 2 6 
858,3.61754e-06,4.24529e-06,3.07748e-06,50,100,100,235554,9 11 5 0 10 1 4 8 3 7 2 6 
859,3.59307e-06,4.24529e-06,2.95974e-06,50,100,100,235554,9 11 5 0 10 1 4 8 3 7 2 6 
860,3.63018e-06,4.24529e-06,3.12399e-06,50,100,100,235554,9 11 5 0 10 1 4 8 3 7 2 6 
861,3.6221e-06,4.24529e-06,2.98334e-06,50,100,100,235554,9 11 5 0 10 1 4 8 3 7 2 6 
862,3.57915e-06,4.24529e-06,3.09932e-06,50,100,100,235554,9 11 5 0 10 1 4 8 3 7 2 6 
863,3.53647e-06,4.24529e-06,2.93875e-06,50,100,100,235554,9 11 5 0 10 1 4 8 3 7 2 6 
864,3.54716e-06,4.24529e-06,3.06623e-06,50,100,100,235554,9 11 5 0 10 1 4 8 3 7 2 6 
865,3.57255e-06,4.24529e-06,3.09418e-06,50,100,100,235554,9 11 5 0 10 1 4 8 3 7 2 6 
866,3.56695e-06,4.24529e-06,3.07972e-06,50,100,100,235554,9 11 5 0 10 1 4 8 3 7 2 6 
867,3.58696e-06,4.24529e-06,3.08141e-06,50,100,100,235554,9 11 5 0 10 1 4 8 3 7 2 6 
868,3.62158e-06,4.24529e-06,2.99695e-06,50,100,100,235554,9 11 5 0 10 1 4 8 3 7 2 6 
869,3.60628e-06,4.24529e-06,3.0789e-06,50,100,100,235554,9 11 5 0 10 1 4 8 3 7 2 6 
870,3.6062e-06,4.24529e-06,3.05606e-06,50,100,100,235554,9 11 5 0 10 1 4 8 3 7 2 6 
871,3.6463e-06,4.24529e-06,3.03281e-06,50,100,100,235554,9 11 5 0 10 1 4 8 3 7 2 6 
872,3.64903e-06,4.24529e-06,3.06008e-06,50,100,100,235554,9 11 5 0 10 1 4 8 3 7 2 6 
873,3.64846e-06,4.24529e-06,3.064e-06,50,100,100,235554,9 11 5 0 10 1 4 8 3 7 2 6 
874,3.56826e-06,4.24529e-06,3.0035e-06,50,100,100,235554,9 11 5 0 10 1 4 8 3 7 2 6 
875,3.5953e-06,4.24529e-06,3.04311e-06,50,100,100,235554,9 11 5 0 10 1 4 8 3 7 2 6 
876,3.62927e-06,4.24529e-06,3.06237e-06,50,100,100,235554,9 11 5 0 10 1 4 8 3 7 2 6 
877,3.63625e-06,4.24529e-06,3.03749e-06,50,100,100,235554,9 11 5 0 10 1 4 8 3 7 2 6 
878,3.61339e-06,4.24529e-06,3.02434e-06,50,100,100,235554,9 11 5 0 10 1 4 8 3 7 2 6 
879,3.61079e-06,4.24529e-06,3.05445e-06,50,100,100,235554,9 11 5 0 10 1 4 8 3 7 2 6 
880,3.59634e-06,4.24529e-06,2.97142e-06,50,100,100,235554,9 11 5 0 10 1 4 8 3 7 2 6 
881,3.58376e-06,4.24529e-06,3.0017e-06,50,100,100,235554,9 11 5 0 10 1 4 8 3 7 2 6 
882,3.58057e-06,4.24529e-06,3.00085e-06,50,100,100,235554,9 11 5 0 10 1 4 8 3 7 2 6 
883,3.55593e-06,4.24529e-06,2.9871e-06,50,100,100,235554,9 11 5 0 10 1 4 8 3 7 2 6 
884,3.57094e-06,4.24529e-06,3.02763e-06,50,100,100,235554,9 11 5 0 10 1 4 8 3 7 2 6 
885,3.59508e-06,4.24529e-06,3.12351e-06,50,100,100,235554,9 11 5 0 10 1 4 8 3 7 2 6 
886,3.63755e-06,4.24529e-06,2.97305e-06,50,100,100,235554,9 11 5 0 10 1 4 8 3 7 2 6 
887,3.62601e-06,4.24529e-06,2.99819e-06,50,100,100,235554,9 11 5 0 10 1 4 8 3 7 2 6 
888,3.61951e-06,4.24529e-06,3.15128e-06,50,100,100,235554,9 11 5 0 10 1 4 8 3 7 2 6 
889,3.61615e-06,4.24529e-06,3.096e-06,50,100,100,235554,9 11 5 0 10 1 4 8 3 7 2 6 
890,3.6917e-06,4.24529e-06,2.9605e-06,50,100,100,235554,9 11 5 0 10 1 4 8 3 7 2 6 
891,3.66824e-06,4.24529e-06,3.17081e-06,50,100,100,235554,9 11 5 0 10 1 4 8 3 7 2 6 
892,3.62641e-06,4.24529e-06,3.05666e-06,50,100,100,235554,9 11 5 0 10 1 4 8 3 7 2 6 
893,3.66092e-06,4.24529e-06,2.95548e-06,50,100,100,235554,9 11 5 0 10 1 4 8 3 7 2 6 
894,3.67784e-06,4.24529e-06,3.1236e-06,50,100,100,235554,9 11 5 0 10 1 4 8 3 7 2 6 
895,3.66008e-06,4.24529e-06,3.12458e-06,50,100,100,235554,9 11 5 0 10 1 4 8 3 7 2 6 
896,3.63625e-06,4.24529e-06,2.89683e-06,50,100,100,235554,9 11 5 0 10 1 4 8 3 7 2 6 
897,3.60065e-06,4.24529e-06,2.98083e-06,50,100,100,235554,9 11 5 0 10 1 4 8 3 7 2 6 
898,3.58822e-06,4.24529e-06,3.05022e-06,50,100,100,235554,9 11 5 0 10 1 4 8 3 7 2 6 
899,3.67852e-06,4.24529e-06,3.06928e-06,50,100,100,235554,9 11 5 0 10 1 4 8 3 7 2 6 
900,3.62336e-06,4.24529e-06,2.9459e-06,50,100,100,235554,9 11 5 0 10 1 4 8 3 7 2 6 
901,3.57415e-06,4.24529e-06,2.97638e-06,50,100,100,235554,9 11 5 0 10 1 4 8 3 7 2 6 
902,3.54681e-06,4.24529e-06,3.0737e-06,50,100,100,235554,9 11 5 0 10 1 4 8 3 7 2 6 
903,3.54796e-06,4.24529e-06,3.02622e-06,50,100,100,235554,9 11 5 0 10 1 4 8 3 7 2 6 
904,3.56864e-06,4.24529e-06,3.05145e-06,50,100,100,235554,9 11 5 0 10 1 4 8 3 7 2 6 
905,3.57885e-06,4.24529e-06,3.08186e-06,50,100,100,235554,9 11 5 0 10 1 4 8 3 7 2 6 
906,3.56099e-06,4.24529e-06,2.99341e-06,50,100,100,235554,9 11 5 0 10 1 4 8 3 7 2 6 
907,3.56202e-06,4.24529e-06,3.07351e-06,50,100,100,235554,9 11 5 0 10 1 4 8 3 7 2 6 
908,3.63037e-06,4.24529e-06,3.17691e-06,50,100,100,235554,9 11 5 0 10 1 4 8 3 7 2 6 
909,3.56893e-06,4.24529e-06,3.10738e-06,50,100,100,235554,9 11 5 0 10 1 4 8 3 7 2 6 
910,3.60719e-06,4.24529e-06,3.05729e-06,50,100,100,235554,9 11 5 0 10 1 4 8 3 7 2 6 
911,3.65214e-06,4.24529e-06,2.95518e-06,50,100,100,235554,9 11 5 0 10 1 4 8 3 7 2 6 
912,3.62811e-06,4.24529e-06,3.11992e-06,50,100,100,235554,9 11 5 0 10 1 4 8 3 7 2 6 
913,3.57363e-06,4.24529e-06,3.02835e-06,50,100,100,235554,9 11 5 0 10 1 4 8 3 7 2 6 
914,3.58656e-06,4.24529e-06,3.04558e-06,50,100,100,235554,9 11 5 0 10 1 4 8 3 7 2 6 
915,3.59108e-06,4.24529e-06,2.95569e-06,50,100,100,235554,9 11 5 0 10 1 4 8 3 7 2 6 
916,3.58218e-06,4.24529e-06,2.95609e-06,50,100,100,235554,9 11 5 0 10 1 4 8 3 7 2 6 
917,3.61696e-06,4.24529e-06,3.05363e-06,50,100,100,235554,9 11 5 0 10 1 4 8 3 7 2 6 
918,3.65005e-06,4.24529e-06,3.05852e-06,50,100,100,235554,9 11 5 0 10 1 4 8 3 7 2 6 
919,3.68194e-06,4.24529e-06,3.16031e-06,50,100,100,235554,9 11 5 0 10 1 4 8 3 7 2 6 
920,3.66924e-06,4.24529e-06,3.11339e-06,50,100,100,235554,9 11 5 0 10 1 4 8 3 7 2 6 
921,3.68336e-06,4.24529e-06,3.0589e-06,50,100,100,235554,9 11 5 0 10 1 4 8 3 7 2 6 
922,3.65142e-06,4.24529e-06,3.04604e-06,50,100,100,235554,9 11 5 0 10 1 4 8 3 7 2 6 
923,3.68198e-06,4.24529e-06,3.13981e-06,50,100,100,235554,9 11 5 0 10 1 4 8 3 7 2 6 
924,3.69873e-06,4.24529e-06,3.08611e-06,50,100,100,235554,9 11 5 0 10 1 4 8 3 7 2 6 
925,3.72203e-06,4.24529e-06,3.08826e-06,50,100,100,235554,9 11 5 0 10 1 4 8 3 7 2 6 
926,3.62198e-06,4.24529e-06,3.06996e-06,50,100,100,235554,9 11 5 0 10 1 4 8 3 7 2 6 
927,3.68198e-06,4.24529e-06,2.96679e-06,50,100,100,235554,9 11 5 0 10 1 4 8 3 7 2 6 
928,3.63582e-06,4.24529e-06,3.10664e-06,50,100,100,235554,9 11 5 0 10 1 4 8 3 7 2 6 
929,3.65881e-06,4.24529e-06,3.0862e-06,50,100,100,235554,9 11 5 0 10 1 4 8 3 7 2 6 
930,3.54008e-06,4.24529e-06,3.00851e-06,50,100,100,235554,9 11 5 0 10 1 4 8 3 7 2 6 
931,3.53818e-06,4.24529e-06,2.95927e-06,50,100,100,235554,9 11 5 0 10 1 4 8 3 7 2 6 
932,3.49019e-06,4.24529e-06,3.0095e-06,50,100,100,235554,9 11 5 0 10 1 4 8 3 7 2 6 
933,3.46295e-06,4.24529e-06,2.99607e-06,50,100,100,235554,9 11 5 0 10 1 4 8 3 7 2 6 
934,3.51215e-06,4.24529e-06,3.07073e-06,50,100,100,235554,9 11 5 0 10 1 4 8 3 7 2 6 
935,3.50595e-06,4.24529e-06,3.11883e-06,50,100,100,235554,9 11 5 0 10 1 4 8 3 7 2 6 
936,3.5206e-06,4.24529e-06,3.03976e-06,50,100,100,235554,9 11 5 0 10 1 4 8 3 7 2 6 
937,3.58245e-06,4.24529e-06,3.07189e-06,50,100,100,235554,9 11 5 0 10 1 4 8 3 7 2 6 
938,3.56505e-06,4.24529e-06,3.0551e-06,50,100,100,235554,9 11 5 0 10 1 4 8 3 7 2 6 
939,3.53806e-06,4.24529e-06,2.99959e-06,50,100,100,235554,9 11 5 0 10 1 4 8 3 7 2 6 
940,3.55141e-06,4.24529e-06,3.08279e-06,50,100,100,235554,9 11 5 0 10 1 4 8 3 7 2 6 
941,3.57147e-06,4.24529e-06,3.06766e-06,50,100,100,235554,9 11 5 0 10 1 4 8 3 7 2 6 
942,3.56358e-06,4.24529e-06,3.11093e-06,50,100,100,235554,9 11 5 0 10 1 4 8 3 7 2 6 
943,3.55724e-06,4.24529e-06,3.06919e-06,50,100,100,235554,9 11 5 0 10 1 4 8 3 7 2 6 
944,3.54947e-06,4.24529e-06,3.07947e-06,50,100,100,235554,9 11 5 0 10 1 4 8 3 7 2 6 
945,3.55137e-06,4.24529e-06,3.07739e-06,50,100,100,235554,9 11 5 0 10 1 4 8 3 7 2 6 
946,3.5711e-06,4.24529e-06,3.0607e-06,50,100,100,235554,9 11 5 0 10 1 4 8 3 7 2 6 
947,3.56513e-06,4.24529e-06,3.004e-06,50,100,100,235554,9 11 5 0 10 1 4 8 3 7 2 6 
948,3.5759e-06,4.24529e-06,3.0418e-06,50,100,100,235554,9 11 5 0 10 1 4 8 3 7 2 6 
949,3.55476e-06,4.24529e-06,2.93839e-06,50,100,100,235554,9 11 5 0 10 1 4 8 3 7 2 6 
950,3.61995e-06,4.24529e-06,2.97618e-06,50,100,100,235554,9 11 5 0 10 1 4 8 3 7 2 6 
951,3.57147e-06,4.24529e-06,3.02897e-06,50,100,100,235554,9 11 5 0 10 1 4 8 3 7 2 6 
952,3.59938e-06,4.24529e-06,3.04293e-06,50,100,100,235554,9 11 5 0 10 1 4 8 3 7 2 6 
953,3.5471e-06,4.24529e-06,3.07534e-06,50,100,100,235554,9 11 5 0 10 1 4 8 3 7 2 6 
954,3.53017e-06,4.24529e-06,2.87863e-06,50,100,100,235554,9 11 5 0 10 1 4 8 3 7 2 6 
955,3.5493e-06,4.24529e-06,2.96703e-06,50,100,100,235554,9 11 5 0 10 1 4 8 3 7 2 6 
956,3.56999e-06,4.24529e-06,3.0753e-06,50,100,100,235554,9 11 5 0 10 1 4 8 3 7 2 6 
957,3.59452e-06,4.24529e-06,3.07964e-06,50,100,100,235554,9 11 5 0 10 1 4 8 3 7 2 6 
958,3.57552e-06,4.24529e-06,3.0665e-06,50,100,100,235554,9 11 5 0 10 1 4 8 3 7 2 6 
959,3.55559e-06,4.24529e-06,2.90868e-06,50,100,100,235554,9 11 5 0 10 1 4 8 3 7 2 6 
960,3.5438e-06,4.24529e-06,3.10541e-06,50,100,100,235554,9 11 5 0 10 1 4 8 3 7 2 6 
961,3.57296e-06,4.24529e-06,3.1126e-06,50,100,100,235554,9 11 5 0 10 1 4 8 3 7 2 6 
962,3.56444e-06,4.24529e-06,3.04021e-06,50,100,100,235554,9 11 5 0 10 1 4 8 3 7 2 6 
963,3.5426e-06,4.24529e-06,3.02866e-06,50,100,100,235554,9 11 5 0 10 1 4 8 3 7 2 6 
964,3.53178e-06,4.24529e-06,2.99132e-06,50,100,100,235554,9 11 5 0 10 1 4 8 3 7 2 6 
965,3.56362e-06,4.24529e-06,3.15206e-06,50,100,100,235554,9 11 5 0 10 1 4 8 3 7 2 6 
966,3.59678e-06,4.24529e-06,3.01315e-06,50,100,100,235554,9 11 5 0 10 1 4 8 3 7 2 6 
967,3.60302e-06,4.24529e-06,3.10028e-06,50,100,100,235554,9 11 5 0 10 1 4 8 3 7 2 6 
968,3.59102e-06,4.24529e-06,2.99205e-06,50,100,100,235554,9 11 5 0 10 1 4 8 3 7 2 6 
969,3.56905e-06,4.24529e-06,3.01126e-06,50,100,100,235554,9 11 5 0 10 1 4 8 3 7 2 6 
970,3.58262e-06,4.24529e-06,3.08487e-06,50,100,100,235554,9 11 5 0 10 1 4 8 3 7 2 6 
971,3.62325e-06,4.24529e-06,3.00843e-06,50,100,100,235554,9 11 5 0 10 1 4 8 3 7 2 6 
972,3.62381e-06,4.24529e-06,3.03557e-06,50,100,100,235554,9 11 5 0 10 1 4 8 3 7 2 6 
973,3.67788e-06,4.24529e-06,3.08982e-06,50,100,100,235554,9 11 5 0 10 1 4 8 3 7 2 6 
974,3.63736e-06,4.24529e-06,3.06096e-06,50,100,100,235554,9 11 5 0 10 1 4 8 3 7 2 6 
975,3.54846e-06,4.24529e-06,3.04393e-06,50,100,100,235554,9 11 5 0 10 1 4 8 3 7 2 6 
976,3.59591e-06,4.24529e-06,2.98268e-06,50,100,100,235554,9 11 5 0 10 1 4 8 3 7 2 6 
977,3.59261e-06,4.24529e-06,3.01764e-06,50,100,100,235554,9 11 5 0 10 1 4 8 3 7 2 6 
978,3.53884e-06,4.24529e-06,3.05376e-06,50,100,100,235554,9 11 5 0 10 1 4 8 3 7 2 6 
979,3.52793e-06,4.24529e-06,3.01217e-06,50,100,100,235554,9 11 5 0 10 1 4 8 3 7 2 6 
980,3.54858e-06,4.24529e-06,3.09177e-06,50,100,100,235554,9 11 5 0 10 1 4 8 3 7 2 6 
981,3.552e-06,4.24529e-06,2.99628e-06,50,100,100,235554,9 11 5 0 10 1 4 8 3 7 2 6 
982,3.58484e-06,4.24529e-06,3.05089e-06,50,100,100,235554,9 11 5 0 10 1 4 8 3 7 2 6 
983,3.56683e-06,4.24529e-06,3.0448e-06,50,100,100,235554,9 11 5 0 10 1 4 8 3 7 2 6 
984,3.58349e-06,4.24529e-06,3.01498e-06,50,100,100,235554,9 11 5 0 10 1 4 8 3 7 2 6 
985,3.59313e-06,4.24529e-06,3.09796e-06,50,100,100,235554,9 11 5 0 10 1 4 8 3 7 2 6 
986,3.59281e-06,4.24529e-06,3.10005e-06,50,100,100,235554,9 11 5 0 10 1 4 8 3 7 2 6 
987,3.55665e-06,4.24529e-06,3.01828e-06,50,100,100,235554,9 11 5 0 10 1 4 8 3 7 2 6 
988,3.53252e-06,4.24529e-06,2.93361e-06,50,100,100,235554,9 11 5 0 10 1 4 8 3 7 2 6 
989,3.51392e-06,4.24529e-06,2.99632e-06,50,100,100,235554,9 11 5 0 10 1 4 8 3 7 2 6 
990,3.50322e-06,4.24529e-06,3.04508e-06,50,100,100,235554,9 11 5 0 10 1 4 8 3 7 2 6 
991,3.50644e-06,4.24529e-06,2.95621e-06,50,100,100,235554,9 11 5 0 10 1 4 8 3 7 2 6 
992,3.49691e-06,4.24529e-06,3.03954e-06,50,100,100,235554,9 11 5 0 10 1 4 8 3 7 2 6 
993,3.49879e-06,4.24529e-06,3.0527e-06,50,100,100,235554,9 11 5 0 10 1 4 8 3 7 2 6 
994,3.4799e-06,4.24529e-06,2.98222e-06,50,100,100,235554,9 11 5 0 10 1 4 8 3 7 2 6 
995,3.45708e-06,4.24529e-06,3.01722e-06,50,100,100,235554,9 11 5 0 10 1 4 8 3 7 2 6 
996,3.51062e-06,4.24529e-06,3.09591e-06,50,100,100,235554,9 11 5 0 10 1 4 8 3 7 2 6 
997,3.52327e-06,4.24529e-06,3.05847e-06,50,100,100,235554,9 11 5 0 10 1 4 8 3 7 2 6 
998,3.53121e-06,4.24529e-06,3.00424e-06,50,100,100,235554,9 11 5 0 10 1 4 8 3 7 2 6 
999,3.53213e-06,4.24529e-06,3.013e-06,50,100,100,235554,9 11 5 0 10 1 4 8 3 7 2 6 
