Generación,Media,Mejor,Peor,Cruzas,Mutaciones,Inversiones,Costo,Permutación
1,3.26511e-06,3.69504e-06,2.8896e-06,50,100,100,270632,7 9 3 0 2 4 6 5 1 11 8 10 
2,3.26475e-06,3.71539e-06,2.9673e-06,50,100,100,269150,3 10 8 4 1 9 5 0 6 11 2 7 
3,3.25156e-06,3.76919e-06,2.93406e-06,50,100,100,265308,6 7 3 0 4 5 9 10 1 11 2 8 
4,3.28921e-06,3.89319e-06,2.95286e-06,50,100,100,256858,10 6 7 3 11 4 0 5 2 9 8 1 
5,3.27969e-06,3.89319e-06,2.92089e-06,50,100,100,256858,10 6 7 3 11 4 0 5 2 9 8 1 
6,3.26397e-06,3.89319e-06,2.93199e-06,50,100,100,256858,10 6 7 3 11 4 0 5 2 9 8 1 
7,3.28621e-06,3.89319e-06,2.94196e-06,50,100,100,256858,10 6 7 3 11 4 0 5 2 9 8 1 
8,3.30944e-06,3.89319e-06,2.9363e-06,50,100,100,256858,10 6 7 3 11 4 0 5 2 9 8 1 
9,3.31218e-06,3.89319e-06,2.99793e-06,50,100,100,256858,10 6 7 3 11 4 0 5 2 9 8 1 
10,3.34261e-06,3.89319e-06,2.9398e-06,50,100,100,256858,10 6 7 3 11 4 0 5 2 9 8 1 
11,3.32391e-06,3.89319e-06,2.92308e-06,50,100,100,256858,10 6 7 3 11 4 0 5 2 9 8 1 
12,3.32225e-06,3.89319e-06,2.94948e-06,50,100,100,256858,10 6 7 3 11 4 0 5 2 9 8 1 
13,3.3072e-06,3.89319e-06,2.95176e-06,50,100,100,256858,10 6 7 3 11 4 0 5 2 9 8 1 
14,3.32841e-06,3.89319e-06,3.02244e-06,50,100,100,256858,10 6 7 3 11 4 0 5 2 9 8 1 
15,3.31095e-06,3.89319e-06,2.98533e-06,50,100,100,256858,10 6 7 3 11 4 0 5 2 9 8 1 
16,3.33541e-06,3.89319e-06,3.00361e-06,50,100,100,256858,10 6 7 3 11 4 0 5 2 9 8 1 
17,3.30366e-06,3.89319e-06,2.9677e-06,50,100,100,256858,10 6 7 3 11 4 0 5 2 9 8 1 
18,3.32626e-06,3.89319e-06,2.95791e-06,50,100,100,256858,10 6 7 3 11 4 0 5 2 9 8 1 
19,3.31121e-06,3.89319e-06,2.94741e-06,50,100,100,256858,10 6 7 3 11 4 0 5 2 9 8 1 
20,3.31017e-06,3.89319e-06,2.95847e-06,50,100,100,256858,10 6 7 3 11 4 0 5 2 9 8 1 
21,3.33171e-06,3.89319e-06,3.00004e-06,50,100,100,256858,10 6 7 3 11 4 0 5 2 9 8 1 
22,3.32185e-06,3.89319e-06,2.95415e-06,50,100,100,256858,10 6 7 3 11 4 0 5 2 9 8 1 
23,3.31332e-06,3.89319e-06,3.04078e-06,50,100,100,256858,10 6 7 3 11 4 0 5 2 9 8 1 
24,3.31858e-06,3.89319e-06,2.9911e-06,50,100,100,256858,10 6 7 3 11 4 0 5 2 9 8 1 
25,3.35422e-06,3.89319e-06,2.97719e-06,50,100,100,256858,10 6 7 3 11 4 0 5 2 9 8 1 
26,3.31214e-06,3.89319e-06,2.99829e-06,50,100,100,256858,10 6 7 3 11 4 0 5 2 9 8 1 
27,3.31448e-06,3.89319e-06,3.01244e-06,50,100,100,256858,10 6 7 3 11 4 0 5 2 9 8 1 
28,3.32081e-06,3.89319e-06,2.98101e-06,50,100,100,256858,10 6 7 3 11 4 0 5 2 9 8 1 
29,3.31343e-06,3.89319e-06,3.02158e-06,50,100,100,256858,10 6 7 3 11 4 0 5 2 9 8 1 
30,3.32501e-06,3.89319e-06,3.04586e-06,50,100,100,256858,10 6 7 3 11 4 0 5 2 9 8 1 
31,3.31367e-06,3.89319e-06,2.92971e-06,50,100,100,256858,10 6 7 3 11 4 0 5 2 9 8 1 
32,3.31589e-06,3.89558e-06,3.00283e-06,50,100,100,256700,6 7 11 3 0 4 10 5 2 9 8 1 
33,3.3017e-06,3.89558e-06,2.98394e-06,50,100,100,256700,6 7 11 3 0 4 10 5 2 9 8 1 
34,3.31168e-06,3.89558e-06,2.982e-06,50,100,100,256700,6 7 11 3 0 4 10 5 2 9 8 1 
35,3.29967e-06,3.89558e-06,2.99583e-06,50,100,100,256700,6 7 11 3 0 4 10 5 2 9 8 1 
36,3.31199e-06,3.89558e-06,2.98058e-06,50,100,100,256700,6 7 11 3 0 4 10 5 2 9 8 1 
37,3.30146e-06,3.89558e-06,2.94347e-06,50,100,100,256700,6 7 11 3 0 4 10 5 2 9 8 1 
38,3.29316e-06,3.89558e-06,2.91044e-06,50,100,100,256700,6 7 11 3 0 4 10 5 2 9 8 1 
39,3.28677e-06,3.89558e-06,3.03806e-06,50,100,100,256700,6 7 11 3 0 4 10 5 2 9 8 1 
40,3.30148e-06,3.89558e-06,2.95908e-06,50,100,100,256700,6 7 11 3 0 4 10 5 2 9 8 1 
41,3.29636e-06,3.89558e-06,2.96136e-06,50,100,100,256700,6 7 11 3 0 4 10 5 2 9 8 1 
42,3.31295e-06,3.89558e-06,2.99957e-06,50,100,100,256700,6 7 11 3 0 4 10 5 2 9 8 1 
43,3.3119e-06,3.89558e-06,2.94098e-06,50,100,100,256700,6 7 11 3 0 4 10 5 2 9 8 1 
44,3.31086e-06,3.89558e-06,2.96925e-06,50,100,100,256700,6 7 11 3 0 4 10 5 2 9 8 1 
45,3.32837e-06,3.89558e-06,3.03033e-06,50,100,100,256700,6 7 11 3 0 4 10 5 2 9 8 1 
46,3.34458e-06,3.89558e-06,3.04115e-06,50,100,100,256700,6 7 11 3 0 4 10 5 2 9 8 1 
47,3.3256e-06,3.89558e-06,2.98829e-06,50,100,100,256700,6 7 11 3 0 4 10 5 2 9 8 1 
48,3.32434e-06,3.89558e-06,2.97095e-06,50,100,100,256700,6 7 11 3 0 4 10 5 2 9 8 1 
49,3.33263e-06,3.89558e-06,2.96153e-06,50,100,100,256700,6 7 11 3 0 4 10 5 2 9 8 1 
50,3.36556e-06,3.89558e-06,3.00491e-06,50,100,100,256700,6 7 11 3 0 4 10 5 2 9 8 1 
51,3.35229e-06,3.89558e-06,3.02436e-06,50,100,100,256700,6 7 11 3 0 4 10 5 2 9 8 1 
52,3.35126e-06,3.89558e-06,2.94245e-06,50,100,100,256700,6 7 11 3 0 4 10 5 2 9 8 1 
53,3.33182e-06,3.89558e-06,2.98216e-06,50,100,100,256700,6 7 11 3 0 4 10 5 2 9 8 1 
54,3.3503e-06,3.89558e-06,3.01104e-06,50,100,100,256700,6 7 11 3 0 4 10 5 2 9 8 1 
55,3.31794e-06,3.89558e-06,2.98252e-06,50,100,100,256700,6 7 11 3 0 4 10 5 2 9 8 1 
56,3.31962e-06,3.89558e-06,2.94394e-06,50,100,100,256700,6 7 11 3 0 4 10 5 2 9 8 1 
57,3.32906e-06,3.89558e-06,3.01159e-06,50,100,100,256700,6 7 11 3 0 4 10 5 2 9 8 1 
58,3.3239e-06,3.89558e-06,2.9283e-06,50,100,100,256700,6 7 11 3 0 4 10 5 2 9 8 1 
59,3.35094e-06,3.89558e-06,2.96094e-06,50,100,100,256700,6 7 11 3 0 4 10 5 2 9 8 1 
60,3.34784e-06,3.89558e-06,2.92436e-06,50,100,100,256700,6 7 11 3 0 4 10 5 2 9 8 1 
61,3.33233e-06,3.89558e-06,2.9781e-06,50,100,100,256700,6 7 11 3 0 4 10 5 2 9 8 1 
62,3.32178e-06,3.89558e-06,2.975e-06,50,100,100,256700,6 7 11 3 0 4 10 5 2 9 8 1 
63,3.33296e-06,3.89558e-06,3.01884e-06,50,100,100,256700,6 7 11 3 0 4 10 5 2 9 8 1 
64,3.33229e-06,3.89558e-06,2.91062e-06,50,100,100,256700,6 7 11 3 0 4 10 5 2 9 8 1 
65,3.32762e-06,3.89558e-06,2.9008e-06,50,100,100,256700,6 7 11 3 0 4 10 5 2 9 8 1 
66,3.35208e-06,3.89558e-06,2.96383e-06,50,100,100,256700,6 7 11 3 0 4 10 5 2 9 8 1 
67,3.349e-06,3.89558e-06,3.03007e-06,50,100,100,256700,6 7 11 3 0 4 10 5 2 9 8 1 
68,3.3191e-06,3.89558e-06,2.95854e-06,50,100,100,256700,6 7 11 3 0 4 10 5 2 9 8 1 
69,3.30872e-06,3.89558e-06,2.971e-06,50,100,100,256700,6 7 11 3 0 4 10 5 2 9 8 1 
70,3.30875e-06,3.89558e-06,3.00577e-06,50,100,100,256700,6 7 11 3 0 4 10 5 2 9 8 1 
71,3.28143e-06,3.95255e-06,2.97613e-06,50,100,100,253000,10 4 3 0 7 9 6 5 8 11 2 1 
72,3.32982e-06,3.95255e-06,2.99286e-06,50,100,100,253000,10 4 3 0 7 9 6 5 8 11 2 1 
73,3.31444e-06,3.95255e-06,3.0465e-06,50,100,100,253000,10 4 3 0 7 9 6 5 8 11 2 1 
74,3.31981e-06,3.95255e-06,2.99046e-06,50,100,100,253000,10 4 3 0 7 9 6 5 8 11 2 1 
75,3.35469e-06,4.00066e-06,2.96053e-06,50,100,100,249958,10 4 3 0 7 8 6 5 9 11 2 1 
76,3.3459e-06,4.00066e-06,2.95924e-06,50,100,100,249958,10 4 3 0 7 8 6 5 9 11 2 1 
77,3.36453e-06,4.00066e-06,2.9527e-06,50,100,100,249958,10 4 3 0 7 8 6 5 9 11 2 1 
78,3.33183e-06,4.00066e-06,2.94647e-06,50,100,100,249958,10 4 3 0 7 8 6 5 9 11 2 1 
79,3.33642e-06,4.00066e-06,2.97923e-06,50,100,100,249958,10 4 3 0 7 8 6 5 9 11 2 1 
80,3.36673e-06,4.00066e-06,2.91837e-06,50,100,100,249958,10 4 3 0 7 8 6 5 9 11 2 1 
81,3.37213e-06,4.00066e-06,2.99756e-06,50,100,100,249958,10 4 3 0 7 8 6 5 9 11 2 1 
82,3.39642e-06,4.00066e-06,2.99923e-06,50,100,100,249958,10 4 3 0 7 8 6 5 9 11 2 1 
83,3.38356e-06,4.00066e-06,3.06173e-06,50,100,100,249958,10 4 3 0 7 8 6 5 9 11 2 1 
84,3.3605e-06,4.00066e-06,2.97927e-06,50,100,100,249958,10 4 3 0 7 8 6 5 9 11 2 1 
85,3.37497e-06,4.00066e-06,3.02743e-06,50,100,100,249958,10 4 3 0 7 8 6 5 9 11 2 1 
86,3.38506e-06,4.00066e-06,2.96006e-06,50,100,100,249958,10 4 3 0 7 8 6 5 9 11 2 1 
87,3.33934e-06,4.00066e-06,2.99973e-06,50,100,100,249958,10 4 3 0 7 8 6 5 9 11 2 1 
88,3.34501e-06,4.00066e-06,2.97863e-06,50,100,100,249958,10 4 3 0 7 8 6 5 9 11 2 1 
89,3.37403e-06,4.00066e-06,2.98771e-06,50,100,100,249958,10 4 3 0 7 8 6 5 9 11 2 1 
90,3.35062e-06,4.00066e-06,2.96813e-06,50,100,100,249958,10 4 3 0 7 8 6 5 9 11 2 1 
91,3.34913e-06,4.00066e-06,3.01111e-06,50,100,100,249958,10 4 3 0 7 8 6 5 9 11 2 1 
92,3.37568e-06,4.00066e-06,3.0116e-06,50,100,100,249958,10 4 3 0 7 8 6 5 9 11 2 1 
93,3.36714e-06,4.01334e-06,3.05759e-06,50,100,100,249168,10 5 3 0 8 9 4 7 6 11 2 1 
94,3.37294e-06,4.01334e-06,3.03766e-06,50,100,100,249168,10 5 3 0 8 9 4 7 6 11 2 1 
95,3.42039e-06,4.01334e-06,3.02143e-06,50,100,100,249168,10 5 3 0 8 9 4 7 6 11 2 1 
96,3.39091e-06,4.01334e-06,2.99309e-06,50,100,100,249168,10 5 3 0 8 9 4 7 6 11 2 1 
97,3.34548e-06,4.01334e-06,3.0076e-06,50,100,100,249168,10 5 3 0 8 9 4 7 6 11 2 1 
98,3.37274e-06,4.01334e-06,3.02092e-06,50,100,100,249168,10 5 3 0 8 9 4 7 6 11 2 1 
99,3.38389e-06,4.01334e-06,3.00125e-06,50,100,100,249168,10 5 3 0 8 9 4 7 6 11 2 1 
100,3.38357e-06,4.01334e-06,2.97471e-06,50,100,100,249168,10 5 3 0 8 9 4 7 6 11 2 1 
101,3.34177e-06,4.01334e-06,2.94882e-06,50,100,100,249168,10 5 3 0 8 9 4 7 6 11 2 1 
102,3.34424e-06,4.01334e-06,2.92434e-06,50,100,100,249168,10 5 3 0 8 9 4 7 6 11 2 1 
103,3.33792e-06,4.01334e-06,2.96943e-06,50,100,100,249168,10 5 3 0 8 9 4 7 6 11 2 1 
104,3.34708e-06,4.01334e-06,3.00516e-06,50,100,100,249168,10 5 3 0 8 9 4 7 6 11 2 1 
105,3.36286e-06,4.01334e-06,3.00467e-06,50,100,100,249168,10 5 3 0 8 9 4 7 6 11 2 1 
106,3.33279e-06,4.01334e-06,2.9454e-06,50,100,100,249168,10 5 3 0 8 9 4 7 6 11 2 1 
107,3.33265e-06,4.01334e-06,2.96146e-06,50,100,100,249168,10 5 3 0 8 9 4 7 6 11 2 1 
108,3.36189e-06,4.01334e-06,3.0569e-06,50,100,100,249168,10 5 3 0 8 9 4 7 6 11 2 1 
109,3.35732e-06,4.01334e-06,3.0425e-06,50,100,100,249168,10 5 3 0 8 9 4 7 6 11 2 1 
110,3.37916e-06,4.01334e-06,3.03386e-06,50,100,100,249168,10 5 3 0 8 9 4 7 6 11 2 1 
111,3.34827e-06,4.01334e-06,3.01157e-06,50,100,100,249168,10 5 3 0 8 9 4 7 6 11 2 1 
112,3.37413e-06,4.01334e-06,2.96343e-06,50,100,100,249168,10 5 3 0 8 9 4 7 6 11 2 1 
113,3.35215e-06,4.01334e-06,2.99963e-06,50,100,100,249168,10 5 3 0 8 9 4 7 6 11 2 1 
114,3.36057e-06,4.02416e-06,2.97576e-06,50,100,100,248498,10 5 3 0 6 9 4 7 8 11 2 1 
115,3.35977e-06,4.02416e-06,3.01006e-06,50,100,100,248498,10 5 3 0 6 9 4 7 8 11 2 1 
116,3.35552e-06,4.02416e-06,3.01984e-06,50,100,100,248498,10 5 3 0 6 9 4 7 8 11 2 1 
117,3.37474e-06,4.02416e-06,3.05324e-06,50,100,100,248498,10 5 3 0 6 9 4 7 8 11 2 1 
118,3.36728e-06,4.02416e-06,2.9674e-06,50,100,100,248498,10 5 3 0 6 9 4 7 8 11 2 1 
119,3.35126e-06,4.02416e-06,2.92108e-06,50,100,100,248498,10 5 3 0 6 9 4 7 8 11 2 1 
120,3.36659e-06,4.02416e-06,2.94779e-06,50,100,100,248498,10 5 3 0 6 9 4 7 8 11 2 1 
121,3.36819e-06,4.02416e-06,3.00411e-06,50,100,100,248498,10 5 3 0 6 9 4 7 8 11 2 1 
122,3.36259e-06,4.02416e-06,2.97696e-06,50,100,100,248498,10 5 3 0 6 9 4 7 8 11 2 1 
123,3.35437e-06,4.02416e-06,2.99673e-06,50,100,100,248498,10 5 3 0 6 9 4 7 8 11 2 1 
124,3.35596e-06,4.02416e-06,2.97962e-06,50,100,100,248498,10 5 3 0 6 9 4 7 8 11 2 1 
125,3.33245e-06,4.02416e-06,3.03578e-06,50,100,100,248498,10 5 3 0 6 9 4 7 8 11 2 1 
126,3.32753e-06,4.02416e-06,2.93246e-06,50,100,100,248498,10 5 3 0 6 9 4 7 8 11 2 1 
127,3.35951e-06,4.02416e-06,2.97989e-06,50,100,100,248498,10 5 3 0 6 9 4 7 8 11 2 1 
128,3.3519e-06,4.02416e-06,2.97111e-06,50,100,100,248498,10 5 3 0 6 9 4 7 8 11 2 1 
129,3.35469e-06,4.02416e-06,3.01364e-06,50,100,100,248498,10 5 3 0 6 9 4 7 8 11 2 1 
130,3.31907e-06,4.02416e-06,2.97749e-06,50,100,100,248498,10 5 3 0 6 9 4 7 8 11 2 1 
131,3.32223e-06,4.02416e-06,3.01287e-06,50,100,100,248498,10 5 3 0 6 9 4 7 8 11 2 1 
132,3.34266e-06,4.02416e-06,2.95645e-06,50,100,100,248498,10 5 3 0 6 9 4 7 8 11 2 1 
133,3.3418e-06,4.02416e-06,2.92445e-06,50,100,100,248498,10 5 3 0 6 9 4 7 8 11 2 1 
134,3.31957e-06,4.02416e-06,2.92876e-06,50,100,100,248498,10 5 3 0 6 9 4 7 8 11 2 1 
135,3.34927e-06,4.02416e-06,2.97445e-06,50,100,100,248498,10 5 3 0 6 9 4 7 8 11 2 1 
136,3.32171e-06,4.02416e-06,2.96413e-06,50,100,100,248498,10 5 3 0 6 9 4 7 8 11 2 1 
137,3.34195e-06,4.02416e-06,3.01382e-06,50,100,100,248498,10 5 3 0 6 9 4 7 8 11 2 1 
138,3.35569e-06,4.02416e-06,2.94383e-06,50,100,100,248498,10 5 3 0 6 9 4 7 8 11 2 1 
139,3.35194e-06,4.02416e-06,2.99463e-06,50,100,100,248498,10 5 3 0 6 9 4 7 8 11 2 1 
140,3.35036e-06,4.02416e-06,2.98994e-06,50,100,100,248498,10 5 3 0 6 9 4 7 8 11 2 1 
141,3.35995e-06,4.02416e-06,3.03393e-06,50,100,100,248498,10 5 3 0 6 9 4 7 8 11 2 1 
142,3.33229e-06,4.02416e-06,2.94094e-06,50,100,100,248498,10 5 3 0 6 9 4 7 8 11 2 1 
143,3.35398e-06,4.02416e-06,2.99808e-06,50,100,100,248498,10 5 3 0 6 9 4 7 8 11 2 1 
144,3.3292e-06,4.02416e-06,2.9648e-06,50,100,100,248498,10 5 3 0 6 9 4 7 8 11 2 1 
145,3.3222e-06,4.02416e-06,2.97579e-06,50,100,100,248498,10 5 3 0 6 9 4 7 8 11 2 1 
146,3.34822e-06,4.02416e-06,2.98537e-06,50,100,100,248498,10 5 3 0 6 9 4 7 8 11 2 1 
147,3.34539e-06,4.02416e-06,2.9252e-06,50,100,100,248498,10 5 3 0 6 9 4 7 8 11 2 1 
148,3.3541e-06,4.02416e-06,3.04834e-06,50,100,100,248498,10 5 3 0 6 9 4 7 8 11 2 1 
149,3.32384e-06,4.02416e-06,2.93397e-06,50,100,100,248498,10 5 3 0 6 9 4 7 8 11 2 1 
150,3.33446e-06,4.02416e-06,3.0228e-06,50,100,100,248498,10 5 3 0 6 9 4 7 8 11 2 1 
151,3.31423e-06,4.02416e-06,2.97452e-06,50,100,100,248498,10 5 3 0 6 9 4 7 8 11 2 1 
152,3.33312e-06,4.02416e-06,2.96415e-06,50,100,100,248498,10 5 3 0 6 9 4 7 8 11 2 1 
153,3.31613e-06,4.02416e-06,3.04039e-06,50,100,100,248498,10 5 3 0 6 9 4 7 8 11 2 1 
154,3.3157e-06,4.02416e-06,2.96237e-06,50,100,100,248498,10 5 3 0 6 9 4 7 8 11 2 1 
155,3.34429e-06,4.02416e-06,3.00289e-06,50,100,100,248498,10 5 3 0 6 9 4 7 8 11 2 1 
156,3.32637e-06,4.02416e-06,2.98213e-06,50,100,100,248498,10 5 3 0 6 9 4 7 8 11 2 1 
157,3.32215e-06,4.02416e-06,2.98081e-06,50,100,100,248498,10 5 3 0 6 9 4 7 8 11 2 1 
158,3.34231e-06,4.02416e-06,2.98145e-06,50,100,100,248498,10 5 3 0 6 9 4 7 8 11 2 1 
159,3.30936e-06,4.02416e-06,2.95495e-06,50,100,100,248498,10 5 3 0 6 9 4 7 8 11 2 1 
160,3.31579e-06,4.02416e-06,2.98401e-06,50,100,100,248498,10 5 3 0 6 9 4 7 8 11 2 1 
161,3.32601e-06,4.02416e-06,3.04847e-06,50,100,100,248498,10 5 3 0 6 9 4 7 8 11 2 1 
162,3.30403e-06,4.02416e-06,3.00483e-06,50,100,100,248498,10 5 3 0 6 9 4 7 8 11 2 1 
163,3.30479e-06,4.02416e-06,2.87336e-06,50,100,100,248498,10 5 3 0 6 9 4 7 8 11 2 1 
164,3.29753e-06,4.02416e-06,2.95929e-06,50,100,100,248498,10 5 3 0 6 9 4 7 8 11 2 1 
165,3.31942e-06,4.02416e-06,2.98074e-06,50,100,100,248498,10 5 3 0 6 9 4 7 8 11 2 1 
166,3.33413e-06,4.02416e-06,2.96496e-06,50,100,100,248498,10 5 3 0 6 9 4 7 8 11 2 1 
167,3.32214e-06,4.02416e-06,3.01931e-06,50,100,100,248498,10 5 3 0 6 9 4 7 8 11 2 1 
168,3.30247e-06,4.02416e-06,2.99927e-06,50,100,100,248498,10 5 3 0 6 9 4 7 8 11 2 1 
169,3.2788e-06,4.02416e-06,2.96136e-06,50,100,100,248498,10 5 3 0 6 9 4 7 8 11 2 1 
170,3.26869e-06,4.02416e-06,2.93965e-06,50,100,100,248498,10 5 3 0 6 9 4 7 8 11 2 1 
171,3.30992e-06,4.02416e-06,3.03305e-06,50,100,100,248498,10 5 3 0 6 9 4 7 8 11 2 1 
172,3.30521e-06,4.02416e-06,3.01053e-06,50,100,100,248498,10 5 3 0 6 9 4 7 8 11 2 1 
173,3.31628e-06,4.02416e-06,2.98592e-06,50,100,100,248498,10 5 3 0 6 9 4 7 8 11 2 1 
174,3.31602e-06,4.02416e-06,2.96622e-06,50,100,100,248498,10 5 3 0 6 9 4 7 8 11 2 1 
175,3.28896e-06,4.02416e-06,2.89937e-06,50,100,100,248498,10 5 3 0 6 9 4 7 8 11 2 1 
176,3.31881e-06,4.02416e-06,2.98092e-06,50,100,100,248498,10 5 3 0 6 9 4 7 8 11 2 1 
177,3.32477e-06,4.02416e-06,2.96389e-06,50,100,100,248498,10 5 3 0 6 9 4 7 8 11 2 1 
178,3.34551e-06,4.02416e-06,2.9428e-06,50,100,100,248498,10 5 3 0 6 9 4 7 8 11 2 1 
179,3.34808e-06,4.02416e-06,2.98163e-06,50,100,100,248498,10 5 3 0 6 9 4 7 8 11 2 1 
180,3.34794e-06,4.02416e-06,2.9721e-06,50,100,100,248498,10 5 3 0 6 9 4 7 8 11 2 1 
181,3.32586e-06,4.02416e-06,2.99919e-06,50,100,100,248498,10 5 3 0 6 9 4 7 8 11 2 1 
182,3.32829e-06,4.02416e-06,2.98186e-06,50,100,100,248498,10 5 3 0 6 9 4 7 8 11 2 1 
183,3.31698e-06,4.02416e-06,3.00119e-06,50,100,100,248498,10 5 3 0 6 9 4 7 8 11 2 1 
184,3.31945e-06,4.02416e-06,3.04989e-06,50,100,100,248498,10 5 3 0 6 9 4 7 8 11 2 1 
185,3.2901e-06,4.02416e-06,2.85508e-06,50,100,100,248498,10 5 3 0 6 9 4 7 8 11 2 1 
186,3.27347e-06,4.02416e-06,2.90749e-06,50,100,100,248498,10 5 3 0 6 9 4 7 8 11 2 1 
187,3.32319e-06,4.02416e-06,2.89321e-06,50,100,100,248498,10 5 3 0 6 9 4 7 8 11 2 1 
188,3.34268e-06,4.02416e-06,2.97636e-06,50,100,100,248498,10 5 3 0 6 9 4 7 8 11 2 1 
189,3.32169e-06,4.02416e-06,2.95983e-06,50,100,100,248498,10 5 3 0 6 9 4 7 8 11 2 1 
190,3.288e-06,4.02416e-06,2.94849e-06,50,100,100,248498,10 5 3 0 6 9 4 7 8 11 2 1 
191,3.32642e-06,4.02416e-06,3.00852e-06,50,100,100,248498,10 5 3 0 6 9 4 7 8 11 2 1 
192,3.27379e-06,4.02416e-06,2.99099e-06,50,100,100,248498,10 5 3 0 6 9 4 7 8 11 2 1 
193,3.31358e-06,4.02416e-06,2.99912e-06,50,100,100,248498,10 5 3 0 6 9 4 7 8 11 2 1 
194,3.31763e-06,4.02416e-06,2.90093e-06,50,100,100,248498,10 5 3 0 6 9 4 7 8 11 2 1 
195,3.33224e-06,4.11409e-06,3.03228e-06,50,100,100,243066,10 11 3 0 6 9 4 7 5 8 2 1 
196,3.29741e-06,4.11409e-06,2.98213e-06,50,100,100,243066,10 11 3 0 6 9 4 7 5 8 2 1 
197,3.2744e-06,4.11409e-06,2.8992e-06,50,100,100,243066,10 11 3 0 6 9 4 7 5 8 2 1 
198,3.27948e-06,4.11409e-06,2.88816e-06,50,100,100,243066,10 11 3 0 6 9 4 7 5 8 2 1 
199,3.27654e-06,4.11409e-06,2.96617e-06,50,100,100,243066,10 11 3 0 6 9 4 7 5 8 2 1 
200,3.32174e-06,4.11409e-06,3.0323e-06,50,100,100,243066,10 11 3 0 6 9 4 7 5 8 2 1 
201,3.32586e-06,4.11409e-06,2.92475e-06,50,100,100,243066,10 11 3 0 6 9 4 7 5 8 2 1 
202,3.32312e-06,4.11409e-06,3.00352e-06,50,100,100,243066,10 11 3 0 6 9 4 7 5 8 2 1 
203,3.32072e-06,4.11409e-06,2.94915e-06,50,100,100,243066,10 11 3 0 6 9 4 7 5 8 2 1 
204,3.33079e-06,4.11409e-06,2.99404e-06,50,100,100,243066,10 11 3 0 6 9 4 7 5 8 2 1 
205,3.31029e-06,4.11409e-06,2.97992e-06,50,100,100,243066,10 11 3 0 6 9 4 7 5 8 2 1 
206,3.31014e-06,4.11409e-06,2.99327e-06,50,100,100,243066,10 11 3 0 6 9 4 7 5 8 2 1 
207,3.31483e-06,4.11409e-06,2.9707e-06,50,100,100,243066,10 11 3 0 6 9 4 7 5 8 2 1 
208,3.31833e-06,4.11409e-06,2.86747e-06,50,100,100,243066,10 11 3 0 6 9 4 7 5 8 2 1 
209,3.3188e-06,4.11409e-06,3.00925e-06,50,100,100,243066,10 11 3 0 6 9 4 7 5 8 2 1 
210,3.30874e-06,4.11409e-06,2.98375e-06,50,100,100,243066,10 11 3 0 6 9 4 7 5 8 2 1 
211,3.34769e-06,4.11409e-06,2.98158e-06,50,100,100,243066,10 11 3 0 6 9 4 7 5 8 2 1 
212,3.32569e-06,4.11409e-06,2.9307e-06,50,100,100,243066,10 11 3 0 6 9 4 7 5 8 2 1 
213,3.33148e-06,4.11409e-06,2.93201e-06,50,100,100,243066,10 11 3 0 6 9 4 7 5 8 2 1 
214,3.32246e-06,4.11409e-06,3.01313e-06,50,100,100,243066,10 11 3 0 6 9 4 7 5 8 2 1 
215,3.29999e-06,4.11409e-06,2.95134e-06,50,100,100,243066,10 11 3 0 6 9 4 7 5 8 2 1 
216,3.30951e-06,4.11409e-06,2.94751e-06,50,100,100,243066,10 11 3 0 6 9 4 7 5 8 2 1 
217,3.32669e-06,4.11409e-06,2.98498e-06,50,100,100,243066,10 11 3 0 6 9 4 7 5 8 2 1 
218,3.32115e-06,4.11409e-06,2.99187e-06,50,100,100,243066,10 11 3 0 6 9 4 7 5 8 2 1 
219,3.35125e-06,4.11409e-06,2.97418e-06,50,100,100,243066,10 11 3 0 6 9 4 7 5 8 2 1 
220,3.30641e-06,4.11409e-06,2.97197e-06,50,100,100,243066,10 11 3 0 6 9 4 7 5 8 2 1 
221,3.31201e-06,4.11409e-06,3.03371e-06,50,100,100,243066,10 11 3 0 6 9 4 7 5 8 2 1 
222,3.3435e-06,4.19951e-06,2.9182e-06,50,100,100,238122,10 11 3 0 6 9 4 7 8 5 2 1 
223,3.30919e-06,4.19951e-06,2.98617e-06,50,100,100,238122,10 11 3 0 6 9 4 7 8 5 2 1 
224,3.31859e-06,4.19951e-06,2.95314e-06,50,100,100,238122,10 11 3 0 6 9 4 7 8 5 2 1 
225,3.32816e-06,4.19951e-06,2.96906e-06,50,100,100,238122,10 11 3 0 6 9 4 7 8 5 2 1 
226,3.30398e-06,4.19951e-06,2.9408e-06,50,100,100,238122,10 11 3 0 6 9 4 7 8 5 2 1 
227,3.31515e-06,4.19951e-06,3.0484e-06,50,100,100,238122,10 11 3 0 6 9 4 7 8 5 2 1 
228,3.33571e-06,4.19951e-06,3.0122e-06,50,100,100,238122,10 11 3 0 6 9 4 7 8 5 2 1 
229,3.33112e-06,4.19951e-06,2.98001e-06,50,100,100,238122,10 11 3 0 6 9 4 7 8 5 2 1 
230,3.34427e-06,4.19951e-06,2.92325e-06,50,100,100,238122,10 11 3 0 6 9 4 7 8 5 2 1 
231,3.33654e-06,4.19951e-06,2.96962e-06,50,100,100,238122,10 11 3 0 6 9 4 7 8 5 2 1 
232,3.31153e-06,4.19951e-06,2.90871e-06,50,100,100,238122,10 11 3 0 6 9 4 7 8 5 2 1 
233,3.339e-06,4.19951e-06,2.93289e-06,50,100,100,238122,10 11 3 0 6 9 4 7 8 5 2 1 
234,3.34241e-06,4.19951e-06,2.96513e-06,50,100,100,238122,10 11 3 0 6 9 4 7 8 5 2 1 
235,3.33048e-06,4.19951e-06,2.98026e-06,50,100,100,238122,10 11 3 0 6 9 4 7 8 5 2 1 
236,3.3322e-06,4.19951e-06,3.02736e-06,50,100,100,238122,10 11 3 0 6 9 4 7 8 5 2 1 
237,3.33457e-06,4.19951e-06,3.00334e-06,50,100,100,238122,10 11 3 0 6 9 4 7 8 5 2 1 
238,3.33015e-06,4.19951e-06,2.98774e-06,50,100,100,238122,10 11 3 0 6 9 4 7 8 5 2 1 
239,3.33091e-06,4.19951e-06,3.04937e-06,50,100,100,238122,10 11 3 0 6 9 4 7 8 5 2 1 
240,3.34783e-06,4.19951e-06,3.01387e-06,50,100,100,238122,10 11 3 0 6 9 4 7 8 5 2 1 
241,3.38488e-06,4.19951e-06,3.06874e-06,50,100,100,238122,10 11 3 0 6 9 4 7 8 5 2 1 
242,3.35974e-06,4.19951e-06,2.95527e-06,50,100,100,238122,10 11 3 0 6 9 4 7 8 5 2 1 
243,3.3413e-06,4.19951e-06,2.96765e-06,50,100,100,238122,10 11 3 0 6 9 4 7 8 5 2 1 
244,3.30652e-06,4.19951e-06,2.91256e-06,50,100,100,238122,10 11 3 0 6 9 4 7 8 5 2 1 
245,3.3506e-06,4.19951e-06,2.94718e-06,50,100,100,238122,10 11 3 0 6 9 4 7 8 5 2 1 
246,3.32891e-06,4.19951e-06,2.97021e-06,50,100,100,238122,10 11 3 0 6 9 4 7 8 5 2 1 
247,3.32834e-06,4.19951e-06,3.01344e-06,50,100,100,238122,10 11 3 0 6 9 4 7 8 5 2 1 
248,3.34883e-06,4.19951e-06,3.01382e-06,50,100,100,238122,10 11 3 0 6 9 4 7 8 5 2 1 
249,3.33982e-06,4.19951e-06,2.97081e-06,50,100,100,238122,10 11 3 0 6 9 4 7 8 5 2 1 
250,3.33349e-06,4.19951e-06,3.00469e-06,50,100,100,238122,10 11 3 0 6 9 4 7 8 5 2 1 
251,3.31798e-06,4.19951e-06,2.9817e-06,50,100,100,238122,10 11 3 0 6 9 4 7 8 5 2 1 
252,3.30336e-06,4.19951e-06,2.92048e-06,50,100,100,238122,10 11 3 0 6 9 4 7 8 5 2 1 
253,3.27857e-06,4.19951e-06,2.96691e-06,50,100,100,238122,10 11 3 0 6 9 4 7 8 5 2 1 
254,3.32109e-06,4.19951e-06,2.91597e-06,50,100,100,238122,10 11 3 0 6 9 4 7 8 5 2 1 
255,3.27644e-06,4.19951e-06,2.9632e-06,50,100,100,238122,10 11 3 0 6 9 4 7 8 5 2 1 
256,3.29716e-06,4.19951e-06,2.93401e-06,50,100,100,238122,10 11 3 0 6 9 4 7 8 5 2 1 
257,3.32579e-06,4.19951e-06,3.03452e-06,50,100,100,238122,10 11 3 0 6 9 4 7 8 5 2 1 
258,3.31928e-06,4.19951e-06,2.99693e-06,50,100,100,238122,10 11 3 0 6 9 4 7 8 5 2 1 
259,3.29161e-06,4.19951e-06,2.92207e-06,50,100,100,238122,10 11 3 0 6 9 4 7 8 5 2 1 
260,3.28332e-06,4.19951e-06,2.94866e-06,50,100,100,238122,10 11 3 0 6 9 4 7 8 5 2 1 
261,3.31447e-06,4.19951e-06,2.894e-06,50,100,100,238122,10 11 3 0 6 9 4 7 8 5 2 1 
262,3.31315e-06,4.19951e-06,2.9915e-06,50,100,100,238122,10 11 3 0 6 9 4 7 8 5 2 1 
263,3.33279e-06,4.19951e-06,3.02181e-06,50,100,100,238122,10 11 3 0 6 9 4 7 8 5 2 1 
264,3.35259e-06,4.19951e-06,3.03908e-06,50,100,100,238122,10 11 3 0 6 9 4 7 8 5 2 1 
265,3.37058e-06,4.19951e-06,3.01595e-06,50,100,100,238122,10 11 3 0 6 9 4 7 8 5 2 1 
266,3.36048e-06,4.19951e-06,2.96705e-06,50,100,100,238122,10 11 3 0 6 9 4 7 8 5 2 1 
267,3.36121e-06,4.19951e-06,3.0178e-06,50,100,100,238122,10 11 3 0 6 9 4 7 8 5 2 1 
268,3.32756e-06,4.19951e-06,3.0031e-06,50,100,100,238122,10 11 3 0 6 9 4 7 8 5 2 1 
269,3.33446e-06,4.19951e-06,2.94278e-06,50,100,100,238122,10 11 3 0 6 9 4 7 8 5 2 1 
270,3.33152e-06,4.19951e-06,3.02359e-06,50,100,100,238122,10 11 3 0 6 9 4 7 8 5 2 1 
271,3.33717e-06,4.19951e-06,3.01908e-06,50,100,100,238122,10 11 3 0 6 9 4 7 8 5 2 1 
272,3.36217e-06,4.19951e-06,3.02207e-06,50,100,100,238122,10 11 3 0 6 9 4 7 8 5 2 1 
273,3.33158e-06,4.19951e-06,2.93356e-06,50,100,100,238122,10 11 3 0 6 9 4 7 8 5 2 1 
274,3.3396e-06,4.19951e-06,2.96902e-06,50,100,100,238122,10 11 3 0 6 9 4 7 8 5 2 1 
275,3.34955e-06,4.19951e-06,3.02608e-06,50,100,100,238122,10 11 3 0 6 9 4 7 8 5 2 1 
276,3.35734e-06,4.19951e-06,2.99619e-06,50,100,100,238122,10 11 3 0 6 9 4 7 8 5 2 1 
277,3.35797e-06,4.19951e-06,2.91735e-06,50,100,100,238122,10 11 3 0 6 9 4 7 8 5 2 1 
278,3.34885e-06,4.19951e-06,2.99623e-06,50,100,100,238122,10 11 3 0 6 9 4 7 8 5 2 1 
279,3.35362e-06,4.19951e-06,3.04788e-06,50,100,100,238122,10 11 3 0 6 9 4 7 8 5 2 1 
280,3.32813e-06,4.19951e-06,3.02839e-06,50,100,100,238122,10 11 3 0 6 9 4 7 8 5 2 1 
281,3.34379e-06,4.19951e-06,3.07451e-06,50,100,100,238122,10 11 3 0 6 9 4 7 8 5 2 1 
282,3.35457e-06,4.19951e-06,3.03902e-06,50,100,100,238122,10 11 3 0 6 9 4 7 8 5 2 1 
283,3.35229e-06,4.19951e-06,2.98005e-06,50,100,100,238122,10 11 3 0 6 9 4 7 8 5 2 1 
284,3.34726e-06,4.19951e-06,2.97015e-06,50,100,100,238122,10 11 3 0 6 9 4 7 8 5 2 1 
285,3.34487e-06,4.19951e-06,3.02077e-06,50,100,100,238122,10 11 3 0 6 9 4 7 8 5 2 1 
286,3.31859e-06,4.19951e-06,2.95054e-06,50,100,100,238122,10 11 3 0 6 9 4 7 8 5 2 1 
287,3.34224e-06,4.19951e-06,2.99546e-06,50,100,100,238122,10 11 3 0 6 9 4 7 8 5 2 1 
288,3.31921e-06,4.19951e-06,3.01324e-06,50,100,100,238122,10 11 3 0 6 9 4 7 8 5 2 1 
289,3.35312e-06,4.19951e-06,3.04087e-06,50,100,100,238122,10 11 3 0 6 9 4 7 8 5 2 1 
290,3.33002e-06,4.19951e-06,2.92441e-06,50,100,100,238122,10 11 3 0 6 9 4 7 8 5 2 1 
291,3.32421e-06,4.19951e-06,2.99427e-06,50,100,100,238122,10 11 3 0 6 9 4 7 8 5 2 1 
292,3.29123e-06,4.19951e-06,2.9287e-06,50,100,100,238122,10 11 3 0 6 9 4 7 8 5 2 1 
293,3.29909e-06,4.19951e-06,2.92823e-06,50,100,100,238122,10 11 3 0 6 9 4 7 8 5 2 1 
294,3.3327e-06,4.19951e-06,3.02492e-06,50,100,100,238122,10 11 3 0 6 9 4 7 8 5 2 1 
295,3.33213e-06,4.26692e-06,3.00791e-06,50,100,100,234360,10 11 3 0 6 9 4 8 7 5 2 1 
296,3.31487e-06,4.26692e-06,2.88908e-06,50,100,100,234360,10 11 3 0 6 9 4 8 7 5 2 1 
297,3.3268e-06,4.26692e-06,2.97162e-06,50,100,100,234360,10 11 3 0 6 9 4 8 7 5 2 1 
298,3.32021e-06,4.26692e-06,2.9406e-06,50,100,100,234360,10 11 3 0 6 9 4 8 7 5 2 1 
299,3.31697e-06,4.26692e-06,2.94671e-06,50,100,100,234360,10 11 3 0 6 9 4 8 7 5 2 1 
300,3.34962e-06,4.26692e-06,3.01675e-06,50,100,100,234360,10 11 3 0 6 9 4 8 7 5 2 1 
301,3.32391e-06,4.26692e-06,2.91509e-06,50,100,100,234360,10 11 3 0 6 9 4 8 7 5 2 1 
302,3.32542e-06,4.26692e-06,3.04124e-06,50,100,100,234360,10 11 3 0 6 9 4 8 7 5 2 1 
303,3.30934e-06,4.26692e-06,2.97169e-06,50,100,100,234360,10 11 3 0 6 9 4 8 7 5 2 1 
304,3.30131e-06,4.26692e-06,2.92724e-06,50,100,100,234360,10 11 3 0 6 9 4 8 7 5 2 1 
305,3.29662e-06,4.26692e-06,2.94963e-06,50,100,100,234360,10 11 3 0 6 9 4 8 7 5 2 1 
306,3.31525e-06,4.26692e-06,2.99359e-06,50,100,100,234360,10 11 3 0 6 9 4 8 7 5 2 1 
307,3.31219e-06,4.26692e-06,2.99157e-06,50,100,100,234360,10 11 3 0 6 9 4 8 7 5 2 1 
308,3.25339e-06,4.26692e-06,2.93599e-06,50,100,100,234360,10 11 3 0 6 9 4 8 7 5 2 1 
309,3.2631e-06,4.26692e-06,2.98261e-06,50,100,100,234360,10 11 3 0 6 9 4 8 7 5 2 1 
310,3.26355e-06,4.26692e-06,2.99302e-06,50,100,100,234360,10 11 3 0 6 9 4 8 7 5 2 1 
311,3.26807e-06,4.26692e-06,2.9701e-06,50,100,100,234360,10 11 3 0 6 9 4 8 7 5 2 1 
312,3.30765e-06,4.26692e-06,3.0346e-06,50,100,100,234360,10 11 3 0 6 9 4 8 7 5 2 1 
313,3.33461e-06,4.26692e-06,2.98974e-06,50,100,100,234360,10 11 3 0 6 9 4 8 7 5 2 1 
314,3.3058e-06,4.26692e-06,2.99824e-06,50,100,100,234360,10 11 3 0 6 9 4 8 7 5 2 1 
315,3.30781e-06,4.26692e-06,2.96311e-06,50,100,100,234360,10 11 3 0 6 9 4 8 7 5 2 1 
316,3.29305e-06,4.26692e-06,2.93077e-06,50,100,100,234360,10 11 3 0 6 9 4 8 7 5 2 1 
317,3.3236e-06,4.26692e-06,2.99941e-06,50,100,100,234360,10 11 3 0 6 9 4 8 7 5 2 1 
318,3.31868e-06,4.26692e-06,2.98464e-06,50,100,100,234360,10 11 3 0 6 9 4 8 7 5 2 1 
319,3.29624e-06,4.26692e-06,2.93923e-06,50,100,100,234360,10 11 3 0 6 9 4 8 7 5 2 1 
320,3.28472e-06,4.26692e-06,3.00879e-06,50,100,100,234360,10 11 3 0 6 9 4 8 7 5 2 1 
321,3.28841e-06,4.26692e-06,2.97561e-06,50,100,100,234360,10 11 3 0 6 9 4 8 7 5 2 1 
322,3.3125e-06,4.26692e-06,2.94229e-06,50,100,100,234360,10 11 3 0 6 9 4 8 7 5 2 1 
323,3.31476e-06,4.26692e-06,2.98731e-06,50,100,100,234360,10 11 3 0 6 9 4 8 7 5 2 1 
324,3.31671e-06,4.26692e-06,2.96192e-06,50,100,100,234360,10 11 3 0 6 9 4 8 7 5 2 1 
325,3.29028e-06,4.26692e-06,2.97554e-06,50,100,100,234360,10 11 3 0 6 9 4 8 7 5 2 1 
326,3.3015e-06,4.26692e-06,2.99907e-06,50,100,100,234360,10 11 3 0 6 9 4 8 7 5 2 1 
327,3.30175e-06,4.26692e-06,2.92986e-06,50,100,100,234360,10 11 3 0 6 9 4 8 7 5 2 1 
328,3.31977e-06,4.26692e-06,2.94854e-06,50,100,100,234360,10 11 3 0 6 9 4 8 7 5 2 1 
329,3.32765e-06,4.26692e-06,2.91398e-06,50,100,100,234360,10 11 3 0 6 9 4 8 7 5 2 1 
330,3.34968e-06,4.26692e-06,3.07219e-06,50,100,100,234360,10 11 3 0 6 9 4 8 7 5 2 1 
331,3.29729e-06,4.26692e-06,2.96557e-06,50,100,100,234360,10 11 3 0 6 9 4 8 7 5 2 1 
332,3.30686e-06,4.26692e-06,2.93787e-06,50,100,100,234360,10 11 3 0 6 9 4 8 7 5 2 1 
333,3.31433e-06,4.26692e-06,2.96633e-06,50,100,100,234360,10 11 3 0 6 9 4 8 7 5 2 1 
334,3.32934e-06,4.26692e-06,3.02595e-06,50,100,100,234360,10 11 3 0 6 9 4 8 7 5 2 1 
335,3.33519e-06,4.26692e-06,3.01868e-06,50,100,100,234360,10 11 3 0 6 9 4 8 7 5 2 1 
336,3.34749e-06,4.26692e-06,2.91359e-06,50,100,100,234360,10 11 3 0 6 9 4 8 7 5 2 1 
337,3.35425e-06,4.26692e-06,2.99537e-06,50,100,100,234360,10 11 3 0 6 9 4 8 7 5 2 1 
338,3.33947e-06,4.26692e-06,3.01828e-06,50,100,100,234360,10 11 3 0 6 9 4 8 7 5 2 1 
339,3.35557e-06,4.26692e-06,3.0388e-06,50,100,100,234360,10 11 3 0 6 9 4 8 7 5 2 1 
340,3.31596e-06,4.26692e-06,2.96624e-06,50,100,100,234360,10 11 3 0 6 9 4 8 7 5 2 1 
341,3.33692e-06,4.26692e-06,2.93851e-06,50,100,100,234360,10 11 3 0 6 9 4 8 7 5 2 1 
342,3.38843e-06,4.26692e-06,2.83882e-06,50,100,100,234360,10 11 3 0 6 9 4 8 7 5 2 1 
343,3.33567e-06,4.26692e-06,2.99402e-06,50,100,100,234360,10 11 3 0 6 9 4 8 7 5 2 1 
344,3.34225e-06,4.26692e-06,2.96269e-06,50,100,100,234360,10 11 3 0 6 9 4 8 7 5 2 1 
345,3.37769e-06,4.26692e-06,3.04104e-06,50,100,100,234360,10 11 3 0 6 9 4 8 7 5 2 1 
346,3.35924e-06,4.26692e-06,3.05428e-06,50,100,100,234360,10 11 3 0 6 9 4 8 7 5 2 1 
347,3.37863e-06,4.26692e-06,2.98275e-06,50,100,100,234360,10 11 3 0 6 9 4 8 7 5 2 1 
348,3.33777e-06,4.26692e-06,3.04881e-06,50,100,100,234360,10 11 3 0 6 9 4 8 7 5 2 1 
349,3.34606e-06,4.26692e-06,3.04929e-06,50,100,100,234360,10 11 3 0 6 9 4 8 7 5 2 1 
350,3.32397e-06,4.26692e-06,2.96483e-06,50,100,100,234360,10 11 3 0 6 9 4 8 7 5 2 1 
351,3.31763e-06,4.26692e-06,2.97462e-06,50,100,100,234360,10 11 3 0 6 9 4 8 7 5 2 1 
352,3.33773e-06,4.26692e-06,2.93352e-06,50,100,100,234360,10 11 3 0 6 9 4 8 7 5 2 1 
353,3.35804e-06,4.26692e-06,2.984e-06,50,100,100,234360,10 11 3 0 6 9 4 8 7 5 2 1 
354,3.34656e-06,4.26692e-06,2.94309e-06,50,100,100,234360,10 11 3 0 6 9 4 8 7 5 2 1 
355,3.38133e-06,4.26692e-06,2.99704e-06,50,100,100,234360,10 11 3 0 6 9 4 8 7 5 2 1 
356,3.36615e-06,4.26692e-06,3.03182e-06,50,100,100,234360,10 11 3 0 6 9 4 8 7 5 2 1 
357,3.36824e-06,4.26692e-06,3.02938e-06,50,100,100,234360,10 11 3 0 6 9 4 8 7 5 2 1 
358,3.3867e-06,4.26692e-06,2.89098e-06,50,100,100,234360,10 11 3 0 6 9 4 8 7 5 2 1 
359,3.37119e-06,4.26692e-06,3.02026e-06,50,100,100,234360,10 11 3 0 6 9 4 8 7 5 2 1 
360,3.38125e-06,4.26692e-06,2.9785e-06,50,100,100,234360,10 11 3 0 6 9 4 8 7 5 2 1 
361,3.37656e-06,4.26692e-06,3.00774e-06,50,100,100,234360,10 11 3 0 6 9 4 8 7 5 2 1 
362,3.36511e-06,4.26692e-06,2.98801e-06,50,100,100,234360,10 11 3 0 6 9 4 8 7 5 2 1 
363,3.32556e-06,4.26692e-06,3.03721e-06,50,100,100,234360,10 11 3 0 6 9 4 8 7 5 2 1 
364,3.35487e-06,4.26692e-06,2.99936e-06,50,100,100,234360,10 11 3 0 6 9 4 8 7 5 2 1 
365,3.35305e-06,4.26692e-06,2.96266e-06,50,100,100,234360,10 11 3 0 6 9 4 8 7 5 2 1 
366,3.35445e-06,4.26692e-06,3.06015e-06,50,100,100,234360,10 11 3 0 6 9 4 8 7 5 2 1 
367,3.34744e-06,4.26692e-06,2.95899e-06,50,100,100,234360,10 11 3 0 6 9 4 8 7 5 2 1 
368,3.3492e-06,4.26692e-06,2.98343e-06,50,100,100,234360,10 11 3 0 6 9 4 8 7 5 2 1 
369,3.36224e-06,4.26692e-06,2.97448e-06,50,100,100,234360,10 11 3 0 6 9 4 8 7 5 2 1 
370,3.3508e-06,4.26692e-06,3.03795e-06,50,100,100,234360,10 11 3 0 6 9 4 8 7 5 2 1 
371,3.33801e-06,4.26692e-06,3.01678e-06,50,100,100,234360,10 11 3 0 6 9 4 8 7 5 2 1 
372,3.34532e-06,4.26692e-06,3.01933e-06,50,100,100,234360,10 11 3 0 6 9 4 8 7 5 2 1 
373,3.33103e-06,4.26692e-06,2.94143e-06,50,100,100,234360,10 11 3 0 6 9 4 8 7 5 2 1 
374,3.32831e-06,4.26692e-06,3.0188e-06,50,100,100,234360,10 11 3 0 6 9 4 8 7 5 2 1 
375,3.33551e-06,4.26692e-06,2.96547e-06,50,100,100,234360,10 11 3 0 6 9 4 8 7 5 2 1 
376,3.31628e-06,4.26692e-06,3.00536e-06,50,100,100,234360,10 11 3 0 6 9 4 8 7 5 2 1 
377,3.31701e-06,4.26692e-06,2.99657e-06,50,100,100,234360,10 11 3 0 6 9 4 8 7 5 2 1 
378,3.31434e-06,4.26692e-06,2.96046e-06,50,100,100,234360,10 11 3 0 6 9 4 8 7 5 2 1 
379,3.30634e-06,4.26692e-06,2.97204e-06,50,100,100,234360,10 11 3 0 6 9 4 8 7 5 2 1 
380,3.32795e-06,4.26692e-06,2.96508e-06,50,100,100,234360,10 11 3 0 6 9 4 8 7 5 2 1 
381,3.33471e-06,4.26692e-06,2.99323e-06,50,100,100,234360,10 11 3 0 6 9 4 8 7 5 2 1 
382,3.35812e-06,4.26692e-06,2.94892e-06,50,100,100,234360,10 11 3 0 6 9 4 8 7 5 2 1 
383,3.3318e-06,4.26692e-06,3.03751e-06,50,100,100,234360,10 11 3 0 6 9 4 8 7 5 2 1 
384,3.30863e-06,4.26692e-06,2.88235e-06,50,100,100,234360,10 11 3 0 6 9 4 8 7 5 2 1 
385,3.31315e-06,4.26692e-06,2.92979e-06,50,100,100,234360,10 11 3 0 6 9 4 8 7 5 2 1 
386,3.33048e-06,4.26692e-06,2.97241e-06,50,100,100,234360,10 11 3 0 6 9 4 8 7 5 2 1 
387,3.31943e-06,4.26692e-06,2.92628e-06,50,100,100,234360,10 11 3 0 6 9 4 8 7 5 2 1 
388,3.33439e-06,4.26692e-06,2.97873e-06,50,100,100,234360,10 11 3 0 6 9 4 8 7 5 2 1 
389,3.34738e-06,4.26692e-06,3.02408e-06,50,100,100,234360,10 11 3 0 6 9 4 8 7 5 2 1 
390,3.33761e-06,4.26692e-06,2.96527e-06,50,100,100,234360,10 11 3 0 6 9 4 8 7 5 2 1 
391,3.32965e-06,4.26692e-06,3.01952e-06,50,100,100,234360,10 11 3 0 6 9 4 8 7 5 2 1 
392,3.32142e-06,4.26692e-06,2.96603e-06,50,100,100,234360,10 11 3 0 6 9 4 8 7 5 2 1 
393,3.32535e-06,4.26692e-06,2.96109e-06,50,100,100,234360,10 11 3 0 6 9 4 8 7 5 2 1 
394,3.33813e-06,4.26692e-06,3.03976e-06,50,100,100,234360,10 11 3 0 6 9 4 8 7 5 2 1 
395,3.36043e-06,4.26692e-06,2.95296e-06,50,100,100,234360,10 11 3 0 6 9 4 8 7 5 2 1 
396,3.3352e-06,4.26692e-06,2.96554e-06,50,100,100,234360,10 11 3 0 6 9 4 8 7 5 2 1 
397,3.31752e-06,4.26692e-06,3.01824e-06,50,100,100,234360,10 11 3 0 6 9 4 8 7 5 2 1 
398,3.29305e-06,4.26692e-06,2.92983e-06,50,100,100,234360,10 11 3 0 6 9 4 8 7 5 2 1 
399,3.32102e-06,4.26692e-06,2.98794e-06,50,100,100,234360,10 11 3 0 6 9 4 8 7 5 2 1 
400,3.32331e-06,4.26692e-06,3.03845e-06,50,100,100,234360,10 11 3 0 6 9 4 8 7 5 2 1 
401,3.29816e-06,4.26692e-06,2.95319e-06,50,100,100,234360,10 11 3 0 6 9 4 8 7 5 2 1 
402,3.35101e-06,4.26692e-06,3.04133e-06,50,100,100,234360,10 11 3 0 6 9 4 8 7 5 2 1 
403,3.34089e-06,4.26692e-06,2.94144e-06,50,100,100,234360,10 11 3 0 6 9 4 8 7 5 2 1 
404,3.34483e-06,4.26692e-06,3.00103e-06,50,100,100,234360,10 11 3 0 6 9 4 8 7 5 2 1 
405,3.34824e-06,4.26692e-06,3.04209e-06,50,100,100,234360,10 11 3 0 6 9 4 8 7 5 2 1 
406,3.3375e-06,4.26692e-06,3.02828e-06,50,100,100,234360,10 11 3 0 6 9 4 8 7 5 2 1 
407,3.32366e-06,4.26692e-06,2.931e-06,50,100,100,234360,10 11 3 0 6 9 4 8 7 5 2 1 
408,3.31803e-06,4.26692e-06,2.93459e-06,50,100,100,234360,10 11 3 0 6 9 4 8 7 5 2 1 
409,3.34171e-06,4.26692e-06,3.01157e-06,50,100,100,234360,10 11 3 0 6 9 4 8 7 5 2 1 
410,3.31765e-06,4.26692e-06,2.97096e-06,50,100,100,234360,10 11 3 0 6 9 4 8 7 5 2 1 
411,3.36086e-06,4.26692e-06,3.03184e-06,50,100,100,234360,10 11 3 0 6 9 4 8 7 5 2 1 
412,3.38684e-06,4.26692e-06,3.0578e-06,50,100,100,234360,10 11 3 0 6 9 4 8 7 5 2 1 
413,3.38687e-06,4.26692e-06,3.00959e-06,50,100,100,234360,10 11 3 0 6 9 4 8 7 5 2 1 
414,3.40403e-06,4.26692e-06,2.96672e-06,50,100,100,234360,10 11 3 0 6 9 4 8 7 5 2 1 
415,3.37581e-06,4.26692e-06,2.96668e-06,50,100,100,234360,10 11 3 0 6 9 4 8 7 5 2 1 
416,3.34949e-06,4.26692e-06,2.95698e-06,50,100,100,234360,10 11 3 0 6 9 4 8 7 5 2 1 
417,3.35677e-06,4.26692e-06,2.98999e-06,50,100,100,234360,10 11 3 0 6 9 4 8 7 5 2 1 
418,3.35042e-06,4.26692e-06,2.97213e-06,50,100,100,234360,10 11 3 0 6 9 4 8 7 5 2 1 
419,3.3387e-06,4.26692e-06,2.98296e-06,50,100,100,234360,10 11 3 0 6 9 4 8 7 5 2 1 
420,3.339e-06,4.26692e-06,2.9689e-06,50,100,100,234360,10 11 3 0 6 9 4 8 7 5 2 1 
421,3.32349e-06,4.26692e-06,2.95162e-06,50,100,100,234360,10 11 3 0 6 9 4 8 7 5 2 1 
422,3.29897e-06,4.26692e-06,2.9322e-06,50,100,100,234360,10 11 3 0 6 9 4 8 7 5 2 1 
423,3.34711e-06,4.26692e-06,2.9384e-06,50,100,100,234360,10 11 3 0 6 9 4 8 7 5 2 1 
424,3.37277e-06,4.26692e-06,2.96366e-06,50,100,100,234360,10 11 3 0 6 9 4 8 7 5 2 1 
425,3.34663e-06,4.26692e-06,3.00695e-06,50,100,100,234360,10 11 3 0 6 9 4 8 7 5 2 1 
426,3.35163e-06,4.26692e-06,3.02653e-06,50,100,100,234360,10 11 3 0 6 9 4 8 7 5 2 1 
427,3.38018e-06,4.26692e-06,2.99772e-06,50,100,100,234360,10 11 3 0 6 9 4 8 7 5 2 1 
428,3.4028e-06,4.26692e-06,2.98922e-06,50,100,100,234360,10 11 3 0 6 9 4 8 7 5 2 1 
429,3.40329e-06,4.26692e-06,3.05061e-06,50,100,100,234360,10 11 3 0 6 9 4 8 7 5 2 1 
430,3.39604e-06,4.26692e-06,3.01513e-06,50,100,100,234360,10 11 3 0 6 9 4 8 7 5 2 1 
431,3.35364e-06,4.26692e-06,2.95911e-06,50,100,100,234360,10 11 3 0 6 9 4 8 7 5 2 1 
432,3.35125e-06,4.26692e-06,2.93575e-06,50,100,100,234360,10 11 3 0 6 9 4 8 7 5 2 1 
433,3.35369e-06,4.26692e-06,3.00175e-06,50,100,100,234360,10 11 3 0 6 9 4 8 7 5 2 1 
434,3.37135e-06,4.26692e-06,3.01033e-06,50,100,100,234360,10 11 3 0 6 9 4 8 7 5 2 1 
435,3.38303e-06,4.26692e-06,2.97955e-06,50,100,100,234360,10 11 3 0 6 9 4 8 7 5 2 1 
436,3.3833e-06,4.26692e-06,3.01416e-06,50,100,100,234360,10 11 3 0 6 9 4 8 7 5 2 1 
437,3.35463e-06,4.26692e-06,2.97748e-06,50,100,100,234360,10 11 3 0 6 9 4 8 7 5 2 1 
438,3.38847e-06,4.26692e-06,3.05369e-06,50,100,100,234360,10 11 3 0 6 9 4 8 7 5 2 1 
439,3.35754e-06,4.26692e-06,2.99074e-06,50,100,100,234360,10 11 3 0 6 9 4 8 7 5 2 1 
440,3.37934e-06,4.26692e-06,3.08259e-06,50,100,100,234360,10 11 3 0 6 9 4 8 7 5 2 1 
441,3.37999e-06,4.26692e-06,3.00272e-06,50,100,100,234360,10 11 3 0 6 9 4 8 7 5 2 1 
442,3.37251e-06,4.26692e-06,3.01444e-06,50,100,100,234360,10 11 3 0 6 9 4 8 7 5 2 1 
443,3.35666e-06,4.26692e-06,2.98844e-06,50,100,100,234360,10 11 3 0 6 9 4 8 7 5 2 1 
444,3.36182e-06,4.26692e-06,2.92894e-06,50,100,100,234360,10 11 3 0 6 9 4 8 7 5 2 1 
445,3.38696e-06,4.26692e-06,3.03331e-06,50,100,100,234360,10 11 3 0 6 9 4 8 7 5 2 1 
446,3.36135e-06,4.26692e-06,3.08435e-06,50,100,100,234360,10 11 3 0 6 9 4 8 7 5 2 1 
447,3.41502e-06,4.26692e-06,3.00691e-06,50,100,100,234360,10 11 3 0 6 9 4 8 7 5 2 1 
448,3.40191e-06,4.26692e-06,3.04256e-06,50,100,100,234360,10 11 3 0 6 9 4 8 7 5 2 1 
449,3.41603e-06,4.26692e-06,2.91961e-06,50,100,100,234360,10 11 3 0 6 9 4 8 7 5 2 1 
450,3.40074e-06,4.26692e-06,2.92559e-06,50,100,100,234360,10 11 3 0 6 9 4 8 7 5 2 1 
451,3.38135e-06,4.26692e-06,2.97222e-06,50,100,100,234360,10 11 3 0 6 9 4 8 7 5 2 1 
452,3.38738e-06,4.26692e-06,3.03393e-06,50,100,100,234360,10 11 3 0 6 9 4 8 7 5 2 1 
453,3.39094e-06,4.26692e-06,3.03145e-06,50,100,100,234360,10 11 3 0 6 9 4 8 7 5 2 1 
454,3.4276e-06,4.26692e-06,2.99589e-06,50,100,100,234360,10 11 3 0 6 9 4 8 7 5 2 1 
455,3.45192e-06,4.26692e-06,2.97577e-06,50,100,100,234360,10 11 3 0 6 9 4 8 7 5 2 1 
456,3.44058e-06,4.26692e-06,3.02167e-06,50,100,100,234360,10 11 3 0 6 9 4 8 7 5 2 1 
457,3.41599e-06,4.26692e-06,3.05359e-06,50,100,100,234360,10 11 3 0 6 9 4 8 7 5 2 1 
458,3.42986e-06,4.26692e-06,2.97897e-06,50,100,100,234360,10 11 3 0 6 9 4 8 7 5 2 1 
459,3.3973e-06,4.26692e-06,2.99562e-06,50,100,100,234360,10 11 3 0 6 9 4 8 7 5 2 1 
460,3.42132e-06,4.26692e-06,3.03473e-06,50,100,100,234360,10 11 3 0 6 9 4 8 7 5 2 1 
461,3.41581e-06,4.26692e-06,3.08593e-06,50,100,100,234360,10 11 3 0 6 9 4 8 7 5 2 1 
462,3.39273e-06,4.26692e-06,3.03154e-06,50,100,100,234360,10 11 3 0 6 9 4 8 7 5 2 1 
463,3.40858e-06,4.26692e-06,2.99856e-06,50,100,100,234360,10 11 3 0 6 9 4 8 7 5 2 1 
464,3.44841e-06,4.26692e-06,3.03539e-06,50,100,100,234360,10 11 3 0 6 9 4 8 7 5 2 1 
465,3.43468e-06,4.26692e-06,3.03266e-06,50,100,100,234360,10 11 3 0 6 9 4 8 7 5 2 1 
466,3.44594e-06,4.26692e-06,2.9592e-06,50,100,100,234360,10 11 3 0 6 9 4 8 7 5 2 1 
467,3.44763e-06,4.26692e-06,3.03626e-06,50,100,100,234360,10 11 3 0 6 9 4 8 7 5 2 1 
468,3.42926e-06,4.26692e-06,3.01611e-06,50,100,100,234360,10 11 3 0 6 9 4 8 7 5 2 1 
469,3.42666e-06,4.26692e-06,2.99137e-06,50,100,100,234360,10 11 3 0 6 9 4 8 7 5 2 1 
470,3.44854e-06,4.26692e-06,3.0302e-06,50,100,100,234360,10 11 3 0 6 9 4 8 7 5 2 1 
471,3.42969e-06,4.26692e-06,3.01389e-06,50,100,100,234360,10 11 3 0 6 9 4 8 7 5 2 1 
472,3.41225e-06,4.26692e-06,3.0594e-06,50,100,100,234360,10 11 3 0 6 9 4 8 7 5 2 1 
473,3.4271e-06,4.26692e-06,3.0309e-06,50,100,100,234360,10 11 3 0 6 9 4 8 7 5 2 1 
474,3.45241e-06,4.26692e-06,3.05937e-06,50,100,100,234360,10 11 3 0 6 9 4 8 7 5 2 1 
475,3.42044e-06,4.26692e-06,3.0568e-06,50,100,100,234360,10 11 3 0 6 9 4 8 7 5 2 1 
476,3.42998e-06,4.26692e-06,3.02297e-06,50,100,100,234360,10 11 3 0 6 9 4 8 7 5 2 1 
477,3.43933e-06,4.26692e-06,3.02681e-06,50,100,100,234360,10 11 3 0 6 9 4 8 7 5 2 1 
478,3.43315e-06,4.26692e-06,2.97505e-06,50,100,100,234360,10 11 3 0 6 9 4 8 7 5 2 1 
479,3.46416e-06,4.26692e-06,2.97795e-06,50,100,100,234360,10 11 3 0 6 9 4 8 7 5 2 1 
480,3.42926e-06,4.26692e-06,3.04028e-06,50,100,100,234360,10 11 3 0 6 9 4 8 7 5 2 1 
481,3.45183e-06,4.26692e-06,3.02967e-06,50,100,100,234360,10 11 3 0 6 9 4 8 7 5 2 1 
482,3.45391e-06,4.26692e-06,2.97492e-06,50,100,100,234360,10 11 3 0 6 9 4 8 7 5 2 1 
483,3.47866e-06,4.26692e-06,2.97898e-06,50,100,100,234360,10 11 3 0 6 9 4 8 7 5 2 1 
484,3.50928e-06,4.26692e-06,3.00422e-06,50,100,100,234360,10 11 3 0 6 9 4 8 7 5 2 1 
485,3.52682e-06,4.26692e-06,2.92566e-06,50,100,100,234360,10 11 3 0 6 9 4 8 7 5 2 1 
486,3.55369e-06,4.26692e-06,3.07122e-06,50,100,100,234360,10 11 3 0 6 9 4 8 7 5 2 1 
487,3.53013e-06,4.26692e-06,3.07527e-06,50,100,100,234360,10 11 3 0 6 9 4 8 7 5 2 1 
488,3.55449e-06,4.26692e-06,2.9982e-06,50,100,100,234360,10 11 3 0 6 9 4 8 7 5 2 1 
489,3.58687e-06,4.26692e-06,3.07038e-06,50,100,100,234360,10 11 3 0 6 9 4 8 7 5 2 1 
490,3.62261e-06,4.26692e-06,3.11636e-06,50,100,100,234360,10 11 3 0 6 9 4 8 7 5 2 1 
491,3.6477e-06,4.26692e-06,3.08546e-06,50,100,100,234360,10 11 3 0 6 9 4 8 7 5 2 1 
492,3.61674e-06,4.26692e-06,2.97673e-06,50,100,100,234360,10 11 3 0 6 9 4 8 7 5 2 1 
493,3.65905e-06,4.26692e-06,3.06772e-06,50,100,100,234360,10 11 3 0 6 9 4 8 7 5 2 1 
494,3.62865e-06,4.26692e-06,3.025e-06,50,100,100,234360,10 11 3 0 6 9 4 8 7 5 2 1 
495,3.59473e-06,4.26692e-06,3.09909e-06,50,100,100,234360,10 11 3 0 6 9 4 8 7 5 2 1 
496,3.58283e-06,4.26692e-06,3.045e-06,50,100,100,234360,10 11 3 0 6 9 4 8 7 5 2 1 
497,3.65198e-06,4.26692e-06,2.99957e-06,50,100,100,234360,10 11 3 0 6 9 4 8 7 5 2 1 
498,3.66865e-06,4.26692e-06,3.0962e-06,50,100,100,234360,10 11 3 0 6 9 4 8 7 5 2 1 
499,3.65073e-06,4.26692e-06,3.12571e-06,50,100,100,234360,10 11 3 0 6 9 4 8 7 5 2 1 
500,3.62041e-06,4.26692e-06,2.96496e-06,50,100,100,234360,10 11 3 0 6 9 4 8 7 5 2 1 
501,3.60355e-06,4.26692e-06,3.01507e-06,50,100,100,234360,10 11 3 0 6 9 4 8 7 5 2 1 
502,3.63082e-06,4.26692e-06,3.0508e-06,50,100,100,234360,10 11 3 0 6 9 4 8 7 5 2 1 
503,3.59968e-06,4.26692e-06,3.0664e-06,50,100,100,234360,10 11 3 0 6 9 4 8 7 5 2 1 
504,3.60428e-06,4.26692e-06,3.11593e-06,50,100,100,234360,10 11 3 0 6 9 4 8 7 5 2 1 
505,3.66639e-06,4.26692e-06,3.06518e-06,50,100,100,234360,10 11 3 0 6 9 4 8 7 5 2 1 
506,3.61652e-06,4.26692e-06,3.05901e-06,50,100,100,234360,10 11 3 0 6 9 4 8 7 5 2 1 
507,3.59622e-06,4.26692e-06,3.05817e-06,50,100,100,234360,10 11 3 0 6 9 4 8 7 5 2 1 
508,3.60273e-06,4.26692e-06,3.08757e-06,50,100,100,234360,10 11 3 0 6 9 4 8 7 5 2 1 
509,3.57128e-06,4.26692e-06,3.09363e-06,50,100,100,234360,10 11 3 0 6 9 4 8 7 5 2 1 
510,3.59717e-06,4.26692e-06,3.04396e-06,50,100,100,234360,10 11 3 0 6 9 4 8 7 5 2 1 
511,3.60468e-06,4.26692e-06,2.9716e-06,50,100,100,234360,10 11 3 0 6 9 4 8 7 5 2 1 
512,3.59651e-06,4.26692e-06,3.07038e-06,50,100,100,234360,10 11 3 0 6 9 4 8 7 5 2 1 
513,3.53782e-06,4.26692e-06,2.94701e-06,50,100,100,234360,10 11 3 0 6 9 4 8 7 5 2 1 
514,3.52353e-06,4.26692e-06,3.05268e-06,50,100,100,234360,10 11 3 0 6 9 4 8 7 5 2 1 
515,3.53098e-06,4.26692e-06,3.06891e-06,50,100,100,234360,10 11 3 0 6 9 4 8 7 5 2 1 
516,3.53038e-06,4.26692e-06,2.99443e-06,50,100,100,234360,10 11 3 0 6 9 4 8 7 5 2 1 
517,3.52275e-06,4.26692e-06,3.10431e-06,50,100,100,234360,10 11 3 0 6 9 4 8 7 5 2 1 
518,3.47988e-06,4.26692e-06,3.01791e-06,50,100,100,234360,10 11 3 0 6 9 4 8 7 5 2 1 
519,3.47532e-06,4.26692e-06,2.9984e-06,50,100,100,234360,10 11 3 0 6 9 4 8 7 5 2 1 
520,3.46237e-06,4.26692e-06,3.04873e-06,50,100,100,234360,10 11 3 0 6 9 4 8 7 5 2 1 
521,3.50908e-06,4.26692e-06,3.01591e-06,50,100,100,234360,10 11 3 0 6 9 4 8 7 5 2 1 
522,3.54069e-06,4.26692e-06,3.07249e-06,50,100,100,234360,10 11 3 0 6 9 4 8 7 5 2 1 
523,3.54556e-06,4.26692e-06,3.01644e-06,50,100,100,234360,10 11 3 0 6 9 4 8 7 5 2 1 
524,3.52013e-06,4.26692e-06,3.11149e-06,50,100,100,234360,10 11 3 0 6 9 4 8 7 5 2 1 
525,3.49909e-06,4.26692e-06,3.03891e-06,50,100,100,234360,10 11 3 0 6 9 4 8 7 5 2 1 
526,3.53185e-06,4.26692e-06,3.13565e-06,50,100,100,234360,10 11 3 0 6 9 4 8 7 5 2 1 
527,3.51543e-06,4.26692e-06,3.05555e-06,50,100,100,234360,10 11 3 0 6 9 4 8 7 5 2 1 
528,3.58097e-06,4.26692e-06,2.99456e-06,50,100,100,234360,10 11 3 0 6 9 4 8 7 5 2 1 
529,3.56557e-06,4.26692e-06,3.03882e-06,50,100,100,234360,10 11 3 0 6 9 4 8 7 5 2 1 
530,3.62485e-06,4.26692e-06,3.03703e-06,50,100,100,234360,10 11 3 0 6 9 4 8 7 5 2 1 
531,3.63128e-06,4.26692e-06,3.00505e-06,50,100,100,234360,10 11 3 0 6 9 4 8 7 5 2 1 
532,3.6737e-06,4.26692e-06,3.07752e-06,50,100,100,234360,10 11 3 0 6 9 4 8 7 5 2 1 
533,3.64394e-06,4.26692e-06,3.08382e-06,50,100,100,234360,10 11 3 0 6 9 4 8 7 5 2 1 
534,3.65766e-06,4.26692e-06,3.08384e-06,50,100,100,234360,10 11 3 0 6 9 4 8 7 5 2 1 
535,3.67321e-06,4.26692e-06,3.01502e-06,50,100,100,234360,10 11 3 0 6 9 4 8 7 5 2 1 
536,3.63665e-06,4.26692e-06,3.09769e-06,50,100,100,234360,10 11 3 0 6 9 4 8 7 5 2 1 
537,3.68231e-06,4.26692e-06,3.13581e-06,50,100,100,234360,10 11 3 0 6 9 4 8 7 5 2 1 
538,3.62142e-06,4.26692e-06,3.01747e-06,50,100,100,234360,10 11 3 0 6 9 4 8 7 5 2 1 
539,3.61935e-06,4.26692e-06,3.05785e-06,50,100,100,234360,10 11 3 0 6 9 4 8 7 5 2 1 
540,3.56194e-06,4.26692e-06,2.95785e-06,50,100,100,234360,10 11 3 0 6 9 4 8 7 5 2 1 
541,3.56068e-06,4.26692e-06,3.04122e-06,50,100,100,234360,10 11 3 0 6 9 4 8 7 5 2 1 
542,3.5846e-06,4.26692e-06,2.95567e-06,50,100,100,234360,10 11 3 0 6 9 4 8 7 5 2 1 
543,3.56758e-06,4.26692e-06,3.06364e-06,50,100,100,234360,10 11 3 0 6 9 4 8 7 5 2 1 
544,3.56475e-06,4.26692e-06,3.11973e-06,50,100,100,234360,10 11 3 0 6 9 4 8 7 5 2 1 
545,3.58426e-06,4.26692e-06,3.10344e-06,50,100,100,234360,10 11 3 0 6 9 4 8 7 5 2 1 
546,3.52139e-06,4.26692e-06,3.07019e-06,50,100,100,234360,10 11 3 0 6 9 4 8 7 5 2 1 
547,3.54244e-06,4.26692e-06,3.09003e-06,50,100,100,234360,10 11 3 0 6 9 4 8 7 5 2 1 
548,3.56541e-06,4.26692e-06,3.06825e-06,50,100,100,234360,10 11 3 0 6 9 4 8 7 5 2 1 
549,3.5228e-06,4.26692e-06,3.03592e-06,50,100,100,234360,10 11 3 0 6 9 4 8 7 5 2 1 
550,3.60263e-06,4.26692e-06,3.03145e-06,50,100,100,234360,10 11 3 0 6 9 4 8 7 5 2 1 
551,3.63401e-06,4.26692e-06,3.11182e-06,50,100,100,234360,10 11 3 0 6 9 4 8 7 5 2 1 
552,3.61684e-06,4.26692e-06,3.11246e-06,50,100,100,234360,10 11 3 0 6 9 4 8 7 5 2 1 
553,3.66591e-06,4.26692e-06,3.15538e-06,50,100,100,234360,10 11 3 0 6 9 4 8 7 5 2 1 
554,3.61042e-06,4.26692e-06,3.08919e-06,50,100,100,234360,10 11 3 0 6 9 4 8 7 5 2 1 
555,3.59026e-06,4.26692e-06,3.01282e-06,50,100,100,234360,10 11 3 0 6 9 4 8 7 5 2 1 
556,3.62073e-06,4.26692e-06,2.98821e-06,50,100,100,234360,10 11 3 0 6 9 4 8 7 5 2 1 
557,3.63706e-06,4.26692e-06,3.09107e-06,50,100,100,234360,10 11 3 0 6 9 4 8 7 5 2 1 
558,3.65192e-06,4.26692e-06,3.10437e-06,50,100,100,234360,10 11 3 0 6 9 4 8 7 5 2 1 
559,3.70423e-06,4.26692e-06,3.16629e-06,50,100,100,234360,10 11 3 0 6 9 4 8 7 5 2 1 
560,3.65973e-06,4.26692e-06,3.02873e-06,50,100,100,234360,10 11 3 0 6 9 4 8 7 5 2 1 
561,3.67394e-06,4.26692e-06,3.08177e-06,50,100,100,234360,10 11 3 0 6 9 4 8 7 5 2 1 
562,3.63212e-06,4.26692e-06,3.0533e-06,50,100,100,234360,10 11 3 0 6 9 4 8 7 5 2 1 
563,3.67236e-06,4.26692e-06,3.01153e-06,50,100,100,234360,10 11 3 0 6 9 4 8 7 5 2 1 
564,3.61311e-06,4.26692e-06,3.02253e-06,50,100,100,234360,10 11 3 0 6 9 4 8 7 5 2 1 
565,3.58858e-06,4.26692e-06,3.04886e-06,50,100,100,234360,10 11 3 0 6 9 4 8 7 5 2 1 
566,3.61353e-06,4.26692e-06,3.0736e-06,50,100,100,234360,10 11 3 0 6 9 4 8 7 5 2 1 
567,3.59984e-06,4.26692e-06,3.06484e-06,50,100,100,234360,10 11 3 0 6 9 4 8 7 5 2 1 
568,3.59275e-06,4.26692e-06,3.0555e-06,50,100,100,234360,10 11 3 0 6 9 4 8 7 5 2 1 
569,3.56336e-06,4.31215e-06,3.05581e-06,50,100,100,231902,10 11 3 0 1 9 4 8 5 7 2 6 
570,3.5977e-06,4.31215e-06,3.05763e-06,50,100,100,231902,10 11 3 0 1 9 4 8 5 7 2 6 
571,3.54881e-06,4.31215e-06,3.06958e-06,50,100,100,231902,10 11 3 0 1 9 4 8 5 7 2 6 
572,3.55457e-06,4.31215e-06,3.05759e-06,50,100,100,231902,10 11 3 0 1 9 4 8 5 7 2 6 
573,3.59167e-06,4.31215e-06,3.05716e-06,50,100,100,231902,10 11 3 0 1 9 4 8 5 7 2 6 
574,3.61951e-06,4.31215e-06,2.99883e-06,50,100,100,231902,10 11 3 0 1 9 4 8 5 7 2 6 
575,3.56753e-06,4.31215e-06,3.06962e-06,50,100,100,231902,10 11 3 0 1 9 4 8 5 7 2 6 
576,3.56998e-06,4.31215e-06,2.99182e-06,50,100,100,231902,10 11 3 0 1 9 4 8 5 7 2 6 
577,3.56633e-06,4.31215e-06,3.00626e-06,50,100,100,231902,10 11 3 0 1 9 4 8 5 7 2 6 
578,3.56928e-06,4.31215e-06,3.03476e-06,50,100,100,231902,10 11 3 0 1 9 4 8 5 7 2 6 
579,3.54032e-06,4.31215e-06,3.0575e-06,50,100,100,231902,10 11 3 0 1 9 4 8 5 7 2 6 
580,3.52642e-06,4.31215e-06,3.09735e-06,50,100,100,231902,10 11 3 0 1 9 4 8 5 7 2 6 
581,3.50332e-06,4.31215e-06,3.03629e-06,50,100,100,231902,10 11 3 0 1 9 4 8 5 7 2 6 
582,3.48295e-06,4.31215e-06,3.03228e-06,50,100,100,231902,10 11 3 0 1 9 4 8 5 7 2 6 
583,3.5132e-06,4.31215e-06,3.02894e-06,50,100,100,231902,10 11 3 0 1 9 4 8 5 7 2 6 
584,3.49706e-06,4.31215e-06,3.02661e-06,50,100,100,231902,10 11 3 0 1 9 4 8 5 7 2 6 
585,3.50557e-06,4.31215e-06,3.07742e-06,50,100,100,231902,10 11 3 0 1 9 4 8 5 7 2 6 
586,3.52199e-06,4.31215e-06,3.07179e-06,50,100,100,231902,10 11 3 0 1 9 4 8 5 7 2 6 
587,3.5447e-06,4.31215e-06,3.02778e-06,50,100,100,231902,10 11 3 0 1 9 4 8 5 7 2 6 
588,3.54309e-06,4.31215e-06,3.07883e-06,50,100,100,231902,10 11 3 0 1 9 4 8 5 7 2 6 
589,3.61649e-06,4.33454e-06,3.01217e-06,50,100,100,230704,10 11 3 0 1 9 4 8 7 5 2 6 
590,3.66669e-06,4.33454e-06,3.10433e-06,50,100,100,230704,10 11 3 0 1 9 4 8 7 5 2 6 
591,3.68592e-06,4.33454e-06,3.14263e-06,50,100,100,230704,10 11 3 0 1 9 4 8 7 5 2 6 
592,3.6577e-06,4.33454e-06,3.08257e-06,50,100,100,230704,10 11 3 0 1 9 4 8 7 5 2 6 
593,3.59039e-06,4.33454e-06,3.0575e-06,50,100,100,230704,10 11 3 0 1 9 4 8 7 5 2 6 
594,3.62976e-06,4.33454e-06,3.02255e-06,50,100,100,230704,10 11 3 0 1 9 4 8 7 5 2 6 
595,3.62729e-06,4.33454e-06,3.04944e-06,50,100,100,230704,10 11 3 0 1 9 4 8 7 5 2 6 
596,3.67246e-06,4.33454e-06,3.12902e-06,50,100,100,230704,10 11 3 0 1 9 4 8 7 5 2 6 
597,3.72145e-06,4.33454e-06,3.09361e-06,50,100,100,230704,10 11 3 0 1 9 4 8 7 5 2 6 
598,3.74623e-06,4.33454e-06,3.12269e-06,50,100,100,230704,10 11 3 0 1 9 4 8 7 5 2 6 
599,3.71965e-06,4.33454e-06,3.03386e-06,50,100,100,230704,10 11 3 0 1 9 4 8 7 5 2 6 
600,3.73057e-06,4.33454e-06,3.05961e-06,50,100,100,230704,10 11 3 0 1 9 4 8 7 5 2 6 
601,3.72457e-06,4.33454e-06,3.02006e-06,50,100,100,230704,10 11 3 0 1 9 4 8 7 5 2 6 
602,3.64681e-06,4.33454e-06,3.04096e-06,50,100,100,230704,10 11 3 0 1 9 4 8 7 5 2 6 
603,3.62733e-06,4.33454e-06,3.11543e-06,50,100,100,230704,10 11 3 0 1 9 4 8 7 5 2 6 
604,3.62699e-06,4.33454e-06,3.09147e-06,50,100,100,230704,10 11 3 0 1 9 4 8 7 5 2 6 
605,3.61422e-06,4.33454e-06,3.00791e-06,50,100,100,230704,10 11 3 0 1 9 4 8 7 5 2 6 
606,3.66436e-06,4.33454e-06,3.07279e-06,50,100,100,230704,10 11 3 0 1 9 4 8 7 5 2 6 
607,3.70007e-06,4.33454e-06,3.05076e-06,50,100,100,230704,10 11 3 0 1 9 4 8 7 5 2 6 
608,3.72186e-06,4.33454e-06,3.07085e-06,50,100,100,230704,10 11 3 0 1 9 4 8 7 5 2 6 
609,3.64183e-06,4.33454e-06,3.02165e-06,50,100,100,230704,10 11 3 0 1 9 4 8 7 5 2 6 
610,3.6806e-06,4.33454e-06,3.03949e-06,50,100,100,230704,10 11 3 0 1 9 4 8 7 5 2 6 
611,3.63954e-06,4.33454e-06,3.0839e-06,50,100,100,230704,10 11 3 0 1 9 4 8 7 5 2 6 
612,3.68014e-06,4.33454e-06,3.00334e-06,50,100,100,230704,10 11 3 0 1 9 4 8 7 5 2 6 
613,3.68358e-06,4.33454e-06,3.09925e-06,50,100,100,230704,10 11 3 0 1 9 4 8 7 5 2 6 
614,3.6949e-06,4.33454e-06,3.06115e-06,50,100,100,230704,10 11 3 0 1 9 4 8 7 5 2 6 
615,3.75976e-06,4.33454e-06,3.10647e-06,50,100,100,230704,10 11 3 0 1 9 4 8 7 5 2 6 
616,3.70617e-06,4.33454e-06,3.10282e-06,50,100,100,230704,10 11 3 0 1 9 4 8 7 5 2 6 
617,3.66196e-06,4.33454e-06,3.00532e-06,50,100,100,230704,10 11 3 0 1 9 4 8 7 5 2 6 
618,3.60121e-06,4.33454e-06,3.03463e-06,50,100,100,230704,10 11 3 0 1 9 4 8 7 5 2 6 
619,3.61769e-06,4.33454e-06,3.10823e-06,50,100,100,230704,10 11 3 0 1 9 4 8 7 5 2 6 
620,3.60084e-06,4.33454e-06,2.98521e-06,50,100,100,230704,10 11 3 0 1 9 4 8 7 5 2 6 
621,3.62087e-06,4.33454e-06,3.06402e-06,50,100,100,230704,10 11 3 0 1 9 4 8 7 5 2 6 
622,3.61883e-06,4.33454e-06,3.01558e-06,50,100,100,230704,10 11 3 0 1 9 4 8 7 5 2 6 
623,3.63074e-06,4.33454e-06,3.02141e-06,50,100,100,230704,10 11 3 0 1 9 4 8 7 5 2 6 
624,3.66487e-06,4.33454e-06,3.09923e-06,50,100,100,230704,10 11 3 0 1 9 4 8 7 5 2 6 
625,3.66512e-06,4.33454e-06,2.98337e-06,50,100,100,230704,10 11 3 0 1 9 4 8 7 5 2 6 
626,3.64811e-06,4.33454e-06,3.10386e-06,50,100,100,230704,10 11 3 0 1 9 4 8 7 5 2 6 
627,3.65735e-06,4.33454e-06,2.9471e-06,50,100,100,230704,10 11 3 0 1 9 4 8 7 5 2 6 
628,3.67985e-06,4.33454e-06,3.02395e-06,50,100,100,230704,10 11 3 0 1 9 4 8 7 5 2 6 
629,3.66399e-06,4.33454e-06,3.06475e-06,50,100,100,230704,10 11 3 0 1 9 4 8 7 5 2 6 
630,3.70621e-06,4.33454e-06,3.09173e-06,50,100,100,230704,10 11 3 0 1 9 4 8 7 5 2 6 
631,3.58969e-06,4.33454e-06,3.01972e-06,50,100,100,230704,10 11 3 0 1 9 4 8 7 5 2 6 
632,3.6051e-06,4.33454e-06,3.06475e-06,50,100,100,230704,10 11 3 0 1 9 4 8 7 5 2 6 
633,3.63758e-06,4.33454e-06,3.06462e-06,50,100,100,230704,10 11 3 0 1 9 4 8 7 5 2 6 
634,3.68673e-06,4.33454e-06,3.11889e-06,50,100,100,230704,10 11 3 0 1 9 4 8 7 5 2 6 
635,3.69289e-06,4.33454e-06,3.09028e-06,50,100,100,230704,10 11 3 0 1 9 4 8 7 5 2 6 
636,3.68987e-06,4.33454e-06,3.02998e-06,50,100,100,230704,10 11 3 0 1 9 4 8 7 5 2 6 
637,3.65348e-06,4.33454e-06,3.04117e-06,50,100,100,230704,10 11 3 0 1 9 4 8 7 5 2 6 
638,3.64668e-06,4.33454e-06,3.09925e-06,50,100,100,230704,10 11 3 0 1 9 4 8 7 5 2 6 
639,3.72186e-06,4.33454e-06,3.07343e-06,50,100,100,230704,10 11 3 0 1 9 4 8 7 5 2 6 
640,3.68776e-06,4.33454e-06,3.04108e-06,50,100,100,230704,10 11 3 0 1 9 4 8 7 5 2 6 
641,3.63449e-06,4.33454e-06,2.99121e-06,50,100,100,230704,10 11 3 0 1 9 4 8 7 5 2 6 
642,3.67204e-06,4.33454e-06,3.01713e-06,50,100,100,230704,10 11 3 0 1 9 4 8 7 5 2 6 
643,3.63301e-06,4.33454e-06,3.07599e-06,50,100,100,230704,10 11 3 0 1 9 4 8 7 5 2 6 
644,3.71292e-06,4.33454e-06,3.12507e-06,50,100,100,230704,10 11 3 0 1 9 4 8 7 5 2 6 
645,3.69805e-06,4.33454e-06,3.04793e-06,50,100,100,230704,10 11 3 0 1 9 4 8 7 5 2 6 
646,3.71151e-06,4.33454e-06,3.02776e-06,50,100,100,230704,10 11 3 0 1 9 4 8 7 5 2 6 
647,3.70612e-06,4.33454e-06,3.04461e-06,50,100,100,230704,10 11 3 0 1 9 4 8 7 5 2 6 
648,3.72516e-06,4.33454e-06,3.10483e-06,50,100,100,230704,10 11 3 0 1 9 4 8 7 5 2 6 
649,3.6901e-06,4.33454e-06,3.06763e-06,50,100,100,230704,10 11 3 0 1 9 4 8 7 5 2 6 
650,3.68408e-06,4.33454e-06,3.04991e-06,50,100,100,230704,10 11 3 0 1 9 4 8 7 5 2 6 
651,3.65565e-06,4.33454e-06,3.05221e-06,50,100,100,230704,10 11 3 0 1 9 4 8 7 5 2 6 
652,3.63001e-06,4.33454e-06,3.02492e-06,50,100,100,230704,10 11 3 0 1 9 4 8 7 5 2 6 
653,3.71706e-06,4.33454e-06,3.08031e-06,50,100,100,230704,10 11 3 0 1 9 4 8 7 5 2 6 
654,3.76217e-06,4.33454e-06,3.17673e-06,50,100,100,230704,10 11 3 0 1 9 4 8 7 5 2 6 
655,3.77165e-06,4.33454e-06,3.12509e-06,50,100,100,230704,10 11 3 0 1 9 4 8 7 5 2 6 
656,3.78487e-06,4.33454e-06,3.08761e-06,50,100,100,230704,10 11 3 0 1 9 4 8 7 5 2 6 
657,3.69597e-06,4.33454e-06,2.89612e-06,50,100,100,230704,10 11 3 0 1 9 4 8 7 5 2 6 
658,3.7141e-06,4.33454e-06,3.01866e-06,50,100,100,230704,10 11 3 0 1 9 4 8 7 5 2 6 
659,3.72427e-06,4.33454e-06,3.07682e-06,50,100,100,230704,10 11 3 0 1 9 4 8 7 5 2 6 
660,3.74788e-06,4.33454e-06,3.10917e-06,50,100,100,230704,10 11 3 0 1 9 4 8 7 5 2 6 
661,3.81737e-06,4.33454e-06,3.07334e-06,50,100,100,230704,10 11 3 0 1 9 4 8 7 5 2 6 
662,3.76709e-06,4.33454e-06,3.09925e-06,50,100,100,230704,10 11 3 0 1 9 4 8 7 5 2 6 
663,3.73486e-06,4.33454e-06,3.03755e-06,50,100,100,230704,10 11 3 0 1 9 4 8 7 5 2 6 
664,3.77895e-06,4.33454e-06,3.00657e-06,50,100,100,230704,10 11 3 0 1 9 4 8 7 5 2 6 
665,3.74307e-06,4.33454e-06,2.98254e-06,50,100,100,230704,10 11 3 0 1 9 4 8 7 5 2 6 
666,3.72905e-06,4.33454e-06,3.09376e-06,50,100,100,230704,10 11 3 0 1 9 4 8 7 5 2 6 
667,3.64145e-06,4.33454e-06,3.06783e-06,50,100,100,230704,10 11 3 0 1 9 4 8 7 5 2 6 
668,3.6882e-06,4.33454e-06,3.06945e-06,50,100,100,230704,10 11 3 0 1 9 4 8 7 5 2 6 
669,3.65523e-06,4.33454e-06,3.00171e-06,50,100,100,230704,10 11 3 0 1 9 4 8 7 5 2 6 
670,3.67805e-06,4.33454e-06,3.08929e-06,50,100,100,230704,10 11 3 0 1 9 4 8 7 5 2 6 
671,3.60467e-06,4.33454e-06,3.03705e-06,50,100,100,230704,10 11 3 0 1 9 4 8 7 5 2 6 
672,3.60369e-06,4.33454e-06,3.06475e-06,50,100,100,230704,10 11 3 0 1 9 4 8 7 5 2 6 
673,3.6752e-06,4.33454e-06,3.02886e-06,50,100,100,230704,10 11 3 0 1 9 4 8 7 5 2 6 
674,3.64833e-06,4.33454e-06,2.99634e-06,50,100,100,230704,10 11 3 0 1 9 4 8 7 5 2 6 
675,3.67861e-06,4.33454e-06,3.03228e-06,50,100,100,230704,10 11 3 0 1 9 4 8 7 5 2 6 
676,3.72115e-06,4.33454e-06,3.07264e-06,50,100,100,230704,10 11 3 0 1 9 4 8 7 5 2 6 
677,3.64925e-06,4.33454e-06,3.03823e-06,50,100,100,230704,10 11 3 0 1 9 4 8 7 5 2 6 
678,3.70785e-06,4.33454e-06,3.08529e-06,50,100,100,230704,10 11 3 0 1 9 4 8 7 5 2 6 
679,3.70927e-06,4.33454e-06,3.07943e-06,50,100,100,230704,10 11 3 0 1 9 4 8 7 5 2 6 
680,3.7352e-06,4.33454e-06,3.07587e-06,50,100,100,230704,10 11 3 0 1 9 4 8 7 5 2 6 
681,3.7223e-06,4.33454e-06,3.13184e-06,50,100,100,230704,10 11 3 0 1 9 4 8 7 5 2 6 
682,3.79612e-06,4.33454e-06,3.14227e-06,50,100,100,230704,10 11 3 0 1 9 4 8 7 5 2 6 
683,3.80151e-06,4.33454e-06,3.19856e-06,50,100,100,230704,10 11 3 0 1 9 4 8 7 5 2 6 
684,3.73509e-06,4.33454e-06,3.04319e-06,50,100,100,230704,10 11 3 0 1 9 4 8 7 5 2 6 
685,3.74861e-06,4.33454e-06,3.1291e-06,50,100,100,230704,10 11 3 0 1 9 4 8 7 5 2 6 
686,3.71637e-06,4.33454e-06,2.96716e-06,50,100,100,230704,10 11 3 0 1 9 4 8 7 5 2 6 
687,3.74175e-06,4.33454e-06,3.04413e-06,50,100,100,230704,10 11 3 0 1 9 4 8 7 5 2 6 
688,3.73962e-06,4.33454e-06,3.0839e-06,50,100,100,230704,10 11 3 0 1 9 4 8 7 5 2 6 
689,3.79695e-06,4.33454e-06,3.06203e-06,50,100,100,230704,10 11 3 0 1 9 4 8 7 5 2 6 
690,3.75506e-06,4.33454e-06,3.09384e-06,50,100,100,230704,10 11 3 0 1 9 4 8 7 5 2 6 
691,3.75251e-06,4.33454e-06,3.11082e-06,50,100,100,230704,10 11 3 0 1 9 4 8 7 5 2 6 
692,3.79463e-06,4.33454e-06,3.18314e-06,50,100,100,230704,10 11 3 0 1 9 4 8 7 5 2 6 
693,3.76069e-06,4.33454e-06,3.15538e-06,50,100,100,230704,10 11 3 0 1 9 4 8 7 5 2 6 
694,3.76737e-06,4.33454e-06,3.11397e-06,50,100,100,230704,10 11 3 0 1 9 4 8 7 5 2 6 
695,3.72046e-06,4.33454e-06,3.0794e-06,50,100,100,230704,10 11 3 0 1 9 4 8 7 5 2 6 
696,3.73345e-06,4.33454e-06,2.96369e-06,50,100,100,230704,10 11 3 0 1 9 4 8 7 5 2 6 
697,3.72597e-06,4.33454e-06,3.10046e-06,50,100,100,230704,10 11 3 0 1 9 4 8 7 5 2 6 
698,3.70907e-06,4.33454e-06,3.03755e-06,50,100,100,230704,10 11 3 0 1 9 4 8 7 5 2 6 
699,3.72825e-06,4.33454e-06,3.06252e-06,50,100,100,230704,10 11 3 0 1 9 4 8 7 5 2 6 
700,3.71442e-06,4.33454e-06,3.03736e-06,50,100,100,230704,10 11 3 0 1 9 4 8 7 5 2 6 
701,3.68364e-06,4.33454e-06,3.10067e-06,50,100,100,230704,10 11 3 0 1 9 4 8 7 5 2 6 
702,3.69707e-06,4.33454e-06,3.09925e-06,50,100,100,230704,10 11 3 0 1 9 4 8 7 5 2 6 
703,3.68028e-06,4.33454e-06,3.04087e-06,50,100,100,230704,10 11 3 0 1 9 4 8 7 5 2 6 
704,3.69724e-06,4.33454e-06,3.03648e-06,50,100,100,230704,10 11 3 0 1 9 4 8 7 5 2 6 
705,3.72628e-06,4.33454e-06,3.09925e-06,50,100,100,230704,10 11 3 0 1 9 4 8 7 5 2 6 
706,3.73835e-06,4.33454e-06,3.09925e-06,50,100,100,230704,10 11 3 0 1 9 4 8 7 5 2 6 
707,3.68309e-06,4.33454e-06,3.01351e-06,50,100,100,230704,10 11 3 0 1 9 4 8 7 5 2 6 
708,3.69795e-06,4.33454e-06,2.9768e-06,50,100,100,230704,10 11 3 0 1 9 4 8 7 5 2 6 
709,3.68847e-06,4.33454e-06,3.05061e-06,50,100,100,230704,10 11 3 0 1 9 4 8 7 5 2 6 
710,3.62861e-06,4.33454e-06,3.05082e-06,50,100,100,230704,10 11 3 0 1 9 4 8 7 5 2 6 
711,3.65717e-06,4.33454e-06,3.04185e-06,50,100,100,230704,10 11 3 0 1 9 4 8 7 5 2 6 
712,3.65055e-06,4.33454e-06,3.0886e-06,50,100,100,230704,10 11 3 0 1 9 4 8 7 5 2 6 
713,3.68076e-06,4.33454e-06,3.12755e-06,50,100,100,230704,10 11 3 0 1 9 4 8 7 5 2 6 
714,3.59176e-06,4.33454e-06,3.06635e-06,50,100,100,230704,10 11 3 0 1 9 4 8 7 5 2 6 
715,3.64791e-06,4.33454e-06,3.08656e-06,50,100,100,230704,10 11 3 0 1 9 4 8 7 5 2 6 
716,3.64533e-06,4.33454e-06,3.06368e-06,50,100,100,230704,10 11 3 0 1 9 4 8 7 5 2 6 
717,3.68178e-06,4.33454e-06,3.06475e-06,50,100,100,230704,10 11 3 0 1 9 4 8 7 5 2 6 
718,3.6871e-06,4.33454e-06,3.1034e-06,50,100,100,230704,10 11 3 0 1 9 4 8 7 5 2 6 
719,3.72855e-06,4.33454e-06,3.12206e-06,50,100,100,230704,10 11 3 0 1 9 4 8 7 5 2 6 
720,3.65911e-06,4.33454e-06,3.0859e-06,50,100,100,230704,10 11 3 0 1 9 4 8 7 5 2 6 
721,3.68535e-06,4.33454e-06,3.10913e-06,50,100,100,230704,10 11 3 0 1 9 4 8 7 5 2 6 
722,3.638e-06,4.33454e-06,3.06497e-06,50,100,100,230704,10 11 3 0 1 9 4 8 7 5 2 6 
723,3.68578e-06,4.33454e-06,3.04052e-06,50,100,100,230704,10 11 3 0 1 9 4 8 7 5 2 6 
724,3.70807e-06,4.33454e-06,3.03764e-06,50,100,100,230704,10 11 3 0 1 9 4 8 7 5 2 6 
725,3.74028e-06,4.33454e-06,3.07194e-06,50,100,100,230704,10 11 3 0 1 9 4 8 7 5 2 6 
726,3.71252e-06,4.33454e-06,3.05961e-06,50,100,100,230704,10 11 3 0 1 9 4 8 7 5 2 6 
727,3.74592e-06,4.33454e-06,3.01464e-06,50,100,100,230704,10 11 3 0 1 9 4 8 7 5 2 6 
728,3.76086e-06,4.33454e-06,3.0794e-06,50,100,100,230704,10 11 3 0 1 9 4 8 7 5 2 6 
729,3.73022e-06,4.33454e-06,3.03094e-06,50,100,100,230704,10 11 3 0 1 9 4 8 7 5 2 6 
730,3.71977e-06,4.33454e-06,3.03421e-06,50,100,100,230704,10 11 3 0 1 9 4 8 7 5 2 6 
731,3.75871e-06,4.33454e-06,3.07085e-06,50,100,100,230704,10 11 3 0 1 9 4 8 7 5 2 6 
732,3.77685e-06,4.33454e-06,3.1387e-06,50,100,100,230704,10 11 3 0 1 9 4 8 7 5 2 6 
733,3.71803e-06,4.33454e-06,3.05024e-06,50,100,100,230704,10 11 3 0 1 9 4 8 7 5 2 6 
734,3.71973e-06,4.33454e-06,3.02844e-06,50,100,100,230704,10 11 3 0 1 9 4 8 7 5 2 6 
735,3.70961e-06,4.33454e-06,3.0209e-06,50,100,100,230704,10 11 3 0 1 9 4 8 7 5 2 6 
736,3.65379e-06,4.33454e-06,3.0232e-06,50,100,100,230704,10 11 3 0 1 9 4 8 7 5 2 6 
737,3.62296e-06,4.33454e-06,3.12894e-06,50,100,100,230704,10 11 3 0 1 9 4 8 7 5 2 6 
738,3.63923e-06,4.33454e-06,3.06732e-06,50,100,100,230704,10 11 3 0 1 9 4 8 7 5 2 6 
739,3.6253e-06,4.33454e-06,3.06062e-06,50,100,100,230704,10 11 3 0 1 9 4 8 7 5 2 6 
740,3.64009e-06,4.33454e-06,3.03278e-06,50,100,100,230704,10 11 3 0 1 9 4 8 7 5 2 6 
741,3.62013e-06,4.33454e-06,3.07015e-06,50,100,100,230704,10 11 3 0 1 9 4 8 7 5 2 6 
742,3.6214e-06,4.33454e-06,3.02141e-06,50,100,100,230704,10 11 3 0 1 9 4 8 7 5 2 6 
743,3.67082e-06,4.33454e-06,3.03978e-06,50,100,100,230704,10 11 3 0 1 9 4 8 7 5 2 6 
744,3.69607e-06,4.33454e-06,3.07362e-06,50,100,100,230704,10 11 3 0 1 9 4 8 7 5 2 6 
745,3.63182e-06,4.33454e-06,3.06004e-06,50,100,100,230704,10 11 3 0 1 9 4 8 7 5 2 6 
746,3.66232e-06,4.33454e-06,3.04678e-06,50,100,100,230704,10 11 3 0 1 9 4 8 7 5 2 6 
747,3.69717e-06,4.33454e-06,3.1435e-06,50,100,100,230704,10 11 3 0 1 9 4 8 7 5 2 6 
748,3.69587e-06,4.33454e-06,3.12232e-06,50,100,100,230704,10 11 3 0 1 9 4 8 7 5 2 6 
749,3.7346e-06,4.33454e-06,3.03939e-06,50,100,100,230704,10 11 3 0 1 9 4 8 7 5 2 6 
750,3.71104e-06,4.33454e-06,2.99456e-06,50,100,100,230704,10 11 3 0 1 9 4 8 7 5 2 6 
751,3.64441e-06,4.33454e-06,3.04754e-06,50,100,100,230704,10 11 3 0 1 9 4 8 7 5 2 6 
752,3.65445e-06,4.33454e-06,3.00565e-06,50,100,100,230704,10 11 3 0 1 9 4 8 7 5 2 6 
753,3.68278e-06,4.33454e-06,2.99907e-06,50,100,100,230704,10 11 3 0 1 9 4 8 7 5 2 6 
754,3.69039e-06,4.33454e-06,3.00673e-06,50,100,100,230704,10 11 3 0 1 9 4 8 7 5 2 6 
755,3.72365e-06,4.33454e-06,3.04886e-06,50,100,100,230704,10 11 3 0 1 9 4 8 7 5 2 6 
756,3.70876e-06,4.33454e-06,3.00677e-06,50,100,100,230704,10 11 3 0 1 9 4 8 7 5 2 6 
757,3.74194e-06,4.33454e-06,3.0839e-06,50,100,100,230704,10 11 3 0 1 9 4 8 7 5 2 6 
758,3.7839e-06,4.33454e-06,3.04754e-06,50,100,100,230704,10 11 3 0 1 9 4 8 7 5 2 6 
759,3.74326e-06,4.33454e-06,3.00898e-06,50,100,100,230704,10 11 3 0 1 9 4 8 7 5 2 6 
760,3.76094e-06,4.33454e-06,3.10232e-06,50,100,100,230704,10 11 3 0 1 9 4 8 7 5 2 6 
761,3.71161e-06,4.33454e-06,3.09606e-06,50,100,100,230704,10 11 3 0 1 9 4 8 7 5 2 6 
762,3.76304e-06,4.33454e-06,3.00898e-06,50,100,100,230704,10 11 3 0 1 9 4 8 7 5 2 6 
763,3.71377e-06,4.33454e-06,3.05927e-06,50,100,100,230704,10 11 3 0 1 9 4 8 7 5 2 6 
764,3.71158e-06,4.33454e-06,3.11665e-06,50,100,100,230704,10 11 3 0 1 9 4 8 7 5 2 6 
765,3.71225e-06,4.33454e-06,3.00357e-06,50,100,100,230704,10 11 3 0 1 9 4 8 7 5 2 6 
766,3.70826e-06,4.33454e-06,3.014e-06,50,100,100,230704,10 11 3 0 1 9 4 8 7 5 2 6 
767,3.71547e-06,4.33454e-06,3.0678e-06,50,100,100,230704,10 11 3 0 1 9 4 8 7 5 2 6 
768,3.73505e-06,4.33454e-06,2.99352e-06,50,100,100,230704,10 11 3 0 1 9 4 8 7 5 2 6 
769,3.76332e-06,4.33454e-06,3.09925e-06,50,100,100,230704,10 11 3 0 1 9 4 8 7 5 2 6 
770,3.77608e-06,4.33454e-06,3.13667e-06,50,100,100,230704,10 11 3 0 1 9 4 8 7 5 2 6 
771,3.76239e-06,4.33454e-06,3.07445e-06,50,100,100,230704,10 11 3 0 1 9 4 8 7 5 2 6 
772,3.7036e-06,4.33454e-06,3.07909e-06,50,100,100,230704,10 11 3 0 1 9 4 8 7 5 2 6 
773,3.72997e-06,4.33454e-06,3.03755e-06,50,100,100,230704,10 11 3 0 1 9 4 8 7 5 2 6 
774,3.68729e-06,4.33454e-06,3.00718e-06,50,100,100,230704,10 11 3 0 1 9 4 8 7 5 2 6 
775,3.69571e-06,4.33454e-06,3.05468e-06,50,100,100,230704,10 11 3 0 1 9 4 8 7 5 2 6 
776,3.65254e-06,4.33454e-06,3.04946e-06,50,100,100,230704,10 11 3 0 1 9 4 8 7 5 2 6 
777,3.66791e-06,4.33454e-06,3.07778e-06,50,100,100,230704,10 11 3 0 1 9 4 8 7 5 2 6 
778,3.66941e-06,4.33454e-06,3.12132e-06,50,100,100,230704,10 11 3 0 1 9 4 8 7 5 2 6 
779,3.70128e-06,4.33454e-06,3.08327e-06,50,100,100,230704,10 11 3 0 1 9 4 8 7 5 2 6 
780,3.67598e-06,4.33454e-06,3.08574e-06,50,100,100,230704,10 11 3 0 1 9 4 8 7 5 2 6 
781,3.73377e-06,4.33454e-06,3.082e-06,50,100,100,230704,10 11 3 0 1 9 4 8 7 5 2 6 
782,3.74488e-06,4.33454e-06,3.05121e-06,50,100,100,230704,10 11 3 0 1 9 4 8 7 5 2 6 
783,3.73513e-06,4.33454e-06,3.09925e-06,50,100,100,230704,10 11 3 0 1 9 4 8 7 5 2 6 
784,3.71666e-06,4.33454e-06,3.14845e-06,50,100,100,230704,10 11 3 0 1 9 4 8 7 5 2 6 
785,3.66002e-06,4.33454e-06,3.03781e-06,50,100,100,230704,10 11 3 0 1 9 4 8 7 5 2 6 
786,3.76554e-06,4.33454e-06,3.04189e-06,50,100,100,230704,10 11 3 0 1 9 4 8 7 5 2 6 
787,3.74965e-06,4.33454e-06,3.099e-06,50,100,100,230704,10 11 3 0 1 9 4 8 7 5 2 6 
788,3.7042e-06,4.33454e-06,3.03662e-06,50,100,100,230704,10 11 3 0 1 9 4 8 7 5 2 6 
789,3.7006e-06,4.33454e-06,3.03388e-06,50,100,100,230704,10 11 3 0 1 9 4 8 7 5 2 6 
790,3.74638e-06,4.33454e-06,3.02218e-06,50,100,100,230704,10 11 3 0 1 9 4 8 7 5 2 6 
791,3.71864e-06,4.33454e-06,3.09554e-06,50,100,100,230704,10 11 3 0 1 9 4 8 7 5 2 6 
792,3.77576e-06,4.33454e-06,3.00889e-06,50,100,100,230704,10 11 3 0 1 9 4 8 7 5 2 6 
793,3.78069e-06,4.33454e-06,3.01771e-06,50,100,100,230704,10 11 3 0 1 9 4 8 7 5 2 6 
794,3.76484e-06,4.33454e-06,3.12497e-06,50,100,100,230704,10 11 3 0 1 9 4 8 7 5 2 6 
795,3.76769e-06,4.33454e-06,3.10683e-06,50,100,100,230704,10 11 3 0 1 9 4 8 7 5 2 6 
796,3.71945e-06,4.33454e-06,3.10494e-06,50,100,100,230704,10 11 3 0 1 9 4 8 7 5 2 6 
797,3.72983e-06,4.33454e-06,3.06122e-06,50,100,100,230704,10 11 3 0 1 9 4 8 7 5 2 6 
798,3.76003e-06,4.33454e-06,3.0839e-06,50,100,100,230704,10 11 3 0 1 9 4 8 7 5 2 6 
799,3.75782e-06,4.33454e-06,3.05421e-06,50,100,100,230704,10 11 3 0 1 9 4 8 7 5 2 6 
800,3.70274e-06,4.33454e-06,3.0839e-06,50,100,100,230704,10 11 3 0 1 9 4 8 7 5 2 6 
801,3.69186e-06,4.33454e-06,3.08274e-06,50,100,100,230704,10 11 3 0 1 9 4 8 7 5 2 6 
802,3.718e-06,4.33454e-06,3.06407e-06,50,100,100,230704,10 11 3 0 1 9 4 8 7 5 2 6 
803,3.68608e-06,4.33454e-06,3.03305e-06,50,100,100,230704,10 11 3 0 1 9 4 8 7 5 2 6 
804,3.74565e-06,4.33454e-06,2.96622e-06,50,100,100,230704,10 11 3 0 1 9 4 8 7 5 2 6 
805,3.73389e-06,4.33454e-06,3.13294e-06,50,100,100,230704,10 11 3 0 1 9 4 8 7 5 2 6 
806,3.74201e-06,4.33454e-06,3.08053e-06,50,100,100,230704,10 11 3 0 1 9 4 8 7 5 2 6 
807,3.72744e-06,4.33454e-06,3.13021e-06,50,100,100,230704,10 11 3 0 1 9 4 8 7 5 2 6 
808,3.72665e-06,4.33454e-06,3.0839e-06,50,100,100,230704,10 11 3 0 1 9 4 8 7 5 2 6 
809,3.7323e-06,4.33454e-06,3.08088e-06,50,100,100,230704,10 11 3 0 1 9 4 8 7 5 2 6 
810,3.66177e-06,4.33454e-06,3.02895e-06,50,100,100,230704,10 11 3 0 1 9 4 8 7 5 2 6 
811,3.69305e-06,4.33454e-06,3.14087e-06,50,100,100,230704,10 11 3 0 1 9 4 8 7 5 2 6 
812,3.71957e-06,4.33454e-06,2.97158e-06,50,100,100,230704,10 11 3 0 1 9 4 8 7 5 2 6 
813,3.65634e-06,4.33454e-06,3.04873e-06,50,100,100,230704,10 11 3 0 1 9 4 8 7 5 2 6 
814,3.72967e-06,4.33454e-06,3.09591e-06,50,100,100,230704,10 11 3 0 1 9 4 8 7 5 2 6 
815,3.70168e-06,4.33454e-06,2.98135e-06,50,100,100,230704,10 11 3 0 1 9 4 8 7 5 2 6 
816,3.73033e-06,4.33454e-06,3.0578e-06,50,100,100,230704,10 11 3 0 1 9 4 8 7 5 2 6 
817,3.71091e-06,4.33454e-06,3.0794e-06,50,100,100,230704,10 11 3 0 1 9 4 8 7 5 2 6 
818,3.70417e-06,4.33454e-06,3.11757e-06,50,100,100,230704,10 11 3 0 1 9 4 8 7 5 2 6 
819,3.70194e-06,4.33454e-06,3.04873e-06,50,100,100,230704,10 11 3 0 1 9 4 8 7 5 2 6 
820,3.68589e-06,4.33454e-06,3.15307e-06,50,100,100,230704,10 11 3 0 1 9 4 8 7 5 2 6 
821,3.71872e-06,4.33454e-06,3.01355e-06,50,100,100,230704,10 11 3 0 1 9 4 8 7 5 2 6 
822,3.77513e-06,4.33454e-06,3.05993e-06,50,100,100,230704,10 11 3 0 1 9 4 8 7 5 2 6 
823,3.68016e-06,4.33454e-06,3.03414e-06,50,100,100,230704,10 11 3 0 1 9 4 8 7 5 2 6 
824,3.69554e-06,4.33454e-06,3.12358e-06,50,100,100,230704,10 11 3 0 1 9 4 8 7 5 2 6 
825,3.67007e-06,4.33454e-06,3.0794e-06,50,100,100,230704,10 11 3 0 1 9 4 8 7 5 2 6 
826,3.66609e-06,4.33454e-06,3.08639e-06,50,100,100,230704,10 11 3 0 1 9 4 8 7 5 2 6 
827,3.76359e-06,4.33454e-06,3.12779e-06,50,100,100,230704,10 11 3 0 1 9 4 8 7 5 2 6 
828,3.64038e-06,4.33454e-06,2.99089e-06,50,100,100,230704,10 11 3 0 1 9 4 8 7 5 2 6 
829,3.6549e-06,4.33454e-06,3.07544e-06,50,100,100,230704,10 11 3 0 1 9 4 8 7 5 2 6 
830,3.61108e-06,4.33454e-06,2.93837e-06,50,100,100,230704,10 11 3 0 1 9 4 8 7 5 2 6 
831,3.64026e-06,4.33454e-06,2.98615e-06,50,100,100,230704,10 11 3 0 1 9 4 8 7 5 2 6 
832,3.63387e-06,4.33454e-06,2.97232e-06,50,100,100,230704,10 11 3 0 1 9 4 8 7 5 2 6 
833,3.63828e-06,4.33454e-06,3.08771e-06,50,100,100,230704,10 11 3 0 1 9 4 8 7 5 2 6 
834,3.67827e-06,4.33454e-06,3.04084e-06,50,100,100,230704,10 11 3 0 1 9 4 8 7 5 2 6 
835,3.73111e-06,4.33454e-06,3.12538e-06,50,100,100,230704,10 11 3 0 1 9 4 8 7 5 2 6 
836,3.75548e-06,4.33454e-06,3.09813e-06,50,100,100,230704,10 11 3 0 1 9 4 8 7 5 2 6 
837,3.79001e-06,4.33454e-06,3.11024e-06,50,100,100,230704,10 11 3 0 1 9 4 8 7 5 2 6 
838,3.72446e-06,4.33454e-06,3.09925e-06,50,100,100,230704,10 11 3 0 1 9 4 8 7 5 2 6 
839,3.7355e-06,4.33454e-06,2.95247e-06,50,100,100,230704,10 11 3 0 1 9 4 8 7 5 2 6 
840,3.77066e-06,4.33454e-06,3.07466e-06,50,100,100,230704,10 11 3 0 1 9 4 8 7 5 2 6 
841,3.74915e-06,4.33454e-06,3.01687e-06,50,100,100,230704,10 11 3 0 1 9 4 8 7 5 2 6 
842,3.75076e-06,4.33454e-06,3.07778e-06,50,100,100,230704,10 11 3 0 1 9 4 8 7 5 2 6 
843,3.73729e-06,4.33454e-06,3.09729e-06,50,100,100,230704,10 11 3 0 1 9 4 8 7 5 2 6 
844,3.75981e-06,4.33454e-06,3.05753e-06,50,100,100,230704,10 11 3 0 1 9 4 8 7 5 2 6 
845,3.72259e-06,4.33454e-06,3.08517e-06,50,100,100,230704,10 11 3 0 1 9 4 8 7 5 2 6 
846,3.74655e-06,4.33454e-06,3.14158e-06,50,100,100,230704,10 11 3 0 1 9 4 8 7 5 2 6 
847,3.66307e-06,4.33454e-06,3.04015e-06,50,100,100,230704,10 11 3 0 1 9 4 8 7 5 2 6 
848,3.61387e-06,4.33454e-06,3.00677e-06,50,100,100,230704,10 11 3 0 1 9 4 8 7 5 2 6 
849,3.67171e-06,4.33454e-06,3.04743e-06,50,100,100,230704,10 11 3 0 1 9 4 8 7 5 2 6 
850,3.7014e-06,4.33454e-06,2.98225e-06,50,100,100,230704,10 11 3 0 1 9 4 8 7 5 2 6 
851,3.72195e-06,4.33454e-06,3.02289e-06,50,100,100,230704,10 11 3 0 1 9 4 8 7 5 2 6 
852,3.75558e-06,4.33454e-06,3.09689e-06,50,100,100,230704,10 11 3 0 1 9 4 8 7 5 2 6 
853,3.74351e-06,4.33454e-06,3.0839e-06,50,100,100,230704,10 11 3 0 1 9 4 8 7 5 2 6 
854,3.69049e-06,4.33454e-06,3.09286e-06,50,100,100,230704,10 11 3 0 1 9 4 8 7 5 2 6 
855,3.70985e-06,4.33454e-06,3.04873e-06,50,100,100,230704,10 11 3 0 1 9 4 8 7 5 2 6 
856,3.74092e-06,4.33454e-06,3.13734e-06,50,100,100,230704,10 11 3 0 1 9 4 8 7 5 2 6 
857,3.71255e-06,4.33454e-06,3.15767e-06,50,100,100,230704,10 11 3 0 1 9 4 8 7 5 2 6 
858,3.75523e-06,4.33454e-06,3.02247e-06,50,100,100,230704,10 11 3 0 1 9 4 8 7 5 2 6 
859,3.68982e-06,4.33454e-06,3.05423e-06,50,100,100,230704,10 11 3 0 1 9 4 8 7 5 2 6 
860,3.71019e-06,4.33454e-06,3.08599e-06,50,100,100,230704,10 11 3 0 1 9 4 8 7 5 2 6 
861,3.77061e-06,4.33454e-06,3.11792e-06,50,100,100,230704,10 11 3 0 1 9 4 8 7 5 2 6 
862,3.74604e-06,4.33454e-06,3.12037e-06,50,100,100,230704,10 11 3 0 1 9 4 8 7 5 2 6 
863,3.73546e-06,4.33454e-06,3.03675e-06,50,100,100,230704,10 11 3 0 1 9 4 8 7 5 2 6 
864,3.73993e-06,4.33454e-06,3.03438e-06,50,100,100,230704,10 11 3 0 1 9 4 8 7 5 2 6 
865,3.73273e-06,4.33454e-06,2.96577e-06,50,100,100,230704,10 11 3 0 1 9 4 8 7 5 2 6 
866,3.70362e-06,4.33454e-06,3.08835e-06,50,100,100,230704,10 11 3 0 1 9 4 8 7 5 2 6 
867,3.74661e-06,4.33454e-06,2.99675e-06,50,100,100,230704,10 11 3 0 1 9 4 8 7 5 2 6 
868,3.67074e-06,4.33454e-06,3.03484e-06,50,100,100,230704,10 11 3 0 1 9 4 8 7 5 2 6 
869,3.63592e-06,4.33454e-06,3.04699e-06,50,100,100,230704,10 11 3 0 1 9 4 8 7 5 2 6 
870,3.62538e-06,4.33454e-06,3.12148e-06,50,100,100,230704,10 11 3 0 1 9 4 8 7 5 2 6 
871,3.61584e-06,4.33454e-06,2.96341e-06,50,100,100,230704,10 11 3 0 1 9 4 8 7 5 2 6 
872,3.64723e-06,4.33454e-06,3.15263e-06,50,100,100,230704,10 11 3 0 1 9 4 8 7 5 2 6 
873,3.69166e-06,4.33454e-06,3.11231e-06,50,100,100,230704,10 11 3 0 1 9 4 8 7 5 2 6 
874,3.67398e-06,4.33454e-06,3.03843e-06,50,100,100,230704,10 11 3 0 1 9 4 8 7 5 2 6 
875,3.72285e-06,4.33454e-06,3.09183e-06,50,100,100,230704,10 11 3 0 1 9 4 8 7 5 2 6 
876,3.69092e-06,4.33454e-06,3.02218e-06,50,100,100,230704,10 11 3 0 1 9 4 8 7 5 2 6 
877,3.65671e-06,4.33454e-06,3.0624e-06,50,100,100,230704,10 11 3 0 1 9 4 8 7 5 2 6 
878,3.66967e-06,4.33454e-06,3.04963e-06,50,100,100,230704,10 11 3 0 1 9 4 8 7 5 2 6 
879,3.68024e-06,4.33454e-06,3.01093e-06,50,100,100,230704,10 11 3 0 1 9 4 8 7 5 2 6 
880,3.68064e-06,4.33454e-06,3.01775e-06,50,100,100,230704,10 11 3 0 1 9 4 8 7 5 2 6 
881,3.70023e-06,4.33454e-06,3.09925e-06,50,100,100,230704,10 11 3 0 1 9 4 8 7 5 2 6 
882,3.65066e-06,4.33454e-06,3.00449e-06,50,100,100,230704,10 11 3 0 1 9 4 8 7 5 2 6 
883,3.67162e-06,4.33454e-06,2.982e-06,50,100,100,230704,10 11 3 0 1 9 4 8 7 5 2 6 
884,3.65562e-06,4.33454e-06,3.08135e-06,50,100,100,230704,10 11 3 0 1 9 4 8 7 5 2 6 
885,3.67343e-06,4.33454e-06,3.0364e-06,50,100,100,230704,10 11 3 0 1 9 4 8 7 5 2 6 
886,3.68128e-06,4.33454e-06,2.94793e-06,50,100,100,230704,10 11 3 0 1 9 4 8 7 5 2 6 
887,3.62968e-06,4.33454e-06,3.03274e-06,50,100,100,230704,10 11 3 0 1 9 4 8 7 5 2 6 
888,3.67846e-06,4.33454e-06,3.01848e-06,50,100,100,230704,10 11 3 0 1 9 4 8 7 5 2 6 
889,3.69377e-06,4.33454e-06,3.11268e-06,50,100,100,230704,10 11 3 0 1 9 4 8 7 5 2 6 
890,3.65939e-06,4.33454e-06,3.01182e-06,50,100,100,230704,10 11 3 0 1 9 4 8 7 5 2 6 
891,3.73031e-06,4.33454e-06,3.12916e-06,50,100,100,230704,10 11 3 0 1 9 4 8 7 5 2 6 
892,3.66119e-06,4.33454e-06,3.02443e-06,50,100,100,230704,10 11 3 0 1 9 4 8 7 5 2 6 
893,3.66337e-06,4.33454e-06,3.03522e-06,50,100,100,230704,10 11 3 0 1 9 4 8 7 5 2 6 
894,3.68564e-06,4.33454e-06,3.10633e-06,50,100,100,230704,10 11 3 0 1 9 4 8 7 5 2 6 
895,3.69197e-06,4.33454e-06,3.03755e-06,50,100,100,230704,10 11 3 0 1 9 4 8 7 5 2 6 
896,3.70819e-06,4.33454e-06,2.97494e-06,50,100,100,230704,10 11 3 0 1 9 4 8 7 5 2 6 
897,3.76513e-06,4.33454e-06,3.0646e-06,50,100,100,230704,10 11 3 0 1 9 4 8 7 5 2 6 
898,3.68489e-06,4.33454e-06,3.00271e-06,50,100,100,230704,10 11 3 0 1 9 4 8 7 5 2 6 
899,3.71594e-06,4.33454e-06,3.08683e-06,50,100,100,230704,10 11 3 0 1 9 4 8 7 5 2 6 
900,3.66781e-06,4.33454e-06,2.96717e-06,50,100,100,230704,10 11 3 0 1 9 4 8 7 5 2 6 
901,3.64154e-06,4.33454e-06,3.08057e-06,50,100,100,230704,10 11 3 0 1 9 4 8 7 5 2 6 
902,3.73566e-06,4.33454e-06,3.17101e-06,50,100,100,230704,10 11 3 0 1 9 4 8 7 5 2 6 
903,3.6455e-06,4.33454e-06,3.10948e-06,50,100,100,230704,10 11 3 0 1 9 4 8 7 5 2 6 
904,3.6445e-06,4.33454e-06,3.04206e-06,50,100,100,230704,10 11 3 0 1 9 4 8 7 5 2 6 
905,3.64062e-06,4.33454e-06,3.03973e-06,50,100,100,230704,10 11 3 0 1 9 4 8 7 5 2 6 
906,3.6423e-06,4.33454e-06,2.97943e-06,50,100,100,230704,10 11 3 0 1 9 4 8 7 5 2 6 
907,3.61095e-06,4.33454e-06,3.06981e-06,50,100,100,230704,10 11 3 0 1 9 4 8 7 5 2 6 
908,3.58712e-06,4.33454e-06,3.13017e-06,50,100,100,230704,10 11 3 0 1 9 4 8 7 5 2 6 
909,3.58133e-06,4.33454e-06,2.98024e-06,50,100,100,230704,10 11 3 0 1 9 4 8 7 5 2 6 
910,3.66131e-06,4.33454e-06,3.06926e-06,50,100,100,230704,10 11 3 0 1 9 4 8 7 5 2 6 
911,3.65737e-06,4.33454e-06,3.0694e-06,50,100,100,230704,10 11 3 0 1 9 4 8 7 5 2 6 
912,3.65436e-06,4.33454e-06,3.09773e-06,50,100,100,230704,10 11 3 0 1 9 4 8 7 5 2 6 
913,3.65564e-06,4.33454e-06,3.04333e-06,50,100,100,230704,10 11 3 0 1 9 4 8 7 5 2 6 
914,3.60432e-06,4.33454e-06,3.06851e-06,50,100,100,230704,10 11 3 0 1 9 4 8 7 5 2 6 
915,3.6449e-06,4.33454e-06,2.92339e-06,50,100,100,230704,10 11 3 0 1 9 4 8 7 5 2 6 
916,3.70847e-06,4.33454e-06,3.08443e-06,50,100,100,230704,10 11 3 0 1 9 4 8 7 5 2 6 
917,3.67146e-06,4.33454e-06,2.99898e-06,50,100,100,230704,10 11 3 0 1 9 4 8 7 5 2 6 
918,3.70971e-06,4.33454e-06,3.08175e-06,50,100,100,230704,10 11 3 0 1 9 4 8 7 5 2 6 
919,3.68567e-06,4.33454e-06,2.908e-06,50,100,100,230704,10 11 3 0 1 9 4 8 7 5 2 6 
920,3.64388e-06,4.33454e-06,3.07345e-06,50,100,100,230704,10 11 3 0 1 9 4 8 7 5 2 6 
921,3.69512e-06,4.33454e-06,3.04873e-06,50,100,100,230704,10 11 3 0 1 9 4 8 7 5 2 6 
922,3.7167e-06,4.33454e-06,2.99804e-06,50,100,100,230704,10 11 3 0 1 9 4 8 7 5 2 6 
923,3.70195e-06,4.33454e-06,3.05729e-06,50,100,100,230704,10 11 3 0 1 9 4 8 7 5 2 6 
924,3.70226e-06,4.33454e-06,2.98455e-06,50,100,100,230704,10 11 3 0 1 9 4 8 7 5 2 6 
925,3.73167e-06,4.33454e-06,2.96309e-06,50,100,100,230704,10 11 3 0 1 9 4 8 7 5 2 6 
926,3.7295e-06,4.33454e-06,3.03438e-06,50,100,100,230704,10 11 3 0 1 9 4 8 7 5 2 6 
927,3.72209e-06,4.33454e-06,3.03613e-06,50,100,100,230704,10 11 3 0 1 9 4 8 7 5 2 6 
928,3.73702e-06,4.33454e-06,3.06874e-06,50,100,100,230704,10 11 3 0 1 9 4 8 7 5 2 6 
929,3.73376e-06,4.33454e-06,3.07375e-06,50,100,100,230704,10 11 3 0 1 9 4 8 7 5 2 6 
930,3.74015e-06,4.33454e-06,3.08845e-06,50,100,100,230704,10 11 3 0 1 9 4 8 7 5 2 6 
931,3.7642e-06,4.33454e-06,3.09925e-06,50,100,100,230704,10 11 3 0 1 9 4 8 7 5 2 6 
932,3.72255e-06,4.33454e-06,3.07085e-06,50,100,100,230704,10 11 3 0 1 9 4 8 7 5 2 6 
933,3.74627e-06,4.33454e-06,3.04846e-06,50,100,100,230704,10 11 3 0 1 9 4 8 7 5 2 6 
934,3.80708e-06,4.33454e-06,3.16173e-06,50,100,100,230704,10 11 3 0 1 9 4 8 7 5 2 6 
935,3.82827e-06,4.33454e-06,3.10196e-06,50,100,100,230704,10 11 3 0 1 9 4 8 7 5 2 6 
936,3.79625e-06,4.33454e-06,3.09114e-06,50,100,100,230704,10 11 3 0 1 9 4 8 7 5 2 6 
937,3.75391e-06,4.33454e-06,3.05748e-06,50,100,100,230704,10 11 3 0 1 9 4 8 7 5 2 6 
938,3.74727e-06,4.33454e-06,3.10724e-06,50,100,100,230704,10 11 3 0 1 9 4 8 7 5 2 6 
939,3.71767e-06,4.33454e-06,3.03386e-06,50,100,100,230704,10 11 3 0 1 9 4 8 7 5 2 6 
940,3.73053e-06,4.33454e-06,3.10834e-06,50,100,100,230704,10 11 3 0 1 9 4 8 7 5 2 6 
941,3.67281e-06,4.33454e-06,2.99519e-06,50,100,100,230704,10 11 3 0 1 9 4 8 7 5 2 6 
942,3.64486e-06,4.33454e-06,2.96663e-06,50,100,100,230704,10 11 3 0 1 9 4 8 7 5 2 6 
943,3.58963e-06,4.33454e-06,3.04456e-06,50,100,100,230704,10 11 3 0 1 9 4 8 7 5 2 6 
944,3.61123e-06,4.33454e-06,3.08426e-06,50,100,100,230704,10 11 3 0 1 9 4 8 7 5 2 6 
945,3.66474e-06,4.33454e-06,3.09806e-06,50,100,100,230704,10 11 3 0 1 9 4 8 7 5 2 6 
946,3.59439e-06,4.33454e-06,3.04287e-06,50,100,100,230704,10 11 3 0 1 9 4 8 7 5 2 6 
947,3.55477e-06,4.33454e-06,2.96872e-06,50,100,100,230704,10 11 3 0 1 9 4 8 7 5 2 6 
948,3.54753e-06,4.33454e-06,2.9373e-06,50,100,100,230704,10 11 3 0 1 9 4 8 7 5 2 6 
949,3.57338e-06,4.33454e-06,2.98213e-06,50,100,100,230704,10 11 3 0 1 9 4 8 7 5 2 6 
950,3.61223e-06,4.33454e-06,3.11644e-06,50,100,100,230704,10 11 3 0 1 9 4 8 7 5 2 6 
951,3.5995e-06,4.33454e-06,3.02202e-06,50,100,100,230704,10 11 3 0 1 9 4 8 7 5 2 6 
952,3.62187e-06,4.33454e-06,3.13943e-06,50,100,100,230704,10 11 3 0 1 9 4 8 7 5 2 6 
953,3.63738e-06,4.33454e-06,3.00726e-06,50,100,100,230704,10 11 3 0 1 9 4 8 7 5 2 6 
954,3.65084e-06,4.33454e-06,3.0574e-06,50,100,100,230704,10 11 3 0 1 9 4 8 7 5 2 6 
955,3.61107e-06,4.33454e-06,3.03237e-06,50,100,100,230704,10 11 3 0 1 9 4 8 7 5 2 6 
956,3.61008e-06,4.33454e-06,3.0215e-06,50,100,100,230704,10 11 3 0 1 9 4 8 7 5 2 6 
957,3.62538e-06,4.33454e-06,3.04339e-06,50,100,100,230704,10 11 3 0 1 9 4 8 7 5 2 6 
958,3.62912e-06,4.33454e-06,2.99865e-06,50,100,100,230704,10 11 3 0 1 9 4 8 7 5 2 6 
959,3.63954e-06,4.33454e-06,3.05565e-06,50,100,100,230704,10 11 3 0 1 9 4 8 7 5 2 6 
960,3.66299e-06,4.33454e-06,3.07445e-06,50,100,100,230704,10 11 3 0 1 9 4 8 7 5 2 6 
961,3.66566e-06,4.33454e-06,3.03854e-06,50,100,100,230704,10 11 3 0 1 9 4 8 7 5 2 6 
962,3.6385e-06,4.33454e-06,3.08118e-06,50,100,100,230704,10 11 3 0 1 9 4 8 7 5 2 6 
963,3.69864e-06,4.33454e-06,3.08813e-06,50,100,100,230704,10 11 3 0 1 9 4 8 7 5 2 6 
964,3.63075e-06,4.33454e-06,2.98878e-06,50,100,100,230704,10 11 3 0 1 9 4 8 7 5 2 6 
965,3.6355e-06,4.33454e-06,3.09925e-06,50,100,100,230704,10 11 3 0 1 9 4 8 7 5 2 6 
966,3.62642e-06,4.33454e-06,3.06902e-06,50,100,100,230704,10 11 3 0 1 9 4 8 7 5 2 6 
967,3.64263e-06,4.33454e-06,2.9545e-06,50,100,100,230704,10 11 3 0 1 9 4 8 7 5 2 6 
968,3.66911e-06,4.33454e-06,3.07379e-06,50,100,100,230704,10 11 3 0 1 9 4 8 7 5 2 6 
969,3.65601e-06,4.33454e-06,3.01255e-06,50,100,100,230704,10 11 3 0 1 9 4 8 7 5 2 6 
970,3.68189e-06,4.33454e-06,3.08135e-06,50,100,100,230704,10 11 3 0 1 9 4 8 7 5 2 6 
971,3.6646e-06,4.33454e-06,3.05456e-06,50,100,100,230704,10 11 3 0 1 9 4 8 7 5 2 6 
972,3.71436e-06,4.33454e-06,3.02258e-06,50,100,100,230704,10 11 3 0 1 9 4 8 7 5 2 6 
973,3.74872e-06,4.33454e-06,3.10585e-06,50,100,100,230704,10 11 3 0 1 9 4 8 7 5 2 6 
974,3.74044e-06,4.33454e-06,3.05275e-06,50,100,100,230704,10 11 3 0 1 9 4 8 7 5 2 6 
975,3.69644e-06,4.33454e-06,3.05384e-06,50,100,100,230704,10 11 3 0 1 9 4 8 7 5 2 6 
976,3.64351e-06,4.33454e-06,3.03094e-06,50,100,100,230704,10 11 3 0 1 9 4 8 7 5 2 6 
977,3.71013e-06,4.33454e-06,3.10703e-06,50,100,100,230704,10 11 3 0 1 9 4 8 7 5 2 6 
978,3.73618e-06,4.33454e-06,2.95983e-06,50,100,100,230704,10 11 3 0 1 9 4 8 7 5 2 6 
979,3.72848e-06,4.33454e-06,2.98332e-06,50,100,100,230704,10 11 3 0 1 9 4 8 7 5 2 6 
980,3.72916e-06,4.33454e-06,3.10583e-06,50,100,100,230704,10 11 3 0 1 9 4 8 7 5 2 6 
981,3.63395e-06,4.33454e-06,3.02805e-06,50,100,100,230704,10 11 3 0 1 9 4 8 7 5 2 6 
982,3.63274e-06,4.33454e-06,3.03274e-06,50,100,100,230704,10 11 3 0 1 9 4 8 7 5 2 6 
983,3.65854e-06,4.33454e-06,3.05482e-06,50,100,100,230704,10 11 3 0 1 9 4 8 7 5 2 6 
984,3.70358e-06,4.33454e-06,3.03768e-06,50,100,100,230704,10 11 3 0 1 9 4 8 7 5 2 6 
985,3.69724e-06,4.33454e-06,3.0435e-06,50,100,100,230704,10 11 3 0 1 9 4 8 7 5 2 6 
986,3.6976e-06,4.33454e-06,3.07164e-06,50,100,100,230704,10 11 3 0 1 9 4 8 7 5 2 6 
987,3.64626e-06,4.33454e-06,3.03524e-06,50,100,100,230704,10 11 3 0 1 9 4 8 7 5 2 6 
988,3.67097e-06,4.33454e-06,3.06608e-06,50,100,100,230704,10 11 3 0 1 9 4 8 7 5 2 6 
989,3.70127e-06,4.33454e-06,3.18722e-06,50,100,100,230704,10 11 3 0 1 9 4 8 7 5 2 6 
990,3.68277e-06,4.33454e-06,3.04095e-06,50,100,100,230704,10 11 3 0 1 9 4 8 7 5 2 6 
991,3.69397e-06,4.33454e-06,3.05753e-06,50,100,100,230704,10 11 3 0 1 9 4 8 7 5 2 6 
992,3.7017e-06,4.33454e-06,3.05961e-06,50,100,100,230704,10 11 3 0 1 9 4 8 7 5 2 6 
993,3.65497e-06,4.33454e-06,3.10213e-06,50,100,100,230704,10 11 3 0 1 9 4 8 7 5 2 6 
994,3.63281e-06,4.33454e-06,3.04396e-06,50,100,100,230704,10 11 3 0 1 9 4 8 7 5 2 6 
995,3.65817e-06,4.33454e-06,3.02046e-06,50,100,100,230704,10 11 3 0 1 9 4 8 7 5 2 6 
996,3.73161e-06,4.33454e-06,3.10392e-06,50,100,100,230704,10 11 3 0 1 9 4 8 7 5 2 6 
997,3.71354e-06,4.33454e-06,3.06475e-06,50,100,100,230704,10 11 3 0 1 9 4 8 7 5 2 6 
998,3.78518e-06,4.33454e-06,3.10504e-06,50,100,100,230704,10 11 3 0 1 9 4 8 7 5 2 6 
999,3.7109e-06,4.33454e-06,3.06851e-06,50,100,100,230704,10 11 3 0 1 9 4 8 7 5 2 6 
