Generación,Media,Mejor,Peor,Cruzas,Mutaciones,Inversiones,Costo,Permutación
1,3.24746e-06,3.64619e-06,2.93557e-06,50,100,100,274258,1 3 10 0 4 5 8 2 6 9 11 7 
2,3.27607e-06,3.64619e-06,3.00227e-06,50,100,100,274258,1 3 10 0 4 5 8 2 6 9 11 7 
3,3.27753e-06,3.65517e-06,3.05763e-06,50,100,100,273584,11 2 9 5 7 3 0 4 1 8 10 6 
4,3.28673e-06,3.65517e-06,2.99157e-06,50,100,100,273584,11 2 9 5 7 3 0 4 1 8 10 6 
5,3.27623e-06,3.65621e-06,2.93716e-06,50,100,100,273506,1 6 5 0 11 7 10 9 4 8 2 3 
6,3.28528e-06,3.90984e-06,3.02921e-06,50,100,100,255764,1 11 4 0 7 10 9 8 5 3 2 6 
7,3.31003e-06,3.95484e-06,3.00662e-06,50,100,100,252854,1 9 7 4 5 11 6 0 10 8 3 2 
8,3.28153e-06,3.95484e-06,2.97627e-06,50,100,100,252854,1 9 7 4 5 11 6 0 10 8 3 2 
9,3.29746e-06,3.95484e-06,2.93538e-06,50,100,100,252854,1 9 7 4 5 11 6 0 10 8 3 2 
10,3.32603e-06,3.95484e-06,3.02247e-06,50,100,100,252854,1 9 7 4 5 11 6 0 10 8 3 2 
11,3.31194e-06,3.95484e-06,3.0084e-06,50,100,100,252854,1 9 7 4 5 11 6 0 10 8 3 2 
12,3.29516e-06,3.95484e-06,2.96654e-06,50,100,100,252854,1 9 7 4 5 11 6 0 10 8 3 2 
13,3.30273e-06,3.95484e-06,2.94127e-06,50,100,100,252854,1 9 7 4 5 11 6 0 10 8 3 2 
14,3.28611e-06,3.95484e-06,2.95978e-06,50,100,100,252854,1 9 7 4 5 11 6 0 10 8 3 2 
15,3.29757e-06,3.95484e-06,2.86527e-06,50,100,100,252854,1 9 7 4 5 11 6 0 10 8 3 2 
16,3.29484e-06,3.95484e-06,2.98209e-06,50,100,100,252854,1 9 7 4 5 11 6 0 10 8 3 2 
17,3.32322e-06,3.95484e-06,2.98426e-06,50,100,100,252854,1 9 7 4 5 11 6 0 10 8 3 2 
18,3.32042e-06,3.95484e-06,2.97946e-06,50,100,100,252854,1 9 7 4 5 11 6 0 10 8 3 2 
19,3.30149e-06,3.95928e-06,3.01115e-06,50,100,100,252570,1 9 3 4 5 11 6 0 7 8 10 2 
20,3.332e-06,3.95928e-06,2.88749e-06,50,100,100,252570,1 9 3 4 5 11 6 0 7 8 10 2 
21,3.2878e-06,3.95928e-06,2.94718e-06,50,100,100,252570,1 9 3 4 5 11 6 0 7 8 10 2 
22,3.29923e-06,3.95928e-06,2.99407e-06,50,100,100,252570,1 9 3 4 5 11 6 0 7 8 10 2 
23,3.29018e-06,3.95928e-06,3.02333e-06,50,100,100,252570,1 9 3 4 5 11 6 0 7 8 10 2 
24,3.30923e-06,3.95928e-06,2.97404e-06,50,100,100,252570,1 9 3 4 5 11 6 0 7 8 10 2 
25,3.31536e-06,3.97054e-06,2.9471e-06,50,100,100,251854,1 9 3 5 4 11 6 0 7 8 10 2 
26,3.29754e-06,3.97054e-06,2.96209e-06,50,100,100,251854,1 9 3 5 4 11 6 0 7 8 10 2 
27,3.31466e-06,3.97054e-06,2.9979e-06,50,100,100,251854,1 9 3 5 4 11 6 0 7 8 10 2 
28,3.30372e-06,3.97054e-06,2.97542e-06,50,100,100,251854,1 9 3 5 4 11 6 0 7 8 10 2 
29,3.30399e-06,3.97054e-06,2.9191e-06,50,100,100,251854,1 9 3 5 4 11 6 0 7 8 10 2 
30,3.31214e-06,3.97054e-06,2.94444e-06,50,100,100,251854,1 9 3 5 4 11 6 0 7 8 10 2 
31,3.31686e-06,3.97054e-06,2.95117e-06,50,100,100,251854,1 9 3 5 4 11 6 0 7 8 10 2 
32,3.30307e-06,3.97054e-06,3.06072e-06,50,100,100,251854,1 9 3 5 4 11 6 0 7 8 10 2 
33,3.32236e-06,3.97054e-06,2.97554e-06,50,100,100,251854,1 9 3 5 4 11 6 0 7 8 10 2 
34,3.29772e-06,3.97054e-06,2.95329e-06,50,100,100,251854,1 9 3 5 4 11 6 0 7 8 10 2 
35,3.3039e-06,3.97054e-06,2.98774e-06,50,100,100,251854,1 9 3 5 4 11 6 0 7 8 10 2 
36,3.30192e-06,3.97054e-06,3.01431e-06,50,100,100,251854,1 9 3 5 4 11 6 0 7 8 10 2 
37,3.31065e-06,3.97054e-06,2.98829e-06,50,100,100,251854,1 9 3 5 4 11 6 0 7 8 10 2 
38,3.30129e-06,3.97054e-06,3.02229e-06,50,100,100,251854,1 9 3 5 4 11 6 0 7 8 10 2 
39,3.30558e-06,3.97054e-06,3.016e-06,50,100,100,251854,1 9 3 5 4 11 6 0 7 8 10 2 
40,3.27762e-06,3.97054e-06,2.93901e-06,50,100,100,251854,1 9 3 5 4 11 6 0 7 8 10 2 
41,3.29211e-06,3.97054e-06,3.00316e-06,50,100,100,251854,1 9 3 5 4 11 6 0 7 8 10 2 
42,3.29622e-06,3.97054e-06,2.96408e-06,50,100,100,251854,1 9 3 5 4 11 6 0 7 8 10 2 
43,3.3231e-06,3.97054e-06,2.93832e-06,50,100,100,251854,1 9 3 5 4 11 6 0 7 8 10 2 
44,3.30971e-06,3.97054e-06,2.98081e-06,50,100,100,251854,1 9 3 5 4 11 6 0 7 8 10 2 
45,3.3158e-06,3.97054e-06,2.94491e-06,50,100,100,251854,1 9 3 5 4 11 6 0 7 8 10 2 
46,3.31135e-06,3.97054e-06,2.96795e-06,50,100,100,251854,1 9 3 5 4 11 6 0 7 8 10 2 
47,3.33132e-06,3.97054e-06,2.97155e-06,50,100,100,251854,1 9 3 5 4 11 6 0 7 8 10 2 
48,3.32199e-06,3.97054e-06,2.97751e-06,50,100,100,251854,1 9 3 5 4 11 6 0 7 8 10 2 
49,3.28125e-06,3.97054e-06,2.93552e-06,50,100,100,251854,1 9 3 5 4 11 6 0 7 8 10 2 
50,3.31797e-06,3.97054e-06,2.98417e-06,50,100,100,251854,1 9 3 5 4 11 6 0 7 8 10 2 
51,3.318e-06,3.97054e-06,2.98669e-06,50,100,100,251854,1 9 3 5 4 11 6 0 7 8 10 2 
52,3.32467e-06,3.97054e-06,2.85771e-06,50,100,100,251854,1 9 3 5 4 11 6 0 7 8 10 2 
53,3.32937e-06,3.97054e-06,2.98853e-06,50,100,100,251854,1 9 3 5 4 11 6 0 7 8 10 2 
54,3.31094e-06,3.97054e-06,2.94958e-06,50,100,100,251854,1 9 3 5 4 11 6 0 7 8 10 2 
55,3.3061e-06,3.97054e-06,3.02152e-06,50,100,100,251854,1 9 3 5 4 11 6 0 7 8 10 2 
56,3.3078e-06,3.97054e-06,3.02028e-06,50,100,100,251854,1 9 3 5 4 11 6 0 7 8 10 2 
57,3.2655e-06,3.97054e-06,2.98199e-06,50,100,100,251854,1 9 3 5 4 11 6 0 7 8 10 2 
58,3.28175e-06,3.97054e-06,2.98681e-06,50,100,100,251854,1 9 3 5 4 11 6 0 7 8 10 2 
59,3.29774e-06,3.97054e-06,2.98186e-06,50,100,100,251854,1 9 3 5 4 11 6 0 7 8 10 2 
60,3.30849e-06,3.97054e-06,2.98062e-06,50,100,100,251854,1 9 3 5 4 11 6 0 7 8 10 2 
61,3.32625e-06,3.97054e-06,3.01126e-06,50,100,100,251854,1 9 3 5 4 11 6 0 7 8 10 2 
62,3.32061e-06,3.97054e-06,2.94507e-06,50,100,100,251854,1 9 3 5 4 11 6 0 7 8 10 2 
63,3.29853e-06,3.97054e-06,2.99865e-06,50,100,100,251854,1 9 3 5 4 11 6 0 7 8 10 2 
64,3.31496e-06,3.97054e-06,2.92669e-06,50,100,100,251854,1 9 3 5 4 11 6 0 7 8 10 2 
65,3.34294e-06,3.97054e-06,2.96952e-06,50,100,100,251854,1 9 3 5 4 11 6 0 7 8 10 2 
66,3.30028e-06,3.97054e-06,2.92428e-06,50,100,100,251854,1 9 3 5 4 11 6 0 7 8 10 2 
67,3.33375e-06,3.97054e-06,2.91616e-06,50,100,100,251854,1 9 3 5 4 11 6 0 7 8 10 2 
68,3.32242e-06,3.97054e-06,2.97388e-06,50,100,100,251854,1 9 3 5 4 11 6 0 7 8 10 2 
69,3.32177e-06,3.97054e-06,2.99094e-06,50,100,100,251854,1 9 3 5 4 11 6 0 7 8 10 2 
70,3.33353e-06,3.97054e-06,2.99051e-06,50,100,100,251854,1 9 3 5 4 11 6 0 7 8 10 2 
71,3.36347e-06,3.97054e-06,2.95845e-06,50,100,100,251854,1 9 3 5 4 11 6 0 7 8 10 2 
72,3.33938e-06,3.97054e-06,2.97544e-06,50,100,100,251854,1 9 3 5 4 11 6 0 7 8 10 2 
73,3.33694e-06,3.97054e-06,2.98293e-06,50,100,100,251854,1 9 3 5 4 11 6 0 7 8 10 2 
74,3.33381e-06,3.97054e-06,2.92328e-06,50,100,100,251854,1 9 3 5 4 11 6 0 7 8 10 2 
75,3.34371e-06,3.97054e-06,2.97102e-06,50,100,100,251854,1 9 3 5 4 11 6 0 7 8 10 2 
76,3.362e-06,3.97054e-06,2.9899e-06,50,100,100,251854,1 9 3 5 4 11 6 0 7 8 10 2 
77,3.31999e-06,3.97054e-06,2.9553e-06,50,100,100,251854,1 9 3 5 4 11 6 0 7 8 10 2 
78,3.34558e-06,3.97054e-06,2.95882e-06,50,100,100,251854,1 9 3 5 4 11 6 0 7 8 10 2 
79,3.32384e-06,3.97054e-06,2.99492e-06,50,100,100,251854,1 9 3 5 4 11 6 0 7 8 10 2 
80,3.33082e-06,3.97054e-06,2.99511e-06,50,100,100,251854,1 9 3 5 4 11 6 0 7 8 10 2 
81,3.34063e-06,3.97054e-06,3.01318e-06,50,100,100,251854,1 9 3 5 4 11 6 0 7 8 10 2 
82,3.33281e-06,3.97054e-06,3.05548e-06,50,100,100,251854,1 9 3 5 4 11 6 0 7 8 10 2 
83,3.32364e-06,3.97054e-06,2.99551e-06,50,100,100,251854,1 9 3 5 4 11 6 0 7 8 10 2 
84,3.34133e-06,3.97054e-06,3.00386e-06,50,100,100,251854,1 9 3 5 4 11 6 0 7 8 10 2 
85,3.34956e-06,3.97054e-06,2.9615e-06,50,100,100,251854,1 9 3 5 4 11 6 0 7 8 10 2 
86,3.34341e-06,3.97054e-06,3.02894e-06,50,100,100,251854,1 9 3 5 4 11 6 0 7 8 10 2 
87,3.34968e-06,3.97054e-06,3.04328e-06,50,100,100,251854,1 9 3 5 4 11 6 0 7 8 10 2 
88,3.34153e-06,3.97054e-06,2.97638e-06,50,100,100,251854,1 9 3 5 4 11 6 0 7 8 10 2 
89,3.32315e-06,3.97054e-06,2.91298e-06,50,100,100,251854,1 9 3 5 4 11 6 0 7 8 10 2 
90,3.31752e-06,3.97054e-06,3.00965e-06,50,100,100,251854,1 9 3 5 4 11 6 0 7 8 10 2 
91,3.31811e-06,3.97054e-06,2.97677e-06,50,100,100,251854,1 9 3 5 4 11 6 0 7 8 10 2 
92,3.33302e-06,3.97054e-06,3.01665e-06,50,100,100,251854,1 9 3 5 4 11 6 0 7 8 10 2 
93,3.30705e-06,3.97054e-06,2.98407e-06,50,100,100,251854,1 9 3 5 4 11 6 0 7 8 10 2 
94,3.33045e-06,3.97054e-06,2.99905e-06,50,100,100,251854,1 9 3 5 4 11 6 0 7 8 10 2 
95,3.32199e-06,3.97054e-06,2.98199e-06,50,100,100,251854,1 9 3 5 4 11 6 0 7 8 10 2 
96,3.31014e-06,3.97054e-06,2.89806e-06,50,100,100,251854,1 9 3 5 4 11 6 0 7 8 10 2 
97,3.28966e-06,3.97054e-06,2.94764e-06,50,100,100,251854,1 9 3 5 4 11 6 0 7 8 10 2 
98,3.31188e-06,3.97054e-06,2.99599e-06,50,100,100,251854,1 9 3 5 4 11 6 0 7 8 10 2 
99,3.33729e-06,3.97054e-06,3.00036e-06,50,100,100,251854,1 9 3 5 4 11 6 0 7 8 10 2 
100,3.32301e-06,3.97054e-06,3.07262e-06,50,100,100,251854,1 9 3 5 4 11 6 0 7 8 10 2 
101,3.31119e-06,3.97054e-06,2.99777e-06,50,100,100,251854,1 9 3 5 4 11 6 0 7 8 10 2 
102,3.3348e-06,3.97054e-06,2.92551e-06,50,100,100,251854,1 9 3 5 4 11 6 0 7 8 10 2 
103,3.30216e-06,3.97054e-06,2.968e-06,50,100,100,251854,1 9 3 5 4 11 6 0 7 8 10 2 
104,3.3243e-06,3.97054e-06,2.97452e-06,50,100,100,251854,1 9 3 5 4 11 6 0 7 8 10 2 
105,3.32048e-06,3.97054e-06,2.98551e-06,50,100,100,251854,1 9 3 5 4 11 6 0 7 8 10 2 
106,3.34091e-06,3.97054e-06,3.01766e-06,50,100,100,251854,1 9 3 5 4 11 6 0 7 8 10 2 
107,3.29649e-06,3.97054e-06,2.98467e-06,50,100,100,251854,1 9 3 5 4 11 6 0 7 8 10 2 
108,3.29067e-06,3.97054e-06,2.97017e-06,50,100,100,251854,1 9 3 5 4 11 6 0 7 8 10 2 
109,3.30788e-06,3.97054e-06,2.89052e-06,50,100,100,251854,1 9 3 5 4 11 6 0 7 8 10 2 
110,3.30501e-06,3.97054e-06,2.91502e-06,50,100,100,251854,1 9 3 5 4 11 6 0 7 8 10 2 
111,3.30649e-06,3.97054e-06,3.01777e-06,50,100,100,251854,1 9 3 5 4 11 6 0 7 8 10 2 
112,3.29298e-06,3.97054e-06,3.00514e-06,50,100,100,251854,1 9 3 5 4 11 6 0 7 8 10 2 
113,3.33224e-06,3.97054e-06,2.99813e-06,50,100,100,251854,1 9 3 5 4 11 6 0 7 8 10 2 
114,3.3297e-06,3.97054e-06,2.99495e-06,50,100,100,251854,1 9 3 5 4 11 6 0 7 8 10 2 
115,3.3179e-06,3.97054e-06,2.97218e-06,50,100,100,251854,1 9 3 5 4 11 6 0 7 8 10 2 
116,3.28492e-06,3.97054e-06,2.92436e-06,50,100,100,251854,1 9 3 5 4 11 6 0 7 8 10 2 
117,3.28111e-06,3.97054e-06,2.98989e-06,50,100,100,251854,1 9 3 5 4 11 6 0 7 8 10 2 
118,3.30524e-06,3.97054e-06,2.94302e-06,50,100,100,251854,1 9 3 5 4 11 6 0 7 8 10 2 
119,3.31794e-06,3.97054e-06,2.99625e-06,50,100,100,251854,1 9 3 5 4 11 6 0 7 8 10 2 
120,3.31137e-06,3.97054e-06,3.00599e-06,50,100,100,251854,1 9 3 5 4 11 6 0 7 8 10 2 
121,3.32072e-06,3.97054e-06,3.04582e-06,50,100,100,251854,1 9 3 5 4 11 6 0 7 8 10 2 
122,3.32303e-06,3.97054e-06,2.95335e-06,50,100,100,251854,1 9 3 5 4 11 6 0 7 8 10 2 
123,3.3175e-06,3.97054e-06,2.99393e-06,50,100,100,251854,1 9 3 5 4 11 6 0 7 8 10 2 
124,3.29837e-06,3.97054e-06,3.03897e-06,50,100,100,251854,1 9 3 5 4 11 6 0 7 8 10 2 
125,3.30126e-06,3.97054e-06,2.94105e-06,50,100,100,251854,1 9 3 5 4 11 6 0 7 8 10 2 
126,3.33008e-06,3.97054e-06,2.98567e-06,50,100,100,251854,1 9 3 5 4 11 6 0 7 8 10 2 
127,3.31849e-06,3.97054e-06,2.98856e-06,50,100,100,251854,1 9 3 5 4 11 6 0 7 8 10 2 
128,3.3251e-06,3.97054e-06,2.98546e-06,50,100,100,251854,1 9 3 5 4 11 6 0 7 8 10 2 
129,3.3212e-06,3.97054e-06,2.98442e-06,50,100,100,251854,1 9 3 5 4 11 6 0 7 8 10 2 
130,3.33087e-06,3.97054e-06,3.01942e-06,50,100,100,251854,1 9 3 5 4 11 6 0 7 8 10 2 
131,3.31832e-06,3.97054e-06,2.97514e-06,50,100,100,251854,1 9 3 5 4 11 6 0 7 8 10 2 
132,3.3227e-06,3.97054e-06,2.99083e-06,50,100,100,251854,1 9 3 5 4 11 6 0 7 8 10 2 
133,3.32594e-06,3.97054e-06,3.04987e-06,50,100,100,251854,1 9 3 5 4 11 6 0 7 8 10 2 
134,3.29959e-06,3.97054e-06,3.03482e-06,50,100,100,251854,1 9 3 5 4 11 6 0 7 8 10 2 
135,3.31969e-06,3.97054e-06,3.0091e-06,50,100,100,251854,1 9 3 5 4 11 6 0 7 8 10 2 
136,3.29256e-06,3.97054e-06,2.94046e-06,50,100,100,251854,1 9 3 5 4 11 6 0 7 8 10 2 
137,3.28346e-06,3.97054e-06,2.92301e-06,50,100,100,251854,1 9 3 5 4 11 6 0 7 8 10 2 
138,3.31191e-06,3.97054e-06,3.03585e-06,50,100,100,251854,1 9 3 5 4 11 6 0 7 8 10 2 
139,3.3234e-06,3.97054e-06,2.95967e-06,50,100,100,251854,1 9 3 5 4 11 6 0 7 8 10 2 
140,3.31659e-06,3.97054e-06,2.92878e-06,50,100,100,251854,1 9 3 5 4 11 6 0 7 8 10 2 
141,3.31208e-06,3.97054e-06,2.97508e-06,50,100,100,251854,1 9 3 5 4 11 6 0 7 8 10 2 
142,3.30688e-06,3.97054e-06,2.92275e-06,50,100,100,251854,1 9 3 5 4 11 6 0 7 8 10 2 
143,3.3608e-06,3.97054e-06,2.99544e-06,50,100,100,251854,1 9 3 5 4 11 6 0 7 8 10 2 
144,3.3351e-06,3.97054e-06,3.00498e-06,50,100,100,251854,1 9 3 5 4 11 6 0 7 8 10 2 
145,3.30728e-06,3.97054e-06,2.97254e-06,50,100,100,251854,1 9 3 5 4 11 6 0 7 8 10 2 
146,3.32215e-06,3.97054e-06,3.02381e-06,50,100,100,251854,1 9 3 5 4 11 6 0 7 8 10 2 
147,3.2967e-06,3.97054e-06,2.9415e-06,50,100,100,251854,1 9 3 5 4 11 6 0 7 8 10 2 
148,3.29326e-06,3.97054e-06,3.00514e-06,50,100,100,251854,1 9 3 5 4 11 6 0 7 8 10 2 
149,3.32466e-06,3.97054e-06,3.04515e-06,50,100,100,251854,1 9 3 5 4 11 6 0 7 8 10 2 
150,3.32189e-06,3.97054e-06,3.00096e-06,50,100,100,251854,1 9 3 5 4 11 6 0 7 8 10 2 
151,3.28582e-06,3.97054e-06,2.96666e-06,50,100,100,251854,1 9 3 5 4 11 6 0 7 8 10 2 
152,3.31797e-06,3.97054e-06,2.94108e-06,50,100,100,251854,1 9 3 5 4 11 6 0 7 8 10 2 
153,3.36013e-06,4.06823e-06,3.00677e-06,50,100,100,245806,9 11 4 0 5 8 1 3 10 7 2 6 
154,3.3199e-06,4.06823e-06,2.96201e-06,50,100,100,245806,9 11 4 0 5 8 1 3 10 7 2 6 
155,3.35281e-06,4.06823e-06,3.01186e-06,50,100,100,245806,9 11 4 0 5 8 1 3 10 7 2 6 
156,3.35737e-06,4.06823e-06,2.97217e-06,50,100,100,245806,9 11 4 0 5 8 1 3 10 7 2 6 
157,3.34027e-06,4.06823e-06,2.99201e-06,50,100,100,245806,9 11 4 0 5 8 1 3 10 7 2 6 
158,3.34552e-06,4.06823e-06,3.00849e-06,50,100,100,245806,9 11 4 0 5 8 1 3 10 7 2 6 
159,3.33814e-06,4.06823e-06,2.97264e-06,50,100,100,245806,9 11 4 0 5 8 1 3 10 7 2 6 
160,3.35026e-06,4.06823e-06,3.00872e-06,50,100,100,245806,9 11 4 0 5 8 1 3 10 7 2 6 
161,3.36697e-06,4.06823e-06,3.05363e-06,50,100,100,245806,9 11 4 0 5 8 1 3 10 7 2 6 
162,3.36496e-06,4.06823e-06,3.02353e-06,50,100,100,245806,9 11 4 0 5 8 1 3 10 7 2 6 
163,3.33267e-06,4.06823e-06,3.01921e-06,50,100,100,245806,9 11 4 0 5 8 1 3 10 7 2 6 
164,3.31561e-06,4.06823e-06,2.99235e-06,50,100,100,245806,9 11 4 0 5 8 1 3 10 7 2 6 
165,3.33863e-06,4.06823e-06,2.95567e-06,50,100,100,245806,9 11 4 0 5 8 1 3 10 7 2 6 
166,3.33048e-06,4.06823e-06,2.9909e-06,50,100,100,245806,9 11 4 0 5 8 1 3 10 7 2 6 
167,3.31669e-06,4.06823e-06,2.95764e-06,50,100,100,245806,9 11 4 0 5 8 1 3 10 7 2 6 
168,3.32356e-06,4.06823e-06,2.97854e-06,50,100,100,245806,9 11 4 0 5 8 1 3 10 7 2 6 
169,3.31587e-06,4.06823e-06,3.04701e-06,50,100,100,245806,9 11 4 0 5 8 1 3 10 7 2 6 
170,3.32469e-06,4.06823e-06,3.02187e-06,50,100,100,245806,9 11 4 0 5 8 1 3 10 7 2 6 
171,3.3426e-06,4.06823e-06,2.97446e-06,50,100,100,245806,9 11 4 0 5 8 1 3 10 7 2 6 
172,3.35184e-06,4.06823e-06,3.04256e-06,50,100,100,245806,9 11 4 0 5 8 1 3 10 7 2 6 
173,3.3263e-06,4.06823e-06,2.8834e-06,50,100,100,245806,9 11 4 0 5 8 1 3 10 7 2 6 
174,3.34782e-06,4.06823e-06,2.98728e-06,50,100,100,245806,9 11 4 0 5 8 1 3 10 7 2 6 
175,3.36084e-06,4.07257e-06,3.00417e-06,50,100,100,245544,9 11 4 0 8 5 1 3 10 7 2 6 
176,3.32978e-06,4.07257e-06,2.95361e-06,50,100,100,245544,9 11 4 0 8 5 1 3 10 7 2 6 
177,3.35038e-06,4.07257e-06,3.0305e-06,50,100,100,245544,9 11 4 0 8 5 1 3 10 7 2 6 
178,3.34043e-06,4.07257e-06,3.00798e-06,50,100,100,245544,9 11 4 0 8 5 1 3 10 7 2 6 
179,3.35226e-06,4.07257e-06,3.05636e-06,50,100,100,245544,9 11 4 0 8 5 1 3 10 7 2 6 
180,3.34586e-06,4.07257e-06,2.93725e-06,50,100,100,245544,9 11 4 0 8 5 1 3 10 7 2 6 
181,3.38011e-06,4.07257e-06,2.97719e-06,50,100,100,245544,9 11 4 0 8 5 1 3 10 7 2 6 
182,3.35581e-06,4.07257e-06,3.0004e-06,50,100,100,245544,9 11 4 0 8 5 1 3 10 7 2 6 
183,3.36569e-06,4.07257e-06,2.97187e-06,50,100,100,245544,9 11 4 0 8 5 1 3 10 7 2 6 
184,3.36014e-06,4.07257e-06,2.96851e-06,50,100,100,245544,9 11 4 0 8 5 1 3 10 7 2 6 
185,3.34972e-06,4.07257e-06,3.05248e-06,50,100,100,245544,9 11 4 0 8 5 1 3 10 7 2 6 
186,3.3517e-06,4.07257e-06,2.96922e-06,50,100,100,245544,9 11 4 0 8 5 1 3 10 7 2 6 
187,3.33322e-06,4.07257e-06,2.9888e-06,50,100,100,245544,9 11 4 0 8 5 1 3 10 7 2 6 
188,3.33439e-06,4.07257e-06,3.00267e-06,50,100,100,245544,9 11 4 0 8 5 1 3 10 7 2 6 
189,3.33472e-06,4.07257e-06,2.89718e-06,50,100,100,245544,9 11 4 0 8 5 1 3 10 7 2 6 
190,3.33833e-06,4.07257e-06,2.89675e-06,50,100,100,245544,9 11 4 0 8 5 1 3 10 7 2 6 
191,3.38141e-06,4.07257e-06,2.96636e-06,50,100,100,245544,9 11 4 0 8 5 1 3 10 7 2 6 
192,3.39653e-06,4.09851e-06,3.0697e-06,50,100,100,243990,2 11 9 3 5 8 10 0 1 7 4 6 
193,3.37869e-06,4.09851e-06,2.97677e-06,50,100,100,243990,2 11 9 3 5 8 10 0 1 7 4 6 
194,3.36918e-06,4.09851e-06,2.99438e-06,50,100,100,243990,2 11 9 3 5 8 10 0 1 7 4 6 
195,3.37803e-06,4.09851e-06,2.97102e-06,50,100,100,243990,2 11 9 3 5 8 10 0 1 7 4 6 
196,3.36947e-06,4.09851e-06,3.0376e-06,50,100,100,243990,2 11 9 3 5 8 10 0 1 7 4 6 
197,3.36437e-06,4.09851e-06,3.0114e-06,50,100,100,243990,2 11 9 3 5 8 10 0 1 7 4 6 
198,3.35545e-06,4.09851e-06,2.95139e-06,50,100,100,243990,2 11 9 3 5 8 10 0 1 7 4 6 
199,3.34931e-06,4.09851e-06,2.99687e-06,50,100,100,243990,2 11 9 3 5 8 10 0 1 7 4 6 
200,3.31913e-06,4.09851e-06,2.98304e-06,50,100,100,243990,2 11 9 3 5 8 10 0 1 7 4 6 
201,3.32987e-06,4.09851e-06,2.96915e-06,50,100,100,243990,2 11 9 3 5 8 10 0 1 7 4 6 
202,3.34587e-06,4.09851e-06,3.04283e-06,50,100,100,243990,2 11 9 3 5 8 10 0 1 7 4 6 
203,3.33605e-06,4.09851e-06,2.94734e-06,50,100,100,243990,2 11 9 3 5 8 10 0 1 7 4 6 
204,3.33522e-06,4.09851e-06,3.01456e-06,50,100,100,243990,2 11 9 3 5 8 10 0 1 7 4 6 
205,3.32066e-06,4.09851e-06,3.00164e-06,50,100,100,243990,2 11 9 3 5 8 10 0 1 7 4 6 
206,3.33572e-06,4.09851e-06,2.96651e-06,50,100,100,243990,2 11 9 3 5 8 10 0 1 7 4 6 
207,3.32449e-06,4.09851e-06,2.91395e-06,50,100,100,243990,2 11 9 3 5 8 10 0 1 7 4 6 
208,3.32159e-06,4.09851e-06,3.02059e-06,50,100,100,243990,2 11 9 3 5 8 10 0 1 7 4 6 
209,3.35074e-06,4.09851e-06,2.98892e-06,50,100,100,243990,2 11 9 3 5 8 10 0 1 7 4 6 
210,3.35724e-06,4.09851e-06,2.99903e-06,50,100,100,243990,2 11 9 3 5 8 10 0 1 7 4 6 
211,3.34208e-06,4.09851e-06,2.97445e-06,50,100,100,243990,2 11 9 3 5 8 10 0 1 7 4 6 
212,3.35475e-06,4.09851e-06,3.02454e-06,50,100,100,243990,2 11 9 3 5 8 10 0 1 7 4 6 
213,3.35047e-06,4.09851e-06,3.00774e-06,50,100,100,243990,2 11 9 3 5 8 10 0 1 7 4 6 
214,3.31701e-06,4.09851e-06,2.89385e-06,50,100,100,243990,2 11 9 3 5 8 10 0 1 7 4 6 
215,3.32605e-06,4.09851e-06,2.95094e-06,50,100,100,243990,2 11 9 3 5 8 10 0 1 7 4 6 
216,3.31069e-06,4.09851e-06,3.00175e-06,50,100,100,243990,2 11 9 3 5 8 10 0 1 7 4 6 
217,3.36481e-06,4.09851e-06,2.89928e-06,50,100,100,243990,2 11 9 3 5 8 10 0 1 7 4 6 
218,3.35595e-06,4.09851e-06,2.9438e-06,50,100,100,243990,2 11 9 3 5 8 10 0 1 7 4 6 
219,3.34792e-06,4.09851e-06,3.01338e-06,50,100,100,243990,2 11 9 3 5 8 10 0 1 7 4 6 
220,3.34956e-06,4.09851e-06,2.99555e-06,50,100,100,243990,2 11 9 3 5 8 10 0 1 7 4 6 
221,3.38387e-06,4.09851e-06,2.92592e-06,50,100,100,243990,2 11 9 3 5 8 10 0 1 7 4 6 
222,3.40646e-06,4.09851e-06,3.00424e-06,50,100,100,243990,2 11 9 3 5 8 10 0 1 7 4 6 
223,3.42057e-06,4.09851e-06,3.00139e-06,50,100,100,243990,2 11 9 3 5 8 10 0 1 7 4 6 
224,3.41403e-06,4.09851e-06,2.97948e-06,50,100,100,243990,2 11 9 3 5 8 10 0 1 7 4 6 
225,3.44091e-06,4.09851e-06,3.02459e-06,50,100,100,243990,2 11 9 3 5 8 10 0 1 7 4 6 
226,3.44269e-06,4.09851e-06,2.993e-06,50,100,100,243990,2 11 9 3 5 8 10 0 1 7 4 6 
227,3.44313e-06,4.09851e-06,3.06312e-06,50,100,100,243990,2 11 9 3 5 8 10 0 1 7 4 6 
228,3.44162e-06,4.09851e-06,3.00981e-06,50,100,100,243990,2 11 9 3 5 8 10 0 1 7 4 6 
229,3.47861e-06,4.09851e-06,3.01848e-06,50,100,100,243990,2 11 9 3 5 8 10 0 1 7 4 6 
230,3.49347e-06,4.09851e-06,3.01507e-06,50,100,100,243990,2 11 9 3 5 8 10 0 1 7 4 6 
231,3.50928e-06,4.09851e-06,3.08605e-06,50,100,100,243990,2 11 9 3 5 8 10 0 1 7 4 6 
232,3.53291e-06,4.09851e-06,3.06567e-06,50,100,100,243990,2 11 9 3 5 8 10 0 1 7 4 6 
233,3.51417e-06,4.09851e-06,3.12082e-06,50,100,100,243990,2 11 9 3 5 8 10 0 1 7 4 6 
234,3.5351e-06,4.09851e-06,3.01853e-06,50,100,100,243990,2 11 9 3 5 8 10 0 1 7 4 6 
235,3.52463e-06,4.09851e-06,3.0855e-06,50,100,100,243990,2 11 9 3 5 8 10 0 1 7 4 6 
236,3.55462e-06,4.09851e-06,3.09059e-06,50,100,100,243990,2 11 9 3 5 8 10 0 1 7 4 6 
237,3.55759e-06,4.09851e-06,3.05796e-06,50,100,100,243990,2 11 9 3 5 8 10 0 1 7 4 6 
238,3.58192e-06,4.09851e-06,3.17413e-06,50,100,100,243990,2 11 9 3 5 8 10 0 1 7 4 6 
239,3.59069e-06,4.09851e-06,3.03441e-06,50,100,100,243990,2 11 9 3 5 8 10 0 1 7 4 6 
240,3.52666e-06,4.09851e-06,2.93215e-06,50,100,100,243990,2 11 9 3 5 8 10 0 1 7 4 6 
241,3.56541e-06,4.09851e-06,3.14652e-06,50,100,100,243990,2 11 9 3 5 8 10 0 1 7 4 6 
242,3.56426e-06,4.09851e-06,3.02439e-06,50,100,100,243990,2 11 9 3 5 8 10 0 1 7 4 6 
243,3.56718e-06,4.09851e-06,3.04521e-06,50,100,100,243990,2 11 9 3 5 8 10 0 1 7 4 6 
244,3.57242e-06,4.09851e-06,3.05151e-06,50,100,100,243990,2 11 9 3 5 8 10 0 1 7 4 6 
245,3.57447e-06,4.09851e-06,3.04866e-06,50,100,100,243990,2 11 9 3 5 8 10 0 1 7 4 6 
246,3.57514e-06,4.09851e-06,3.07871e-06,50,100,100,243990,2 11 9 3 5 8 10 0 1 7 4 6 
247,3.55232e-06,4.09851e-06,3.0557e-06,50,100,100,243990,2 11 9 3 5 8 10 0 1 7 4 6 
248,3.56099e-06,4.09851e-06,2.98092e-06,50,100,100,243990,2 11 9 3 5 8 10 0 1 7 4 6 
249,3.5723e-06,4.09851e-06,3.0577e-06,50,100,100,243990,2 11 9 3 5 8 10 0 1 7 4 6 
250,3.62809e-06,4.09851e-06,3.08033e-06,50,100,100,243990,2 11 9 3 5 8 10 0 1 7 4 6 
251,3.60596e-06,4.09851e-06,3.0298e-06,50,100,100,243990,2 11 9 3 5 8 10 0 1 7 4 6 
252,3.60291e-06,4.09851e-06,2.9437e-06,50,100,100,243990,2 11 9 3 5 8 10 0 1 7 4 6 
253,3.60173e-06,4.09851e-06,3.06915e-06,50,100,100,243990,2 11 9 3 5 8 10 0 1 7 4 6 
254,3.56875e-06,4.09851e-06,3.1489e-06,50,100,100,243990,2 11 9 3 5 8 10 0 1 7 4 6 
255,3.58331e-06,4.09851e-06,3.02945e-06,50,100,100,243990,2 11 9 3 5 8 10 0 1 7 4 6 
256,3.57653e-06,4.09851e-06,3.14079e-06,50,100,100,243990,2 11 9 3 5 8 10 0 1 7 4 6 
257,3.5816e-06,4.09851e-06,3.12091e-06,50,100,100,243990,2 11 9 3 5 8 10 0 1 7 4 6 
258,3.5767e-06,4.09851e-06,3.06913e-06,50,100,100,243990,2 11 9 3 5 8 10 0 1 7 4 6 
259,3.5633e-06,4.09851e-06,3.11803e-06,50,100,100,243990,2 11 9 3 5 8 10 0 1 7 4 6 
260,3.51283e-06,4.09851e-06,3.06789e-06,50,100,100,243990,2 11 9 3 5 8 10 0 1 7 4 6 
261,3.55103e-06,4.09851e-06,3.07217e-06,50,100,100,243990,2 11 9 3 5 8 10 0 1 7 4 6 
262,3.53942e-06,4.09851e-06,3.07837e-06,50,100,100,243990,2 11 9 3 5 8 10 0 1 7 4 6 
263,3.54163e-06,4.09851e-06,3.0118e-06,50,100,100,243990,2 11 9 3 5 8 10 0 1 7 4 6 
264,3.55093e-06,4.09851e-06,3.05197e-06,50,100,100,243990,2 11 9 3 5 8 10 0 1 7 4 6 
265,3.57719e-06,4.09851e-06,3.09825e-06,50,100,100,243990,2 11 9 3 5 8 10 0 1 7 4 6 
266,3.54579e-06,4.09851e-06,3.04929e-06,50,100,100,243990,2 11 9 3 5 8 10 0 1 7 4 6 
267,3.56581e-06,4.09851e-06,3.14544e-06,50,100,100,243990,2 11 9 3 5 8 10 0 1 7 4 6 
268,3.5789e-06,4.09851e-06,3.03659e-06,50,100,100,243990,2 11 9 3 5 8 10 0 1 7 4 6 
269,3.57441e-06,4.09851e-06,3.14316e-06,50,100,100,243990,2 11 9 3 5 8 10 0 1 7 4 6 
270,3.56948e-06,4.09851e-06,3.04931e-06,50,100,100,243990,2 11 9 3 5 8 10 0 1 7 4 6 
271,3.52357e-06,4.09851e-06,2.97732e-06,50,100,100,243990,2 11 9 3 5 8 10 0 1 7 4 6 
272,3.56586e-06,4.09851e-06,3.13534e-06,50,100,100,243990,2 11 9 3 5 8 10 0 1 7 4 6 
273,3.5736e-06,4.09851e-06,3.00675e-06,50,100,100,243990,2 11 9 3 5 8 10 0 1 7 4 6 
274,3.55738e-06,4.09851e-06,3.0939e-06,50,100,100,243990,2 11 9 3 5 8 10 0 1 7 4 6 
275,3.56214e-06,4.09851e-06,3.06621e-06,50,100,100,243990,2 11 9 3 5 8 10 0 1 7 4 6 
276,3.55543e-06,4.09851e-06,2.99103e-06,50,100,100,243990,2 11 9 3 5 8 10 0 1 7 4 6 
277,3.58935e-06,4.09851e-06,2.98199e-06,50,100,100,243990,2 11 9 3 5 8 10 0 1 7 4 6 
278,3.59517e-06,4.09851e-06,3.03e-06,50,100,100,243990,2 11 9 3 5 8 10 0 1 7 4 6 
279,3.60148e-06,4.09851e-06,2.95363e-06,50,100,100,243990,2 11 9 3 5 8 10 0 1 7 4 6 
280,3.60844e-06,4.09851e-06,3.07476e-06,50,100,100,243990,2 11 9 3 5 8 10 0 1 7 4 6 
281,3.64913e-06,4.09851e-06,3.06231e-06,50,100,100,243990,2 11 9 3 5 8 10 0 1 7 4 6 
282,3.61599e-06,4.09851e-06,3.11877e-06,50,100,100,243990,2 11 9 3 5 8 10 0 1 7 4 6 
283,3.60288e-06,4.09851e-06,3.13451e-06,50,100,100,243990,2 11 9 3 5 8 10 0 1 7 4 6 
284,3.55804e-06,4.09851e-06,3.05382e-06,50,100,100,243990,2 11 9 3 5 8 10 0 1 7 4 6 
285,3.58575e-06,4.09851e-06,3.14874e-06,50,100,100,243990,2 11 9 3 5 8 10 0 1 7 4 6 
286,3.57744e-06,4.09851e-06,3.08708e-06,50,100,100,243990,2 11 9 3 5 8 10 0 1 7 4 6 
287,3.59177e-06,4.09851e-06,3.11407e-06,50,100,100,243990,2 11 9 3 5 8 10 0 1 7 4 6 
288,3.57291e-06,4.09851e-06,3.06304e-06,50,100,100,243990,2 11 9 3 5 8 10 0 1 7 4 6 
289,3.5983e-06,4.09851e-06,3.14706e-06,50,100,100,243990,2 11 9 3 5 8 10 0 1 7 4 6 
290,3.58033e-06,4.09851e-06,3.06655e-06,50,100,100,243990,2 11 9 3 5 8 10 0 1 7 4 6 
291,3.53348e-06,4.09851e-06,3.04207e-06,50,100,100,243990,2 11 9 3 5 8 10 0 1 7 4 6 
292,3.56962e-06,4.09851e-06,3.06492e-06,50,100,100,243990,2 11 9 3 5 8 10 0 1 7 4 6 
293,3.5715e-06,4.09851e-06,3.02839e-06,50,100,100,243990,2 11 9 3 5 8 10 0 1 7 4 6 
294,3.54456e-06,4.09851e-06,3.09802e-06,50,100,100,243990,2 11 9 3 5 8 10 0 1 7 4 6 
295,3.54812e-06,4.09851e-06,3.09044e-06,50,100,100,243990,2 11 9 3 5 8 10 0 1 7 4 6 
296,3.58195e-06,4.09851e-06,3.0816e-06,50,100,100,243990,2 11 9 3 5 8 10 0 1 7 4 6 
297,3.55893e-06,4.09851e-06,3.00662e-06,50,100,100,243990,2 11 9 3 5 8 10 0 1 7 4 6 
298,3.61101e-06,4.09851e-06,3.08969e-06,50,100,100,243990,2 11 9 3 5 8 10 0 1 7 4 6 
299,3.61401e-06,4.09851e-06,3.08816e-06,50,100,100,243990,2 11 9 3 5 8 10 0 1 7 4 6 
300,3.60357e-06,4.09851e-06,3.10886e-06,50,100,100,243990,2 11 9 3 5 8 10 0 1 7 4 6 
301,3.61469e-06,4.09851e-06,3.08451e-06,50,100,100,243990,2 11 9 3 5 8 10 0 1 7 4 6 
302,3.62217e-06,4.09851e-06,3.06514e-06,50,100,100,243990,2 11 9 3 5 8 10 0 1 7 4 6 
303,3.53786e-06,4.09851e-06,3.0929e-06,50,100,100,243990,2 11 9 3 5 8 10 0 1 7 4 6 
304,3.55819e-06,4.09851e-06,3.05425e-06,50,100,100,243990,2 11 9 3 5 8 10 0 1 7 4 6 
305,3.56517e-06,4.09851e-06,3.13662e-06,50,100,100,243990,2 11 9 3 5 8 10 0 1 7 4 6 
306,3.56156e-06,4.09851e-06,2.97496e-06,50,100,100,243990,2 11 9 3 5 8 10 0 1 7 4 6 
307,3.56069e-06,4.09851e-06,3.09369e-06,50,100,100,243990,2 11 9 3 5 8 10 0 1 7 4 6 
308,3.56973e-06,4.09851e-06,3.01289e-06,50,100,100,243990,2 11 9 3 5 8 10 0 1 7 4 6 
309,3.50552e-06,4.09851e-06,3.0403e-06,50,100,100,243990,2 11 9 3 5 8 10 0 1 7 4 6 
310,3.54587e-06,4.09851e-06,3.03508e-06,50,100,100,243990,2 11 9 3 5 8 10 0 1 7 4 6 
311,3.52838e-06,4.09851e-06,3.05162e-06,50,100,100,243990,2 11 9 3 5 8 10 0 1 7 4 6 
312,3.53246e-06,4.09851e-06,3.08816e-06,50,100,100,243990,2 11 9 3 5 8 10 0 1 7 4 6 
313,3.58181e-06,4.09851e-06,3.06926e-06,50,100,100,243990,2 11 9 3 5 8 10 0 1 7 4 6 
314,3.57945e-06,4.09851e-06,3.07013e-06,50,100,100,243990,2 11 9 3 5 8 10 0 1 7 4 6 
315,3.56271e-06,4.09851e-06,3.13388e-06,50,100,100,243990,2 11 9 3 5 8 10 0 1 7 4 6 
316,3.56523e-06,4.09851e-06,3.02439e-06,50,100,100,243990,2 11 9 3 5 8 10 0 1 7 4 6 
317,3.52737e-06,4.09851e-06,3.0761e-06,50,100,100,243990,2 11 9 3 5 8 10 0 1 7 4 6 
318,3.57931e-06,4.09851e-06,3.09114e-06,50,100,100,243990,2 11 9 3 5 8 10 0 1 7 4 6 
319,3.5824e-06,4.09851e-06,3.00898e-06,50,100,100,243990,2 11 9 3 5 8 10 0 1 7 4 6 
320,3.59775e-06,4.09851e-06,3.07909e-06,50,100,100,243990,2 11 9 3 5 8 10 0 1 7 4 6 
321,3.60419e-06,4.09851e-06,3.12199e-06,50,100,100,243990,2 11 9 3 5 8 10 0 1 7 4 6 
322,3.62515e-06,4.09851e-06,3.12822e-06,50,100,100,243990,2 11 9 3 5 8 10 0 1 7 4 6 
323,3.57391e-06,4.09851e-06,3.15204e-06,50,100,100,243990,2 11 9 3 5 8 10 0 1 7 4 6 
324,3.59687e-06,4.09851e-06,3.05722e-06,50,100,100,243990,2 11 9 3 5 8 10 0 1 7 4 6 
325,3.59337e-06,4.09851e-06,3.0994e-06,50,100,100,243990,2 11 9 3 5 8 10 0 1 7 4 6 
326,3.53565e-06,4.09851e-06,2.9516e-06,50,100,100,243990,2 11 9 3 5 8 10 0 1 7 4 6 
327,3.56937e-06,4.09851e-06,3.02839e-06,50,100,100,243990,2 11 9 3 5 8 10 0 1 7 4 6 
328,3.56777e-06,4.09851e-06,3.10004e-06,50,100,100,243990,2 11 9 3 5 8 10 0 1 7 4 6 
329,3.60662e-06,4.09851e-06,3.10543e-06,50,100,100,243990,2 11 9 3 5 8 10 0 1 7 4 6 
330,3.59704e-06,4.09851e-06,3.06962e-06,50,100,100,243990,2 11 9 3 5 8 10 0 1 7 4 6 
331,3.63287e-06,4.09851e-06,3.0557e-06,50,100,100,243990,2 11 9 3 5 8 10 0 1 7 4 6 
332,3.60625e-06,4.09851e-06,3.01782e-06,50,100,100,243990,2 11 9 3 5 8 10 0 1 7 4 6 
333,3.62607e-06,4.09851e-06,3.07479e-06,50,100,100,243990,2 11 9 3 5 8 10 0 1 7 4 6 
334,3.64259e-06,4.09851e-06,3.05169e-06,50,100,100,243990,2 11 9 3 5 8 10 0 1 7 4 6 
335,3.64259e-06,4.09851e-06,3.10894e-06,50,100,100,243990,2 11 9 3 5 8 10 0 1 7 4 6 
336,3.60762e-06,4.09851e-06,3.08071e-06,50,100,100,243990,2 11 9 3 5 8 10 0 1 7 4 6 
337,3.60192e-06,4.09851e-06,3.07585e-06,50,100,100,243990,2 11 9 3 5 8 10 0 1 7 4 6 
338,3.63972e-06,4.09851e-06,3.03659e-06,50,100,100,243990,2 11 9 3 5 8 10 0 1 7 4 6 
339,3.6286e-06,4.09851e-06,3.11299e-06,50,100,100,243990,2 11 9 3 5 8 10 0 1 7 4 6 
340,3.63051e-06,4.09851e-06,3.01531e-06,50,100,100,243990,2 11 9 3 5 8 10 0 1 7 4 6 
341,3.59197e-06,4.09851e-06,3.07411e-06,50,100,100,243990,2 11 9 3 5 8 10 0 1 7 4 6 
342,3.56527e-06,4.09851e-06,3.00017e-06,50,100,100,243990,2 11 9 3 5 8 10 0 1 7 4 6 
343,3.62385e-06,4.09851e-06,3.00128e-06,50,100,100,243990,2 11 9 3 5 8 10 0 1 7 4 6 
344,3.60007e-06,4.09851e-06,3.08405e-06,50,100,100,243990,2 11 9 3 5 8 10 0 1 7 4 6 
345,3.58198e-06,4.09851e-06,2.94415e-06,50,100,100,243990,2 11 9 3 5 8 10 0 1 7 4 6 
346,3.53045e-06,4.09851e-06,3.06317e-06,50,100,100,243990,2 11 9 3 5 8 10 0 1 7 4 6 
347,3.55483e-06,4.09851e-06,3.09078e-06,50,100,100,243990,2 11 9 3 5 8 10 0 1 7 4 6 
348,3.56279e-06,4.09851e-06,2.96111e-06,50,100,100,243990,2 11 9 3 5 8 10 0 1 7 4 6 
349,3.58869e-06,4.09851e-06,3.10229e-06,50,100,100,243990,2 11 9 3 5 8 10 0 1 7 4 6 
350,3.59379e-06,4.09851e-06,3.09432e-06,50,100,100,243990,2 11 9 3 5 8 10 0 1 7 4 6 
351,3.59937e-06,4.09851e-06,3.09164e-06,50,100,100,243990,2 11 9 3 5 8 10 0 1 7 4 6 
352,3.57258e-06,4.09851e-06,3.06955e-06,50,100,100,243990,2 11 9 3 5 8 10 0 1 7 4 6 
353,3.5962e-06,4.09851e-06,3.09482e-06,50,100,100,243990,2 11 9 3 5 8 10 0 1 7 4 6 
354,3.58568e-06,4.09851e-06,3.04771e-06,50,100,100,243990,2 11 9 3 5 8 10 0 1 7 4 6 
355,3.5393e-06,4.09851e-06,3.09566e-06,50,100,100,243990,2 11 9 3 5 8 10 0 1 7 4 6 
356,3.51708e-06,4.09851e-06,3.08633e-06,50,100,100,243990,2 11 9 3 5 8 10 0 1 7 4 6 
357,3.54494e-06,4.09851e-06,2.98247e-06,50,100,100,243990,2 11 9 3 5 8 10 0 1 7 4 6 
358,3.63533e-06,4.09851e-06,3.05789e-06,50,100,100,243990,2 11 9 3 5 8 10 0 1 7 4 6 
359,3.59919e-06,4.09851e-06,3.05412e-06,50,100,100,243990,2 11 9 3 5 8 10 0 1 7 4 6 
360,3.56555e-06,4.09851e-06,3.02985e-06,50,100,100,243990,2 11 9 3 5 8 10 0 1 7 4 6 
361,3.53918e-06,4.09851e-06,3.05244e-06,50,100,100,243990,2 11 9 3 5 8 10 0 1 7 4 6 
362,3.54845e-06,4.09851e-06,3.03381e-06,50,100,100,243990,2 11 9 3 5 8 10 0 1 7 4 6 
363,3.53209e-06,4.09851e-06,3.09338e-06,50,100,100,243990,2 11 9 3 5 8 10 0 1 7 4 6 
364,3.54724e-06,4.09851e-06,3.02134e-06,50,100,100,243990,2 11 9 3 5 8 10 0 1 7 4 6 
365,3.53655e-06,4.09851e-06,3.03116e-06,50,100,100,243990,2 11 9 3 5 8 10 0 1 7 4 6 
366,3.58372e-06,4.09851e-06,3.07332e-06,50,100,100,243990,2 11 9 3 5 8 10 0 1 7 4 6 
367,3.61733e-06,4.09851e-06,3.12681e-06,50,100,100,243990,2 11 9 3 5 8 10 0 1 7 4 6 
368,3.63694e-06,4.09851e-06,3.14706e-06,50,100,100,243990,2 11 9 3 5 8 10 0 1 7 4 6 
369,3.63903e-06,4.09851e-06,3.12694e-06,50,100,100,243990,2 11 9 3 5 8 10 0 1 7 4 6 
370,3.59915e-06,4.09851e-06,3.11834e-06,50,100,100,243990,2 11 9 3 5 8 10 0 1 7 4 6 
371,3.6144e-06,4.09851e-06,3.13894e-06,50,100,100,243990,2 11 9 3 5 8 10 0 1 7 4 6 
372,3.60654e-06,4.09851e-06,3.14038e-06,50,100,100,243990,2 11 9 3 5 8 10 0 1 7 4 6 
373,3.59779e-06,4.09851e-06,3.12405e-06,50,100,100,243990,2 11 9 3 5 8 10 0 1 7 4 6 
374,3.64065e-06,4.09851e-06,3.08088e-06,50,100,100,243990,2 11 9 3 5 8 10 0 1 7 4 6 
375,3.5839e-06,4.09851e-06,3.09173e-06,50,100,100,243990,2 11 9 3 5 8 10 0 1 7 4 6 
376,3.61782e-06,4.09851e-06,3.05587e-06,50,100,100,243990,2 11 9 3 5 8 10 0 1 7 4 6 
377,3.61991e-06,4.09851e-06,3.0278e-06,50,100,100,243990,2 11 9 3 5 8 10 0 1 7 4 6 
378,3.57545e-06,4.09851e-06,3.07661e-06,50,100,100,243990,2 11 9 3 5 8 10 0 1 7 4 6 
379,3.58881e-06,4.09851e-06,3.17395e-06,50,100,100,243990,2 11 9 3 5 8 10 0 1 7 4 6 
380,3.52599e-06,4.09851e-06,3.01611e-06,50,100,100,243990,2 11 9 3 5 8 10 0 1 7 4 6 
381,3.56904e-06,4.09851e-06,2.96318e-06,50,100,100,243990,2 11 9 3 5 8 10 0 1 7 4 6 
382,3.59695e-06,4.09851e-06,3.10531e-06,50,100,100,243990,2 11 9 3 5 8 10 0 1 7 4 6 
383,3.59097e-06,4.09851e-06,3.01616e-06,50,100,100,243990,2 11 9 3 5 8 10 0 1 7 4 6 
384,3.60763e-06,4.09851e-06,3.17381e-06,50,100,100,243990,2 11 9 3 5 8 10 0 1 7 4 6 
385,3.60943e-06,4.09851e-06,3.03318e-06,50,100,100,243990,2 11 9 3 5 8 10 0 1 7 4 6 
386,3.6108e-06,4.09851e-06,3.05425e-06,50,100,100,243990,2 11 9 3 5 8 10 0 1 7 4 6 
387,3.58909e-06,4.09851e-06,3.06526e-06,50,100,100,243990,2 11 9 3 5 8 10 0 1 7 4 6 
388,3.57733e-06,4.09851e-06,3.05425e-06,50,100,100,243990,2 11 9 3 5 8 10 0 1 7 4 6 
389,3.61565e-06,4.09851e-06,3.12667e-06,50,100,100,243990,2 11 9 3 5 8 10 0 1 7 4 6 
390,3.64774e-06,4.09851e-06,3.14706e-06,50,100,100,243990,2 11 9 3 5 8 10 0 1 7 4 6 
391,3.64563e-06,4.09851e-06,3.14706e-06,50,100,100,243990,2 11 9 3 5 8 10 0 1 7 4 6 
392,3.64734e-06,4.09851e-06,3.08512e-06,50,100,100,243990,2 11 9 3 5 8 10 0 1 7 4 6 
393,3.6257e-06,4.09851e-06,3.07491e-06,50,100,100,243990,2 11 9 3 5 8 10 0 1 7 4 6 
394,3.60319e-06,4.09851e-06,3.11936e-06,50,100,100,243990,2 11 9 3 5 8 10 0 1 7 4 6 
395,3.61023e-06,4.09851e-06,3.05841e-06,50,100,100,243990,2 11 9 3 5 8 10 0 1 7 4 6 
396,3.58453e-06,4.09851e-06,3.04291e-06,50,100,100,243990,2 11 9 3 5 8 10 0 1 7 4 6 
397,3.59747e-06,4.09851e-06,3.00283e-06,50,100,100,243990,2 11 9 3 5 8 10 0 1 7 4 6 
398,3.59945e-06,4.09851e-06,3.12187e-06,50,100,100,243990,2 11 9 3 5 8 10 0 1 7 4 6 
399,3.567e-06,4.09851e-06,3.10904e-06,50,100,100,243990,2 11 9 3 5 8 10 0 1 7 4 6 
400,3.60637e-06,4.09851e-06,3.06859e-06,50,100,100,243990,2 11 9 3 5 8 10 0 1 7 4 6 
401,3.60435e-06,4.09851e-06,3.14874e-06,50,100,100,243990,2 11 9 3 5 8 10 0 1 7 4 6 
402,3.58939e-06,4.09851e-06,3.00231e-06,50,100,100,243990,2 11 9 3 5 8 10 0 1 7 4 6 
403,3.54804e-06,4.09851e-06,3.01164e-06,50,100,100,243990,2 11 9 3 5 8 10 0 1 7 4 6 
404,3.52975e-06,4.09851e-06,3.05471e-06,50,100,100,243990,2 11 9 3 5 8 10 0 1 7 4 6 
405,3.51816e-06,4.09851e-06,3.08363e-06,50,100,100,243990,2 11 9 3 5 8 10 0 1 7 4 6 
406,3.52584e-06,4.09851e-06,3.00954e-06,50,100,100,243990,2 11 9 3 5 8 10 0 1 7 4 6 
407,3.54232e-06,4.09851e-06,3.0727e-06,50,100,100,243990,2 11 9 3 5 8 10 0 1 7 4 6 
408,3.53374e-06,4.09851e-06,3.02652e-06,50,100,100,243990,2 11 9 3 5 8 10 0 1 7 4 6 
409,3.54296e-06,4.09851e-06,3.04868e-06,50,100,100,243990,2 11 9 3 5 8 10 0 1 7 4 6 
410,3.56586e-06,4.09851e-06,3.02119e-06,50,100,100,243990,2 11 9 3 5 8 10 0 1 7 4 6 
411,3.59228e-06,4.09851e-06,3.07888e-06,50,100,100,243990,2 11 9 3 5 8 10 0 1 7 4 6 
412,3.56226e-06,4.09851e-06,3.10662e-06,50,100,100,243990,2 11 9 3 5 8 10 0 1 7 4 6 
413,3.56846e-06,4.09851e-06,3.14627e-06,50,100,100,243990,2 11 9 3 5 8 10 0 1 7 4 6 
414,3.56737e-06,4.09851e-06,3.08207e-06,50,100,100,243990,2 11 9 3 5 8 10 0 1 7 4 6 
415,3.62627e-06,4.09851e-06,3.13072e-06,50,100,100,243990,2 11 9 3 5 8 10 0 1 7 4 6 
416,3.6372e-06,4.09851e-06,3.10543e-06,50,100,100,243990,2 11 9 3 5 8 10 0 1 7 4 6 
417,3.62796e-06,4.09851e-06,3.16994e-06,50,100,100,243990,2 11 9 3 5 8 10 0 1 7 4 6 
418,3.60736e-06,4.09851e-06,3.10537e-06,50,100,100,243990,2 11 9 3 5 8 10 0 1 7 4 6 
419,3.61683e-06,4.09851e-06,3.08082e-06,50,100,100,243990,2 11 9 3 5 8 10 0 1 7 4 6 
420,3.57077e-06,4.09851e-06,3.07281e-06,50,100,100,243990,2 11 9 3 5 8 10 0 1 7 4 6 
421,3.5838e-06,4.09851e-06,3.07699e-06,50,100,100,243990,2 11 9 3 5 8 10 0 1 7 4 6 
422,3.58368e-06,4.09851e-06,3.06567e-06,50,100,100,243990,2 11 9 3 5 8 10 0 1 7 4 6 
423,3.57805e-06,4.09851e-06,3.07366e-06,50,100,100,243990,2 11 9 3 5 8 10 0 1 7 4 6 
424,3.6029e-06,4.09851e-06,3.11341e-06,50,100,100,243990,2 11 9 3 5 8 10 0 1 7 4 6 
425,3.63672e-06,4.09851e-06,3.0674e-06,50,100,100,243990,2 11 9 3 5 8 10 0 1 7 4 6 
426,3.60399e-06,4.09851e-06,3.03228e-06,50,100,100,243990,2 11 9 3 5 8 10 0 1 7 4 6 
427,3.58059e-06,4.09851e-06,3.09221e-06,50,100,100,243990,2 11 9 3 5 8 10 0 1 7 4 6 
428,3.55842e-06,4.09851e-06,3.05108e-06,50,100,100,243990,2 11 9 3 5 8 10 0 1 7 4 6 
429,3.56482e-06,4.09851e-06,3.02675e-06,50,100,100,243990,2 11 9 3 5 8 10 0 1 7 4 6 
430,3.53529e-06,4.09851e-06,3.02386e-06,50,100,100,243990,2 11 9 3 5 8 10 0 1 7 4 6 
431,3.53234e-06,4.09851e-06,3.05246e-06,50,100,100,243990,2 11 9 3 5 8 10 0 1 7 4 6 
432,3.55885e-06,4.09851e-06,3.0625e-06,50,100,100,243990,2 11 9 3 5 8 10 0 1 7 4 6 
433,3.53378e-06,4.09851e-06,3.07213e-06,50,100,100,243990,2 11 9 3 5 8 10 0 1 7 4 6 
434,3.58369e-06,4.09851e-06,3.11739e-06,50,100,100,243990,2 11 9 3 5 8 10 0 1 7 4 6 
435,3.61038e-06,4.09851e-06,3.09562e-06,50,100,100,243990,2 11 9 3 5 8 10 0 1 7 4 6 
436,3.59827e-06,4.09851e-06,2.99731e-06,50,100,100,243990,2 11 9 3 5 8 10 0 1 7 4 6 
437,3.5663e-06,4.09851e-06,3.13526e-06,50,100,100,243990,2 11 9 3 5 8 10 0 1 7 4 6 
438,3.54163e-06,4.09851e-06,3.00303e-06,50,100,100,243990,2 11 9 3 5 8 10 0 1 7 4 6 
439,3.52153e-06,4.09851e-06,3.0422e-06,50,100,100,243990,2 11 9 3 5 8 10 0 1 7 4 6 
440,3.53249e-06,4.09851e-06,3.05139e-06,50,100,100,243990,2 11 9 3 5 8 10 0 1 7 4 6 
441,3.54523e-06,4.09851e-06,3.11347e-06,50,100,100,243990,2 11 9 3 5 8 10 0 1 7 4 6 
442,3.59761e-06,4.09851e-06,3.11696e-06,50,100,100,243990,2 11 9 3 5 8 10 0 1 7 4 6 
443,3.58467e-06,4.09851e-06,3.03024e-06,50,100,100,243990,2 11 9 3 5 8 10 0 1 7 4 6 
444,3.54816e-06,4.09851e-06,3.06558e-06,50,100,100,243990,2 11 9 3 5 8 10 0 1 7 4 6 
445,3.55896e-06,4.09851e-06,3.0598e-06,50,100,100,243990,2 11 9 3 5 8 10 0 1 7 4 6 
446,3.5049e-06,4.09851e-06,3.01983e-06,50,100,100,243990,2 11 9 3 5 8 10 0 1 7 4 6 
447,3.51602e-06,4.09851e-06,3.12286e-06,50,100,100,243990,2 11 9 3 5 8 10 0 1 7 4 6 
448,3.53761e-06,4.09851e-06,3.04411e-06,50,100,100,243990,2 11 9 3 5 8 10 0 1 7 4 6 
449,3.516e-06,4.09851e-06,3.00545e-06,50,100,100,243990,2 11 9 3 5 8 10 0 1 7 4 6 
450,3.50648e-06,4.09851e-06,3.0413e-06,50,100,100,243990,2 11 9 3 5 8 10 0 1 7 4 6 
451,3.50175e-06,4.09851e-06,3.06627e-06,50,100,100,243990,2 11 9 3 5 8 10 0 1 7 4 6 
452,3.50578e-06,4.09851e-06,3.01556e-06,50,100,100,243990,2 11 9 3 5 8 10 0 1 7 4 6 
453,3.52793e-06,4.09851e-06,3.05056e-06,50,100,100,243990,2 11 9 3 5 8 10 0 1 7 4 6 
454,3.56431e-06,4.09851e-06,3.10662e-06,50,100,100,243990,2 11 9 3 5 8 10 0 1 7 4 6 
455,3.5764e-06,4.09851e-06,3.0124e-06,50,100,100,243990,2 11 9 3 5 8 10 0 1 7 4 6 
456,3.61635e-06,4.09851e-06,3.11194e-06,50,100,100,243990,2 11 9 3 5 8 10 0 1 7 4 6 
457,3.6181e-06,4.09851e-06,3.07104e-06,50,100,100,243990,2 11 9 3 5 8 10 0 1 7 4 6 
458,3.62946e-06,4.09851e-06,3.079e-06,50,100,100,243990,2 11 9 3 5 8 10 0 1 7 4 6 
459,3.60246e-06,4.09851e-06,3.10356e-06,50,100,100,243990,2 11 9 3 5 8 10 0 1 7 4 6 
460,3.6181e-06,4.09851e-06,3.07072e-06,50,100,100,243990,2 11 9 3 5 8 10 0 1 7 4 6 
461,3.58409e-06,4.09851e-06,3.04265e-06,50,100,100,243990,2 11 9 3 5 8 10 0 1 7 4 6 
462,3.63285e-06,4.09851e-06,3.19029e-06,50,100,100,243990,2 11 9 3 5 8 10 0 1 7 4 6 
463,3.60135e-06,4.09851e-06,3.10579e-06,50,100,100,243990,2 11 9 3 5 8 10 0 1 7 4 6 
464,3.56434e-06,4.09851e-06,3.04071e-06,50,100,100,243990,2 11 9 3 5 8 10 0 1 7 4 6 
465,3.59026e-06,4.09851e-06,3.05309e-06,50,100,100,243990,2 11 9 3 5 8 10 0 1 7 4 6 
466,3.59231e-06,4.09851e-06,3.10554e-06,50,100,100,243990,2 11 9 3 5 8 10 0 1 7 4 6 
467,3.60209e-06,4.09851e-06,3.08382e-06,50,100,100,243990,2 11 9 3 5 8 10 0 1 7 4 6 
468,3.65744e-06,4.09851e-06,3.0882e-06,50,100,100,243990,2 11 9 3 5 8 10 0 1 7 4 6 
469,3.63661e-06,4.09851e-06,3.08641e-06,50,100,100,243990,2 11 9 3 5 8 10 0 1 7 4 6 
470,3.61477e-06,4.09851e-06,3.12093e-06,50,100,100,243990,2 11 9 3 5 8 10 0 1 7 4 6 
471,3.65853e-06,4.09851e-06,3.1051e-06,50,100,100,243990,2 11 9 3 5 8 10 0 1 7 4 6 
472,3.60605e-06,4.09851e-06,3.05516e-06,50,100,100,243990,2 11 9 3 5 8 10 0 1 7 4 6 
473,3.57603e-06,4.09851e-06,2.99607e-06,50,100,100,243990,2 11 9 3 5 8 10 0 1 7 4 6 
474,3.58503e-06,4.09851e-06,3.11113e-06,50,100,100,243990,2 11 9 3 5 8 10 0 1 7 4 6 
475,3.58541e-06,4.09851e-06,3.03659e-06,50,100,100,243990,2 11 9 3 5 8 10 0 1 7 4 6 
476,3.56284e-06,4.09851e-06,3.07256e-06,50,100,100,243990,2 11 9 3 5 8 10 0 1 7 4 6 
477,3.59188e-06,4.09851e-06,3.04626e-06,50,100,100,243990,2 11 9 3 5 8 10 0 1 7 4 6 
478,3.63734e-06,4.09851e-06,3.12058e-06,50,100,100,243990,2 11 9 3 5 8 10 0 1 7 4 6 
479,3.59303e-06,4.09851e-06,3.05393e-06,50,100,100,243990,2 11 9 3 5 8 10 0 1 7 4 6 
480,3.63695e-06,4.09851e-06,3.17395e-06,50,100,100,243990,2 11 9 3 5 8 10 0 1 7 4 6 
481,3.63783e-06,4.09851e-06,3.09738e-06,50,100,100,243990,2 11 9 3 5 8 10 0 1 7 4 6 
482,3.6436e-06,4.09851e-06,3.1472e-06,50,100,100,243990,2 11 9 3 5 8 10 0 1 7 4 6 
483,3.63155e-06,4.09851e-06,2.97836e-06,50,100,100,243990,2 11 9 3 5 8 10 0 1 7 4 6 
484,3.63983e-06,4.09851e-06,3.07004e-06,50,100,100,243990,2 11 9 3 5 8 10 0 1 7 4 6 
485,3.62678e-06,4.09851e-06,3.08816e-06,50,100,100,243990,2 11 9 3 5 8 10 0 1 7 4 6 
486,3.59519e-06,4.09851e-06,3.01615e-06,50,100,100,243990,2 11 9 3 5 8 10 0 1 7 4 6 
487,3.56702e-06,4.09851e-06,3.0662e-06,50,100,100,243990,2 11 9 3 5 8 10 0 1 7 4 6 
488,3.55991e-06,4.09851e-06,3.05924e-06,50,100,100,243990,2 11 9 3 5 8 10 0 1 7 4 6 
489,3.5787e-06,4.09851e-06,3.08162e-06,50,100,100,243990,2 11 9 3 5 8 10 0 1 7 4 6 
490,3.63664e-06,4.09851e-06,3.12232e-06,50,100,100,243990,2 11 9 3 5 8 10 0 1 7 4 6 
491,3.58539e-06,4.09851e-06,3.02879e-06,50,100,100,243990,2 11 9 3 5 8 10 0 1 7 4 6 
492,3.59412e-06,4.09851e-06,3.06282e-06,50,100,100,243990,2 11 9 3 5 8 10 0 1 7 4 6 
493,3.55563e-06,4.09851e-06,3.05296e-06,50,100,100,243990,2 11 9 3 5 8 10 0 1 7 4 6 
494,3.58638e-06,4.09851e-06,3.11407e-06,50,100,100,243990,2 11 9 3 5 8 10 0 1 7 4 6 
495,3.59567e-06,4.09851e-06,3.0737e-06,50,100,100,243990,2 11 9 3 5 8 10 0 1 7 4 6 
496,3.62346e-06,4.09851e-06,3.07413e-06,50,100,100,243990,2 11 9 3 5 8 10 0 1 7 4 6 
497,3.63414e-06,4.09851e-06,3.12967e-06,50,100,100,243990,2 11 9 3 5 8 10 0 1 7 4 6 
498,3.59604e-06,4.09851e-06,3.04017e-06,50,100,100,243990,2 11 9 3 5 8 10 0 1 7 4 6 
499,3.59768e-06,4.09851e-06,3.04901e-06,50,100,100,243990,2 11 9 3 5 8 10 0 1 7 4 6 
500,3.59484e-06,4.09851e-06,3.01596e-06,50,100,100,243990,2 11 9 3 5 8 10 0 1 7 4 6 
501,3.56283e-06,4.09851e-06,3.11576e-06,50,100,100,243990,2 11 9 3 5 8 10 0 1 7 4 6 
502,3.57607e-06,4.09851e-06,3.07866e-06,50,100,100,243990,2 11 9 3 5 8 10 0 1 7 4 6 
503,3.57004e-06,4.09851e-06,3.08222e-06,50,100,100,243990,2 11 9 3 5 8 10 0 1 7 4 6 
504,3.57506e-06,4.09851e-06,3.08885e-06,50,100,100,243990,2 11 9 3 5 8 10 0 1 7 4 6 
505,3.58129e-06,4.09851e-06,3.06798e-06,50,100,100,243990,2 11 9 3 5 8 10 0 1 7 4 6 
506,3.58301e-06,4.09851e-06,3.04319e-06,50,100,100,243990,2 11 9 3 5 8 10 0 1 7 4 6 
507,3.61838e-06,4.09851e-06,3.0772e-06,50,100,100,243990,2 11 9 3 5 8 10 0 1 7 4 6 
508,3.62138e-06,4.09851e-06,3.0938e-06,50,100,100,243990,2 11 9 3 5 8 10 0 1 7 4 6 
509,3.59749e-06,4.09851e-06,3.08782e-06,50,100,100,243990,2 11 9 3 5 8 10 0 1 7 4 6 
510,3.58547e-06,4.09851e-06,3.05264e-06,50,100,100,243990,2 11 9 3 5 8 10 0 1 7 4 6 
511,3.61226e-06,4.09851e-06,3.09585e-06,50,100,100,243990,2 11 9 3 5 8 10 0 1 7 4 6 
512,3.62171e-06,4.09851e-06,3.04615e-06,50,100,100,243990,2 11 9 3 5 8 10 0 1 7 4 6 
513,3.61614e-06,4.09851e-06,3.09221e-06,50,100,100,243990,2 11 9 3 5 8 10 0 1 7 4 6 
514,3.62628e-06,4.09851e-06,3.13375e-06,50,100,100,243990,2 11 9 3 5 8 10 0 1 7 4 6 
515,3.57601e-06,4.09851e-06,3.04983e-06,50,100,100,243990,2 11 9 3 5 8 10 0 1 7 4 6 
516,3.63304e-06,4.09851e-06,2.97941e-06,50,100,100,243990,2 11 9 3 5 8 10 0 1 7 4 6 
517,3.60183e-06,4.09851e-06,3.06325e-06,50,100,100,243990,2 11 9 3 5 8 10 0 1 7 4 6 
518,3.62072e-06,4.09851e-06,3.07096e-06,50,100,100,243990,2 11 9 3 5 8 10 0 1 7 4 6 
519,3.59012e-06,4.09851e-06,3.06821e-06,50,100,100,243990,2 11 9 3 5 8 10 0 1 7 4 6 
520,3.62321e-06,4.09851e-06,3.0207e-06,50,100,100,243990,2 11 9 3 5 8 10 0 1 7 4 6 
521,3.64539e-06,4.09851e-06,3.09355e-06,50,100,100,243990,2 11 9 3 5 8 10 0 1 7 4 6 
522,3.64001e-06,4.09851e-06,3.08816e-06,50,100,100,243990,2 11 9 3 5 8 10 0 1 7 4 6 
523,3.64425e-06,4.09851e-06,3.1311e-06,50,100,100,243990,2 11 9 3 5 8 10 0 1 7 4 6 
524,3.62679e-06,4.09851e-06,3.04469e-06,50,100,100,243990,2 11 9 3 5 8 10 0 1 7 4 6 
525,3.62839e-06,4.09851e-06,3.02375e-06,50,100,100,243990,2 11 9 3 5 8 10 0 1 7 4 6 
526,3.69167e-06,4.09851e-06,3.09202e-06,50,100,100,243990,2 11 9 3 5 8 10 0 1 7 4 6 
527,3.71067e-06,4.09851e-06,3.09484e-06,50,100,100,243990,2 11 9 3 5 8 10 0 1 7 4 6 
528,3.69942e-06,4.09851e-06,3.20341e-06,50,100,100,243990,2 11 9 3 5 8 10 0 1 7 4 6 
529,3.67897e-06,4.09851e-06,3.17726e-06,50,100,100,243990,2 11 9 3 5 8 10 0 1 7 4 6 
530,3.68426e-06,4.09851e-06,3.06447e-06,50,100,100,243990,2 11 9 3 5 8 10 0 1 7 4 6 
531,3.60527e-06,4.09851e-06,3.01168e-06,50,100,100,243990,2 11 9 3 5 8 10 0 1 7 4 6 
532,3.60195e-06,4.09851e-06,3.08451e-06,50,100,100,243990,2 11 9 3 5 8 10 0 1 7 4 6 
533,3.59271e-06,4.09851e-06,3.08194e-06,50,100,100,243990,2 11 9 3 5 8 10 0 1 7 4 6 
534,3.60413e-06,4.09851e-06,3.11885e-06,50,100,100,243990,2 11 9 3 5 8 10 0 1 7 4 6 
535,3.57983e-06,4.09851e-06,3.11714e-06,50,100,100,243990,2 11 9 3 5 8 10 0 1 7 4 6 
536,3.55076e-06,4.09851e-06,3.07447e-06,50,100,100,243990,2 11 9 3 5 8 10 0 1 7 4 6 
537,3.58246e-06,4.09851e-06,3.11194e-06,50,100,100,243990,2 11 9 3 5 8 10 0 1 7 4 6 
538,3.55451e-06,4.09851e-06,3.041e-06,50,100,100,243990,2 11 9 3 5 8 10 0 1 7 4 6 
539,3.57991e-06,4.09851e-06,3.10344e-06,50,100,100,243990,2 11 9 3 5 8 10 0 1 7 4 6 
540,3.61059e-06,4.09851e-06,3.03347e-06,50,100,100,243990,2 11 9 3 5 8 10 0 1 7 4 6 
541,3.58261e-06,4.09851e-06,3.09118e-06,50,100,100,243990,2 11 9 3 5 8 10 0 1 7 4 6 
542,3.61246e-06,4.09851e-06,3.0591e-06,50,100,100,243990,2 11 9 3 5 8 10 0 1 7 4 6 
543,3.54423e-06,4.09851e-06,3.10346e-06,50,100,100,243990,2 11 9 3 5 8 10 0 1 7 4 6 
544,3.57611e-06,4.09851e-06,3.07404e-06,50,100,100,243990,2 11 9 3 5 8 10 0 1 7 4 6 
545,3.5821e-06,4.09851e-06,3.14789e-06,50,100,100,243990,2 11 9 3 5 8 10 0 1 7 4 6 
546,3.55279e-06,4.09851e-06,3.11347e-06,50,100,100,243990,2 11 9 3 5 8 10 0 1 7 4 6 
547,3.56361e-06,4.09851e-06,3.11438e-06,50,100,100,243990,2 11 9 3 5 8 10 0 1 7 4 6 
548,3.56074e-06,4.09851e-06,3.05694e-06,50,100,100,243990,2 11 9 3 5 8 10 0 1 7 4 6 
549,3.54549e-06,4.09851e-06,2.98261e-06,50,100,100,243990,2 11 9 3 5 8 10 0 1 7 4 6 
550,3.58946e-06,4.09851e-06,3.05604e-06,50,100,100,243990,2 11 9 3 5 8 10 0 1 7 4 6 
551,3.59712e-06,4.09851e-06,3.08839e-06,50,100,100,243990,2 11 9 3 5 8 10 0 1 7 4 6 
552,3.56954e-06,4.09851e-06,3.10205e-06,50,100,100,243990,2 11 9 3 5 8 10 0 1 7 4 6 
553,3.60441e-06,4.09851e-06,3.16673e-06,50,100,100,243990,2 11 9 3 5 8 10 0 1 7 4 6 
554,3.5927e-06,4.09851e-06,3.05608e-06,50,100,100,243990,2 11 9 3 5 8 10 0 1 7 4 6 
555,3.57922e-06,4.09851e-06,3.03895e-06,50,100,100,243990,2 11 9 3 5 8 10 0 1 7 4 6 
556,3.58779e-06,4.09851e-06,3.11417e-06,50,100,100,243990,2 11 9 3 5 8 10 0 1 7 4 6 
557,3.60546e-06,4.09851e-06,3.12312e-06,50,100,100,243990,2 11 9 3 5 8 10 0 1 7 4 6 
558,3.54966e-06,4.09851e-06,3.10331e-06,50,100,100,243990,2 11 9 3 5 8 10 0 1 7 4 6 
559,3.59404e-06,4.09851e-06,3.07942e-06,50,100,100,243990,2 11 9 3 5 8 10 0 1 7 4 6 
560,3.56036e-06,4.09851e-06,3.08969e-06,50,100,100,243990,2 11 9 3 5 8 10 0 1 7 4 6 
561,3.5215e-06,4.09851e-06,3.06629e-06,50,100,100,243990,2 11 9 3 5 8 10 0 1 7 4 6 
562,3.55951e-06,4.09851e-06,3.02125e-06,50,100,100,243990,2 11 9 3 5 8 10 0 1 7 4 6 
563,3.52758e-06,4.09851e-06,3.03659e-06,50,100,100,243990,2 11 9 3 5 8 10 0 1 7 4 6 
564,3.58982e-06,4.09851e-06,3.09919e-06,50,100,100,243990,2 11 9 3 5 8 10 0 1 7 4 6 
565,3.58235e-06,4.09851e-06,3.05428e-06,50,100,100,243990,2 11 9 3 5 8 10 0 1 7 4 6 
566,3.56888e-06,4.09851e-06,3.07245e-06,50,100,100,243990,2 11 9 3 5 8 10 0 1 7 4 6 
567,3.59064e-06,4.09851e-06,3.01973e-06,50,100,100,243990,2 11 9 3 5 8 10 0 1 7 4 6 
568,3.58702e-06,4.09851e-06,3.06962e-06,50,100,100,243990,2 11 9 3 5 8 10 0 1 7 4 6 
569,3.59167e-06,4.09851e-06,3.03537e-06,50,100,100,243990,2 11 9 3 5 8 10 0 1 7 4 6 
570,3.59715e-06,4.09851e-06,3.06017e-06,50,100,100,243990,2 11 9 3 5 8 10 0 1 7 4 6 
571,3.58007e-06,4.09851e-06,2.97569e-06,50,100,100,243990,2 11 9 3 5 8 10 0 1 7 4 6 
572,3.58267e-06,4.09851e-06,3.04855e-06,50,100,100,243990,2 11 9 3 5 8 10 0 1 7 4 6 
573,3.56453e-06,4.09851e-06,3.09087e-06,50,100,100,243990,2 11 9 3 5 8 10 0 1 7 4 6 
574,3.57384e-06,4.09851e-06,3.11733e-06,50,100,100,243990,2 11 9 3 5 8 10 0 1 7 4 6 
575,3.6004e-06,4.09851e-06,3.15081e-06,50,100,100,243990,2 11 9 3 5 8 10 0 1 7 4 6 
576,3.57791e-06,4.09851e-06,3.05525e-06,50,100,100,243990,2 11 9 3 5 8 10 0 1 7 4 6 
577,3.5811e-06,4.09851e-06,3.01247e-06,50,100,100,243990,2 11 9 3 5 8 10 0 1 7 4 6 
578,3.60762e-06,4.09851e-06,3.10496e-06,50,100,100,243990,2 11 9 3 5 8 10 0 1 7 4 6 
579,3.64419e-06,4.09851e-06,3.09625e-06,50,100,100,243990,2 11 9 3 5 8 10 0 1 7 4 6 
580,3.60564e-06,4.09851e-06,3.11337e-06,50,100,100,243990,2 11 9 3 5 8 10 0 1 7 4 6 
581,3.5822e-06,4.09851e-06,3.00431e-06,50,100,100,243990,2 11 9 3 5 8 10 0 1 7 4 6 
582,3.57929e-06,4.09851e-06,3.07234e-06,50,100,100,243990,2 11 9 3 5 8 10 0 1 7 4 6 
583,3.52722e-06,4.09851e-06,3.03596e-06,50,100,100,243990,2 11 9 3 5 8 10 0 1 7 4 6 
584,3.58055e-06,4.09851e-06,3.0484e-06,50,100,100,243990,2 11 9 3 5 8 10 0 1 7 4 6 
585,3.56776e-06,4.09851e-06,3.06492e-06,50,100,100,243990,2 11 9 3 5 8 10 0 1 7 4 6 
586,3.55847e-06,4.09851e-06,3.01789e-06,50,100,100,243990,2 11 9 3 5 8 10 0 1 7 4 6 
587,3.59597e-06,4.09851e-06,3.13219e-06,50,100,100,243990,2 11 9 3 5 8 10 0 1 7 4 6 
588,3.59577e-06,4.09851e-06,2.99774e-06,50,100,100,243990,2 11 9 3 5 8 10 0 1 7 4 6 
589,3.62026e-06,4.09851e-06,3.09212e-06,50,100,100,243990,2 11 9 3 5 8 10 0 1 7 4 6 
590,3.6169e-06,4.09851e-06,3.02542e-06,50,100,100,243990,2 11 9 3 5 8 10 0 1 7 4 6 
591,3.62031e-06,4.09851e-06,3.13516e-06,50,100,100,243990,2 11 9 3 5 8 10 0 1 7 4 6 
592,3.60104e-06,4.09851e-06,3.02128e-06,50,100,100,243990,2 11 9 3 5 8 10 0 1 7 4 6 
593,3.5847e-06,4.09851e-06,3.03169e-06,50,100,100,243990,2 11 9 3 5 8 10 0 1 7 4 6 
594,3.6545e-06,4.09851e-06,3.13353e-06,50,100,100,243990,2 11 9 3 5 8 10 0 1 7 4 6 
595,3.60322e-06,4.09851e-06,3.12277e-06,50,100,100,243990,2 11 9 3 5 8 10 0 1 7 4 6 
596,3.62952e-06,4.09851e-06,3.16237e-06,50,100,100,243990,2 11 9 3 5 8 10 0 1 7 4 6 
597,3.60528e-06,4.09851e-06,3.04927e-06,50,100,100,243990,2 11 9 3 5 8 10 0 1 7 4 6 
598,3.54945e-06,4.09851e-06,3.00834e-06,50,100,100,243990,2 11 9 3 5 8 10 0 1 7 4 6 
599,3.58435e-06,4.09851e-06,3.05666e-06,50,100,100,243990,2 11 9 3 5 8 10 0 1 7 4 6 
600,3.59008e-06,4.09851e-06,3.12427e-06,50,100,100,243990,2 11 9 3 5 8 10 0 1 7 4 6 
601,3.60491e-06,4.09851e-06,3.12399e-06,50,100,100,243990,2 11 9 3 5 8 10 0 1 7 4 6 
602,3.56749e-06,4.09851e-06,3.04469e-06,50,100,100,243990,2 11 9 3 5 8 10 0 1 7 4 6 
603,3.54141e-06,4.09851e-06,3.01327e-06,50,100,100,243990,2 11 9 3 5 8 10 0 1 7 4 6 
604,3.55534e-06,4.09851e-06,3.11531e-06,50,100,100,243990,2 11 9 3 5 8 10 0 1 7 4 6 
605,3.5964e-06,4.09851e-06,3.05166e-06,50,100,100,243990,2 11 9 3 5 8 10 0 1 7 4 6 
606,3.60086e-06,4.09851e-06,3.1366e-06,50,100,100,243990,2 11 9 3 5 8 10 0 1 7 4 6 
607,3.60314e-06,4.09851e-06,3.06981e-06,50,100,100,243990,2 11 9 3 5 8 10 0 1 7 4 6 
608,3.6028e-06,4.09851e-06,2.99578e-06,50,100,100,243990,2 11 9 3 5 8 10 0 1 7 4 6 
609,3.59417e-06,4.09851e-06,3.08567e-06,50,100,100,243990,2 11 9 3 5 8 10 0 1 7 4 6 
610,3.62489e-06,4.09851e-06,3.07455e-06,50,100,100,243990,2 11 9 3 5 8 10 0 1 7 4 6 
611,3.67498e-06,4.09851e-06,3.17395e-06,50,100,100,243990,2 11 9 3 5 8 10 0 1 7 4 6 
612,3.64742e-06,4.09851e-06,3.03755e-06,50,100,100,243990,2 11 9 3 5 8 10 0 1 7 4 6 
613,3.65892e-06,4.09851e-06,3.17238e-06,50,100,100,243990,2 11 9 3 5 8 10 0 1 7 4 6 
614,3.64932e-06,4.09851e-06,3.01456e-06,50,100,100,243990,2 11 9 3 5 8 10 0 1 7 4 6 
615,3.6783e-06,4.09851e-06,3.20469e-06,50,100,100,243990,2 11 9 3 5 8 10 0 1 7 4 6 
616,3.59678e-06,4.09851e-06,3.05024e-06,50,100,100,243990,2 11 9 3 5 8 10 0 1 7 4 6 
617,3.61457e-06,4.09851e-06,3.10653e-06,50,100,100,243990,2 11 9 3 5 8 10 0 1 7 4 6 
618,3.60057e-06,4.09851e-06,3.08395e-06,50,100,100,243990,2 11 9 3 5 8 10 0 1 7 4 6 
619,3.60298e-06,4.09851e-06,3.11136e-06,50,100,100,243990,2 11 9 3 5 8 10 0 1 7 4 6 
620,3.58183e-06,4.09851e-06,3.08447e-06,50,100,100,243990,2 11 9 3 5 8 10 0 1 7 4 6 
621,3.55574e-06,4.09851e-06,3.07885e-06,50,100,100,243990,2 11 9 3 5 8 10 0 1 7 4 6 
622,3.56663e-06,4.09851e-06,3.0395e-06,50,100,100,243990,2 11 9 3 5 8 10 0 1 7 4 6 
623,3.62296e-06,4.09851e-06,3.13225e-06,50,100,100,243990,2 11 9 3 5 8 10 0 1 7 4 6 
624,3.66484e-06,4.09851e-06,3.10896e-06,50,100,100,243990,2 11 9 3 5 8 10 0 1 7 4 6 
625,3.66032e-06,4.09851e-06,3.16579e-06,50,100,100,243990,2 11 9 3 5 8 10 0 1 7 4 6 
626,3.59358e-06,4.09851e-06,3.05596e-06,50,100,100,243990,2 11 9 3 5 8 10 0 1 7 4 6 
627,3.56906e-06,4.09851e-06,3.06231e-06,50,100,100,243990,2 11 9 3 5 8 10 0 1 7 4 6 
628,3.58985e-06,4.09851e-06,3.09675e-06,50,100,100,243990,2 11 9 3 5 8 10 0 1 7 4 6 
629,3.61245e-06,4.09851e-06,3.04805e-06,50,100,100,243990,2 11 9 3 5 8 10 0 1 7 4 6 
630,3.62702e-06,4.09851e-06,3.03559e-06,50,100,100,243990,2 11 9 3 5 8 10 0 1 7 4 6 
631,3.62854e-06,4.09851e-06,3.03854e-06,50,100,100,243990,2 11 9 3 5 8 10 0 1 7 4 6 
632,3.61293e-06,4.09851e-06,3.128e-06,50,100,100,243990,2 11 9 3 5 8 10 0 1 7 4 6 
633,3.59526e-06,4.09851e-06,3.06923e-06,50,100,100,243990,2 11 9 3 5 8 10 0 1 7 4 6 
634,3.62474e-06,4.09851e-06,3.11903e-06,50,100,100,243990,2 11 9 3 5 8 10 0 1 7 4 6 
635,3.56023e-06,4.09851e-06,3.05214e-06,50,100,100,243990,2 11 9 3 5 8 10 0 1 7 4 6 
636,3.58658e-06,4.09851e-06,3.07253e-06,50,100,100,243990,2 11 9 3 5 8 10 0 1 7 4 6 
637,3.55749e-06,4.09851e-06,3.10853e-06,50,100,100,243990,2 11 9 3 5 8 10 0 1 7 4 6 
638,3.55979e-06,4.09851e-06,3.06892e-06,50,100,100,243990,2 11 9 3 5 8 10 0 1 7 4 6 
639,3.55638e-06,4.09851e-06,3.05223e-06,50,100,100,243990,2 11 9 3 5 8 10 0 1 7 4 6 
640,3.59935e-06,4.09851e-06,3.10541e-06,50,100,100,243990,2 11 9 3 5 8 10 0 1 7 4 6 
641,3.57673e-06,4.09851e-06,3.00554e-06,50,100,100,243990,2 11 9 3 5 8 10 0 1 7 4 6 
642,3.59671e-06,4.09851e-06,3.00849e-06,50,100,100,243990,2 11 9 3 5 8 10 0 1 7 4 6 
643,3.59913e-06,4.09851e-06,3.00803e-06,50,100,100,243990,2 11 9 3 5 8 10 0 1 7 4 6 
644,3.56739e-06,4.09851e-06,3.07896e-06,50,100,100,243990,2 11 9 3 5 8 10 0 1 7 4 6 
645,3.5848e-06,4.09851e-06,3.12399e-06,50,100,100,243990,2 11 9 3 5 8 10 0 1 7 4 6 
646,3.54959e-06,4.09851e-06,3.04844e-06,50,100,100,243990,2 11 9 3 5 8 10 0 1 7 4 6 
647,3.51688e-06,4.09851e-06,3.00568e-06,50,100,100,243990,2 11 9 3 5 8 10 0 1 7 4 6 
648,3.54622e-06,4.09851e-06,3.05468e-06,50,100,100,243990,2 11 9 3 5 8 10 0 1 7 4 6 
649,3.51447e-06,4.09851e-06,3.01658e-06,50,100,100,243990,2 11 9 3 5 8 10 0 1 7 4 6 
650,3.51676e-06,4.09851e-06,2.99583e-06,50,100,100,243990,2 11 9 3 5 8 10 0 1 7 4 6 
651,3.51402e-06,4.09851e-06,3.00231e-06,50,100,100,243990,2 11 9 3 5 8 10 0 1 7 4 6 
652,3.54668e-06,4.09851e-06,3.07947e-06,50,100,100,243990,2 11 9 3 5 8 10 0 1 7 4 6 
653,3.53404e-06,4.09851e-06,3.08076e-06,50,100,100,243990,2 11 9 3 5 8 10 0 1 7 4 6 
654,3.5556e-06,4.09851e-06,2.98937e-06,50,100,100,243990,2 11 9 3 5 8 10 0 1 7 4 6 
655,3.55138e-06,4.09851e-06,3.10205e-06,50,100,100,243990,2 11 9 3 5 8 10 0 1 7 4 6 
656,3.58026e-06,4.09851e-06,3.00166e-06,50,100,100,243990,2 11 9 3 5 8 10 0 1 7 4 6 
657,3.54235e-06,4.09851e-06,3.04634e-06,50,100,100,243990,2 11 9 3 5 8 10 0 1 7 4 6 
658,3.57705e-06,4.09851e-06,3.02982e-06,50,100,100,243990,2 11 9 3 5 8 10 0 1 7 4 6 
659,3.54091e-06,4.09851e-06,3.00657e-06,50,100,100,243990,2 11 9 3 5 8 10 0 1 7 4 6 
660,3.55883e-06,4.09851e-06,3.01188e-06,50,100,100,243990,2 11 9 3 5 8 10 0 1 7 4 6 
661,3.56316e-06,4.09851e-06,3.02672e-06,50,100,100,243990,2 11 9 3 5 8 10 0 1 7 4 6 
662,3.574e-06,4.09851e-06,3.03474e-06,50,100,100,243990,2 11 9 3 5 8 10 0 1 7 4 6 
663,3.61924e-06,4.09851e-06,3.07281e-06,50,100,100,243990,2 11 9 3 5 8 10 0 1 7 4 6 
664,3.6006e-06,4.09851e-06,3.13261e-06,50,100,100,243990,2 11 9 3 5 8 10 0 1 7 4 6 
665,3.60296e-06,4.09851e-06,3.10662e-06,50,100,100,243990,2 11 9 3 5 8 10 0 1 7 4 6 
666,3.57665e-06,4.09851e-06,3.0508e-06,50,100,100,243990,2 11 9 3 5 8 10 0 1 7 4 6 
667,3.57999e-06,4.09851e-06,3.0838e-06,50,100,100,243990,2 11 9 3 5 8 10 0 1 7 4 6 
668,3.55215e-06,4.09851e-06,3.1073e-06,50,100,100,243990,2 11 9 3 5 8 10 0 1 7 4 6 
669,3.59834e-06,4.09851e-06,3.11407e-06,50,100,100,243990,2 11 9 3 5 8 10 0 1 7 4 6 
670,3.55493e-06,4.09851e-06,3.08065e-06,50,100,100,243990,2 11 9 3 5 8 10 0 1 7 4 6 
671,3.58789e-06,4.09851e-06,3.12583e-06,50,100,100,243990,2 11 9 3 5 8 10 0 1 7 4 6 
672,3.64748e-06,4.09851e-06,3.19533e-06,50,100,100,243990,2 11 9 3 5 8 10 0 1 7 4 6 
673,3.5994e-06,4.09851e-06,3.04788e-06,50,100,100,243990,2 11 9 3 5 8 10 0 1 7 4 6 
674,3.61563e-06,4.09851e-06,3.05611e-06,50,100,100,243990,2 11 9 3 5 8 10 0 1 7 4 6 
675,3.60404e-06,4.09851e-06,3.05939e-06,50,100,100,243990,2 11 9 3 5 8 10 0 1 7 4 6 
676,3.61404e-06,4.09851e-06,3.06402e-06,50,100,100,243990,2 11 9 3 5 8 10 0 1 7 4 6 
677,3.64113e-06,4.09851e-06,3.1399e-06,50,100,100,243990,2 11 9 3 5 8 10 0 1 7 4 6 
678,3.62194e-06,4.09851e-06,3.02712e-06,50,100,100,243990,2 11 9 3 5 8 10 0 1 7 4 6 
679,3.61011e-06,4.09851e-06,3.09388e-06,50,100,100,243990,2 11 9 3 5 8 10 0 1 7 4 6 
680,3.62688e-06,4.09851e-06,3.07767e-06,50,100,100,243990,2 11 9 3 5 8 10 0 1 7 4 6 
681,3.6309e-06,4.09851e-06,3.09221e-06,50,100,100,243990,2 11 9 3 5 8 10 0 1 7 4 6 
682,3.6353e-06,4.09851e-06,3.07281e-06,50,100,100,243990,2 11 9 3 5 8 10 0 1 7 4 6 
683,3.64589e-06,4.09851e-06,2.99526e-06,50,100,100,243990,2 11 9 3 5 8 10 0 1 7 4 6 
684,3.64627e-06,4.09851e-06,3.06723e-06,50,100,100,243990,2 11 9 3 5 8 10 0 1 7 4 6 
685,3.62794e-06,4.09851e-06,3.10813e-06,50,100,100,243990,2 11 9 3 5 8 10 0 1 7 4 6 
686,3.64693e-06,4.09851e-06,3.10662e-06,50,100,100,243990,2 11 9 3 5 8 10 0 1 7 4 6 
687,3.6519e-06,4.09851e-06,3.14233e-06,50,100,100,243990,2 11 9 3 5 8 10 0 1 7 4 6 
688,3.60489e-06,4.09851e-06,3.0628e-06,50,100,100,243990,2 11 9 3 5 8 10 0 1 7 4 6 
689,3.53651e-06,4.09851e-06,3.06616e-06,50,100,100,243990,2 11 9 3 5 8 10 0 1 7 4 6 
690,3.52331e-06,4.09851e-06,3.04509e-06,50,100,100,243990,2 11 9 3 5 8 10 0 1 7 4 6 
691,3.58878e-06,4.09851e-06,3.08529e-06,50,100,100,243990,2 11 9 3 5 8 10 0 1 7 4 6 
692,3.51727e-06,4.09851e-06,2.98844e-06,50,100,100,243990,2 11 9 3 5 8 10 0 1 7 4 6 
693,3.56444e-06,4.09851e-06,3.01662e-06,50,100,100,243990,2 11 9 3 5 8 10 0 1 7 4 6 
694,3.5565e-06,4.09851e-06,3.03615e-06,50,100,100,243990,2 11 9 3 5 8 10 0 1 7 4 6 
695,3.61343e-06,4.09851e-06,3.09516e-06,50,100,100,243990,2 11 9 3 5 8 10 0 1 7 4 6 
696,3.64509e-06,4.09851e-06,3.0808e-06,50,100,100,243990,2 11 9 3 5 8 10 0 1 7 4 6 
697,3.59532e-06,4.09851e-06,3.09547e-06,50,100,100,243990,2 11 9 3 5 8 10 0 1 7 4 6 
698,3.60411e-06,4.09851e-06,3.12873e-06,50,100,100,243990,2 11 9 3 5 8 10 0 1 7 4 6 
699,3.52091e-06,4.09851e-06,3.07045e-06,50,100,100,243990,2 11 9 3 5 8 10 0 1 7 4 6 
700,3.55664e-06,4.09851e-06,3.14014e-06,50,100,100,243990,2 11 9 3 5 8 10 0 1 7 4 6 
701,3.59627e-06,4.09851e-06,3.08527e-06,50,100,100,243990,2 11 9 3 5 8 10 0 1 7 4 6 
702,3.58722e-06,4.09851e-06,3.13646e-06,50,100,100,243990,2 11 9 3 5 8 10 0 1 7 4 6 
703,3.58335e-06,4.09851e-06,3.08853e-06,50,100,100,243990,2 11 9 3 5 8 10 0 1 7 4 6 
704,3.57934e-06,4.09851e-06,3.01789e-06,50,100,100,243990,2 11 9 3 5 8 10 0 1 7 4 6 
705,3.56873e-06,4.09851e-06,3.1429e-06,50,100,100,243990,2 11 9 3 5 8 10 0 1 7 4 6 
706,3.58232e-06,4.09851e-06,3.06781e-06,50,100,100,243990,2 11 9 3 5 8 10 0 1 7 4 6 
707,3.5916e-06,4.09851e-06,3.08685e-06,50,100,100,243990,2 11 9 3 5 8 10 0 1 7 4 6 
708,3.5916e-06,4.09851e-06,3.1341e-06,50,100,100,243990,2 11 9 3 5 8 10 0 1 7 4 6 
709,3.59259e-06,4.09851e-06,3.05892e-06,50,100,100,243990,2 11 9 3 5 8 10 0 1 7 4 6 
710,3.59127e-06,4.09851e-06,3.07621e-06,50,100,100,243990,2 11 9 3 5 8 10 0 1 7 4 6 
711,3.59357e-06,4.09851e-06,3.08491e-06,50,100,100,243990,2 11 9 3 5 8 10 0 1 7 4 6 
712,3.58775e-06,4.09851e-06,2.99103e-06,50,100,100,243990,2 11 9 3 5 8 10 0 1 7 4 6 
713,3.55158e-06,4.09851e-06,3.00923e-06,50,100,100,243990,2 11 9 3 5 8 10 0 1 7 4 6 
714,3.55927e-06,4.09851e-06,3.10448e-06,50,100,100,243990,2 11 9 3 5 8 10 0 1 7 4 6 
715,3.56316e-06,4.09851e-06,2.99393e-06,50,100,100,243990,2 11 9 3 5 8 10 0 1 7 4 6 
716,3.59201e-06,4.09851e-06,3.09984e-06,50,100,100,243990,2 11 9 3 5 8 10 0 1 7 4 6 
717,3.62056e-06,4.09851e-06,3.05935e-06,50,100,100,243990,2 11 9 3 5 8 10 0 1 7 4 6 
718,3.61404e-06,4.09851e-06,2.99137e-06,50,100,100,243990,2 11 9 3 5 8 10 0 1 7 4 6 
719,3.57983e-06,4.09851e-06,3.05589e-06,50,100,100,243990,2 11 9 3 5 8 10 0 1 7 4 6 
720,3.60936e-06,4.09851e-06,3.09221e-06,50,100,100,243990,2 11 9 3 5 8 10 0 1 7 4 6 
721,3.57745e-06,4.09851e-06,3.09118e-06,50,100,100,243990,2 11 9 3 5 8 10 0 1 7 4 6 
722,3.62814e-06,4.09851e-06,3.06231e-06,50,100,100,243990,2 11 9 3 5 8 10 0 1 7 4 6 
723,3.66275e-06,4.09851e-06,3.13029e-06,50,100,100,243990,2 11 9 3 5 8 10 0 1 7 4 6 
724,3.63477e-06,4.09851e-06,3.08154e-06,50,100,100,243990,2 11 9 3 5 8 10 0 1 7 4 6 
725,3.62801e-06,4.09851e-06,3.06665e-06,50,100,100,243990,2 11 9 3 5 8 10 0 1 7 4 6 
726,3.65777e-06,4.09851e-06,3.04875e-06,50,100,100,243990,2 11 9 3 5 8 10 0 1 7 4 6 
727,3.61636e-06,4.09851e-06,2.98985e-06,50,100,100,243990,2 11 9 3 5 8 10 0 1 7 4 6 
728,3.59691e-06,4.09851e-06,3.07383e-06,50,100,100,243990,2 11 9 3 5 8 10 0 1 7 4 6 
729,3.58675e-06,4.09851e-06,3.09574e-06,50,100,100,243990,2 11 9 3 5 8 10 0 1 7 4 6 
730,3.62907e-06,4.09851e-06,3.08203e-06,50,100,100,243990,2 11 9 3 5 8 10 0 1 7 4 6 
731,3.6344e-06,4.09851e-06,3.09221e-06,50,100,100,243990,2 11 9 3 5 8 10 0 1 7 4 6 
732,3.65394e-06,4.09851e-06,3.0502e-06,50,100,100,243990,2 11 9 3 5 8 10 0 1 7 4 6 
733,3.59817e-06,4.09851e-06,3.03755e-06,50,100,100,243990,2 11 9 3 5 8 10 0 1 7 4 6 
734,3.54016e-06,4.09851e-06,3.03854e-06,50,100,100,243990,2 11 9 3 5 8 10 0 1 7 4 6 
735,3.60092e-06,4.09851e-06,3.05425e-06,50,100,100,243990,2 11 9 3 5 8 10 0 1 7 4 6 
736,3.64872e-06,4.09851e-06,3.14253e-06,50,100,100,243990,2 11 9 3 5 8 10 0 1 7 4 6 
737,3.64023e-06,4.09851e-06,3.13599e-06,50,100,100,243990,2 11 9 3 5 8 10 0 1 7 4 6 
738,3.58449e-06,4.09851e-06,3.01986e-06,50,100,100,243990,2 11 9 3 5 8 10 0 1 7 4 6 
739,3.55575e-06,4.09851e-06,3.0591e-06,50,100,100,243990,2 11 9 3 5 8 10 0 1 7 4 6 
740,3.55212e-06,4.09851e-06,3.1236e-06,50,100,100,243990,2 11 9 3 5 8 10 0 1 7 4 6 
741,3.56458e-06,4.09851e-06,3.11169e-06,50,100,100,243990,2 11 9 3 5 8 10 0 1 7 4 6 
742,3.57544e-06,4.09851e-06,3.05469e-06,50,100,100,243990,2 11 9 3 5 8 10 0 1 7 4 6 
743,3.58005e-06,4.09851e-06,3.03703e-06,50,100,100,243990,2 11 9 3 5 8 10 0 1 7 4 6 
744,3.59323e-06,4.09851e-06,3.12208e-06,50,100,100,243990,2 11 9 3 5 8 10 0 1 7 4 6 
745,3.62358e-06,4.09851e-06,3.08649e-06,50,100,100,243990,2 11 9 3 5 8 10 0 1 7 4 6 
746,3.63392e-06,4.09851e-06,3.11295e-06,50,100,100,243990,2 11 9 3 5 8 10 0 1 7 4 6 
747,3.58029e-06,4.09851e-06,3.03473e-06,50,100,100,243990,2 11 9 3 5 8 10 0 1 7 4 6 
748,3.58641e-06,4.09851e-06,3.12519e-06,50,100,100,243990,2 11 9 3 5 8 10 0 1 7 4 6 
749,3.64034e-06,4.09851e-06,3.14247e-06,50,100,100,243990,2 11 9 3 5 8 10 0 1 7 4 6 
750,3.59663e-06,4.09851e-06,3.14277e-06,50,100,100,243990,2 11 9 3 5 8 10 0 1 7 4 6 
751,3.61942e-06,4.09851e-06,3.15668e-06,50,100,100,243990,2 11 9 3 5 8 10 0 1 7 4 6 
752,3.59533e-06,4.09851e-06,3.09388e-06,50,100,100,243990,2 11 9 3 5 8 10 0 1 7 4 6 
753,3.61239e-06,4.09851e-06,3.13526e-06,50,100,100,243990,2 11 9 3 5 8 10 0 1 7 4 6 
754,3.60087e-06,4.09851e-06,3.1029e-06,50,100,100,243990,2 11 9 3 5 8 10 0 1 7 4 6 
755,3.59373e-06,4.09851e-06,3.10298e-06,50,100,100,243990,2 11 9 3 5 8 10 0 1 7 4 6 
756,3.60969e-06,4.09851e-06,3.07206e-06,50,100,100,243990,2 11 9 3 5 8 10 0 1 7 4 6 
757,3.61097e-06,4.09851e-06,3.10437e-06,50,100,100,243990,2 11 9 3 5 8 10 0 1 7 4 6 
758,3.57608e-06,4.09851e-06,3.05505e-06,50,100,100,243990,2 11 9 3 5 8 10 0 1 7 4 6 
759,3.58912e-06,4.09851e-06,3.03917e-06,50,100,100,243990,2 11 9 3 5 8 10 0 1 7 4 6 
760,3.58917e-06,4.09851e-06,2.9993e-06,50,100,100,243990,2 11 9 3 5 8 10 0 1 7 4 6 
761,3.60743e-06,4.09851e-06,3.14767e-06,50,100,100,243990,2 11 9 3 5 8 10 0 1 7 4 6 
762,3.60323e-06,4.09851e-06,3.10132e-06,50,100,100,243990,2 11 9 3 5 8 10 0 1 7 4 6 
763,3.64785e-06,4.09851e-06,3.04469e-06,50,100,100,243990,2 11 9 3 5 8 10 0 1 7 4 6 
764,3.64024e-06,4.09851e-06,3.11659e-06,50,100,100,243990,2 11 9 3 5 8 10 0 1 7 4 6 
765,3.69488e-06,4.09851e-06,3.13212e-06,50,100,100,243990,2 11 9 3 5 8 10 0 1 7 4 6 
766,3.61381e-06,4.09851e-06,3.10516e-06,50,100,100,243990,2 11 9 3 5 8 10 0 1 7 4 6 
767,3.63514e-06,4.09851e-06,3.05596e-06,50,100,100,243990,2 11 9 3 5 8 10 0 1 7 4 6 
768,3.59156e-06,4.09851e-06,3.12062e-06,50,100,100,243990,2 11 9 3 5 8 10 0 1 7 4 6 
769,3.58295e-06,4.09851e-06,3.04354e-06,50,100,100,243990,2 11 9 3 5 8 10 0 1 7 4 6 
770,3.54892e-06,4.09851e-06,2.96239e-06,50,100,100,243990,2 11 9 3 5 8 10 0 1 7 4 6 
771,3.53913e-06,4.09851e-06,2.96543e-06,50,100,100,243990,2 11 9 3 5 8 10 0 1 7 4 6 
772,3.52997e-06,4.09851e-06,3.09388e-06,50,100,100,243990,2 11 9 3 5 8 10 0 1 7 4 6 
773,3.58315e-06,4.09851e-06,3.13496e-06,50,100,100,243990,2 11 9 3 5 8 10 0 1 7 4 6 
774,3.58167e-06,4.09851e-06,3.10117e-06,50,100,100,243990,2 11 9 3 5 8 10 0 1 7 4 6 
775,3.58405e-06,4.09851e-06,3.01787e-06,50,100,100,243990,2 11 9 3 5 8 10 0 1 7 4 6 
776,3.54391e-06,4.09851e-06,3.04983e-06,50,100,100,243990,2 11 9 3 5 8 10 0 1 7 4 6 
777,3.53853e-06,4.09851e-06,3.01702e-06,50,100,100,243990,2 11 9 3 5 8 10 0 1 7 4 6 
778,3.53501e-06,4.09851e-06,3.1465e-06,50,100,100,243990,2 11 9 3 5 8 10 0 1 7 4 6 
779,3.55605e-06,4.09851e-06,3.04341e-06,50,100,100,243990,2 11 9 3 5 8 10 0 1 7 4 6 
780,3.5835e-06,4.09851e-06,3.13943e-06,50,100,100,243990,2 11 9 3 5 8 10 0 1 7 4 6 
781,3.57728e-06,4.09851e-06,3.05458e-06,50,100,100,243990,2 11 9 3 5 8 10 0 1 7 4 6 
782,3.61137e-06,4.09851e-06,3.13435e-06,50,100,100,243990,2 11 9 3 5 8 10 0 1 7 4 6 
783,3.60351e-06,4.09851e-06,3.04011e-06,50,100,100,243990,2 11 9 3 5 8 10 0 1 7 4 6 
784,3.64125e-06,4.09851e-06,3.05882e-06,50,100,100,243990,2 11 9 3 5 8 10 0 1 7 4 6 
785,3.58435e-06,4.09851e-06,3.10554e-06,50,100,100,243990,2 11 9 3 5 8 10 0 1 7 4 6 
786,3.60868e-06,4.09851e-06,2.97222e-06,50,100,100,243990,2 11 9 3 5 8 10 0 1 7 4 6 
787,3.53686e-06,4.09851e-06,3.10386e-06,50,100,100,243990,2 11 9 3 5 8 10 0 1 7 4 6 
788,3.55003e-06,4.09851e-06,3.03997e-06,50,100,100,243990,2 11 9 3 5 8 10 0 1 7 4 6 
789,3.53791e-06,4.09851e-06,3.06576e-06,50,100,100,243990,2 11 9 3 5 8 10 0 1 7 4 6 
790,3.53202e-06,4.09851e-06,2.98467e-06,50,100,100,243990,2 11 9 3 5 8 10 0 1 7 4 6 
791,3.54127e-06,4.09851e-06,3.14375e-06,50,100,100,243990,2 11 9 3 5 8 10 0 1 7 4 6 
792,3.52642e-06,4.09851e-06,3.03847e-06,50,100,100,243990,2 11 9 3 5 8 10 0 1 7 4 6 
793,3.51207e-06,4.09851e-06,3.03659e-06,50,100,100,243990,2 11 9 3 5 8 10 0 1 7 4 6 
794,3.52237e-06,4.09851e-06,3.00388e-06,50,100,100,243990,2 11 9 3 5 8 10 0 1 7 4 6 
795,3.52996e-06,4.09851e-06,3.01545e-06,50,100,100,243990,2 11 9 3 5 8 10 0 1 7 4 6 
796,3.54777e-06,4.09851e-06,3.08761e-06,50,100,100,243990,2 11 9 3 5 8 10 0 1 7 4 6 
797,3.53683e-06,4.09851e-06,3.09325e-06,50,100,100,243990,2 11 9 3 5 8 10 0 1 7 4 6 
798,3.56569e-06,4.09851e-06,3.08074e-06,50,100,100,243990,2 11 9 3 5 8 10 0 1 7 4 6 
799,3.56983e-06,4.09851e-06,3.11743e-06,50,100,100,243990,2 11 9 3 5 8 10 0 1 7 4 6 
800,3.55338e-06,4.09851e-06,3.11693e-06,50,100,100,243990,2 11 9 3 5 8 10 0 1 7 4 6 
801,3.59173e-06,4.09851e-06,3.15345e-06,50,100,100,243990,2 11 9 3 5 8 10 0 1 7 4 6 
802,3.53349e-06,4.09851e-06,3.05939e-06,50,100,100,243990,2 11 9 3 5 8 10 0 1 7 4 6 
803,3.55132e-06,4.09851e-06,2.99927e-06,50,100,100,243990,2 11 9 3 5 8 10 0 1 7 4 6 
804,3.51727e-06,4.09851e-06,3.03123e-06,50,100,100,243990,2 11 9 3 5 8 10 0 1 7 4 6 
805,3.50772e-06,4.09851e-06,3.08605e-06,50,100,100,243990,2 11 9 3 5 8 10 0 1 7 4 6 
806,3.53447e-06,4.09851e-06,3.12513e-06,50,100,100,243990,2 11 9 3 5 8 10 0 1 7 4 6 
807,3.54631e-06,4.09851e-06,2.97098e-06,50,100,100,243990,2 11 9 3 5 8 10 0 1 7 4 6 
808,3.53744e-06,4.09851e-06,3.12109e-06,50,100,100,243990,2 11 9 3 5 8 10 0 1 7 4 6 
809,3.52356e-06,4.09851e-06,3.0772e-06,50,100,100,243990,2 11 9 3 5 8 10 0 1 7 4 6 
810,3.53127e-06,4.09851e-06,3.07041e-06,50,100,100,243990,2 11 9 3 5 8 10 0 1 7 4 6 
811,3.52582e-06,4.09851e-06,3.02408e-06,50,100,100,243990,2 11 9 3 5 8 10 0 1 7 4 6 
812,3.56576e-06,4.09851e-06,3.06729e-06,50,100,100,243990,2 11 9 3 5 8 10 0 1 7 4 6 
813,3.59603e-06,4.09851e-06,2.9974e-06,50,100,100,243990,2 11 9 3 5 8 10 0 1 7 4 6 
814,3.58582e-06,4.09851e-06,3.00447e-06,50,100,100,243990,2 11 9 3 5 8 10 0 1 7 4 6 
815,3.59631e-06,4.09851e-06,3.07177e-06,50,100,100,243990,2 11 9 3 5 8 10 0 1 7 4 6 
816,3.5551e-06,4.09851e-06,3.01349e-06,50,100,100,243990,2 11 9 3 5 8 10 0 1 7 4 6 
817,3.5639e-06,4.09851e-06,3.05145e-06,50,100,100,243990,2 11 9 3 5 8 10 0 1 7 4 6 
818,3.57228e-06,4.09851e-06,3.14095e-06,50,100,100,243990,2 11 9 3 5 8 10 0 1 7 4 6 
819,3.53033e-06,4.09851e-06,3.07635e-06,50,100,100,243990,2 11 9 3 5 8 10 0 1 7 4 6 
820,3.5384e-06,4.09851e-06,3.03141e-06,50,100,100,243990,2 11 9 3 5 8 10 0 1 7 4 6 
821,3.53153e-06,4.09851e-06,3.00823e-06,50,100,100,243990,2 11 9 3 5 8 10 0 1 7 4 6 
822,3.54773e-06,4.09851e-06,2.9806e-06,50,100,100,243990,2 11 9 3 5 8 10 0 1 7 4 6 
823,3.52257e-06,4.09851e-06,3.05901e-06,50,100,100,243990,2 11 9 3 5 8 10 0 1 7 4 6 
824,3.55044e-06,4.09851e-06,3.00355e-06,50,100,100,243990,2 11 9 3 5 8 10 0 1 7 4 6 
825,3.57259e-06,4.09851e-06,3.0278e-06,50,100,100,243990,2 11 9 3 5 8 10 0 1 7 4 6 
826,3.52918e-06,4.09851e-06,3.06205e-06,50,100,100,243990,2 11 9 3 5 8 10 0 1 7 4 6 
827,3.53021e-06,4.09851e-06,3.03358e-06,50,100,100,243990,2 11 9 3 5 8 10 0 1 7 4 6 
828,3.52505e-06,4.09851e-06,2.99253e-06,50,100,100,243990,2 11 9 3 5 8 10 0 1 7 4 6 
829,3.56847e-06,4.09851e-06,3.03932e-06,50,100,100,243990,2 11 9 3 5 8 10 0 1 7 4 6 
830,3.58489e-06,4.09851e-06,3.16221e-06,50,100,100,243990,2 11 9 3 5 8 10 0 1 7 4 6 
831,3.59995e-06,4.09851e-06,3.12929e-06,50,100,100,243990,2 11 9 3 5 8 10 0 1 7 4 6 
832,3.58272e-06,4.09851e-06,3.13575e-06,50,100,100,243990,2 11 9 3 5 8 10 0 1 7 4 6 
833,3.59662e-06,4.09851e-06,3.10892e-06,50,100,100,243990,2 11 9 3 5 8 10 0 1 7 4 6 
834,3.62996e-06,4.09851e-06,3.10408e-06,50,100,100,243990,2 11 9 3 5 8 10 0 1 7 4 6 
835,3.67518e-06,4.09851e-06,2.98175e-06,50,100,100,243990,2 11 9 3 5 8 10 0 1 7 4 6 
836,3.63697e-06,4.09851e-06,3.02032e-06,50,100,100,243990,2 11 9 3 5 8 10 0 1 7 4 6 
837,3.64868e-06,4.09851e-06,3.06665e-06,50,100,100,243990,2 11 9 3 5 8 10 0 1 7 4 6 
838,3.60538e-06,4.09851e-06,2.98412e-06,50,100,100,243990,2 11 9 3 5 8 10 0 1 7 4 6 
839,3.58238e-06,4.09851e-06,3.03755e-06,50,100,100,243990,2 11 9 3 5 8 10 0 1 7 4 6 
840,3.55319e-06,4.09851e-06,3.09629e-06,50,100,100,243990,2 11 9 3 5 8 10 0 1 7 4 6 
841,3.5783e-06,4.09851e-06,3.09712e-06,50,100,100,243990,2 11 9 3 5 8 10 0 1 7 4 6 
842,3.61137e-06,4.09851e-06,3.03659e-06,50,100,100,243990,2 11 9 3 5 8 10 0 1 7 4 6 
843,3.59809e-06,4.09851e-06,3.05867e-06,50,100,100,243990,2 11 9 3 5 8 10 0 1 7 4 6 
844,3.59196e-06,4.09851e-06,3.03757e-06,50,100,100,243990,2 11 9 3 5 8 10 0 1 7 4 6 
845,3.59411e-06,4.09851e-06,3.01373e-06,50,100,100,243990,2 11 9 3 5 8 10 0 1 7 4 6 
846,3.58127e-06,4.09851e-06,3.0521e-06,50,100,100,243990,2 11 9 3 5 8 10 0 1 7 4 6 
847,3.60315e-06,4.09851e-06,3.09034e-06,50,100,100,243990,2 11 9 3 5 8 10 0 1 7 4 6 
848,3.56906e-06,4.09851e-06,3.01707e-06,50,100,100,243990,2 11 9 3 5 8 10 0 1 7 4 6 
849,3.63675e-06,4.09851e-06,2.98286e-06,50,100,100,243990,2 11 9 3 5 8 10 0 1 7 4 6 
850,3.61517e-06,4.09851e-06,3.06646e-06,50,100,100,243990,2 11 9 3 5 8 10 0 1 7 4 6 
851,3.62773e-06,4.09851e-06,3.08544e-06,50,100,100,243990,2 11 9 3 5 8 10 0 1 7 4 6 
852,3.64026e-06,4.09851e-06,3.1132e-06,50,100,100,243990,2 11 9 3 5 8 10 0 1 7 4 6 
853,3.58397e-06,4.09851e-06,3.14874e-06,50,100,100,243990,2 11 9 3 5 8 10 0 1 7 4 6 
854,3.57187e-06,4.09851e-06,3.03768e-06,50,100,100,243990,2 11 9 3 5 8 10 0 1 7 4 6 
855,3.5674e-06,4.09851e-06,3.09371e-06,50,100,100,243990,2 11 9 3 5 8 10 0 1 7 4 6 
856,3.61305e-06,4.09851e-06,3.08994e-06,50,100,100,243990,2 11 9 3 5 8 10 0 1 7 4 6 
857,3.56641e-06,4.09851e-06,3.07735e-06,50,100,100,243990,2 11 9 3 5 8 10 0 1 7 4 6 
858,3.56715e-06,4.09851e-06,3.03939e-06,50,100,100,243990,2 11 9 3 5 8 10 0 1 7 4 6 
859,3.58828e-06,4.09851e-06,3.08952e-06,50,100,100,243990,2 11 9 3 5 8 10 0 1 7 4 6 
860,3.56366e-06,4.09851e-06,3.05486e-06,50,100,100,243990,2 11 9 3 5 8 10 0 1 7 4 6 
861,3.56699e-06,4.09851e-06,3.11597e-06,50,100,100,243990,2 11 9 3 5 8 10 0 1 7 4 6 
862,3.55732e-06,4.09851e-06,3.02839e-06,50,100,100,243990,2 11 9 3 5 8 10 0 1 7 4 6 
863,3.62086e-06,4.09851e-06,3.12941e-06,50,100,100,243990,2 11 9 3 5 8 10 0 1 7 4 6 
864,3.59561e-06,4.09851e-06,3.03565e-06,50,100,100,243990,2 11 9 3 5 8 10 0 1 7 4 6 
865,3.62194e-06,4.09851e-06,3.14492e-06,50,100,100,243990,2 11 9 3 5 8 10 0 1 7 4 6 
866,3.62291e-06,4.09851e-06,3.07835e-06,50,100,100,243990,2 11 9 3 5 8 10 0 1 7 4 6 
867,3.63121e-06,4.09851e-06,3.06595e-06,50,100,100,243990,2 11 9 3 5 8 10 0 1 7 4 6 
868,3.59829e-06,4.09851e-06,3.10803e-06,50,100,100,243990,2 11 9 3 5 8 10 0 1 7 4 6 
869,3.56271e-06,4.09851e-06,3.10117e-06,50,100,100,243990,2 11 9 3 5 8 10 0 1 7 4 6 
870,3.56548e-06,4.09851e-06,3.15907e-06,50,100,100,243990,2 11 9 3 5 8 10 0 1 7 4 6 
871,3.58001e-06,4.09851e-06,3.06025e-06,50,100,100,243990,2 11 9 3 5 8 10 0 1 7 4 6 
872,3.59315e-06,4.09851e-06,2.98631e-06,50,100,100,243990,2 11 9 3 5 8 10 0 1 7 4 6 
873,3.58095e-06,4.09851e-06,3.04452e-06,50,100,100,243990,2 11 9 3 5 8 10 0 1 7 4 6 
874,3.61112e-06,4.09851e-06,3.08858e-06,50,100,100,243990,2 11 9 3 5 8 10 0 1 7 4 6 
875,3.58843e-06,4.09851e-06,3.00581e-06,50,100,100,243990,2 11 9 3 5 8 10 0 1 7 4 6 
876,3.55299e-06,4.09851e-06,3.112e-06,50,100,100,243990,2 11 9 3 5 8 10 0 1 7 4 6 
877,3.57579e-06,4.09851e-06,3.10473e-06,50,100,100,243990,2 11 9 3 5 8 10 0 1 7 4 6 
878,3.59279e-06,4.09851e-06,3.01817e-06,50,100,100,243990,2 11 9 3 5 8 10 0 1 7 4 6 
879,3.55196e-06,4.09851e-06,3.06023e-06,50,100,100,243990,2 11 9 3 5 8 10 0 1 7 4 6 
880,3.52109e-06,4.09851e-06,2.98817e-06,50,100,100,243990,2 11 9 3 5 8 10 0 1 7 4 6 
881,3.5745e-06,4.09851e-06,3.08472e-06,50,100,100,243990,2 11 9 3 5 8 10 0 1 7 4 6 
882,3.56025e-06,4.09851e-06,3.04684e-06,50,100,100,243990,2 11 9 3 5 8 10 0 1 7 4 6 
883,3.52266e-06,4.09851e-06,3.05045e-06,50,100,100,243990,2 11 9 3 5 8 10 0 1 7 4 6 
884,3.48956e-06,4.09851e-06,3.02472e-06,50,100,100,243990,2 11 9 3 5 8 10 0 1 7 4 6 
885,3.51422e-06,4.09851e-06,3.03206e-06,50,100,100,243990,2 11 9 3 5 8 10 0 1 7 4 6 
886,3.52518e-06,4.09851e-06,2.99781e-06,50,100,100,243990,2 11 9 3 5 8 10 0 1 7 4 6 
887,3.56674e-06,4.09851e-06,3.02441e-06,50,100,100,243990,2 11 9 3 5 8 10 0 1 7 4 6 
888,3.60848e-06,4.09851e-06,3.03611e-06,50,100,100,243990,2 11 9 3 5 8 10 0 1 7 4 6 
889,3.58074e-06,4.09851e-06,3.10288e-06,50,100,100,243990,2 11 9 3 5 8 10 0 1 7 4 6 
890,3.56599e-06,4.09851e-06,2.95499e-06,50,100,100,243990,2 11 9 3 5 8 10 0 1 7 4 6 
891,3.57653e-06,4.09851e-06,3.10406e-06,50,100,100,243990,2 11 9 3 5 8 10 0 1 7 4 6 
892,3.61417e-06,4.09851e-06,3.0609e-06,50,100,100,243990,2 11 9 3 5 8 10 0 1 7 4 6 
893,3.63036e-06,4.09851e-06,3.0664e-06,50,100,100,243990,2 11 9 3 5 8 10 0 1 7 4 6 
894,3.61666e-06,4.09851e-06,3.07385e-06,50,100,100,243990,2 11 9 3 5 8 10 0 1 7 4 6 
895,3.60973e-06,4.09851e-06,3.0521e-06,50,100,100,243990,2 11 9 3 5 8 10 0 1 7 4 6 
896,3.626e-06,4.09851e-06,2.99431e-06,50,100,100,243990,2 11 9 3 5 8 10 0 1 7 4 6 
897,3.59426e-06,4.09851e-06,3.03303e-06,50,100,100,243990,2 11 9 3 5 8 10 0 1 7 4 6 
898,3.62245e-06,4.09851e-06,3.02138e-06,50,100,100,243990,2 11 9 3 5 8 10 0 1 7 4 6 
899,3.62534e-06,4.09851e-06,3.00153e-06,50,100,100,243990,2 11 9 3 5 8 10 0 1 7 4 6 
900,3.57993e-06,4.09851e-06,3.01402e-06,50,100,100,243990,2 11 9 3 5 8 10 0 1 7 4 6 
901,3.60267e-06,4.09851e-06,3.0939e-06,50,100,100,243990,2 11 9 3 5 8 10 0 1 7 4 6 
902,3.62355e-06,4.09851e-06,3.10836e-06,50,100,100,243990,2 11 9 3 5 8 10 0 1 7 4 6 
903,3.63962e-06,4.09851e-06,3.18616e-06,50,100,100,243990,2 11 9 3 5 8 10 0 1 7 4 6 
904,3.6139e-06,4.09851e-06,2.97404e-06,50,100,100,243990,2 11 9 3 5 8 10 0 1 7 4 6 
905,3.64472e-06,4.09851e-06,3.02532e-06,50,100,100,243990,2 11 9 3 5 8 10 0 1 7 4 6 
906,3.57638e-06,4.09851e-06,3.112e-06,50,100,100,243990,2 11 9 3 5 8 10 0 1 7 4 6 
907,3.58076e-06,4.09851e-06,3.04511e-06,50,100,100,243990,2 11 9 3 5 8 10 0 1 7 4 6 
908,3.57552e-06,4.09851e-06,3.05367e-06,50,100,100,243990,2 11 9 3 5 8 10 0 1 7 4 6 
909,3.53856e-06,4.09851e-06,3.09551e-06,50,100,100,243990,2 11 9 3 5 8 10 0 1 7 4 6 
910,3.51287e-06,4.09851e-06,3.03784e-06,50,100,100,243990,2 11 9 3 5 8 10 0 1 7 4 6 
911,3.52818e-06,4.09851e-06,3.05033e-06,50,100,100,243990,2 11 9 3 5 8 10 0 1 7 4 6 
912,3.50839e-06,4.09851e-06,2.96353e-06,50,100,100,243990,2 11 9 3 5 8 10 0 1 7 4 6 
913,3.50169e-06,4.09851e-06,2.92448e-06,50,100,100,243990,2 11 9 3 5 8 10 0 1 7 4 6 
914,3.50498e-06,4.09851e-06,3.04741e-06,50,100,100,243990,2 11 9 3 5 8 10 0 1 7 4 6 
915,3.53334e-06,4.09851e-06,2.99311e-06,50,100,100,243990,2 11 9 3 5 8 10 0 1 7 4 6 
916,3.55877e-06,4.09851e-06,3.00787e-06,50,100,100,243990,2 11 9 3 5 8 10 0 1 7 4 6 
917,3.51668e-06,4.09851e-06,2.98822e-06,50,100,100,243990,2 11 9 3 5 8 10 0 1 7 4 6 
918,3.50378e-06,4.09851e-06,2.89087e-06,50,100,100,243990,2 11 9 3 5 8 10 0 1 7 4 6 
919,3.49908e-06,4.09851e-06,3.02054e-06,50,100,100,243990,2 11 9 3 5 8 10 0 1 7 4 6 
920,3.53672e-06,4.09851e-06,3.12411e-06,50,100,100,243990,2 11 9 3 5 8 10 0 1 7 4 6 
921,3.49358e-06,4.09851e-06,3.05456e-06,50,100,100,243990,2 11 9 3 5 8 10 0 1 7 4 6 
922,3.55037e-06,4.09851e-06,3.08141e-06,50,100,100,243990,2 11 9 3 5 8 10 0 1 7 4 6 
923,3.52715e-06,4.09851e-06,3.10281e-06,50,100,100,243990,2 11 9 3 5 8 10 0 1 7 4 6 
924,3.52499e-06,4.09851e-06,3.04719e-06,50,100,100,243990,2 11 9 3 5 8 10 0 1 7 4 6 
925,3.52624e-06,4.09851e-06,3.0622e-06,50,100,100,243990,2 11 9 3 5 8 10 0 1 7 4 6 
926,3.54497e-06,4.09851e-06,2.94278e-06,50,100,100,243990,2 11 9 3 5 8 10 0 1 7 4 6 
927,3.55709e-06,4.09851e-06,3.03451e-06,50,100,100,243990,2 11 9 3 5 8 10 0 1 7 4 6 
928,3.60445e-06,4.09851e-06,3.0929e-06,50,100,100,243990,2 11 9 3 5 8 10 0 1 7 4 6 
929,3.58925e-06,4.09851e-06,3.04096e-06,50,100,100,243990,2 11 9 3 5 8 10 0 1 7 4 6 
930,3.56863e-06,4.09851e-06,3.05766e-06,50,100,100,243990,2 11 9 3 5 8 10 0 1 7 4 6 
931,3.55946e-06,4.09851e-06,3.06126e-06,50,100,100,243990,2 11 9 3 5 8 10 0 1 7 4 6 
932,3.59596e-06,4.09851e-06,3.11031e-06,50,100,100,243990,2 11 9 3 5 8 10 0 1 7 4 6 
933,3.59761e-06,4.09851e-06,3.06255e-06,50,100,100,243990,2 11 9 3 5 8 10 0 1 7 4 6 
934,3.60804e-06,4.09851e-06,3.0489e-06,50,100,100,243990,2 11 9 3 5 8 10 0 1 7 4 6 
935,3.61477e-06,4.09851e-06,3.07496e-06,50,100,100,243990,2 11 9 3 5 8 10 0 1 7 4 6 
936,3.61254e-06,4.09851e-06,2.99716e-06,50,100,100,243990,2 11 9 3 5 8 10 0 1 7 4 6 
937,3.60341e-06,4.09851e-06,3.14809e-06,50,100,100,243990,2 11 9 3 5 8 10 0 1 7 4 6 
938,3.59069e-06,4.09851e-06,3.10637e-06,50,100,100,243990,2 11 9 3 5 8 10 0 1 7 4 6 
939,3.64746e-06,4.09851e-06,3.21503e-06,50,100,100,243990,2 11 9 3 5 8 10 0 1 7 4 6 
940,3.61656e-06,4.09851e-06,3.10662e-06,50,100,100,243990,2 11 9 3 5 8 10 0 1 7 4 6 
941,3.61775e-06,4.09851e-06,3.08839e-06,50,100,100,243990,2 11 9 3 5 8 10 0 1 7 4 6 
942,3.64928e-06,4.09851e-06,3.10697e-06,50,100,100,243990,2 11 9 3 5 8 10 0 1 7 4 6 
943,3.64038e-06,4.09851e-06,3.17441e-06,50,100,100,243990,2 11 9 3 5 8 10 0 1 7 4 6 
944,3.6594e-06,4.09851e-06,3.03478e-06,50,100,100,243990,2 11 9 3 5 8 10 0 1 7 4 6 
945,3.62454e-06,4.09851e-06,3.11093e-06,50,100,100,243990,2 11 9 3 5 8 10 0 1 7 4 6 
946,3.62339e-06,4.09851e-06,3.07879e-06,50,100,100,243990,2 11 9 3 5 8 10 0 1 7 4 6 
947,3.62e-06,4.09851e-06,3.05305e-06,50,100,100,243990,2 11 9 3 5 8 10 0 1 7 4 6 
948,3.59829e-06,4.09851e-06,3.12068e-06,50,100,100,243990,2 11 9 3 5 8 10 0 1 7 4 6 
949,3.58173e-06,4.09851e-06,3.09754e-06,50,100,100,243990,2 11 9 3 5 8 10 0 1 7 4 6 
950,3.56647e-06,4.09851e-06,3.05832e-06,50,100,100,243990,2 11 9 3 5 8 10 0 1 7 4 6 
951,3.53244e-06,4.09851e-06,2.9942e-06,50,100,100,243990,2 11 9 3 5 8 10 0 1 7 4 6 
952,3.56021e-06,4.09851e-06,3.03325e-06,50,100,100,243990,2 11 9 3 5 8 10 0 1 7 4 6 
953,3.53448e-06,4.09851e-06,3.04966e-06,50,100,100,243990,2 11 9 3 5 8 10 0 1 7 4 6 
954,3.56543e-06,4.09851e-06,3.04013e-06,50,100,100,243990,2 11 9 3 5 8 10 0 1 7 4 6 
955,3.55373e-06,4.09851e-06,3.0643e-06,50,100,100,243990,2 11 9 3 5 8 10 0 1 7 4 6 
956,3.60147e-06,4.09851e-06,3.07332e-06,50,100,100,243990,2 11 9 3 5 8 10 0 1 7 4 6 
957,3.51527e-06,4.09851e-06,3.01053e-06,50,100,100,243990,2 11 9 3 5 8 10 0 1 7 4 6 
958,3.56336e-06,4.09851e-06,3.00621e-06,50,100,100,243990,2 11 9 3 5 8 10 0 1 7 4 6 
959,3.49107e-06,4.09851e-06,3.12136e-06,50,100,100,243990,2 11 9 3 5 8 10 0 1 7 4 6 
960,3.51689e-06,4.09851e-06,3.01833e-06,50,100,100,243990,2 11 9 3 5 8 10 0 1 7 4 6 
961,3.53727e-06,4.09851e-06,3.07077e-06,50,100,100,243990,2 11 9 3 5 8 10 0 1 7 4 6 
962,3.55979e-06,4.09851e-06,3.05611e-06,50,100,100,243990,2 11 9 3 5 8 10 0 1 7 4 6 
963,3.55487e-06,4.09851e-06,3.09554e-06,50,100,100,243990,2 11 9 3 5 8 10 0 1 7 4 6 
964,3.5888e-06,4.09851e-06,3.12513e-06,50,100,100,243990,2 11 9 3 5 8 10 0 1 7 4 6 
965,3.52285e-06,4.09851e-06,3.02353e-06,50,100,100,243990,2 11 9 3 5 8 10 0 1 7 4 6 
966,3.51063e-06,4.09851e-06,2.93619e-06,50,100,100,243990,2 11 9 3 5 8 10 0 1 7 4 6 
967,3.51258e-06,4.09851e-06,3.03971e-06,50,100,100,243990,2 11 9 3 5 8 10 0 1 7 4 6 
968,3.50983e-06,4.09851e-06,3.10948e-06,50,100,100,243990,2 11 9 3 5 8 10 0 1 7 4 6 
969,3.56445e-06,4.09851e-06,3.12483e-06,50,100,100,243990,2 11 9 3 5 8 10 0 1 7 4 6 
970,3.58997e-06,4.09851e-06,3.12788e-06,50,100,100,243990,2 11 9 3 5 8 10 0 1 7 4 6 
971,3.59575e-06,4.09851e-06,3.10662e-06,50,100,100,243990,2 11 9 3 5 8 10 0 1 7 4 6 
972,3.6015e-06,4.09851e-06,3.1272e-06,50,100,100,243990,2 11 9 3 5 8 10 0 1 7 4 6 
973,3.61266e-06,4.09851e-06,3.11924e-06,50,100,100,243990,2 11 9 3 5 8 10 0 1 7 4 6 
974,3.61203e-06,4.09851e-06,3.07731e-06,50,100,100,243990,2 11 9 3 5 8 10 0 1 7 4 6 
975,3.62933e-06,4.09851e-06,3.05935e-06,50,100,100,243990,2 11 9 3 5 8 10 0 1 7 4 6 
976,3.65596e-06,4.09851e-06,3.09982e-06,50,100,100,243990,2 11 9 3 5 8 10 0 1 7 4 6 
977,3.68292e-06,4.09851e-06,3.16461e-06,50,100,100,243990,2 11 9 3 5 8 10 0 1 7 4 6 
978,3.62801e-06,4.09851e-06,3.10711e-06,50,100,100,243990,2 11 9 3 5 8 10 0 1 7 4 6 
979,3.56267e-06,4.09851e-06,3.07153e-06,50,100,100,243990,2 11 9 3 5 8 10 0 1 7 4 6 
980,3.58965e-06,4.09851e-06,2.98983e-06,50,100,100,243990,2 11 9 3 5 8 10 0 1 7 4 6 
981,3.59398e-06,4.09851e-06,3.06781e-06,50,100,100,243990,2 11 9 3 5 8 10 0 1 7 4 6 
982,3.54439e-06,4.09851e-06,2.9754e-06,50,100,100,243990,2 11 9 3 5 8 10 0 1 7 4 6 
983,3.55384e-06,4.09851e-06,3.03487e-06,50,100,100,243990,2 11 9 3 5 8 10 0 1 7 4 6 
984,3.60518e-06,4.09851e-06,2.98428e-06,50,100,100,243990,2 11 9 3 5 8 10 0 1 7 4 6 
985,3.54777e-06,4.09851e-06,3.11832e-06,50,100,100,243990,2 11 9 3 5 8 10 0 1 7 4 6 
986,3.54545e-06,4.09851e-06,3.08822e-06,50,100,100,243990,2 11 9 3 5 8 10 0 1 7 4 6 
987,3.57183e-06,4.09851e-06,3.00941e-06,50,100,100,243990,2 11 9 3 5 8 10 0 1 7 4 6 
988,3.58345e-06,4.09851e-06,3.07466e-06,50,100,100,243990,2 11 9 3 5 8 10 0 1 7 4 6 
989,3.55552e-06,4.09851e-06,3.0422e-06,50,100,100,243990,2 11 9 3 5 8 10 0 1 7 4 6 
990,3.58305e-06,4.09851e-06,3.14706e-06,50,100,100,243990,2 11 9 3 5 8 10 0 1 7 4 6 
991,3.59775e-06,4.09851e-06,3.17685e-06,50,100,100,243990,2 11 9 3 5 8 10 0 1 7 4 6 
992,3.59566e-06,4.09851e-06,3.17744e-06,50,100,100,243990,2 11 9 3 5 8 10 0 1 7 4 6 
993,3.57205e-06,4.09851e-06,3.11704e-06,50,100,100,243990,2 11 9 3 5 8 10 0 1 7 4 6 
994,3.54135e-06,4.09851e-06,3.09118e-06,50,100,100,243990,2 11 9 3 5 8 10 0 1 7 4 6 
995,3.52794e-06,4.09851e-06,2.9817e-06,50,100,100,243990,2 11 9 3 5 8 10 0 1 7 4 6 
996,3.59825e-06,4.09851e-06,3.0327e-06,50,100,100,243990,2 11 9 3 5 8 10 0 1 7 4 6 
997,3.57162e-06,4.09851e-06,3.04896e-06,50,100,100,243990,2 11 9 3 5 8 10 0 1 7 4 6 
998,3.52909e-06,4.09851e-06,3.00042e-06,50,100,100,243990,2 11 9 3 5 8 10 0 1 7 4 6 
999,3.533e-06,4.09851e-06,3.06387e-06,50,100,100,243990,2 11 9 3 5 8 10 0 1 7 4 6 
