Generación,Media,Mejor,Peor,Cruzas,Mutaciones,Inversiones,Costo,Permutación
1,3.24571e-06,3.66826e-06,2.89621e-06,50,100,100,272608,6 1 5 0 4 3 8 11 10 7 2 9 
2,3.26298e-06,3.77334e-06,2.89011e-06,50,100,100,265016,10 11 4 0 6 8 1 5 3 7 2 9 
3,3.24862e-06,3.77334e-06,2.96818e-06,50,100,100,265016,10 11 4 0 6 8 1 5 3 7 2 9 
4,3.25417e-06,3.77334e-06,2.8941e-06,50,100,100,265016,10 11 4 0 6 8 1 5 3 7 2 9 
5,3.26456e-06,3.77334e-06,2.92293e-06,50,100,100,265016,10 11 4 0 6 8 1 5 3 7 2 9 
6,3.27716e-06,3.77334e-06,3.01698e-06,50,100,100,265016,10 11 4 0 6 8 1 5 3 7 2 9 
7,3.27188e-06,3.77334e-06,2.94943e-06,50,100,100,265016,10 11 4 0 6 8 1 5 3 7 2 9 
8,3.28303e-06,3.90114e-06,2.96899e-06,50,100,100,256334,10 11 4 0 6 8 5 1 3 7 2 9 
9,3.26638e-06,3.90114e-06,2.97627e-06,50,100,100,256334,10 11 4 0 6 8 5 1 3 7 2 9 
10,3.26711e-06,3.90114e-06,2.9499e-06,50,100,100,256334,10 11 4 0 6 8 5 1 3 7 2 9 
11,3.26929e-06,3.90114e-06,2.98108e-06,50,100,100,256334,10 11 4 0 6 8 5 1 3 7 2 9 
12,3.25584e-06,3.90114e-06,2.89767e-06,50,100,100,256334,10 11 4 0 6 8 5 1 3 7 2 9 
13,3.28643e-06,3.90114e-06,2.95424e-06,50,100,100,256334,10 11 4 0 6 8 5 1 3 7 2 9 
14,3.29798e-06,4.07809e-06,3.01153e-06,50,100,100,245212,10 11 3 0 6 8 4 1 5 7 2 9 
15,3.31501e-06,4.07809e-06,3.02604e-06,50,100,100,245212,10 11 3 0 6 8 4 1 5 7 2 9 
16,3.29919e-06,4.07809e-06,2.99549e-06,50,100,100,245212,10 11 3 0 6 8 4 1 5 7 2 9 
17,3.31733e-06,4.07809e-06,2.97005e-06,50,100,100,245212,10 11 3 0 6 8 4 1 5 7 2 9 
18,3.31748e-06,4.07809e-06,3.00272e-06,50,100,100,245212,10 11 3 0 6 8 4 1 5 7 2 9 
19,3.28766e-06,4.07809e-06,2.89621e-06,50,100,100,245212,10 11 3 0 6 8 4 1 5 7 2 9 
20,3.29534e-06,4.07809e-06,2.92002e-06,50,100,100,245212,10 11 3 0 6 8 4 1 5 7 2 9 
21,3.29149e-06,4.07809e-06,2.93526e-06,50,100,100,245212,10 11 3 0 6 8 4 1 5 7 2 9 
22,3.30927e-06,4.07809e-06,2.97278e-06,50,100,100,245212,10 11 3 0 6 8 4 1 5 7 2 9 
23,3.28072e-06,4.07809e-06,2.94222e-06,50,100,100,245212,10 11 3 0 6 8 4 1 5 7 2 9 
24,3.29526e-06,4.07809e-06,3.04047e-06,50,100,100,245212,10 11 3 0 6 8 4 1 5 7 2 9 
25,3.29339e-06,4.07809e-06,3.00746e-06,50,100,100,245212,10 11 3 0 6 8 4 1 5 7 2 9 
26,3.29871e-06,4.07809e-06,2.94955e-06,50,100,100,245212,10 11 3 0 6 8 4 1 5 7 2 9 
27,3.28993e-06,4.07809e-06,2.95833e-06,50,100,100,245212,10 11 3 0 6 8 4 1 5 7 2 9 
28,3.30243e-06,4.07809e-06,2.91861e-06,50,100,100,245212,10 11 3 0 6 8 4 1 5 7 2 9 
29,3.31342e-06,4.07809e-06,2.95375e-06,50,100,100,245212,10 11 3 0 6 8 4 1 5 7 2 9 
30,3.31584e-06,4.07809e-06,2.94453e-06,50,100,100,245212,10 11 3 0 6 8 4 1 5 7 2 9 
31,3.29415e-06,4.07809e-06,3.00301e-06,50,100,100,245212,10 11 3 0 6 8 4 1 5 7 2 9 
32,3.31037e-06,4.07809e-06,2.93757e-06,50,100,100,245212,10 11 3 0 6 8 4 1 5 7 2 9 
33,3.27961e-06,4.07809e-06,2.92272e-06,50,100,100,245212,10 11 3 0 6 8 4 1 5 7 2 9 
34,3.28924e-06,4.07809e-06,2.97194e-06,50,100,100,245212,10 11 3 0 6 8 4 1 5 7 2 9 
35,3.28996e-06,4.07809e-06,2.91621e-06,50,100,100,245212,10 11 3 0 6 8 4 1 5 7 2 9 
36,3.29806e-06,4.07809e-06,2.92182e-06,50,100,100,245212,10 11 3 0 6 8 4 1 5 7 2 9 
37,3.33345e-06,4.07809e-06,2.94027e-06,50,100,100,245212,10 11 3 0 6 8 4 1 5 7 2 9 
38,3.31668e-06,4.07809e-06,2.97616e-06,50,100,100,245212,10 11 3 0 6 8 4 1 5 7 2 9 
39,3.31666e-06,4.07809e-06,2.96575e-06,50,100,100,245212,10 11 3 0 6 8 4 1 5 7 2 9 
40,3.31612e-06,4.07809e-06,2.95691e-06,50,100,100,245212,10 11 3 0 6 8 4 1 5 7 2 9 
41,3.32551e-06,4.07809e-06,2.96679e-06,50,100,100,245212,10 11 3 0 6 8 4 1 5 7 2 9 
42,3.29778e-06,4.07809e-06,2.93201e-06,50,100,100,245212,10 11 3 0 6 8 4 1 5 7 2 9 
43,3.26381e-06,4.07809e-06,2.84564e-06,50,100,100,245212,10 11 3 0 6 8 4 1 5 7 2 9 
44,3.28861e-06,4.07809e-06,2.88699e-06,50,100,100,245212,10 11 3 0 6 8 4 1 5 7 2 9 
45,3.29112e-06,4.07809e-06,2.9832e-06,50,100,100,245212,10 11 3 0 6 8 4 1 5 7 2 9 
46,3.29769e-06,4.07809e-06,2.91108e-06,50,100,100,245212,10 11 3 0 6 8 4 1 5 7 2 9 
47,3.3148e-06,4.16228e-06,2.91152e-06,50,100,100,240252,10 11 3 0 6 1 4 8 5 7 2 9 
48,3.31375e-06,4.16228e-06,2.98523e-06,50,100,100,240252,10 11 3 0 6 1 4 8 5 7 2 9 
49,3.31839e-06,4.16228e-06,2.9496e-06,50,100,100,240252,10 11 3 0 6 1 4 8 5 7 2 9 
50,3.31022e-06,4.16228e-06,2.90934e-06,50,100,100,240252,10 11 3 0 6 1 4 8 5 7 2 9 
51,3.29465e-06,4.16228e-06,2.97808e-06,50,100,100,240252,10 11 3 0 6 1 4 8 5 7 2 9 
52,3.29187e-06,4.16228e-06,2.94946e-06,50,100,100,240252,10 11 3 0 6 1 4 8 5 7 2 9 
53,3.32872e-06,4.16228e-06,2.9211e-06,50,100,100,240252,10 11 3 0 6 1 4 8 5 7 2 9 
54,3.33476e-06,4.22313e-06,3.02949e-06,50,100,100,236790,10 11 3 0 6 9 4 8 5 7 2 1 
55,3.33123e-06,4.22313e-06,2.89554e-06,50,100,100,236790,10 11 3 0 6 9 4 8 5 7 2 1 
56,3.33771e-06,4.22313e-06,3.02079e-06,50,100,100,236790,10 11 3 0 6 9 4 8 5 7 2 1 
57,3.30605e-06,4.22313e-06,2.95691e-06,50,100,100,236790,10 11 3 0 6 9 4 8 5 7 2 1 
58,3.29867e-06,4.22313e-06,3.00366e-06,50,100,100,236790,10 11 3 0 6 9 4 8 5 7 2 1 
59,3.34125e-06,4.22313e-06,3.07002e-06,50,100,100,236790,10 11 3 0 6 9 4 8 5 7 2 1 
60,3.34575e-06,4.22313e-06,2.96855e-06,50,100,100,236790,10 11 3 0 6 9 4 8 5 7 2 1 
61,3.33351e-06,4.22313e-06,2.99434e-06,50,100,100,236790,10 11 3 0 6 9 4 8 5 7 2 1 
62,3.33016e-06,4.22313e-06,2.97563e-06,50,100,100,236790,10 11 3 0 6 9 4 8 5 7 2 1 
63,3.33592e-06,4.22313e-06,2.91318e-06,50,100,100,236790,10 11 3 0 6 9 4 8 5 7 2 1 
64,3.33395e-06,4.22313e-06,2.96281e-06,50,100,100,236790,10 11 3 0 6 9 4 8 5 7 2 1 
65,3.32162e-06,4.22313e-06,3.00682e-06,50,100,100,236790,10 11 3 0 6 9 4 8 5 7 2 1 
66,3.3365e-06,4.22313e-06,3.03683e-06,50,100,100,236790,10 11 3 0 6 9 4 8 5 7 2 1 
67,3.32722e-06,4.22313e-06,2.94866e-06,50,100,100,236790,10 11 3 0 6 9 4 8 5 7 2 1 
68,3.32121e-06,4.22313e-06,3.00746e-06,50,100,100,236790,10 11 3 0 6 9 4 8 5 7 2 1 
69,3.33014e-06,4.22313e-06,3.00994e-06,50,100,100,236790,10 11 3 0 6 9 4 8 5 7 2 1 
70,3.3376e-06,4.22313e-06,2.98327e-06,50,100,100,236790,10 11 3 0 6 9 4 8 5 7 2 1 
71,3.30852e-06,4.22313e-06,2.98924e-06,50,100,100,236790,10 11 3 0 6 9 4 8 5 7 2 1 
72,3.31663e-06,4.22313e-06,2.89789e-06,50,100,100,236790,10 11 3 0 6 9 4 8 5 7 2 1 
73,3.28804e-06,4.22313e-06,2.91932e-06,50,100,100,236790,10 11 3 0 6 9 4 8 5 7 2 1 
74,3.31728e-06,4.22313e-06,2.96197e-06,50,100,100,236790,10 11 3 0 6 9 4 8 5 7 2 1 
75,3.30136e-06,4.22313e-06,2.92346e-06,50,100,100,236790,10 11 3 0 6 9 4 8 5 7 2 1 
76,3.27648e-06,4.22313e-06,2.95192e-06,50,100,100,236790,10 11 3 0 6 9 4 8 5 7 2 1 
77,3.30229e-06,4.22313e-06,2.95593e-06,50,100,100,236790,10 11 3 0 6 9 4 8 5 7 2 1 
78,3.29797e-06,4.22313e-06,2.94922e-06,50,100,100,236790,10 11 3 0 6 9 4 8 5 7 2 1 
79,3.32933e-06,4.22313e-06,2.95878e-06,50,100,100,236790,10 11 3 0 6 9 4 8 5 7 2 1 
80,3.31417e-06,4.22313e-06,3.02054e-06,50,100,100,236790,10 11 3 0 6 9 4 8 5 7 2 1 
81,3.35528e-06,4.22313e-06,2.96462e-06,50,100,100,236790,10 11 3 0 6 9 4 8 5 7 2 1 
82,3.32744e-06,4.22313e-06,2.95399e-06,50,100,100,236790,10 11 3 0 6 9 4 8 5 7 2 1 
83,3.32197e-06,4.22313e-06,2.95621e-06,50,100,100,236790,10 11 3 0 6 9 4 8 5 7 2 1 
84,3.32326e-06,4.22313e-06,3.00898e-06,50,100,100,236790,10 11 3 0 6 9 4 8 5 7 2 1 
85,3.32529e-06,4.22313e-06,2.96802e-06,50,100,100,236790,10 11 3 0 6 9 4 8 5 7 2 1 
86,3.32578e-06,4.22313e-06,3.01169e-06,50,100,100,236790,10 11 3 0 6 9 4 8 5 7 2 1 
87,3.31775e-06,4.22313e-06,2.91592e-06,50,100,100,236790,10 11 3 0 6 9 4 8 5 7 2 1 
88,3.32363e-06,4.22313e-06,2.98733e-06,50,100,100,236790,10 11 3 0 6 9 4 8 5 7 2 1 
89,3.30986e-06,4.22313e-06,2.9894e-06,50,100,100,236790,10 11 3 0 6 9 4 8 5 7 2 1 
90,3.28216e-06,4.22313e-06,2.94316e-06,50,100,100,236790,10 11 3 0 6 9 4 8 5 7 2 1 
91,3.29141e-06,4.22313e-06,2.95908e-06,50,100,100,236790,10 11 3 0 6 9 4 8 5 7 2 1 
92,3.31293e-06,4.22313e-06,3.00494e-06,50,100,100,236790,10 11 3 0 6 9 4 8 5 7 2 1 
93,3.33751e-06,4.22313e-06,3.0367e-06,50,100,100,236790,10 11 3 0 6 9 4 8 5 7 2 1 
94,3.33959e-06,4.22313e-06,2.96689e-06,50,100,100,236790,10 11 3 0 6 9 4 8 5 7 2 1 
95,3.31004e-06,4.22313e-06,2.95152e-06,50,100,100,236790,10 11 3 0 6 9 4 8 5 7 2 1 
96,3.3288e-06,4.22313e-06,2.88292e-06,50,100,100,236790,10 11 3 0 6 9 4 8 5 7 2 1 
97,3.34848e-06,4.22313e-06,3.03747e-06,50,100,100,236790,10 11 3 0 6 9 4 8 5 7 2 1 
98,3.36315e-06,4.22313e-06,2.9487e-06,50,100,100,236790,10 11 3 0 6 9 4 8 5 7 2 1 
99,3.36194e-06,4.22313e-06,2.94507e-06,50,100,100,236790,10 11 3 0 6 9 4 8 5 7 2 1 
100,3.33994e-06,4.22313e-06,2.94661e-06,50,100,100,236790,10 11 3 0 6 9 4 8 5 7 2 1 
101,3.33411e-06,4.22313e-06,2.97478e-06,50,100,100,236790,10 11 3 0 6 9 4 8 5 7 2 1 
102,3.34085e-06,4.22313e-06,3.0076e-06,50,100,100,236790,10 11 3 0 6 9 4 8 5 7 2 1 
103,3.33859e-06,4.22313e-06,3.05236e-06,50,100,100,236790,10 11 3 0 6 9 4 8 5 7 2 1 
104,3.36797e-06,4.22313e-06,3.03195e-06,50,100,100,236790,10 11 3 0 6 9 4 8 5 7 2 1 
105,3.32881e-06,4.22313e-06,2.97526e-06,50,100,100,236790,10 11 3 0 6 9 4 8 5 7 2 1 
106,3.32295e-06,4.26692e-06,2.98275e-06,50,100,100,234360,10 11 3 0 6 9 4 8 7 5 2 1 
107,3.33662e-06,4.26692e-06,3.05022e-06,50,100,100,234360,10 11 3 0 6 9 4 8 7 5 2 1 
108,3.34166e-06,4.26692e-06,3.01235e-06,50,100,100,234360,10 11 3 0 6 9 4 8 7 5 2 1 
109,3.36621e-06,4.26692e-06,2.99977e-06,50,100,100,234360,10 11 3 0 6 9 4 8 7 5 2 1 
110,3.3459e-06,4.26692e-06,3.0284e-06,50,100,100,234360,10 11 3 0 6 9 4 8 7 5 2 1 
111,3.33124e-06,4.26692e-06,2.98062e-06,50,100,100,234360,10 11 3 0 6 9 4 8 7 5 2 1 
112,3.3313e-06,4.26692e-06,3.03395e-06,50,100,100,234360,10 11 3 0 6 9 4 8 7 5 2 1 
113,3.32564e-06,4.26692e-06,3.01211e-06,50,100,100,234360,10 11 3 0 6 9 4 8 7 5 2 1 
114,3.35336e-06,4.26692e-06,2.99019e-06,50,100,100,234360,10 11 3 0 6 9 4 8 7 5 2 1 
115,3.34115e-06,4.26692e-06,3.08879e-06,50,100,100,234360,10 11 3 0 6 9 4 8 7 5 2 1 
116,3.33458e-06,4.26692e-06,2.96832e-06,50,100,100,234360,10 11 3 0 6 9 4 8 7 5 2 1 
117,3.32671e-06,4.26692e-06,2.96164e-06,50,100,100,234360,10 11 3 0 6 9 4 8 7 5 2 1 
118,3.34666e-06,4.26692e-06,2.94529e-06,50,100,100,234360,10 11 3 0 6 9 4 8 7 5 2 1 
119,3.37173e-06,4.26692e-06,2.97909e-06,50,100,100,234360,10 11 3 0 6 9 4 8 7 5 2 1 
120,3.35896e-06,4.26692e-06,2.96157e-06,50,100,100,234360,10 11 3 0 6 9 4 8 7 5 2 1 
121,3.34512e-06,4.26692e-06,2.971e-06,50,100,100,234360,10 11 3 0 6 9 4 8 7 5 2 1 
122,3.31224e-06,4.26692e-06,2.90956e-06,50,100,100,234360,10 11 3 0 6 9 4 8 7 5 2 1 
123,3.31645e-06,4.26692e-06,2.90983e-06,50,100,100,234360,10 11 3 0 6 9 4 8 7 5 2 1 
124,3.33328e-06,4.26692e-06,3.01627e-06,50,100,100,234360,10 11 3 0 6 9 4 8 7 5 2 1 
125,3.34335e-06,4.26692e-06,3.0583e-06,50,100,100,234360,10 11 3 0 6 9 4 8 7 5 2 1 
126,3.32517e-06,4.26692e-06,3.01853e-06,50,100,100,234360,10 11 3 0 6 9 4 8 7 5 2 1 
127,3.32028e-06,4.26692e-06,2.85208e-06,50,100,100,234360,10 11 3 0 6 9 4 8 7 5 2 1 
128,3.33771e-06,4.26692e-06,2.92878e-06,50,100,100,234360,10 11 3 0 6 9 4 8 7 5 2 1 
129,3.33408e-06,4.26692e-06,2.93573e-06,50,100,100,234360,10 11 3 0 6 9 4 8 7 5 2 1 
130,3.32251e-06,4.26692e-06,2.93852e-06,50,100,100,234360,10 11 3 0 6 9 4 8 7 5 2 1 
131,3.31965e-06,4.26692e-06,3.02527e-06,50,100,100,234360,10 11 3 0 6 9 4 8 7 5 2 1 
132,3.29527e-06,4.26692e-06,2.96283e-06,50,100,100,234360,10 11 3 0 6 9 4 8 7 5 2 1 
133,3.32962e-06,4.26692e-06,2.86265e-06,50,100,100,234360,10 11 3 0 6 9 4 8 7 5 2 1 
134,3.33948e-06,4.26692e-06,2.96144e-06,50,100,100,234360,10 11 3 0 6 9 4 8 7 5 2 1 
135,3.34668e-06,4.26692e-06,2.9765e-06,50,100,100,234360,10 11 3 0 6 9 4 8 7 5 2 1 
136,3.37729e-06,4.26692e-06,3.04693e-06,50,100,100,234360,10 11 3 0 6 9 4 8 7 5 2 1 
137,3.32951e-06,4.26692e-06,3.00042e-06,50,100,100,234360,10 11 3 0 6 9 4 8 7 5 2 1 
138,3.35961e-06,4.26692e-06,3.0239e-06,50,100,100,234360,10 11 3 0 6 9 4 8 7 5 2 1 
139,3.3845e-06,4.26692e-06,3.0082e-06,50,100,100,234360,10 11 3 0 6 9 4 8 7 5 2 1 
140,3.35669e-06,4.26692e-06,3.00525e-06,50,100,100,234360,10 11 3 0 6 9 4 8 7 5 2 1 
141,3.35219e-06,4.26692e-06,2.93782e-06,50,100,100,234360,10 11 3 0 6 9 4 8 7 5 2 1 
142,3.35947e-06,4.26692e-06,2.99738e-06,50,100,100,234360,10 11 3 0 6 9 4 8 7 5 2 1 
143,3.33372e-06,4.26692e-06,2.9596e-06,50,100,100,234360,10 11 3 0 6 9 4 8 7 5 2 1 
144,3.34797e-06,4.26692e-06,2.9479e-06,50,100,100,234360,10 11 3 0 6 9 4 8 7 5 2 1 
145,3.36755e-06,4.26692e-06,3.02439e-06,50,100,100,234360,10 11 3 0 6 9 4 8 7 5 2 1 
146,3.34005e-06,4.26692e-06,2.95347e-06,50,100,100,234360,10 11 3 0 6 9 4 8 7 5 2 1 
147,3.33163e-06,4.26692e-06,2.9762e-06,50,100,100,234360,10 11 3 0 6 9 4 8 7 5 2 1 
148,3.31576e-06,4.26692e-06,2.98047e-06,50,100,100,234360,10 11 3 0 6 9 4 8 7 5 2 1 
149,3.28106e-06,4.26692e-06,2.87387e-06,50,100,100,234360,10 11 3 0 6 9 4 8 7 5 2 1 
150,3.29975e-06,4.26692e-06,2.91914e-06,50,100,100,234360,10 11 3 0 6 9 4 8 7 5 2 1 
151,3.30452e-06,4.26692e-06,2.99241e-06,50,100,100,234360,10 11 3 0 6 9 4 8 7 5 2 1 
152,3.30509e-06,4.26692e-06,2.93966e-06,50,100,100,234360,10 11 3 0 6 9 4 8 7 5 2 1 
153,3.32389e-06,4.26692e-06,2.95448e-06,50,100,100,234360,10 11 3 0 6 9 4 8 7 5 2 1 
154,3.3386e-06,4.26692e-06,2.93007e-06,50,100,100,234360,10 11 3 0 6 9 4 8 7 5 2 1 
155,3.30572e-06,4.26692e-06,2.92796e-06,50,100,100,234360,10 11 3 0 6 9 4 8 7 5 2 1 
156,3.30999e-06,4.26692e-06,2.97232e-06,50,100,100,234360,10 11 3 0 6 9 4 8 7 5 2 1 
157,3.35207e-06,4.26692e-06,3.0425e-06,50,100,100,234360,10 11 3 0 6 9 4 8 7 5 2 1 
158,3.31454e-06,4.26692e-06,2.96964e-06,50,100,100,234360,10 11 3 0 6 9 4 8 7 5 2 1 
159,3.30231e-06,4.26692e-06,2.96915e-06,50,100,100,234360,10 11 3 0 6 9 4 8 7 5 2 1 
160,3.35882e-06,4.26692e-06,2.93942e-06,50,100,100,234360,10 11 3 0 6 9 4 8 7 5 2 1 
161,3.33094e-06,4.26692e-06,2.88099e-06,50,100,100,234360,10 11 3 0 6 9 4 8 7 5 2 1 
162,3.30976e-06,4.26692e-06,2.97222e-06,50,100,100,234360,10 11 3 0 6 9 4 8 7 5 2 1 
163,3.30942e-06,4.26692e-06,2.99795e-06,50,100,100,234360,10 11 3 0 6 9 4 8 7 5 2 1 
164,3.33051e-06,4.26692e-06,3.01006e-06,50,100,100,234360,10 11 3 0 6 9 4 8 7 5 2 1 
165,3.31206e-06,4.26692e-06,2.98622e-06,50,100,100,234360,10 11 3 0 6 9 4 8 7 5 2 1 
166,3.33544e-06,4.26692e-06,2.97652e-06,50,100,100,234360,10 11 3 0 6 9 4 8 7 5 2 1 
167,3.32329e-06,4.26692e-06,3.03871e-06,50,100,100,234360,10 11 3 0 6 9 4 8 7 5 2 1 
168,3.35648e-06,4.26692e-06,3.01355e-06,50,100,100,234360,10 11 3 0 6 9 4 8 7 5 2 1 
169,3.33312e-06,4.26692e-06,3.00453e-06,50,100,100,234360,10 11 3 0 6 9 4 8 7 5 2 1 
170,3.34117e-06,4.26692e-06,3.01384e-06,50,100,100,234360,10 11 3 0 6 9 4 8 7 5 2 1 
171,3.34016e-06,4.26692e-06,2.91544e-06,50,100,100,234360,10 11 3 0 6 9 4 8 7 5 2 1 
172,3.33157e-06,4.26692e-06,2.94751e-06,50,100,100,234360,10 11 3 0 6 9 4 8 7 5 2 1 
173,3.35229e-06,4.26692e-06,2.89661e-06,50,100,100,234360,10 11 3 0 6 9 4 8 7 5 2 1 
174,3.36727e-06,4.26692e-06,2.992e-06,50,100,100,234360,10 11 3 0 6 9 4 8 7 5 2 1 
175,3.35518e-06,4.26692e-06,2.9387e-06,50,100,100,234360,10 11 3 0 6 9 4 8 7 5 2 1 
176,3.29505e-06,4.26692e-06,2.96389e-06,50,100,100,234360,10 11 3 0 6 9 4 8 7 5 2 1 
177,3.36274e-06,4.26692e-06,3.01665e-06,50,100,100,234360,10 11 3 0 6 9 4 8 7 5 2 1 
178,3.3067e-06,4.26692e-06,2.96592e-06,50,100,100,234360,10 11 3 0 6 9 4 8 7 5 2 1 
179,3.32473e-06,4.26692e-06,2.95665e-06,50,100,100,234360,10 11 3 0 6 9 4 8 7 5 2 1 
180,3.31103e-06,4.26692e-06,2.95672e-06,50,100,100,234360,10 11 3 0 6 9 4 8 7 5 2 1 
181,3.31174e-06,4.26692e-06,2.98803e-06,50,100,100,234360,10 11 3 0 6 9 4 8 7 5 2 1 
182,3.31202e-06,4.26692e-06,2.95211e-06,50,100,100,234360,10 11 3 0 6 9 4 8 7 5 2 1 
183,3.33595e-06,4.26692e-06,2.98213e-06,50,100,100,234360,10 11 3 0 6 9 4 8 7 5 2 1 
184,3.34586e-06,4.26692e-06,2.96998e-06,50,100,100,234360,10 11 3 0 6 9 4 8 7 5 2 1 
185,3.34136e-06,4.26692e-06,3.01667e-06,50,100,100,234360,10 11 3 0 6 9 4 8 7 5 2 1 
186,3.36079e-06,4.26692e-06,3.01072e-06,50,100,100,234360,10 11 3 0 6 9 4 8 7 5 2 1 
187,3.32089e-06,4.26692e-06,2.99051e-06,50,100,100,234360,10 11 3 0 6 9 4 8 7 5 2 1 
188,3.3055e-06,4.26692e-06,2.95122e-06,50,100,100,234360,10 11 3 0 6 9 4 8 7 5 2 1 
189,3.30642e-06,4.26692e-06,2.94847e-06,50,100,100,234360,10 11 3 0 6 9 4 8 7 5 2 1 
190,3.28446e-06,4.26692e-06,2.96334e-06,50,100,100,234360,10 11 3 0 6 9 4 8 7 5 2 1 
191,3.2856e-06,4.26692e-06,2.93678e-06,50,100,100,234360,10 11 3 0 6 9 4 8 7 5 2 1 
192,3.29086e-06,4.26692e-06,2.973e-06,50,100,100,234360,10 11 3 0 6 9 4 8 7 5 2 1 
193,3.32418e-06,4.26692e-06,2.99454e-06,50,100,100,234360,10 11 3 0 6 9 4 8 7 5 2 1 
194,3.30504e-06,4.26692e-06,2.92674e-06,50,100,100,234360,10 11 3 0 6 9 4 8 7 5 2 1 
195,3.32609e-06,4.26692e-06,3.00143e-06,50,100,100,234360,10 11 3 0 6 9 4 8 7 5 2 1 
196,3.33871e-06,4.26692e-06,3.01453e-06,50,100,100,234360,10 11 3 0 6 9 4 8 7 5 2 1 
197,3.31442e-06,4.26692e-06,2.99573e-06,50,100,100,234360,10 11 3 0 6 9 4 8 7 5 2 1 
198,3.29981e-06,4.26692e-06,2.98218e-06,50,100,100,234360,10 11 3 0 6 9 4 8 7 5 2 1 
199,3.28913e-06,4.26692e-06,2.90548e-06,50,100,100,234360,10 11 3 0 6 9 4 8 7 5 2 1 
200,3.3193e-06,4.26692e-06,2.94048e-06,50,100,100,234360,10 11 3 0 6 9 4 8 7 5 2 1 
201,3.31969e-06,4.26692e-06,2.98897e-06,50,100,100,234360,10 11 3 0 6 9 4 8 7 5 2 1 
202,3.3233e-06,4.26692e-06,3.01387e-06,50,100,100,234360,10 11 3 0 6 9 4 8 7 5 2 1 
203,3.32451e-06,4.26692e-06,2.99252e-06,50,100,100,234360,10 11 3 0 6 9 4 8 7 5 2 1 
204,3.3124e-06,4.26692e-06,2.9596e-06,50,100,100,234360,10 11 3 0 6 9 4 8 7 5 2 1 
205,3.30097e-06,4.26692e-06,2.99855e-06,50,100,100,234360,10 11 3 0 6 9 4 8 7 5 2 1 
206,3.3151e-06,4.26692e-06,2.92564e-06,50,100,100,234360,10 11 3 0 6 9 4 8 7 5 2 1 
207,3.29623e-06,4.26692e-06,2.88896e-06,50,100,100,234360,10 11 3 0 6 9 4 8 7 5 2 1 
208,3.30794e-06,4.26692e-06,2.92782e-06,50,100,100,234360,10 11 3 0 6 9 4 8 7 5 2 1 
209,3.3263e-06,4.26692e-06,2.93535e-06,50,100,100,234360,10 11 3 0 6 9 4 8 7 5 2 1 
210,3.33325e-06,4.26692e-06,2.96017e-06,50,100,100,234360,10 11 3 0 6 9 4 8 7 5 2 1 
211,3.35025e-06,4.26692e-06,2.99336e-06,50,100,100,234360,10 11 3 0 6 9 4 8 7 5 2 1 
212,3.33808e-06,4.26692e-06,3.05567e-06,50,100,100,234360,10 11 3 0 6 9 4 8 7 5 2 1 
213,3.33898e-06,4.26692e-06,2.94093e-06,50,100,100,234360,10 11 3 0 6 9 4 8 7 5 2 1 
214,3.33644e-06,4.26692e-06,2.98016e-06,50,100,100,234360,10 11 3 0 6 9 4 8 7 5 2 1 
215,3.35826e-06,4.26692e-06,2.92892e-06,50,100,100,234360,10 11 3 0 6 9 4 8 7 5 2 1 
216,3.33623e-06,4.26692e-06,3.02362e-06,50,100,100,234360,10 11 3 0 6 9 4 8 7 5 2 1 
217,3.33559e-06,4.26692e-06,2.96055e-06,50,100,100,234360,10 11 3 0 6 9 4 8 7 5 2 1 
218,3.37346e-06,4.26692e-06,3.07064e-06,50,100,100,234360,10 11 3 0 6 9 4 8 7 5 2 1 
219,3.31748e-06,4.26692e-06,2.97615e-06,50,100,100,234360,10 11 3 0 6 9 4 8 7 5 2 1 
220,3.31337e-06,4.26692e-06,3.0269e-06,50,100,100,234360,10 11 3 0 6 9 4 8 7 5 2 1 
221,3.31926e-06,4.26692e-06,2.93292e-06,50,100,100,234360,10 11 3 0 6 9 4 8 7 5 2 1 
222,3.2957e-06,4.26692e-06,2.96106e-06,50,100,100,234360,10 11 3 0 6 9 4 8 7 5 2 1 
223,3.33017e-06,4.26692e-06,2.99461e-06,50,100,100,234360,10 11 3 0 6 9 4 8 7 5 2 1 
224,3.3349e-06,4.26692e-06,3.00615e-06,50,100,100,234360,10 11 3 0 6 9 4 8 7 5 2 1 
225,3.31003e-06,4.26692e-06,3.00992e-06,50,100,100,234360,10 11 3 0 6 9 4 8 7 5 2 1 
226,3.30484e-06,4.26692e-06,2.90304e-06,50,100,100,234360,10 11 3 0 6 9 4 8 7 5 2 1 
227,3.34025e-06,4.26692e-06,2.98937e-06,50,100,100,234360,10 11 3 0 6 9 4 8 7 5 2 1 
228,3.33095e-06,4.26692e-06,2.98649e-06,50,100,100,234360,10 11 3 0 6 9 4 8 7 5 2 1 
229,3.35633e-06,4.26692e-06,2.98401e-06,50,100,100,234360,10 11 3 0 6 9 4 8 7 5 2 1 
230,3.31724e-06,4.26692e-06,3.00074e-06,50,100,100,234360,10 11 3 0 6 9 4 8 7 5 2 1 
231,3.34436e-06,4.26692e-06,3.04955e-06,50,100,100,234360,10 11 3 0 6 9 4 8 7 5 2 1 
232,3.32555e-06,4.26692e-06,3.05484e-06,50,100,100,234360,10 11 3 0 6 9 4 8 7 5 2 1 
233,3.3352e-06,4.26692e-06,3.00243e-06,50,100,100,234360,10 11 3 0 6 9 4 8 7 5 2 1 
234,3.3273e-06,4.26692e-06,2.98218e-06,50,100,100,234360,10 11 3 0 6 9 4 8 7 5 2 1 
235,3.37185e-06,4.26692e-06,3.0364e-06,50,100,100,234360,10 11 3 0 6 9 4 8 7 5 2 1 
236,3.40041e-06,4.26692e-06,3.07004e-06,50,100,100,234360,10 11 3 0 6 9 4 8 7 5 2 1 
237,3.37759e-06,4.26692e-06,3.04426e-06,50,100,100,234360,10 11 3 0 6 9 4 8 7 5 2 1 
238,3.34271e-06,4.26692e-06,2.99537e-06,50,100,100,234360,10 11 3 0 6 9 4 8 7 5 2 1 
239,3.34081e-06,4.26692e-06,2.98799e-06,50,100,100,234360,10 11 3 0 6 9 4 8 7 5 2 1 
240,3.33792e-06,4.26692e-06,2.99547e-06,50,100,100,234360,10 11 3 0 6 9 4 8 7 5 2 1 
241,3.33131e-06,4.26692e-06,3.00677e-06,50,100,100,234360,10 11 3 0 6 9 4 8 7 5 2 1 
242,3.30252e-06,4.26692e-06,2.96097e-06,50,100,100,234360,10 11 3 0 6 9 4 8 7 5 2 1 
243,3.34282e-06,4.26692e-06,3.013e-06,50,100,100,234360,10 11 3 0 6 9 4 8 7 5 2 1 
244,3.30411e-06,4.26692e-06,3.05408e-06,50,100,100,234360,10 11 3 0 6 9 4 8 7 5 2 1 
245,3.32319e-06,4.26692e-06,2.8821e-06,50,100,100,234360,10 11 3 0 6 9 4 8 7 5 2 1 
246,3.31832e-06,4.26692e-06,3.02749e-06,50,100,100,234360,10 11 3 0 6 9 4 8 7 5 2 1 
247,3.34238e-06,4.26692e-06,2.96853e-06,50,100,100,234360,10 11 3 0 6 9 4 8 7 5 2 1 
248,3.37719e-06,4.26692e-06,2.98158e-06,50,100,100,234360,10 11 3 0 6 9 4 8 7 5 2 1 
249,3.36748e-06,4.26692e-06,2.94783e-06,50,100,100,234360,10 11 3 0 6 9 4 8 7 5 2 1 
250,3.36198e-06,4.26692e-06,2.95404e-06,50,100,100,234360,10 11 3 0 6 9 4 8 7 5 2 1 
251,3.35202e-06,4.26692e-06,3.00764e-06,50,100,100,234360,10 11 3 0 6 9 4 8 7 5 2 1 
252,3.36542e-06,4.26692e-06,3.03949e-06,50,100,100,234360,10 11 3 0 6 9 4 8 7 5 2 1 
253,3.36476e-06,4.26692e-06,3.0487e-06,50,100,100,234360,10 11 3 0 6 9 4 8 7 5 2 1 
254,3.36491e-06,4.26692e-06,3.0465e-06,50,100,100,234360,10 11 3 0 6 9 4 8 7 5 2 1 
255,3.3655e-06,4.26692e-06,2.99273e-06,50,100,100,234360,10 11 3 0 6 9 4 8 7 5 2 1 
256,3.32696e-06,4.26692e-06,2.95819e-06,50,100,100,234360,10 11 3 0 6 9 4 8 7 5 2 1 
257,3.3422e-06,4.26692e-06,2.94953e-06,50,100,100,234360,10 11 3 0 6 9 4 8 7 5 2 1 
258,3.35922e-06,4.26692e-06,3.0195e-06,50,100,100,234360,10 11 3 0 6 9 4 8 7 5 2 1 
259,3.35256e-06,4.26692e-06,3.02001e-06,50,100,100,234360,10 11 3 0 6 9 4 8 7 5 2 1 
260,3.35263e-06,4.26692e-06,2.97804e-06,50,100,100,234360,10 11 3 0 6 9 4 8 7 5 2 1 
261,3.35381e-06,4.26692e-06,3.00635e-06,50,100,100,234360,10 11 3 0 6 9 4 8 7 5 2 1 
262,3.36028e-06,4.26692e-06,2.93614e-06,50,100,100,234360,10 11 3 0 6 9 4 8 7 5 2 1 
263,3.38998e-06,4.26692e-06,2.98001e-06,50,100,100,234360,10 11 3 0 6 9 4 8 7 5 2 1 
264,3.37896e-06,4.26692e-06,2.98163e-06,50,100,100,234360,10 11 3 0 6 9 4 8 7 5 2 1 
265,3.37744e-06,4.26692e-06,3.01664e-06,50,100,100,234360,10 11 3 0 6 9 4 8 7 5 2 1 
266,3.38393e-06,4.26692e-06,2.96969e-06,50,100,100,234360,10 11 3 0 6 9 4 8 7 5 2 1 
267,3.40085e-06,4.26692e-06,3.00834e-06,50,100,100,234360,10 11 3 0 6 9 4 8 7 5 2 1 
268,3.37758e-06,4.26692e-06,3.01977e-06,50,100,100,234360,10 11 3 0 6 9 4 8 7 5 2 1 
269,3.3749e-06,4.26692e-06,3.02829e-06,50,100,100,234360,10 11 3 0 6 9 4 8 7 5 2 1 
270,3.36438e-06,4.26692e-06,2.95303e-06,50,100,100,234360,10 11 3 0 6 9 4 8 7 5 2 1 
271,3.34014e-06,4.26692e-06,2.99824e-06,50,100,100,234360,10 11 3 0 6 9 4 8 7 5 2 1 
272,3.33919e-06,4.26692e-06,2.9471e-06,50,100,100,234360,10 11 3 0 6 9 4 8 7 5 2 1 
273,3.35982e-06,4.26692e-06,2.9501e-06,50,100,100,234360,10 11 3 0 6 9 4 8 7 5 2 1 
274,3.36492e-06,4.26692e-06,2.99738e-06,50,100,100,234360,10 11 3 0 6 9 4 8 7 5 2 1 
275,3.38025e-06,4.26692e-06,3.004e-06,50,100,100,234360,10 11 3 0 6 9 4 8 7 5 2 1 
276,3.35406e-06,4.26692e-06,3.01028e-06,50,100,100,234360,10 11 3 0 6 9 4 8 7 5 2 1 
277,3.3305e-06,4.26692e-06,3.01202e-06,50,100,100,234360,10 11 3 0 6 9 4 8 7 5 2 1 
278,3.37929e-06,4.26692e-06,3.04793e-06,50,100,100,234360,10 11 3 0 6 9 4 8 7 5 2 1 
279,3.35916e-06,4.26692e-06,2.96557e-06,50,100,100,234360,10 11 3 0 6 9 4 8 7 5 2 1 
280,3.35241e-06,4.26692e-06,3.00166e-06,50,100,100,234360,10 11 3 0 6 9 4 8 7 5 2 1 
281,3.356e-06,4.26692e-06,3.03381e-06,50,100,100,234360,10 11 3 0 6 9 4 8 7 5 2 1 
282,3.33339e-06,4.26692e-06,3.06554e-06,50,100,100,234360,10 11 3 0 6 9 4 8 7 5 2 1 
283,3.35376e-06,4.26692e-06,2.98944e-06,50,100,100,234360,10 11 3 0 6 9 4 8 7 5 2 1 
284,3.34024e-06,4.26692e-06,3.00319e-06,50,100,100,234360,10 11 3 0 6 9 4 8 7 5 2 1 
285,3.37254e-06,4.26692e-06,2.99729e-06,50,100,100,234360,10 11 3 0 6 9 4 8 7 5 2 1 
286,3.32191e-06,4.26692e-06,2.99449e-06,50,100,100,234360,10 11 3 0 6 9 4 8 7 5 2 1 
287,3.33462e-06,4.26692e-06,2.94255e-06,50,100,100,234360,10 11 3 0 6 9 4 8 7 5 2 1 
288,3.35294e-06,4.26692e-06,3.04195e-06,50,100,100,234360,10 11 3 0 6 9 4 8 7 5 2 1 
289,3.35108e-06,4.26692e-06,2.96529e-06,50,100,100,234360,10 11 3 0 6 9 4 8 7 5 2 1 
290,3.35898e-06,4.26692e-06,3.01846e-06,50,100,100,234360,10 11 3 0 6 9 4 8 7 5 2 1 
291,3.34055e-06,4.26692e-06,3.05527e-06,50,100,100,234360,10 11 3 0 6 9 4 8 7 5 2 1 
292,3.31845e-06,4.26692e-06,2.95225e-06,50,100,100,234360,10 11 3 0 6 9 4 8 7 5 2 1 
293,3.33849e-06,4.26692e-06,3.01302e-06,50,100,100,234360,10 11 3 0 6 9 4 8 7 5 2 1 
294,3.35384e-06,4.26692e-06,3.02304e-06,50,100,100,234360,10 11 3 0 6 9 4 8 7 5 2 1 
295,3.37079e-06,4.26692e-06,2.98769e-06,50,100,100,234360,10 11 3 0 6 9 4 8 7 5 2 1 
296,3.35443e-06,4.26692e-06,2.99704e-06,50,100,100,234360,10 11 3 0 6 9 4 8 7 5 2 1 
297,3.37761e-06,4.26692e-06,3.04326e-06,50,100,100,234360,10 11 3 0 6 9 4 8 7 5 2 1 
298,3.36879e-06,4.26692e-06,3.00872e-06,50,100,100,234360,10 11 3 0 6 9 4 8 7 5 2 1 
299,3.34422e-06,4.26692e-06,3.01404e-06,50,100,100,234360,10 11 3 0 6 9 4 8 7 5 2 1 
300,3.36135e-06,4.26692e-06,3.02905e-06,50,100,100,234360,10 11 3 0 6 9 4 8 7 5 2 1 
301,3.38776e-06,4.26692e-06,3.07544e-06,50,100,100,234360,10 11 3 0 6 9 4 8 7 5 2 1 
302,3.38026e-06,4.26692e-06,3.07124e-06,50,100,100,234360,10 11 3 0 6 9 4 8 7 5 2 1 
303,3.37556e-06,4.26692e-06,3.04326e-06,50,100,100,234360,10 11 3 0 6 9 4 8 7 5 2 1 
304,3.36512e-06,4.26692e-06,3.01762e-06,50,100,100,234360,10 11 3 0 6 9 4 8 7 5 2 1 
305,3.34323e-06,4.26692e-06,2.98e-06,50,100,100,234360,10 11 3 0 6 9 4 8 7 5 2 1 
306,3.36457e-06,4.26692e-06,3.07202e-06,50,100,100,234360,10 11 3 0 6 9 4 8 7 5 2 1 
307,3.36013e-06,4.26692e-06,2.94337e-06,50,100,100,234360,10 11 3 0 6 9 4 8 7 5 2 1 
308,3.32865e-06,4.26692e-06,2.98915e-06,50,100,100,234360,10 11 3 0 6 9 4 8 7 5 2 1 
309,3.3301e-06,4.26692e-06,2.98e-06,50,100,100,234360,10 11 3 0 6 9 4 8 7 5 2 1 
310,3.3738e-06,4.26692e-06,2.99972e-06,50,100,100,234360,10 11 3 0 6 9 4 8 7 5 2 1 
311,3.36009e-06,4.26692e-06,3.03406e-06,50,100,100,234360,10 11 3 0 6 9 4 8 7 5 2 1 
312,3.32057e-06,4.26692e-06,2.99108e-06,50,100,100,234360,10 11 3 0 6 9 4 8 7 5 2 1 
313,3.34115e-06,4.26692e-06,3.00946e-06,50,100,100,234360,10 11 3 0 6 9 4 8 7 5 2 1 
314,3.33303e-06,4.26692e-06,3.01139e-06,50,100,100,234360,10 11 3 0 6 9 4 8 7 5 2 1 
315,3.31577e-06,4.26692e-06,3.01921e-06,50,100,100,234360,10 11 3 0 6 9 4 8 7 5 2 1 
316,3.3369e-06,4.26692e-06,3.03248e-06,50,100,100,234360,10 11 3 0 6 9 4 8 7 5 2 1 
317,3.31585e-06,4.26692e-06,3.01373e-06,50,100,100,234360,10 11 3 0 6 9 4 8 7 5 2 1 
318,3.31985e-06,4.26692e-06,2.89913e-06,50,100,100,234360,10 11 3 0 6 9 4 8 7 5 2 1 
319,3.34089e-06,4.26692e-06,3.00215e-06,50,100,100,234360,10 11 3 0 6 9 4 8 7 5 2 1 
320,3.33812e-06,4.26692e-06,2.96547e-06,50,100,100,234360,10 11 3 0 6 9 4 8 7 5 2 1 
321,3.32494e-06,4.26692e-06,2.97909e-06,50,100,100,234360,10 11 3 0 6 9 4 8 7 5 2 1 
322,3.35828e-06,4.26692e-06,2.98931e-06,50,100,100,234360,10 11 3 0 6 9 4 8 7 5 2 1 
323,3.33193e-06,4.26692e-06,3.02446e-06,50,100,100,234360,10 11 3 0 6 9 4 8 7 5 2 1 
324,3.34258e-06,4.26692e-06,3.0254e-06,50,100,100,234360,10 11 3 0 6 9 4 8 7 5 2 1 
325,3.35107e-06,4.26692e-06,3.02152e-06,50,100,100,234360,10 11 3 0 6 9 4 8 7 5 2 1 
326,3.33356e-06,4.26692e-06,2.91415e-06,50,100,100,234360,10 11 3 0 6 9 4 8 7 5 2 1 
327,3.35763e-06,4.26692e-06,2.97337e-06,50,100,100,234360,10 11 3 0 6 9 4 8 7 5 2 1 
328,3.37344e-06,4.26692e-06,3.04374e-06,50,100,100,234360,10 11 3 0 6 9 4 8 7 5 2 1 
329,3.3478e-06,4.26692e-06,3.06058e-06,50,100,100,234360,10 11 3 0 6 9 4 8 7 5 2 1 
330,3.37556e-06,4.26692e-06,3.04545e-06,50,100,100,234360,10 11 3 0 6 9 4 8 7 5 2 1 
331,3.37729e-06,4.26692e-06,3.11229e-06,50,100,100,234360,10 11 3 0 6 9 4 8 7 5 2 1 
332,3.34395e-06,4.26692e-06,2.93956e-06,50,100,100,234360,10 11 3 0 6 9 4 8 7 5 2 1 
333,3.34319e-06,4.26692e-06,2.97128e-06,50,100,100,234360,10 11 3 0 6 9 4 8 7 5 2 1 
334,3.34861e-06,4.26692e-06,3.02415e-06,50,100,100,234360,10 11 3 0 6 9 4 8 7 5 2 1 
335,3.33765e-06,4.26692e-06,3.02472e-06,50,100,100,234360,10 11 3 0 6 9 4 8 7 5 2 1 
336,3.33449e-06,4.26692e-06,2.97116e-06,50,100,100,234360,10 11 3 0 6 9 4 8 7 5 2 1 
337,3.34917e-06,4.26692e-06,2.89042e-06,50,100,100,234360,10 11 3 0 6 9 4 8 7 5 2 1 
338,3.37964e-06,4.26692e-06,3.07304e-06,50,100,100,234360,10 11 3 0 6 9 4 8 7 5 2 1 
339,3.38258e-06,4.26692e-06,2.99896e-06,50,100,100,234360,10 11 3 0 6 9 4 8 7 5 2 1 
340,3.34386e-06,4.26692e-06,2.99763e-06,50,100,100,234360,10 11 3 0 6 9 4 8 7 5 2 1 
341,3.34456e-06,4.26692e-06,2.91742e-06,50,100,100,234360,10 11 3 0 6 9 4 8 7 5 2 1 
342,3.3522e-06,4.26692e-06,2.95715e-06,50,100,100,234360,10 11 3 0 6 9 4 8 7 5 2 1 
343,3.37458e-06,4.26692e-06,3.02884e-06,50,100,100,234360,10 11 3 0 6 9 4 8 7 5 2 1 
344,3.39348e-06,4.26692e-06,2.93323e-06,50,100,100,234360,10 11 3 0 6 9 4 8 7 5 2 1 
345,3.41524e-06,4.26692e-06,2.99275e-06,50,100,100,234360,10 11 3 0 6 9 4 8 7 5 2 1 
346,3.40634e-06,4.26692e-06,2.97652e-06,50,100,100,234360,10 11 3 0 6 9 4 8 7 5 2 1 
347,3.39316e-06,4.26692e-06,3.0619e-06,50,100,100,234360,10 11 3 0 6 9 4 8 7 5 2 1 
348,3.37483e-06,4.26692e-06,2.88097e-06,50,100,100,234360,10 11 3 0 6 9 4 8 7 5 2 1 
349,3.37035e-06,4.26692e-06,2.99237e-06,50,100,100,234360,10 11 3 0 6 9 4 8 7 5 2 1 
350,3.36749e-06,4.26692e-06,3.04204e-06,50,100,100,234360,10 11 3 0 6 9 4 8 7 5 2 1 
351,3.36236e-06,4.26692e-06,3.03147e-06,50,100,100,234360,10 11 3 0 6 9 4 8 7 5 2 1 
352,3.33993e-06,4.26692e-06,2.96661e-06,50,100,100,234360,10 11 3 0 6 9 4 8 7 5 2 1 
353,3.367e-06,4.26692e-06,3.01979e-06,50,100,100,234360,10 11 3 0 6 9 4 8 7 5 2 1 
354,3.38134e-06,4.26692e-06,2.98883e-06,50,100,100,234360,10 11 3 0 6 9 4 8 7 5 2 1 
355,3.39255e-06,4.26692e-06,3.00498e-06,50,100,100,234360,10 11 3 0 6 9 4 8 7 5 2 1 
356,3.42956e-06,4.26692e-06,3.02118e-06,50,100,100,234360,10 11 3 0 6 9 4 8 7 5 2 1 
357,3.38989e-06,4.26692e-06,2.98289e-06,50,100,100,234360,10 11 3 0 6 9 4 8 7 5 2 1 
358,3.41582e-06,4.26692e-06,3.02366e-06,50,100,100,234360,10 11 3 0 6 9 4 8 7 5 2 1 
359,3.38642e-06,4.26692e-06,3.02532e-06,50,100,100,234360,10 11 3 0 6 9 4 8 7 5 2 1 
360,3.35879e-06,4.26692e-06,2.97008e-06,50,100,100,234360,10 11 3 0 6 9 4 8 7 5 2 1 
361,3.37917e-06,4.26692e-06,3.01347e-06,50,100,100,234360,10 11 3 0 6 9 4 8 7 5 2 1 
362,3.36883e-06,4.26692e-06,3.02136e-06,50,100,100,234360,10 11 3 0 6 9 4 8 7 5 2 1 
363,3.34617e-06,4.26692e-06,3.00823e-06,50,100,100,234360,10 11 3 0 6 9 4 8 7 5 2 1 
364,3.35937e-06,4.26692e-06,3.04393e-06,50,100,100,234360,10 11 3 0 6 9 4 8 7 5 2 1 
365,3.35993e-06,4.26692e-06,3.00796e-06,50,100,100,234360,10 11 3 0 6 9 4 8 7 5 2 1 
366,3.37139e-06,4.26692e-06,3.03358e-06,50,100,100,234360,10 11 3 0 6 9 4 8 7 5 2 1 
367,3.34805e-06,4.26692e-06,2.9651e-06,50,100,100,234360,10 11 3 0 6 9 4 8 7 5 2 1 
368,3.33945e-06,4.26692e-06,2.97897e-06,50,100,100,234360,10 11 3 0 6 9 4 8 7 5 2 1 
369,3.36052e-06,4.26692e-06,3.0683e-06,50,100,100,234360,10 11 3 0 6 9 4 8 7 5 2 1 
370,3.39117e-06,4.26692e-06,3.04443e-06,50,100,100,234360,10 11 3 0 6 9 4 8 7 5 2 1 
371,3.37361e-06,4.26692e-06,2.98974e-06,50,100,100,234360,10 11 3 0 6 9 4 8 7 5 2 1 
372,3.33883e-06,4.26692e-06,2.9939e-06,50,100,100,234360,10 11 3 0 6 9 4 8 7 5 2 1 
373,3.31018e-06,4.26692e-06,3.01023e-06,50,100,100,234360,10 11 3 0 6 9 4 8 7 5 2 1 
374,3.32612e-06,4.26692e-06,2.95169e-06,50,100,100,234360,10 11 3 0 6 9 4 8 7 5 2 1 
375,3.32984e-06,4.26692e-06,2.97038e-06,50,100,100,234360,10 11 3 0 6 9 4 8 7 5 2 1 
376,3.35344e-06,4.26692e-06,3.02262e-06,50,100,100,234360,10 11 3 0 6 9 4 8 7 5 2 1 
377,3.33834e-06,4.26692e-06,3.03309e-06,50,100,100,234360,10 11 3 0 6 9 4 8 7 5 2 1 
378,3.32751e-06,4.26692e-06,3.01695e-06,50,100,100,234360,10 11 3 0 6 9 4 8 7 5 2 1 
379,3.35819e-06,4.26692e-06,2.91069e-06,50,100,100,234360,10 11 3 0 6 9 4 8 7 5 2 1 
380,3.33863e-06,4.26692e-06,3.0037e-06,50,100,100,234360,10 11 3 0 6 9 4 8 7 5 2 1 
381,3.31349e-06,4.26692e-06,2.96689e-06,50,100,100,234360,10 11 3 0 6 9 4 8 7 5 2 1 
382,3.3325e-06,4.26692e-06,3.00966e-06,50,100,100,234360,10 11 3 0 6 9 4 8 7 5 2 1 
383,3.35192e-06,4.26692e-06,2.91645e-06,50,100,100,234360,10 11 3 0 6 9 4 8 7 5 2 1 
384,3.36258e-06,4.26692e-06,2.98685e-06,50,100,100,234360,10 11 3 0 6 9 4 8 7 5 2 1 
385,3.38148e-06,4.26692e-06,2.86404e-06,50,100,100,234360,10 11 3 0 6 9 4 8 7 5 2 1 
386,3.3602e-06,4.26692e-06,3.06456e-06,50,100,100,234360,10 11 3 0 6 9 4 8 7 5 2 1 
387,3.33526e-06,4.26692e-06,2.96366e-06,50,100,100,234360,10 11 3 0 6 9 4 8 7 5 2 1 
388,3.35118e-06,4.26692e-06,3.02426e-06,50,100,100,234360,10 11 3 0 6 9 4 8 7 5 2 1 
389,3.3456e-06,4.26692e-06,2.93478e-06,50,100,100,234360,10 11 3 0 6 9 4 8 7 5 2 1 
390,3.34771e-06,4.26692e-06,2.95232e-06,50,100,100,234360,10 11 3 0 6 9 4 8 7 5 2 1 
391,3.37894e-06,4.26692e-06,2.84705e-06,50,100,100,234360,10 11 3 0 6 9 4 8 7 5 2 1 
392,3.34186e-06,4.26692e-06,3.04241e-06,50,100,100,234360,10 11 3 0 6 9 4 8 7 5 2 1 
393,3.33425e-06,4.26692e-06,3.0152e-06,50,100,100,234360,10 11 3 0 6 9 4 8 7 5 2 1 
394,3.32116e-06,4.26692e-06,2.93192e-06,50,100,100,234360,10 11 3 0 6 9 4 8 7 5 2 1 
395,3.31161e-06,4.26692e-06,2.95486e-06,50,100,100,234360,10 11 3 0 6 9 4 8 7 5 2 1 
396,3.30091e-06,4.26692e-06,2.94112e-06,50,100,100,234360,10 11 3 0 6 9 4 8 7 5 2 1 
397,3.31217e-06,4.26692e-06,3.00849e-06,50,100,100,234360,10 11 3 0 6 9 4 8 7 5 2 1 
398,3.30998e-06,4.26692e-06,2.87412e-06,50,100,100,234360,10 11 3 0 6 9 4 8 7 5 2 1 
399,3.31382e-06,4.26692e-06,2.99666e-06,50,100,100,234360,10 11 3 0 6 9 4 8 7 5 2 1 
400,3.32548e-06,4.26692e-06,2.93246e-06,50,100,100,234360,10 11 3 0 6 9 4 8 7 5 2 1 
401,3.34587e-06,4.26692e-06,2.96517e-06,50,100,100,234360,10 11 3 0 6 9 4 8 7 5 2 1 
402,3.36634e-06,4.26692e-06,2.98055e-06,50,100,100,234360,10 11 3 0 6 9 4 8 7 5 2 1 
403,3.33011e-06,4.26692e-06,3.02897e-06,50,100,100,234360,10 11 3 0 6 9 4 8 7 5 2 1 
404,3.32722e-06,4.26692e-06,2.99851e-06,50,100,100,234360,10 11 3 0 6 9 4 8 7 5 2 1 
405,3.33057e-06,4.26692e-06,2.98152e-06,50,100,100,234360,10 11 3 0 6 9 4 8 7 5 2 1 
406,3.34152e-06,4.26692e-06,3.04743e-06,50,100,100,234360,10 11 3 0 6 9 4 8 7 5 2 1 
407,3.32157e-06,4.26692e-06,2.98353e-06,50,100,100,234360,10 11 3 0 6 9 4 8 7 5 2 1 
408,3.33883e-06,4.26692e-06,2.97593e-06,50,100,100,234360,10 11 3 0 6 9 4 8 7 5 2 1 
409,3.35111e-06,4.26692e-06,3.05909e-06,50,100,100,234360,10 11 3 0 6 9 4 8 7 5 2 1 
410,3.37361e-06,4.26692e-06,2.97059e-06,50,100,100,234360,10 11 3 0 6 9 4 8 7 5 2 1 
411,3.39483e-06,4.26692e-06,2.99359e-06,50,100,100,234360,10 11 3 0 6 9 4 8 7 5 2 1 
412,3.38765e-06,4.26692e-06,3.0365e-06,50,100,100,234360,10 11 3 0 6 9 4 8 7 5 2 1 
413,3.3954e-06,4.26692e-06,2.9886e-06,50,100,100,234360,10 11 3 0 6 9 4 8 7 5 2 1 
414,3.37644e-06,4.26692e-06,3.02176e-06,50,100,100,234360,10 11 3 0 6 9 4 8 7 5 2 1 
415,3.3632e-06,4.26692e-06,2.98296e-06,50,100,100,234360,10 11 3 0 6 9 4 8 7 5 2 1 
416,3.34298e-06,4.26692e-06,3.00409e-06,50,100,100,234360,10 11 3 0 6 9 4 8 7 5 2 1 
417,3.34678e-06,4.26692e-06,3.02947e-06,50,100,100,234360,10 11 3 0 6 9 4 8 7 5 2 1 
418,3.35095e-06,4.26692e-06,2.97953e-06,50,100,100,234360,10 11 3 0 6 9 4 8 7 5 2 1 
419,3.34526e-06,4.26692e-06,2.95934e-06,50,100,100,234360,10 11 3 0 6 9 4 8 7 5 2 1 
420,3.35358e-06,4.26692e-06,2.9982e-06,50,100,100,234360,10 11 3 0 6 9 4 8 7 5 2 1 
421,3.37143e-06,4.26692e-06,2.97498e-06,50,100,100,234360,10 11 3 0 6 9 4 8 7 5 2 1 
422,3.33978e-06,4.26692e-06,3.02564e-06,50,100,100,234360,10 11 3 0 6 9 4 8 7 5 2 1 
423,3.33701e-06,4.26692e-06,2.98758e-06,50,100,100,234360,10 11 3 0 6 9 4 8 7 5 2 1 
424,3.31471e-06,4.26692e-06,2.95925e-06,50,100,100,234360,10 11 3 0 6 9 4 8 7 5 2 1 
425,3.33378e-06,4.26692e-06,3.03316e-06,50,100,100,234360,10 11 3 0 6 9 4 8 7 5 2 1 
426,3.33853e-06,4.26692e-06,2.95282e-06,50,100,100,234360,10 11 3 0 6 9 4 8 7 5 2 1 
427,3.36311e-06,4.26692e-06,3.01393e-06,50,100,100,234360,10 11 3 0 6 9 4 8 7 5 2 1 
428,3.39416e-06,4.26692e-06,2.94854e-06,50,100,100,234360,10 11 3 0 6 9 4 8 7 5 2 1 
429,3.37946e-06,4.26692e-06,3.00274e-06,50,100,100,234360,10 11 3 0 6 9 4 8 7 5 2 1 
430,3.36196e-06,4.26692e-06,2.93942e-06,50,100,100,234360,10 11 3 0 6 9 4 8 7 5 2 1 
431,3.34401e-06,4.26692e-06,2.9388e-06,50,100,100,234360,10 11 3 0 6 9 4 8 7 5 2 1 
432,3.37854e-06,4.26692e-06,2.99483e-06,50,100,100,234360,10 11 3 0 6 9 4 8 7 5 2 1 
433,3.38764e-06,4.26692e-06,3.08222e-06,50,100,100,234360,10 11 3 0 6 9 4 8 7 5 2 1 
434,3.31313e-06,4.26692e-06,2.92318e-06,50,100,100,234360,10 11 3 0 6 9 4 8 7 5 2 1 
435,3.33896e-06,4.26692e-06,2.96346e-06,50,100,100,234360,10 11 3 0 6 9 4 8 7 5 2 1 
436,3.34072e-06,4.26692e-06,2.89323e-06,50,100,100,234360,10 11 3 0 6 9 4 8 7 5 2 1 
437,3.39065e-06,4.26692e-06,3.04028e-06,50,100,100,234360,10 11 3 0 6 9 4 8 7 5 2 1 
438,3.37403e-06,4.26692e-06,3.01964e-06,50,100,100,234360,10 11 3 0 6 9 4 8 7 5 2 1 
439,3.31675e-06,4.26692e-06,2.94305e-06,50,100,100,234360,10 11 3 0 6 9 4 8 7 5 2 1 
440,3.33194e-06,4.26692e-06,2.95099e-06,50,100,100,234360,10 11 3 0 6 9 4 8 7 5 2 1 
441,3.35436e-06,4.26692e-06,2.94637e-06,50,100,100,234360,10 11 3 0 6 9 4 8 7 5 2 1 
442,3.35638e-06,4.26692e-06,3.04595e-06,50,100,100,234360,10 11 3 0 6 9 4 8 7 5 2 1 
443,3.35256e-06,4.26692e-06,2.9599e-06,50,100,100,234360,10 11 3 0 6 9 4 8 7 5 2 1 
444,3.37024e-06,4.26692e-06,3.04578e-06,50,100,100,234360,10 11 3 0 6 9 4 8 7 5 2 1 
445,3.34699e-06,4.26692e-06,3.00022e-06,50,100,100,234360,10 11 3 0 6 9 4 8 7 5 2 1 
446,3.35127e-06,4.26692e-06,2.97434e-06,50,100,100,234360,10 11 3 0 6 9 4 8 7 5 2 1 
447,3.34642e-06,4.26692e-06,3.04961e-06,50,100,100,234360,10 11 3 0 6 9 4 8 7 5 2 1 
448,3.33569e-06,4.26692e-06,2.99006e-06,50,100,100,234360,10 11 3 0 6 9 4 8 7 5 2 1 
449,3.32245e-06,4.26692e-06,2.98231e-06,50,100,100,234360,10 11 3 0 6 9 4 8 7 5 2 1 
450,3.33999e-06,4.26692e-06,2.99817e-06,50,100,100,234360,10 11 3 0 6 9 4 8 7 5 2 1 
451,3.33157e-06,4.26692e-06,2.97923e-06,50,100,100,234360,10 11 3 0 6 9 4 8 7 5 2 1 
452,3.34155e-06,4.26692e-06,3.00437e-06,50,100,100,234360,10 11 3 0 6 9 4 8 7 5 2 1 
453,3.34537e-06,4.26692e-06,2.9968e-06,50,100,100,234360,10 11 3 0 6 9 4 8 7 5 2 1 
454,3.34308e-06,4.26692e-06,2.9339e-06,50,100,100,234360,10 11 3 0 6 9 4 8 7 5 2 1 
455,3.30355e-06,4.26692e-06,2.94383e-06,50,100,100,234360,10 11 3 0 6 9 4 8 7 5 2 1 
456,3.31722e-06,4.26692e-06,2.98199e-06,50,100,100,234360,10 11 3 0 6 9 4 8 7 5 2 1 
457,3.34201e-06,4.26692e-06,2.94274e-06,50,100,100,234360,10 11 3 0 6 9 4 8 7 5 2 1 
458,3.33443e-06,4.26692e-06,2.95663e-06,50,100,100,234360,10 11 3 0 6 9 4 8 7 5 2 1 
459,3.34955e-06,4.26692e-06,3.07026e-06,50,100,100,234360,10 11 3 0 6 9 4 8 7 5 2 1 
460,3.33988e-06,4.26692e-06,2.95764e-06,50,100,100,234360,10 11 3 0 6 9 4 8 7 5 2 1 
461,3.3544e-06,4.26692e-06,3.03239e-06,50,100,100,234360,10 11 3 0 6 9 4 8 7 5 2 1 
462,3.35934e-06,4.26692e-06,3.01977e-06,50,100,100,234360,10 11 3 0 6 9 4 8 7 5 2 1 
463,3.3394e-06,4.26692e-06,2.92755e-06,50,100,100,234360,10 11 3 0 6 9 4 8 7 5 2 1 
464,3.31878e-06,4.26692e-06,2.94378e-06,50,100,100,234360,10 11 3 0 6 9 4 8 7 5 2 1 
465,3.29941e-06,4.26692e-06,2.98368e-06,50,100,100,234360,10 11 3 0 6 9 4 8 7 5 2 1 
466,3.31428e-06,4.26692e-06,3.00612e-06,50,100,100,234360,10 11 3 0 6 9 4 8 7 5 2 1 
467,3.30746e-06,4.26692e-06,2.99682e-06,50,100,100,234360,10 11 3 0 6 9 4 8 7 5 2 1 
468,3.31928e-06,4.33454e-06,2.93611e-06,50,100,100,230704,10 11 3 0 1 9 4 8 7 5 2 6 
469,3.31267e-06,4.33454e-06,2.98193e-06,50,100,100,230704,10 11 3 0 1 9 4 8 7 5 2 6 
470,3.32876e-06,4.33454e-06,2.92219e-06,50,100,100,230704,10 11 3 0 1 9 4 8 7 5 2 6 
471,3.36665e-06,4.33454e-06,3.02765e-06,50,100,100,230704,10 11 3 0 1 9 4 8 7 5 2 6 
472,3.35533e-06,4.33454e-06,2.97438e-06,50,100,100,230704,10 11 3 0 1 9 4 8 7 5 2 6 
473,3.36213e-06,4.33454e-06,2.97792e-06,50,100,100,230704,10 11 3 0 1 9 4 8 7 5 2 6 
474,3.35295e-06,4.33454e-06,2.97128e-06,50,100,100,230704,10 11 3 0 1 9 4 8 7 5 2 6 
475,3.36719e-06,4.33454e-06,2.92042e-06,50,100,100,230704,10 11 3 0 1 9 4 8 7 5 2 6 
476,3.38168e-06,4.33454e-06,2.98247e-06,50,100,100,230704,10 11 3 0 1 9 4 8 7 5 2 6 
477,3.36308e-06,4.33454e-06,3.05602e-06,50,100,100,230704,10 11 3 0 1 9 4 8 7 5 2 6 
478,3.38241e-06,4.33454e-06,3.00002e-06,50,100,100,230704,10 11 3 0 1 9 4 8 7 5 2 6 
479,3.36441e-06,4.33454e-06,2.98822e-06,50,100,100,230704,10 11 3 0 1 9 4 8 7 5 2 6 
480,3.34633e-06,4.33454e-06,2.93726e-06,50,100,100,230704,10 11 3 0 1 9 4 8 7 5 2 6 
481,3.35051e-06,4.33454e-06,2.97795e-06,50,100,100,230704,10 11 3 0 1 9 4 8 7 5 2 6 
482,3.38139e-06,4.33454e-06,2.97022e-06,50,100,100,230704,10 11 3 0 1 9 4 8 7 5 2 6 
483,3.36553e-06,4.33454e-06,3.01738e-06,50,100,100,230704,10 11 3 0 1 9 4 8 7 5 2 6 
484,3.34884e-06,4.33454e-06,2.92852e-06,50,100,100,230704,10 11 3 0 1 9 4 8 7 5 2 6 
485,3.35112e-06,4.33454e-06,2.92894e-06,50,100,100,230704,10 11 3 0 1 9 4 8 7 5 2 6 
486,3.33082e-06,4.33454e-06,3.01607e-06,50,100,100,230704,10 11 3 0 1 9 4 8 7 5 2 6 
487,3.33785e-06,4.33454e-06,2.97367e-06,50,100,100,230704,10 11 3 0 1 9 4 8 7 5 2 6 
488,3.3419e-06,4.33454e-06,3.03997e-06,50,100,100,230704,10 11 3 0 1 9 4 8 7 5 2 6 
489,3.35793e-06,4.33454e-06,2.95211e-06,50,100,100,230704,10 11 3 0 1 9 4 8 7 5 2 6 
490,3.38475e-06,4.33454e-06,2.96881e-06,50,100,100,230704,10 11 3 0 1 9 4 8 7 5 2 6 
491,3.36475e-06,4.33454e-06,2.92226e-06,50,100,100,230704,10 11 3 0 1 9 4 8 7 5 2 6 
492,3.36687e-06,4.33454e-06,3.00254e-06,50,100,100,230704,10 11 3 0 1 9 4 8 7 5 2 6 
493,3.36245e-06,4.33454e-06,3.03316e-06,50,100,100,230704,10 11 3 0 1 9 4 8 7 5 2 6 
494,3.35392e-06,4.33454e-06,3.00135e-06,50,100,100,230704,10 11 3 0 1 9 4 8 7 5 2 6 
495,3.3419e-06,4.33454e-06,2.91291e-06,50,100,100,230704,10 11 3 0 1 9 4 8 7 5 2 6 
496,3.33215e-06,4.33454e-06,3.02211e-06,50,100,100,230704,10 11 3 0 1 9 4 8 7 5 2 6 
497,3.38606e-06,4.33454e-06,3.04185e-06,50,100,100,230704,10 11 3 0 1 9 4 8 7 5 2 6 
498,3.35446e-06,4.33454e-06,2.96962e-06,50,100,100,230704,10 11 3 0 1 9 4 8 7 5 2 6 
499,3.39442e-06,4.33454e-06,2.97884e-06,50,100,100,230704,10 11 3 0 1 9 4 8 7 5 2 6 
500,3.38113e-06,4.33454e-06,3.05136e-06,50,100,100,230704,10 11 3 0 1 9 4 8 7 5 2 6 
501,3.36878e-06,4.33454e-06,2.984e-06,50,100,100,230704,10 11 3 0 1 9 4 8 7 5 2 6 
502,3.38413e-06,4.33454e-06,3.07177e-06,50,100,100,230704,10 11 3 0 1 9 4 8 7 5 2 6 
503,3.33436e-06,4.33454e-06,2.95516e-06,50,100,100,230704,10 11 3 0 1 9 4 8 7 5 2 6 
504,3.33668e-06,4.33454e-06,2.97224e-06,50,100,100,230704,10 11 3 0 1 9 4 8 7 5 2 6 
505,3.31108e-06,4.33454e-06,3.02068e-06,50,100,100,230704,10 11 3 0 1 9 4 8 7 5 2 6 
506,3.31287e-06,4.33454e-06,2.98179e-06,50,100,100,230704,10 11 3 0 1 9 4 8 7 5 2 6 
507,3.35798e-06,4.33454e-06,3.01922e-06,50,100,100,230704,10 11 3 0 1 9 4 8 7 5 2 6 
508,3.37081e-06,4.33454e-06,3.04291e-06,50,100,100,230704,10 11 3 0 1 9 4 8 7 5 2 6 
509,3.37191e-06,4.33454e-06,3.07183e-06,50,100,100,230704,10 11 3 0 1 9 4 8 7 5 2 6 
510,3.39524e-06,4.33454e-06,3.00081e-06,50,100,100,230704,10 11 3 0 1 9 4 8 7 5 2 6 
511,3.41997e-06,4.33454e-06,3.07661e-06,50,100,100,230704,10 11 3 0 1 9 4 8 7 5 2 6 
512,3.41283e-06,4.33454e-06,3.0256e-06,50,100,100,230704,10 11 3 0 1 9 4 8 7 5 2 6 
513,3.4463e-06,4.33454e-06,3.03283e-06,50,100,100,230704,10 11 3 0 1 9 4 8 7 5 2 6 
514,3.41624e-06,4.33454e-06,2.98631e-06,50,100,100,230704,10 11 3 0 1 9 4 8 7 5 2 6 
515,3.41508e-06,4.33454e-06,3.04597e-06,50,100,100,230704,10 11 3 0 1 9 4 8 7 5 2 6 
516,3.45377e-06,4.33454e-06,3.05408e-06,50,100,100,230704,10 11 3 0 1 9 4 8 7 5 2 6 
517,3.47307e-06,4.33454e-06,2.97491e-06,50,100,100,230704,10 11 3 0 1 9 4 8 7 5 2 6 
518,3.46897e-06,4.33454e-06,3.02116e-06,50,100,100,230704,10 11 3 0 1 9 4 8 7 5 2 6 
519,3.47805e-06,4.33454e-06,2.97606e-06,50,100,100,230704,10 11 3 0 1 9 4 8 7 5 2 6 
520,3.50254e-06,4.33454e-06,3.02457e-06,50,100,100,230704,10 11 3 0 1 9 4 8 7 5 2 6 
521,3.51366e-06,4.33454e-06,3.05147e-06,50,100,100,230704,10 11 3 0 1 9 4 8 7 5 2 6 
522,3.52012e-06,4.33454e-06,3.11217e-06,50,100,100,230704,10 11 3 0 1 9 4 8 7 5 2 6 
523,3.48757e-06,4.33454e-06,3.09719e-06,50,100,100,230704,10 11 3 0 1 9 4 8 7 5 2 6 
524,3.4956e-06,4.33454e-06,2.98635e-06,50,100,100,230704,10 11 3 0 1 9 4 8 7 5 2 6 
525,3.54415e-06,4.33454e-06,2.96781e-06,50,100,100,230704,10 11 3 0 1 9 4 8 7 5 2 6 
526,3.53317e-06,4.33454e-06,3.03797e-06,50,100,100,230704,10 11 3 0 1 9 4 8 7 5 2 6 
527,3.53265e-06,4.33454e-06,3.08091e-06,50,100,100,230704,10 11 3 0 1 9 4 8 7 5 2 6 
528,3.54213e-06,4.33454e-06,3.08948e-06,50,100,100,230704,10 11 3 0 1 9 4 8 7 5 2 6 
529,3.54036e-06,4.33454e-06,3.00314e-06,50,100,100,230704,10 11 3 0 1 9 4 8 7 5 2 6 
530,3.5449e-06,4.33454e-06,3.07521e-06,50,100,100,230704,10 11 3 0 1 9 4 8 7 5 2 6 
531,3.5269e-06,4.33454e-06,2.99042e-06,50,100,100,230704,10 11 3 0 1 9 4 8 7 5 2 6 
532,3.57466e-06,4.33454e-06,3.03616e-06,50,100,100,230704,10 11 3 0 1 9 4 8 7 5 2 6 
533,3.54768e-06,4.33454e-06,3.02932e-06,50,100,100,230704,10 11 3 0 1 9 4 8 7 5 2 6 
534,3.58254e-06,4.33454e-06,3.03878e-06,50,100,100,230704,10 11 3 0 1 9 4 8 7 5 2 6 
535,3.57909e-06,4.33454e-06,2.98956e-06,50,100,100,230704,10 11 3 0 1 9 4 8 7 5 2 6 
536,3.57591e-06,4.33454e-06,3.08555e-06,50,100,100,230704,10 11 3 0 1 9 4 8 7 5 2 6 
537,3.57593e-06,4.33454e-06,2.99682e-06,50,100,100,230704,10 11 3 0 1 9 4 8 7 5 2 6 
538,3.58417e-06,4.33454e-06,3.05727e-06,50,100,100,230704,10 11 3 0 1 9 4 8 7 5 2 6 
539,3.59969e-06,4.33454e-06,3.07506e-06,50,100,100,230704,10 11 3 0 1 9 4 8 7 5 2 6 
540,3.62226e-06,4.33454e-06,3.07294e-06,50,100,100,230704,10 11 3 0 1 9 4 8 7 5 2 6 
541,3.58978e-06,4.33454e-06,3.03832e-06,50,100,100,230704,10 11 3 0 1 9 4 8 7 5 2 6 
542,3.70829e-06,4.33454e-06,3.14324e-06,50,100,100,230704,10 11 3 0 1 9 4 8 7 5 2 6 
543,3.70896e-06,4.33454e-06,3.07508e-06,50,100,100,230704,10 11 3 0 1 9 4 8 7 5 2 6 
544,3.66171e-06,4.33454e-06,3.01026e-06,50,100,100,230704,10 11 3 0 1 9 4 8 7 5 2 6 
545,3.64088e-06,4.33454e-06,3.04625e-06,50,100,100,230704,10 11 3 0 1 9 4 8 7 5 2 6 
546,3.64032e-06,4.33454e-06,3.02982e-06,50,100,100,230704,10 11 3 0 1 9 4 8 7 5 2 6 
547,3.66023e-06,4.33454e-06,2.98254e-06,50,100,100,230704,10 11 3 0 1 9 4 8 7 5 2 6 
548,3.64751e-06,4.33454e-06,3.06552e-06,50,100,100,230704,10 11 3 0 1 9 4 8 7 5 2 6 
549,3.64228e-06,4.33454e-06,3.02092e-06,50,100,100,230704,10 11 3 0 1 9 4 8 7 5 2 6 
550,3.6631e-06,4.33454e-06,3.04193e-06,50,100,100,230704,10 11 3 0 1 9 4 8 7 5 2 6 
551,3.68979e-06,4.33454e-06,2.88061e-06,50,100,100,230704,10 11 3 0 1 9 4 8 7 5 2 6 
552,3.68984e-06,4.33454e-06,3.08683e-06,50,100,100,230704,10 11 3 0 1 9 4 8 7 5 2 6 
553,3.69188e-06,4.33454e-06,2.98878e-06,50,100,100,230704,10 11 3 0 1 9 4 8 7 5 2 6 
554,3.65486e-06,4.33454e-06,3.08141e-06,50,100,100,230704,10 11 3 0 1 9 4 8 7 5 2 6 
555,3.65686e-06,4.33454e-06,3.09564e-06,50,100,100,230704,10 11 3 0 1 9 4 8 7 5 2 6 
556,3.63923e-06,4.33454e-06,3.03417e-06,50,100,100,230704,10 11 3 0 1 9 4 8 7 5 2 6 
557,3.61047e-06,4.33454e-06,3.13043e-06,50,100,100,230704,10 11 3 0 1 9 4 8 7 5 2 6 
558,3.67812e-06,4.33454e-06,3.08841e-06,50,100,100,230704,10 11 3 0 1 9 4 8 7 5 2 6 
559,3.6353e-06,4.33454e-06,2.9768e-06,50,100,100,230704,10 11 3 0 1 9 4 8 7 5 2 6 
560,3.66958e-06,4.33454e-06,3.04008e-06,50,100,100,230704,10 11 3 0 1 9 4 8 7 5 2 6 
561,3.59389e-06,4.33454e-06,2.99923e-06,50,100,100,230704,10 11 3 0 1 9 4 8 7 5 2 6 
562,3.6582e-06,4.33454e-06,3.00171e-06,50,100,100,230704,10 11 3 0 1 9 4 8 7 5 2 6 
563,3.73683e-06,4.33454e-06,3.03995e-06,50,100,100,230704,10 11 3 0 1 9 4 8 7 5 2 6 
564,3.76245e-06,4.33454e-06,3.09925e-06,50,100,100,230704,10 11 3 0 1 9 4 8 7 5 2 6 
565,3.68175e-06,4.33454e-06,3.05961e-06,50,100,100,230704,10 11 3 0 1 9 4 8 7 5 2 6 
566,3.69288e-06,4.33454e-06,3.11273e-06,50,100,100,230704,10 11 3 0 1 9 4 8 7 5 2 6 
567,3.72459e-06,4.33454e-06,3.09925e-06,50,100,100,230704,10 11 3 0 1 9 4 8 7 5 2 6 
568,3.6853e-06,4.33454e-06,3.02936e-06,50,100,100,230704,10 11 3 0 1 9 4 8 7 5 2 6 
569,3.73813e-06,4.33454e-06,3.02077e-06,50,100,100,230704,10 11 3 0 1 9 4 8 7 5 2 6 
570,3.71433e-06,4.33454e-06,3.12154e-06,50,100,100,230704,10 11 3 0 1 9 4 8 7 5 2 6 
571,3.80059e-06,4.33454e-06,3.08923e-06,50,100,100,230704,10 11 3 0 1 9 4 8 7 5 2 6 
572,3.76737e-06,4.33454e-06,3.04109e-06,50,100,100,230704,10 11 3 0 1 9 4 8 7 5 2 6 
573,3.6994e-06,4.33454e-06,3.109e-06,50,100,100,230704,10 11 3 0 1 9 4 8 7 5 2 6 
574,3.75337e-06,4.33454e-06,3.10055e-06,50,100,100,230704,10 11 3 0 1 9 4 8 7 5 2 6 
575,3.6888e-06,4.33454e-06,3.0358e-06,50,100,100,230704,10 11 3 0 1 9 4 8 7 5 2 6 
576,3.6181e-06,4.33454e-06,2.98346e-06,50,100,100,230704,10 11 3 0 1 9 4 8 7 5 2 6 
577,3.66663e-06,4.33454e-06,2.92681e-06,50,100,100,230704,10 11 3 0 1 9 4 8 7 5 2 6 
578,3.72222e-06,4.33454e-06,3.11844e-06,50,100,100,230704,10 11 3 0 1 9 4 8 7 5 2 6 
579,3.74578e-06,4.33454e-06,3.07442e-06,50,100,100,230704,10 11 3 0 1 9 4 8 7 5 2 6 
580,3.74896e-06,4.33454e-06,3.03344e-06,50,100,100,230704,10 11 3 0 1 9 4 8 7 5 2 6 
581,3.81588e-06,4.33454e-06,3.08485e-06,50,100,100,230704,10 11 3 0 1 9 4 8 7 5 2 6 
582,3.7286e-06,4.33454e-06,3.08112e-06,50,100,100,230704,10 11 3 0 1 9 4 8 7 5 2 6 
583,3.69923e-06,4.33454e-06,2.97224e-06,50,100,100,230704,10 11 3 0 1 9 4 8 7 5 2 6 
584,3.72146e-06,4.33454e-06,3.09348e-06,50,100,100,230704,10 11 3 0 1 9 4 8 7 5 2 6 
585,3.71491e-06,4.33454e-06,3.05808e-06,50,100,100,230704,10 11 3 0 1 9 4 8 7 5 2 6 
586,3.72739e-06,4.33454e-06,3.0794e-06,50,100,100,230704,10 11 3 0 1 9 4 8 7 5 2 6 
587,3.75774e-06,4.33454e-06,3.09925e-06,50,100,100,230704,10 11 3 0 1 9 4 8 7 5 2 6 
588,3.73509e-06,4.33454e-06,2.99898e-06,50,100,100,230704,10 11 3 0 1 9 4 8 7 5 2 6 
589,3.76947e-06,4.33454e-06,3.07508e-06,50,100,100,230704,10 11 3 0 1 9 4 8 7 5 2 6 
590,3.75414e-06,4.33454e-06,3.04117e-06,50,100,100,230704,10 11 3 0 1 9 4 8 7 5 2 6 
591,3.78631e-06,4.33454e-06,3.16039e-06,50,100,100,230704,10 11 3 0 1 9 4 8 7 5 2 6 
592,3.74536e-06,4.33454e-06,3.05744e-06,50,100,100,230704,10 11 3 0 1 9 4 8 7 5 2 6 
593,3.7499e-06,4.33454e-06,3.01709e-06,50,100,100,230704,10 11 3 0 1 9 4 8 7 5 2 6 
594,3.77427e-06,4.33454e-06,3.15913e-06,50,100,100,230704,10 11 3 0 1 9 4 8 7 5 2 6 
595,3.75286e-06,4.33454e-06,3.08154e-06,50,100,100,230704,10 11 3 0 1 9 4 8 7 5 2 6 
596,3.68506e-06,4.33454e-06,3.06475e-06,50,100,100,230704,10 11 3 0 1 9 4 8 7 5 2 6 
597,3.67019e-06,4.33454e-06,3.11708e-06,50,100,100,230704,10 11 3 0 1 9 4 8 7 5 2 6 
598,3.6263e-06,4.33454e-06,3.0839e-06,50,100,100,230704,10 11 3 0 1 9 4 8 7 5 2 6 
599,3.71124e-06,4.33454e-06,3.05776e-06,50,100,100,230704,10 11 3 0 1 9 4 8 7 5 2 6 
600,3.68183e-06,4.33454e-06,3.0118e-06,50,100,100,230704,10 11 3 0 1 9 4 8 7 5 2 6 
601,3.67712e-06,4.33454e-06,3.01073e-06,50,100,100,230704,10 11 3 0 1 9 4 8 7 5 2 6 
602,3.77435e-06,4.33454e-06,3.02567e-06,50,100,100,230704,10 11 3 0 1 9 4 8 7 5 2 6 
603,3.72132e-06,4.33454e-06,3.03268e-06,50,100,100,230704,10 11 3 0 1 9 4 8 7 5 2 6 
604,3.70609e-06,4.33454e-06,3.06544e-06,50,100,100,230704,10 11 3 0 1 9 4 8 7 5 2 6 
605,3.66965e-06,4.33454e-06,3.02154e-06,50,100,100,230704,10 11 3 0 1 9 4 8 7 5 2 6 
606,3.65423e-06,4.33454e-06,2.99923e-06,50,100,100,230704,10 11 3 0 1 9 4 8 7 5 2 6 
607,3.68957e-06,4.33454e-06,3.082e-06,50,100,100,230704,10 11 3 0 1 9 4 8 7 5 2 6 
608,3.68349e-06,4.33454e-06,3.04346e-06,50,100,100,230704,10 11 3 0 1 9 4 8 7 5 2 6 
609,3.70468e-06,4.33454e-06,3.08276e-06,50,100,100,230704,10 11 3 0 1 9 4 8 7 5 2 6 
610,3.70677e-06,4.33454e-06,2.98247e-06,50,100,100,230704,10 11 3 0 1 9 4 8 7 5 2 6 
611,3.71172e-06,4.33454e-06,3.00767e-06,50,100,100,230704,10 11 3 0 1 9 4 8 7 5 2 6 
612,3.67926e-06,4.33454e-06,3.04382e-06,50,100,100,230704,10 11 3 0 1 9 4 8 7 5 2 6 
613,3.70451e-06,4.33454e-06,3.1013e-06,50,100,100,230704,10 11 3 0 1 9 4 8 7 5 2 6 
614,3.70851e-06,4.33454e-06,3.06278e-06,50,100,100,230704,10 11 3 0 1 9 4 8 7 5 2 6 
615,3.73304e-06,4.33454e-06,3.05328e-06,50,100,100,230704,10 11 3 0 1 9 4 8 7 5 2 6 
616,3.73734e-06,4.33454e-06,3.01028e-06,50,100,100,230704,10 11 3 0 1 9 4 8 7 5 2 6 
617,3.69354e-06,4.33454e-06,3.07442e-06,50,100,100,230704,10 11 3 0 1 9 4 8 7 5 2 6 
618,3.64803e-06,4.33454e-06,3.00491e-06,50,100,100,230704,10 11 3 0 1 9 4 8 7 5 2 6 
619,3.68882e-06,4.33454e-06,3.0358e-06,50,100,100,230704,10 11 3 0 1 9 4 8 7 5 2 6 
620,3.72041e-06,4.33454e-06,3.13992e-06,50,100,100,230704,10 11 3 0 1 9 4 8 7 5 2 6 
621,3.78245e-06,4.33454e-06,2.99529e-06,50,100,100,230704,10 11 3 0 1 9 4 8 7 5 2 6 
622,3.7749e-06,4.33454e-06,3.07006e-06,50,100,100,230704,10 11 3 0 1 9 4 8 7 5 2 6 
623,3.67131e-06,4.33454e-06,2.94963e-06,50,100,100,230704,10 11 3 0 1 9 4 8 7 5 2 6 
624,3.67229e-06,4.33454e-06,3.05744e-06,50,100,100,230704,10 11 3 0 1 9 4 8 7 5 2 6 
625,3.7539e-06,4.33454e-06,2.98847e-06,50,100,100,230704,10 11 3 0 1 9 4 8 7 5 2 6 
626,3.76167e-06,4.33454e-06,3.17262e-06,50,100,100,230704,10 11 3 0 1 9 4 8 7 5 2 6 
627,3.81381e-06,4.33454e-06,3.10111e-06,50,100,100,230704,10 11 3 0 1 9 4 8 7 5 2 6 
628,3.77044e-06,4.33454e-06,3.13298e-06,50,100,100,230704,10 11 3 0 1 9 4 8 7 5 2 6 
629,3.70193e-06,4.33454e-06,3.06113e-06,50,100,100,230704,10 11 3 0 1 9 4 8 7 5 2 6 
630,3.73529e-06,4.33454e-06,3.09011e-06,50,100,100,230704,10 11 3 0 1 9 4 8 7 5 2 6 
631,3.74993e-06,4.33454e-06,2.98001e-06,50,100,100,230704,10 11 3 0 1 9 4 8 7 5 2 6 
632,3.73408e-06,4.33454e-06,3.12497e-06,50,100,100,230704,10 11 3 0 1 9 4 8 7 5 2 6 
633,3.74157e-06,4.33454e-06,3.07508e-06,50,100,100,230704,10 11 3 0 1 9 4 8 7 5 2 6 
634,3.70924e-06,4.33454e-06,3.0794e-06,50,100,100,230704,10 11 3 0 1 9 4 8 7 5 2 6 
635,3.75549e-06,4.33454e-06,3.0571e-06,50,100,100,230704,10 11 3 0 1 9 4 8 7 5 2 6 
636,3.65733e-06,4.33454e-06,2.99898e-06,50,100,100,230704,10 11 3 0 1 9 4 8 7 5 2 6 
637,3.69042e-06,4.33454e-06,3.11068e-06,50,100,100,230704,10 11 3 0 1 9 4 8 7 5 2 6 
638,3.7049e-06,4.33454e-06,3.07311e-06,50,100,100,230704,10 11 3 0 1 9 4 8 7 5 2 6 
639,3.69186e-06,4.33454e-06,3.05292e-06,50,100,100,230704,10 11 3 0 1 9 4 8 7 5 2 6 
640,3.71045e-06,4.33454e-06,3.04126e-06,50,100,100,230704,10 11 3 0 1 9 4 8 7 5 2 6 
641,3.65872e-06,4.33454e-06,3.07686e-06,50,100,100,230704,10 11 3 0 1 9 4 8 7 5 2 6 
642,3.73702e-06,4.33454e-06,3.02214e-06,50,100,100,230704,10 11 3 0 1 9 4 8 7 5 2 6 
643,3.74006e-06,4.33454e-06,3.10396e-06,50,100,100,230704,10 11 3 0 1 9 4 8 7 5 2 6 
644,3.68578e-06,4.33454e-06,3.04215e-06,50,100,100,230704,10 11 3 0 1 9 4 8 7 5 2 6 
645,3.73166e-06,4.33454e-06,3.1213e-06,50,100,100,230704,10 11 3 0 1 9 4 8 7 5 2 6 
646,3.73773e-06,4.33454e-06,3.0178e-06,50,100,100,230704,10 11 3 0 1 9 4 8 7 5 2 6 
647,3.79565e-06,4.33454e-06,3.06475e-06,50,100,100,230704,10 11 3 0 1 9 4 8 7 5 2 6 
648,3.76372e-06,4.33454e-06,3.08485e-06,50,100,100,230704,10 11 3 0 1 9 4 8 7 5 2 6 
649,3.76699e-06,4.33454e-06,3.0794e-06,50,100,100,230704,10 11 3 0 1 9 4 8 7 5 2 6 
650,3.78711e-06,4.33454e-06,3.04054e-06,50,100,100,230704,10 11 3 0 1 9 4 8 7 5 2 6 
651,3.79099e-06,4.33454e-06,3.08112e-06,50,100,100,230704,10 11 3 0 1 9 4 8 7 5 2 6 
652,3.80476e-06,4.33454e-06,3.07686e-06,50,100,100,230704,10 11 3 0 1 9 4 8 7 5 2 6 
653,3.76494e-06,4.33454e-06,2.9768e-06,50,100,100,230704,10 11 3 0 1 9 4 8 7 5 2 6 
654,3.76279e-06,4.33454e-06,3.14227e-06,50,100,100,230704,10 11 3 0 1 9 4 8 7 5 2 6 
655,3.70377e-06,4.33454e-06,3.04043e-06,50,100,100,230704,10 11 3 0 1 9 4 8 7 5 2 6 
656,3.69119e-06,4.33454e-06,3.06402e-06,50,100,100,230704,10 11 3 0 1 9 4 8 7 5 2 6 
657,3.6807e-06,4.33454e-06,3.06475e-06,50,100,100,230704,10 11 3 0 1 9 4 8 7 5 2 6 
658,3.67443e-06,4.33454e-06,3.0794e-06,50,100,100,230704,10 11 3 0 1 9 4 8 7 5 2 6 
659,3.65917e-06,4.33454e-06,3.04873e-06,50,100,100,230704,10 11 3 0 1 9 4 8 7 5 2 6 
660,3.70088e-06,4.33454e-06,3.05882e-06,50,100,100,230704,10 11 3 0 1 9 4 8 7 5 2 6 
661,3.67491e-06,4.33454e-06,3.01411e-06,50,100,100,230704,10 11 3 0 1 9 4 8 7 5 2 6 
662,3.71391e-06,4.33454e-06,3.05233e-06,50,100,100,230704,10 11 3 0 1 9 4 8 7 5 2 6 
663,3.74122e-06,4.33454e-06,3.09526e-06,50,100,100,230704,10 11 3 0 1 9 4 8 7 5 2 6 
664,3.70401e-06,4.33454e-06,3.00889e-06,50,100,100,230704,10 11 3 0 1 9 4 8 7 5 2 6 
665,3.68968e-06,4.33454e-06,3.04689e-06,50,100,100,230704,10 11 3 0 1 9 4 8 7 5 2 6 
666,3.72799e-06,4.33454e-06,3.06191e-06,50,100,100,230704,10 11 3 0 1 9 4 8 7 5 2 6 
667,3.71422e-06,4.33454e-06,3.06509e-06,50,100,100,230704,10 11 3 0 1 9 4 8 7 5 2 6 
668,3.75859e-06,4.33454e-06,3.11903e-06,50,100,100,230704,10 11 3 0 1 9 4 8 7 5 2 6 
669,3.76593e-06,4.33454e-06,3.10666e-06,50,100,100,230704,10 11 3 0 1 9 4 8 7 5 2 6 
670,3.76532e-06,4.33454e-06,3.10296e-06,50,100,100,230704,10 11 3 0 1 9 4 8 7 5 2 6 
671,3.73365e-06,4.33454e-06,3.10591e-06,50,100,100,230704,10 11 3 0 1 9 4 8 7 5 2 6 
672,3.71034e-06,4.33454e-06,2.99334e-06,50,100,100,230704,10 11 3 0 1 9 4 8 7 5 2 6 
673,3.67135e-06,4.33454e-06,3.08388e-06,50,100,100,230704,10 11 3 0 1 9 4 8 7 5 2 6 
674,3.68718e-06,4.33454e-06,3.13002e-06,50,100,100,230704,10 11 3 0 1 9 4 8 7 5 2 6 
675,3.6845e-06,4.33454e-06,2.99623e-06,50,100,100,230704,10 11 3 0 1 9 4 8 7 5 2 6 
676,3.7102e-06,4.33454e-06,3.03755e-06,50,100,100,230704,10 11 3 0 1 9 4 8 7 5 2 6 
677,3.70028e-06,4.33454e-06,3.03438e-06,50,100,100,230704,10 11 3 0 1 9 4 8 7 5 2 6 
678,3.60368e-06,4.33454e-06,3.05991e-06,50,100,100,230704,10 11 3 0 1 9 4 8 7 5 2 6 
679,3.6189e-06,4.33454e-06,3.02796e-06,50,100,100,230704,10 11 3 0 1 9 4 8 7 5 2 6 
680,3.64687e-06,4.33454e-06,3.09821e-06,50,100,100,230704,10 11 3 0 1 9 4 8 7 5 2 6 
681,3.6483e-06,4.33454e-06,3.10392e-06,50,100,100,230704,10 11 3 0 1 9 4 8 7 5 2 6 
682,3.65527e-06,4.33454e-06,3.16299e-06,50,100,100,230704,10 11 3 0 1 9 4 8 7 5 2 6 
683,3.65735e-06,4.33454e-06,3.00905e-06,50,100,100,230704,10 11 3 0 1 9 4 8 7 5 2 6 
684,3.70162e-06,4.33454e-06,2.98403e-06,50,100,100,230704,10 11 3 0 1 9 4 8 7 5 2 6 
685,3.72016e-06,4.33454e-06,3.01482e-06,50,100,100,230704,10 11 3 0 1 9 4 8 7 5 2 6 
686,3.69985e-06,4.33454e-06,3.0794e-06,50,100,100,230704,10 11 3 0 1 9 4 8 7 5 2 6 
687,3.69728e-06,4.33454e-06,3.12497e-06,50,100,100,230704,10 11 3 0 1 9 4 8 7 5 2 6 
688,3.74339e-06,4.33454e-06,3.03755e-06,50,100,100,230704,10 11 3 0 1 9 4 8 7 5 2 6 
689,3.77309e-06,4.33454e-06,3.18765e-06,50,100,100,230704,10 11 3 0 1 9 4 8 7 5 2 6 
690,3.747e-06,4.33454e-06,3.10313e-06,50,100,100,230704,10 11 3 0 1 9 4 8 7 5 2 6 
691,3.76672e-06,4.33454e-06,3.08765e-06,50,100,100,230704,10 11 3 0 1 9 4 8 7 5 2 6 
692,3.73093e-06,4.33454e-06,3.05404e-06,50,100,100,230704,10 11 3 0 1 9 4 8 7 5 2 6 
693,3.7651e-06,4.33454e-06,3.05824e-06,50,100,100,230704,10 11 3 0 1 9 4 8 7 5 2 6 
694,3.80912e-06,4.33454e-06,3.07807e-06,50,100,100,230704,10 11 3 0 1 9 4 8 7 5 2 6 
695,3.75648e-06,4.33454e-06,3.04927e-06,50,100,100,230704,10 11 3 0 1 9 4 8 7 5 2 6 
696,3.77551e-06,4.33454e-06,3.05056e-06,50,100,100,230704,10 11 3 0 1 9 4 8 7 5 2 6 
697,3.69383e-06,4.33454e-06,3.10477e-06,50,100,100,230704,10 11 3 0 1 9 4 8 7 5 2 6 
698,3.66563e-06,4.33454e-06,3.04881e-06,50,100,100,230704,10 11 3 0 1 9 4 8 7 5 2 6 
699,3.69964e-06,4.33454e-06,3.04126e-06,50,100,100,230704,10 11 3 0 1 9 4 8 7 5 2 6 
700,3.71296e-06,4.33454e-06,2.98135e-06,50,100,100,230704,10 11 3 0 1 9 4 8 7 5 2 6 
701,3.74921e-06,4.33454e-06,3.06475e-06,50,100,100,230704,10 11 3 0 1 9 4 8 7 5 2 6 
702,3.76368e-06,4.33454e-06,3.12017e-06,50,100,100,230704,10 11 3 0 1 9 4 8 7 5 2 6 
703,3.72482e-06,4.33454e-06,3.04026e-06,50,100,100,230704,10 11 3 0 1 9 4 8 7 5 2 6 
704,3.70313e-06,4.33454e-06,3.04356e-06,50,100,100,230704,10 11 3 0 1 9 4 8 7 5 2 6 
705,3.73879e-06,4.33454e-06,3.05742e-06,50,100,100,230704,10 11 3 0 1 9 4 8 7 5 2 6 
706,3.70169e-06,4.33454e-06,3.03843e-06,50,100,100,230704,10 11 3 0 1 9 4 8 7 5 2 6 
707,3.75925e-06,4.33454e-06,3.00914e-06,50,100,100,230704,10 11 3 0 1 9 4 8 7 5 2 6 
708,3.76348e-06,4.33454e-06,3.00119e-06,50,100,100,230704,10 11 3 0 1 9 4 8 7 5 2 6 
709,3.71298e-06,4.33454e-06,2.98058e-06,50,100,100,230704,10 11 3 0 1 9 4 8 7 5 2 6 
710,3.7439e-06,4.33454e-06,3.13965e-06,50,100,100,230704,10 11 3 0 1 9 4 8 7 5 2 6 
711,3.73927e-06,4.33454e-06,2.96904e-06,50,100,100,230704,10 11 3 0 1 9 4 8 7 5 2 6 
712,3.72753e-06,4.33454e-06,3.12179e-06,50,100,100,230704,10 11 3 0 1 9 4 8 7 5 2 6 
713,3.73946e-06,4.33454e-06,3.03624e-06,50,100,100,230704,10 11 3 0 1 9 4 8 7 5 2 6 
714,3.73574e-06,4.33454e-06,3.11039e-06,50,100,100,230704,10 11 3 0 1 9 4 8 7 5 2 6 
715,3.70627e-06,4.33454e-06,3.0839e-06,50,100,100,230704,10 11 3 0 1 9 4 8 7 5 2 6 
716,3.70047e-06,4.33454e-06,3.0156e-06,50,100,100,230704,10 11 3 0 1 9 4 8 7 5 2 6 
717,3.74249e-06,4.33454e-06,3.06152e-06,50,100,100,230704,10 11 3 0 1 9 4 8 7 5 2 6 
718,3.70274e-06,4.33454e-06,3.03147e-06,50,100,100,230704,10 11 3 0 1 9 4 8 7 5 2 6 
719,3.70594e-06,4.33454e-06,3.0524e-06,50,100,100,230704,10 11 3 0 1 9 4 8 7 5 2 6 
720,3.68667e-06,4.33454e-06,3.12503e-06,50,100,100,230704,10 11 3 0 1 9 4 8 7 5 2 6 
721,3.68552e-06,4.33454e-06,3.01527e-06,50,100,100,230704,10 11 3 0 1 9 4 8 7 5 2 6 
722,3.66722e-06,4.33454e-06,3.0289e-06,50,100,100,230704,10 11 3 0 1 9 4 8 7 5 2 6 
723,3.67724e-06,4.33454e-06,3.11062e-06,50,100,100,230704,10 11 3 0 1 9 4 8 7 5 2 6 
724,3.64437e-06,4.33454e-06,3.12304e-06,50,100,100,230704,10 11 3 0 1 9 4 8 7 5 2 6 
725,3.68126e-06,4.33454e-06,3.07345e-06,50,100,100,230704,10 11 3 0 1 9 4 8 7 5 2 6 
726,3.7327e-06,4.33454e-06,2.96097e-06,50,100,100,230704,10 11 3 0 1 9 4 8 7 5 2 6 
727,3.73942e-06,4.33454e-06,3.07549e-06,50,100,100,230704,10 11 3 0 1 9 4 8 7 5 2 6 
728,3.71411e-06,4.33454e-06,3.11788e-06,50,100,100,230704,10 11 3 0 1 9 4 8 7 5 2 6 
729,3.71606e-06,4.33454e-06,3.10952e-06,50,100,100,230704,10 11 3 0 1 9 4 8 7 5 2 6 
730,3.7455e-06,4.33454e-06,3.04482e-06,50,100,100,230704,10 11 3 0 1 9 4 8 7 5 2 6 
731,3.68175e-06,4.33454e-06,2.96461e-06,50,100,100,230704,10 11 3 0 1 9 4 8 7 5 2 6 
732,3.70414e-06,4.33454e-06,3.14287e-06,50,100,100,230704,10 11 3 0 1 9 4 8 7 5 2 6 
733,3.66957e-06,4.33454e-06,3.05421e-06,50,100,100,230704,10 11 3 0 1 9 4 8 7 5 2 6 
734,3.73046e-06,4.33454e-06,3.02063e-06,50,100,100,230704,10 11 3 0 1 9 4 8 7 5 2 6 
735,3.70582e-06,4.33454e-06,3.08645e-06,50,100,100,230704,10 11 3 0 1 9 4 8 7 5 2 6 
736,3.70565e-06,4.33454e-06,3.04015e-06,50,100,100,230704,10 11 3 0 1 9 4 8 7 5 2 6 
737,3.78216e-06,4.33454e-06,3.10933e-06,50,100,100,230704,10 11 3 0 1 9 4 8 7 5 2 6 
738,3.74605e-06,4.33454e-06,3.10102e-06,50,100,100,230704,10 11 3 0 1 9 4 8 7 5 2 6 
739,3.64577e-06,4.33454e-06,3.07236e-06,50,100,100,230704,10 11 3 0 1 9 4 8 7 5 2 6 
740,3.7037e-06,4.33454e-06,3.01952e-06,50,100,100,230704,10 11 3 0 1 9 4 8 7 5 2 6 
741,3.71682e-06,4.33454e-06,3.04948e-06,50,100,100,230704,10 11 3 0 1 9 4 8 7 5 2 6 
742,3.8131e-06,4.33454e-06,3.15574e-06,50,100,100,230704,10 11 3 0 1 9 4 8 7 5 2 6 
743,3.74164e-06,4.33454e-06,3.00791e-06,50,100,100,230704,10 11 3 0 1 9 4 8 7 5 2 6 
744,3.76394e-06,4.33454e-06,3.05961e-06,50,100,100,230704,10 11 3 0 1 9 4 8 7 5 2 6 
745,3.80875e-06,4.33454e-06,3.11755e-06,50,100,100,230704,10 11 3 0 1 9 4 8 7 5 2 6 
746,3.78737e-06,4.33454e-06,3.09925e-06,50,100,100,230704,10 11 3 0 1 9 4 8 7 5 2 6 
747,3.77834e-06,4.33454e-06,3.09925e-06,50,100,100,230704,10 11 3 0 1 9 4 8 7 5 2 6 
748,3.78824e-06,4.33454e-06,3.10381e-06,50,100,100,230704,10 11 3 0 1 9 4 8 7 5 2 6 
749,3.76465e-06,4.33454e-06,2.91743e-06,50,100,100,230704,10 11 3 0 1 9 4 8 7 5 2 6 
750,3.8163e-06,4.33454e-06,3.07883e-06,50,100,100,230704,10 11 3 0 1 9 4 8 7 5 2 6 
751,3.80211e-06,4.33454e-06,3.09886e-06,50,100,100,230704,10 11 3 0 1 9 4 8 7 5 2 6 
752,3.71606e-06,4.33454e-06,3.03755e-06,50,100,100,230704,10 11 3 0 1 9 4 8 7 5 2 6 
753,3.78397e-06,4.33454e-06,3.09038e-06,50,100,100,230704,10 11 3 0 1 9 4 8 7 5 2 6 
754,3.69382e-06,4.33454e-06,3.08268e-06,50,100,100,230704,10 11 3 0 1 9 4 8 7 5 2 6 
755,3.71768e-06,4.33454e-06,3.09925e-06,50,100,100,230704,10 11 3 0 1 9 4 8 7 5 2 6 
756,3.74208e-06,4.33454e-06,3.08243e-06,50,100,100,230704,10 11 3 0 1 9 4 8 7 5 2 6 
757,3.70385e-06,4.33454e-06,3.03265e-06,50,100,100,230704,10 11 3 0 1 9 4 8 7 5 2 6 
758,3.70247e-06,4.33454e-06,3.10869e-06,50,100,100,230704,10 11 3 0 1 9 4 8 7 5 2 6 
759,3.67911e-06,4.33454e-06,3.05225e-06,50,100,100,230704,10 11 3 0 1 9 4 8 7 5 2 6 
760,3.68953e-06,4.33454e-06,3.14087e-06,50,100,100,230704,10 11 3 0 1 9 4 8 7 5 2 6 
761,3.69574e-06,4.33454e-06,3.07085e-06,50,100,100,230704,10 11 3 0 1 9 4 8 7 5 2 6 
762,3.68406e-06,4.33454e-06,2.94962e-06,50,100,100,230704,10 11 3 0 1 9 4 8 7 5 2 6 
763,3.6473e-06,4.33454e-06,3.03388e-06,50,100,100,230704,10 11 3 0 1 9 4 8 7 5 2 6 
764,3.63388e-06,4.33454e-06,3.03471e-06,50,100,100,230704,10 11 3 0 1 9 4 8 7 5 2 6 
765,3.63424e-06,4.33454e-06,2.99537e-06,50,100,100,230704,10 11 3 0 1 9 4 8 7 5 2 6 
766,3.66634e-06,4.33454e-06,3.05264e-06,50,100,100,230704,10 11 3 0 1 9 4 8 7 5 2 6 
767,3.71109e-06,4.33454e-06,3.07328e-06,50,100,100,230704,10 11 3 0 1 9 4 8 7 5 2 6 
768,3.75378e-06,4.33454e-06,3.11246e-06,50,100,100,230704,10 11 3 0 1 9 4 8 7 5 2 6 
769,3.61709e-06,4.33454e-06,3.07788e-06,50,100,100,230704,10 11 3 0 1 9 4 8 7 5 2 6 
770,3.57252e-06,4.33454e-06,2.968e-06,50,100,100,230704,10 11 3 0 1 9 4 8 7 5 2 6 
771,3.61952e-06,4.33454e-06,3.05823e-06,50,100,100,230704,10 11 3 0 1 9 4 8 7 5 2 6 
772,3.62306e-06,4.33454e-06,3.08626e-06,50,100,100,230704,10 11 3 0 1 9 4 8 7 5 2 6 
773,3.62625e-06,4.33454e-06,3.0794e-06,50,100,100,230704,10 11 3 0 1 9 4 8 7 5 2 6 
774,3.62436e-06,4.33454e-06,3.09925e-06,50,100,100,230704,10 11 3 0 1 9 4 8 7 5 2 6 
775,3.60266e-06,4.33454e-06,3.06092e-06,50,100,100,230704,10 11 3 0 1 9 4 8 7 5 2 6 
776,3.6665e-06,4.33454e-06,3.08961e-06,50,100,100,230704,10 11 3 0 1 9 4 8 7 5 2 6 
777,3.62763e-06,4.33454e-06,3.04135e-06,50,100,100,230704,10 11 3 0 1 9 4 8 7 5 2 6 
778,3.67004e-06,4.33454e-06,3.02361e-06,50,100,100,230704,10 11 3 0 1 9 4 8 7 5 2 6 
779,3.70269e-06,4.33454e-06,3.01972e-06,50,100,100,230704,10 11 3 0 1 9 4 8 7 5 2 6 
780,3.68631e-06,4.33454e-06,3.05453e-06,50,100,100,230704,10 11 3 0 1 9 4 8 7 5 2 6 
781,3.6897e-06,4.33454e-06,3.08572e-06,50,100,100,230704,10 11 3 0 1 9 4 8 7 5 2 6 
782,3.71452e-06,4.33454e-06,3.0568e-06,50,100,100,230704,10 11 3 0 1 9 4 8 7 5 2 6 
783,3.62569e-06,4.33454e-06,3.03952e-06,50,100,100,230704,10 11 3 0 1 9 4 8 7 5 2 6 
784,3.66647e-06,4.33454e-06,3.08487e-06,50,100,100,230704,10 11 3 0 1 9 4 8 7 5 2 6 
785,3.73725e-06,4.33454e-06,3.11159e-06,50,100,100,230704,10 11 3 0 1 9 4 8 7 5 2 6 
786,3.71428e-06,4.33454e-06,2.97953e-06,50,100,100,230704,10 11 3 0 1 9 4 8 7 5 2 6 
787,3.70009e-06,4.33454e-06,3.0358e-06,50,100,100,230704,10 11 3 0 1 9 4 8 7 5 2 6 
788,3.70456e-06,4.33454e-06,3.12526e-06,50,100,100,230704,10 11 3 0 1 9 4 8 7 5 2 6 
789,3.76083e-06,4.33454e-06,3.18925e-06,50,100,100,230704,10 11 3 0 1 9 4 8 7 5 2 6 
790,3.69848e-06,4.33454e-06,3.11246e-06,50,100,100,230704,10 11 3 0 1 9 4 8 7 5 2 6 
791,3.7656e-06,4.33454e-06,3.15596e-06,50,100,100,230704,10 11 3 0 1 9 4 8 7 5 2 6 
792,3.68925e-06,4.33454e-06,3.0947e-06,50,100,100,230704,10 11 3 0 1 9 4 8 7 5 2 6 
793,3.63567e-06,4.33454e-06,3.02987e-06,50,100,100,230704,10 11 3 0 1 9 4 8 7 5 2 6 
794,3.65788e-06,4.33454e-06,3.09416e-06,50,100,100,230704,10 11 3 0 1 9 4 8 7 5 2 6 
795,3.67329e-06,4.33454e-06,3.13174e-06,50,100,100,230704,10 11 3 0 1 9 4 8 7 5 2 6 
796,3.71129e-06,4.33454e-06,3.07051e-06,50,100,100,230704,10 11 3 0 1 9 4 8 7 5 2 6 
797,3.69586e-06,4.33454e-06,3.04126e-06,50,100,100,230704,10 11 3 0 1 9 4 8 7 5 2 6 
798,3.71783e-06,4.33454e-06,3.14779e-06,50,100,100,230704,10 11 3 0 1 9 4 8 7 5 2 6 
799,3.75326e-06,4.33454e-06,3.14227e-06,50,100,100,230704,10 11 3 0 1 9 4 8 7 5 2 6 
800,3.76347e-06,4.33454e-06,3.0929e-06,50,100,100,230704,10 11 3 0 1 9 4 8 7 5 2 6 
801,3.75833e-06,4.33454e-06,3.00119e-06,50,100,100,230704,10 11 3 0 1 9 4 8 7 5 2 6 
802,3.71044e-06,4.33454e-06,3.11246e-06,50,100,100,230704,10 11 3 0 1 9 4 8 7 5 2 6 
803,3.70452e-06,4.33454e-06,3.0995e-06,50,100,100,230704,10 11 3 0 1 9 4 8 7 5 2 6 
804,3.76933e-06,4.33454e-06,3.0839e-06,50,100,100,230704,10 11 3 0 1 9 4 8 7 5 2 6 
805,3.72931e-06,4.33454e-06,3.07585e-06,50,100,100,230704,10 11 3 0 1 9 4 8 7 5 2 6 
806,3.74828e-06,4.33454e-06,3.06896e-06,50,100,100,230704,10 11 3 0 1 9 4 8 7 5 2 6 
807,3.7148e-06,4.33454e-06,3.04217e-06,50,100,100,230704,10 11 3 0 1 9 4 8 7 5 2 6 
808,3.78775e-06,4.33454e-06,3.01001e-06,50,100,100,230704,10 11 3 0 1 9 4 8 7 5 2 6 
809,3.71184e-06,4.33454e-06,3.09773e-06,50,100,100,230704,10 11 3 0 1 9 4 8 7 5 2 6 
810,3.72676e-06,4.33454e-06,3.0624e-06,50,100,100,230704,10 11 3 0 1 9 4 8 7 5 2 6 
811,3.80123e-06,4.33454e-06,3.00206e-06,50,100,100,230704,10 11 3 0 1 9 4 8 7 5 2 6 
812,3.75609e-06,4.33454e-06,3.09923e-06,50,100,100,230704,10 11 3 0 1 9 4 8 7 5 2 6 
813,3.74061e-06,4.33454e-06,2.97095e-06,50,100,100,230704,10 11 3 0 1 9 4 8 7 5 2 6 
814,3.71217e-06,4.33454e-06,3.00402e-06,50,100,100,230704,10 11 3 0 1 9 4 8 7 5 2 6 
815,3.79296e-06,4.33454e-06,3.07557e-06,50,100,100,230704,10 11 3 0 1 9 4 8 7 5 2 6 
816,3.68806e-06,4.33454e-06,3.0839e-06,50,100,100,230704,10 11 3 0 1 9 4 8 7 5 2 6 
817,3.73737e-06,4.33454e-06,2.992e-06,50,100,100,230704,10 11 3 0 1 9 4 8 7 5 2 6 
818,3.67834e-06,4.33454e-06,3.0794e-06,50,100,100,230704,10 11 3 0 1 9 4 8 7 5 2 6 
819,3.62576e-06,4.33454e-06,3.11027e-06,50,100,100,230704,10 11 3 0 1 9 4 8 7 5 2 6 
820,3.635e-06,4.33454e-06,3.05225e-06,50,100,100,230704,10 11 3 0 1 9 4 8 7 5 2 6 
821,3.68888e-06,4.33454e-06,3.02446e-06,50,100,100,230704,10 11 3 0 1 9 4 8 7 5 2 6 
822,3.71348e-06,4.33454e-06,3.05488e-06,50,100,100,230704,10 11 3 0 1 9 4 8 7 5 2 6 
823,3.64574e-06,4.33454e-06,2.98097e-06,50,100,100,230704,10 11 3 0 1 9 4 8 7 5 2 6 
824,3.61493e-06,4.33454e-06,3.03149e-06,50,100,100,230704,10 11 3 0 1 9 4 8 7 5 2 6 
825,3.67079e-06,4.33454e-06,3.10927e-06,50,100,100,230704,10 11 3 0 1 9 4 8 7 5 2 6 
826,3.66205e-06,4.33454e-06,2.96818e-06,50,100,100,230704,10 11 3 0 1 9 4 8 7 5 2 6 
827,3.62915e-06,4.33454e-06,3.0128e-06,50,100,100,230704,10 11 3 0 1 9 4 8 7 5 2 6 
828,3.67925e-06,4.33454e-06,3.13037e-06,50,100,100,230704,10 11 3 0 1 9 4 8 7 5 2 6 
829,3.6639e-06,4.33454e-06,3.11012e-06,50,100,100,230704,10 11 3 0 1 9 4 8 7 5 2 6 
830,3.71169e-06,4.33454e-06,3.07347e-06,50,100,100,230704,10 11 3 0 1 9 4 8 7 5 2 6 
831,3.68722e-06,4.33454e-06,3.09656e-06,50,100,100,230704,10 11 3 0 1 9 4 8 7 5 2 6 
832,3.6711e-06,4.33454e-06,3.03465e-06,50,100,100,230704,10 11 3 0 1 9 4 8 7 5 2 6 
833,3.60787e-06,4.33454e-06,3.09154e-06,50,100,100,230704,10 11 3 0 1 9 4 8 7 5 2 6 
834,3.65528e-06,4.33454e-06,3.10537e-06,50,100,100,230704,10 11 3 0 1 9 4 8 7 5 2 6 
835,3.68613e-06,4.33454e-06,3.10483e-06,50,100,100,230704,10 11 3 0 1 9 4 8 7 5 2 6 
836,3.6716e-06,4.33454e-06,3.0794e-06,50,100,100,230704,10 11 3 0 1 9 4 8 7 5 2 6 
837,3.68116e-06,4.33454e-06,3.05255e-06,50,100,100,230704,10 11 3 0 1 9 4 8 7 5 2 6 
838,3.65713e-06,4.33454e-06,3.11012e-06,50,100,100,230704,10 11 3 0 1 9 4 8 7 5 2 6 
839,3.68499e-06,4.33454e-06,3.10494e-06,50,100,100,230704,10 11 3 0 1 9 4 8 7 5 2 6 
840,3.6752e-06,4.33454e-06,3.07219e-06,50,100,100,230704,10 11 3 0 1 9 4 8 7 5 2 6 
841,3.63699e-06,4.33454e-06,3.11967e-06,50,100,100,230704,10 11 3 0 1 9 4 8 7 5 2 6 
842,3.68042e-06,4.33454e-06,3.08124e-06,50,100,100,230704,10 11 3 0 1 9 4 8 7 5 2 6 
843,3.64298e-06,4.33454e-06,3.00011e-06,50,100,100,230704,10 11 3 0 1 9 4 8 7 5 2 6 
844,3.58074e-06,4.33454e-06,3.04667e-06,50,100,100,230704,10 11 3 0 1 9 4 8 7 5 2 6 
845,3.61409e-06,4.33454e-06,2.96538e-06,50,100,100,230704,10 11 3 0 1 9 4 8 7 5 2 6 
846,3.63931e-06,4.33454e-06,3.20627e-06,50,100,100,230704,10 11 3 0 1 9 4 8 7 5 2 6 
847,3.61791e-06,4.33454e-06,3.06851e-06,50,100,100,254152,10 11 3 1 0 9 4 8 7 5 2 6 
848,3.55501e-06,4.33454e-06,2.97158e-06,50,100,100,230704,10 11 3 0 1 9 4 8 7 5 2 6 
849,3.54489e-06,4.33454e-06,3.04719e-06,50,100,100,230704,10 11 3 0 1 9 4 8 7 5 2 6 
850,3.60483e-06,4.33454e-06,3.02516e-06,50,100,100,230704,10 11 3 0 1 9 4 8 7 5 2 6 
851,3.6034e-06,4.33454e-06,2.96152e-06,50,100,100,230704,10 11 3 0 1 9 4 8 7 5 2 6 
852,3.65105e-06,4.33454e-06,3.0794e-06,50,100,100,230704,10 11 3 0 1 9 4 8 7 5 2 6 
853,3.65631e-06,4.33454e-06,3.02052e-06,50,100,100,230704,10 11 3 0 1 9 4 8 7 5 2 6 
854,3.67496e-06,4.33454e-06,3.03268e-06,50,100,100,230704,10 11 3 0 1 9 4 8 7 5 2 6 
855,3.65394e-06,4.33454e-06,3.11714e-06,50,100,100,230704,10 11 3 0 1 9 4 8 7 5 2 6 
856,3.64005e-06,4.33454e-06,3.03164e-06,50,100,100,230704,10 11 3 0 1 9 4 8 7 5 2 6 
857,3.723e-06,4.33454e-06,3.14453e-06,50,100,100,230704,10 11 3 0 1 9 4 8 7 5 2 6 
858,3.63568e-06,4.33454e-06,3.03502e-06,50,100,100,230704,10 11 3 0 1 9 4 8 7 5 2 6 
859,3.73901e-06,4.33454e-06,3.18324e-06,50,100,100,230704,10 11 3 0 1 9 4 8 7 5 2 6 
860,3.75763e-06,4.33454e-06,3.11198e-06,50,100,100,230704,10 11 3 0 1 9 4 8 7 5 2 6 
861,3.76827e-06,4.33454e-06,3.11792e-06,50,100,100,230704,10 11 3 0 1 9 4 8 7 5 2 6 
862,3.69379e-06,4.33454e-06,3.07447e-06,50,100,100,230704,10 11 3 0 1 9 4 8 7 5 2 6 
863,3.66542e-06,4.33454e-06,3.05043e-06,50,100,100,230704,10 11 3 0 1 9 4 8 7 5 2 6 
864,3.72704e-06,4.33454e-06,3.08715e-06,50,100,100,230704,10 11 3 0 1 9 4 8 7 5 2 6 
865,3.68351e-06,4.33454e-06,3.0794e-06,50,100,100,230704,10 11 3 0 1 9 4 8 7 5 2 6 
866,3.72948e-06,4.33454e-06,3.03379e-06,50,100,100,230704,10 11 3 0 1 9 4 8 7 5 2 6 
867,3.69182e-06,4.33454e-06,3.06849e-06,50,100,100,230704,10 11 3 0 1 9 4 8 7 5 2 6 
868,3.64061e-06,4.33454e-06,3.00126e-06,50,100,100,230704,10 11 3 0 1 9 4 8 7 5 2 6 
869,3.64609e-06,4.33454e-06,3.05671e-06,50,100,100,230704,10 11 3 0 1 9 4 8 7 5 2 6 
870,3.60237e-06,4.33454e-06,3.02302e-06,50,100,100,230704,10 11 3 0 1 9 4 8 7 5 2 6 
871,3.6914e-06,4.33454e-06,3.12765e-06,50,100,100,230704,10 11 3 0 1 9 4 8 7 5 2 6 
872,3.7141e-06,4.33454e-06,3.07255e-06,50,100,100,230704,10 11 3 0 1 9 4 8 7 5 2 6 
873,3.67611e-06,4.33454e-06,2.99479e-06,50,100,100,230704,10 11 3 0 1 9 4 8 7 5 2 6 
874,3.6729e-06,4.33454e-06,3.14619e-06,50,100,100,230704,10 11 3 0 1 9 4 8 7 5 2 6 
875,3.63023e-06,4.33454e-06,3.11967e-06,50,100,100,230704,10 11 3 0 1 9 4 8 7 5 2 6 
876,3.66036e-06,4.33454e-06,3.14845e-06,50,100,100,230704,10 11 3 0 1 9 4 8 7 5 2 6 
877,3.66089e-06,4.33454e-06,3.01411e-06,50,100,100,230704,10 11 3 0 1 9 4 8 7 5 2 6 
878,3.66783e-06,4.33454e-06,3.00429e-06,50,100,100,230704,10 11 3 0 1 9 4 8 7 5 2 6 
879,3.64425e-06,4.33454e-06,3.0518e-06,50,100,100,230704,10 11 3 0 1 9 4 8 7 5 2 6 
880,3.71459e-06,4.33454e-06,3.14117e-06,50,100,100,230704,10 11 3 0 1 9 4 8 7 5 2 6 
881,3.73033e-06,4.33454e-06,3.04851e-06,50,100,100,230704,10 11 3 0 1 9 4 8 7 5 2 6 
882,3.72106e-06,4.33454e-06,3.07442e-06,50,100,100,230704,10 11 3 0 1 9 4 8 7 5 2 6 
883,3.70786e-06,4.33454e-06,3.05445e-06,50,100,100,230704,10 11 3 0 1 9 4 8 7 5 2 6 
884,3.74212e-06,4.33454e-06,3.0466e-06,50,100,100,230704,10 11 3 0 1 9 4 8 7 5 2 6 
885,3.67041e-06,4.33454e-06,3.02743e-06,50,100,100,230704,10 11 3 0 1 9 4 8 7 5 2 6 
886,3.75071e-06,4.33454e-06,3.04996e-06,50,100,100,230704,10 11 3 0 1 9 4 8 7 5 2 6 
887,3.71121e-06,4.33454e-06,2.97815e-06,50,100,100,230704,10 11 3 0 1 9 4 8 7 5 2 6 
888,3.70824e-06,4.33454e-06,3.01064e-06,50,100,100,230704,10 11 3 0 1 9 4 8 7 5 2 6 
889,3.69345e-06,4.33454e-06,3.04929e-06,50,100,100,230704,10 11 3 0 1 9 4 8 7 5 2 6 
890,3.71703e-06,4.33454e-06,3.00271e-06,50,100,100,230704,10 11 3 0 1 9 4 8 7 5 2 6 
891,3.72253e-06,4.33454e-06,3.08336e-06,50,100,100,230704,10 11 3 0 1 9 4 8 7 5 2 6 
892,3.69973e-06,4.33454e-06,3.02564e-06,50,100,100,230704,10 11 3 0 1 9 4 8 7 5 2 6 
893,3.71571e-06,4.33454e-06,2.93454e-06,50,100,100,230704,10 11 3 0 1 9 4 8 7 5 2 6 
894,3.68874e-06,4.33454e-06,3.11551e-06,50,100,100,230704,10 11 3 0 1 9 4 8 7 5 2 6 
895,3.67684e-06,4.33454e-06,3.02185e-06,50,100,100,230704,10 11 3 0 1 9 4 8 7 5 2 6 
896,3.66501e-06,4.33454e-06,3.01498e-06,50,100,100,230704,10 11 3 0 1 9 4 8 7 5 2 6 
897,3.75409e-06,4.33454e-06,3.08647e-06,50,100,100,230704,10 11 3 0 1 9 4 8 7 5 2 6 
898,3.73839e-06,4.33454e-06,3.05961e-06,50,100,100,230704,10 11 3 0 1 9 4 8 7 5 2 6 
899,3.66407e-06,4.33454e-06,3.08508e-06,50,100,100,230704,10 11 3 0 1 9 4 8 7 5 2 6 
900,3.60432e-06,4.33454e-06,2.99153e-06,50,100,100,230704,10 11 3 0 1 9 4 8 7 5 2 6 
901,3.60874e-06,4.33454e-06,3.04753e-06,50,100,100,230704,10 11 3 0 1 9 4 8 7 5 2 6 
902,3.62384e-06,4.33454e-06,2.99871e-06,50,100,100,230704,10 11 3 0 1 9 4 8 7 5 2 6 
903,3.67309e-06,4.33454e-06,3.10046e-06,50,100,100,230704,10 11 3 0 1 9 4 8 7 5 2 6 
904,3.66091e-06,4.33454e-06,3.06919e-06,50,100,100,230704,10 11 3 0 1 9 4 8 7 5 2 6 
905,3.73021e-06,4.33454e-06,3.09361e-06,50,100,100,230704,10 11 3 0 1 9 4 8 7 5 2 6 
906,3.67036e-06,4.33454e-06,3.01487e-06,50,100,100,230704,10 11 3 0 1 9 4 8 7 5 2 6 
907,3.68628e-06,4.33454e-06,3.00549e-06,50,100,100,230704,10 11 3 0 1 9 4 8 7 5 2 6 
908,3.65089e-06,4.33454e-06,3.07111e-06,50,100,100,230704,10 11 3 0 1 9 4 8 7 5 2 6 
909,3.68025e-06,4.33454e-06,3.06832e-06,50,100,100,230704,10 11 3 0 1 9 4 8 7 5 2 6 
910,3.64159e-06,4.33454e-06,3.09543e-06,50,100,100,230704,10 11 3 0 1 9 4 8 7 5 2 6 
911,3.651e-06,4.33454e-06,3.03073e-06,50,100,100,230704,10 11 3 0 1 9 4 8 7 5 2 6 
912,3.60507e-06,4.33454e-06,3.02225e-06,50,100,100,230704,10 11 3 0 1 9 4 8 7 5 2 6 
913,3.665e-06,4.33454e-06,3.08112e-06,50,100,100,230704,10 11 3 0 1 9 4 8 7 5 2 6 
914,3.662e-06,4.33454e-06,3.01389e-06,50,100,100,230704,10 11 3 0 1 9 4 8 7 5 2 6 
915,3.68871e-06,4.33454e-06,3.08563e-06,50,100,100,230704,10 11 3 0 1 9 4 8 7 5 2 6 
916,3.64671e-06,4.33454e-06,3.03755e-06,50,100,100,230704,10 11 3 0 1 9 4 8 7 5 2 6 
917,3.66095e-06,4.33454e-06,3.01478e-06,50,100,100,230704,10 11 3 0 1 9 4 8 7 5 2 6 
918,3.6552e-06,4.33454e-06,3.04433e-06,50,100,100,230704,10 11 3 0 1 9 4 8 7 5 2 6 
919,3.66428e-06,4.33454e-06,3.05697e-06,50,100,100,230704,10 11 3 0 1 9 4 8 7 5 2 6 
920,3.63423e-06,4.33454e-06,3.12179e-06,50,100,100,230704,10 11 3 0 1 9 4 8 7 5 2 6 
921,3.67054e-06,4.33454e-06,3.09925e-06,50,100,100,230704,10 11 3 0 1 9 4 8 7 5 2 6 
922,3.71241e-06,4.33454e-06,3.12394e-06,50,100,100,230704,10 11 3 0 1 9 4 8 7 5 2 6 
923,3.73421e-06,4.33454e-06,3.07504e-06,50,100,100,230704,10 11 3 0 1 9 4 8 7 5 2 6 
924,3.74765e-06,4.33454e-06,3.07508e-06,50,100,100,230704,10 11 3 0 1 9 4 8 7 5 2 6 
925,3.73946e-06,4.33454e-06,3.03788e-06,50,100,100,230704,10 11 3 0 1 9 4 8 7 5 2 6 
926,3.77462e-06,4.33454e-06,3.16497e-06,50,100,100,230704,10 11 3 0 1 9 4 8 7 5 2 6 
927,3.8e-06,4.33454e-06,3.0794e-06,50,100,100,230704,10 11 3 0 1 9 4 8 7 5 2 6 
928,3.72789e-06,4.33454e-06,3.05307e-06,50,100,100,230704,10 11 3 0 1 9 4 8 7 5 2 6 
929,3.73614e-06,4.33454e-06,3.02578e-06,50,100,100,230704,10 11 3 0 1 9 4 8 7 5 2 6 
930,3.71557e-06,4.33454e-06,2.99481e-06,50,100,100,230704,10 11 3 0 1 9 4 8 7 5 2 6 
931,3.72739e-06,4.33454e-06,3.09263e-06,50,100,100,230704,10 11 3 0 1 9 4 8 7 5 2 6 
932,3.77153e-06,4.33454e-06,3.11698e-06,50,100,100,230704,10 11 3 0 1 9 4 8 7 5 2 6 
933,3.7526e-06,4.33454e-06,3.11107e-06,50,100,100,230704,10 11 3 0 1 9 4 8 7 5 2 6 
934,3.82014e-06,4.33454e-06,3.13455e-06,50,100,100,230704,10 11 3 0 1 9 4 8 7 5 2 6 
935,3.81157e-06,4.33454e-06,3.09925e-06,50,100,100,230704,10 11 3 0 1 9 4 8 7 5 2 6 
936,3.74253e-06,4.33454e-06,3.07309e-06,50,100,100,230704,10 11 3 0 1 9 4 8 7 5 2 6 
937,3.71918e-06,4.33454e-06,3.00426e-06,50,100,100,230704,10 11 3 0 1 9 4 8 7 5 2 6 
938,3.67137e-06,4.33454e-06,2.97093e-06,50,100,100,230704,10 11 3 0 1 9 4 8 7 5 2 6 
939,3.68202e-06,4.33454e-06,3.04126e-06,50,100,100,230704,10 11 3 0 1 9 4 8 7 5 2 6 
940,3.69899e-06,4.33454e-06,3.01706e-06,50,100,100,230704,10 11 3 0 1 9 4 8 7 5 2 6 
941,3.68782e-06,4.33454e-06,2.99184e-06,50,100,100,230704,10 11 3 0 1 9 4 8 7 5 2 6 
942,3.73593e-06,4.33454e-06,3.02602e-06,50,100,100,230704,10 11 3 0 1 9 4 8 7 5 2 6 
943,3.73211e-06,4.33454e-06,3.04652e-06,50,100,100,230704,10 11 3 0 1 9 4 8 7 5 2 6 
944,3.78945e-06,4.33454e-06,3.13593e-06,50,100,100,230704,10 11 3 0 1 9 4 8 7 5 2 6 
945,3.78755e-06,4.33454e-06,3.1514e-06,50,100,100,230704,10 11 3 0 1 9 4 8 7 5 2 6 
946,3.77242e-06,4.33454e-06,3.05296e-06,50,100,100,230704,10 11 3 0 1 9 4 8 7 5 2 6 
947,3.75672e-06,4.33454e-06,3.09038e-06,50,100,100,230704,10 11 3 0 1 9 4 8 7 5 2 6 
948,3.68881e-06,4.33454e-06,3.05927e-06,50,100,100,230704,10 11 3 0 1 9 4 8 7 5 2 6 
949,3.68625e-06,4.33454e-06,3.07289e-06,50,100,100,230704,10 11 3 0 1 9 4 8 7 5 2 6 
950,3.66232e-06,4.33454e-06,2.98135e-06,50,100,100,230704,10 11 3 0 1 9 4 8 7 5 2 6 
951,3.62029e-06,4.33454e-06,3.03784e-06,50,100,100,230704,10 11 3 0 1 9 4 8 7 5 2 6 
952,3.66201e-06,4.33454e-06,3.09925e-06,50,100,100,230704,10 11 3 0 1 9 4 8 7 5 2 6 
953,3.6471e-06,4.33454e-06,3.06424e-06,50,100,100,230704,10 11 3 0 1 9 4 8 7 5 2 6 
954,3.59418e-06,4.33454e-06,2.97056e-06,50,100,100,230704,10 11 3 0 1 9 4 8 7 5 2 6 
955,3.63984e-06,4.33454e-06,2.91914e-06,50,100,100,230704,10 11 3 0 1 9 4 8 7 5 2 6 
956,3.67135e-06,4.33454e-06,3.0962e-06,50,100,100,230704,10 11 3 0 1 9 4 8 7 5 2 6 
957,3.64525e-06,4.33454e-06,3.0993e-06,50,100,100,230704,10 11 3 0 1 9 4 8 7 5 2 6 
958,3.6496e-06,4.33454e-06,3.08885e-06,50,100,100,230704,10 11 3 0 1 9 4 8 7 5 2 6 
959,3.7194e-06,4.33454e-06,3.11776e-06,50,100,100,230704,10 11 3 0 1 9 4 8 7 5 2 6 
960,3.68579e-06,4.33454e-06,2.93273e-06,50,100,100,230704,10 11 3 0 1 9 4 8 7 5 2 6 
961,3.68089e-06,4.33454e-06,3.03515e-06,50,100,100,230704,10 11 3 0 1 9 4 8 7 5 2 6 
962,3.67529e-06,4.33454e-06,2.97606e-06,50,100,100,230704,10 11 3 0 1 9 4 8 7 5 2 6 
963,3.70373e-06,4.33454e-06,3.0207e-06,50,100,100,230704,10 11 3 0 1 9 4 8 7 5 2 6 
964,3.6803e-06,4.33454e-06,2.9652e-06,50,100,100,230704,10 11 3 0 1 9 4 8 7 5 2 6 
965,3.75268e-06,4.33454e-06,3.14791e-06,50,100,100,230704,10 11 3 0 1 9 4 8 7 5 2 6 
966,3.71956e-06,4.33454e-06,3.00078e-06,50,100,100,230704,10 11 3 0 1 9 4 8 7 5 2 6 
967,3.68394e-06,4.33454e-06,2.89509e-06,50,100,100,230704,10 11 3 0 1 9 4 8 7 5 2 6 
968,3.69978e-06,4.33454e-06,3.07881e-06,50,100,100,230704,10 11 3 0 1 9 4 8 7 5 2 6 
969,3.75589e-06,4.33454e-06,2.97107e-06,50,100,100,230704,10 11 3 0 1 9 4 8 7 5 2 6 
970,3.69582e-06,4.33454e-06,3.12123e-06,50,100,100,230704,10 11 3 0 1 9 4 8 7 5 2 6 
971,3.7249e-06,4.33454e-06,3.0839e-06,50,100,100,230704,10 11 3 0 1 9 4 8 7 5 2 6 
972,3.74263e-06,4.33454e-06,3.09881e-06,50,100,100,230704,10 11 3 0 1 9 4 8 7 5 2 6 
973,3.6879e-06,4.33454e-06,3.08164e-06,50,100,100,230704,10 11 3 0 1 9 4 8 7 5 2 6 
974,3.68578e-06,4.33454e-06,3.09459e-06,50,100,100,230704,10 11 3 0 1 9 4 8 7 5 2 6 
975,3.65306e-06,4.33454e-06,3.05828e-06,50,100,100,230704,10 11 3 0 1 9 4 8 7 5 2 6 
976,3.68245e-06,4.33454e-06,3.05912e-06,50,100,100,230704,10 11 3 0 1 9 4 8 7 5 2 6 
977,3.69358e-06,4.33454e-06,3.05307e-06,50,100,100,230704,10 11 3 0 1 9 4 8 7 5 2 6 
978,3.64731e-06,4.33454e-06,3.01284e-06,50,100,100,230704,10 11 3 0 1 9 4 8 7 5 2 6 
979,3.68599e-06,4.33454e-06,3.03434e-06,50,100,100,230704,10 11 3 0 1 9 4 8 7 5 2 6 
980,3.69159e-06,4.33454e-06,3.10568e-06,50,100,100,230704,10 11 3 0 1 9 4 8 7 5 2 6 
981,3.71637e-06,4.33454e-06,3.15596e-06,50,100,100,230704,10 11 3 0 1 9 4 8 7 5 2 6 
982,3.72361e-06,4.33454e-06,3.05802e-06,50,100,100,230704,10 11 3 0 1 9 4 8 7 5 2 6 
983,3.74804e-06,4.33454e-06,3.06823e-06,50,100,100,230704,10 11 3 0 1 9 4 8 7 5 2 6 
984,3.71373e-06,4.33454e-06,3.10701e-06,50,100,100,230704,10 11 3 0 1 9 4 8 7 5 2 6 
985,3.66784e-06,4.33454e-06,3.05609e-06,50,100,100,230704,10 11 3 0 1 9 4 8 7 5 2 6 
986,3.6974e-06,4.33454e-06,3.08135e-06,50,100,100,230704,10 11 3 0 1 9 4 8 7 5 2 6 
987,3.72693e-06,4.33454e-06,3.07474e-06,50,100,100,230704,10 11 3 0 1 9 4 8 7 5 2 6 
988,3.66418e-06,4.33454e-06,3.13178e-06,50,100,100,230704,10 11 3 0 1 9 4 8 7 5 2 6 
989,3.63743e-06,4.33454e-06,3.08864e-06,50,100,100,230704,10 11 3 0 1 9 4 8 7 5 2 6 
990,3.64549e-06,4.33454e-06,3.09118e-06,50,100,100,230704,10 11 3 0 1 9 4 8 7 5 2 6 
991,3.6115e-06,4.33454e-06,3.09311e-06,50,100,100,230704,10 11 3 0 1 9 4 8 7 5 2 6 
992,3.67465e-06,4.33454e-06,3.08228e-06,50,100,100,230704,10 11 3 0 1 9 4 8 7 5 2 6 
993,3.68387e-06,4.33454e-06,3.0858e-06,50,100,100,230704,10 11 3 0 1 9 4 8 7 5 2 6 
994,3.70065e-06,4.33454e-06,3.05225e-06,50,100,100,230704,10 11 3 0 1 9 4 8 7 5 2 6 
995,3.686e-06,4.33454e-06,2.98742e-06,50,100,100,230704,10 11 3 0 1 9 4 8 7 5 2 6 
996,3.68146e-06,4.33454e-06,3.02554e-06,50,100,100,230704,10 11 3 0 1 9 4 8 7 5 2 6 
997,3.63222e-06,4.33454e-06,2.99923e-06,50,100,100,230704,10 11 3 0 1 9 4 8 7 5 2 6 
998,3.6973e-06,4.33454e-06,3.03484e-06,50,100,100,230704,10 11 3 0 1 9 4 8 7 5 2 6 
999,3.77145e-06,4.33454e-06,3.11788e-06,50,100,100,230704,10 11 3 0 1 9 4 8 7 5 2 6 
