Generación,Media,Mejor,Peor,Cruzas,Mutaciones,Inversiones,Costo,Permutación
1,3.24146e-06,3.6835e-06,2.90503e-06,50,100,100,271480,4 6 0 9 1 2 7 5 10 3 8 11 
2,3.25928e-06,3.6835e-06,2.98439e-06,50,100,100,271480,4 6 0 9 1 2 7 5 10 3 8 11 
3,3.26388e-06,3.74348e-06,2.98047e-06,50,100,100,267130,4 3 6 0 2 10 9 7 5 8 11 1 
4,3.26947e-06,3.74348e-06,2.91502e-06,50,100,100,267130,4 3 6 0 2 10 9 7 5 8 11 1 
5,3.30701e-06,3.76046e-06,3.0522e-06,50,100,100,265924,4 11 10 0 6 9 5 7 1 2 3 8 
6,3.31967e-06,3.76046e-06,3.03995e-06,50,100,100,265924,4 11 10 0 6 9 5 7 1 2 3 8 
7,3.29627e-06,3.76046e-06,2.89633e-06,50,100,100,265924,4 11 10 0 6 9 5 7 1 2 3 8 
8,3.31585e-06,3.85831e-06,2.97008e-06,50,100,100,259180,10 11 3 0 9 4 8 7 5 1 2 6 
9,3.32121e-06,3.85831e-06,3.01704e-06,50,100,100,259180,10 11 3 0 9 4 8 7 5 1 2 6 
10,3.30526e-06,3.88252e-06,2.93316e-06,50,100,100,257564,10 11 3 0 9 2 8 5 1 4 7 6 
11,3.30477e-06,3.88252e-06,2.9354e-06,50,100,100,257564,10 11 3 0 9 2 8 5 1 4 7 6 
12,3.32684e-06,3.88252e-06,2.99082e-06,50,100,100,257564,10 11 3 0 9 2 8 5 1 4 7 6 
13,3.35785e-06,3.88252e-06,3.02969e-06,50,100,100,257564,10 11 3 0 9 2 8 5 1 4 7 6 
14,3.33474e-06,3.88252e-06,3.02837e-06,50,100,100,257564,10 11 3 0 9 2 8 5 1 4 7 6 
15,3.31649e-06,3.88252e-06,2.95693e-06,50,100,100,257564,10 11 3 0 9 2 8 5 1 4 7 6 
16,3.33021e-06,3.88252e-06,3.02686e-06,50,100,100,257564,10 11 3 0 9 2 8 5 1 4 7 6 
17,3.36277e-06,3.88252e-06,3.01897e-06,50,100,100,257564,10 11 3 0 9 2 8 5 1 4 7 6 
18,3.32039e-06,3.88252e-06,2.93086e-06,50,100,100,257564,10 11 3 0 9 2 8 5 1 4 7 6 
19,3.33558e-06,3.88252e-06,3.0643e-06,50,100,100,257564,10 11 3 0 9 2 8 5 1 4 7 6 
20,3.32668e-06,3.88252e-06,2.94512e-06,50,100,100,257564,10 11 3 0 9 2 8 5 1 4 7 6 
21,3.34964e-06,3.88252e-06,2.99121e-06,50,100,100,257564,10 11 3 0 9 2 8 5 1 4 7 6 
22,3.32439e-06,3.91989e-06,2.97524e-06,50,100,100,255108,10 2 3 0 9 4 8 5 1 11 7 6 
23,3.34553e-06,3.91989e-06,3.02699e-06,50,100,100,255108,10 2 3 0 9 4 8 5 1 11 7 6 
24,3.31828e-06,3.91989e-06,2.98813e-06,50,100,100,255108,10 2 3 0 9 4 8 5 1 11 7 6 
25,3.32021e-06,3.91989e-06,3.056e-06,50,100,100,255108,10 2 3 0 9 4 8 5 1 11 7 6 
26,3.32884e-06,3.91989e-06,2.96239e-06,50,100,100,255108,10 2 3 0 9 4 8 5 1 11 7 6 
27,3.32386e-06,3.91989e-06,3.02004e-06,50,100,100,255108,10 2 3 0 9 4 8 5 1 11 7 6 
28,3.29981e-06,3.91989e-06,3.01117e-06,50,100,100,255108,10 2 3 0 9 4 8 5 1 11 7 6 
29,3.26576e-06,3.91989e-06,2.91475e-06,50,100,100,255108,10 2 3 0 9 4 8 5 1 11 7 6 
30,3.28663e-06,3.91989e-06,2.97492e-06,50,100,100,255108,10 2 3 0 9 4 8 5 1 11 7 6 
31,3.30775e-06,3.91989e-06,2.96571e-06,50,100,100,255108,10 2 3 0 9 4 8 5 1 11 7 6 
32,3.32215e-06,3.91989e-06,3.00945e-06,50,100,100,255108,10 2 3 0 9 4 8 5 1 11 7 6 
33,3.30365e-06,3.91989e-06,2.9293e-06,50,100,100,255108,10 2 3 0 9 4 8 5 1 11 7 6 
34,3.29896e-06,3.91989e-06,3.01573e-06,50,100,100,255108,10 2 3 0 9 4 8 5 1 11 7 6 
35,3.3004e-06,3.91989e-06,2.91961e-06,50,100,100,255108,10 2 3 0 9 4 8 5 1 11 7 6 
36,3.27629e-06,3.91989e-06,2.83971e-06,50,100,100,255108,10 2 3 0 9 4 8 5 1 11 7 6 
37,3.30922e-06,3.91989e-06,2.96125e-06,50,100,100,255108,10 2 3 0 9 4 8 5 1 11 7 6 
38,3.29775e-06,3.91989e-06,3.02674e-06,50,100,100,255108,10 2 3 0 9 4 8 5 1 11 7 6 
39,3.30233e-06,3.91989e-06,2.9549e-06,50,100,100,255108,10 2 3 0 9 4 8 5 1 11 7 6 
40,3.29444e-06,3.91989e-06,3.00787e-06,50,100,100,255108,10 2 3 0 9 4 8 5 1 11 7 6 
41,3.30703e-06,3.91989e-06,3.00207e-06,50,100,100,255108,10 2 3 0 9 4 8 5 1 11 7 6 
42,3.30179e-06,3.91989e-06,2.92564e-06,50,100,100,255108,10 2 3 0 9 4 8 5 1 11 7 6 
43,3.32932e-06,3.91989e-06,3.0195e-06,50,100,100,255108,10 2 3 0 9 4 8 5 1 11 7 6 
44,3.27974e-06,3.91989e-06,2.9956e-06,50,100,100,255108,10 2 3 0 9 4 8 5 1 11 7 6 
45,3.32518e-06,3.91989e-06,2.97232e-06,50,100,100,255108,10 2 3 0 9 4 8 5 1 11 7 6 
46,3.30739e-06,3.91989e-06,3.03686e-06,50,100,100,255108,10 2 3 0 9 4 8 5 1 11 7 6 
47,3.30063e-06,3.91989e-06,2.99723e-06,50,100,100,255108,10 2 3 0 9 4 8 5 1 11 7 6 
48,3.28763e-06,3.91989e-06,2.98248e-06,50,100,100,255108,10 2 3 0 9 4 8 5 1 11 7 6 
49,3.28494e-06,3.91989e-06,2.99167e-06,50,100,100,255108,10 2 3 0 9 4 8 5 1 11 7 6 
50,3.2999e-06,3.91989e-06,2.9609e-06,50,100,100,255108,10 2 3 0 9 4 8 5 1 11 7 6 
51,3.29842e-06,3.91989e-06,3.03915e-06,50,100,100,255108,10 2 3 0 9 4 8 5 1 11 7 6 
52,3.31948e-06,3.91989e-06,2.94203e-06,50,100,100,255108,10 2 3 0 9 4 8 5 1 11 7 6 
53,3.32671e-06,3.91989e-06,3.00402e-06,50,100,100,255108,10 2 3 0 9 4 8 5 1 11 7 6 
54,3.32355e-06,3.91989e-06,2.91784e-06,50,100,100,255108,10 2 3 0 9 4 8 5 1 11 7 6 
55,3.31231e-06,3.91989e-06,2.92837e-06,50,100,100,255108,10 2 3 0 9 4 8 5 1 11 7 6 
56,3.28376e-06,3.91989e-06,2.99968e-06,50,100,100,255108,10 2 3 0 9 4 8 5 1 11 7 6 
57,3.29395e-06,3.91989e-06,2.93404e-06,50,100,100,255108,10 2 3 0 9 4 8 5 1 11 7 6 
58,3.30416e-06,3.95477e-06,2.92219e-06,50,100,100,252858,10 2 8 0 3 9 4 5 7 1 11 6 
59,3.3031e-06,3.95477e-06,3.00724e-06,50,100,100,252858,10 2 8 0 3 9 4 5 7 1 11 6 
60,3.31999e-06,3.95477e-06,2.96552e-06,50,100,100,252858,10 2 8 0 3 9 4 5 7 1 11 6 
61,3.30313e-06,3.95477e-06,2.95665e-06,50,100,100,252858,10 2 8 0 3 9 4 5 7 1 11 6 
62,3.32407e-06,3.95477e-06,3.02041e-06,50,100,100,252858,10 2 8 0 3 9 4 5 7 1 11 6 
63,3.33381e-06,3.95477e-06,3.01302e-06,50,100,100,252858,10 2 8 0 3 9 4 5 7 1 11 6 
64,3.33043e-06,3.96273e-06,2.95495e-06,50,100,100,252350,10 2 9 0 8 3 5 4 1 7 11 6 
65,3.3345e-06,3.96273e-06,2.97574e-06,50,100,100,252350,10 2 9 0 8 3 5 4 1 7 11 6 
66,3.32908e-06,3.96273e-06,3.04751e-06,50,100,100,252350,10 2 9 0 8 3 5 4 1 7 11 6 
67,3.34703e-06,3.96273e-06,3.0132e-06,50,100,100,252350,10 2 9 0 8 3 5 4 1 7 11 6 
68,3.30853e-06,3.96273e-06,2.96598e-06,50,100,100,252350,10 2 9 0 8 3 5 4 1 7 11 6 
69,3.32306e-06,3.96273e-06,2.98697e-06,50,100,100,252350,10 2 9 0 8 3 5 4 1 7 11 6 
70,3.35318e-06,3.96273e-06,2.95567e-06,50,100,100,252350,10 2 9 0 8 3 5 4 1 7 11 6 
71,3.34358e-06,3.96273e-06,3.02703e-06,50,100,100,252350,10 2 9 0 8 3 5 4 1 7 11 6 
72,3.32849e-06,3.96273e-06,3.01062e-06,50,100,100,252350,10 2 9 0 8 3 5 4 1 7 11 6 
73,3.34986e-06,3.96273e-06,3.06778e-06,50,100,100,252350,10 2 9 0 8 3 5 4 1 7 11 6 
74,3.33104e-06,3.96273e-06,2.98122e-06,50,100,100,252350,10 2 9 0 8 3 5 4 1 7 11 6 
75,3.311e-06,3.96273e-06,2.98903e-06,50,100,100,252350,10 2 9 0 8 3 5 4 1 7 11 6 
76,3.31793e-06,3.96273e-06,2.85779e-06,50,100,100,252350,10 2 9 0 8 3 5 4 1 7 11 6 
77,3.35456e-06,3.96273e-06,3.03699e-06,50,100,100,252350,10 2 9 0 8 3 5 4 1 7 11 6 
78,3.35171e-06,3.96273e-06,2.96628e-06,50,100,100,252350,10 2 9 0 8 3 5 4 1 7 11 6 
79,3.3497e-06,3.96273e-06,2.97565e-06,50,100,100,252350,10 2 9 0 8 3 5 4 1 7 11 6 
80,3.33794e-06,3.96273e-06,2.94684e-06,50,100,100,252350,10 2 9 0 8 3 5 4 1 7 11 6 
81,3.3228e-06,3.96273e-06,3.01795e-06,50,100,100,252350,10 2 9 0 8 3 5 4 1 7 11 6 
82,3.31284e-06,3.96273e-06,2.993e-06,50,100,100,252350,10 2 9 0 8 3 5 4 1 7 11 6 
83,3.29022e-06,3.96273e-06,2.99786e-06,50,100,100,252350,10 2 9 0 8 3 5 4 1 7 11 6 
84,3.28334e-06,3.96273e-06,2.98051e-06,50,100,100,252350,10 2 9 0 8 3 5 4 1 7 11 6 
85,3.27687e-06,3.96273e-06,2.99882e-06,50,100,100,252350,10 2 9 0 8 3 5 4 1 7 11 6 
86,3.28657e-06,3.96273e-06,2.96001e-06,50,100,100,252350,10 2 9 0 8 3 5 4 1 7 11 6 
87,3.28563e-06,3.96273e-06,2.96978e-06,50,100,100,252350,10 2 9 0 8 3 5 4 1 7 11 6 
88,3.2706e-06,3.96273e-06,2.91203e-06,50,100,100,252350,10 2 9 0 8 3 5 4 1 7 11 6 
89,3.29176e-06,3.96273e-06,2.9512e-06,50,100,100,252350,10 2 9 0 8 3 5 4 1 7 11 6 
90,3.30684e-06,3.96273e-06,2.99309e-06,50,100,100,252350,10 2 9 0 8 3 5 4 1 7 11 6 
91,3.32082e-06,3.96273e-06,2.98687e-06,50,100,100,252350,10 2 9 0 8 3 5 4 1 7 11 6 
92,3.33274e-06,3.96273e-06,3.0217e-06,50,100,100,252350,10 2 9 0 8 3 5 4 1 7 11 6 
93,3.33673e-06,3.96273e-06,2.98126e-06,50,100,100,252350,10 2 9 0 8 3 5 4 1 7 11 6 
94,3.30357e-06,3.96273e-06,2.95936e-06,50,100,100,252350,10 2 9 0 8 3 5 4 1 7 11 6 
95,3.30578e-06,3.96273e-06,3.05279e-06,50,100,100,252350,10 2 9 0 8 3 5 4 1 7 11 6 
96,3.29339e-06,3.96273e-06,2.92211e-06,50,100,100,252350,10 2 9 0 8 3 5 4 1 7 11 6 
97,3.29812e-06,3.96273e-06,2.95761e-06,50,100,100,252350,10 2 9 0 8 3 5 4 1 7 11 6 
98,3.31707e-06,3.96273e-06,3.01525e-06,50,100,100,252350,10 2 9 0 8 3 5 4 1 7 11 6 
99,3.34046e-06,3.96273e-06,2.9734e-06,50,100,100,252350,10 2 9 0 8 3 5 4 1 7 11 6 
100,3.31668e-06,3.96273e-06,2.98272e-06,50,100,100,252350,10 2 9 0 8 3 5 4 1 7 11 6 
101,3.33239e-06,3.96273e-06,3.03683e-06,50,100,100,252350,10 2 9 0 8 3 5 4 1 7 11 6 
102,3.31028e-06,3.96273e-06,2.93975e-06,50,100,100,252350,10 2 9 0 8 3 5 4 1 7 11 6 
103,3.31226e-06,3.96273e-06,3.01695e-06,50,100,100,252350,10 2 9 0 8 3 5 4 1 7 11 6 
104,3.30435e-06,3.96273e-06,2.97932e-06,50,100,100,252350,10 2 9 0 8 3 5 4 1 7 11 6 
105,3.32328e-06,3.96273e-06,2.95778e-06,50,100,100,252350,10 2 9 0 8 3 5 4 1 7 11 6 
106,3.32257e-06,3.96273e-06,3.01286e-06,50,100,100,252350,10 2 9 0 8 3 5 4 1 7 11 6 
107,3.302e-06,3.96273e-06,2.9888e-06,50,100,100,252350,10 2 9 0 8 3 5 4 1 7 11 6 
108,3.30541e-06,3.96273e-06,2.98722e-06,50,100,100,252350,10 2 9 0 8 3 5 4 1 7 11 6 
109,3.27179e-06,3.96273e-06,2.96341e-06,50,100,100,252350,10 2 9 0 8 3 5 4 1 7 11 6 
110,3.29762e-06,3.96273e-06,3.03598e-06,50,100,100,252350,10 2 9 0 8 3 5 4 1 7 11 6 
111,3.27909e-06,3.96273e-06,2.91003e-06,50,100,100,252350,10 2 9 0 8 3 5 4 1 7 11 6 
112,3.29638e-06,3.96273e-06,2.9649e-06,50,100,100,252350,10 2 9 0 8 3 5 4 1 7 11 6 
113,3.3415e-06,3.96273e-06,2.97413e-06,50,100,100,252350,10 2 9 0 8 3 5 4 1 7 11 6 
114,3.32342e-06,3.96273e-06,2.96608e-06,50,100,100,252350,10 2 9 0 8 3 5 4 1 7 11 6 
115,3.31606e-06,3.96273e-06,3.00314e-06,50,100,100,252350,10 2 9 0 8 3 5 4 1 7 11 6 
116,3.28129e-06,3.96273e-06,2.8885e-06,50,100,100,252350,10 2 9 0 8 3 5 4 1 7 11 6 
117,3.27035e-06,3.96273e-06,2.96895e-06,50,100,100,252350,10 2 9 0 8 3 5 4 1 7 11 6 
118,3.28448e-06,3.96273e-06,2.9616e-06,50,100,100,252350,10 2 9 0 8 3 5 4 1 7 11 6 
119,3.27927e-06,3.96273e-06,2.97687e-06,50,100,100,252350,10 2 9 0 8 3 5 4 1 7 11 6 
120,3.31435e-06,3.96273e-06,3.05849e-06,50,100,100,252350,10 2 9 0 8 3 5 4 1 7 11 6 
121,3.28893e-06,3.96273e-06,2.94911e-06,50,100,100,252350,10 2 9 0 8 3 5 4 1 7 11 6 
122,3.26446e-06,3.96273e-06,2.89217e-06,50,100,100,252350,10 2 9 0 8 3 5 4 1 7 11 6 
123,3.26193e-06,3.96273e-06,2.97648e-06,50,100,100,252350,10 2 9 0 8 3 5 4 1 7 11 6 
124,3.28169e-06,3.96273e-06,2.89916e-06,50,100,100,252350,10 2 9 0 8 3 5 4 1 7 11 6 
125,3.29682e-06,3.96273e-06,2.99718e-06,50,100,100,252350,10 2 9 0 8 3 5 4 1 7 11 6 
126,3.30444e-06,3.96273e-06,2.97001e-06,50,100,100,252350,10 2 9 0 8 3 5 4 1 7 11 6 
127,3.28431e-06,3.96273e-06,2.89659e-06,50,100,100,252350,10 2 9 0 8 3 5 4 1 7 11 6 
128,3.31393e-06,3.96273e-06,2.94566e-06,50,100,100,252350,10 2 9 0 8 3 5 4 1 7 11 6 
129,3.33741e-06,3.96273e-06,2.98762e-06,50,100,100,252350,10 2 9 0 8 3 5 4 1 7 11 6 
130,3.34082e-06,3.96273e-06,2.99592e-06,50,100,100,252350,10 2 9 0 8 3 5 4 1 7 11 6 
131,3.34006e-06,3.96273e-06,3.00699e-06,50,100,100,252350,10 2 9 0 8 3 5 4 1 7 11 6 
132,3.28108e-06,3.96273e-06,3.0004e-06,50,100,100,252350,10 2 9 0 8 3 5 4 1 7 11 6 
133,3.29901e-06,3.96273e-06,2.99295e-06,50,100,100,252350,10 2 9 0 8 3 5 4 1 7 11 6 
134,3.2971e-06,3.96273e-06,3.02373e-06,50,100,100,252350,10 2 9 0 8 3 5 4 1 7 11 6 
135,3.29956e-06,3.96273e-06,2.99157e-06,50,100,100,252350,10 2 9 0 8 3 5 4 1 7 11 6 
136,3.33199e-06,3.96273e-06,2.99243e-06,50,100,100,252350,10 2 9 0 8 3 5 4 1 7 11 6 
137,3.33668e-06,3.96273e-06,3.05793e-06,50,100,100,252350,10 2 9 0 8 3 5 4 1 7 11 6 
138,3.31903e-06,3.96273e-06,3.01217e-06,50,100,100,252350,10 2 9 0 8 3 5 4 1 7 11 6 
139,3.29412e-06,3.96273e-06,2.97604e-06,50,100,100,252350,10 2 9 0 8 3 5 4 1 7 11 6 
140,3.31121e-06,3.96273e-06,2.99167e-06,50,100,100,252350,10 2 9 0 8 3 5 4 1 7 11 6 
141,3.30828e-06,3.96273e-06,2.99359e-06,50,100,100,252350,10 2 9 0 8 3 5 4 1 7 11 6 
142,3.31925e-06,3.96273e-06,3.03353e-06,50,100,100,252350,10 2 9 0 8 3 5 4 1 7 11 6 
143,3.33836e-06,3.96273e-06,2.99244e-06,50,100,100,252350,10 2 9 0 8 3 5 4 1 7 11 6 
144,3.34147e-06,3.96273e-06,2.96712e-06,50,100,100,252350,10 2 9 0 8 3 5 4 1 7 11 6 
145,3.29741e-06,3.96273e-06,2.91949e-06,50,100,100,252350,10 2 9 0 8 3 5 4 1 7 11 6 
146,3.33599e-06,3.96273e-06,2.97792e-06,50,100,100,252350,10 2 9 0 8 3 5 4 1 7 11 6 
147,3.32633e-06,3.96273e-06,3.02531e-06,50,100,100,252350,10 2 9 0 8 3 5 4 1 7 11 6 
148,3.32587e-06,3.96273e-06,2.95588e-06,50,100,100,252350,10 2 9 0 8 3 5 4 1 7 11 6 
149,3.31316e-06,3.96273e-06,2.95129e-06,50,100,100,252350,10 2 9 0 8 3 5 4 1 7 11 6 
150,3.36722e-06,3.96273e-06,3.02103e-06,50,100,100,252350,10 2 9 0 8 3 5 4 1 7 11 6 
151,3.35475e-06,3.96273e-06,3.00994e-06,50,100,100,252350,10 2 9 0 8 3 5 4 1 7 11 6 
152,3.35341e-06,3.96273e-06,2.9288e-06,50,100,100,252350,10 2 9 0 8 3 5 4 1 7 11 6 
153,3.33305e-06,3.96273e-06,2.96517e-06,50,100,100,252350,10 2 9 0 8 3 5 4 1 7 11 6 
154,3.32608e-06,3.96273e-06,2.99141e-06,50,100,100,252350,10 2 9 0 8 3 5 4 1 7 11 6 
155,3.32718e-06,3.96273e-06,3.02754e-06,50,100,100,252350,10 2 9 0 8 3 5 4 1 7 11 6 
156,3.31626e-06,3.96273e-06,2.95864e-06,50,100,100,252350,10 2 9 0 8 3 5 4 1 7 11 6 
157,3.34557e-06,3.96273e-06,2.97615e-06,50,100,100,252350,10 2 9 0 8 3 5 4 1 7 11 6 
158,3.3166e-06,3.96273e-06,3.03498e-06,50,100,100,252350,10 2 9 0 8 3 5 4 1 7 11 6 
159,3.29636e-06,3.96273e-06,2.9439e-06,50,100,100,252350,10 2 9 0 8 3 5 4 1 7 11 6 
160,3.3056e-06,3.96273e-06,3.02421e-06,50,100,100,252350,10 2 9 0 8 3 5 4 1 7 11 6 
161,3.31159e-06,3.96273e-06,2.88858e-06,50,100,100,252350,10 2 9 0 8 3 5 4 1 7 11 6 
162,3.34058e-06,3.96273e-06,2.927e-06,50,100,100,252350,10 2 9 0 8 3 5 4 1 7 11 6 
163,3.32962e-06,3.96273e-06,2.99386e-06,50,100,100,252350,10 2 9 0 8 3 5 4 1 7 11 6 
164,3.29639e-06,3.96273e-06,2.96984e-06,50,100,100,252350,10 2 9 0 8 3 5 4 1 7 11 6 
165,3.27641e-06,3.96273e-06,2.92895e-06,50,100,100,252350,10 2 9 0 8 3 5 4 1 7 11 6 
166,3.32658e-06,3.96273e-06,2.95834e-06,50,100,100,252350,10 2 9 0 8 3 5 4 1 7 11 6 
167,3.31144e-06,3.96273e-06,3.00027e-06,50,100,100,252350,10 2 9 0 8 3 5 4 1 7 11 6 
168,3.29486e-06,3.96273e-06,2.90568e-06,50,100,100,252350,10 2 9 0 8 3 5 4 1 7 11 6 
169,3.295e-06,3.96273e-06,2.98451e-06,50,100,100,252350,10 2 9 0 8 3 5 4 1 7 11 6 
170,3.32706e-06,3.96273e-06,2.98912e-06,50,100,100,252350,10 2 9 0 8 3 5 4 1 7 11 6 
171,3.3356e-06,3.96273e-06,2.98762e-06,50,100,100,252350,10 2 9 0 8 3 5 4 1 7 11 6 
172,3.34488e-06,3.96273e-06,3.04019e-06,50,100,100,252350,10 2 9 0 8 3 5 4 1 7 11 6 
173,3.33624e-06,3.96273e-06,3.04812e-06,50,100,100,252350,10 2 9 0 8 3 5 4 1 7 11 6 
174,3.33691e-06,3.96273e-06,3.0124e-06,50,100,100,252350,10 2 9 0 8 3 5 4 1 7 11 6 
175,3.35077e-06,3.96273e-06,2.98111e-06,50,100,100,252350,10 2 9 0 8 3 5 4 1 7 11 6 
176,3.37814e-06,3.96273e-06,3.00774e-06,50,100,100,252350,10 2 9 0 8 3 5 4 1 7 11 6 
177,3.35899e-06,3.96273e-06,3.00379e-06,50,100,100,252350,10 2 9 0 8 3 5 4 1 7 11 6 
178,3.31787e-06,3.96273e-06,2.99474e-06,50,100,100,252350,10 2 9 0 8 3 5 4 1 7 11 6 
179,3.32618e-06,3.96273e-06,2.97185e-06,50,100,100,252350,10 2 9 0 8 3 5 4 1 7 11 6 
180,3.32185e-06,3.96273e-06,2.99555e-06,50,100,100,252350,10 2 9 0 8 3 5 4 1 7 11 6 
181,3.33653e-06,3.96273e-06,2.9817e-06,50,100,100,252350,10 2 9 0 8 3 5 4 1 7 11 6 
182,3.33534e-06,3.96273e-06,2.99928e-06,50,100,100,252350,10 2 9 0 8 3 5 4 1 7 11 6 
183,3.32945e-06,3.96273e-06,3.03073e-06,50,100,100,252350,10 2 9 0 8 3 5 4 1 7 11 6 
184,3.32126e-06,3.96273e-06,2.95282e-06,50,100,100,252350,10 2 9 0 8 3 5 4 1 7 11 6 
185,3.31856e-06,3.96273e-06,2.98005e-06,50,100,100,252350,10 2 9 0 8 3 5 4 1 7 11 6 
186,3.30876e-06,3.96273e-06,2.98921e-06,50,100,100,252350,10 2 9 0 8 3 5 4 1 7 11 6 
187,3.31638e-06,3.96273e-06,2.94041e-06,50,100,100,252350,10 2 9 0 8 3 5 4 1 7 11 6 
188,3.31129e-06,3.96273e-06,2.94416e-06,50,100,100,252350,10 2 9 0 8 3 5 4 1 7 11 6 
189,3.33067e-06,3.96273e-06,3.01327e-06,50,100,100,252350,10 2 9 0 8 3 5 4 1 7 11 6 
190,3.32535e-06,3.96273e-06,2.94389e-06,50,100,100,252350,10 2 9 0 8 3 5 4 1 7 11 6 
191,3.31784e-06,3.96273e-06,2.99729e-06,50,100,100,252350,10 2 9 0 8 3 5 4 1 7 11 6 
192,3.33233e-06,3.96273e-06,2.91117e-06,50,100,100,252350,10 2 9 0 8 3 5 4 1 7 11 6 
193,3.32134e-06,3.96273e-06,2.95616e-06,50,100,100,252350,10 2 9 0 8 3 5 4 1 7 11 6 
194,3.34267e-06,3.96273e-06,3.0103e-06,50,100,100,252350,10 2 9 0 8 3 5 4 1 7 11 6 
195,3.32567e-06,3.96273e-06,2.9217e-06,50,100,100,252350,10 2 9 0 8 3 5 4 1 7 11 6 
196,3.32122e-06,3.96273e-06,3.06964e-06,50,100,100,252350,10 2 9 0 8 3 5 4 1 7 11 6 
197,3.31878e-06,3.98605e-06,2.94765e-06,50,100,100,250874,10 2 9 0 5 3 8 4 1 7 11 6 
198,3.30327e-06,3.98605e-06,2.96753e-06,50,100,100,250874,10 2 9 0 5 3 8 4 1 7 11 6 
199,3.31162e-06,3.98605e-06,2.97758e-06,50,100,100,250874,10 2 9 0 5 3 8 4 1 7 11 6 
200,3.31183e-06,3.98605e-06,3.00758e-06,50,100,100,250874,10 2 9 0 5 3 8 4 1 7 11 6 
201,3.29922e-06,3.98605e-06,3.0134e-06,50,100,100,250874,10 2 9 0 5 3 8 4 1 7 11 6 
202,3.30638e-06,3.98605e-06,2.95478e-06,50,100,100,250874,10 2 9 0 5 3 8 4 1 7 11 6 
203,3.31307e-06,3.98605e-06,2.98028e-06,50,100,100,250874,10 2 9 0 5 3 8 4 1 7 11 6 
204,3.3332e-06,3.98605e-06,3.05302e-06,50,100,100,250874,10 2 9 0 5 3 8 4 1 7 11 6 
205,3.33006e-06,3.98605e-06,2.9131e-06,50,100,100,250874,10 2 9 0 5 3 8 4 1 7 11 6 
206,3.29753e-06,3.98605e-06,2.93681e-06,50,100,100,250874,10 2 9 0 5 3 8 4 1 7 11 6 
207,3.31983e-06,3.98605e-06,2.94354e-06,50,100,100,250874,10 2 9 0 5 3 8 4 1 7 11 6 
208,3.30521e-06,3.98605e-06,2.98158e-06,50,100,100,250874,10 2 9 0 5 3 8 4 1 7 11 6 
209,3.3103e-06,3.98605e-06,2.90751e-06,50,100,100,250874,10 2 9 0 5 3 8 4 1 7 11 6 
210,3.32022e-06,3.98605e-06,3.03877e-06,50,100,100,250874,10 2 9 0 5 3 8 4 1 7 11 6 
211,3.30185e-06,3.98605e-06,2.96959e-06,50,100,100,250874,10 2 9 0 5 3 8 4 1 7 11 6 
212,3.30586e-06,3.98605e-06,2.96895e-06,50,100,100,250874,10 2 9 0 5 3 8 4 1 7 11 6 
213,3.3077e-06,3.98605e-06,2.98088e-06,50,100,100,250874,10 2 9 0 5 3 8 4 1 7 11 6 
214,3.31726e-06,3.98605e-06,2.98401e-06,50,100,100,250874,10 2 9 0 5 3 8 4 1 7 11 6 
215,3.33595e-06,3.98605e-06,2.9626e-06,50,100,100,250874,10 2 9 0 5 3 8 4 1 7 11 6 
216,3.32095e-06,3.98605e-06,2.98042e-06,50,100,100,250874,10 2 9 0 5 3 8 4 1 7 11 6 
217,3.30318e-06,3.98605e-06,2.98072e-06,50,100,100,250874,10 2 9 0 5 3 8 4 1 7 11 6 
218,3.32973e-06,3.98605e-06,2.94013e-06,50,100,100,250874,10 2 9 0 5 3 8 4 1 7 11 6 
219,3.29726e-06,3.98605e-06,2.97084e-06,50,100,100,250874,10 2 9 0 5 3 8 4 1 7 11 6 
220,3.30549e-06,3.98605e-06,2.94647e-06,50,100,100,250874,10 2 9 0 5 3 8 4 1 7 11 6 
221,3.31553e-06,3.98605e-06,2.90923e-06,50,100,100,250874,10 2 9 0 5 3 8 4 1 7 11 6 
222,3.32244e-06,3.98605e-06,2.97468e-06,50,100,100,250874,10 2 9 0 5 3 8 4 1 7 11 6 
223,3.31416e-06,3.98605e-06,2.96195e-06,50,100,100,250874,10 2 9 0 5 3 8 4 1 7 11 6 
224,3.31667e-06,3.98605e-06,2.95495e-06,50,100,100,250874,10 2 9 0 5 3 8 4 1 7 11 6 
225,3.28379e-06,3.98605e-06,2.97546e-06,50,100,100,250874,10 2 9 0 5 3 8 4 1 7 11 6 
226,3.3265e-06,3.98605e-06,2.90019e-06,50,100,100,250874,10 2 9 0 5 3 8 4 1 7 11 6 
227,3.34664e-06,3.98605e-06,2.98346e-06,50,100,100,250874,10 2 9 0 5 3 8 4 1 7 11 6 
228,3.33079e-06,3.98605e-06,2.91397e-06,50,100,100,250874,10 2 9 0 5 3 8 4 1 7 11 6 
229,3.29334e-06,3.98605e-06,2.97126e-06,50,100,100,250874,10 2 9 0 5 3 8 4 1 7 11 6 
230,3.27653e-06,3.98605e-06,3.01346e-06,50,100,100,250874,10 2 9 0 5 3 8 4 1 7 11 6 
231,3.27357e-06,3.98605e-06,2.9695e-06,50,100,100,250874,10 2 9 0 5 3 8 4 1 7 11 6 
232,3.28905e-06,3.98605e-06,3.00119e-06,50,100,100,250874,10 2 9 0 5 3 8 4 1 7 11 6 
233,3.29843e-06,3.98605e-06,3.012e-06,50,100,100,250874,10 2 9 0 5 3 8 4 1 7 11 6 
234,3.30688e-06,3.98605e-06,2.89762e-06,50,100,100,250874,10 2 9 0 5 3 8 4 1 7 11 6 
235,3.26437e-06,3.98605e-06,2.96515e-06,50,100,100,250874,10 2 9 0 5 3 8 4 1 7 11 6 
236,3.28113e-06,3.98605e-06,2.93852e-06,50,100,100,250874,10 2 9 0 5 3 8 4 1 7 11 6 
237,3.28673e-06,3.98605e-06,2.97673e-06,50,100,100,250874,10 2 9 0 5 3 8 4 1 7 11 6 
238,3.29226e-06,3.98605e-06,2.96784e-06,50,100,100,250874,10 2 9 0 5 3 8 4 1 7 11 6 
239,3.32808e-06,3.98605e-06,2.98799e-06,50,100,100,250874,10 2 9 0 5 3 8 4 1 7 11 6 
240,3.3398e-06,3.98605e-06,3.02149e-06,50,100,100,250874,10 2 9 0 5 3 8 4 1 7 11 6 
241,3.30294e-06,3.98605e-06,2.92863e-06,50,100,100,250874,10 2 9 0 5 3 8 4 1 7 11 6 
242,3.33989e-06,3.98605e-06,2.95602e-06,50,100,100,250874,10 2 9 0 5 3 8 4 1 7 11 6 
243,3.33262e-06,3.98605e-06,2.99248e-06,50,100,100,250874,10 2 9 0 5 3 8 4 1 7 11 6 
244,3.31394e-06,3.98605e-06,2.93972e-06,50,100,100,250874,10 2 9 0 5 3 8 4 1 7 11 6 
245,3.3057e-06,3.98605e-06,3.00449e-06,50,100,100,250874,10 2 9 0 5 3 8 4 1 7 11 6 
246,3.30677e-06,3.98605e-06,2.95263e-06,50,100,100,250874,10 2 9 0 5 3 8 4 1 7 11 6 
247,3.3238e-06,3.98605e-06,2.93535e-06,50,100,100,250874,10 2 9 0 5 3 8 4 1 7 11 6 
248,3.32098e-06,3.98605e-06,3.00744e-06,50,100,100,250874,10 2 9 0 5 3 8 4 1 7 11 6 
249,3.33137e-06,3.98605e-06,3.03224e-06,50,100,100,250874,10 2 9 0 5 3 8 4 1 7 11 6 
250,3.32623e-06,4.13389e-06,3.0405e-06,50,100,100,241902,10 2 9 0 3 5 8 4 1 7 11 6 
251,3.3634e-06,4.13389e-06,3.00038e-06,50,100,100,241902,10 2 9 0 3 5 8 4 1 7 11 6 
252,3.36128e-06,4.13389e-06,2.97724e-06,50,100,100,241902,10 2 9 0 3 5 8 4 1 7 11 6 
253,3.3732e-06,4.13389e-06,3.01618e-06,50,100,100,241902,10 2 9 0 3 5 8 4 1 7 11 6 
254,3.3463e-06,4.13389e-06,3.04395e-06,50,100,100,241902,10 2 9 0 3 5 8 4 1 7 11 6 
255,3.33366e-06,4.13389e-06,3.00033e-06,50,100,100,241902,10 2 9 0 3 5 8 4 1 7 11 6 
256,3.34373e-06,4.13389e-06,2.99756e-06,50,100,100,241902,10 2 9 0 3 5 8 4 1 7 11 6 
257,3.33173e-06,4.13389e-06,2.9507e-06,50,100,100,241902,10 2 9 0 3 5 8 4 1 7 11 6 
258,3.36495e-06,4.13389e-06,3.00802e-06,50,100,100,241902,10 2 9 0 3 5 8 4 1 7 11 6 
259,3.35308e-06,4.13389e-06,2.96271e-06,50,100,100,241902,10 2 9 0 3 5 8 4 1 7 11 6 
260,3.34142e-06,4.13389e-06,2.99664e-06,50,100,100,241902,10 2 9 0 3 5 8 4 1 7 11 6 
261,3.37008e-06,4.13389e-06,2.93218e-06,50,100,100,241902,10 2 9 0 3 5 8 4 1 7 11 6 
262,3.37737e-06,4.13389e-06,2.95684e-06,50,100,100,241902,10 2 9 0 3 5 8 4 1 7 11 6 
263,3.40433e-06,4.13389e-06,3.01798e-06,50,100,100,241902,10 2 9 0 3 5 8 4 1 7 11 6 
264,3.36397e-06,4.13389e-06,3.02494e-06,50,100,100,241902,10 2 9 0 3 5 8 4 1 7 11 6 
265,3.38717e-06,4.13389e-06,3.00198e-06,50,100,100,241902,10 2 9 0 3 5 8 4 1 7 11 6 
266,3.35496e-06,4.13389e-06,3.05344e-06,50,100,100,241902,10 2 9 0 3 5 8 4 1 7 11 6 
267,3.35341e-06,4.13389e-06,3.03127e-06,50,100,100,241902,10 2 9 0 3 5 8 4 1 7 11 6 
268,3.33367e-06,4.13389e-06,2.90499e-06,50,100,100,241902,10 2 9 0 3 5 8 4 1 7 11 6 
269,3.33092e-06,4.13389e-06,2.96732e-06,50,100,100,241902,10 2 9 0 3 5 8 4 1 7 11 6 
270,3.35226e-06,4.13389e-06,3.0103e-06,50,100,100,241902,10 2 9 0 3 5 8 4 1 7 11 6 
271,3.33504e-06,4.13389e-06,3.01335e-06,50,100,100,241902,10 2 9 0 3 5 8 4 1 7 11 6 
272,3.3348e-06,4.13389e-06,2.93132e-06,50,100,100,241902,10 2 9 0 3 5 8 4 1 7 11 6 
273,3.32546e-06,4.13389e-06,2.94739e-06,50,100,100,241902,10 2 9 0 3 5 8 4 1 7 11 6 
274,3.32492e-06,4.13389e-06,3.03189e-06,50,100,100,241902,10 2 9 0 3 5 8 4 1 7 11 6 
275,3.31553e-06,4.13389e-06,3.01718e-06,50,100,100,241902,10 2 9 0 3 5 8 4 1 7 11 6 
276,3.31327e-06,4.13389e-06,2.97558e-06,50,100,100,241902,10 2 9 0 3 5 8 4 1 7 11 6 
277,3.28567e-06,4.13389e-06,2.91449e-06,50,100,100,241902,10 2 9 0 3 5 8 4 1 7 11 6 
278,3.30059e-06,4.13389e-06,3.0487e-06,50,100,100,241902,10 2 9 0 3 5 8 4 1 7 11 6 
279,3.32409e-06,4.13389e-06,2.99499e-06,50,100,100,241902,10 2 9 0 3 5 8 4 1 7 11 6 
280,3.3118e-06,4.13389e-06,3.0013e-06,50,100,100,241902,10 2 9 0 3 5 8 4 1 7 11 6 
281,3.31465e-06,4.13389e-06,2.96032e-06,50,100,100,241902,10 2 9 0 3 5 8 4 1 7 11 6 
282,3.33089e-06,4.13389e-06,3.03744e-06,50,100,100,241902,10 2 9 0 3 5 8 4 1 7 11 6 
283,3.33125e-06,4.13389e-06,2.97735e-06,50,100,100,241902,10 2 9 0 3 5 8 4 1 7 11 6 
284,3.35143e-06,4.13389e-06,2.98662e-06,50,100,100,241902,10 2 9 0 3 5 8 4 1 7 11 6 
285,3.32974e-06,4.13389e-06,2.98263e-06,50,100,100,241902,10 2 9 0 3 5 8 4 1 7 11 6 
286,3.33003e-06,4.13389e-06,3.03919e-06,50,100,100,241902,10 2 9 0 3 5 8 4 1 7 11 6 
287,3.32682e-06,4.13389e-06,2.89586e-06,50,100,100,241902,10 2 9 0 3 5 8 4 1 7 11 6 
288,3.32331e-06,4.13389e-06,2.98674e-06,50,100,100,241902,10 2 9 0 3 5 8 4 1 7 11 6 
289,3.31708e-06,4.13389e-06,2.91257e-06,50,100,100,241902,10 2 9 0 3 5 8 4 1 7 11 6 
290,3.32241e-06,4.13389e-06,2.91948e-06,50,100,100,241902,10 2 9 0 3 5 8 4 1 7 11 6 
291,3.33547e-06,4.13389e-06,2.92318e-06,50,100,100,241902,10 2 9 0 3 5 8 4 1 7 11 6 
292,3.30889e-06,4.13389e-06,2.91434e-06,50,100,100,241902,10 2 9 0 3 5 8 4 1 7 11 6 
293,3.28285e-06,4.13389e-06,2.92042e-06,50,100,100,241902,10 2 9 0 3 5 8 4 1 7 11 6 
294,3.32081e-06,4.13389e-06,2.97445e-06,50,100,100,241902,10 2 9 0 3 5 8 4 1 7 11 6 
295,3.33351e-06,4.13389e-06,3.02399e-06,50,100,100,241902,10 2 9 0 3 5 8 4 1 7 11 6 
296,3.32697e-06,4.13389e-06,2.94283e-06,50,100,100,241902,10 2 9 0 3 5 8 4 1 7 11 6 
297,3.33633e-06,4.13389e-06,2.99411e-06,50,100,100,241902,10 2 9 0 3 5 8 4 1 7 11 6 
298,3.30059e-06,4.13389e-06,2.99907e-06,50,100,100,241902,10 2 9 0 3 5 8 4 1 7 11 6 
299,3.33461e-06,4.13389e-06,2.99847e-06,50,100,100,241902,10 2 9 0 3 5 8 4 1 7 11 6 
300,3.33933e-06,4.13389e-06,2.98783e-06,50,100,100,241902,10 2 9 0 3 5 8 4 1 7 11 6 
301,3.33078e-06,4.13389e-06,3.02326e-06,50,100,100,241902,10 2 9 0 3 5 8 4 1 7 11 6 
302,3.32795e-06,4.13389e-06,2.88826e-06,50,100,100,241902,10 2 9 0 3 5 8 4 1 7 11 6 
303,3.34617e-06,4.13389e-06,3.01371e-06,50,100,100,241902,10 2 9 0 3 5 8 4 1 7 11 6 
304,3.33808e-06,4.13389e-06,3.00626e-06,50,100,100,241902,10 2 9 0 3 5 8 4 1 7 11 6 
305,3.33766e-06,4.13389e-06,2.95438e-06,50,100,100,241902,10 2 9 0 3 5 8 4 1 7 11 6 
306,3.36394e-06,4.13389e-06,3.01786e-06,50,100,100,241902,10 2 9 0 3 5 8 4 1 7 11 6 
307,3.33364e-06,4.13389e-06,2.87668e-06,50,100,100,241902,10 2 9 0 3 5 8 4 1 7 11 6 
308,3.33617e-06,4.13389e-06,2.95349e-06,50,100,100,241902,10 2 9 0 3 5 8 4 1 7 11 6 
309,3.37022e-06,4.13389e-06,2.95263e-06,50,100,100,241902,10 2 9 0 3 5 8 4 1 7 11 6 
310,3.3481e-06,4.13389e-06,3.00292e-06,50,100,100,241902,10 2 9 0 3 5 8 4 1 7 11 6 
311,3.36331e-06,4.13389e-06,3.10836e-06,50,100,100,241902,10 2 9 0 3 5 8 4 1 7 11 6 
312,3.38317e-06,4.13389e-06,3.09779e-06,50,100,100,241902,10 2 9 0 3 5 8 4 1 7 11 6 
313,3.32592e-06,4.13389e-06,2.99865e-06,50,100,100,241902,10 2 9 0 3 5 8 4 1 7 11 6 
314,3.33659e-06,4.13389e-06,3.00606e-06,50,100,100,241902,10 2 9 0 3 5 8 4 1 7 11 6 
315,3.32645e-06,4.13389e-06,2.93378e-06,50,100,100,241902,10 2 9 0 3 5 8 4 1 7 11 6 
316,3.35006e-06,4.13389e-06,2.99873e-06,50,100,100,241902,10 2 9 0 3 5 8 4 1 7 11 6 
317,3.34377e-06,4.13389e-06,2.98589e-06,50,100,100,241902,10 2 9 0 3 5 8 4 1 7 11 6 
318,3.33883e-06,4.13389e-06,2.93531e-06,50,100,100,241902,10 2 9 0 3 5 8 4 1 7 11 6 
319,3.34922e-06,4.13389e-06,2.94553e-06,50,100,100,241902,10 2 9 0 3 5 8 4 1 7 11 6 
320,3.34083e-06,4.13389e-06,3.00213e-06,50,100,100,241902,10 2 9 0 3 5 8 4 1 7 11 6 
321,3.34104e-06,4.13389e-06,2.8572e-06,50,100,100,241902,10 2 9 0 3 5 8 4 1 7 11 6 
322,3.33137e-06,4.13389e-06,2.98241e-06,50,100,100,241902,10 2 9 0 3 5 8 4 1 7 11 6 
323,3.33607e-06,4.13389e-06,3.00426e-06,50,100,100,241902,10 2 9 0 3 5 8 4 1 7 11 6 
324,3.33219e-06,4.13389e-06,3.01073e-06,50,100,100,241902,10 2 9 0 3 5 8 4 1 7 11 6 
325,3.33259e-06,4.13389e-06,3.03206e-06,50,100,100,241902,10 2 9 0 3 5 8 4 1 7 11 6 
326,3.30378e-06,4.13389e-06,2.99901e-06,50,100,100,241902,10 2 9 0 3 5 8 4 1 7 11 6 
327,3.3235e-06,4.13389e-06,2.93959e-06,50,100,100,241902,10 2 9 0 3 5 8 4 1 7 11 6 
328,3.34377e-06,4.13389e-06,3.01153e-06,50,100,100,241902,10 2 9 0 3 5 8 4 1 7 11 6 
329,3.35364e-06,4.13389e-06,2.95096e-06,50,100,100,241902,10 2 9 0 3 5 8 4 1 7 11 6 
330,3.34333e-06,4.13389e-06,2.98394e-06,50,100,100,241902,10 2 9 0 3 5 8 4 1 7 11 6 
331,3.37888e-06,4.13389e-06,3.02028e-06,50,100,100,241902,10 2 9 0 3 5 8 4 1 7 11 6 
332,3.3404e-06,4.13389e-06,3.025e-06,50,100,100,241902,10 2 9 0 3 5 8 4 1 7 11 6 
333,3.30424e-06,4.13389e-06,2.93442e-06,50,100,100,241902,10 2 9 0 3 5 8 4 1 7 11 6 
334,3.30118e-06,4.13389e-06,2.98453e-06,50,100,100,241902,10 2 9 0 3 5 8 4 1 7 11 6 
335,3.31841e-06,4.13389e-06,3.02859e-06,50,100,100,241902,10 2 9 0 3 5 8 4 1 7 11 6 
336,3.32884e-06,4.13389e-06,3.01229e-06,50,100,100,241902,10 2 9 0 3 5 8 4 1 7 11 6 
337,3.31465e-06,4.13389e-06,3.01676e-06,50,100,100,241902,10 2 9 0 3 5 8 4 1 7 11 6 
338,3.30773e-06,4.13389e-06,3.0065e-06,50,100,100,241902,10 2 9 0 3 5 8 4 1 7 11 6 
339,3.30765e-06,4.13389e-06,2.95777e-06,50,100,100,241902,10 2 9 0 3 5 8 4 1 7 11 6 
340,3.31278e-06,4.13389e-06,2.95756e-06,50,100,100,241902,10 2 9 0 3 5 8 4 1 7 11 6 
341,3.32067e-06,4.13389e-06,2.94718e-06,50,100,100,241902,10 2 9 0 3 5 8 4 1 7 11 6 
342,3.33423e-06,4.13389e-06,2.99626e-06,50,100,100,241902,10 2 9 0 3 5 8 4 1 7 11 6 
343,3.3167e-06,4.13389e-06,3.00018e-06,50,100,100,241902,10 2 9 0 3 5 8 4 1 7 11 6 
344,3.3292e-06,4.13389e-06,2.97379e-06,50,100,100,241902,10 2 9 0 3 5 8 4 1 7 11 6 
345,3.36136e-06,4.13389e-06,3.06759e-06,50,100,100,241902,10 2 9 0 3 5 8 4 1 7 11 6 
346,3.30904e-06,4.13389e-06,3.00352e-06,50,100,100,241902,10 2 9 0 3 5 8 4 1 7 11 6 
347,3.32427e-06,4.13389e-06,2.96141e-06,50,100,100,241902,10 2 9 0 3 5 8 4 1 7 11 6 
348,3.33349e-06,4.13389e-06,3.03149e-06,50,100,100,241902,10 2 9 0 3 5 8 4 1 7 11 6 
349,3.33069e-06,4.13389e-06,3.00105e-06,50,100,100,241902,10 2 9 0 3 5 8 4 1 7 11 6 
350,3.32952e-06,4.13389e-06,2.93533e-06,50,100,100,241902,10 2 9 0 3 5 8 4 1 7 11 6 
351,3.33142e-06,4.13389e-06,3.02837e-06,50,100,100,241902,10 2 9 0 3 5 8 4 1 7 11 6 
352,3.32955e-06,4.13389e-06,2.91594e-06,50,100,100,241902,10 2 9 0 3 5 8 4 1 7 11 6 
353,3.35024e-06,4.13389e-06,2.95728e-06,50,100,100,241902,10 2 9 0 3 5 8 4 1 7 11 6 
354,3.33103e-06,4.13389e-06,2.90472e-06,50,100,100,241902,10 2 9 0 3 5 8 4 1 7 11 6 
355,3.3225e-06,4.13389e-06,2.9731e-06,50,100,100,241902,10 2 9 0 3 5 8 4 1 7 11 6 
356,3.31692e-06,4.13389e-06,2.92357e-06,50,100,100,241902,10 2 9 0 3 5 8 4 1 7 11 6 
357,3.30591e-06,4.13389e-06,2.89251e-06,50,100,100,241902,10 2 9 0 3 5 8 4 1 7 11 6 
358,3.31582e-06,4.13389e-06,2.92132e-06,50,100,100,241902,10 2 9 0 3 5 8 4 1 7 11 6 
359,3.32851e-06,4.13389e-06,2.95064e-06,50,100,100,241902,10 2 9 0 3 5 8 4 1 7 11 6 
360,3.33716e-06,4.13389e-06,2.955e-06,50,100,100,241902,10 2 9 0 3 5 8 4 1 7 11 6 
361,3.34048e-06,4.13389e-06,3.0008e-06,50,100,100,241902,10 2 9 0 3 5 8 4 1 7 11 6 
362,3.35686e-06,4.13389e-06,2.98122e-06,50,100,100,241902,10 2 9 0 3 5 8 4 1 7 11 6 
363,3.30803e-06,4.13389e-06,2.99501e-06,50,100,100,241902,10 2 9 0 3 5 8 4 1 7 11 6 
364,3.32275e-06,4.13389e-06,2.88217e-06,50,100,100,241902,10 2 9 0 3 5 8 4 1 7 11 6 
365,3.31982e-06,4.13389e-06,3.00056e-06,50,100,100,241902,10 2 9 0 3 5 8 4 1 7 11 6 
366,3.3147e-06,4.13389e-06,3.02152e-06,50,100,100,241902,10 2 9 0 3 5 8 4 1 7 11 6 
367,3.31351e-06,4.13389e-06,2.98377e-06,50,100,100,241902,10 2 9 0 3 5 8 4 1 7 11 6 
368,3.31075e-06,4.13389e-06,2.99123e-06,50,100,100,241902,10 2 9 0 3 5 8 4 1 7 11 6 
369,3.33935e-06,4.13389e-06,2.95186e-06,50,100,100,241902,10 2 9 0 3 5 8 4 1 7 11 6 
370,3.33368e-06,4.13389e-06,3.02943e-06,50,100,100,241902,10 2 9 0 3 5 8 4 1 7 11 6 
371,3.34788e-06,4.13389e-06,3.00438e-06,50,100,100,241902,10 2 9 0 3 5 8 4 1 7 11 6 
372,3.35305e-06,4.13389e-06,3.00126e-06,50,100,100,241902,10 2 9 0 3 5 8 4 1 7 11 6 
373,3.36135e-06,4.13389e-06,3.03392e-06,50,100,100,241902,10 2 9 0 3 5 8 4 1 7 11 6 
374,3.38015e-06,4.13389e-06,3.03521e-06,50,100,100,241902,10 2 9 0 3 5 8 4 1 7 11 6 
375,3.36098e-06,4.13389e-06,3.04736e-06,50,100,100,241902,10 2 9 0 3 5 8 4 1 7 11 6 
376,3.3356e-06,4.13389e-06,3.00496e-06,50,100,100,241902,10 2 9 0 3 5 8 4 1 7 11 6 
377,3.31864e-06,4.13389e-06,3.03046e-06,50,100,100,241902,10 2 9 0 3 5 8 4 1 7 11 6 
378,3.34911e-06,4.13389e-06,2.95446e-06,50,100,100,241902,10 2 9 0 3 5 8 4 1 7 11 6 
379,3.34602e-06,4.13389e-06,2.99078e-06,50,100,100,241902,10 2 9 0 3 5 8 4 1 7 11 6 
380,3.35568e-06,4.13389e-06,2.96392e-06,50,100,100,241902,10 2 9 0 3 5 8 4 1 7 11 6 
381,3.35915e-06,4.13389e-06,2.95873e-06,50,100,100,241902,10 2 9 0 3 5 8 4 1 7 11 6 
382,3.36102e-06,4.13389e-06,2.96968e-06,50,100,100,241902,10 2 9 0 3 5 8 4 1 7 11 6 
383,3.35611e-06,4.13389e-06,3.01536e-06,50,100,100,241902,10 2 9 0 3 5 8 4 1 7 11 6 
384,3.32056e-06,4.13389e-06,3.02231e-06,50,100,100,241902,10 2 9 0 3 5 8 4 1 7 11 6 
385,3.34681e-06,4.13389e-06,2.9974e-06,50,100,100,241902,10 2 9 0 3 5 8 4 1 7 11 6 
386,3.37073e-06,4.13389e-06,3.0195e-06,50,100,100,241902,10 2 9 0 3 5 8 4 1 7 11 6 
387,3.34002e-06,4.13389e-06,2.99064e-06,50,100,100,241902,10 2 9 0 3 5 8 4 1 7 11 6 
388,3.31197e-06,4.13389e-06,2.98398e-06,50,100,100,241902,10 2 9 0 3 5 8 4 1 7 11 6 
389,3.37044e-06,4.13389e-06,2.92753e-06,50,100,100,241902,10 2 9 0 3 5 8 4 1 7 11 6 
390,3.35658e-06,4.13389e-06,2.97535e-06,50,100,100,241902,10 2 9 0 3 5 8 4 1 7 11 6 
391,3.35551e-06,4.13389e-06,2.98637e-06,50,100,100,241902,10 2 9 0 3 5 8 4 1 7 11 6 
392,3.34366e-06,4.13389e-06,2.99725e-06,50,100,100,241902,10 2 9 0 3 5 8 4 1 7 11 6 
393,3.35136e-06,4.13389e-06,2.9947e-06,50,100,100,241902,10 2 9 0 3 5 8 4 1 7 11 6 
394,3.37909e-06,4.13389e-06,3.03816e-06,50,100,100,241902,10 2 9 0 3 5 8 4 1 7 11 6 
395,3.32623e-06,4.13389e-06,2.9584e-06,50,100,100,241902,10 2 9 0 3 5 8 4 1 7 11 6 
396,3.332e-06,4.13389e-06,2.96329e-06,50,100,100,241902,10 2 9 0 3 5 8 4 1 7 11 6 
397,3.35022e-06,4.13389e-06,2.97019e-06,50,100,100,241902,10 2 9 0 3 5 8 4 1 7 11 6 
398,3.33172e-06,4.13389e-06,3.02848e-06,50,100,100,241902,10 2 9 0 3 5 8 4 1 7 11 6 
399,3.35839e-06,4.13389e-06,3.06445e-06,50,100,100,241902,10 2 9 0 3 5 8 4 1 7 11 6 
400,3.32138e-06,4.13389e-06,3.02989e-06,50,100,100,241902,10 2 9 0 3 5 8 4 1 7 11 6 
401,3.3044e-06,4.13389e-06,2.97457e-06,50,100,100,241902,10 2 9 0 3 5 8 4 1 7 11 6 
402,3.31043e-06,4.13389e-06,2.97478e-06,50,100,100,241902,10 2 9 0 3 5 8 4 1 7 11 6 
403,3.30465e-06,4.13389e-06,2.96696e-06,50,100,100,241902,10 2 9 0 3 5 8 4 1 7 11 6 
404,3.3312e-06,4.13389e-06,3.02229e-06,50,100,100,241902,10 2 9 0 3 5 8 4 1 7 11 6 
405,3.30613e-06,4.13389e-06,3.03393e-06,50,100,100,241902,10 2 9 0 3 5 8 4 1 7 11 6 
406,3.31962e-06,4.13389e-06,2.99189e-06,50,100,100,241902,10 2 9 0 3 5 8 4 1 7 11 6 
407,3.33542e-06,4.13389e-06,3.05606e-06,50,100,100,241902,10 2 9 0 3 5 8 4 1 7 11 6 
408,3.2926e-06,4.13389e-06,2.9771e-06,50,100,100,241902,10 2 9 0 3 5 8 4 1 7 11 6 
409,3.29949e-06,4.13389e-06,2.96383e-06,50,100,100,241902,10 2 9 0 3 5 8 4 1 7 11 6 
410,3.28989e-06,4.13389e-06,2.99429e-06,50,100,100,241902,10 2 9 0 3 5 8 4 1 7 11 6 
411,3.29292e-06,4.13389e-06,2.9868e-06,50,100,100,241902,10 2 9 0 3 5 8 4 1 7 11 6 
412,3.30325e-06,4.13389e-06,2.99393e-06,50,100,100,241902,10 2 9 0 3 5 8 4 1 7 11 6 
413,3.32489e-06,4.13389e-06,3.02388e-06,50,100,100,241902,10 2 9 0 3 5 8 4 1 7 11 6 
414,3.36753e-06,4.13389e-06,2.90184e-06,50,100,100,241902,10 2 9 0 3 5 8 4 1 7 11 6 
415,3.32975e-06,4.13389e-06,2.973e-06,50,100,100,241902,10 2 9 0 3 5 8 4 1 7 11 6 
416,3.32078e-06,4.13389e-06,2.9599e-06,50,100,100,241902,10 2 9 0 3 5 8 4 1 7 11 6 
417,3.31597e-06,4.13389e-06,3.04113e-06,50,100,100,241902,10 2 9 0 3 5 8 4 1 7 11 6 
418,3.30735e-06,4.13389e-06,2.99298e-06,50,100,100,241902,10 2 9 0 3 5 8 4 1 7 11 6 
419,3.34238e-06,4.13389e-06,2.98282e-06,50,100,100,241902,10 2 9 0 3 5 8 4 1 7 11 6 
420,3.31584e-06,4.13389e-06,2.99722e-06,50,100,100,241902,10 2 9 0 3 5 8 4 1 7 11 6 
421,3.30492e-06,4.13389e-06,2.96526e-06,50,100,100,241902,10 2 9 0 3 5 8 4 1 7 11 6 
422,3.32606e-06,4.13389e-06,2.9313e-06,50,100,100,241902,10 2 9 0 3 5 8 4 1 7 11 6 
423,3.28547e-06,4.13389e-06,2.99495e-06,50,100,100,241902,10 2 9 0 3 5 8 4 1 7 11 6 
424,3.33528e-06,4.13389e-06,2.98302e-06,50,100,100,241902,10 2 9 0 3 5 8 4 1 7 11 6 
425,3.36075e-06,4.13389e-06,3.00152e-06,50,100,100,241902,10 2 9 0 3 5 8 4 1 7 11 6 
426,3.35851e-06,4.13389e-06,3.01775e-06,50,100,100,241902,10 2 9 0 3 5 8 4 1 7 11 6 
427,3.34008e-06,4.13389e-06,3.0293e-06,50,100,100,241902,10 2 9 0 3 5 8 4 1 7 11 6 
428,3.32743e-06,4.13389e-06,3.02297e-06,50,100,100,241902,10 2 9 0 3 5 8 4 1 7 11 6 
429,3.30539e-06,4.13389e-06,2.97858e-06,50,100,100,241902,10 2 9 0 3 5 8 4 1 7 11 6 
430,3.34068e-06,4.13389e-06,2.99759e-06,50,100,100,241902,10 2 9 0 3 5 8 4 1 7 11 6 
431,3.33971e-06,4.13389e-06,2.9981e-06,50,100,100,241902,10 2 9 0 3 5 8 4 1 7 11 6 
432,3.33911e-06,4.13389e-06,2.99399e-06,50,100,100,241902,10 2 9 0 3 5 8 4 1 7 11 6 
433,3.32921e-06,4.13389e-06,3.01671e-06,50,100,100,241902,10 2 9 0 3 5 8 4 1 7 11 6 
434,3.34591e-06,4.13389e-06,3.00491e-06,50,100,100,241902,10 2 9 0 3 5 8 4 1 7 11 6 
435,3.34841e-06,4.13389e-06,2.96274e-06,50,100,100,241902,10 2 9 0 3 5 8 4 1 7 11 6 
436,3.32997e-06,4.13389e-06,3.0637e-06,50,100,100,241902,10 2 9 0 3 5 8 4 1 7 11 6 
437,3.32383e-06,4.13389e-06,2.95689e-06,50,100,100,241902,10 2 9 0 3 5 8 4 1 7 11 6 
438,3.31296e-06,4.13389e-06,3.04779e-06,50,100,100,241902,10 2 9 0 3 5 8 4 1 7 11 6 
439,3.32325e-06,4.13389e-06,3.01066e-06,50,100,100,241902,10 2 9 0 3 5 8 4 1 7 11 6 
440,3.31907e-06,4.13389e-06,2.96088e-06,50,100,100,241902,10 2 9 0 3 5 8 4 1 7 11 6 
441,3.31306e-06,4.13389e-06,2.96654e-06,50,100,100,241902,10 2 9 0 3 5 8 4 1 7 11 6 
442,3.3168e-06,4.13389e-06,2.97461e-06,50,100,100,241902,10 2 9 0 3 5 8 4 1 7 11 6 
443,3.31936e-06,4.13389e-06,3.01095e-06,50,100,100,241902,10 2 9 0 3 5 8 4 1 7 11 6 
444,3.29188e-06,4.13389e-06,2.87509e-06,50,100,100,241902,10 2 9 0 3 5 8 4 1 7 11 6 
445,3.31482e-06,4.13389e-06,3.01135e-06,50,100,100,241902,10 2 9 0 3 5 8 4 1 7 11 6 
446,3.30356e-06,4.13389e-06,3.0091e-06,50,100,100,241902,10 2 9 0 3 5 8 4 1 7 11 6 
447,3.32361e-06,4.13389e-06,2.91086e-06,50,100,100,241902,10 2 9 0 3 5 8 4 1 7 11 6 
448,3.30183e-06,4.13389e-06,2.94737e-06,50,100,100,241902,10 2 9 0 3 5 8 4 1 7 11 6 
449,3.31861e-06,4.13389e-06,3.0258e-06,50,100,100,241902,10 2 9 0 3 5 8 4 1 7 11 6 
450,3.31194e-06,4.13389e-06,2.9503e-06,50,100,100,241902,10 2 9 0 3 5 8 4 1 7 11 6 
451,3.32994e-06,4.13389e-06,2.93273e-06,50,100,100,241902,10 2 9 0 3 5 8 4 1 7 11 6 
452,3.31916e-06,4.13389e-06,2.97473e-06,50,100,100,241902,10 2 9 0 3 5 8 4 1 7 11 6 
453,3.3069e-06,4.18132e-06,2.97569e-06,50,100,100,239158,10 2 6 0 3 5 8 4 1 7 11 9 
454,3.3041e-06,4.18132e-06,2.97902e-06,50,100,100,239158,10 2 6 0 3 5 8 4 1 7 11 9 
455,3.32268e-06,4.18132e-06,2.8376e-06,50,100,100,239158,10 2 6 0 3 5 8 4 1 7 11 9 
456,3.33227e-06,4.18132e-06,2.93766e-06,50,100,100,239158,10 2 6 0 3 5 8 4 1 7 11 9 
457,3.30811e-06,4.18132e-06,3.01478e-06,50,100,100,239158,10 2 6 0 3 5 8 4 1 7 11 9 
458,3.32643e-06,4.18132e-06,2.96364e-06,50,100,100,239158,10 2 6 0 3 5 8 4 1 7 11 9 
459,3.328e-06,4.18132e-06,2.99806e-06,50,100,100,239158,10 2 6 0 3 5 8 4 1 7 11 9 
460,3.2994e-06,4.18132e-06,2.93578e-06,50,100,100,239158,10 2 6 0 3 5 8 4 1 7 11 9 
461,3.31257e-06,4.18132e-06,2.98247e-06,50,100,100,239158,10 2 6 0 3 5 8 4 1 7 11 9 
462,3.3533e-06,4.18132e-06,2.97084e-06,50,100,100,239158,10 2 6 0 3 5 8 4 1 7 11 9 
463,3.31113e-06,4.18132e-06,3.04285e-06,50,100,100,239158,10 2 6 0 3 5 8 4 1 7 11 9 
464,3.31567e-06,4.18132e-06,3.01242e-06,50,100,100,239158,10 2 6 0 3 5 8 4 1 7 11 9 
465,3.32311e-06,4.18132e-06,2.9512e-06,50,100,100,239158,10 2 6 0 3 5 8 4 1 7 11 9 
466,3.36252e-06,4.18132e-06,3.06501e-06,50,100,100,239158,10 2 6 0 3 5 8 4 1 7 11 9 
467,3.33675e-06,4.18132e-06,2.88305e-06,50,100,100,239158,10 2 6 0 3 5 8 4 1 7 11 9 
468,3.29169e-06,4.18132e-06,2.9602e-06,50,100,100,239158,10 2 6 0 3 5 8 4 1 7 11 9 
469,3.30032e-06,4.18132e-06,2.96259e-06,50,100,100,239158,10 2 6 0 3 5 8 4 1 7 11 9 
470,3.30544e-06,4.18132e-06,2.94273e-06,50,100,100,239158,10 2 6 0 3 5 8 4 1 7 11 9 
471,3.31074e-06,4.18132e-06,2.89383e-06,50,100,100,239158,10 2 6 0 3 5 8 4 1 7 11 9 
472,3.33476e-06,4.18132e-06,3.02404e-06,50,100,100,239158,10 2 6 0 3 5 8 4 1 7 11 9 
473,3.31967e-06,4.18132e-06,2.80495e-06,50,100,100,239158,10 2 6 0 3 5 8 4 1 7 11 9 
474,3.30915e-06,4.18132e-06,2.97712e-06,50,100,100,239158,10 2 6 0 3 5 8 4 1 7 11 9 
475,3.31554e-06,4.18132e-06,2.91352e-06,50,100,100,239158,10 2 6 0 3 5 8 4 1 7 11 9 
476,3.31959e-06,4.18132e-06,2.98665e-06,50,100,100,239158,10 2 6 0 3 5 8 4 1 7 11 9 
477,3.34376e-06,4.18132e-06,2.96758e-06,50,100,100,239158,10 2 6 0 3 5 8 4 1 7 11 9 
478,3.33568e-06,4.18132e-06,2.96559e-06,50,100,100,239158,10 2 6 0 3 5 8 4 1 7 11 9 
479,3.31653e-06,4.18132e-06,2.98316e-06,50,100,100,239158,10 2 6 0 3 5 8 4 1 7 11 9 
480,3.31311e-06,4.18132e-06,2.90251e-06,50,100,100,239158,10 2 6 0 3 5 8 4 1 7 11 9 
481,3.32856e-06,4.18132e-06,3.00294e-06,50,100,100,239158,10 2 6 0 3 5 8 4 1 7 11 9 
482,3.34507e-06,4.18132e-06,3.01607e-06,50,100,100,239158,10 2 6 0 3 5 8 4 1 7 11 9 
483,3.3384e-06,4.18132e-06,3.03079e-06,50,100,100,239158,10 2 6 0 3 5 8 4 1 7 11 9 
484,3.36096e-06,4.18132e-06,2.98753e-06,50,100,100,239158,10 2 6 0 3 5 8 4 1 7 11 9 
485,3.35788e-06,4.18132e-06,2.93681e-06,50,100,100,239158,10 2 6 0 3 5 8 4 1 7 11 9 
486,3.34436e-06,4.18132e-06,2.94963e-06,50,100,100,239158,10 2 6 0 3 5 8 4 1 7 11 9 
487,3.38534e-06,4.18132e-06,2.98808e-06,50,100,100,239158,10 2 6 0 3 5 8 4 1 7 11 9 
488,3.37433e-06,4.18132e-06,2.97218e-06,50,100,100,239158,10 2 6 0 3 5 8 4 1 7 11 9 
489,3.34809e-06,4.18132e-06,2.90268e-06,50,100,100,239158,10 2 6 0 3 5 8 4 1 7 11 9 
490,3.3335e-06,4.18132e-06,2.94776e-06,50,100,100,239158,10 2 6 0 3 5 8 4 1 7 11 9 
491,3.36836e-06,4.18132e-06,2.99835e-06,50,100,100,239158,10 2 6 0 3 5 8 4 1 7 11 9 
492,3.38381e-06,4.18132e-06,2.98369e-06,50,100,100,239158,10 2 6 0 3 5 8 4 1 7 11 9 
493,3.38593e-06,4.18132e-06,3.03373e-06,50,100,100,239158,10 2 6 0 3 5 8 4 1 7 11 9 
494,3.35594e-06,4.18132e-06,2.98905e-06,50,100,100,239158,10 2 6 0 3 5 8 4 1 7 11 9 
495,3.35869e-06,4.18132e-06,2.94896e-06,50,100,100,239158,10 2 6 0 3 5 8 4 1 7 11 9 
496,3.31791e-06,4.18132e-06,2.92942e-06,50,100,100,239158,10 2 6 0 3 5 8 4 1 7 11 9 
497,3.31018e-06,4.18132e-06,3.06017e-06,50,100,100,239158,10 2 6 0 3 5 8 4 1 7 11 9 
498,3.32428e-06,4.18132e-06,3.04838e-06,50,100,100,239158,10 2 6 0 3 5 8 4 1 7 11 9 
499,3.32883e-06,4.18132e-06,2.88821e-06,50,100,100,239158,10 2 6 0 3 5 8 4 1 7 11 9 
500,3.34666e-06,4.18132e-06,2.98127e-06,50,100,100,239158,10 2 6 0 3 5 8 4 1 7 11 9 
501,3.33344e-06,4.18132e-06,2.98245e-06,50,100,100,239158,10 2 6 0 3 5 8 4 1 7 11 9 
502,3.32629e-06,4.18132e-06,3.02932e-06,50,100,100,239158,10 2 6 0 3 5 8 4 1 7 11 9 
503,3.29741e-06,4.18132e-06,2.91626e-06,50,100,100,239158,10 2 6 0 3 5 8 4 1 7 11 9 
504,3.31992e-06,4.18132e-06,2.96999e-06,50,100,100,239158,10 2 6 0 3 5 8 4 1 7 11 9 
505,3.34377e-06,4.18132e-06,2.99757e-06,50,100,100,239158,10 2 6 0 3 5 8 4 1 7 11 9 
506,3.34533e-06,4.18132e-06,2.97678e-06,50,100,100,239158,10 2 6 0 3 5 8 4 1 7 11 9 
507,3.34753e-06,4.18132e-06,2.96906e-06,50,100,100,239158,10 2 6 0 3 5 8 4 1 7 11 9 
508,3.32796e-06,4.18132e-06,2.94774e-06,50,100,100,239158,10 2 6 0 3 5 8 4 1 7 11 9 
509,3.32902e-06,4.18132e-06,3.04493e-06,50,100,100,239158,10 2 6 0 3 5 8 4 1 7 11 9 
510,3.33369e-06,4.18132e-06,2.9991e-06,50,100,100,239158,10 2 6 0 3 5 8 4 1 7 11 9 
511,3.34181e-06,4.18132e-06,3.03583e-06,50,100,100,239158,10 2 6 0 3 5 8 4 1 7 11 9 
512,3.32472e-06,4.18132e-06,2.94293e-06,50,100,100,239158,10 2 6 0 3 5 8 4 1 7 11 9 
513,3.29349e-06,4.18132e-06,3.0063e-06,50,100,100,239158,10 2 6 0 3 5 8 4 1 7 11 9 
514,3.32047e-06,4.18132e-06,2.9911e-06,50,100,100,239158,10 2 6 0 3 5 8 4 1 7 11 9 
515,3.28588e-06,4.18132e-06,2.99499e-06,50,100,100,239158,10 2 6 0 3 5 8 4 1 7 11 9 
516,3.31397e-06,4.18132e-06,2.90479e-06,50,100,100,239158,10 2 6 0 3 5 8 4 1 7 11 9 
517,3.32251e-06,4.18132e-06,3.0061e-06,50,100,100,239158,10 2 6 0 3 5 8 4 1 7 11 9 
518,3.32225e-06,4.18132e-06,2.99517e-06,50,100,100,239158,10 2 6 0 3 5 8 4 1 7 11 9 
519,3.31156e-06,4.18132e-06,3.00267e-06,50,100,100,239158,10 2 6 0 3 5 8 4 1 7 11 9 
520,3.30563e-06,4.18132e-06,2.95369e-06,50,100,100,239158,10 2 6 0 3 5 8 4 1 7 11 9 
521,3.29978e-06,4.18132e-06,2.98624e-06,50,100,100,239158,10 2 6 0 3 5 8 4 1 7 11 9 
522,3.28151e-06,4.18132e-06,2.99311e-06,50,100,100,239158,10 2 6 0 3 5 8 4 1 7 11 9 
523,3.29163e-06,4.18132e-06,2.97178e-06,50,100,100,239158,10 2 6 0 3 5 8 4 1 7 11 9 
524,3.29562e-06,4.18132e-06,2.99241e-06,50,100,100,239158,10 2 6 0 3 5 8 4 1 7 11 9 
525,3.30984e-06,4.18132e-06,2.97211e-06,50,100,100,239158,10 2 6 0 3 5 8 4 1 7 11 9 
526,3.33028e-06,4.18132e-06,2.99605e-06,50,100,100,239158,10 2 6 0 3 5 8 4 1 7 11 9 
527,3.33285e-06,4.18132e-06,2.98344e-06,50,100,100,239158,10 2 6 0 3 5 8 4 1 7 11 9 
528,3.32279e-06,4.18132e-06,3.00372e-06,50,100,100,239158,10 2 6 0 3 5 8 4 1 7 11 9 
529,3.31703e-06,4.18132e-06,2.99871e-06,50,100,100,239158,10 2 6 0 3 5 8 4 1 7 11 9 
530,3.34863e-06,4.18132e-06,3.01084e-06,50,100,100,239158,10 2 6 0 3 5 8 4 1 7 11 9 
531,3.34515e-06,4.18132e-06,3.01244e-06,50,100,100,239158,10 2 6 0 3 5 8 4 1 7 11 9 
532,3.32401e-06,4.18132e-06,2.9974e-06,50,100,100,239158,10 2 6 0 3 5 8 4 1 7 11 9 
533,3.31865e-06,4.18132e-06,2.98672e-06,50,100,100,239158,10 2 6 0 3 5 8 4 1 7 11 9 
534,3.3358e-06,4.18132e-06,2.9053e-06,50,100,100,239158,10 2 6 0 3 5 8 4 1 7 11 9 
535,3.33348e-06,4.18132e-06,2.94816e-06,50,100,100,239158,10 2 6 0 3 5 8 4 1 7 11 9 
536,3.33442e-06,4.18132e-06,3.0237e-06,50,100,100,239158,10 2 6 0 3 5 8 4 1 7 11 9 
537,3.31337e-06,4.18132e-06,3.00247e-06,50,100,100,239158,10 2 6 0 3 5 8 4 1 7 11 9 
538,3.29732e-06,4.18132e-06,3.03587e-06,50,100,100,239158,10 2 6 0 3 5 8 4 1 7 11 9 
539,3.2903e-06,4.18132e-06,2.95035e-06,50,100,100,239158,10 2 6 0 3 5 8 4 1 7 11 9 
540,3.31015e-06,4.18132e-06,2.91851e-06,50,100,100,239158,10 2 6 0 3 5 8 4 1 7 11 9 
541,3.32036e-06,4.18132e-06,3.01627e-06,50,100,100,239158,10 2 6 0 3 5 8 4 1 7 11 9 
542,3.28655e-06,4.18132e-06,2.94172e-06,50,100,100,239158,10 2 6 0 3 5 8 4 1 7 11 9 
543,3.30712e-06,4.18132e-06,2.93067e-06,50,100,100,239158,10 2 6 0 3 5 8 4 1 7 11 9 
544,3.3081e-06,4.18132e-06,3.0063e-06,50,100,100,239158,10 2 6 0 3 5 8 4 1 7 11 9 
545,3.28518e-06,4.18132e-06,2.89525e-06,50,100,100,239158,10 2 6 0 3 5 8 4 1 7 11 9 
546,3.32367e-06,4.18132e-06,2.95962e-06,50,100,100,239158,10 2 6 0 3 5 8 4 1 7 11 9 
547,3.29096e-06,4.18132e-06,2.9271e-06,50,100,100,239158,10 2 6 0 3 5 8 4 1 7 11 9 
548,3.29463e-06,4.18132e-06,2.95736e-06,50,100,100,239158,10 2 6 0 3 5 8 4 1 7 11 9 
549,3.31433e-06,4.18132e-06,3.01709e-06,50,100,100,239158,10 2 6 0 3 5 8 4 1 7 11 9 
550,3.32678e-06,4.18132e-06,2.95064e-06,50,100,100,239158,10 2 6 0 3 5 8 4 1 7 11 9 
551,3.30873e-06,4.18132e-06,2.99226e-06,50,100,100,239158,10 2 6 0 3 5 8 4 1 7 11 9 
552,3.28174e-06,4.18132e-06,2.97407e-06,50,100,100,239158,10 2 6 0 3 5 8 4 1 7 11 9 
553,3.31308e-06,4.18132e-06,3.01072e-06,50,100,100,239158,10 2 6 0 3 5 8 4 1 7 11 9 
554,3.33386e-06,4.18132e-06,2.95593e-06,50,100,100,239158,10 2 6 0 3 5 8 4 1 7 11 9 
555,3.3512e-06,4.18132e-06,3.03624e-06,50,100,100,239158,10 2 6 0 3 5 8 4 1 7 11 9 
556,3.31325e-06,4.18132e-06,2.99198e-06,50,100,100,239158,10 2 6 0 3 5 8 4 1 7 11 9 
557,3.31302e-06,4.18132e-06,2.94316e-06,50,100,100,239158,10 2 6 0 3 5 8 4 1 7 11 9 
558,3.32131e-06,4.18132e-06,2.96904e-06,50,100,100,239158,10 2 6 0 3 5 8 4 1 7 11 9 
559,3.32071e-06,4.18132e-06,2.97739e-06,50,100,100,239158,10 2 6 0 3 5 8 4 1 7 11 9 
560,3.33397e-06,4.18132e-06,3.01273e-06,50,100,100,239158,10 2 6 0 3 5 8 4 1 7 11 9 
561,3.31629e-06,4.18132e-06,2.98017e-06,50,100,100,239158,10 2 6 0 3 5 8 4 1 7 11 9 
562,3.30204e-06,4.18132e-06,2.94023e-06,50,100,100,239158,10 2 6 0 3 5 8 4 1 7 11 9 
563,3.27901e-06,4.18132e-06,2.99176e-06,50,100,100,239158,10 2 6 0 3 5 8 4 1 7 11 9 
564,3.2933e-06,4.18132e-06,3.00397e-06,50,100,100,239158,10 2 6 0 3 5 8 4 1 7 11 9 
565,3.29643e-06,4.18132e-06,2.99031e-06,50,100,100,239158,10 2 6 0 3 5 8 4 1 7 11 9 
566,3.31015e-06,4.18132e-06,3.00603e-06,50,100,100,239158,10 2 6 0 3 5 8 4 1 7 11 9 
567,3.29796e-06,4.18132e-06,2.92899e-06,50,100,100,239158,10 2 6 0 3 5 8 4 1 7 11 9 
568,3.33708e-06,4.18132e-06,2.99686e-06,50,100,100,239158,10 2 6 0 3 5 8 4 1 7 11 9 
569,3.33659e-06,4.18132e-06,2.97953e-06,50,100,100,239158,10 2 6 0 3 5 8 4 1 7 11 9 
570,3.33146e-06,4.18132e-06,2.99616e-06,50,100,100,239158,10 2 6 0 3 5 8 4 1 7 11 9 
571,3.32712e-06,4.18132e-06,2.94361e-06,50,100,100,239158,10 2 6 0 3 5 8 4 1 7 11 9 
572,3.33617e-06,4.18132e-06,2.96626e-06,50,100,100,239158,10 2 6 0 3 5 8 4 1 7 11 9 
573,3.32494e-06,4.18132e-06,2.96842e-06,50,100,100,239158,10 2 6 0 3 5 8 4 1 7 11 9 
574,3.32634e-06,4.18132e-06,2.98947e-06,50,100,100,239158,10 2 6 0 3 5 8 4 1 7 11 9 
575,3.30795e-06,4.18132e-06,3.02214e-06,50,100,100,239158,10 2 6 0 3 5 8 4 1 7 11 9 
576,3.32129e-06,4.18132e-06,3.02816e-06,50,100,100,239158,10 2 6 0 3 5 8 4 1 7 11 9 
577,3.33912e-06,4.18132e-06,2.99176e-06,50,100,100,239158,10 2 6 0 3 5 8 4 1 7 11 9 
578,3.35013e-06,4.18132e-06,3.0418e-06,50,100,100,239158,10 2 6 0 3 5 8 4 1 7 11 9 
579,3.34406e-06,4.18132e-06,2.98028e-06,50,100,100,239158,10 2 6 0 3 5 8 4 1 7 11 9 
580,3.3456e-06,4.18132e-06,3.03646e-06,50,100,100,239158,10 2 6 0 3 5 8 4 1 7 11 9 
581,3.33198e-06,4.18132e-06,2.95555e-06,50,100,100,239158,10 2 6 0 3 5 8 4 1 7 11 9 
582,3.32474e-06,4.18132e-06,3.0201e-06,50,100,100,239158,10 2 6 0 3 5 8 4 1 7 11 9 
583,3.30534e-06,4.18132e-06,3.04041e-06,50,100,100,239158,10 2 6 0 3 5 8 4 1 7 11 9 
584,3.31986e-06,4.18132e-06,2.97088e-06,50,100,100,239158,10 2 6 0 3 5 8 4 1 7 11 9 
585,3.33535e-06,4.18132e-06,2.96334e-06,50,100,100,239158,10 2 6 0 3 5 8 4 1 7 11 9 
586,3.32585e-06,4.18132e-06,2.99477e-06,50,100,100,239158,10 2 6 0 3 5 8 4 1 7 11 9 
587,3.30406e-06,4.18132e-06,2.94666e-06,50,100,100,239158,10 2 6 0 3 5 8 4 1 7 11 9 
588,3.29123e-06,4.18132e-06,2.98532e-06,50,100,100,239158,10 2 6 0 3 5 8 4 1 7 11 9 
589,3.30136e-06,4.18132e-06,3.00119e-06,50,100,100,239158,10 2 6 0 3 5 8 4 1 7 11 9 
590,3.31249e-06,4.18132e-06,2.97765e-06,50,100,100,239158,10 2 6 0 3 5 8 4 1 7 11 9 
591,3.32691e-06,4.18132e-06,2.97181e-06,50,100,100,239158,10 2 6 0 3 5 8 4 1 7 11 9 
592,3.33798e-06,4.18132e-06,3.01329e-06,50,100,100,239158,10 2 6 0 3 5 8 4 1 7 11 9 
593,3.3182e-06,4.18132e-06,2.97356e-06,50,100,100,239158,10 2 6 0 3 5 8 4 1 7 11 9 
594,3.31865e-06,4.18132e-06,2.97155e-06,50,100,100,239158,10 2 6 0 3 5 8 4 1 7 11 9 
595,3.30697e-06,4.18132e-06,2.98603e-06,50,100,100,239158,10 2 6 0 3 5 8 4 1 7 11 9 
596,3.30767e-06,4.18132e-06,2.97771e-06,50,100,100,239158,10 2 6 0 3 5 8 4 1 7 11 9 
597,3.30753e-06,4.18132e-06,2.96805e-06,50,100,100,239158,10 2 6 0 3 5 8 4 1 7 11 9 
598,3.29354e-06,4.18132e-06,2.96325e-06,50,100,100,239158,10 2 6 0 3 5 8 4 1 7 11 9 
599,3.31453e-06,4.18132e-06,2.93012e-06,50,100,100,239158,10 2 6 0 3 5 8 4 1 7 11 9 
600,3.29683e-06,4.18132e-06,2.95864e-06,50,100,100,239158,10 2 6 0 3 5 8 4 1 7 11 9 
601,3.26853e-06,4.18132e-06,2.97744e-06,50,100,100,239158,10 2 6 0 3 5 8 4 1 7 11 9 
602,3.27437e-06,4.18132e-06,2.99465e-06,50,100,100,239158,10 2 6 0 3 5 8 4 1 7 11 9 
603,3.3089e-06,4.18132e-06,2.97631e-06,50,100,100,239158,10 2 6 0 3 5 8 4 1 7 11 9 
604,3.33235e-06,4.18132e-06,2.9638e-06,50,100,100,239158,10 2 6 0 3 5 8 4 1 7 11 9 
605,3.29902e-06,4.18132e-06,2.94086e-06,50,100,100,239158,10 2 6 0 3 5 8 4 1 7 11 9 
606,3.30134e-06,4.18132e-06,3.03829e-06,50,100,100,239158,10 2 6 0 3 5 8 4 1 7 11 9 
607,3.30961e-06,4.18132e-06,2.9289e-06,50,100,100,239158,10 2 6 0 3 5 8 4 1 7 11 9 
608,3.30504e-06,4.18132e-06,2.94988e-06,50,100,100,239158,10 2 6 0 3 5 8 4 1 7 11 9 
609,3.30666e-06,4.18132e-06,2.92696e-06,50,100,100,239158,10 2 6 0 3 5 8 4 1 7 11 9 
610,3.31967e-06,4.18132e-06,3.03962e-06,50,100,100,239158,10 2 6 0 3 5 8 4 1 7 11 9 
611,3.34788e-06,4.18132e-06,2.94736e-06,50,100,100,239158,10 2 6 0 3 5 8 4 1 7 11 9 
612,3.32482e-06,4.18132e-06,2.91386e-06,50,100,100,239158,10 2 6 0 3 5 8 4 1 7 11 9 
613,3.32243e-06,4.18132e-06,2.97763e-06,50,100,100,239158,10 2 6 0 3 5 8 4 1 7 11 9 
614,3.31906e-06,4.18132e-06,2.92241e-06,50,100,100,239158,10 2 6 0 3 5 8 4 1 7 11 9 
615,3.33359e-06,4.18132e-06,2.9965e-06,50,100,100,239158,10 2 6 0 3 5 8 4 1 7 11 9 
616,3.33851e-06,4.18132e-06,2.97515e-06,50,100,100,239158,10 2 6 0 3 5 8 4 1 7 11 9 
617,3.32311e-06,4.18132e-06,2.97181e-06,50,100,100,239158,10 2 6 0 3 5 8 4 1 7 11 9 
618,3.30088e-06,4.18132e-06,2.89209e-06,50,100,100,239158,10 2 6 0 3 5 8 4 1 7 11 9 
619,3.32501e-06,4.18132e-06,2.9278e-06,50,100,100,239158,10 2 6 0 3 5 8 4 1 7 11 9 
620,3.32841e-06,4.18132e-06,2.89369e-06,50,100,100,239158,10 2 6 0 3 5 8 4 1 7 11 9 
621,3.33325e-06,4.18132e-06,2.97137e-06,50,100,100,239158,10 2 6 0 3 5 8 4 1 7 11 9 
622,3.32223e-06,4.18132e-06,2.96092e-06,50,100,100,239158,10 2 6 0 3 5 8 4 1 7 11 9 
623,3.32104e-06,4.18132e-06,2.967e-06,50,100,100,239158,10 2 6 0 3 5 8 4 1 7 11 9 
624,3.30979e-06,4.18132e-06,3.02809e-06,50,100,100,239158,10 2 6 0 3 5 8 4 1 7 11 9 
625,3.29262e-06,4.18132e-06,2.95225e-06,50,100,100,239158,10 2 6 0 3 5 8 4 1 7 11 9 
626,3.31757e-06,4.18132e-06,2.91912e-06,50,100,100,239158,10 2 6 0 3 5 8 4 1 7 11 9 
627,3.33227e-06,4.18132e-06,3.0084e-06,50,100,100,239158,10 2 6 0 3 5 8 4 1 7 11 9 
628,3.34103e-06,4.18132e-06,2.98184e-06,50,100,100,239158,10 2 6 0 3 5 8 4 1 7 11 9 
629,3.33827e-06,4.18132e-06,3.01808e-06,50,100,100,239158,10 2 6 0 3 5 8 4 1 7 11 9 
630,3.29988e-06,4.18132e-06,2.95207e-06,50,100,100,239158,10 2 6 0 3 5 8 4 1 7 11 9 
631,3.29423e-06,4.18132e-06,2.93378e-06,50,100,100,239158,10 2 6 0 3 5 8 4 1 7 11 9 
632,3.32002e-06,4.18132e-06,2.9094e-06,50,100,100,239158,10 2 6 0 3 5 8 4 1 7 11 9 
633,3.28715e-06,4.18132e-06,2.93626e-06,50,100,100,239158,10 2 6 0 3 5 8 4 1 7 11 9 
634,3.29373e-06,4.18132e-06,2.98081e-06,50,100,100,239158,10 2 6 0 3 5 8 4 1 7 11 9 
635,3.30598e-06,4.18132e-06,2.90927e-06,50,100,100,239158,10 2 6 0 3 5 8 4 1 7 11 9 
636,3.31404e-06,4.18132e-06,2.9933e-06,50,100,100,239158,10 2 6 0 3 5 8 4 1 7 11 9 
637,3.34221e-06,4.18132e-06,2.99058e-06,50,100,100,239158,10 2 6 0 3 5 8 4 1 7 11 9 
638,3.32903e-06,4.18132e-06,2.98846e-06,50,100,100,239158,10 2 6 0 3 5 8 4 1 7 11 9 
639,3.32893e-06,4.18132e-06,2.9779e-06,50,100,100,239158,10 2 6 0 3 5 8 4 1 7 11 9 
640,3.31462e-06,4.18132e-06,2.97119e-06,50,100,100,239158,10 2 6 0 3 5 8 4 1 7 11 9 
641,3.32546e-06,4.18132e-06,2.99022e-06,50,100,100,239158,10 2 6 0 3 5 8 4 1 7 11 9 
642,3.32776e-06,4.18132e-06,3.00395e-06,50,100,100,239158,10 2 6 0 3 5 8 4 1 7 11 9 
643,3.33975e-06,4.18132e-06,2.94158e-06,50,100,100,239158,10 2 6 0 3 5 8 4 1 7 11 9 
644,3.34393e-06,4.18132e-06,3.0265e-06,50,100,100,239158,10 2 6 0 3 5 8 4 1 7 11 9 
645,3.34322e-06,4.18132e-06,2.98311e-06,50,100,100,239158,10 2 6 0 3 5 8 4 1 7 11 9 
646,3.33969e-06,4.18132e-06,2.95978e-06,50,100,100,239158,10 2 6 0 3 5 8 4 1 7 11 9 
647,3.32901e-06,4.18132e-06,3.00684e-06,50,100,100,239158,10 2 6 0 3 5 8 4 1 7 11 9 
648,3.31699e-06,4.18132e-06,2.95876e-06,50,100,100,239158,10 2 6 0 3 5 8 4 1 7 11 9 
649,3.3389e-06,4.18132e-06,3.01782e-06,50,100,100,239158,10 2 6 0 3 5 8 4 1 7 11 9 
650,3.31336e-06,4.18132e-06,3.01233e-06,50,100,100,239158,10 2 6 0 3 5 8 4 1 7 11 9 
651,3.29813e-06,4.18132e-06,2.97627e-06,50,100,100,239158,10 2 6 0 3 5 8 4 1 7 11 9 
652,3.30873e-06,4.18132e-06,2.98681e-06,50,100,100,239158,10 2 6 0 3 5 8 4 1 7 11 9 
653,3.30861e-06,4.18132e-06,2.97232e-06,50,100,100,239158,10 2 6 0 3 5 8 4 1 7 11 9 
654,3.33645e-06,4.18132e-06,2.99225e-06,50,100,100,239158,10 2 6 0 3 5 8 4 1 7 11 9 
655,3.29574e-06,4.18132e-06,2.88848e-06,50,100,100,239158,10 2 6 0 3 5 8 4 1 7 11 9 
656,3.30541e-06,4.18132e-06,2.96855e-06,50,100,100,239158,10 2 6 0 3 5 8 4 1 7 11 9 
657,3.30265e-06,4.18132e-06,2.92789e-06,50,100,100,239158,10 2 6 0 3 5 8 4 1 7 11 9 
658,3.35249e-06,4.18132e-06,3.00941e-06,50,100,100,239158,10 2 6 0 3 5 8 4 1 7 11 9 
659,3.31841e-06,4.18132e-06,3.00397e-06,50,100,100,239158,10 2 6 0 3 5 8 4 1 7 11 9 
660,3.30035e-06,4.18132e-06,2.93321e-06,50,100,100,239158,10 2 6 0 3 5 8 4 1 7 11 9 
661,3.29997e-06,4.18132e-06,2.98222e-06,50,100,100,239158,10 2 6 0 3 5 8 4 1 7 11 9 
662,3.29687e-06,4.18132e-06,2.97531e-06,50,100,100,239158,10 2 6 0 3 5 8 4 1 7 11 9 
663,3.2948e-06,4.18132e-06,2.99711e-06,50,100,100,239158,10 2 6 0 3 5 8 4 1 7 11 9 
664,3.32498e-06,4.18132e-06,2.92749e-06,50,100,100,239158,10 2 6 0 3 5 8 4 1 7 11 9 
665,3.30712e-06,4.18132e-06,2.9403e-06,50,100,100,239158,10 2 6 0 3 5 8 4 1 7 11 9 
666,3.32014e-06,4.18132e-06,2.99781e-06,50,100,100,239158,10 2 6 0 3 5 8 4 1 7 11 9 
667,3.31876e-06,4.18132e-06,2.94505e-06,50,100,100,239158,10 2 6 0 3 5 8 4 1 7 11 9 
668,3.32795e-06,4.18132e-06,2.95642e-06,50,100,100,239158,10 2 6 0 3 5 8 4 1 7 11 9 
669,3.3536e-06,4.18132e-06,2.88174e-06,50,100,100,239158,10 2 6 0 3 5 8 4 1 7 11 9 
670,3.33053e-06,4.18132e-06,2.90415e-06,50,100,100,239158,10 2 6 0 3 5 8 4 1 7 11 9 
671,3.32087e-06,4.18132e-06,3.00749e-06,50,100,100,239158,10 2 6 0 3 5 8 4 1 7 11 9 
672,3.3067e-06,4.18132e-06,2.98667e-06,50,100,100,239158,10 2 6 0 3 5 8 4 1 7 11 9 
673,3.31502e-06,4.18132e-06,2.98567e-06,50,100,100,239158,10 2 6 0 3 5 8 4 1 7 11 9 
674,3.343e-06,4.18132e-06,2.96424e-06,50,100,100,239158,10 2 6 0 3 5 8 4 1 7 11 9 
675,3.34476e-06,4.18132e-06,3.04821e-06,50,100,100,239158,10 2 6 0 3 5 8 4 1 7 11 9 
676,3.35547e-06,4.18132e-06,3.04111e-06,50,100,100,239158,10 2 6 0 3 5 8 4 1 7 11 9 
677,3.33457e-06,4.18132e-06,2.96605e-06,50,100,100,239158,10 2 6 0 3 5 8 4 1 7 11 9 
678,3.32933e-06,4.18132e-06,2.894e-06,50,100,100,239158,10 2 6 0 3 5 8 4 1 7 11 9 
679,3.35583e-06,4.18132e-06,3.04573e-06,50,100,100,239158,10 2 6 0 3 5 8 4 1 7 11 9 
680,3.33269e-06,4.18132e-06,3.01576e-06,50,100,100,239158,10 2 6 0 3 5 8 4 1 7 11 9 
681,3.33988e-06,4.18132e-06,2.95249e-06,50,100,100,239158,10 2 6 0 3 5 8 4 1 7 11 9 
682,3.33276e-06,4.18132e-06,3.0243e-06,50,100,100,239158,10 2 6 0 3 5 8 4 1 7 11 9 
683,3.35215e-06,4.18132e-06,2.9745e-06,50,100,100,239158,10 2 6 0 3 5 8 4 1 7 11 9 
684,3.35769e-06,4.18132e-06,2.97923e-06,50,100,100,239158,10 2 6 0 3 5 8 4 1 7 11 9 
685,3.3231e-06,4.18132e-06,2.95268e-06,50,100,100,239158,10 2 6 0 3 5 8 4 1 7 11 9 
686,3.33397e-06,4.18132e-06,3.0048e-06,50,100,100,239158,10 2 6 0 3 5 8 4 1 7 11 9 
687,3.32178e-06,4.18132e-06,3.01638e-06,50,100,100,239158,10 2 6 0 3 5 8 4 1 7 11 9 
688,3.35025e-06,4.18132e-06,2.97721e-06,50,100,100,239158,10 2 6 0 3 5 8 4 1 7 11 9 
689,3.3595e-06,4.18132e-06,3.03836e-06,50,100,100,239158,10 2 6 0 3 5 8 4 1 7 11 9 
690,3.33768e-06,4.18132e-06,2.95443e-06,50,100,100,239158,10 2 6 0 3 5 8 4 1 7 11 9 
691,3.35273e-06,4.18132e-06,2.98826e-06,50,100,100,239158,10 2 6 0 3 5 8 4 1 7 11 9 
692,3.35169e-06,4.18132e-06,3.02096e-06,50,100,100,239158,10 2 6 0 3 5 8 4 1 7 11 9 
693,3.3327e-06,4.18132e-06,2.98574e-06,50,100,100,239158,10 2 6 0 3 5 8 4 1 7 11 9 
694,3.33565e-06,4.18132e-06,2.93437e-06,50,100,100,239158,10 2 6 0 3 5 8 4 1 7 11 9 
695,3.34685e-06,4.18132e-06,3.03659e-06,50,100,100,239158,10 2 6 0 3 5 8 4 1 7 11 9 
696,3.34265e-06,4.18132e-06,3.00861e-06,50,100,100,239158,10 2 6 0 3 5 8 4 1 7 11 9 
697,3.34369e-06,4.18132e-06,3.00096e-06,50,100,100,239158,10 2 6 0 3 5 8 4 1 7 11 9 
698,3.31919e-06,4.18132e-06,3.0189e-06,50,100,100,239158,10 2 6 0 3 5 8 4 1 7 11 9 
699,3.33972e-06,4.18132e-06,2.94823e-06,50,100,100,239158,10 2 6 0 3 5 8 4 1 7 11 9 
700,3.35385e-06,4.18132e-06,2.90504e-06,50,100,100,239158,10 2 6 0 3 5 8 4 1 7 11 9 
701,3.31913e-06,4.18132e-06,3.0078e-06,50,100,100,239158,10 2 6 0 3 5 8 4 1 7 11 9 
702,3.29126e-06,4.18132e-06,2.99241e-06,50,100,100,239158,10 2 6 0 3 5 8 4 1 7 11 9 
703,3.33341e-06,4.18132e-06,2.98094e-06,50,100,100,239158,10 2 6 0 3 5 8 4 1 7 11 9 
704,3.33214e-06,4.18132e-06,2.95665e-06,50,100,100,239158,10 2 6 0 3 5 8 4 1 7 11 9 
705,3.34062e-06,4.18132e-06,2.92274e-06,50,100,100,239158,10 2 6 0 3 5 8 4 1 7 11 9 
706,3.31606e-06,4.18132e-06,2.99878e-06,50,100,100,239158,10 2 6 0 3 5 8 4 1 7 11 9 
707,3.3668e-06,4.18132e-06,3.01533e-06,50,100,100,239158,10 2 6 0 3 5 8 4 1 7 11 9 
708,3.32073e-06,4.18132e-06,2.93978e-06,50,100,100,239158,10 2 6 0 3 5 8 4 1 7 11 9 
709,3.3029e-06,4.18132e-06,2.96753e-06,50,100,100,239158,10 2 6 0 3 5 8 4 1 7 11 9 
710,3.32647e-06,4.18132e-06,3.00889e-06,50,100,100,239158,10 2 6 0 3 5 8 4 1 7 11 9 
711,3.35584e-06,4.18132e-06,3.04586e-06,50,100,100,239158,10 2 6 0 3 5 8 4 1 7 11 9 
712,3.33236e-06,4.18132e-06,2.98241e-06,50,100,100,239158,10 2 6 0 3 5 8 4 1 7 11 9 
713,3.30358e-06,4.18132e-06,2.9059e-06,50,100,100,239158,10 2 6 0 3 5 8 4 1 7 11 9 
714,3.28473e-06,4.18132e-06,3.02683e-06,50,100,100,239158,10 2 6 0 3 5 8 4 1 7 11 9 
715,3.2957e-06,4.18132e-06,3.02679e-06,50,100,100,239158,10 2 6 0 3 5 8 4 1 7 11 9 
716,3.29274e-06,4.18132e-06,2.97647e-06,50,100,100,239158,10 2 6 0 3 5 8 4 1 7 11 9 
717,3.33858e-06,4.18132e-06,3.02705e-06,50,100,100,239158,10 2 6 0 3 5 8 4 1 7 11 9 
718,3.34267e-06,4.18132e-06,2.99117e-06,50,100,100,239158,10 2 6 0 3 5 8 4 1 7 11 9 
719,3.30492e-06,4.18132e-06,2.9507e-06,50,100,100,239158,10 2 6 0 3 5 8 4 1 7 11 9 
720,3.31479e-06,4.18132e-06,3.00103e-06,50,100,100,239158,10 2 6 0 3 5 8 4 1 7 11 9 
721,3.31527e-06,4.18132e-06,3.03622e-06,50,100,100,239158,10 2 6 0 3 5 8 4 1 7 11 9 
722,3.2994e-06,4.18132e-06,3.00917e-06,50,100,100,239158,10 2 6 0 3 5 8 4 1 7 11 9 
723,3.31765e-06,4.18132e-06,2.91643e-06,50,100,100,239158,10 2 6 0 3 5 8 4 1 7 11 9 
724,3.31623e-06,4.18132e-06,2.95932e-06,50,100,100,239158,10 2 6 0 3 5 8 4 1 7 11 9 
725,3.31287e-06,4.18132e-06,2.97889e-06,50,100,100,239158,10 2 6 0 3 5 8 4 1 7 11 9 
726,3.30648e-06,4.18132e-06,3.01736e-06,50,100,100,239158,10 2 6 0 3 5 8 4 1 7 11 9 
727,3.31142e-06,4.18132e-06,2.95555e-06,50,100,100,239158,10 2 6 0 3 5 8 4 1 7 11 9 
728,3.27125e-06,4.18132e-06,2.89431e-06,50,100,100,239158,10 2 6 0 3 5 8 4 1 7 11 9 
729,3.29622e-06,4.18132e-06,3.00397e-06,50,100,100,239158,10 2 6 0 3 5 8 4 1 7 11 9 
730,3.31411e-06,4.18132e-06,2.96548e-06,50,100,100,239158,10 2 6 0 3 5 8 4 1 7 11 9 
731,3.31844e-06,4.18132e-06,2.9561e-06,50,100,100,239158,10 2 6 0 3 5 8 4 1 7 11 9 
732,3.31205e-06,4.18132e-06,2.94195e-06,50,100,100,239158,10 2 6 0 3 5 8 4 1 7 11 9 
733,3.33704e-06,4.18132e-06,2.95994e-06,50,100,100,239158,10 2 6 0 3 5 8 4 1 7 11 9 
734,3.31035e-06,4.18132e-06,3.02501e-06,50,100,100,239158,10 2 6 0 3 5 8 4 1 7 11 9 
735,3.29268e-06,4.18132e-06,2.9382e-06,50,100,100,239158,10 2 6 0 3 5 8 4 1 7 11 9 
736,3.32064e-06,4.18132e-06,3.04307e-06,50,100,100,239158,10 2 6 0 3 5 8 4 1 7 11 9 
737,3.28997e-06,4.18132e-06,2.95532e-06,50,100,100,239158,10 2 6 0 3 5 8 4 1 7 11 9 
738,3.30596e-06,4.18132e-06,2.99862e-06,50,100,100,239158,10 2 6 0 3 5 8 4 1 7 11 9 
739,3.28175e-06,4.18132e-06,2.9443e-06,50,100,100,239158,10 2 6 0 3 5 8 4 1 7 11 9 
740,3.29869e-06,4.18132e-06,2.94029e-06,50,100,100,239158,10 2 6 0 3 5 8 4 1 7 11 9 
741,3.28718e-06,4.18132e-06,2.94347e-06,50,100,100,239158,10 2 6 0 3 5 8 4 1 7 11 9 
742,3.29298e-06,4.18132e-06,2.92083e-06,50,100,100,239158,10 2 6 0 3 5 8 4 1 7 11 9 
743,3.27998e-06,4.18132e-06,2.97599e-06,50,100,100,239158,10 2 6 0 3 5 8 4 1 7 11 9 
744,3.3166e-06,4.18132e-06,2.97328e-06,50,100,100,239158,10 2 6 0 3 5 8 4 1 7 11 9 
745,3.33269e-06,4.18132e-06,3.03465e-06,50,100,100,239158,10 2 6 0 3 5 8 4 1 7 11 9 
746,3.32354e-06,4.18132e-06,2.92299e-06,50,100,100,239158,10 2 6 0 3 5 8 4 1 7 11 9 
747,3.29358e-06,4.18132e-06,3.02189e-06,50,100,100,239158,10 2 6 0 3 5 8 4 1 7 11 9 
748,3.32489e-06,4.18132e-06,3.08114e-06,50,100,100,239158,10 2 6 0 3 5 8 4 1 7 11 9 
749,3.29843e-06,4.18132e-06,2.9773e-06,50,100,100,239158,10 2 6 0 3 5 8 4 1 7 11 9 
750,3.26861e-06,4.18132e-06,2.88858e-06,50,100,100,239158,10 2 6 0 3 5 8 4 1 7 11 9 
751,3.29618e-06,4.18132e-06,2.90687e-06,50,100,100,239158,10 2 6 0 3 5 8 4 1 7 11 9 
752,3.27628e-06,4.18132e-06,2.97455e-06,50,100,100,239158,10 2 6 0 3 5 8 4 1 7 11 9 
753,3.29573e-06,4.18132e-06,2.96584e-06,50,100,100,239158,10 2 6 0 3 5 8 4 1 7 11 9 
754,3.28114e-06,4.18132e-06,2.8891e-06,50,100,100,239158,10 2 6 0 3 5 8 4 1 7 11 9 
755,3.27962e-06,4.18132e-06,2.91951e-06,50,100,100,239158,10 2 6 0 3 5 8 4 1 7 11 9 
756,3.27431e-06,4.18132e-06,2.96269e-06,50,100,100,239158,10 2 6 0 3 5 8 4 1 7 11 9 
757,3.27313e-06,4.18132e-06,2.97153e-06,50,100,100,239158,10 2 6 0 3 5 8 4 1 7 11 9 
758,3.29151e-06,4.18132e-06,2.95284e-06,50,100,100,239158,10 2 6 0 3 5 8 4 1 7 11 9 
759,3.321e-06,4.18132e-06,2.99632e-06,50,100,100,239158,10 2 6 0 3 5 8 4 1 7 11 9 
760,3.32763e-06,4.18132e-06,2.91921e-06,50,100,100,239158,10 2 6 0 3 5 8 4 1 7 11 9 
761,3.33077e-06,4.18132e-06,2.93673e-06,50,100,100,239158,10 2 6 0 3 5 8 4 1 7 11 9 
762,3.33007e-06,4.18132e-06,3.00114e-06,50,100,100,239158,10 2 6 0 3 5 8 4 1 7 11 9 
763,3.32674e-06,4.18132e-06,2.93657e-06,50,100,100,239158,10 2 6 0 3 5 8 4 1 7 11 9 
764,3.30832e-06,4.18132e-06,2.93151e-06,50,100,100,239158,10 2 6 0 3 5 8 4 1 7 11 9 
765,3.32934e-06,4.18132e-06,2.98997e-06,50,100,100,239158,10 2 6 0 3 5 8 4 1 7 11 9 
766,3.3349e-06,4.18132e-06,2.91543e-06,50,100,100,239158,10 2 6 0 3 5 8 4 1 7 11 9 
767,3.37424e-06,4.18132e-06,3.06721e-06,50,100,100,239158,10 2 6 0 3 5 8 4 1 7 11 9 
768,3.35604e-06,4.18132e-06,2.94576e-06,50,100,100,239158,10 2 6 0 3 5 8 4 1 7 11 9 
769,3.33425e-06,4.18132e-06,2.97588e-06,50,100,100,239158,10 2 6 0 3 5 8 4 1 7 11 9 
770,3.33964e-06,4.18132e-06,2.84911e-06,50,100,100,239158,10 2 6 0 3 5 8 4 1 7 11 9 
771,3.35184e-06,4.18132e-06,2.99124e-06,50,100,100,239158,10 2 6 0 3 5 8 4 1 7 11 9 
772,3.32294e-06,4.18132e-06,3.04812e-06,50,100,100,239158,10 2 6 0 3 5 8 4 1 7 11 9 
773,3.34703e-06,4.18132e-06,3.02778e-06,50,100,100,239158,10 2 6 0 3 5 8 4 1 7 11 9 
774,3.30872e-06,4.18132e-06,2.95049e-06,50,100,100,239158,10 2 6 0 3 5 8 4 1 7 11 9 
775,3.30833e-06,4.18132e-06,2.93172e-06,50,100,100,239158,10 2 6 0 3 5 8 4 1 7 11 9 
776,3.30212e-06,4.18132e-06,2.99318e-06,50,100,100,239158,10 2 6 0 3 5 8 4 1 7 11 9 
777,3.30285e-06,4.18132e-06,2.98867e-06,50,100,100,239158,10 2 6 0 3 5 8 4 1 7 11 9 
778,3.3056e-06,4.18132e-06,2.96429e-06,50,100,100,239158,10 2 6 0 3 5 8 4 1 7 11 9 
779,3.32785e-06,4.18132e-06,3.00619e-06,50,100,100,239158,10 2 6 0 3 5 8 4 1 7 11 9 
780,3.33308e-06,4.18132e-06,3.00523e-06,50,100,100,239158,10 2 6 0 3 5 8 4 1 7 11 9 
781,3.31053e-06,4.18132e-06,2.89005e-06,50,100,100,239158,10 2 6 0 3 5 8 4 1 7 11 9 
782,3.31142e-06,4.18132e-06,2.98871e-06,50,100,100,239158,10 2 6 0 3 5 8 4 1 7 11 9 
783,3.31991e-06,4.18132e-06,3.00588e-06,50,100,100,239158,10 2 6 0 3 5 8 4 1 7 11 9 
784,3.32951e-06,4.18132e-06,3.0138e-06,50,100,100,239158,10 2 6 0 3 5 8 4 1 7 11 9 
785,3.3248e-06,4.18132e-06,2.92571e-06,50,100,100,239158,10 2 6 0 3 5 8 4 1 7 11 9 
786,3.31363e-06,4.18132e-06,2.99094e-06,50,100,100,239158,10 2 6 0 3 5 8 4 1 7 11 9 
787,3.33848e-06,4.18132e-06,3.02116e-06,50,100,100,239158,10 2 6 0 3 5 8 4 1 7 11 9 
788,3.32808e-06,4.18132e-06,3.01729e-06,50,100,100,239158,10 2 6 0 3 5 8 4 1 7 11 9 
789,3.31469e-06,4.18132e-06,2.94209e-06,50,100,100,239158,10 2 6 0 3 5 8 4 1 7 11 9 
790,3.32099e-06,4.18132e-06,3.01473e-06,50,100,100,239158,10 2 6 0 3 5 8 4 1 7 11 9 
791,3.3243e-06,4.18132e-06,2.96371e-06,50,100,100,239158,10 2 6 0 3 5 8 4 1 7 11 9 
792,3.2977e-06,4.18132e-06,3.00727e-06,50,100,100,239158,10 2 6 0 3 5 8 4 1 7 11 9 
793,3.30194e-06,4.18132e-06,2.98771e-06,50,100,100,239158,10 2 6 0 3 5 8 4 1 7 11 9 
794,3.28875e-06,4.18132e-06,2.97836e-06,50,100,100,239158,10 2 6 0 3 5 8 4 1 7 11 9 
795,3.27815e-06,4.18132e-06,2.96695e-06,50,100,100,239158,10 2 6 0 3 5 8 4 1 7 11 9 
796,3.30368e-06,4.18132e-06,2.96677e-06,50,100,100,239158,10 2 6 0 3 5 8 4 1 7 11 9 
797,3.33395e-06,4.18132e-06,3.03154e-06,50,100,100,239158,10 2 6 0 3 5 8 4 1 7 11 9 
798,3.3083e-06,4.18132e-06,2.95873e-06,50,100,100,239158,10 2 6 0 3 5 8 4 1 7 11 9 
799,3.32807e-06,4.18132e-06,2.98915e-06,50,100,100,239158,10 2 6 0 3 5 8 4 1 7 11 9 
800,3.33031e-06,4.18132e-06,2.99298e-06,50,100,100,239158,10 2 6 0 3 5 8 4 1 7 11 9 
801,3.32867e-06,4.18132e-06,2.97787e-06,50,100,100,239158,10 2 6 0 3 5 8 4 1 7 11 9 
802,3.31461e-06,4.18132e-06,3.00601e-06,50,100,100,239158,10 2 6 0 3 5 8 4 1 7 11 9 
803,3.30455e-06,4.18132e-06,2.97831e-06,50,100,100,239158,10 2 6 0 3 5 8 4 1 7 11 9 
804,3.29653e-06,4.18132e-06,2.94101e-06,50,100,100,239158,10 2 6 0 3 5 8 4 1 7 11 9 
805,3.31967e-06,4.18132e-06,2.97843e-06,50,100,100,239158,10 2 6 0 3 5 8 4 1 7 11 9 
806,3.32615e-06,4.18132e-06,3.0213e-06,50,100,100,239158,10 2 6 0 3 5 8 4 1 7 11 9 
807,3.29631e-06,4.18132e-06,2.99001e-06,50,100,100,239158,10 2 6 0 3 5 8 4 1 7 11 9 
808,3.31781e-06,4.18132e-06,3.00009e-06,50,100,100,239158,10 2 6 0 3 5 8 4 1 7 11 9 
809,3.32283e-06,4.18132e-06,2.88788e-06,50,100,100,239158,10 2 6 0 3 5 8 4 1 7 11 9 
810,3.29519e-06,4.18132e-06,2.94651e-06,50,100,100,239158,10 2 6 0 3 5 8 4 1 7 11 9 
811,3.3161e-06,4.18132e-06,2.95345e-06,50,100,100,239158,10 2 6 0 3 5 8 4 1 7 11 9 
812,3.32762e-06,4.18132e-06,3.01211e-06,50,100,100,239158,10 2 6 0 3 5 8 4 1 7 11 9 
813,3.34186e-06,4.18132e-06,2.96633e-06,50,100,100,239158,10 2 6 0 3 5 8 4 1 7 11 9 
814,3.34865e-06,4.18132e-06,2.99964e-06,50,100,100,239158,10 2 6 0 3 5 8 4 1 7 11 9 
815,3.28644e-06,4.18132e-06,2.95906e-06,50,100,100,239158,10 2 6 0 3 5 8 4 1 7 11 9 
816,3.30926e-06,4.18132e-06,2.95085e-06,50,100,100,239158,10 2 6 0 3 5 8 4 1 7 11 9 
817,3.36318e-06,4.18132e-06,2.97822e-06,50,100,100,239158,10 2 6 0 3 5 8 4 1 7 11 9 
818,3.35453e-06,4.18132e-06,3.04459e-06,50,100,100,239158,10 2 6 0 3 5 8 4 1 7 11 9 
819,3.34742e-06,4.18132e-06,3.01177e-06,50,100,100,239158,10 2 6 0 3 5 8 4 1 7 11 9 
820,3.34398e-06,4.18132e-06,2.94467e-06,50,100,100,239158,10 2 6 0 3 5 8 4 1 7 11 9 
821,3.35107e-06,4.18132e-06,2.95707e-06,50,100,100,239158,10 2 6 0 3 5 8 4 1 7 11 9 
822,3.34551e-06,4.18132e-06,3.00287e-06,50,100,100,239158,10 2 6 0 3 5 8 4 1 7 11 9 
823,3.34308e-06,4.18132e-06,2.96285e-06,50,100,100,239158,10 2 6 0 3 5 8 4 1 7 11 9 
824,3.32442e-06,4.18132e-06,3.00424e-06,50,100,100,239158,10 2 6 0 3 5 8 4 1 7 11 9 
825,3.35e-06,4.18132e-06,3.04445e-06,50,100,100,239158,10 2 6 0 3 5 8 4 1 7 11 9 
826,3.32461e-06,4.18132e-06,2.99535e-06,50,100,100,239158,10 2 6 0 3 5 8 4 1 7 11 9 
827,3.33259e-06,4.18132e-06,3.00854e-06,50,100,100,239158,10 2 6 0 3 5 8 4 1 7 11 9 
828,3.34563e-06,4.18132e-06,2.91592e-06,50,100,100,239158,10 2 6 0 3 5 8 4 1 7 11 9 
829,3.3604e-06,4.18132e-06,2.93782e-06,50,100,100,239158,10 2 6 0 3 5 8 4 1 7 11 9 
830,3.35385e-06,4.18132e-06,2.99182e-06,50,100,100,239158,10 2 6 0 3 5 8 4 1 7 11 9 
831,3.30325e-06,4.18132e-06,2.99547e-06,50,100,100,239158,10 2 6 0 3 5 8 4 1 7 11 9 
832,3.36189e-06,4.18132e-06,3.00002e-06,50,100,100,239158,10 2 6 0 3 5 8 4 1 7 11 9 
833,3.34943e-06,4.18132e-06,3.05632e-06,50,100,100,239158,10 2 6 0 3 5 8 4 1 7 11 9 
834,3.33828e-06,4.18132e-06,2.96615e-06,50,100,100,239158,10 2 6 0 3 5 8 4 1 7 11 9 
835,3.34309e-06,4.18132e-06,2.96991e-06,50,100,100,239158,10 2 6 0 3 5 8 4 1 7 11 9 
836,3.32284e-06,4.18132e-06,2.93616e-06,50,100,100,239158,10 2 6 0 3 5 8 4 1 7 11 9 
837,3.32833e-06,4.18132e-06,3.03145e-06,50,100,100,239158,10 2 6 0 3 5 8 4 1 7 11 9 
838,3.33139e-06,4.18132e-06,2.97012e-06,50,100,100,239158,10 2 6 0 3 5 8 4 1 7 11 9 
839,3.33291e-06,4.18132e-06,2.91674e-06,50,100,100,239158,10 2 6 0 3 5 8 4 1 7 11 9 
840,3.32935e-06,4.18132e-06,2.9657e-06,50,100,100,239158,10 2 6 0 3 5 8 4 1 7 11 9 
841,3.30145e-06,4.18132e-06,2.99388e-06,50,100,100,239158,10 2 6 0 3 5 8 4 1 7 11 9 
842,3.29807e-06,4.18132e-06,2.99341e-06,50,100,100,239158,10 2 6 0 3 5 8 4 1 7 11 9 
843,3.35513e-06,4.18132e-06,2.93804e-06,50,100,100,239158,10 2 6 0 3 5 8 4 1 7 11 9 
844,3.34645e-06,4.18132e-06,3.01124e-06,50,100,100,239158,10 2 6 0 3 5 8 4 1 7 11 9 
845,3.33538e-06,4.18132e-06,2.95747e-06,50,100,100,239158,10 2 6 0 3 5 8 4 1 7 11 9 
846,3.28524e-06,4.18132e-06,3.00418e-06,50,100,100,239158,10 2 6 0 3 5 8 4 1 7 11 9 
847,3.28784e-06,4.18132e-06,3.00249e-06,50,100,100,239158,10 2 6 0 3 5 8 4 1 7 11 9 
848,3.3048e-06,4.18132e-06,2.92636e-06,50,100,100,239158,10 2 6 0 3 5 8 4 1 7 11 9 
849,3.30872e-06,4.18132e-06,2.9289e-06,50,100,100,239158,10 2 6 0 3 5 8 4 1 7 11 9 
850,3.2947e-06,4.18132e-06,2.98225e-06,50,100,100,239158,10 2 6 0 3 5 8 4 1 7 11 9 
851,3.31845e-06,4.18132e-06,3.00026e-06,50,100,100,239158,10 2 6 0 3 5 8 4 1 7 11 9 
852,3.31458e-06,4.18132e-06,2.98913e-06,50,100,100,239158,10 2 6 0 3 5 8 4 1 7 11 9 
853,3.33975e-06,4.18132e-06,2.95929e-06,50,100,100,239158,10 2 6 0 3 5 8 4 1 7 11 9 
854,3.31596e-06,4.18132e-06,2.96448e-06,50,100,100,239158,10 2 6 0 3 5 8 4 1 7 11 9 
855,3.33803e-06,4.18132e-06,2.95077e-06,50,100,100,239158,10 2 6 0 3 5 8 4 1 7 11 9 
856,3.33545e-06,4.18132e-06,3.01695e-06,50,100,100,239158,10 2 6 0 3 5 8 4 1 7 11 9 
857,3.356e-06,4.18132e-06,3.04135e-06,50,100,100,239158,10 2 6 0 3 5 8 4 1 7 11 9 
858,3.35217e-06,4.18132e-06,2.99891e-06,50,100,100,239158,10 2 6 0 3 5 8 4 1 7 11 9 
859,3.37907e-06,4.18132e-06,3.07646e-06,50,100,100,239158,10 2 6 0 3 5 8 4 1 7 11 9 
860,3.34816e-06,4.18132e-06,2.91444e-06,50,100,100,239158,10 2 6 0 3 5 8 4 1 7 11 9 
861,3.32199e-06,4.18132e-06,3.03541e-06,50,100,100,239158,10 2 6 0 3 5 8 4 1 7 11 9 
862,3.33867e-06,4.18132e-06,3.02293e-06,50,100,100,239158,10 2 6 0 3 5 8 4 1 7 11 9 
863,3.3571e-06,4.18132e-06,2.99847e-06,50,100,100,239158,10 2 6 0 3 5 8 4 1 7 11 9 
864,3.33768e-06,4.18132e-06,2.9373e-06,50,100,100,239158,10 2 6 0 3 5 8 4 1 7 11 9 
865,3.34132e-06,4.18132e-06,3.02028e-06,50,100,100,239158,10 2 6 0 3 5 8 4 1 7 11 9 
866,3.35444e-06,4.18132e-06,2.93911e-06,50,100,100,239158,10 2 6 0 3 5 8 4 1 7 11 9 
867,3.36189e-06,4.18132e-06,2.98385e-06,50,100,100,239158,10 2 6 0 3 5 8 4 1 7 11 9 
868,3.36405e-06,4.18132e-06,2.94224e-06,50,100,100,239158,10 2 6 0 3 5 8 4 1 7 11 9 
869,3.36044e-06,4.18132e-06,2.9767e-06,50,100,100,239158,10 2 6 0 3 5 8 4 1 7 11 9 
870,3.30397e-06,4.18132e-06,2.99427e-06,50,100,100,239158,10 2 6 0 3 5 8 4 1 7 11 9 
871,3.33553e-06,4.18132e-06,2.98229e-06,50,100,100,239158,10 2 6 0 3 5 8 4 1 7 11 9 
872,3.32486e-06,4.18132e-06,2.9176e-06,50,100,100,239158,10 2 6 0 3 5 8 4 1 7 11 9 
873,3.3339e-06,4.18132e-06,2.97709e-06,50,100,100,239158,10 2 6 0 3 5 8 4 1 7 11 9 
874,3.31854e-06,4.18132e-06,2.97169e-06,50,100,100,239158,10 2 6 0 3 5 8 4 1 7 11 9 
875,3.31848e-06,4.18132e-06,2.95684e-06,50,100,100,239158,10 2 6 0 3 5 8 4 1 7 11 9 
876,3.32587e-06,4.18132e-06,3.03838e-06,50,100,100,239158,10 2 6 0 3 5 8 4 1 7 11 9 
877,3.30788e-06,4.18132e-06,2.98478e-06,50,100,100,239158,10 2 6 0 3 5 8 4 1 7 11 9 
878,3.33054e-06,4.18132e-06,2.94656e-06,50,100,100,239158,10 2 6 0 3 5 8 4 1 7 11 9 
879,3.32353e-06,4.18132e-06,3.03556e-06,50,100,100,239158,10 2 6 0 3 5 8 4 1 7 11 9 
880,3.30492e-06,4.18132e-06,2.97377e-06,50,100,100,239158,10 2 6 0 3 5 8 4 1 7 11 9 
881,3.3267e-06,4.18132e-06,2.94576e-06,50,100,100,239158,10 2 6 0 3 5 8 4 1 7 11 9 
882,3.33637e-06,4.18132e-06,2.98008e-06,50,100,100,239158,10 2 6 0 3 5 8 4 1 7 11 9 
883,3.32378e-06,4.18132e-06,2.99851e-06,50,100,100,239158,10 2 6 0 3 5 8 4 1 7 11 9 
884,3.30243e-06,4.18132e-06,2.98847e-06,50,100,100,239158,10 2 6 0 3 5 8 4 1 7 11 9 
885,3.32249e-06,4.18132e-06,2.98542e-06,50,100,100,239158,10 2 6 0 3 5 8 4 1 7 11 9 
886,3.32321e-06,4.18132e-06,3.00992e-06,50,100,100,239158,10 2 6 0 3 5 8 4 1 7 11 9 
887,3.31921e-06,4.18132e-06,2.97847e-06,50,100,100,239158,10 2 6 0 3 5 8 4 1 7 11 9 
888,3.31568e-06,4.18132e-06,2.99257e-06,50,100,100,239158,10 2 6 0 3 5 8 4 1 7 11 9 
889,3.30255e-06,4.18132e-06,2.94022e-06,50,100,100,239158,10 2 6 0 3 5 8 4 1 7 11 9 
890,3.33664e-06,4.18132e-06,3.04026e-06,50,100,100,239158,10 2 6 0 3 5 8 4 1 7 11 9 
891,3.30764e-06,4.18132e-06,2.96529e-06,50,100,100,239158,10 2 6 0 3 5 8 4 1 7 11 9 
892,3.30631e-06,4.18132e-06,3.02881e-06,50,100,100,239158,10 2 6 0 3 5 8 4 1 7 11 9 
893,3.30897e-06,4.18132e-06,2.971e-06,50,100,100,239158,10 2 6 0 3 5 8 4 1 7 11 9 
894,3.32151e-06,4.18132e-06,2.98747e-06,50,100,100,239158,10 2 6 0 3 5 8 4 1 7 11 9 
895,3.30856e-06,4.18132e-06,2.93057e-06,50,100,100,239158,10 2 6 0 3 5 8 4 1 7 11 9 
896,3.32784e-06,4.18132e-06,2.96092e-06,50,100,100,239158,10 2 6 0 3 5 8 4 1 7 11 9 
897,3.28826e-06,4.18132e-06,2.99662e-06,50,100,100,239158,10 2 6 0 3 5 8 4 1 7 11 9 
898,3.32059e-06,4.18132e-06,3.00377e-06,50,100,100,239158,10 2 6 0 3 5 8 4 1 7 11 9 
899,3.32644e-06,4.18132e-06,2.88333e-06,50,100,100,239158,10 2 6 0 3 5 8 4 1 7 11 9 
900,3.33555e-06,4.18132e-06,2.97622e-06,50,100,100,239158,10 2 6 0 3 5 8 4 1 7 11 9 
901,3.30446e-06,4.18132e-06,2.9622e-06,50,100,100,239158,10 2 6 0 3 5 8 4 1 7 11 9 
902,3.33327e-06,4.18132e-06,2.96199e-06,50,100,100,239158,10 2 6 0 3 5 8 4 1 7 11 9 
903,3.31679e-06,4.18132e-06,3.05154e-06,50,100,100,239158,10 2 6 0 3 5 8 4 1 7 11 9 
904,3.31617e-06,4.18132e-06,2.97856e-06,50,100,100,239158,10 2 6 0 3 5 8 4 1 7 11 9 
905,3.31482e-06,4.18132e-06,3.02269e-06,50,100,100,239158,10 2 6 0 3 5 8 4 1 7 11 9 
906,3.35637e-06,4.18132e-06,2.97385e-06,50,100,100,239158,10 2 6 0 3 5 8 4 1 7 11 9 
907,3.31356e-06,4.18132e-06,2.97572e-06,50,100,100,239158,10 2 6 0 3 5 8 4 1 7 11 9 
908,3.31012e-06,4.18132e-06,2.9733e-06,50,100,100,239158,10 2 6 0 3 5 8 4 1 7 11 9 
909,3.28738e-06,4.18132e-06,2.95754e-06,50,100,100,239158,10 2 6 0 3 5 8 4 1 7 11 9 
910,3.32451e-06,4.18132e-06,2.97622e-06,50,100,100,239158,10 2 6 0 3 5 8 4 1 7 11 9 
911,3.32589e-06,4.18132e-06,3.00081e-06,50,100,100,239158,10 2 6 0 3 5 8 4 1 7 11 9 
912,3.31908e-06,4.18132e-06,3.04259e-06,50,100,100,239158,10 2 6 0 3 5 8 4 1 7 11 9 
913,3.30675e-06,4.18132e-06,2.94882e-06,50,100,100,239158,10 2 6 0 3 5 8 4 1 7 11 9 
914,3.31848e-06,4.18132e-06,2.9398e-06,50,100,100,239158,10 2 6 0 3 5 8 4 1 7 11 9 
915,3.34065e-06,4.18132e-06,2.95441e-06,50,100,100,239158,10 2 6 0 3 5 8 4 1 7 11 9 
916,3.36037e-06,4.18132e-06,2.99101e-06,50,100,100,239158,10 2 6 0 3 5 8 4 1 7 11 9 
917,3.35022e-06,4.18132e-06,2.9271e-06,50,100,100,239158,10 2 6 0 3 5 8 4 1 7 11 9 
918,3.31461e-06,4.18132e-06,2.9814e-06,50,100,100,239158,10 2 6 0 3 5 8 4 1 7 11 9 
919,3.32021e-06,4.18132e-06,3.00422e-06,50,100,100,239158,10 2 6 0 3 5 8 4 1 7 11 9 
920,3.3208e-06,4.18132e-06,2.88571e-06,50,100,100,239158,10 2 6 0 3 5 8 4 1 7 11 9 
921,3.31483e-06,4.18132e-06,2.99101e-06,50,100,100,239158,10 2 6 0 3 5 8 4 1 7 11 9 
922,3.2877e-06,4.18132e-06,2.90808e-06,50,100,100,239158,10 2 6 0 3 5 8 4 1 7 11 9 
923,3.3284e-06,4.18132e-06,2.94266e-06,50,100,100,239158,10 2 6 0 3 5 8 4 1 7 11 9 
924,3.32293e-06,4.18132e-06,3.02597e-06,50,100,100,239158,10 2 6 0 3 5 8 4 1 7 11 9 
925,3.30622e-06,4.18132e-06,2.88373e-06,50,100,100,239158,10 2 6 0 3 5 8 4 1 7 11 9 
926,3.28028e-06,4.18132e-06,2.93325e-06,50,100,100,239158,10 2 6 0 3 5 8 4 1 7 11 9 
927,3.29058e-06,4.18132e-06,2.95562e-06,50,100,100,239158,10 2 6 0 3 5 8 4 1 7 11 9 
928,3.28541e-06,4.18132e-06,2.91653e-06,50,100,100,239158,10 2 6 0 3 5 8 4 1 7 11 9 
929,3.29704e-06,4.18132e-06,2.9682e-06,50,100,100,239158,10 2 6 0 3 5 8 4 1 7 11 9 
930,3.31613e-06,4.18132e-06,2.98138e-06,50,100,100,239158,10 2 6 0 3 5 8 4 1 7 11 9 
931,3.32804e-06,4.18132e-06,3.04673e-06,50,100,100,239158,10 2 6 0 3 5 8 4 1 7 11 9 
932,3.32455e-06,4.18132e-06,2.93192e-06,50,100,100,239158,10 2 6 0 3 5 8 4 1 7 11 9 
933,3.34412e-06,4.18132e-06,3.02483e-06,50,100,100,239158,10 2 6 0 3 5 8 4 1 7 11 9 
934,3.32731e-06,4.18132e-06,2.97872e-06,50,100,100,239158,10 2 6 0 3 5 8 4 1 7 11 9 
935,3.29588e-06,4.18132e-06,2.94524e-06,50,100,100,239158,10 2 6 0 3 5 8 4 1 7 11 9 
936,3.29981e-06,4.18132e-06,2.9589e-06,50,100,100,239158,10 2 6 0 3 5 8 4 1 7 11 9 
937,3.29656e-06,4.18132e-06,2.90599e-06,50,100,100,239158,10 2 6 0 3 5 8 4 1 7 11 9 
938,3.28434e-06,4.18132e-06,2.90624e-06,50,100,100,239158,10 2 6 0 3 5 8 4 1 7 11 9 
939,3.29315e-06,4.18132e-06,2.9287e-06,50,100,100,239158,10 2 6 0 3 5 8 4 1 7 11 9 
940,3.30218e-06,4.18132e-06,3.02209e-06,50,100,100,239158,10 2 6 0 3 5 8 4 1 7 11 9 
941,3.29826e-06,4.18132e-06,3.02501e-06,50,100,100,239158,10 2 6 0 3 5 8 4 1 7 11 9 
942,3.28744e-06,4.18132e-06,2.90038e-06,50,100,100,239158,10 2 6 0 3 5 8 4 1 7 11 9 
943,3.32555e-06,4.18132e-06,3.01853e-06,50,100,100,239158,10 2 6 0 3 5 8 4 1 7 11 9 
944,3.3254e-06,4.18132e-06,2.96788e-06,50,100,100,239158,10 2 6 0 3 5 8 4 1 7 11 9 
945,3.35228e-06,4.18132e-06,2.95368e-06,50,100,100,239158,10 2 6 0 3 5 8 4 1 7 11 9 
946,3.2946e-06,4.18132e-06,2.84016e-06,50,100,100,239158,10 2 6 0 3 5 8 4 1 7 11 9 
947,3.32828e-06,4.18132e-06,2.86665e-06,50,100,100,239158,10 2 6 0 3 5 8 4 1 7 11 9 
948,3.32958e-06,4.18132e-06,2.95882e-06,50,100,100,239158,10 2 6 0 3 5 8 4 1 7 11 9 
949,3.28662e-06,4.18132e-06,3.00433e-06,50,100,100,239158,10 2 6 0 3 5 8 4 1 7 11 9 
950,3.32812e-06,4.18132e-06,3.00137e-06,50,100,100,239158,10 2 6 0 3 5 8 4 1 7 11 9 
951,3.34064e-06,4.18132e-06,2.99887e-06,50,100,100,239158,10 2 6 0 3 5 8 4 1 7 11 9 
952,3.29466e-06,4.18132e-06,2.88968e-06,50,100,100,239158,10 2 6 0 3 5 8 4 1 7 11 9 
953,3.31569e-06,4.18132e-06,3.0383e-06,50,100,100,239158,10 2 6 0 3 5 8 4 1 7 11 9 
954,3.28158e-06,4.18132e-06,2.88433e-06,50,100,100,239158,10 2 6 0 3 5 8 4 1 7 11 9 
955,3.27541e-06,4.18132e-06,2.93366e-06,50,100,100,239158,10 2 6 0 3 5 8 4 1 7 11 9 
956,3.30679e-06,4.18132e-06,2.9408e-06,50,100,100,239158,10 2 6 0 3 5 8 4 1 7 11 9 
957,3.31094e-06,4.18132e-06,2.96137e-06,50,100,100,239158,10 2 6 0 3 5 8 4 1 7 11 9 
958,3.32106e-06,4.18132e-06,2.95798e-06,50,100,100,239158,10 2 6 0 3 5 8 4 1 7 11 9 
959,3.33354e-06,4.18132e-06,3.03086e-06,50,100,100,239158,10 2 6 0 3 5 8 4 1 7 11 9 
960,3.30022e-06,4.18132e-06,2.97989e-06,50,100,100,239158,10 2 6 0 3 5 8 4 1 7 11 9 
961,3.28488e-06,4.18132e-06,2.97054e-06,50,100,100,239158,10 2 6 0 3 5 8 4 1 7 11 9 
962,3.27782e-06,4.18132e-06,2.88458e-06,50,100,100,239158,10 2 6 0 3 5 8 4 1 7 11 9 
963,3.32189e-06,4.18132e-06,2.94122e-06,50,100,100,239158,10 2 6 0 3 5 8 4 1 7 11 9 
964,3.30754e-06,4.18132e-06,2.98028e-06,50,100,100,239158,10 2 6 0 3 5 8 4 1 7 11 9 
965,3.31711e-06,4.18132e-06,2.99028e-06,50,100,100,239158,10 2 6 0 3 5 8 4 1 7 11 9 
966,3.32129e-06,4.18132e-06,2.9332e-06,50,100,100,239158,10 2 6 0 3 5 8 4 1 7 11 9 
967,3.31582e-06,4.18132e-06,2.93818e-06,50,100,100,239158,10 2 6 0 3 5 8 4 1 7 11 9 
968,3.30739e-06,4.18132e-06,2.98924e-06,50,100,100,239158,10 2 6 0 3 5 8 4 1 7 11 9 
969,3.30563e-06,4.18132e-06,2.97822e-06,50,100,100,239158,10 2 6 0 3 5 8 4 1 7 11 9 
970,3.30828e-06,4.18132e-06,2.975e-06,50,100,100,239158,10 2 6 0 3 5 8 4 1 7 11 9 
971,3.29097e-06,4.18132e-06,2.9468e-06,50,100,100,239158,10 2 6 0 3 5 8 4 1 7 11 9 
972,3.30149e-06,4.18132e-06,2.99503e-06,50,100,100,239158,10 2 6 0 3 5 8 4 1 7 11 9 
973,3.26621e-06,4.18132e-06,2.9906e-06,50,100,100,239158,10 2 6 0 3 5 8 4 1 7 11 9 
974,3.30341e-06,4.18132e-06,2.95875e-06,50,100,100,239158,10 2 6 0 3 5 8 4 1 7 11 9 
975,3.28569e-06,4.18132e-06,2.92496e-06,50,100,100,239158,10 2 6 0 3 5 8 4 1 7 11 9 
976,3.31109e-06,4.18132e-06,2.98965e-06,50,100,100,239158,10 2 6 0 3 5 8 4 1 7 11 9 
977,3.31614e-06,4.18132e-06,2.96297e-06,50,100,100,239158,10 2 6 0 3 5 8 4 1 7 11 9 
978,3.30522e-06,4.18132e-06,3.03843e-06,50,100,100,239158,10 2 6 0 3 5 8 4 1 7 11 9 
979,3.30458e-06,4.18132e-06,2.97952e-06,50,100,100,239158,10 2 6 0 3 5 8 4 1 7 11 9 
980,3.29328e-06,4.18132e-06,2.97323e-06,50,100,100,239158,10 2 6 0 3 5 8 4 1 7 11 9 
981,3.3137e-06,4.18132e-06,2.97028e-06,50,100,100,239158,10 2 6 0 3 5 8 4 1 7 11 9 
982,3.3288e-06,4.18132e-06,3.00381e-06,50,100,100,239158,10 2 6 0 3 5 8 4 1 7 11 9 
983,3.33557e-06,4.18132e-06,3.0473e-06,50,100,100,239158,10 2 6 0 3 5 8 4 1 7 11 9 
984,3.33558e-06,4.18132e-06,2.89189e-06,50,100,100,239158,10 2 6 0 3 5 8 4 1 7 11 9 
985,3.34864e-06,4.18132e-06,2.96851e-06,50,100,100,239158,10 2 6 0 3 5 8 4 1 7 11 9 
986,3.3298e-06,4.18132e-06,3.00937e-06,50,100,100,239158,10 2 6 0 3 5 8 4 1 7 11 9 
987,3.30704e-06,4.18132e-06,3.00923e-06,50,100,100,239158,10 2 6 0 3 5 8 4 1 7 11 9 
988,3.33214e-06,4.18132e-06,2.93908e-06,50,100,100,239158,10 2 6 0 3 5 8 4 1 7 11 9 
989,3.32596e-06,4.18132e-06,2.93506e-06,50,100,100,239158,10 2 6 0 3 5 8 4 1 7 11 9 
990,3.33071e-06,4.18132e-06,2.98094e-06,50,100,100,239158,10 2 6 0 3 5 8 4 1 7 11 9 
991,3.30727e-06,4.18132e-06,3.01026e-06,50,100,100,239158,10 2 6 0 3 5 8 4 1 7 11 9 
992,3.32568e-06,4.18132e-06,3.04161e-06,50,100,100,239158,10 2 6 0 3 5 8 4 1 7 11 9 
993,3.30613e-06,4.18132e-06,2.93316e-06,50,100,100,239158,10 2 6 0 3 5 8 4 1 7 11 9 
994,3.31456e-06,4.18132e-06,2.95803e-06,50,100,100,239158,10 2 6 0 3 5 8 4 1 7 11 9 
995,3.34401e-06,4.18132e-06,2.92445e-06,50,100,100,239158,10 2 6 0 3 5 8 4 1 7 11 9 
996,3.31779e-06,4.18132e-06,2.98078e-06,50,100,100,239158,10 2 6 0 3 5 8 4 1 7 11 9 
997,3.31582e-06,4.18132e-06,2.93401e-06,50,100,100,239158,10 2 6 0 3 5 8 4 1 7 11 9 
998,3.32428e-06,4.18132e-06,2.89567e-06,50,100,100,239158,10 2 6 0 3 5 8 4 1 7 11 9 
999,3.29344e-06,4.18132e-06,2.94522e-06,50,100,100,239158,10 2 6 0 3 5 8 4 1 7 11 9 
