Generación,Media,Mejor,Peor,Cruzas,Mutaciones,Inversiones,Costo,Permutación
1,3.28641e-06,3.77482e-06,2.96559e-06,50,100,100,264912,1 11 3 0 9 6 4 7 8 5 2 10 
2,3.31706e-06,3.77482e-06,2.94442e-06,50,100,100,264912,1 11 3 0 9 6 4 7 8 5 2 10 
3,3.31636e-06,3.77482e-06,2.98024e-06,50,100,100,264912,1 11 3 0 9 6 4 7 8 5 2 10 
4,3.29583e-06,3.77482e-06,2.98903e-06,50,100,100,264912,1 11 3 0 9 6 4 7 8 5 2 10 
5,3.26923e-06,3.77482e-06,2.94144e-06,50,100,100,264912,1 11 3 0 9 6 4 7 8 5 2 10 
6,3.25945e-06,3.83261e-06,2.96959e-06,50,100,100,260918,9 2 11 0 5 4 6 3 7 8 1 10 
7,3.305e-06,3.91091e-06,3.01004e-06,50,100,100,255694,1 6 4 0 11 9 3 7 8 5 2 10 
8,3.2876e-06,3.91091e-06,2.99065e-06,50,100,100,255694,1 6 4 0 11 9 3 7 8 5 2 10 
9,3.29369e-06,3.91091e-06,2.93618e-06,50,100,100,255694,1 6 4 0 11 9 3 7 8 5 2 10 
10,3.32046e-06,3.91091e-06,2.96996e-06,50,100,100,255694,1 6 4 0 11 9 3 7 8 5 2 10 
11,3.30216e-06,3.91091e-06,2.97671e-06,50,100,100,255694,1 6 4 0 11 9 3 7 8 5 2 10 
12,3.29705e-06,3.91091e-06,2.97847e-06,50,100,100,255694,1 6 4 0 11 9 3 7 8 5 2 10 
13,3.29787e-06,3.91091e-06,3.0029e-06,50,100,100,255694,1 6 4 0 11 9 3 7 8 5 2 10 
14,3.27326e-06,3.91091e-06,2.98327e-06,50,100,100,255694,1 6 4 0 11 9 3 7 8 5 2 10 
15,3.29626e-06,3.91091e-06,2.98344e-06,50,100,100,255694,1 6 4 0 11 9 3 7 8 5 2 10 
16,3.29534e-06,3.91091e-06,2.93861e-06,50,100,100,255694,1 6 4 0 11 9 3 7 8 5 2 10 
17,3.30775e-06,3.91091e-06,2.91658e-06,50,100,100,255694,1 6 4 0 11 9 3 7 8 5 2 10 
18,3.28174e-06,3.91091e-06,2.91919e-06,50,100,100,255694,1 6 4 0 11 9 3 7 8 5 2 10 
19,3.31894e-06,3.91091e-06,2.97701e-06,50,100,100,255694,1 6 4 0 11 9 3 7 8 5 2 10 
20,3.3279e-06,3.91091e-06,2.97877e-06,50,100,100,255694,1 6 4 0 11 9 3 7 8 5 2 10 
21,3.33191e-06,3.91091e-06,2.98106e-06,50,100,100,255694,1 6 4 0 11 9 3 7 8 5 2 10 
22,3.34514e-06,3.91091e-06,3.01269e-06,50,100,100,255694,1 6 4 0 11 9 3 7 8 5 2 10 
23,3.29578e-06,3.91091e-06,2.956e-06,50,100,100,255694,1 6 4 0 11 9 3 7 8 5 2 10 
24,3.27988e-06,3.91091e-06,2.95855e-06,50,100,100,255694,1 6 4 0 11 9 3 7 8 5 2 10 
25,3.29047e-06,3.91091e-06,2.97744e-06,50,100,100,255694,1 6 4 0 11 9 3 7 8 5 2 10 
26,3.30707e-06,3.91091e-06,2.97174e-06,50,100,100,255694,1 6 4 0 11 9 3 7 8 5 2 10 
27,3.30799e-06,3.91091e-06,2.99074e-06,50,100,100,255694,1 6 4 0 11 9 3 7 8 5 2 10 
28,3.32297e-06,3.91091e-06,2.90574e-06,50,100,100,255694,1 6 4 0 11 9 3 7 8 5 2 10 
29,3.32605e-06,3.91091e-06,2.98526e-06,50,100,100,255694,1 6 4 0 11 9 3 7 8 5 2 10 
30,3.32831e-06,3.91091e-06,3.00511e-06,50,100,100,255694,1 6 4 0 11 9 3 7 8 5 2 10 
31,3.293e-06,3.91091e-06,2.96362e-06,50,100,100,255694,1 6 4 0 11 9 3 7 8 5 2 10 
32,3.28815e-06,3.91091e-06,2.93062e-06,50,100,100,255694,1 6 4 0 11 9 3 7 8 5 2 10 
33,3.29895e-06,3.91091e-06,2.98674e-06,50,100,100,255694,1 6 4 0 11 9 3 7 8 5 2 10 
34,3.27638e-06,3.91091e-06,2.98833e-06,50,100,100,255694,1 6 4 0 11 9 3 7 8 5 2 10 
35,3.29225e-06,3.91091e-06,2.93878e-06,50,100,100,255694,1 6 4 0 11 9 3 7 8 5 2 10 
36,3.30356e-06,3.91091e-06,2.9512e-06,50,100,100,255694,1 6 4 0 11 9 3 7 8 5 2 10 
37,3.31929e-06,3.91091e-06,2.97873e-06,50,100,100,255694,1 6 4 0 11 9 3 7 8 5 2 10 
38,3.33678e-06,3.91091e-06,2.95642e-06,50,100,100,255694,1 6 4 0 11 9 3 7 8 5 2 10 
39,3.31837e-06,3.91091e-06,2.93432e-06,50,100,100,255694,1 6 4 0 11 9 3 7 8 5 2 10 
40,3.32478e-06,3.91091e-06,3.01917e-06,50,100,100,255694,1 6 4 0 11 9 3 7 8 5 2 10 
41,3.32711e-06,3.91091e-06,2.9625e-06,50,100,100,255694,1 6 4 0 11 9 3 7 8 5 2 10 
42,3.31216e-06,3.91091e-06,3.03068e-06,50,100,100,255694,1 6 4 0 11 9 3 7 8 5 2 10 
43,3.32705e-06,3.91091e-06,2.98919e-06,50,100,100,255694,1 6 4 0 11 9 3 7 8 5 2 10 
44,3.34779e-06,3.91091e-06,2.99916e-06,50,100,100,255694,1 6 4 0 11 9 3 7 8 5 2 10 
45,3.3454e-06,3.91091e-06,3.0037e-06,50,100,100,255694,1 6 4 0 11 9 3 7 8 5 2 10 
46,3.3372e-06,3.91091e-06,2.99966e-06,50,100,100,255694,1 6 4 0 11 9 3 7 8 5 2 10 
47,3.34972e-06,3.91091e-06,2.98092e-06,50,100,100,255694,1 6 4 0 11 9 3 7 8 5 2 10 
48,3.33425e-06,3.91091e-06,2.97195e-06,50,100,100,255694,1 6 4 0 11 9 3 7 8 5 2 10 
49,3.35104e-06,3.91091e-06,2.93857e-06,50,100,100,255694,1 6 4 0 11 9 3 7 8 5 2 10 
50,3.34699e-06,3.91091e-06,2.95626e-06,50,100,100,255694,1 6 4 0 11 9 3 7 8 5 2 10 
51,3.35701e-06,3.91091e-06,2.91762e-06,50,100,100,255694,1 6 4 0 11 9 3 7 8 5 2 10 
52,3.37054e-06,3.96553e-06,3.03893e-06,50,100,100,252172,1 6 4 0 11 9 3 8 7 5 2 10 
53,3.37269e-06,3.96553e-06,3.05221e-06,50,100,100,252172,1 6 4 0 11 9 3 8 7 5 2 10 
54,3.38059e-06,3.96553e-06,3.05067e-06,50,100,100,252172,1 6 4 0 11 9 3 8 7 5 2 10 
55,3.39786e-06,3.96553e-06,3.00534e-06,50,100,100,252172,1 6 4 0 11 9 3 8 7 5 2 10 
56,3.33493e-06,3.96553e-06,2.95291e-06,50,100,100,252172,1 6 4 0 11 9 3 8 7 5 2 10 
57,3.35415e-06,3.96553e-06,3.03473e-06,50,100,100,252172,1 6 4 0 11 9 3 8 7 5 2 10 
58,3.39379e-06,3.96553e-06,2.95831e-06,50,100,100,252172,1 6 4 0 11 9 3 8 7 5 2 10 
59,3.34359e-06,3.96553e-06,3.09191e-06,50,100,100,252172,1 6 4 0 11 9 3 8 7 5 2 10 
60,3.33741e-06,3.96553e-06,2.98915e-06,50,100,100,252172,1 6 4 0 11 9 3 8 7 5 2 10 
61,3.34186e-06,3.96553e-06,3e-06,50,100,100,252172,1 6 4 0 11 9 3 8 7 5 2 10 
62,3.33273e-06,3.96553e-06,2.96918e-06,50,100,100,252172,1 6 4 0 11 9 3 8 7 5 2 10 
63,3.33033e-06,3.96553e-06,3.07385e-06,50,100,100,252172,1 6 4 0 11 9 3 8 7 5 2 10 
64,3.32319e-06,3.96553e-06,2.9651e-06,50,100,100,252172,1 6 4 0 11 9 3 8 7 5 2 10 
65,3.34379e-06,3.96553e-06,2.93844e-06,50,100,100,252172,1 6 4 0 11 9 3 8 7 5 2 10 
66,3.32913e-06,3.96553e-06,3.02032e-06,50,100,100,252172,1 6 4 0 11 9 3 8 7 5 2 10 
67,3.32229e-06,3.96553e-06,2.98133e-06,50,100,100,252172,1 6 4 0 11 9 3 8 7 5 2 10 
68,3.31006e-06,3.96553e-06,3.06595e-06,50,100,100,252172,1 6 4 0 11 9 3 8 7 5 2 10 
69,3.3149e-06,3.96553e-06,2.99425e-06,50,100,100,252172,1 6 4 0 11 9 3 8 7 5 2 10 
70,3.33657e-06,3.96553e-06,3.01837e-06,50,100,100,252172,1 6 4 0 11 9 3 8 7 5 2 10 
71,3.36504e-06,3.96553e-06,2.98569e-06,50,100,100,252172,1 6 4 0 11 9 3 8 7 5 2 10 
72,3.33042e-06,3.96553e-06,3.02813e-06,50,100,100,252172,1 6 4 0 11 9 3 8 7 5 2 10 
73,3.32032e-06,3.96553e-06,3.03858e-06,50,100,100,252172,1 6 4 0 11 9 3 8 7 5 2 10 
74,3.33451e-06,3.96553e-06,3.01019e-06,50,100,100,252172,1 6 4 0 11 9 3 8 7 5 2 10 
75,3.36456e-06,3.96553e-06,2.95486e-06,50,100,100,252172,1 6 4 0 11 9 3 8 7 5 2 10 
76,3.34983e-06,3.96553e-06,2.93902e-06,50,100,100,252172,1 6 4 0 11 9 3 8 7 5 2 10 
77,3.3604e-06,3.96553e-06,3.01722e-06,50,100,100,252172,1 6 4 0 11 9 3 8 7 5 2 10 
78,3.3336e-06,3.96553e-06,3.02868e-06,50,100,100,252172,1 6 4 0 11 9 3 8 7 5 2 10 
79,3.29091e-06,3.96553e-06,2.92957e-06,50,100,100,252172,1 6 4 0 11 9 3 8 7 5 2 10 
80,3.27838e-06,3.96553e-06,2.8832e-06,50,100,100,252172,1 6 4 0 11 9 3 8 7 5 2 10 
81,3.32765e-06,3.96553e-06,2.99069e-06,50,100,100,252172,1 6 4 0 11 9 3 8 7 5 2 10 
82,3.32592e-06,3.96553e-06,2.95063e-06,50,100,100,252172,1 6 4 0 11 9 3 8 7 5 2 10 
83,3.29156e-06,3.96553e-06,2.98578e-06,50,100,100,252172,1 6 4 0 11 9 3 8 7 5 2 10 
84,3.31887e-06,3.96553e-06,3.07026e-06,50,100,100,252172,1 6 4 0 11 9 3 8 7 5 2 10 
85,3.30675e-06,3.96553e-06,2.90398e-06,50,100,100,252172,1 6 4 0 11 9 3 8 7 5 2 10 
86,3.33596e-06,3.96553e-06,2.9915e-06,50,100,100,252172,1 6 4 0 11 9 3 8 7 5 2 10 
87,3.3287e-06,3.96553e-06,2.99203e-06,50,100,100,252172,1 6 4 0 11 9 3 8 7 5 2 10 
88,3.35413e-06,3.96553e-06,3.00733e-06,50,100,100,252172,1 6 4 0 11 9 3 8 7 5 2 10 
89,3.34269e-06,3.96553e-06,2.93754e-06,50,100,100,252172,1 6 4 0 11 9 3 8 7 5 2 10 
90,3.34963e-06,3.96553e-06,3.02802e-06,50,100,100,252172,1 6 4 0 11 9 3 8 7 5 2 10 
91,3.33043e-06,3.96553e-06,3.03248e-06,50,100,100,252172,1 6 4 0 11 9 3 8 7 5 2 10 
92,3.33559e-06,3.96553e-06,2.99801e-06,50,100,100,252172,1 6 4 0 11 9 3 8 7 5 2 10 
93,3.35213e-06,3.96553e-06,2.97654e-06,50,100,100,252172,1 6 4 0 11 9 3 8 7 5 2 10 
94,3.31304e-06,3.96553e-06,2.93925e-06,50,100,100,252172,1 6 4 0 11 9 3 8 7 5 2 10 
95,3.33474e-06,3.96553e-06,3.02214e-06,50,100,100,252172,1 6 4 0 11 9 3 8 7 5 2 10 
96,3.3502e-06,3.96553e-06,3.00623e-06,50,100,100,252172,1 6 4 0 11 9 3 8 7 5 2 10 
97,3.3542e-06,3.97395e-06,3.00343e-06,50,100,100,251638,1 6 4 0 11 3 9 8 7 5 2 10 
98,3.34438e-06,3.97395e-06,2.88719e-06,50,100,100,251638,1 6 4 0 11 3 9 8 7 5 2 10 
99,3.35746e-06,3.97395e-06,3.03526e-06,50,100,100,251638,1 6 4 0 11 3 9 8 7 5 2 10 
100,3.37285e-06,3.97395e-06,2.97379e-06,50,100,100,251638,1 6 4 0 11 3 9 8 7 5 2 10 
101,3.37803e-06,3.97395e-06,2.9598e-06,50,100,100,251638,1 6 4 0 11 3 9 8 7 5 2 10 
102,3.35284e-06,3.97395e-06,3.00238e-06,50,100,100,251638,1 6 4 0 11 3 9 8 7 5 2 10 
103,3.35359e-06,3.97395e-06,3.06494e-06,50,100,100,251638,1 6 4 0 11 3 9 8 7 5 2 10 
104,3.34382e-06,3.97395e-06,3.01014e-06,50,100,100,251638,1 6 4 0 11 3 9 8 7 5 2 10 
105,3.34251e-06,3.97395e-06,3.05412e-06,50,100,100,251638,1 6 4 0 11 3 9 8 7 5 2 10 
106,3.34323e-06,3.97395e-06,2.9868e-06,50,100,100,251638,1 6 4 0 11 3 9 8 7 5 2 10 
107,3.35306e-06,3.97395e-06,3.05436e-06,50,100,100,251638,1 6 4 0 11 3 9 8 7 5 2 10 
108,3.34905e-06,3.97395e-06,2.99797e-06,50,100,100,251638,1 6 4 0 11 3 9 8 7 5 2 10 
109,3.34503e-06,3.97395e-06,3.00083e-06,50,100,100,251638,1 6 4 0 11 3 9 8 7 5 2 10 
110,3.34719e-06,3.97395e-06,3.0245e-06,50,100,100,251638,1 6 4 0 11 3 9 8 7 5 2 10 
111,3.34124e-06,3.97395e-06,2.99797e-06,50,100,100,251638,1 6 4 0 11 3 9 8 7 5 2 10 
112,3.33336e-06,3.97395e-06,3.00038e-06,50,100,100,251638,1 6 4 0 11 3 9 8 7 5 2 10 
113,3.34432e-06,3.97395e-06,2.97849e-06,50,100,100,251638,1 6 4 0 11 3 9 8 7 5 2 10 
114,3.36764e-06,3.97395e-06,3.0427e-06,50,100,100,251638,1 6 4 0 11 3 9 8 7 5 2 10 
115,3.35479e-06,3.97395e-06,3.01527e-06,50,100,100,251638,1 6 4 0 11 3 9 8 7 5 2 10 
116,3.35953e-06,3.97395e-06,3.06812e-06,50,100,100,251638,1 6 4 0 11 3 9 8 7 5 2 10 
117,3.33689e-06,3.97395e-06,3.01955e-06,50,100,100,251638,1 6 4 0 11 3 9 8 7 5 2 10 
118,3.34906e-06,3.97395e-06,2.99981e-06,50,100,100,251638,1 6 4 0 11 3 9 8 7 5 2 10 
119,3.36381e-06,3.97395e-06,2.92679e-06,50,100,100,251638,1 6 4 0 11 3 9 8 7 5 2 10 
120,3.32825e-06,3.97395e-06,3.03037e-06,50,100,100,251638,1 6 4 0 11 3 9 8 7 5 2 10 
121,3.31135e-06,3.97395e-06,2.97377e-06,50,100,100,251638,1 6 4 0 11 3 9 8 7 5 2 10 
122,3.33045e-06,3.97395e-06,2.98772e-06,50,100,100,251638,1 6 4 0 11 3 9 8 7 5 2 10 
123,3.35187e-06,3.97395e-06,2.91295e-06,50,100,100,251638,1 6 4 0 11 3 9 8 7 5 2 10 
124,3.33195e-06,3.97395e-06,2.96245e-06,50,100,100,251638,1 6 4 0 11 3 9 8 7 5 2 10 
125,3.34903e-06,3.97395e-06,2.98375e-06,50,100,100,251638,1 6 4 0 11 3 9 8 7 5 2 10 
126,3.34601e-06,3.97395e-06,2.97243e-06,50,100,100,251638,1 6 4 0 11 3 9 8 7 5 2 10 
127,3.36896e-06,3.97395e-06,3.02054e-06,50,100,100,251638,1 6 4 0 11 3 9 8 7 5 2 10 
128,3.35874e-06,3.97395e-06,3.0694e-06,50,100,100,251638,1 6 4 0 11 3 9 8 7 5 2 10 
129,3.3746e-06,3.97395e-06,2.98539e-06,50,100,100,251638,1 6 4 0 11 3 9 8 7 5 2 10 
130,3.36127e-06,3.97395e-06,3.02644e-06,50,100,100,251638,1 6 4 0 11 3 9 8 7 5 2 10 
131,3.34246e-06,4.05533e-06,3.02463e-06,50,100,100,246588,6 9 0 3 11 1 7 5 2 8 4 10 
132,3.35675e-06,4.05533e-06,2.8551e-06,50,100,100,246588,6 9 0 3 11 1 7 5 2 8 4 10 
133,3.354e-06,4.05533e-06,3.00045e-06,50,100,100,246588,6 9 0 3 11 1 7 5 2 8 4 10 
134,3.35596e-06,4.05533e-06,2.9856e-06,50,100,100,246588,6 9 0 3 11 1 7 5 2 8 4 10 
135,3.35519e-06,4.05533e-06,2.96591e-06,50,100,100,246588,6 9 0 3 11 1 7 5 2 8 4 10 
136,3.34893e-06,4.05533e-06,3.05221e-06,50,100,100,246588,6 9 0 3 11 1 7 5 2 8 4 10 
137,3.3759e-06,4.05533e-06,2.98191e-06,50,100,100,246588,6 9 0 3 11 1 7 5 2 8 4 10 
138,3.39316e-06,4.05533e-06,2.99838e-06,50,100,100,246588,6 9 0 3 11 1 7 5 2 8 4 10 
139,3.44771e-06,4.05533e-06,3.09825e-06,50,100,100,246588,6 9 0 3 11 1 7 5 2 8 4 10 
140,3.4147e-06,4.05533e-06,3.05257e-06,50,100,100,246588,6 9 0 3 11 1 7 5 2 8 4 10 
141,3.41112e-06,4.05533e-06,2.92619e-06,50,100,100,246588,6 9 0 3 11 1 7 5 2 8 4 10 
142,3.40629e-06,4.05533e-06,2.9698e-06,50,100,100,246588,6 9 0 3 11 1 7 5 2 8 4 10 
143,3.41094e-06,4.05533e-06,2.86731e-06,50,100,100,246588,6 9 0 3 11 1 7 5 2 8 4 10 
144,3.42411e-06,4.05533e-06,2.96749e-06,50,100,100,246588,6 9 0 3 11 1 7 5 2 8 4 10 
145,3.43015e-06,4.05533e-06,2.96396e-06,50,100,100,246588,6 9 0 3 11 1 7 5 2 8 4 10 
146,3.43953e-06,4.05533e-06,3.01769e-06,50,100,100,246588,6 9 0 3 11 1 7 5 2 8 4 10 
147,3.4466e-06,4.05533e-06,3.01808e-06,50,100,100,246588,6 9 0 3 11 1 7 5 2 8 4 10 
148,3.41705e-06,4.05533e-06,3.02476e-06,50,100,100,246588,6 9 0 3 11 1 7 5 2 8 4 10 
149,3.43519e-06,4.05533e-06,2.99375e-06,50,100,100,246588,6 9 0 3 11 1 7 5 2 8 4 10 
150,3.41827e-06,4.05533e-06,2.94029e-06,50,100,100,246588,6 9 0 3 11 1 7 5 2 8 4 10 
151,3.44392e-06,4.05533e-06,3.00914e-06,50,100,100,246588,6 9 0 3 11 1 7 5 2 8 4 10 
152,3.46e-06,4.05533e-06,3.08666e-06,50,100,100,246588,6 9 0 3 11 1 7 5 2 8 4 10 
153,3.48172e-06,4.05533e-06,3.03002e-06,50,100,100,246588,6 9 0 3 11 1 7 5 2 8 4 10 
154,3.51551e-06,4.05533e-06,3.1101e-06,50,100,100,246588,6 9 0 3 11 1 7 5 2 8 4 10 
155,3.53404e-06,4.05533e-06,3.08376e-06,50,100,100,246588,6 9 0 3 11 1 7 5 2 8 4 10 
156,3.54593e-06,4.13485e-06,2.98915e-06,50,100,100,241846,6 9 0 3 11 4 7 5 2 8 1 10 
157,3.55304e-06,4.13485e-06,3.09422e-06,50,100,100,241846,6 9 0 3 11 4 7 5 2 8 1 10 
158,3.5724e-06,4.13485e-06,3.02101e-06,50,100,100,241846,6 9 0 3 11 4 7 5 2 8 1 10 
159,3.52122e-06,4.13485e-06,3.08763e-06,50,100,100,241846,6 9 0 3 11 4 7 5 2 8 1 10 
160,3.53612e-06,4.13485e-06,3.05596e-06,50,100,100,241846,6 9 0 3 11 4 7 5 2 8 1 10 
161,3.56494e-06,4.13485e-06,3.10023e-06,50,100,100,241846,6 9 0 3 11 4 7 5 2 8 1 10 
162,3.57035e-06,4.13485e-06,3.02994e-06,50,100,100,241846,6 9 0 3 11 4 7 5 2 8 1 10 
163,3.51631e-06,4.13485e-06,2.96665e-06,50,100,100,241846,6 9 0 3 11 4 7 5 2 8 1 10 
164,3.53668e-06,4.13485e-06,3.07572e-06,50,100,100,241846,6 9 0 3 11 4 7 5 2 8 1 10 
165,3.53623e-06,4.13485e-06,3.03436e-06,50,100,100,241846,6 9 0 3 11 4 7 5 2 8 1 10 
166,3.52248e-06,4.13485e-06,3.03849e-06,50,100,100,241846,6 9 0 3 11 4 7 5 2 8 1 10 
167,3.48312e-06,4.13485e-06,3.05533e-06,50,100,100,241846,6 9 0 3 11 4 7 5 2 8 1 10 
168,3.4929e-06,4.13485e-06,3.0661e-06,50,100,100,241846,6 9 0 3 11 4 7 5 2 8 1 10 
169,3.51938e-06,4.16981e-06,3.02516e-06,50,100,100,239818,6 9 11 3 0 4 7 5 2 1 8 10 
170,3.54279e-06,4.16981e-06,3.02048e-06,50,100,100,239818,6 9 11 3 0 4 7 5 2 1 8 10 
171,3.55608e-06,4.16981e-06,3.13351e-06,50,100,100,239818,6 9 11 3 0 4 7 5 2 1 8 10 
172,3.50932e-06,4.16981e-06,2.99607e-06,50,100,100,239818,6 9 11 3 0 4 7 5 2 1 8 10 
173,3.53205e-06,4.16981e-06,3.05242e-06,50,100,100,239818,6 9 11 3 0 4 7 5 2 1 8 10 
174,3.58806e-06,4.16981e-06,3.09139e-06,50,100,100,239818,6 9 11 3 0 4 7 5 2 1 8 10 
175,3.60947e-06,4.16981e-06,3.18114e-06,50,100,100,239818,6 9 11 3 0 4 7 5 2 1 8 10 
176,3.63726e-06,4.16981e-06,3.04109e-06,50,100,100,239818,6 9 11 3 0 4 7 5 2 1 8 10 
177,3.6355e-06,4.16981e-06,2.89816e-06,50,100,100,239818,6 9 11 3 0 4 7 5 2 1 8 10 
178,3.64229e-06,4.16981e-06,2.99749e-06,50,100,100,239818,6 9 11 3 0 4 7 5 2 1 8 10 
179,3.61637e-06,4.16981e-06,3.018e-06,50,100,100,239818,6 9 11 3 0 4 7 5 2 1 8 10 
180,3.61418e-06,4.16981e-06,3.01493e-06,50,100,100,239818,6 9 11 3 0 4 7 5 2 1 8 10 
181,3.52217e-06,4.16981e-06,3.04211e-06,50,100,100,239818,6 9 11 3 0 4 7 5 2 1 8 10 
182,3.54673e-06,4.16981e-06,2.94217e-06,50,100,100,239818,6 9 11 3 0 4 7 5 2 1 8 10 
183,3.55446e-06,4.16981e-06,3.01693e-06,50,100,100,239818,6 9 11 3 0 4 7 5 2 1 8 10 
184,3.58499e-06,4.16981e-06,3.08803e-06,50,100,100,239818,6 9 11 3 0 4 7 5 2 1 8 10 
185,3.6204e-06,4.16981e-06,2.97264e-06,50,100,100,239818,6 9 11 3 0 4 7 5 2 1 8 10 
186,3.60022e-06,4.16981e-06,3.06282e-06,50,100,100,239818,6 9 11 3 0 4 7 5 2 1 8 10 
187,3.60732e-06,4.16981e-06,2.95289e-06,50,100,100,239818,6 9 11 3 0 4 7 5 2 1 8 10 
188,3.54393e-06,4.16981e-06,3.00112e-06,50,100,100,239818,6 9 11 3 0 4 7 5 2 1 8 10 
189,3.57609e-06,4.16981e-06,3.05656e-06,50,100,100,239818,6 9 11 3 0 4 7 5 2 1 8 10 
190,3.60996e-06,4.16981e-06,3.03235e-06,50,100,100,239818,6 9 11 3 0 4 7 5 2 1 8 10 
191,3.52547e-06,4.16981e-06,2.95289e-06,50,100,100,239818,6 9 11 3 0 4 7 5 2 1 8 10 
192,3.52808e-06,4.16981e-06,2.99287e-06,50,100,100,239818,6 9 11 3 0 4 7 5 2 1 8 10 
193,3.52662e-06,4.16981e-06,3.00343e-06,50,100,100,239818,6 9 11 3 0 4 7 5 2 1 8 10 
194,3.56145e-06,4.16981e-06,3.02494e-06,50,100,100,239818,6 9 11 3 0 4 7 5 2 1 8 10 
195,3.57593e-06,4.16981e-06,3.07642e-06,50,100,100,239818,6 9 11 3 0 4 7 5 2 1 8 10 
196,3.57581e-06,4.16981e-06,3.08504e-06,50,100,100,239818,6 9 11 3 0 4 7 5 2 1 8 10 
197,3.60563e-06,4.16981e-06,3.10408e-06,50,100,100,239818,6 9 11 3 0 4 7 5 2 1 8 10 
198,3.56264e-06,4.16981e-06,3.08769e-06,50,100,100,239818,6 9 11 3 0 4 7 5 2 1 8 10 
199,3.58382e-06,4.16981e-06,3.07119e-06,50,100,100,239818,6 9 11 3 0 4 7 5 2 1 8 10 
200,3.58765e-06,4.16981e-06,2.96008e-06,50,100,100,239818,6 9 11 3 0 4 7 5 2 1 8 10 
201,3.57591e-06,4.16981e-06,3.00912e-06,50,100,100,239818,6 9 11 3 0 4 7 5 2 1 8 10 
202,3.51955e-06,4.16981e-06,3.03024e-06,50,100,100,239818,6 9 11 3 0 4 7 5 2 1 8 10 
203,3.53387e-06,4.16981e-06,3.12183e-06,50,100,100,239818,6 9 11 3 0 4 7 5 2 1 8 10 
204,3.53883e-06,4.16981e-06,3.09501e-06,50,100,100,239818,6 9 11 3 0 4 7 5 2 1 8 10 
205,3.56528e-06,4.16981e-06,3.09752e-06,50,100,100,239818,6 9 11 3 0 4 7 5 2 1 8 10 
206,3.55951e-06,4.16981e-06,3.14589e-06,50,100,100,239818,6 9 11 3 0 4 7 5 2 1 8 10 
207,3.55759e-06,4.16981e-06,3.0254e-06,50,100,100,239818,6 9 11 3 0 4 7 5 2 1 8 10 
208,3.57314e-06,4.16981e-06,3.04278e-06,50,100,100,239818,6 9 11 3 0 4 7 5 2 1 8 10 
209,3.55617e-06,4.16981e-06,3.03375e-06,50,100,100,239818,6 9 11 3 0 4 7 5 2 1 8 10 
210,3.58781e-06,4.16981e-06,2.9553e-06,50,100,100,239818,6 9 11 3 0 4 7 5 2 1 8 10 
211,3.6117e-06,4.16981e-06,3.06563e-06,50,100,100,239818,6 9 11 3 0 4 7 5 2 1 8 10 
212,3.60263e-06,4.16981e-06,2.99569e-06,50,100,100,239818,6 9 11 3 0 4 7 5 2 1 8 10 
213,3.58165e-06,4.16981e-06,3.07e-06,50,100,100,239818,6 9 11 3 0 4 7 5 2 1 8 10 
214,3.59293e-06,4.16981e-06,3.01307e-06,50,100,100,239818,6 9 11 3 0 4 7 5 2 1 8 10 
215,3.58083e-06,4.16981e-06,2.99619e-06,50,100,100,239818,6 9 11 3 0 4 7 5 2 1 8 10 
216,3.62204e-06,4.16981e-06,2.99101e-06,50,100,100,239818,6 9 11 3 0 4 7 5 2 1 8 10 
217,3.61416e-06,4.16981e-06,3.08361e-06,50,100,100,239818,6 9 11 3 0 4 7 5 2 1 8 10 
218,3.56304e-06,4.16981e-06,3.03862e-06,50,100,100,239818,6 9 11 3 0 4 7 5 2 1 8 10 
219,3.55721e-06,4.16981e-06,2.97818e-06,50,100,100,239818,6 9 11 3 0 4 7 5 2 1 8 10 
220,3.55212e-06,4.16981e-06,3.03024e-06,50,100,100,239818,6 9 11 3 0 4 7 5 2 1 8 10 
221,3.52541e-06,4.16981e-06,2.93913e-06,50,100,100,239818,6 9 11 3 0 4 7 5 2 1 8 10 
222,3.55012e-06,4.16981e-06,3.03024e-06,50,100,100,239818,6 9 11 3 0 4 7 5 2 1 8 10 
223,3.58791e-06,4.16981e-06,3.05944e-06,50,100,100,239818,6 9 11 3 0 4 7 5 2 1 8 10 
224,3.59548e-06,4.16981e-06,2.9654e-06,50,100,100,239818,6 9 11 3 0 4 7 5 2 1 8 10 
225,3.54989e-06,4.16981e-06,2.91967e-06,50,100,100,239818,6 9 11 3 0 4 7 5 2 1 8 10 
226,3.54873e-06,4.16981e-06,3.07924e-06,50,100,100,239818,6 9 11 3 0 4 7 5 2 1 8 10 
227,3.52931e-06,4.16981e-06,2.99662e-06,50,100,100,239818,6 9 11 3 0 4 7 5 2 1 8 10 
228,3.54307e-06,4.16981e-06,3.04143e-06,50,100,100,239818,6 9 11 3 0 4 7 5 2 1 8 10 
229,3.5344e-06,4.16981e-06,3.01742e-06,50,100,100,239818,6 9 11 3 0 4 7 5 2 1 8 10 
230,3.57129e-06,4.16981e-06,3.05328e-06,50,100,100,239818,6 9 11 3 0 4 7 5 2 1 8 10 
231,3.58843e-06,4.16981e-06,2.9871e-06,50,100,100,239818,6 9 11 3 0 4 7 5 2 1 8 10 
232,3.56999e-06,4.16981e-06,3.0942e-06,50,100,100,239818,6 9 11 3 0 4 7 5 2 1 8 10 
233,3.54094e-06,4.16981e-06,3.08236e-06,50,100,100,239818,6 9 11 3 0 4 7 5 2 1 8 10 
234,3.56753e-06,4.16981e-06,3.09361e-06,50,100,100,239818,6 9 11 3 0 4 7 5 2 1 8 10 
235,3.583e-06,4.16981e-06,3.08118e-06,50,100,100,239818,6 9 11 3 0 4 7 5 2 1 8 10 
236,3.5854e-06,4.16981e-06,3.06466e-06,50,100,100,239818,6 9 11 3 0 4 7 5 2 1 8 10 
237,3.55857e-06,4.16981e-06,2.9559e-06,50,100,100,239818,6 9 11 3 0 4 7 5 2 1 8 10 
238,3.57031e-06,4.16981e-06,3.00316e-06,50,100,100,239818,6 9 11 3 0 4 7 5 2 1 8 10 
239,3.54405e-06,4.16981e-06,3.02917e-06,50,100,100,239818,6 9 11 3 0 4 7 5 2 1 8 10 
240,3.61735e-06,4.16981e-06,3.04859e-06,50,100,100,239818,6 9 11 3 0 4 7 5 2 1 8 10 
241,3.61256e-06,4.16981e-06,3.03004e-06,50,100,100,239818,6 9 11 3 0 4 7 5 2 1 8 10 
242,3.61918e-06,4.16981e-06,3.04903e-06,50,100,100,239818,6 9 11 3 0 4 7 5 2 1 8 10 
243,3.58457e-06,4.16981e-06,3.06355e-06,50,100,100,239818,6 9 11 3 0 4 7 5 2 1 8 10 
244,3.60878e-06,4.16981e-06,3.03642e-06,50,100,100,239818,6 9 11 3 0 4 7 5 2 1 8 10 
245,3.59223e-06,4.16981e-06,3.11801e-06,50,100,100,239818,6 9 11 3 0 4 7 5 2 1 8 10 
246,3.60984e-06,4.16981e-06,3.09284e-06,50,100,100,239818,6 9 11 3 0 4 7 5 2 1 8 10 
247,3.61719e-06,4.16981e-06,3.03024e-06,50,100,100,239818,6 9 11 3 0 4 7 5 2 1 8 10 
248,3.64248e-06,4.16981e-06,3.08335e-06,50,100,100,239818,6 9 11 3 0 4 7 5 2 1 8 10 
249,3.61465e-06,4.16981e-06,3.07241e-06,50,100,100,239818,6 9 11 3 0 4 7 5 2 1 8 10 
250,3.59704e-06,4.16981e-06,2.99153e-06,50,100,100,239818,6 9 11 3 0 4 7 5 2 1 8 10 
251,3.57915e-06,4.16981e-06,3.01913e-06,50,100,100,239818,6 9 11 3 0 4 7 5 2 1 8 10 
252,3.56234e-06,4.16981e-06,2.94217e-06,50,100,100,239818,6 9 11 3 0 4 7 5 2 1 8 10 
253,3.53813e-06,4.16981e-06,3.04491e-06,50,100,100,239818,6 9 11 3 0 4 7 5 2 1 8 10 
254,3.56584e-06,4.16981e-06,2.94854e-06,50,100,100,239818,6 9 11 3 0 4 7 5 2 1 8 10 
255,3.57457e-06,4.16981e-06,3.03024e-06,50,100,100,239818,6 9 11 3 0 4 7 5 2 1 8 10 
256,3.54253e-06,4.16981e-06,3.05537e-06,50,100,100,239818,6 9 11 3 0 4 7 5 2 1 8 10 
257,3.55627e-06,4.16981e-06,2.94802e-06,50,100,100,239818,6 9 11 3 0 4 7 5 2 1 8 10 
258,3.59021e-06,4.16981e-06,2.91376e-06,50,100,100,239818,6 9 11 3 0 4 7 5 2 1 8 10 
259,3.54164e-06,4.16981e-06,3.05619e-06,50,100,100,239818,6 9 11 3 0 4 7 5 2 1 8 10 
260,3.56891e-06,4.16981e-06,3.00051e-06,50,100,100,239818,6 9 11 3 0 4 7 5 2 1 8 10 
261,3.53385e-06,4.16981e-06,3.03094e-06,50,100,100,239818,6 9 11 3 0 4 7 5 2 1 8 10 
262,3.49899e-06,4.16981e-06,3.06535e-06,50,100,100,239818,6 9 11 3 0 4 7 5 2 1 8 10 
263,3.48055e-06,4.16981e-06,3.07862e-06,50,100,100,239818,6 9 11 3 0 4 7 5 2 1 8 10 
264,3.55961e-06,4.16981e-06,2.9911e-06,50,100,100,239818,6 9 11 3 0 4 7 5 2 1 8 10 
265,3.50839e-06,4.16981e-06,2.99044e-06,50,100,100,239818,6 9 11 3 0 4 7 5 2 1 8 10 
266,3.5343e-06,4.16981e-06,3.03197e-06,50,100,100,239818,6 9 11 3 0 4 7 5 2 1 8 10 
267,3.50371e-06,4.16981e-06,2.88628e-06,50,100,100,239818,6 9 11 3 0 4 7 5 2 1 8 10 
268,3.52554e-06,4.16981e-06,3.04126e-06,50,100,100,239818,6 9 11 3 0 4 7 5 2 1 8 10 
269,3.54693e-06,4.16981e-06,3.02945e-06,50,100,100,239818,6 9 11 3 0 4 7 5 2 1 8 10 
270,3.5375e-06,4.16981e-06,3.08797e-06,50,100,100,239818,6 9 11 3 0 4 7 5 2 1 8 10 
271,3.55033e-06,4.16981e-06,3.1014e-06,50,100,100,239818,6 9 11 3 0 4 7 5 2 1 8 10 
272,3.58169e-06,4.16981e-06,3.01618e-06,50,100,100,239818,6 9 11 3 0 4 7 5 2 1 8 10 
273,3.63765e-06,4.16981e-06,3.14241e-06,50,100,100,239818,6 9 11 3 0 4 7 5 2 1 8 10 
274,3.618e-06,4.16981e-06,2.99601e-06,50,100,100,239818,6 9 11 3 0 4 7 5 2 1 8 10 
275,3.65563e-06,4.16981e-06,3.0524e-06,50,100,100,239818,6 9 11 3 0 4 7 5 2 1 8 10 
276,3.61745e-06,4.16981e-06,3.12837e-06,50,100,100,239818,6 9 11 3 0 4 7 5 2 1 8 10 
277,3.60336e-06,4.16981e-06,2.96594e-06,50,100,100,239818,6 9 11 3 0 4 7 5 2 1 8 10 
278,3.55654e-06,4.16981e-06,3.04912e-06,50,100,100,239818,6 9 11 3 0 4 7 5 2 1 8 10 
279,3.55862e-06,4.16981e-06,3.06282e-06,50,100,100,239818,6 9 11 3 0 4 7 5 2 1 8 10 
280,3.50003e-06,4.16981e-06,2.89042e-06,50,100,100,239818,6 9 11 3 0 4 7 5 2 1 8 10 
281,3.54832e-06,4.16981e-06,3.04419e-06,50,100,100,239818,6 9 11 3 0 4 7 5 2 1 8 10 
282,3.49895e-06,4.16981e-06,2.99662e-06,50,100,100,239818,6 9 11 3 0 4 7 5 2 1 8 10 
283,3.53063e-06,4.16981e-06,3.03331e-06,50,100,100,239818,6 9 11 3 0 4 7 5 2 1 8 10 
284,3.55049e-06,4.16981e-06,3.09183e-06,50,100,100,239818,6 9 11 3 0 4 7 5 2 1 8 10 
285,3.55556e-06,4.16981e-06,3.05059e-06,50,100,100,239818,6 9 11 3 0 4 7 5 2 1 8 10 
286,3.57379e-06,4.16981e-06,2.93711e-06,50,100,100,239818,6 9 11 3 0 4 7 5 2 1 8 10 
287,3.59208e-06,4.16981e-06,2.94675e-06,50,100,100,239818,6 9 11 3 0 4 7 5 2 1 8 10 
288,3.53341e-06,4.16981e-06,2.91376e-06,50,100,100,239818,6 9 11 3 0 4 7 5 2 1 8 10 
289,3.55142e-06,4.16981e-06,3.02244e-06,50,100,100,239818,6 9 11 3 0 4 7 5 2 1 8 10 
290,3.53403e-06,4.16981e-06,2.91967e-06,50,100,100,239818,6 9 11 3 0 4 7 5 2 1 8 10 
291,3.54839e-06,4.16981e-06,3.02674e-06,50,100,100,239818,6 9 11 3 0 4 7 5 2 1 8 10 
292,3.57761e-06,4.16981e-06,3.10375e-06,50,100,100,239818,6 9 11 3 0 4 7 5 2 1 8 10 
293,3.57771e-06,4.16981e-06,3.13051e-06,50,100,100,239818,6 9 11 3 0 4 7 5 2 1 8 10 
294,3.56907e-06,4.16981e-06,2.9795e-06,50,100,100,239818,6 9 11 3 0 4 7 5 2 1 8 10 
295,3.55625e-06,4.16981e-06,3.04649e-06,50,100,100,239818,6 9 11 3 0 4 7 5 2 1 8 10 
296,3.57118e-06,4.16981e-06,2.98268e-06,50,100,100,239818,6 9 11 3 0 4 7 5 2 1 8 10 
297,3.54534e-06,4.16981e-06,3.02611e-06,50,100,100,239818,6 9 11 3 0 4 7 5 2 1 8 10 
298,3.56114e-06,4.16981e-06,2.9394e-06,50,100,100,239818,6 9 11 3 0 4 7 5 2 1 8 10 
299,3.58951e-06,4.16981e-06,2.9886e-06,50,100,100,239818,6 9 11 3 0 4 7 5 2 1 8 10 
300,3.60282e-06,4.16981e-06,3.05568e-06,50,100,100,239818,6 9 11 3 0 4 7 5 2 1 8 10 
301,3.6354e-06,4.16981e-06,3.11879e-06,50,100,100,239818,6 9 11 3 0 4 7 5 2 1 8 10 
302,3.61894e-06,4.16981e-06,3.05967e-06,50,100,100,239818,6 9 11 3 0 4 7 5 2 1 8 10 
303,3.63361e-06,4.16981e-06,3.00116e-06,50,100,100,239818,6 9 11 3 0 4 7 5 2 1 8 10 
304,3.62737e-06,4.16981e-06,3.02074e-06,50,100,100,239818,6 9 11 3 0 4 7 5 2 1 8 10 
305,3.55424e-06,4.16981e-06,3.03138e-06,50,100,100,239818,6 9 11 3 0 4 7 5 2 1 8 10 
306,3.57154e-06,4.16981e-06,2.99099e-06,50,100,100,239818,6 9 11 3 0 4 7 5 2 1 8 10 
307,3.58455e-06,4.16981e-06,3.07627e-06,50,100,100,239818,6 9 11 3 0 4 7 5 2 1 8 10 
308,3.57974e-06,4.16981e-06,3.04008e-06,50,100,100,239818,6 9 11 3 0 4 7 5 2 1 8 10 
309,3.62384e-06,4.16981e-06,3.01631e-06,50,100,100,239818,6 9 11 3 0 4 7 5 2 1 8 10 
310,3.57798e-06,4.16981e-06,3.05925e-06,50,100,100,239818,6 9 11 3 0 4 7 5 2 1 8 10 
311,3.59311e-06,4.16981e-06,3.08584e-06,50,100,100,239818,6 9 11 3 0 4 7 5 2 1 8 10 
312,3.58301e-06,4.16981e-06,3.05791e-06,50,100,100,239818,6 9 11 3 0 4 7 5 2 1 8 10 
313,3.62633e-06,4.16981e-06,3.08954e-06,50,100,100,239818,6 9 11 3 0 4 7 5 2 1 8 10 
314,3.58487e-06,4.16981e-06,2.90403e-06,50,100,100,239818,6 9 11 3 0 4 7 5 2 1 8 10 
315,3.59174e-06,4.16981e-06,3.10336e-06,50,100,100,239818,6 9 11 3 0 4 7 5 2 1 8 10 
316,3.6249e-06,4.16981e-06,3.05389e-06,50,100,100,239818,6 9 11 3 0 4 7 5 2 1 8 10 
317,3.66634e-06,4.16981e-06,3.09466e-06,50,100,100,239818,6 9 11 3 0 4 7 5 2 1 8 10 
318,3.64717e-06,4.16981e-06,2.92945e-06,50,100,100,239818,6 9 11 3 0 4 7 5 2 1 8 10 
319,3.64385e-06,4.16981e-06,3.04779e-06,50,100,100,239818,6 9 11 3 0 4 7 5 2 1 8 10 
320,3.64322e-06,4.16981e-06,3.13418e-06,50,100,100,239818,6 9 11 3 0 4 7 5 2 1 8 10 
321,3.60442e-06,4.16981e-06,2.99363e-06,50,100,100,239818,6 9 11 3 0 4 7 5 2 1 8 10 
322,3.57147e-06,4.16981e-06,3.0199e-06,50,100,100,239818,6 9 11 3 0 4 7 5 2 1 8 10 
323,3.60305e-06,4.16981e-06,3.03716e-06,50,100,100,239818,6 9 11 3 0 4 7 5 2 1 8 10 
324,3.61005e-06,4.16981e-06,3.09284e-06,50,100,100,239818,6 9 11 3 0 4 7 5 2 1 8 10 
325,3.63201e-06,4.16981e-06,3.05604e-06,50,100,100,239818,6 9 11 3 0 4 7 5 2 1 8 10 
326,3.667e-06,4.16981e-06,3.06282e-06,50,100,100,239818,6 9 11 3 0 4 7 5 2 1 8 10 
327,3.58792e-06,4.16981e-06,2.91967e-06,50,100,100,239818,6 9 11 3 0 4 7 5 2 1 8 10 
328,3.5937e-06,4.16981e-06,3.00179e-06,50,100,100,239818,6 9 11 3 0 4 7 5 2 1 8 10 
329,3.57897e-06,4.16981e-06,3.00827e-06,50,100,100,239818,6 9 11 3 0 4 7 5 2 1 8 10 
330,3.61274e-06,4.16981e-06,2.99142e-06,50,100,100,239818,6 9 11 3 0 4 7 5 2 1 8 10 
331,3.59443e-06,4.16981e-06,3.02459e-06,50,100,100,239818,6 9 11 3 0 4 7 5 2 1 8 10 
332,3.58665e-06,4.16981e-06,3.00838e-06,50,100,100,239818,6 9 11 3 0 4 7 5 2 1 8 10 
333,3.59455e-06,4.16981e-06,3.04193e-06,50,100,100,239818,6 9 11 3 0 4 7 5 2 1 8 10 
334,3.6189e-06,4.16981e-06,3.04693e-06,50,100,100,239818,6 9 11 3 0 4 7 5 2 1 8 10 
335,3.61924e-06,4.16981e-06,2.94224e-06,50,100,100,239818,6 9 11 3 0 4 7 5 2 1 8 10 
336,3.61722e-06,4.16981e-06,2.97264e-06,50,100,100,239818,6 9 11 3 0 4 7 5 2 1 8 10 
337,3.59802e-06,4.16981e-06,3.00159e-06,50,100,100,239818,6 9 11 3 0 4 7 5 2 1 8 10 
338,3.62302e-06,4.16981e-06,3.11004e-06,50,100,100,239818,6 9 11 3 0 4 7 5 2 1 8 10 
339,3.63728e-06,4.16981e-06,2.96651e-06,50,100,100,239818,6 9 11 3 0 4 7 5 2 1 8 10 
340,3.63819e-06,4.16981e-06,3.12251e-06,50,100,100,239818,6 9 11 3 0 4 7 5 2 1 8 10 
341,3.63383e-06,4.16981e-06,3.05359e-06,50,100,100,239818,6 9 11 3 0 4 7 5 2 1 8 10 
342,3.59093e-06,4.16981e-06,2.99999e-06,50,100,100,239818,6 9 11 3 0 4 7 5 2 1 8 10 
343,3.60874e-06,4.16981e-06,3.10877e-06,50,100,100,239818,6 9 11 3 0 4 7 5 2 1 8 10 
344,3.61527e-06,4.16981e-06,2.94487e-06,50,100,100,239818,6 9 11 3 0 4 7 5 2 1 8 10 
345,3.58707e-06,4.16981e-06,2.91967e-06,50,100,100,239818,6 9 11 3 0 4 7 5 2 1 8 10 
346,3.58179e-06,4.16981e-06,3.06147e-06,50,100,100,239818,6 9 11 3 0 4 7 5 2 1 8 10 
347,3.56087e-06,4.16981e-06,2.95761e-06,50,100,100,239818,6 9 11 3 0 4 7 5 2 1 8 10 
348,3.56579e-06,4.16981e-06,3.03945e-06,50,100,100,239818,6 9 11 3 0 4 7 5 2 1 8 10 
349,3.57956e-06,4.16981e-06,2.99662e-06,50,100,100,239818,6 9 11 3 0 4 7 5 2 1 8 10 
350,3.58124e-06,4.16981e-06,3.00827e-06,50,100,100,239818,6 9 11 3 0 4 7 5 2 1 8 10 
351,3.60552e-06,4.16981e-06,3.02346e-06,50,100,100,239818,6 9 11 3 0 4 7 5 2 1 8 10 
352,3.57989e-06,4.16981e-06,2.96478e-06,50,100,100,239818,6 9 11 3 0 4 7 5 2 1 8 10 
353,3.60877e-06,4.16981e-06,2.96991e-06,50,100,100,239818,6 9 11 3 0 4 7 5 2 1 8 10 
354,3.55478e-06,4.16981e-06,3.00827e-06,50,100,100,239818,6 9 11 3 0 4 7 5 2 1 8 10 
355,3.54226e-06,4.16981e-06,2.9197e-06,50,100,100,239818,6 9 11 3 0 4 7 5 2 1 8 10 
356,3.54772e-06,4.16981e-06,3.02734e-06,50,100,100,239818,6 9 11 3 0 4 7 5 2 1 8 10 
357,3.56641e-06,4.16981e-06,2.9871e-06,50,100,100,239818,6 9 11 3 0 4 7 5 2 1 8 10 
358,3.57269e-06,4.16981e-06,2.97264e-06,50,100,100,239818,6 9 11 3 0 4 7 5 2 1 8 10 
359,3.6022e-06,4.16981e-06,3.04825e-06,50,100,100,239818,6 9 11 3 0 4 7 5 2 1 8 10 
360,3.57925e-06,4.16981e-06,2.9891e-06,50,100,100,239818,6 9 11 3 0 4 7 5 2 1 8 10 
361,3.55254e-06,4.16981e-06,2.97959e-06,50,100,100,239818,6 9 11 3 0 4 7 5 2 1 8 10 
362,3.57716e-06,4.16981e-06,3.04565e-06,50,100,100,239818,6 9 11 3 0 4 7 5 2 1 8 10 
363,3.59667e-06,4.16981e-06,3.11353e-06,50,100,100,239818,6 9 11 3 0 4 7 5 2 1 8 10 
364,3.63541e-06,4.16981e-06,3.08797e-06,50,100,100,239818,6 9 11 3 0 4 7 5 2 1 8 10 
365,3.61422e-06,4.16981e-06,2.99155e-06,50,100,100,239818,6 9 11 3 0 4 7 5 2 1 8 10 
366,3.59749e-06,4.16981e-06,2.99662e-06,50,100,100,239818,6 9 11 3 0 4 7 5 2 1 8 10 
367,3.56106e-06,4.16981e-06,3.05843e-06,50,100,100,239818,6 9 11 3 0 4 7 5 2 1 8 10 
368,3.58509e-06,4.16981e-06,3.03476e-06,50,100,100,239818,6 9 11 3 0 4 7 5 2 1 8 10 
369,3.60249e-06,4.16981e-06,2.9871e-06,50,100,100,239818,6 9 11 3 0 4 7 5 2 1 8 10 
370,3.5536e-06,4.16981e-06,2.98389e-06,50,100,100,239818,6 9 11 3 0 4 7 5 2 1 8 10 
371,3.62317e-06,4.16981e-06,3.04526e-06,50,100,100,239818,6 9 11 3 0 4 7 5 2 1 8 10 
372,3.57498e-06,4.16981e-06,2.94967e-06,50,100,100,239818,6 9 11 3 0 4 7 5 2 1 8 10 
373,3.60832e-06,4.16981e-06,3.04132e-06,50,100,100,239818,6 9 11 3 0 4 7 5 2 1 8 10 
374,3.64171e-06,4.16981e-06,3.15502e-06,50,100,100,239818,6 9 11 3 0 4 7 5 2 1 8 10 
375,3.61524e-06,4.16981e-06,3.00805e-06,50,100,100,239818,6 9 11 3 0 4 7 5 2 1 8 10 
376,3.6183e-06,4.16981e-06,3.07805e-06,50,100,100,239818,6 9 11 3 0 4 7 5 2 1 8 10 
377,3.60886e-06,4.16981e-06,3.02138e-06,50,100,100,239818,6 9 11 3 0 4 7 5 2 1 8 10 
378,3.56423e-06,4.16981e-06,2.99662e-06,50,100,100,239818,6 9 11 3 0 4 7 5 2 1 8 10 
379,3.59443e-06,4.16981e-06,3.07121e-06,50,100,100,239818,6 9 11 3 0 4 7 5 2 1 8 10 
380,3.61333e-06,4.16981e-06,3.00695e-06,50,100,100,239818,6 9 11 3 0 4 7 5 2 1 8 10 
381,3.62694e-06,4.16981e-06,3.06796e-06,50,100,100,239818,6 9 11 3 0 4 7 5 2 1 8 10 
382,3.58137e-06,4.16981e-06,2.97604e-06,50,100,100,239818,6 9 11 3 0 4 7 5 2 1 8 10 
383,3.58008e-06,4.16981e-06,3.03213e-06,50,100,100,239818,6 9 11 3 0 4 7 5 2 1 8 10 
384,3.60652e-06,4.16981e-06,3.09669e-06,50,100,100,239818,6 9 11 3 0 4 7 5 2 1 8 10 
385,3.61585e-06,4.16981e-06,3.05875e-06,50,100,100,239818,6 9 11 3 0 4 7 5 2 1 8 10 
386,3.60893e-06,4.16981e-06,2.96991e-06,50,100,100,239818,6 9 11 3 0 4 7 5 2 1 8 10 
387,3.65278e-06,4.16981e-06,3.17244e-06,50,100,100,239818,6 9 11 3 0 4 7 5 2 1 8 10 
388,3.57265e-06,4.16981e-06,3.01518e-06,50,100,100,239818,6 9 11 3 0 4 7 5 2 1 8 10 
389,3.55503e-06,4.16981e-06,3.01897e-06,50,100,100,239818,6 9 11 3 0 4 7 5 2 1 8 10 
390,3.54221e-06,4.16981e-06,2.96508e-06,50,100,100,239818,6 9 11 3 0 4 7 5 2 1 8 10 
391,3.5753e-06,4.16981e-06,3.10352e-06,50,100,100,239818,6 9 11 3 0 4 7 5 2 1 8 10 
392,3.54618e-06,4.16981e-06,2.96213e-06,50,100,100,239818,6 9 11 3 0 4 7 5 2 1 8 10 
393,3.5795e-06,4.16981e-06,3.07737e-06,50,100,100,239818,6 9 11 3 0 4 7 5 2 1 8 10 
394,3.61894e-06,4.16981e-06,3.09024e-06,50,100,100,239818,6 9 11 3 0 4 7 5 2 1 8 10 
395,3.62737e-06,4.16981e-06,3.13561e-06,50,100,100,239818,6 9 11 3 0 4 7 5 2 1 8 10 
396,3.669e-06,4.16981e-06,3.04626e-06,50,100,100,239818,6 9 11 3 0 4 7 5 2 1 8 10 
397,3.65501e-06,4.16981e-06,3.13233e-06,50,100,100,239818,6 9 11 3 0 4 7 5 2 1 8 10 
398,3.62244e-06,4.16981e-06,2.98325e-06,50,100,100,239818,6 9 11 3 0 4 7 5 2 1 8 10 
399,3.6069e-06,4.16981e-06,2.94967e-06,50,100,100,239818,6 9 11 3 0 4 7 5 2 1 8 10 
400,3.6246e-06,4.16981e-06,2.96869e-06,50,100,100,239818,6 9 11 3 0 4 7 5 2 1 8 10 
401,3.631e-06,4.16981e-06,2.97443e-06,50,100,100,239818,6 9 11 3 0 4 7 5 2 1 8 10 
402,3.59847e-06,4.16981e-06,2.9891e-06,50,100,100,239818,6 9 11 3 0 4 7 5 2 1 8 10 
403,3.60322e-06,4.16981e-06,2.94224e-06,50,100,100,239818,6 9 11 3 0 4 7 5 2 1 8 10 
404,3.61554e-06,4.16981e-06,3.042e-06,50,100,100,239818,6 9 11 3 0 4 7 5 2 1 8 10 
405,3.60146e-06,4.16981e-06,2.91967e-06,50,100,100,239818,6 9 11 3 0 4 7 5 2 1 8 10 
406,3.67597e-06,4.16981e-06,3.15502e-06,50,100,100,239818,6 9 11 3 0 4 7 5 2 1 8 10 
407,3.61995e-06,4.16981e-06,2.97264e-06,50,100,100,239818,6 9 11 3 0 4 7 5 2 1 8 10 
408,3.65201e-06,4.16981e-06,2.99662e-06,50,100,100,239818,6 9 11 3 0 4 7 5 2 1 8 10 
409,3.6238e-06,4.16981e-06,2.98726e-06,50,100,100,239818,6 9 11 3 0 4 7 5 2 1 8 10 
410,3.65566e-06,4.16981e-06,3.11669e-06,50,100,100,239818,6 9 11 3 0 4 7 5 2 1 8 10 
411,3.63145e-06,4.16981e-06,3.15664e-06,50,100,100,239818,6 9 11 3 0 4 7 5 2 1 8 10 
412,3.63416e-06,4.16981e-06,3.07166e-06,50,100,100,239818,6 9 11 3 0 4 7 5 2 1 8 10 
413,3.62958e-06,4.16981e-06,2.97264e-06,50,100,100,239818,6 9 11 3 0 4 7 5 2 1 8 10 
414,3.61088e-06,4.16981e-06,3.0568e-06,50,100,100,239818,6 9 11 3 0 4 7 5 2 1 8 10 
415,3.60236e-06,4.16981e-06,2.97178e-06,50,100,100,239818,6 9 11 3 0 4 7 5 2 1 8 10 
416,3.63771e-06,4.16981e-06,3.04888e-06,50,100,100,239818,6 9 11 3 0 4 7 5 2 1 8 10 
417,3.58682e-06,4.16981e-06,3.09834e-06,50,100,100,239818,6 9 11 3 0 4 7 5 2 1 8 10 
418,3.61035e-06,4.16981e-06,2.95761e-06,50,100,100,239818,6 9 11 3 0 4 7 5 2 1 8 10 
419,3.60315e-06,4.16981e-06,2.96008e-06,50,100,100,239818,6 9 11 3 0 4 7 5 2 1 8 10 
420,3.59438e-06,4.16981e-06,3.03701e-06,50,100,100,239818,6 9 11 3 0 4 7 5 2 1 8 10 
421,3.62306e-06,4.16981e-06,3.01108e-06,50,100,100,239818,6 9 11 3 0 4 7 5 2 1 8 10 
422,3.62474e-06,4.16981e-06,3.10184e-06,50,100,100,239818,6 9 11 3 0 4 7 5 2 1 8 10 
423,3.59163e-06,4.16981e-06,3.08361e-06,50,100,100,239818,6 9 11 3 0 4 7 5 2 1 8 10 
424,3.57545e-06,4.16981e-06,3.04132e-06,50,100,100,239818,6 9 11 3 0 4 7 5 2 1 8 10 
425,3.5786e-06,4.16981e-06,3.0332e-06,50,100,100,239818,6 9 11 3 0 4 7 5 2 1 8 10 
426,3.62367e-06,4.16981e-06,3.0618e-06,50,100,100,239818,6 9 11 3 0 4 7 5 2 1 8 10 
427,3.64297e-06,4.16981e-06,3.05061e-06,50,100,100,239818,6 9 11 3 0 4 7 5 2 1 8 10 
428,3.5925e-06,4.16981e-06,2.98726e-06,50,100,100,239818,6 9 11 3 0 4 7 5 2 1 8 10 
429,3.57875e-06,4.16981e-06,3.00538e-06,50,100,100,239818,6 9 11 3 0 4 7 5 2 1 8 10 
430,3.59388e-06,4.16981e-06,3.12567e-06,50,100,100,239818,6 9 11 3 0 4 7 5 2 1 8 10 
431,3.58875e-06,4.16981e-06,3.02511e-06,50,100,100,239818,6 9 11 3 0 4 7 5 2 1 8 10 
432,3.58149e-06,4.16981e-06,3.08885e-06,50,100,100,239818,6 9 11 3 0 4 7 5 2 1 8 10 
433,3.5946e-06,4.16981e-06,3.10321e-06,50,100,100,239818,6 9 11 3 0 4 7 5 2 1 8 10 
434,3.59431e-06,4.16981e-06,3.06387e-06,50,100,100,239818,6 9 11 3 0 4 7 5 2 1 8 10 
435,3.60233e-06,4.16981e-06,3.01704e-06,50,100,100,239818,6 9 11 3 0 4 7 5 2 1 8 10 
436,3.61773e-06,4.16981e-06,2.96452e-06,50,100,100,239818,6 9 11 3 0 4 7 5 2 1 8 10 
437,3.61296e-06,4.16981e-06,3.06422e-06,50,100,100,239818,6 9 11 3 0 4 7 5 2 1 8 10 
438,3.65998e-06,4.16981e-06,3.00262e-06,50,100,100,239818,6 9 11 3 0 4 7 5 2 1 8 10 
439,3.64672e-06,4.16981e-06,3.00287e-06,50,100,100,239818,6 9 11 3 0 4 7 5 2 1 8 10 
440,3.60597e-06,4.16981e-06,2.94842e-06,50,100,100,239818,6 9 11 3 0 4 7 5 2 1 8 10 
441,3.61194e-06,4.16981e-06,2.93101e-06,50,100,100,239818,6 9 11 3 0 4 7 5 2 1 8 10 
442,3.63893e-06,4.16981e-06,3.10859e-06,50,100,100,239818,6 9 11 3 0 4 7 5 2 1 8 10 
443,3.60497e-06,4.16981e-06,3.02961e-06,50,100,100,239818,6 9 11 3 0 4 7 5 2 1 8 10 
444,3.60229e-06,4.16981e-06,2.96425e-06,50,100,100,239818,6 9 11 3 0 4 7 5 2 1 8 10 
445,3.61491e-06,4.16981e-06,2.99402e-06,50,100,100,239818,6 9 11 3 0 4 7 5 2 1 8 10 
446,3.61235e-06,4.16981e-06,3.03024e-06,50,100,100,239818,6 9 11 3 0 4 7 5 2 1 8 10 
447,3.62432e-06,4.16981e-06,3.05965e-06,50,100,100,239818,6 9 11 3 0 4 7 5 2 1 8 10 
448,3.61896e-06,4.16981e-06,3.05725e-06,50,100,100,239818,6 9 11 3 0 4 7 5 2 1 8 10 
449,3.59842e-06,4.16981e-06,2.95279e-06,50,100,100,239818,6 9 11 3 0 4 7 5 2 1 8 10 
450,3.61872e-06,4.16981e-06,3.02371e-06,50,100,100,239818,6 9 11 3 0 4 7 5 2 1 8 10 
451,3.59816e-06,4.16981e-06,3.00191e-06,50,100,100,239818,6 9 11 3 0 4 7 5 2 1 8 10 
452,3.59005e-06,4.16981e-06,2.98191e-06,50,100,100,239818,6 9 11 3 0 4 7 5 2 1 8 10 
453,3.58361e-06,4.16981e-06,3.02141e-06,50,100,100,239818,6 9 11 3 0 4 7 5 2 1 8 10 
454,3.61246e-06,4.16981e-06,3.06574e-06,50,100,100,239818,6 9 11 3 0 4 7 5 2 1 8 10 
455,3.56812e-06,4.16981e-06,2.91967e-06,50,100,100,239818,6 9 11 3 0 4 7 5 2 1 8 10 
456,3.58575e-06,4.16981e-06,2.91522e-06,50,100,100,239818,6 9 11 3 0 4 7 5 2 1 8 10 
457,3.5645e-06,4.16981e-06,3.03692e-06,50,100,100,239818,6 9 11 3 0 4 7 5 2 1 8 10 
458,3.49307e-06,4.16981e-06,2.94859e-06,50,100,100,239818,6 9 11 3 0 4 7 5 2 1 8 10 
459,3.49952e-06,4.16981e-06,3.02584e-06,50,100,100,239818,6 9 11 3 0 4 7 5 2 1 8 10 
460,3.52672e-06,4.16981e-06,2.96917e-06,50,100,100,239818,6 9 11 3 0 4 7 5 2 1 8 10 
461,3.54104e-06,4.16981e-06,3.04517e-06,50,100,100,239818,6 9 11 3 0 4 7 5 2 1 8 10 
462,3.52343e-06,4.16981e-06,3.01693e-06,50,100,100,239818,6 9 11 3 0 4 7 5 2 1 8 10 
463,3.54209e-06,4.16981e-06,3.08069e-06,50,100,100,239818,6 9 11 3 0 4 7 5 2 1 8 10 
464,3.53088e-06,4.16981e-06,3.01531e-06,50,100,100,239818,6 9 11 3 0 4 7 5 2 1 8 10 
465,3.55537e-06,4.16981e-06,3.00784e-06,50,100,100,239818,6 9 11 3 0 4 7 5 2 1 8 10 
466,3.57146e-06,4.16981e-06,3.10182e-06,50,100,100,239818,6 9 11 3 0 4 7 5 2 1 8 10 
467,3.57472e-06,4.16981e-06,3.08797e-06,50,100,100,239818,6 9 11 3 0 4 7 5 2 1 8 10 
468,3.57907e-06,4.16981e-06,3.00709e-06,50,100,100,239818,6 9 11 3 0 4 7 5 2 1 8 10 
469,3.59743e-06,4.16981e-06,3.10423e-06,50,100,100,239818,6 9 11 3 0 4 7 5 2 1 8 10 
470,3.55978e-06,4.16981e-06,3.07221e-06,50,100,100,239818,6 9 11 3 0 4 7 5 2 1 8 10 
471,3.57909e-06,4.16981e-06,3.08862e-06,50,100,100,239818,6 9 11 3 0 4 7 5 2 1 8 10 
472,3.57348e-06,4.16981e-06,3.04948e-06,50,100,100,239818,6 9 11 3 0 4 7 5 2 1 8 10 
473,3.61668e-06,4.16981e-06,3.12812e-06,50,100,100,239818,6 9 11 3 0 4 7 5 2 1 8 10 
474,3.57382e-06,4.16981e-06,3.11883e-06,50,100,100,239818,6 9 11 3 0 4 7 5 2 1 8 10 
475,3.59592e-06,4.16981e-06,3.08067e-06,50,100,100,239818,6 9 11 3 0 4 7 5 2 1 8 10 
476,3.60411e-06,4.16981e-06,3.02613e-06,50,100,100,239818,6 9 11 3 0 4 7 5 2 1 8 10 
477,3.64546e-06,4.16981e-06,3.06466e-06,50,100,100,239818,6 9 11 3 0 4 7 5 2 1 8 10 
478,3.63534e-06,4.16981e-06,2.99918e-06,50,100,100,239818,6 9 11 3 0 4 7 5 2 1 8 10 
479,3.58463e-06,4.16981e-06,2.96946e-06,50,100,100,239818,6 9 11 3 0 4 7 5 2 1 8 10 
480,3.57444e-06,4.16981e-06,2.96008e-06,50,100,100,239818,6 9 11 3 0 4 7 5 2 1 8 10 
481,3.58509e-06,4.16981e-06,2.94579e-06,50,100,100,239818,6 9 11 3 0 4 7 5 2 1 8 10 
482,3.62091e-06,4.16981e-06,3.09263e-06,50,100,100,239818,6 9 11 3 0 4 7 5 2 1 8 10 
483,3.60849e-06,4.16981e-06,2.94647e-06,50,100,100,239818,6 9 11 3 0 4 7 5 2 1 8 10 
484,3.61323e-06,4.16981e-06,2.87805e-06,50,100,100,239818,6 9 11 3 0 4 7 5 2 1 8 10 
485,3.65317e-06,4.16981e-06,3.16003e-06,50,100,100,239818,6 9 11 3 0 4 7 5 2 1 8 10 
486,3.61322e-06,4.16981e-06,3.10352e-06,50,100,100,239818,6 9 11 3 0 4 7 5 2 1 8 10 
487,3.56622e-06,4.16981e-06,2.9944e-06,50,100,100,239818,6 9 11 3 0 4 7 5 2 1 8 10 
488,3.49989e-06,4.16981e-06,2.99662e-06,50,100,100,239818,6 9 11 3 0 4 7 5 2 1 8 10 
489,3.5086e-06,4.16981e-06,3.01215e-06,50,100,100,239818,6 9 11 3 0 4 7 5 2 1 8 10 
490,3.52485e-06,4.16981e-06,3.06242e-06,50,100,100,239818,6 9 11 3 0 4 7 5 2 1 8 10 
491,3.51126e-06,4.16981e-06,3.12959e-06,50,100,100,239818,6 9 11 3 0 4 7 5 2 1 8 10 
492,3.55253e-06,4.16981e-06,3.10792e-06,50,100,100,239818,6 9 11 3 0 4 7 5 2 1 8 10 
493,3.51931e-06,4.16981e-06,3.0783e-06,50,100,100,239818,6 9 11 3 0 4 7 5 2 1 8 10 
494,3.54647e-06,4.16981e-06,2.99601e-06,50,100,100,239818,6 9 11 3 0 4 7 5 2 1 8 10 
495,3.54425e-06,4.16981e-06,3.11304e-06,50,100,100,239818,6 9 11 3 0 4 7 5 2 1 8 10 
496,3.53948e-06,4.16981e-06,3.09518e-06,50,100,100,239818,6 9 11 3 0 4 7 5 2 1 8 10 
497,3.53174e-06,4.16981e-06,2.98778e-06,50,100,100,239818,6 9 11 3 0 4 7 5 2 1 8 10 
498,3.56558e-06,4.16981e-06,3.09019e-06,50,100,100,239818,6 9 11 3 0 4 7 5 2 1 8 10 
499,3.50159e-06,4.16981e-06,3.01882e-06,50,100,100,239818,6 9 11 3 0 4 7 5 2 1 8 10 
500,3.51148e-06,4.16981e-06,3.01884e-06,50,100,100,239818,6 9 11 3 0 4 7 5 2 1 8 10 
501,3.54758e-06,4.16981e-06,3.06813e-06,50,100,100,239818,6 9 11 3 0 4 7 5 2 1 8 10 
502,3.60737e-06,4.16981e-06,3.0625e-06,50,100,100,239818,6 9 11 3 0 4 7 5 2 1 8 10 
503,3.60604e-06,4.16981e-06,3.00588e-06,50,100,100,239818,6 9 11 3 0 4 7 5 2 1 8 10 
504,3.56852e-06,4.16981e-06,3.05675e-06,50,100,100,239818,6 9 11 3 0 4 7 5 2 1 8 10 
505,3.5642e-06,4.16981e-06,3.03035e-06,50,100,100,239818,6 9 11 3 0 4 7 5 2 1 8 10 
506,3.55073e-06,4.16981e-06,3.00664e-06,50,100,100,239818,6 9 11 3 0 4 7 5 2 1 8 10 
507,3.59613e-06,4.16981e-06,2.99155e-06,50,100,100,239818,6 9 11 3 0 4 7 5 2 1 8 10 
508,3.58514e-06,4.16981e-06,3.02783e-06,50,100,100,239818,6 9 11 3 0 4 7 5 2 1 8 10 
509,3.62224e-06,4.16981e-06,3.09363e-06,50,100,100,239818,6 9 11 3 0 4 7 5 2 1 8 10 
510,3.59675e-06,4.16981e-06,2.9197e-06,50,100,100,239818,6 9 11 3 0 4 7 5 2 1 8 10 
511,3.60916e-06,4.16981e-06,2.91967e-06,50,100,100,239818,6 9 11 3 0 4 7 5 2 1 8 10 
512,3.59353e-06,4.16981e-06,3.01518e-06,50,100,100,239818,6 9 11 3 0 4 7 5 2 1 8 10 
513,3.57812e-06,4.16981e-06,2.94579e-06,50,100,100,239818,6 9 11 3 0 4 7 5 2 1 8 10 
514,3.6105e-06,4.16981e-06,3.01527e-06,50,100,100,239818,6 9 11 3 0 4 7 5 2 1 8 10 
515,3.60065e-06,4.16981e-06,3.04706e-06,50,100,100,239818,6 9 11 3 0 4 7 5 2 1 8 10 
516,3.57302e-06,4.16981e-06,3.13945e-06,50,100,100,239818,6 9 11 3 0 4 7 5 2 1 8 10 
517,3.52618e-06,4.16981e-06,3.05931e-06,50,100,100,239818,6 9 11 3 0 4 7 5 2 1 8 10 
518,3.55498e-06,4.16981e-06,2.96213e-06,50,100,100,239818,6 9 11 3 0 4 7 5 2 1 8 10 
519,3.5887e-06,4.16981e-06,3.0193e-06,50,100,100,239818,6 9 11 3 0 4 7 5 2 1 8 10 
520,3.54661e-06,4.16981e-06,3.01596e-06,50,100,100,239818,6 9 11 3 0 4 7 5 2 1 8 10 
521,3.54053e-06,4.16981e-06,3.11677e-06,50,100,100,239818,6 9 11 3 0 4 7 5 2 1 8 10 
522,3.53503e-06,4.16981e-06,3.0332e-06,50,100,100,239818,6 9 11 3 0 4 7 5 2 1 8 10 
523,3.57176e-06,4.16981e-06,2.99427e-06,50,100,100,239818,6 9 11 3 0 4 7 5 2 1 8 10 
524,3.58708e-06,4.16981e-06,3.05757e-06,50,100,100,239818,6 9 11 3 0 4 7 5 2 1 8 10 
525,3.52504e-06,4.16981e-06,2.9131e-06,50,100,100,239818,6 9 11 3 0 4 7 5 2 1 8 10 
526,3.50241e-06,4.16981e-06,3.08784e-06,50,100,100,239818,6 9 11 3 0 4 7 5 2 1 8 10 
527,3.52283e-06,4.16981e-06,3.04933e-06,50,100,100,239818,6 9 11 3 0 4 7 5 2 1 8 10 
528,3.51518e-06,4.16981e-06,2.97264e-06,50,100,100,239818,6 9 11 3 0 4 7 5 2 1 8 10 
529,3.56426e-06,4.16981e-06,3.01149e-06,50,100,100,239818,6 9 11 3 0 4 7 5 2 1 8 10 
530,3.55619e-06,4.16981e-06,2.97423e-06,50,100,100,239818,6 9 11 3 0 4 7 5 2 1 8 10 
531,3.54059e-06,4.16981e-06,3.03226e-06,50,100,100,239818,6 9 11 3 0 4 7 5 2 1 8 10 
532,3.55537e-06,4.16981e-06,3.04122e-06,50,100,100,239818,6 9 11 3 0 4 7 5 2 1 8 10 
533,3.54104e-06,4.16981e-06,2.97146e-06,50,100,100,239818,6 9 11 3 0 4 7 5 2 1 8 10 
534,3.56249e-06,4.16981e-06,3.00894e-06,50,100,100,239818,6 9 11 3 0 4 7 5 2 1 8 10 
535,3.55352e-06,4.16981e-06,2.98143e-06,50,100,100,239818,6 9 11 3 0 4 7 5 2 1 8 10 
536,3.55123e-06,4.16981e-06,2.96454e-06,50,100,100,239818,6 9 11 3 0 4 7 5 2 1 8 10 
537,3.58681e-06,4.16981e-06,3.05035e-06,50,100,100,239818,6 9 11 3 0 4 7 5 2 1 8 10 
538,3.5431e-06,4.16981e-06,3.07289e-06,50,100,100,239818,6 9 11 3 0 4 7 5 2 1 8 10 
539,3.53574e-06,4.16981e-06,3.05054e-06,50,100,100,239818,6 9 11 3 0 4 7 5 2 1 8 10 
540,3.61087e-06,4.16981e-06,3.10519e-06,50,100,100,239818,6 9 11 3 0 4 7 5 2 1 8 10 
541,3.59422e-06,4.16981e-06,3.06574e-06,50,100,100,239818,6 9 11 3 0 4 7 5 2 1 8 10 
542,3.56057e-06,4.16981e-06,3.05119e-06,50,100,100,239818,6 9 11 3 0 4 7 5 2 1 8 10 
543,3.60074e-06,4.16981e-06,3.01264e-06,50,100,100,239818,6 9 11 3 0 4 7 5 2 1 8 10 
544,3.56614e-06,4.16981e-06,2.97144e-06,50,100,100,239818,6 9 11 3 0 4 7 5 2 1 8 10 
545,3.54024e-06,4.16981e-06,3.01249e-06,50,100,100,239818,6 9 11 3 0 4 7 5 2 1 8 10 
546,3.61704e-06,4.16981e-06,3.04237e-06,50,100,100,239818,6 9 11 3 0 4 7 5 2 1 8 10 
547,3.62172e-06,4.16981e-06,3.13214e-06,50,100,100,239818,6 9 11 3 0 4 7 5 2 1 8 10 
548,3.61452e-06,4.16981e-06,2.97888e-06,50,100,100,239818,6 9 11 3 0 4 7 5 2 1 8 10 
549,3.60097e-06,4.16981e-06,3.0026e-06,50,100,100,239818,6 9 11 3 0 4 7 5 2 1 8 10 
550,3.59975e-06,4.16981e-06,3.06845e-06,50,100,100,239818,6 9 11 3 0 4 7 5 2 1 8 10 
551,3.60981e-06,4.16981e-06,3.09913e-06,50,100,100,239818,6 9 11 3 0 4 7 5 2 1 8 10 
552,3.58884e-06,4.16981e-06,3.08532e-06,50,100,100,239818,6 9 11 3 0 4 7 5 2 1 8 10 
553,3.57821e-06,4.16981e-06,3.00191e-06,50,100,100,239818,6 9 11 3 0 4 7 5 2 1 8 10 
554,3.53343e-06,4.16981e-06,2.95289e-06,50,100,100,239818,6 9 11 3 0 4 7 5 2 1 8 10 
555,3.59327e-06,4.16981e-06,2.98726e-06,50,100,100,239818,6 9 11 3 0 4 7 5 2 1 8 10 
556,3.54891e-06,4.16981e-06,3.00464e-06,50,100,100,239818,6 9 11 3 0 4 7 5 2 1 8 10 
557,3.55252e-06,4.16981e-06,3.02211e-06,50,100,100,239818,6 9 11 3 0 4 7 5 2 1 8 10 
558,3.56221e-06,4.16981e-06,3.09597e-06,50,100,100,239818,6 9 11 3 0 4 7 5 2 1 8 10 
559,3.5124e-06,4.16981e-06,3.10383e-06,50,100,100,239818,6 9 11 3 0 4 7 5 2 1 8 10 
560,3.52285e-06,4.16981e-06,3.04966e-06,50,100,100,239818,6 9 11 3 0 4 7 5 2 1 8 10 
561,3.52867e-06,4.16981e-06,2.91522e-06,50,100,100,239818,6 9 11 3 0 4 7 5 2 1 8 10 
562,3.58354e-06,4.16981e-06,3.072e-06,50,100,100,239818,6 9 11 3 0 4 7 5 2 1 8 10 
563,3.54183e-06,4.16981e-06,3.10113e-06,50,100,100,239818,6 9 11 3 0 4 7 5 2 1 8 10 
564,3.54e-06,4.16981e-06,3.0453e-06,50,100,100,239818,6 9 11 3 0 4 7 5 2 1 8 10 
565,3.52508e-06,4.16981e-06,2.96869e-06,50,100,100,239818,6 9 11 3 0 4 7 5 2 1 8 10 
566,3.53951e-06,4.16981e-06,2.93856e-06,50,100,100,239818,6 9 11 3 0 4 7 5 2 1 8 10 
567,3.52094e-06,4.16981e-06,2.97347e-06,50,100,100,239818,6 9 11 3 0 4 7 5 2 1 8 10 
568,3.51083e-06,4.16981e-06,3.03136e-06,50,100,100,239818,6 9 11 3 0 4 7 5 2 1 8 10 
569,3.50366e-06,4.16981e-06,3.09879e-06,50,100,100,239818,6 9 11 3 0 4 7 5 2 1 8 10 
570,3.54423e-06,4.16981e-06,3.0004e-06,50,100,100,239818,6 9 11 3 0 4 7 5 2 1 8 10 
571,3.55288e-06,4.16981e-06,2.95289e-06,50,100,100,239818,6 9 11 3 0 4 7 5 2 1 8 10 
572,3.56506e-06,4.16981e-06,2.94397e-06,50,100,100,239818,6 9 11 3 0 4 7 5 2 1 8 10 
573,3.58147e-06,4.16981e-06,3.15116e-06,50,100,100,239818,6 9 11 3 0 4 7 5 2 1 8 10 
574,3.60481e-06,4.16981e-06,2.9795e-06,50,100,100,239818,6 9 11 3 0 4 7 5 2 1 8 10 
575,3.63758e-06,4.16981e-06,3.20818e-06,50,100,100,239818,6 9 11 3 0 4 7 5 2 1 8 10 
576,3.61296e-06,4.16981e-06,3.05675e-06,50,100,100,239818,6 9 11 3 0 4 7 5 2 1 8 10 
577,3.55596e-06,4.16981e-06,3.03556e-06,50,100,100,239818,6 9 11 3 0 4 7 5 2 1 8 10 
578,3.58477e-06,4.16981e-06,2.99087e-06,50,100,100,239818,6 9 11 3 0 4 7 5 2 1 8 10 
579,3.61296e-06,4.16981e-06,3.03812e-06,50,100,100,239818,6 9 11 3 0 4 7 5 2 1 8 10 
580,3.61222e-06,4.16981e-06,3.00664e-06,50,100,100,239818,6 9 11 3 0 4 7 5 2 1 8 10 
581,3.61093e-06,4.16981e-06,3.02738e-06,50,100,100,239818,6 9 11 3 0 4 7 5 2 1 8 10 
582,3.59305e-06,4.16981e-06,3.02141e-06,50,100,100,239818,6 9 11 3 0 4 7 5 2 1 8 10 
583,3.54049e-06,4.16981e-06,2.92171e-06,50,100,100,239818,6 9 11 3 0 4 7 5 2 1 8 10 
584,3.55092e-06,4.16981e-06,3.04059e-06,50,100,100,239818,6 9 11 3 0 4 7 5 2 1 8 10 
585,3.55612e-06,4.16981e-06,3.04896e-06,50,100,100,239818,6 9 11 3 0 4 7 5 2 1 8 10 
586,3.52963e-06,4.16981e-06,2.98101e-06,50,100,100,239818,6 9 11 3 0 4 7 5 2 1 8 10 
587,3.52557e-06,4.16981e-06,2.99605e-06,50,100,100,239818,6 9 11 3 0 4 7 5 2 1 8 10 
588,3.5418e-06,4.16981e-06,2.93137e-06,50,100,100,239818,6 9 11 3 0 4 7 5 2 1 8 10 
589,3.54596e-06,4.16981e-06,2.99689e-06,50,100,100,239818,6 9 11 3 0 4 7 5 2 1 8 10 
590,3.56402e-06,4.16981e-06,3.15174e-06,50,100,100,239818,6 9 11 3 0 4 7 5 2 1 8 10 
591,3.54956e-06,4.16981e-06,3.07585e-06,50,100,100,239818,6 9 11 3 0 4 7 5 2 1 8 10 
592,3.55015e-06,4.16981e-06,2.94224e-06,50,100,100,239818,6 9 11 3 0 4 7 5 2 1 8 10 
593,3.56701e-06,4.16981e-06,3.08635e-06,50,100,100,239818,6 9 11 3 0 4 7 5 2 1 8 10 
594,3.5719e-06,4.16981e-06,3.0199e-06,50,100,100,239818,6 9 11 3 0 4 7 5 2 1 8 10 
595,3.58264e-06,4.16981e-06,3.05935e-06,50,100,100,239818,6 9 11 3 0 4 7 5 2 1 8 10 
596,3.59695e-06,4.16981e-06,3.10375e-06,50,100,100,239818,6 9 11 3 0 4 7 5 2 1 8 10 
597,3.59256e-06,4.16981e-06,3.01735e-06,50,100,100,239818,6 9 11 3 0 4 7 5 2 1 8 10 
598,3.57483e-06,4.16981e-06,2.99235e-06,50,100,100,239818,6 9 11 3 0 4 7 5 2 1 8 10 
599,3.51683e-06,4.16981e-06,2.94967e-06,50,100,100,239818,6 9 11 3 0 4 7 5 2 1 8 10 
600,3.5353e-06,4.16981e-06,3.00534e-06,50,100,100,239818,6 9 11 3 0 4 7 5 2 1 8 10 
601,3.59113e-06,4.16981e-06,2.91967e-06,50,100,100,239818,6 9 11 3 0 4 7 5 2 1 8 10 
602,3.56602e-06,4.16981e-06,2.99053e-06,50,100,100,239818,6 9 11 3 0 4 7 5 2 1 8 10 
603,3.61673e-06,4.16981e-06,3.08769e-06,50,100,100,239818,6 9 11 3 0 4 7 5 2 1 8 10 
604,3.59639e-06,4.16981e-06,3.03198e-06,50,100,100,239818,6 9 11 3 0 4 7 5 2 1 8 10 
605,3.61765e-06,4.16981e-06,3.04013e-06,50,100,100,239818,6 9 11 3 0 4 7 5 2 1 8 10 
606,3.59812e-06,4.16981e-06,3.10591e-06,50,100,100,239818,6 9 11 3 0 4 7 5 2 1 8 10 
607,3.63608e-06,4.16981e-06,3.11479e-06,50,100,100,239818,6 9 11 3 0 4 7 5 2 1 8 10 
608,3.62656e-06,4.16981e-06,3.04976e-06,50,100,100,239818,6 9 11 3 0 4 7 5 2 1 8 10 
609,3.61107e-06,4.16981e-06,2.99549e-06,50,100,100,239818,6 9 11 3 0 4 7 5 2 1 8 10 
610,3.59093e-06,4.16981e-06,3.03877e-06,50,100,100,239818,6 9 11 3 0 4 7 5 2 1 8 10 
611,3.59863e-06,4.16981e-06,3.03024e-06,50,100,100,239818,6 9 11 3 0 4 7 5 2 1 8 10 
612,3.63351e-06,4.16981e-06,3.06552e-06,50,100,100,239818,6 9 11 3 0 4 7 5 2 1 8 10 
613,3.64402e-06,4.16981e-06,3.02194e-06,50,100,100,239818,6 9 11 3 0 4 7 5 2 1 8 10 
614,3.60936e-06,4.16981e-06,3.07585e-06,50,100,100,239818,6 9 11 3 0 4 7 5 2 1 8 10 
615,3.60963e-06,4.16981e-06,3.09284e-06,50,100,100,239818,6 9 11 3 0 4 7 5 2 1 8 10 
616,3.65101e-06,4.16981e-06,3.07064e-06,50,100,100,239818,6 9 11 3 0 4 7 5 2 1 8 10 
617,3.63774e-06,4.16981e-06,2.93949e-06,50,100,100,239818,6 9 11 3 0 4 7 5 2 1 8 10 
618,3.6241e-06,4.16981e-06,3.03235e-06,50,100,100,239818,6 9 11 3 0 4 7 5 2 1 8 10 
619,3.59578e-06,4.16981e-06,2.94579e-06,50,100,100,239818,6 9 11 3 0 4 7 5 2 1 8 10 
620,3.57453e-06,4.16981e-06,2.914e-06,50,100,100,239818,6 9 11 3 0 4 7 5 2 1 8 10 
621,3.65449e-06,4.16981e-06,3.09206e-06,50,100,100,239818,6 9 11 3 0 4 7 5 2 1 8 10 
622,3.64534e-06,4.16981e-06,3.11425e-06,50,100,100,239818,6 9 11 3 0 4 7 5 2 1 8 10 
623,3.57744e-06,4.16981e-06,2.99479e-06,50,100,100,239818,6 9 11 3 0 4 7 5 2 1 8 10 
624,3.57955e-06,4.16981e-06,3.10917e-06,50,100,100,239818,6 9 11 3 0 4 7 5 2 1 8 10 
625,3.59505e-06,4.16981e-06,3.00233e-06,50,100,100,239818,6 9 11 3 0 4 7 5 2 1 8 10 
626,3.63154e-06,4.16981e-06,3.12824e-06,50,100,100,239818,6 9 11 3 0 4 7 5 2 1 8 10 
627,3.5663e-06,4.16981e-06,3.02906e-06,50,100,100,239818,6 9 11 3 0 4 7 5 2 1 8 10 
628,3.60197e-06,4.16981e-06,3.03031e-06,50,100,100,239818,6 9 11 3 0 4 7 5 2 1 8 10 
629,3.62646e-06,4.16981e-06,3.0473e-06,50,100,100,239818,6 9 11 3 0 4 7 5 2 1 8 10 
630,3.66221e-06,4.16981e-06,3.0285e-06,50,100,100,239818,6 9 11 3 0 4 7 5 2 1 8 10 
631,3.65941e-06,4.16981e-06,3.0908e-06,50,100,100,239818,6 9 11 3 0 4 7 5 2 1 8 10 
632,3.63297e-06,4.16981e-06,2.95291e-06,50,100,100,239818,6 9 11 3 0 4 7 5 2 1 8 10 
633,3.63542e-06,4.16981e-06,3.1014e-06,50,100,100,239818,6 9 11 3 0 4 7 5 2 1 8 10 
634,3.62905e-06,4.16981e-06,3.10292e-06,50,100,100,239818,6 9 11 3 0 4 7 5 2 1 8 10 
635,3.6352e-06,4.16981e-06,2.98726e-06,50,100,100,239818,6 9 11 3 0 4 7 5 2 1 8 10 
636,3.61589e-06,4.16981e-06,3.09884e-06,50,100,100,239818,6 9 11 3 0 4 7 5 2 1 8 10 
637,3.59833e-06,4.16981e-06,3.10038e-06,50,100,100,239818,6 9 11 3 0 4 7 5 2 1 8 10 
638,3.59483e-06,4.16981e-06,2.95577e-06,50,100,100,239818,6 9 11 3 0 4 7 5 2 1 8 10 
639,3.63045e-06,4.16981e-06,3.05292e-06,50,100,100,239818,6 9 11 3 0 4 7 5 2 1 8 10 
640,3.61391e-06,4.16981e-06,3.02917e-06,50,100,100,239818,6 9 11 3 0 4 7 5 2 1 8 10 
641,3.60478e-06,4.16981e-06,2.99096e-06,50,100,100,239818,6 9 11 3 0 4 7 5 2 1 8 10 
642,3.58288e-06,4.16981e-06,3.0574e-06,50,100,100,239818,6 9 11 3 0 4 7 5 2 1 8 10 
643,3.58723e-06,4.16981e-06,3.00695e-06,50,100,100,239818,6 9 11 3 0 4 7 5 2 1 8 10 
644,3.56648e-06,4.16981e-06,3.01726e-06,50,100,100,239818,6 9 11 3 0 4 7 5 2 1 8 10 
645,3.60156e-06,4.16981e-06,3.06261e-06,50,100,100,239818,6 9 11 3 0 4 7 5 2 1 8 10 
646,3.58481e-06,4.16981e-06,3.03333e-06,50,100,100,239818,6 9 11 3 0 4 7 5 2 1 8 10 
647,3.60425e-06,4.16981e-06,3.01757e-06,50,100,100,239818,6 9 11 3 0 4 7 5 2 1 8 10 
648,3.60368e-06,4.16981e-06,3.01231e-06,50,100,100,239818,6 9 11 3 0 4 7 5 2 1 8 10 
649,3.61756e-06,4.16981e-06,3.06257e-06,50,100,100,239818,6 9 11 3 0 4 7 5 2 1 8 10 
650,3.6222e-06,4.16981e-06,3.07109e-06,50,100,100,239818,6 9 11 3 0 4 7 5 2 1 8 10 
651,3.6297e-06,4.16981e-06,2.99522e-06,50,100,100,239818,6 9 11 3 0 4 7 5 2 1 8 10 
652,3.64567e-06,4.16981e-06,2.97865e-06,50,100,100,239818,6 9 11 3 0 4 7 5 2 1 8 10 
653,3.69153e-06,4.16981e-06,3.09802e-06,50,100,100,239818,6 9 11 3 0 4 7 5 2 1 8 10 
654,3.61245e-06,4.16981e-06,2.99619e-06,50,100,100,239818,6 9 11 3 0 4 7 5 2 1 8 10 
655,3.59715e-06,4.16981e-06,3.04702e-06,50,100,100,239818,6 9 11 3 0 4 7 5 2 1 8 10 
656,3.59164e-06,4.16981e-06,3.07678e-06,50,100,100,239818,6 9 11 3 0 4 7 5 2 1 8 10 
657,3.58595e-06,4.16981e-06,2.85585e-06,50,100,100,239818,6 9 11 3 0 4 7 5 2 1 8 10 
658,3.60651e-06,4.16981e-06,3.02141e-06,50,100,100,239818,6 9 11 3 0 4 7 5 2 1 8 10 
659,3.61957e-06,4.16981e-06,3.02943e-06,50,100,100,239818,6 9 11 3 0 4 7 5 2 1 8 10 
660,3.63208e-06,4.16981e-06,3.0065e-06,50,100,100,239818,6 9 11 3 0 4 7 5 2 1 8 10 
661,3.63163e-06,4.16981e-06,3.09284e-06,50,100,100,239818,6 9 11 3 0 4 7 5 2 1 8 10 
662,3.63476e-06,4.16981e-06,2.98721e-06,50,100,100,239818,6 9 11 3 0 4 7 5 2 1 8 10 
663,3.62508e-06,4.16981e-06,3.01237e-06,50,100,100,239818,6 9 11 3 0 4 7 5 2 1 8 10 
664,3.63536e-06,4.16981e-06,2.95761e-06,50,100,100,239818,6 9 11 3 0 4 7 5 2 1 8 10 
665,3.64244e-06,4.16981e-06,3.06533e-06,50,100,100,239818,6 9 11 3 0 4 7 5 2 1 8 10 
666,3.65062e-06,4.16981e-06,3.06203e-06,50,100,100,239818,6 9 11 3 0 4 7 5 2 1 8 10 
667,3.59217e-06,4.16981e-06,3.05002e-06,50,100,100,239818,6 9 11 3 0 4 7 5 2 1 8 10 
668,3.59926e-06,4.16981e-06,3.08285e-06,50,100,100,239818,6 9 11 3 0 4 7 5 2 1 8 10 
669,3.59336e-06,4.16981e-06,3.0332e-06,50,100,100,239818,6 9 11 3 0 4 7 5 2 1 8 10 
670,3.60257e-06,4.16981e-06,3.05056e-06,50,100,100,239818,6 9 11 3 0 4 7 5 2 1 8 10 
671,3.63144e-06,4.16981e-06,3.0332e-06,50,100,100,239818,6 9 11 3 0 4 7 5 2 1 8 10 
672,3.60481e-06,4.16981e-06,3.09669e-06,50,100,100,239818,6 9 11 3 0 4 7 5 2 1 8 10 
673,3.59916e-06,4.16981e-06,3.02921e-06,50,100,100,239818,6 9 11 3 0 4 7 5 2 1 8 10 
674,3.60714e-06,4.16981e-06,3.03906e-06,50,100,100,239818,6 9 11 3 0 4 7 5 2 1 8 10 
675,3.58452e-06,4.16981e-06,2.94699e-06,50,100,100,239818,6 9 11 3 0 4 7 5 2 1 8 10 
676,3.58468e-06,4.16981e-06,2.94397e-06,50,100,100,239818,6 9 11 3 0 4 7 5 2 1 8 10 
677,3.54764e-06,4.16981e-06,3.03272e-06,50,100,100,239818,6 9 11 3 0 4 7 5 2 1 8 10 
678,3.56829e-06,4.16981e-06,3.06357e-06,50,100,100,239818,6 9 11 3 0 4 7 5 2 1 8 10 
679,3.58762e-06,4.16981e-06,3.097e-06,50,100,100,239818,6 9 11 3 0 4 7 5 2 1 8 10 
680,3.58634e-06,4.16981e-06,2.98699e-06,50,100,100,239818,6 9 11 3 0 4 7 5 2 1 8 10 
681,3.56374e-06,4.16981e-06,2.93828e-06,50,100,100,239818,6 9 11 3 0 4 7 5 2 1 8 10 
682,3.56345e-06,4.16981e-06,3.05843e-06,50,100,100,239818,6 9 11 3 0 4 7 5 2 1 8 10 
683,3.59195e-06,4.16981e-06,3.07166e-06,50,100,100,239818,6 9 11 3 0 4 7 5 2 1 8 10 
684,3.59619e-06,4.16981e-06,3.01735e-06,50,100,100,239818,6 9 11 3 0 4 7 5 2 1 8 10 
685,3.61785e-06,4.16981e-06,3.01952e-06,50,100,100,239818,6 9 11 3 0 4 7 5 2 1 8 10 
686,3.64872e-06,4.16981e-06,3.00744e-06,50,100,100,239818,6 9 11 3 0 4 7 5 2 1 8 10 
687,3.63646e-06,4.16981e-06,3.02441e-06,50,100,100,239818,6 9 11 3 0 4 7 5 2 1 8 10 
688,3.57892e-06,4.16981e-06,2.93065e-06,50,100,100,239818,6 9 11 3 0 4 7 5 2 1 8 10 
689,3.5863e-06,4.16981e-06,3.00132e-06,50,100,100,239818,6 9 11 3 0 4 7 5 2 1 8 10 
690,3.58816e-06,4.16981e-06,2.95924e-06,50,100,100,239818,6 9 11 3 0 4 7 5 2 1 8 10 
691,3.65666e-06,4.16981e-06,3.11182e-06,50,100,100,239818,6 9 11 3 0 4 7 5 2 1 8 10 
692,3.63859e-06,4.16981e-06,2.98688e-06,50,100,100,239818,6 9 11 3 0 4 7 5 2 1 8 10 
693,3.62367e-06,4.16981e-06,2.94967e-06,50,100,100,239818,6 9 11 3 0 4 7 5 2 1 8 10 
694,3.67862e-06,4.16981e-06,3.02141e-06,50,100,100,239818,6 9 11 3 0 4 7 5 2 1 8 10 
695,3.63101e-06,4.16981e-06,3.0974e-06,50,100,100,239818,6 9 11 3 0 4 7 5 2 1 8 10 
696,3.60486e-06,4.16981e-06,3.00594e-06,50,100,100,239818,6 9 11 3 0 4 7 5 2 1 8 10 
697,3.56754e-06,4.16981e-06,3.00621e-06,50,100,100,239818,6 9 11 3 0 4 7 5 2 1 8 10 
698,3.56488e-06,4.16981e-06,2.9654e-06,50,100,100,239818,6 9 11 3 0 4 7 5 2 1 8 10 
699,3.60274e-06,4.16981e-06,3.03856e-06,50,100,100,239818,6 9 11 3 0 4 7 5 2 1 8 10 
700,3.62936e-06,4.16981e-06,3.06889e-06,50,100,100,239818,6 9 11 3 0 4 7 5 2 1 8 10 
701,3.59748e-06,4.16981e-06,2.98726e-06,50,100,100,239818,6 9 11 3 0 4 7 5 2 1 8 10 
702,3.6267e-06,4.16981e-06,3.08797e-06,50,100,100,239818,6 9 11 3 0 4 7 5 2 1 8 10 
703,3.56588e-06,4.16981e-06,2.9871e-06,50,100,100,239818,6 9 11 3 0 4 7 5 2 1 8 10 
704,3.58753e-06,4.16981e-06,2.91967e-06,50,100,100,239818,6 9 11 3 0 4 7 5 2 1 8 10 
705,3.59648e-06,4.16981e-06,2.99788e-06,50,100,100,239818,6 9 11 3 0 4 7 5 2 1 8 10 
706,3.61887e-06,4.16981e-06,2.93795e-06,50,100,100,239818,6 9 11 3 0 4 7 5 2 1 8 10 
707,3.59841e-06,4.16981e-06,3.01553e-06,50,100,100,239818,6 9 11 3 0 4 7 5 2 1 8 10 
708,3.62637e-06,4.16981e-06,3.05916e-06,50,100,100,239818,6 9 11 3 0 4 7 5 2 1 8 10 
709,3.59679e-06,4.16981e-06,2.98919e-06,50,100,100,239818,6 9 11 3 0 4 7 5 2 1 8 10 
710,3.59341e-06,4.16981e-06,3.01527e-06,50,100,100,239818,6 9 11 3 0 4 7 5 2 1 8 10 
711,3.61259e-06,4.16981e-06,3.07279e-06,50,100,100,239818,6 9 11 3 0 4 7 5 2 1 8 10 
712,3.6217e-06,4.16981e-06,2.97544e-06,50,100,100,239818,6 9 11 3 0 4 7 5 2 1 8 10 
713,3.63056e-06,4.16981e-06,2.9737e-06,50,100,100,239818,6 9 11 3 0 4 7 5 2 1 8 10 
714,3.64458e-06,4.16981e-06,3.05922e-06,50,100,100,239818,6 9 11 3 0 4 7 5 2 1 8 10 
715,3.62051e-06,4.16981e-06,3.05277e-06,50,100,100,239818,6 9 11 3 0 4 7 5 2 1 8 10 
716,3.56316e-06,4.16981e-06,3.05925e-06,50,100,100,239818,6 9 11 3 0 4 7 5 2 1 8 10 
717,3.58749e-06,4.16981e-06,3.1085e-06,50,100,100,239818,6 9 11 3 0 4 7 5 2 1 8 10 
718,3.55119e-06,4.16981e-06,2.95291e-06,50,100,100,239818,6 9 11 3 0 4 7 5 2 1 8 10 
719,3.56716e-06,4.16981e-06,3.02679e-06,50,100,100,239818,6 9 11 3 0 4 7 5 2 1 8 10 
720,3.59589e-06,4.16981e-06,3.04626e-06,50,100,100,239818,6 9 11 3 0 4 7 5 2 1 8 10 
721,3.58487e-06,4.16981e-06,3.0535e-06,50,100,100,239818,6 9 11 3 0 4 7 5 2 1 8 10 
722,3.57124e-06,4.16981e-06,2.9871e-06,50,100,100,239818,6 9 11 3 0 4 7 5 2 1 8 10 
723,3.55136e-06,4.16981e-06,3.01959e-06,50,100,100,239818,6 9 11 3 0 4 7 5 2 1 8 10 
724,3.54874e-06,4.16981e-06,3.01615e-06,50,100,100,239818,6 9 11 3 0 4 7 5 2 1 8 10 
725,3.56939e-06,4.16981e-06,2.97153e-06,50,100,100,239818,6 9 11 3 0 4 7 5 2 1 8 10 
726,3.57166e-06,4.16981e-06,3.02796e-06,50,100,100,239818,6 9 11 3 0 4 7 5 2 1 8 10 
727,3.5913e-06,4.16981e-06,3.03465e-06,50,100,100,239818,6 9 11 3 0 4 7 5 2 1 8 10 
728,3.53051e-06,4.16981e-06,3.04233e-06,50,100,100,239818,6 9 11 3 0 4 7 5 2 1 8 10 
729,3.58562e-06,4.16981e-06,3.07364e-06,50,100,100,239818,6 9 11 3 0 4 7 5 2 1 8 10 
730,3.62766e-06,4.16981e-06,3.03701e-06,50,100,100,239818,6 9 11 3 0 4 7 5 2 1 8 10 
731,3.56623e-06,4.16981e-06,3.0622e-06,50,100,100,239818,6 9 11 3 0 4 7 5 2 1 8 10 
732,3.6235e-06,4.16981e-06,3.08498e-06,50,100,100,239818,6 9 11 3 0 4 7 5 2 1 8 10 
733,3.62431e-06,4.16981e-06,3.06154e-06,50,100,100,239818,6 9 11 3 0 4 7 5 2 1 8 10 
734,3.57892e-06,4.16981e-06,3.00143e-06,50,100,100,239818,6 9 11 3 0 4 7 5 2 1 8 10 
735,3.5829e-06,4.16981e-06,3.02141e-06,50,100,100,239818,6 9 11 3 0 4 7 5 2 1 8 10 
736,3.60394e-06,4.16981e-06,3.14245e-06,50,100,100,239818,6 9 11 3 0 4 7 5 2 1 8 10 
737,3.53245e-06,4.16981e-06,3.04282e-06,50,100,100,239818,6 9 11 3 0 4 7 5 2 1 8 10 
738,3.51965e-06,4.16981e-06,2.98389e-06,50,100,100,239818,6 9 11 3 0 4 7 5 2 1 8 10 
739,3.52792e-06,4.16981e-06,3.01596e-06,50,100,100,239818,6 9 11 3 0 4 7 5 2 1 8 10 
740,3.5348e-06,4.16981e-06,3.07693e-06,50,100,100,239818,6 9 11 3 0 4 7 5 2 1 8 10 
741,3.56008e-06,4.16981e-06,3.12538e-06,50,100,100,239818,6 9 11 3 0 4 7 5 2 1 8 10 
742,3.57353e-06,4.16981e-06,2.9871e-06,50,100,100,239818,6 9 11 3 0 4 7 5 2 1 8 10 
743,3.54297e-06,4.16981e-06,2.91967e-06,50,100,100,239818,6 9 11 3 0 4 7 5 2 1 8 10 
744,3.55211e-06,4.16981e-06,3.03114e-06,50,100,100,239818,6 9 11 3 0 4 7 5 2 1 8 10 
745,3.54353e-06,4.16981e-06,3.04228e-06,50,100,100,239818,6 9 11 3 0 4 7 5 2 1 8 10 
746,3.53054e-06,4.16981e-06,2.98024e-06,50,100,100,239818,6 9 11 3 0 4 7 5 2 1 8 10 
747,3.54347e-06,4.16981e-06,3.00963e-06,50,100,100,239818,6 9 11 3 0 4 7 5 2 1 8 10 
748,3.59646e-06,4.16981e-06,3.0765e-06,50,100,100,239818,6 9 11 3 0 4 7 5 2 1 8 10 
749,3.57731e-06,4.16981e-06,3.02045e-06,50,100,100,239818,6 9 11 3 0 4 7 5 2 1 8 10 
750,3.56087e-06,4.16981e-06,2.93711e-06,50,100,100,239818,6 9 11 3 0 4 7 5 2 1 8 10 
751,3.57093e-06,4.16981e-06,2.99684e-06,50,100,100,239818,6 9 11 3 0 4 7 5 2 1 8 10 
752,3.61997e-06,4.16981e-06,3.09023e-06,50,100,100,239818,6 9 11 3 0 4 7 5 2 1 8 10 
753,3.61629e-06,4.16981e-06,2.914e-06,50,100,100,239818,6 9 11 3 0 4 7 5 2 1 8 10 
754,3.59714e-06,4.16981e-06,3.03609e-06,50,100,100,239818,6 9 11 3 0 4 7 5 2 1 8 10 
755,3.60736e-06,4.16981e-06,3.07542e-06,50,100,100,239818,6 9 11 3 0 4 7 5 2 1 8 10 
756,3.58741e-06,4.16981e-06,3.04222e-06,50,100,100,239818,6 9 11 3 0 4 7 5 2 1 8 10 
757,3.61309e-06,4.16981e-06,3.06655e-06,50,100,100,239818,6 9 11 3 0 4 7 5 2 1 8 10 
758,3.58252e-06,4.16981e-06,3.06246e-06,50,100,100,239818,6 9 11 3 0 4 7 5 2 1 8 10 
759,3.61936e-06,4.16981e-06,2.97865e-06,50,100,100,239818,6 9 11 3 0 4 7 5 2 1 8 10 
760,3.57068e-06,4.16981e-06,3.01211e-06,50,100,100,239818,6 9 11 3 0 4 7 5 2 1 8 10 
761,3.54618e-06,4.16981e-06,2.91967e-06,50,100,100,239818,6 9 11 3 0 4 7 5 2 1 8 10 
762,3.57925e-06,4.16981e-06,3.08285e-06,50,100,100,239818,6 9 11 3 0 4 7 5 2 1 8 10 
763,3.58254e-06,4.16981e-06,3.09072e-06,50,100,100,239818,6 9 11 3 0 4 7 5 2 1 8 10 
764,3.58497e-06,4.16981e-06,3.17647e-06,50,100,100,239818,6 9 11 3 0 4 7 5 2 1 8 10 
765,3.592e-06,4.16981e-06,3.01424e-06,50,100,100,239818,6 9 11 3 0 4 7 5 2 1 8 10 
766,3.5849e-06,4.16981e-06,3.00289e-06,50,100,100,239818,6 9 11 3 0 4 7 5 2 1 8 10 
767,3.55841e-06,4.16981e-06,2.96533e-06,50,100,100,239818,6 9 11 3 0 4 7 5 2 1 8 10 
768,3.56464e-06,4.16981e-06,2.94217e-06,50,100,100,239818,6 9 11 3 0 4 7 5 2 1 8 10 
769,3.54467e-06,4.16981e-06,2.95964e-06,50,100,100,239818,6 9 11 3 0 4 7 5 2 1 8 10 
770,3.51274e-06,4.16981e-06,2.97877e-06,50,100,100,239818,6 9 11 3 0 4 7 5 2 1 8 10 
771,3.51613e-06,4.16981e-06,3.0182e-06,50,100,100,239818,6 9 11 3 0 4 7 5 2 1 8 10 
772,3.52123e-06,4.16981e-06,2.96869e-06,50,100,100,239818,6 9 11 3 0 4 7 5 2 1 8 10 
773,3.54916e-06,4.16981e-06,3.05884e-06,50,100,100,239818,6 9 11 3 0 4 7 5 2 1 8 10 
774,3.52252e-06,4.16981e-06,3.06987e-06,50,100,100,239818,6 9 11 3 0 4 7 5 2 1 8 10 
775,3.50974e-06,4.16981e-06,2.98576e-06,50,100,100,239818,6 9 11 3 0 4 7 5 2 1 8 10 
776,3.5531e-06,4.16981e-06,3.05488e-06,50,100,100,239818,6 9 11 3 0 4 7 5 2 1 8 10 
777,3.54207e-06,4.16981e-06,3.02211e-06,50,100,100,239818,6 9 11 3 0 4 7 5 2 1 8 10 
778,3.56438e-06,4.16981e-06,3.00854e-06,50,100,100,239818,6 9 11 3 0 4 7 5 2 1 8 10 
779,3.55343e-06,4.16981e-06,3.0891e-06,50,100,100,239818,6 9 11 3 0 4 7 5 2 1 8 10 
780,3.52446e-06,4.16981e-06,3.01467e-06,50,100,100,239818,6 9 11 3 0 4 7 5 2 1 8 10 
781,3.55377e-06,4.16981e-06,3.08008e-06,50,100,100,239818,6 9 11 3 0 4 7 5 2 1 8 10 
782,3.573e-06,4.16981e-06,3.0908e-06,50,100,100,239818,6 9 11 3 0 4 7 5 2 1 8 10 
783,3.58834e-06,4.16981e-06,3.05639e-06,50,100,100,239818,6 9 11 3 0 4 7 5 2 1 8 10 
784,3.64856e-06,4.16981e-06,2.9876e-06,50,100,100,239818,6 9 11 3 0 4 7 5 2 1 8 10 
785,3.64627e-06,4.16981e-06,2.98503e-06,50,100,100,239818,6 9 11 3 0 4 7 5 2 1 8 10 
786,3.66012e-06,4.16981e-06,2.89842e-06,50,100,100,239818,6 9 11 3 0 4 7 5 2 1 8 10 
787,3.64588e-06,4.16981e-06,3.02859e-06,50,100,100,239818,6 9 11 3 0 4 7 5 2 1 8 10 
788,3.61483e-06,4.16981e-06,3.05302e-06,50,100,100,239818,6 9 11 3 0 4 7 5 2 1 8 10 
789,3.59267e-06,4.16981e-06,2.95411e-06,50,100,100,239818,6 9 11 3 0 4 7 5 2 1 8 10 
790,3.61987e-06,4.16981e-06,3.05875e-06,50,100,100,239818,6 9 11 3 0 4 7 5 2 1 8 10 
791,3.65523e-06,4.16981e-06,2.99153e-06,50,100,100,239818,6 9 11 3 0 4 7 5 2 1 8 10 
792,3.64655e-06,4.16981e-06,2.98726e-06,50,100,100,239818,6 9 11 3 0 4 7 5 2 1 8 10 
793,3.66273e-06,4.16981e-06,3.08553e-06,50,100,100,239818,6 9 11 3 0 4 7 5 2 1 8 10 
794,3.62867e-06,4.16981e-06,3.0592e-06,50,100,100,239818,6 9 11 3 0 4 7 5 2 1 8 10 
795,3.60419e-06,4.16981e-06,2.96194e-06,50,100,100,239818,6 9 11 3 0 4 7 5 2 1 8 10 
796,3.6091e-06,4.16981e-06,2.91487e-06,50,100,100,239818,6 9 11 3 0 4 7 5 2 1 8 10 
797,3.57382e-06,4.16981e-06,2.91967e-06,50,100,100,239818,6 9 11 3 0 4 7 5 2 1 8 10 
798,3.59729e-06,4.16981e-06,2.98726e-06,50,100,100,239818,6 9 11 3 0 4 7 5 2 1 8 10 
799,3.56657e-06,4.16981e-06,3.14245e-06,50,100,100,239818,6 9 11 3 0 4 7 5 2 1 8 10 
800,3.57295e-06,4.16981e-06,2.94312e-06,50,100,100,239818,6 9 11 3 0 4 7 5 2 1 8 10 
801,3.53731e-06,4.16981e-06,3.05261e-06,50,100,100,239818,6 9 11 3 0 4 7 5 2 1 8 10 
802,3.56907e-06,4.16981e-06,2.91351e-06,50,100,100,239818,6 9 11 3 0 4 7 5 2 1 8 10 
803,3.60714e-06,4.16981e-06,3.02076e-06,50,100,100,239818,6 9 11 3 0 4 7 5 2 1 8 10 
804,3.61822e-06,4.16981e-06,2.87334e-06,50,100,100,239818,6 9 11 3 0 4 7 5 2 1 8 10 
805,3.62449e-06,4.16981e-06,3.0199e-06,50,100,100,239818,6 9 11 3 0 4 7 5 2 1 8 10 
806,3.60862e-06,4.16981e-06,3.03607e-06,50,100,100,239818,6 9 11 3 0 4 7 5 2 1 8 10 
807,3.57553e-06,4.16981e-06,3.06115e-06,50,100,100,239818,6 9 11 3 0 4 7 5 2 1 8 10 
808,3.60738e-06,4.16981e-06,2.91967e-06,50,100,100,239818,6 9 11 3 0 4 7 5 2 1 8 10 
809,3.57382e-06,4.16981e-06,3.03164e-06,50,100,100,239818,6 9 11 3 0 4 7 5 2 1 8 10 
810,3.63285e-06,4.16981e-06,3.1091e-06,50,100,100,239818,6 9 11 3 0 4 7 5 2 1 8 10 
811,3.59874e-06,4.16981e-06,3.02251e-06,50,100,100,239818,6 9 11 3 0 4 7 5 2 1 8 10 
812,3.5832e-06,4.16981e-06,3.00191e-06,50,100,100,239818,6 9 11 3 0 4 7 5 2 1 8 10 
813,3.59328e-06,4.16981e-06,3.02035e-06,50,100,100,239818,6 9 11 3 0 4 7 5 2 1 8 10 
814,3.56907e-06,4.16981e-06,3.0089e-06,50,100,100,239818,6 9 11 3 0 4 7 5 2 1 8 10 
815,3.53884e-06,4.16981e-06,3.01436e-06,50,100,100,239818,6 9 11 3 0 4 7 5 2 1 8 10 
816,3.59789e-06,4.16981e-06,2.96779e-06,50,100,100,239818,6 9 11 3 0 4 7 5 2 1 8 10 
817,3.60944e-06,4.16981e-06,3.00594e-06,50,100,100,239818,6 9 11 3 0 4 7 5 2 1 8 10 
818,3.62657e-06,4.16981e-06,2.94217e-06,50,100,100,239818,6 9 11 3 0 4 7 5 2 1 8 10 
819,3.62055e-06,4.16981e-06,2.95289e-06,50,100,100,239818,6 9 11 3 0 4 7 5 2 1 8 10 
820,3.62555e-06,4.16981e-06,3.11654e-06,50,100,100,239818,6 9 11 3 0 4 7 5 2 1 8 10 
821,3.66311e-06,4.16981e-06,3.05802e-06,50,100,100,239818,6 9 11 3 0 4 7 5 2 1 8 10 
822,3.53688e-06,4.16981e-06,2.91487e-06,50,100,100,239818,6 9 11 3 0 4 7 5 2 1 8 10 
823,3.57871e-06,4.16981e-06,2.98576e-06,50,100,100,239818,6 9 11 3 0 4 7 5 2 1 8 10 
824,3.59181e-06,4.16981e-06,3.04467e-06,50,100,100,239818,6 9 11 3 0 4 7 5 2 1 8 10 
825,3.58229e-06,4.16981e-06,2.97031e-06,50,100,100,239818,6 9 11 3 0 4 7 5 2 1 8 10 
826,3.52954e-06,4.16981e-06,2.93247e-06,50,100,100,239818,6 9 11 3 0 4 7 5 2 1 8 10 
827,3.54645e-06,4.16981e-06,2.97088e-06,50,100,100,239818,6 9 11 3 0 4 7 5 2 1 8 10 
828,3.5563e-06,4.16981e-06,3.10065e-06,50,100,100,239818,6 9 11 3 0 4 7 5 2 1 8 10 
829,3.52682e-06,4.16981e-06,2.99603e-06,50,100,100,239818,6 9 11 3 0 4 7 5 2 1 8 10 
830,3.53093e-06,4.16981e-06,3.00972e-06,50,100,100,239818,6 9 11 3 0 4 7 5 2 1 8 10 
831,3.52773e-06,4.16981e-06,3.00476e-06,50,100,100,239818,6 9 11 3 0 4 7 5 2 1 8 10 
832,3.49574e-06,4.16981e-06,2.97865e-06,50,100,100,239818,6 9 11 3 0 4 7 5 2 1 8 10 
833,3.4836e-06,4.16981e-06,2.96499e-06,50,100,100,239818,6 9 11 3 0 4 7 5 2 1 8 10 
834,3.52161e-06,4.16981e-06,2.99652e-06,50,100,100,239818,6 9 11 3 0 4 7 5 2 1 8 10 
835,3.51778e-06,4.16981e-06,3.06458e-06,50,100,100,239818,6 9 11 3 0 4 7 5 2 1 8 10 
836,3.47317e-06,4.16981e-06,3.0435e-06,50,100,100,239818,6 9 11 3 0 4 7 5 2 1 8 10 
837,3.47487e-06,4.16981e-06,2.98849e-06,50,100,100,239818,6 9 11 3 0 4 7 5 2 1 8 10 
838,3.51051e-06,4.16981e-06,3.03441e-06,50,100,100,239818,6 9 11 3 0 4 7 5 2 1 8 10 
839,3.47648e-06,4.16981e-06,3.04276e-06,50,100,100,239818,6 9 11 3 0 4 7 5 2 1 8 10 
840,3.48719e-06,4.16981e-06,3.05946e-06,50,100,100,239818,6 9 11 3 0 4 7 5 2 1 8 10 
841,3.51819e-06,4.16981e-06,3.03006e-06,50,100,100,239818,6 9 11 3 0 4 7 5 2 1 8 10 
842,3.5297e-06,4.16981e-06,3.06685e-06,50,100,100,239818,6 9 11 3 0 4 7 5 2 1 8 10 
843,3.48935e-06,4.16981e-06,2.9851e-06,50,100,100,239818,6 9 11 3 0 4 7 5 2 1 8 10 
844,3.48218e-06,4.16981e-06,3.04261e-06,50,100,100,239818,6 9 11 3 0 4 7 5 2 1 8 10 
845,3.48456e-06,4.16981e-06,3.03793e-06,50,100,100,239818,6 9 11 3 0 4 7 5 2 1 8 10 
846,3.44335e-06,4.16981e-06,2.97975e-06,50,100,100,239818,6 9 11 3 0 4 7 5 2 1 8 10 
847,3.44665e-06,4.16981e-06,3.0318e-06,50,100,100,239818,6 9 11 3 0 4 7 5 2 1 8 10 
848,3.45429e-06,4.16981e-06,3.09792e-06,50,100,100,239818,6 9 11 3 0 4 7 5 2 1 8 10 
849,3.45126e-06,4.16981e-06,2.97383e-06,50,100,100,239818,6 9 11 3 0 4 7 5 2 1 8 10 
850,3.48057e-06,4.16981e-06,3.02868e-06,50,100,100,239818,6 9 11 3 0 4 7 5 2 1 8 10 
851,3.48816e-06,4.16981e-06,3.06072e-06,50,100,100,239818,6 9 11 3 0 4 7 5 2 1 8 10 
852,3.51218e-06,4.16981e-06,3.05017e-06,50,100,100,239818,6 9 11 3 0 4 7 5 2 1 8 10 
853,3.50074e-06,4.16981e-06,3.04766e-06,50,100,100,239818,6 9 11 3 0 4 7 5 2 1 8 10 
854,3.48255e-06,4.16981e-06,3.03103e-06,50,100,100,239818,6 9 11 3 0 4 7 5 2 1 8 10 
855,3.51474e-06,4.16981e-06,3.04821e-06,50,100,100,239818,6 9 11 3 0 4 7 5 2 1 8 10 
856,3.50504e-06,4.16981e-06,3.0336e-06,50,100,100,239818,6 9 11 3 0 4 7 5 2 1 8 10 
857,3.49141e-06,4.16981e-06,3.00191e-06,50,100,100,239818,6 9 11 3 0 4 7 5 2 1 8 10 
858,3.51665e-06,4.16981e-06,3.09472e-06,50,100,100,239818,6 9 11 3 0 4 7 5 2 1 8 10 
859,3.50427e-06,4.16981e-06,2.99637e-06,50,100,100,239818,6 9 11 3 0 4 7 5 2 1 8 10 
860,3.49331e-06,4.16981e-06,3.11159e-06,50,100,100,239818,6 9 11 3 0 4 7 5 2 1 8 10 
861,3.47053e-06,4.16981e-06,3.03971e-06,50,100,100,239818,6 9 11 3 0 4 7 5 2 1 8 10 
862,3.46437e-06,4.16981e-06,3.03963e-06,50,100,100,239818,6 9 11 3 0 4 7 5 2 1 8 10 
863,3.47444e-06,4.16981e-06,3.03583e-06,50,100,100,239818,6 9 11 3 0 4 7 5 2 1 8 10 
864,3.50267e-06,4.16981e-06,3.08527e-06,50,100,100,239818,6 9 11 3 0 4 7 5 2 1 8 10 
865,3.49291e-06,4.16981e-06,2.99022e-06,50,100,100,239818,6 9 11 3 0 4 7 5 2 1 8 10 
866,3.48214e-06,4.16981e-06,3.01139e-06,50,100,100,239818,6 9 11 3 0 4 7 5 2 1 8 10 
867,3.52e-06,4.16981e-06,3.07856e-06,50,100,100,239818,6 9 11 3 0 4 7 5 2 1 8 10 
868,3.53935e-06,4.16981e-06,2.99662e-06,50,100,100,239818,6 9 11 3 0 4 7 5 2 1 8 10 
869,3.5477e-06,4.16981e-06,3.06953e-06,50,100,100,239818,6 9 11 3 0 4 7 5 2 1 8 10 
870,3.54421e-06,4.16981e-06,3.15683e-06,50,100,100,239818,6 9 11 3 0 4 7 5 2 1 8 10 
871,3.55596e-06,4.16981e-06,3.03336e-06,50,100,100,239818,6 9 11 3 0 4 7 5 2 1 8 10 
872,3.52937e-06,4.16981e-06,2.93861e-06,50,100,100,239818,6 9 11 3 0 4 7 5 2 1 8 10 
873,3.51999e-06,4.16981e-06,2.91303e-06,50,100,100,239818,6 9 11 3 0 4 7 5 2 1 8 10 
874,3.55075e-06,4.16981e-06,2.98663e-06,50,100,100,239818,6 9 11 3 0 4 7 5 2 1 8 10 
875,3.54768e-06,4.16981e-06,3.02138e-06,50,100,100,239818,6 9 11 3 0 4 7 5 2 1 8 10 
876,3.50483e-06,4.16981e-06,3.00337e-06,50,100,100,239818,6 9 11 3 0 4 7 5 2 1 8 10 
877,3.57468e-06,4.16981e-06,3.08447e-06,50,100,100,239818,6 9 11 3 0 4 7 5 2 1 8 10 
878,3.56818e-06,4.16981e-06,3.09506e-06,50,100,100,239818,6 9 11 3 0 4 7 5 2 1 8 10 
879,3.61459e-06,4.16981e-06,3.04004e-06,50,100,100,239818,6 9 11 3 0 4 7 5 2 1 8 10 
880,3.54965e-06,4.16981e-06,3.04552e-06,50,100,100,239818,6 9 11 3 0 4 7 5 2 1 8 10 
881,3.55853e-06,4.16981e-06,3.03393e-06,50,100,100,239818,6 9 11 3 0 4 7 5 2 1 8 10 
882,3.52353e-06,4.16981e-06,3.07385e-06,50,100,100,239818,6 9 11 3 0 4 7 5 2 1 8 10 
883,3.5407e-06,4.16981e-06,3.03239e-06,50,100,100,239818,6 9 11 3 0 4 7 5 2 1 8 10 
884,3.56871e-06,4.16981e-06,2.96443e-06,50,100,100,239818,6 9 11 3 0 4 7 5 2 1 8 10 
885,3.5729e-06,4.16981e-06,3.00254e-06,50,100,100,239818,6 9 11 3 0 4 7 5 2 1 8 10 
886,3.5336e-06,4.16981e-06,2.99689e-06,50,100,100,239818,6 9 11 3 0 4 7 5 2 1 8 10 
887,3.50761e-06,4.16981e-06,3.08356e-06,50,100,100,239818,6 9 11 3 0 4 7 5 2 1 8 10 
888,3.49806e-06,4.16981e-06,3.00699e-06,50,100,100,239818,6 9 11 3 0 4 7 5 2 1 8 10 
889,3.47515e-06,4.16981e-06,2.91946e-06,50,100,100,239818,6 9 11 3 0 4 7 5 2 1 8 10 
890,3.55235e-06,4.16981e-06,3.03967e-06,50,100,100,239818,6 9 11 3 0 4 7 5 2 1 8 10 
891,3.594e-06,4.16981e-06,3.06e-06,50,100,100,239818,6 9 11 3 0 4 7 5 2 1 8 10 
892,3.53914e-06,4.16981e-06,3.04888e-06,50,100,100,239818,6 9 11 3 0 4 7 5 2 1 8 10 
893,3.56247e-06,4.16981e-06,2.91967e-06,50,100,100,239818,6 9 11 3 0 4 7 5 2 1 8 10 
894,3.53612e-06,4.16981e-06,2.94512e-06,50,100,100,239818,6 9 11 3 0 4 7 5 2 1 8 10 
895,3.56061e-06,4.16981e-06,3.09288e-06,50,100,100,239818,6 9 11 3 0 4 7 5 2 1 8 10 
896,3.57503e-06,4.16981e-06,2.95931e-06,50,100,100,239818,6 9 11 3 0 4 7 5 2 1 8 10 
897,3.58968e-06,4.16981e-06,2.95289e-06,50,100,100,239818,6 9 11 3 0 4 7 5 2 1 8 10 
898,3.56523e-06,4.16981e-06,3.0031e-06,50,100,100,239818,6 9 11 3 0 4 7 5 2 1 8 10 
899,3.60637e-06,4.16981e-06,2.99596e-06,50,100,100,239818,6 9 11 3 0 4 7 5 2 1 8 10 
900,3.55707e-06,4.16981e-06,2.97155e-06,50,100,100,239818,6 9 11 3 0 4 7 5 2 1 8 10 
901,3.54481e-06,4.16981e-06,2.94854e-06,50,100,100,239818,6 9 11 3 0 4 7 5 2 1 8 10 
902,3.54941e-06,4.16981e-06,3.13927e-06,50,100,100,239818,6 9 11 3 0 4 7 5 2 1 8 10 
903,3.59062e-06,4.16981e-06,3.03877e-06,50,100,100,239818,6 9 11 3 0 4 7 5 2 1 8 10 
904,3.53464e-06,4.16981e-06,2.9698e-06,50,100,100,239818,6 9 11 3 0 4 7 5 2 1 8 10 
905,3.54073e-06,4.16981e-06,2.99599e-06,50,100,100,239818,6 9 11 3 0 4 7 5 2 1 8 10 
906,3.57175e-06,4.16981e-06,3.0574e-06,50,100,100,239818,6 9 11 3 0 4 7 5 2 1 8 10 
907,3.588e-06,4.16981e-06,3.09156e-06,50,100,100,239818,6 9 11 3 0 4 7 5 2 1 8 10 
908,3.62907e-06,4.16981e-06,3.02657e-06,50,100,100,239818,6 9 11 3 0 4 7 5 2 1 8 10 
909,3.57348e-06,4.16981e-06,2.94217e-06,50,100,100,239818,6 9 11 3 0 4 7 5 2 1 8 10 
910,3.5866e-06,4.16981e-06,3.0095e-06,50,100,100,239818,6 9 11 3 0 4 7 5 2 1 8 10 
911,3.56278e-06,4.16981e-06,3.00152e-06,50,100,100,239818,6 9 11 3 0 4 7 5 2 1 8 10 
912,3.59221e-06,4.16981e-06,2.94254e-06,50,100,100,239818,6 9 11 3 0 4 7 5 2 1 8 10 
913,3.6093e-06,4.16981e-06,3.01544e-06,50,100,100,239818,6 9 11 3 0 4 7 5 2 1 8 10 
914,3.59993e-06,4.16981e-06,2.99662e-06,50,100,100,239818,6 9 11 3 0 4 7 5 2 1 8 10 
915,3.63328e-06,4.16981e-06,3.08245e-06,50,100,100,239818,6 9 11 3 0 4 7 5 2 1 8 10 
916,3.58845e-06,4.16981e-06,2.98548e-06,50,100,100,239818,6 9 11 3 0 4 7 5 2 1 8 10 
917,3.56779e-06,4.16981e-06,2.96176e-06,50,100,100,239818,6 9 11 3 0 4 7 5 2 1 8 10 
918,3.54147e-06,4.16981e-06,2.92503e-06,50,100,100,239818,6 9 11 3 0 4 7 5 2 1 8 10 
919,3.55198e-06,4.16981e-06,2.91967e-06,50,100,100,239818,6 9 11 3 0 4 7 5 2 1 8 10 
920,3.5457e-06,4.16981e-06,2.92327e-06,50,100,100,239818,6 9 11 3 0 4 7 5 2 1 8 10 
921,3.562e-06,4.16981e-06,2.97038e-06,50,100,100,239818,6 9 11 3 0 4 7 5 2 1 8 10 
922,3.5754e-06,4.16981e-06,3.04758e-06,50,100,100,239818,6 9 11 3 0 4 7 5 2 1 8 10 
923,3.58625e-06,4.16981e-06,3.08473e-06,50,100,100,239818,6 9 11 3 0 4 7 5 2 1 8 10 
924,3.59898e-06,4.16981e-06,2.99932e-06,50,100,100,239818,6 9 11 3 0 4 7 5 2 1 8 10 
925,3.61755e-06,4.16981e-06,3.12066e-06,50,100,100,239818,6 9 11 3 0 4 7 5 2 1 8 10 
926,3.60242e-06,4.16981e-06,2.99619e-06,50,100,100,239818,6 9 11 3 0 4 7 5 2 1 8 10 
927,3.60176e-06,4.16981e-06,2.99069e-06,50,100,100,239818,6 9 11 3 0 4 7 5 2 1 8 10 
928,3.60615e-06,4.16981e-06,2.99619e-06,50,100,100,239818,6 9 11 3 0 4 7 5 2 1 8 10 
929,3.60382e-06,4.16981e-06,2.98726e-06,50,100,100,239818,6 9 11 3 0 4 7 5 2 1 8 10 
930,3.63447e-06,4.16981e-06,3.03891e-06,50,100,100,239818,6 9 11 3 0 4 7 5 2 1 8 10 
931,3.63727e-06,4.16981e-06,2.95281e-06,50,100,100,239818,6 9 11 3 0 4 7 5 2 1 8 10 
932,3.6448e-06,4.16981e-06,3.11636e-06,50,100,100,239818,6 9 11 3 0 4 7 5 2 1 8 10 
933,3.64224e-06,4.16981e-06,3.05537e-06,50,100,100,239818,6 9 11 3 0 4 7 5 2 1 8 10 
934,3.593e-06,4.16981e-06,2.98056e-06,50,100,100,239818,6 9 11 3 0 4 7 5 2 1 8 10 
935,3.61754e-06,4.16981e-06,2.96869e-06,50,100,100,239818,6 9 11 3 0 4 7 5 2 1 8 10 
936,3.62905e-06,4.16981e-06,3.13847e-06,50,100,100,239818,6 9 11 3 0 4 7 5 2 1 8 10 
937,3.58619e-06,4.16981e-06,3.13265e-06,50,100,100,239818,6 9 11 3 0 4 7 5 2 1 8 10 
938,3.58663e-06,4.16981e-06,3.03094e-06,50,100,100,239818,6 9 11 3 0 4 7 5 2 1 8 10 
939,3.53468e-06,4.16981e-06,2.9871e-06,50,100,100,239818,6 9 11 3 0 4 7 5 2 1 8 10 
940,3.5533e-06,4.16981e-06,3.08591e-06,50,100,100,239818,6 9 11 3 0 4 7 5 2 1 8 10 
941,3.57056e-06,4.16981e-06,3.05925e-06,50,100,100,239818,6 9 11 3 0 4 7 5 2 1 8 10 
942,3.56614e-06,4.16981e-06,2.97803e-06,50,100,100,239818,6 9 11 3 0 4 7 5 2 1 8 10 
943,3.5544e-06,4.16981e-06,3.02141e-06,50,100,100,239818,6 9 11 3 0 4 7 5 2 1 8 10 
944,3.58898e-06,4.16981e-06,2.98726e-06,50,100,100,239818,6 9 11 3 0 4 7 5 2 1 8 10 
945,3.57105e-06,4.16981e-06,3.07538e-06,50,100,100,239818,6 9 11 3 0 4 7 5 2 1 8 10 
946,3.5703e-06,4.16981e-06,3.08759e-06,50,100,100,239818,6 9 11 3 0 4 7 5 2 1 8 10 
947,3.57924e-06,4.16981e-06,3.03371e-06,50,100,100,239818,6 9 11 3 0 4 7 5 2 1 8 10 
948,3.56803e-06,4.16981e-06,2.95577e-06,50,100,100,239818,6 9 11 3 0 4 7 5 2 1 8 10 
949,3.57079e-06,4.16981e-06,2.9908e-06,50,100,100,239818,6 9 11 3 0 4 7 5 2 1 8 10 
950,3.55272e-06,4.16981e-06,2.99955e-06,50,100,100,239818,6 9 11 3 0 4 7 5 2 1 8 10 
951,3.55452e-06,4.16981e-06,2.99282e-06,50,100,100,239818,6 9 11 3 0 4 7 5 2 1 8 10 
952,3.57837e-06,4.16981e-06,3.1014e-06,50,100,100,239818,6 9 11 3 0 4 7 5 2 1 8 10 
953,3.54684e-06,4.16981e-06,2.96304e-06,50,100,100,239818,6 9 11 3 0 4 7 5 2 1 8 10 
954,3.59142e-06,4.16981e-06,3.08773e-06,50,100,100,239818,6 9 11 3 0 4 7 5 2 1 8 10 
955,3.60221e-06,4.16981e-06,2.99722e-06,50,100,100,239818,6 9 11 3 0 4 7 5 2 1 8 10 
956,3.56109e-06,4.16981e-06,3.00744e-06,50,100,100,239818,6 9 11 3 0 4 7 5 2 1 8 10 
957,3.55474e-06,4.16981e-06,2.93711e-06,50,100,100,239818,6 9 11 3 0 4 7 5 2 1 8 10 
958,3.57135e-06,4.16981e-06,3.08285e-06,50,100,100,239818,6 9 11 3 0 4 7 5 2 1 8 10 
959,3.6115e-06,4.16981e-06,3.02194e-06,50,100,100,239818,6 9 11 3 0 4 7 5 2 1 8 10 
960,3.58236e-06,4.16981e-06,3.0199e-06,50,100,100,239818,6 9 11 3 0 4 7 5 2 1 8 10 
961,3.60239e-06,4.16981e-06,3.08491e-06,50,100,100,239818,6 9 11 3 0 4 7 5 2 1 8 10 
962,3.59145e-06,4.16981e-06,3.02194e-06,50,100,100,239818,6 9 11 3 0 4 7 5 2 1 8 10 
963,3.58791e-06,4.16981e-06,3.10157e-06,50,100,100,239818,6 9 11 3 0 4 7 5 2 1 8 10 
964,3.61547e-06,4.16981e-06,2.9982e-06,50,100,100,239818,6 9 11 3 0 4 7 5 2 1 8 10 
965,3.62928e-06,4.16981e-06,3.0801e-06,50,100,100,239818,6 9 11 3 0 4 7 5 2 1 8 10 
966,3.59363e-06,4.16981e-06,3.06599e-06,50,100,100,239818,6 9 11 3 0 4 7 5 2 1 8 10 
967,3.55201e-06,4.16981e-06,2.97121e-06,50,100,100,239818,6 9 11 3 0 4 7 5 2 1 8 10 
968,3.53674e-06,4.16981e-06,2.93949e-06,50,100,100,239818,6 9 11 3 0 4 7 5 2 1 8 10 
969,3.54327e-06,4.16981e-06,2.94967e-06,50,100,100,239818,6 9 11 3 0 4 7 5 2 1 8 10 
970,3.55923e-06,4.16981e-06,3.06501e-06,50,100,100,239818,6 9 11 3 0 4 7 5 2 1 8 10 
971,3.60479e-06,4.16981e-06,3.00832e-06,50,100,100,239818,6 9 11 3 0 4 7 5 2 1 8 10 
972,3.57375e-06,4.16981e-06,2.98268e-06,50,100,100,239818,6 9 11 3 0 4 7 5 2 1 8 10 
973,3.56559e-06,4.16981e-06,3.03331e-06,50,100,100,239818,6 9 11 3 0 4 7 5 2 1 8 10 
974,3.58697e-06,4.16981e-06,2.98325e-06,50,100,100,239818,6 9 11 3 0 4 7 5 2 1 8 10 
975,3.56555e-06,4.16981e-06,2.91967e-06,50,100,100,239818,6 9 11 3 0 4 7 5 2 1 8 10 
976,3.58633e-06,4.16981e-06,2.94186e-06,50,100,100,239818,6 9 11 3 0 4 7 5 2 1 8 10 
977,3.54914e-06,4.16981e-06,2.95289e-06,50,100,100,239818,6 9 11 3 0 4 7 5 2 1 8 10 
978,3.55019e-06,4.16981e-06,2.97763e-06,50,100,100,239818,6 9 11 3 0 4 7 5 2 1 8 10 
979,3.59539e-06,4.16981e-06,2.94579e-06,50,100,100,239818,6 9 11 3 0 4 7 5 2 1 8 10 
980,3.59035e-06,4.16981e-06,2.96176e-06,50,100,100,239818,6 9 11 3 0 4 7 5 2 1 8 10 
981,3.56528e-06,4.16981e-06,2.97712e-06,50,100,100,239818,6 9 11 3 0 4 7 5 2 1 8 10 
982,3.60423e-06,4.16981e-06,3.01769e-06,50,100,100,239818,6 9 11 3 0 4 7 5 2 1 8 10 
983,3.58304e-06,4.16981e-06,3.10751e-06,50,100,100,239818,6 9 11 3 0 4 7 5 2 1 8 10 
984,3.58077e-06,4.16981e-06,3.01962e-06,50,100,100,239818,6 9 11 3 0 4 7 5 2 1 8 10 
985,3.51941e-06,4.16981e-06,2.90346e-06,50,100,100,239818,6 9 11 3 0 4 7 5 2 1 8 10 
986,3.53003e-06,4.16981e-06,2.9974e-06,50,100,100,239818,6 9 11 3 0 4 7 5 2 1 8 10 
987,3.56821e-06,4.16981e-06,2.96946e-06,50,100,100,239818,6 9 11 3 0 4 7 5 2 1 8 10 
988,3.53328e-06,4.16981e-06,2.95917e-06,50,100,100,239818,6 9 11 3 0 4 7 5 2 1 8 10 
989,3.51013e-06,4.16981e-06,2.89849e-06,50,100,100,239818,6 9 11 3 0 4 7 5 2 1 8 10 
990,3.53583e-06,4.16981e-06,3.04836e-06,50,100,100,239818,6 9 11 3 0 4 7 5 2 1 8 10 
991,3.50678e-06,4.16981e-06,2.90971e-06,50,100,100,239818,6 9 11 3 0 4 7 5 2 1 8 10 
992,3.48964e-06,4.16981e-06,2.98919e-06,50,100,100,239818,6 9 11 3 0 4 7 5 2 1 8 10 
993,3.53518e-06,4.16981e-06,3.04395e-06,50,100,100,239818,6 9 11 3 0 4 7 5 2 1 8 10 
994,3.52158e-06,4.16981e-06,3.05266e-06,50,100,100,239818,6 9 11 3 0 4 7 5 2 1 8 10 
995,3.52335e-06,4.16981e-06,2.99015e-06,50,100,100,239818,6 9 11 3 0 4 7 5 2 1 8 10 
996,3.54801e-06,4.16981e-06,3.00319e-06,50,100,100,239818,6 9 11 3 0 4 7 5 2 1 8 10 
997,3.60097e-06,4.16981e-06,3.03169e-06,50,100,100,239818,6 9 11 3 0 4 7 5 2 1 8 10 
998,3.57127e-06,4.16981e-06,2.94647e-06,50,100,100,239818,6 9 11 3 0 4 7 5 2 1 8 10 
999,3.59185e-06,4.16981e-06,2.9871e-06,50,100,100,239818,6 9 11 3 0 4 7 5 2 1 8 10 
