Generación,Media,Mejor,Peor,Cruzas,Mutaciones,Inversiones,Costo,Permutación
1,3.25169e-06,3.70479e-06,2.9327e-06,50,100,100,269920,10 2 3 1 7 6 4 5 8 11 0 9 
2,3.27028e-06,3.70479e-06,2.94668e-06,50,100,100,269920,10 2 3 1 7 6 4 5 8 11 0 9 
3,3.23189e-06,3.70479e-06,2.90277e-06,50,100,100,269920,10 2 3 1 7 6 4 5 8 11 0 9 
4,3.26436e-06,3.70479e-06,2.95693e-06,50,100,100,269920,10 2 3 1 7 6 4 5 8 11 0 9 
5,3.28188e-06,3.75487e-06,2.96148e-06,50,100,100,266320,7 2 8 3 1 5 10 4 6 11 0 9 
6,3.26886e-06,3.75487e-06,2.9832e-06,50,100,100,266320,7 2 8 3 1 5 10 4 6 11 0 9 
7,3.26821e-06,3.86606e-06,2.93081e-06,50,100,100,258660,6 3 4 8 7 2 11 0 5 9 1 10 
8,3.27968e-06,3.86606e-06,2.91259e-06,50,100,100,258660,6 3 4 8 7 2 11 0 5 9 1 10 
9,3.29658e-06,3.86606e-06,2.94245e-06,50,100,100,258660,6 3 4 8 7 2 11 0 5 9 1 10 
10,3.29578e-06,3.86606e-06,3.03287e-06,50,100,100,258660,6 3 4 8 7 2 11 0 5 9 1 10 
11,3.27916e-06,3.86606e-06,2.97181e-06,50,100,100,258660,6 3 4 8 7 2 11 0 5 9 1 10 
12,3.28745e-06,3.9559e-06,2.99749e-06,50,100,100,252786,10 2 1 11 3 5 7 4 6 8 0 9 
13,3.30061e-06,3.9559e-06,2.91439e-06,50,100,100,252786,10 2 1 11 3 5 7 4 6 8 0 9 
14,3.29644e-06,3.9559e-06,2.93036e-06,50,100,100,252786,10 2 1 11 3 5 7 4 6 8 0 9 
15,3.29618e-06,4.00315e-06,2.97321e-06,50,100,100,249802,10 2 1 11 3 5 8 4 6 7 0 9 
16,3.31616e-06,4.00315e-06,3.00731e-06,50,100,100,249802,10 2 1 11 3 5 8 4 6 7 0 9 
17,3.30676e-06,4.00315e-06,3.00334e-06,50,100,100,249802,10 2 1 11 3 5 8 4 6 7 0 9 
18,3.28976e-06,4.00315e-06,2.98401e-06,50,100,100,249802,10 2 1 11 3 5 8 4 6 7 0 9 
19,3.27719e-06,4.00315e-06,2.99225e-06,50,100,100,249802,10 2 1 11 3 5 8 4 6 7 0 9 
20,3.27736e-06,4.00315e-06,2.96436e-06,50,100,100,249802,10 2 1 11 3 5 8 4 6 7 0 9 
21,3.27932e-06,4.00315e-06,2.97804e-06,50,100,100,249802,10 2 1 11 3 5 8 4 6 7 0 9 
22,3.29124e-06,4.00315e-06,2.96902e-06,50,100,100,249802,10 2 1 11 3 5 8 4 6 7 0 9 
23,3.27494e-06,4.00315e-06,2.98605e-06,50,100,100,249802,10 2 1 11 3 5 8 4 6 7 0 9 
24,3.27485e-06,4.00315e-06,2.93251e-06,50,100,100,249802,10 2 1 11 3 5 8 4 6 7 0 9 
25,3.29826e-06,4.00315e-06,2.95665e-06,50,100,100,249802,10 2 1 11 3 5 8 4 6 7 0 9 
26,3.28201e-06,4.00315e-06,2.97301e-06,50,100,100,249802,10 2 1 11 3 5 8 4 6 7 0 9 
27,3.24564e-06,4.00315e-06,2.90324e-06,50,100,100,249802,10 2 1 11 3 5 8 4 6 7 0 9 
28,3.27928e-06,4.00315e-06,2.95929e-06,50,100,100,249802,10 2 1 11 3 5 8 4 6 7 0 9 
29,3.27502e-06,4.00315e-06,2.91273e-06,50,100,100,249802,10 2 1 11 3 5 8 4 6 7 0 9 
30,3.29088e-06,4.00315e-06,2.90147e-06,50,100,100,249802,10 2 1 11 3 5 8 4 6 7 0 9 
31,3.30318e-06,4.00315e-06,2.97847e-06,50,100,100,249802,10 2 1 11 3 5 8 4 6 7 0 9 
32,3.29864e-06,4.00315e-06,2.97647e-06,50,100,100,249802,10 2 1 11 3 5 8 4 6 7 0 9 
33,3.27057e-06,4.00315e-06,2.93813e-06,50,100,100,249802,10 2 1 11 3 5 8 4 6 7 0 9 
34,3.30109e-06,4.00315e-06,2.98713e-06,50,100,100,249802,10 2 1 11 3 5 8 4 6 7 0 9 
35,3.3143e-06,4.00315e-06,2.99946e-06,50,100,100,249802,10 2 1 11 3 5 8 4 6 7 0 9 
36,3.33979e-06,4.00315e-06,3.04979e-06,50,100,100,249802,10 2 1 11 3 5 8 4 6 7 0 9 
37,3.31242e-06,4.00315e-06,3.00379e-06,50,100,100,249802,10 2 1 11 3 5 8 4 6 7 0 9 
38,3.32312e-06,4.00315e-06,2.9446e-06,50,100,100,249802,10 2 1 11 3 5 8 4 6 7 0 9 
39,3.31572e-06,4.00315e-06,3.00458e-06,50,100,100,249802,10 2 1 11 3 5 8 4 6 7 0 9 
40,3.28374e-06,4.00315e-06,3.00509e-06,50,100,100,249802,10 2 1 11 3 5 8 4 6 7 0 9 
41,3.28595e-06,4.00315e-06,2.92933e-06,50,100,100,249802,10 2 1 11 3 5 8 4 6 7 0 9 
42,3.2843e-06,4.00315e-06,2.94906e-06,50,100,100,249802,10 2 1 11 3 5 8 4 6 7 0 9 
43,3.31123e-06,4.00315e-06,2.92163e-06,50,100,100,249802,10 2 1 11 3 5 8 4 6 7 0 9 
44,3.32032e-06,4.00315e-06,2.99049e-06,50,100,100,249802,10 2 1 11 3 5 8 4 6 7 0 9 
45,3.32904e-06,4.00315e-06,2.98247e-06,50,100,100,249802,10 2 1 11 3 5 8 4 6 7 0 9 
46,3.32435e-06,4.00315e-06,2.99402e-06,50,100,100,249802,10 2 1 11 3 5 8 4 6 7 0 9 
47,3.33203e-06,4.00315e-06,2.98492e-06,50,100,100,249802,10 2 1 11 3 5 8 4 6 7 0 9 
48,3.31054e-06,4.00315e-06,2.94944e-06,50,100,100,249802,10 2 1 11 3 5 8 4 6 7 0 9 
49,3.33449e-06,4.00315e-06,2.96144e-06,50,100,100,249802,10 2 1 11 3 5 8 4 6 7 0 9 
50,3.32094e-06,4.00315e-06,2.95014e-06,50,100,100,249802,10 2 1 11 3 5 8 4 6 7 0 9 
51,3.30228e-06,4.00315e-06,2.97385e-06,50,100,100,249802,10 2 1 11 3 5 8 4 6 7 0 9 
52,3.28867e-06,4.00315e-06,2.92385e-06,50,100,100,249802,10 2 1 11 3 5 8 4 6 7 0 9 
53,3.32302e-06,4.00315e-06,2.9719e-06,50,100,100,249802,10 2 1 11 3 5 8 4 6 7 0 9 
54,3.30785e-06,4.00315e-06,3.0124e-06,50,100,100,249802,10 2 1 11 3 5 8 4 6 7 0 9 
55,3.30509e-06,4.00315e-06,2.93581e-06,50,100,100,249802,10 2 1 11 3 5 8 4 6 7 0 9 
56,3.30667e-06,4.00315e-06,2.98558e-06,50,100,100,249802,10 2 1 11 3 5 8 4 6 7 0 9 
57,3.29272e-06,4.00315e-06,2.98996e-06,50,100,100,249802,10 2 1 11 3 5 8 4 6 7 0 9 
58,3.30154e-06,4.00315e-06,2.96031e-06,50,100,100,249802,10 2 1 11 3 5 8 4 6 7 0 9 
59,3.29587e-06,4.00315e-06,2.93225e-06,50,100,100,249802,10 2 1 11 3 5 8 4 6 7 0 9 
60,3.29333e-06,4.00315e-06,2.94416e-06,50,100,100,249802,10 2 1 11 3 5 8 4 6 7 0 9 
61,3.33133e-06,4.00315e-06,2.97641e-06,50,100,100,249802,10 2 1 11 3 5 8 4 6 7 0 9 
62,3.3225e-06,4.00315e-06,2.96085e-06,50,100,100,249802,10 2 1 11 3 5 8 4 6 7 0 9 
63,3.31493e-06,4.00315e-06,2.91818e-06,50,100,100,249802,10 2 1 11 3 5 8 4 6 7 0 9 
64,3.31818e-06,4.00315e-06,2.9916e-06,50,100,100,249802,10 2 1 11 3 5 8 4 6 7 0 9 
65,3.31712e-06,4.00315e-06,2.9921e-06,50,100,100,249802,10 2 1 11 3 5 8 4 6 7 0 9 
66,3.28914e-06,4.00315e-06,2.98726e-06,50,100,100,249802,10 2 1 11 3 5 8 4 6 7 0 9 
67,3.28895e-06,4.00315e-06,2.88628e-06,50,100,100,249802,10 2 1 11 3 5 8 4 6 7 0 9 
68,3.3052e-06,4.02568e-06,3.002e-06,50,100,100,248404,1 2 6 11 5 3 10 4 7 8 0 9 
69,3.2907e-06,4.02568e-06,2.94025e-06,50,100,100,248404,1 2 6 11 5 3 10 4 7 8 0 9 
70,3.29669e-06,4.02568e-06,3.00733e-06,50,100,100,248404,1 2 6 11 5 3 10 4 7 8 0 9 
71,3.28259e-06,4.02568e-06,2.86708e-06,50,100,100,248404,1 2 6 11 5 3 10 4 7 8 0 9 
72,3.27982e-06,4.02568e-06,2.9383e-06,50,100,100,248404,1 2 6 11 5 3 10 4 7 8 0 9 
73,3.26827e-06,4.02568e-06,2.91017e-06,50,100,100,248404,1 2 6 11 5 3 10 4 7 8 0 9 
74,3.28134e-06,4.02568e-06,2.92517e-06,50,100,100,248404,1 2 6 11 5 3 10 4 7 8 0 9 
75,3.28094e-06,4.02568e-06,2.91624e-06,50,100,100,248404,1 2 6 11 5 3 10 4 7 8 0 9 
76,3.28452e-06,4.02568e-06,2.87834e-06,50,100,100,248404,1 2 6 11 5 3 10 4 7 8 0 9 
77,3.30282e-06,4.02568e-06,2.9406e-06,50,100,100,248404,1 2 6 11 5 3 10 4 7 8 0 9 
78,3.30834e-06,4.02568e-06,2.94698e-06,50,100,100,248404,1 2 6 11 5 3 10 4 7 8 0 9 
79,3.31272e-06,4.02568e-06,3.02829e-06,50,100,100,248404,1 2 6 11 5 3 10 4 7 8 0 9 
80,3.28438e-06,4.02568e-06,2.90846e-06,50,100,100,248404,1 2 6 11 5 3 10 4 7 8 0 9 
81,3.29287e-06,4.02568e-06,2.93616e-06,50,100,100,248404,1 2 6 11 5 3 10 4 7 8 0 9 
82,3.29295e-06,4.02568e-06,3.00308e-06,50,100,100,248404,1 2 6 11 5 3 10 4 7 8 0 9 
83,3.28558e-06,4.02568e-06,2.97558e-06,50,100,100,248404,1 2 6 11 5 3 10 4 7 8 0 9 
84,3.29586e-06,4.02568e-06,2.91262e-06,50,100,100,248404,1 2 6 11 5 3 10 4 7 8 0 9 
85,3.30867e-06,4.02568e-06,2.95782e-06,50,100,100,248404,1 2 6 11 5 3 10 4 7 8 0 9 
86,3.30452e-06,4.02568e-06,2.98396e-06,50,100,100,248404,1 2 6 11 5 3 10 4 7 8 0 9 
87,3.31402e-06,4.02568e-06,3.03511e-06,50,100,100,248404,1 2 6 11 5 3 10 4 7 8 0 9 
88,3.27844e-06,4.02568e-06,2.99675e-06,50,100,100,248404,1 2 6 11 5 3 10 4 7 8 0 9 
89,3.30885e-06,4.02568e-06,2.98307e-06,50,100,100,248404,1 2 6 11 5 3 10 4 7 8 0 9 
90,3.30429e-06,4.02568e-06,3.02426e-06,50,100,100,248404,1 2 6 11 5 3 10 4 7 8 0 9 
91,3.29684e-06,4.02568e-06,2.94084e-06,50,100,100,248404,1 2 6 11 5 3 10 4 7 8 0 9 
92,3.29235e-06,4.02568e-06,2.97771e-06,50,100,100,248404,1 2 6 11 5 3 10 4 7 8 0 9 
93,3.3106e-06,4.02568e-06,2.96257e-06,50,100,100,248404,1 2 6 11 5 3 10 4 7 8 0 9 
94,3.30604e-06,4.02568e-06,2.98005e-06,50,100,100,248404,1 2 6 11 5 3 10 4 7 8 0 9 
95,3.28954e-06,4.02568e-06,2.90221e-06,50,100,100,248404,1 2 6 11 5 3 10 4 7 8 0 9 
96,3.3169e-06,4.02568e-06,2.98478e-06,50,100,100,248404,1 2 6 11 5 3 10 4 7 8 0 9 
97,3.30199e-06,4.02568e-06,3.02039e-06,50,100,100,248404,1 2 6 11 5 3 10 4 7 8 0 9 
98,3.29691e-06,4.02568e-06,2.97806e-06,50,100,100,248404,1 2 6 11 5 3 10 4 7 8 0 9 
99,3.29494e-06,4.02568e-06,2.99262e-06,50,100,100,248404,1 2 6 11 5 3 10 4 7 8 0 9 
100,3.28192e-06,4.02568e-06,2.90859e-06,50,100,100,248404,1 2 6 11 5 3 10 4 7 8 0 9 
101,3.2753e-06,4.02568e-06,2.95736e-06,50,100,100,248404,1 2 6 11 5 3 10 4 7 8 0 9 
102,3.27006e-06,4.02568e-06,2.95138e-06,50,100,100,248404,1 2 6 11 5 3 10 4 7 8 0 9 
103,3.26202e-06,4.02568e-06,2.93538e-06,50,100,100,248404,1 2 6 11 5 3 10 4 7 8 0 9 
104,3.25849e-06,4.02568e-06,2.94101e-06,50,100,100,248404,1 2 6 11 5 3 10 4 7 8 0 9 
105,3.28614e-06,4.02568e-06,2.94202e-06,50,100,100,248404,1 2 6 11 5 3 10 4 7 8 0 9 
106,3.28763e-06,4.02568e-06,2.9616e-06,50,100,100,248404,1 2 6 11 5 3 10 4 7 8 0 9 
107,3.28015e-06,4.02568e-06,2.96594e-06,50,100,100,248404,1 2 6 11 5 3 10 4 7 8 0 9 
108,3.27312e-06,4.02568e-06,2.94665e-06,50,100,100,248404,1 2 6 11 5 3 10 4 7 8 0 9 
109,3.28649e-06,4.02568e-06,2.87039e-06,50,100,100,248404,1 2 6 11 5 3 10 4 7 8 0 9 
110,3.29837e-06,4.02568e-06,3.00159e-06,50,100,100,248404,1 2 6 11 5 3 10 4 7 8 0 9 
111,3.3081e-06,4.02568e-06,2.96408e-06,50,100,100,248404,1 2 6 11 5 3 10 4 7 8 0 9 
112,3.31633e-06,4.02568e-06,2.98298e-06,50,100,100,248404,1 2 6 11 5 3 10 4 7 8 0 9 
113,3.2926e-06,4.02568e-06,2.90339e-06,50,100,100,248404,1 2 6 11 5 3 10 4 7 8 0 9 
114,3.32835e-06,4.02568e-06,2.997e-06,50,100,100,248404,1 2 6 11 5 3 10 4 7 8 0 9 
115,3.2704e-06,4.02568e-06,2.90873e-06,50,100,100,248404,1 2 6 11 5 3 10 4 7 8 0 9 
116,3.28718e-06,4.02568e-06,2.97432e-06,50,100,100,248404,1 2 6 11 5 3 10 4 7 8 0 9 
117,3.31145e-06,4.02568e-06,2.95383e-06,50,100,100,248404,1 2 6 11 5 3 10 4 7 8 0 9 
118,3.28013e-06,4.02568e-06,2.98337e-06,50,100,100,248404,1 2 6 11 5 3 10 4 7 8 0 9 
119,3.29926e-06,4.02568e-06,2.94423e-06,50,100,100,248404,1 2 6 11 5 3 10 4 7 8 0 9 
120,3.3119e-06,4.02568e-06,3.02934e-06,50,100,100,248404,1 2 6 11 5 3 10 4 7 8 0 9 
121,3.28809e-06,4.02568e-06,2.95539e-06,50,100,100,248404,1 2 6 11 5 3 10 4 7 8 0 9 
122,3.29723e-06,4.02568e-06,2.94377e-06,50,100,100,248404,1 2 6 11 5 3 10 4 7 8 0 9 
123,3.28846e-06,4.02568e-06,2.92825e-06,50,100,100,248404,1 2 6 11 5 3 10 4 7 8 0 9 
124,3.28344e-06,4.02568e-06,2.9584e-06,50,100,100,248404,1 2 6 11 5 3 10 4 7 8 0 9 
125,3.29536e-06,4.02568e-06,2.92727e-06,50,100,100,248404,1 2 6 11 5 3 10 4 7 8 0 9 
126,3.29252e-06,4.02568e-06,2.98628e-06,50,100,100,248404,1 2 6 11 5 3 10 4 7 8 0 9 
127,3.31167e-06,4.02568e-06,2.98079e-06,50,100,100,248404,1 2 6 11 5 3 10 4 7 8 0 9 
128,3.33656e-06,4.02568e-06,2.97514e-06,50,100,100,248404,1 2 6 11 5 3 10 4 7 8 0 9 
129,3.31088e-06,4.02568e-06,2.92541e-06,50,100,100,248404,1 2 6 11 5 3 10 4 7 8 0 9 
130,3.31556e-06,4.02568e-06,2.9748e-06,50,100,100,248404,1 2 6 11 5 3 10 4 7 8 0 9 
131,3.28726e-06,4.02568e-06,2.86171e-06,50,100,100,248404,1 2 6 11 5 3 10 4 7 8 0 9 
132,3.31266e-06,4.02568e-06,2.95689e-06,50,100,100,248404,1 2 6 11 5 3 10 4 7 8 0 9 
133,3.28473e-06,4.02568e-06,2.99454e-06,50,100,100,248404,1 2 6 11 5 3 10 4 7 8 0 9 
134,3.28867e-06,4.02568e-06,2.95298e-06,50,100,100,248404,1 2 6 11 5 3 10 4 7 8 0 9 
135,3.30241e-06,4.02568e-06,3.04641e-06,50,100,100,248404,1 2 6 11 5 3 10 4 7 8 0 9 
136,3.34662e-06,4.02568e-06,3.05378e-06,50,100,100,248404,1 2 6 11 5 3 10 4 7 8 0 9 
137,3.35749e-06,4.02568e-06,3.01286e-06,50,100,100,248404,1 2 6 11 5 3 10 4 7 8 0 9 
138,3.35413e-06,4.02568e-06,3.05585e-06,50,100,100,248404,1 2 6 11 5 3 10 4 7 8 0 9 
139,3.32342e-06,4.02568e-06,3.04132e-06,50,100,100,248404,1 2 6 11 5 3 10 4 7 8 0 9 
140,3.3412e-06,4.02568e-06,2.997e-06,50,100,100,248404,1 2 6 11 5 3 10 4 7 8 0 9 
141,3.31614e-06,4.02568e-06,2.96589e-06,50,100,100,248404,1 2 6 11 5 3 10 4 7 8 0 9 
142,3.30658e-06,4.02568e-06,2.87541e-06,50,100,100,248404,1 2 6 11 5 3 10 4 7 8 0 9 
143,3.31914e-06,4.02568e-06,2.9205e-06,50,100,100,248404,1 2 6 11 5 3 10 4 7 8 0 9 
144,3.3002e-06,4.02568e-06,2.96841e-06,50,100,100,248404,1 2 6 11 5 3 10 4 7 8 0 9 
145,3.31473e-06,4.02568e-06,2.97758e-06,50,100,100,248404,1 2 6 11 5 3 10 4 7 8 0 9 
146,3.33547e-06,4.02568e-06,2.96255e-06,50,100,100,248404,1 2 6 11 5 3 10 4 7 8 0 9 
147,3.28824e-06,4.02568e-06,2.93702e-06,50,100,100,248404,1 2 6 11 5 3 10 4 7 8 0 9 
148,3.31414e-06,4.02568e-06,2.96614e-06,50,100,100,248404,1 2 6 11 5 3 10 4 7 8 0 9 
149,3.34987e-06,4.02568e-06,2.99945e-06,50,100,100,248404,1 2 6 11 5 3 10 4 7 8 0 9 
150,3.32969e-06,4.02568e-06,3.02551e-06,50,100,100,248404,1 2 6 11 5 3 10 4 7 8 0 9 
151,3.33177e-06,4.02568e-06,2.87598e-06,50,100,100,248404,1 2 6 11 5 3 10 4 7 8 0 9 
152,3.33774e-06,4.02568e-06,2.97749e-06,50,100,100,248404,1 2 6 11 5 3 10 4 7 8 0 9 
153,3.3536e-06,4.02568e-06,2.98307e-06,50,100,100,248404,1 2 6 11 5 3 10 4 7 8 0 9 
154,3.3205e-06,4.02568e-06,2.96343e-06,50,100,100,248404,1 2 6 11 5 3 10 4 7 8 0 9 
155,3.29753e-06,4.02568e-06,2.99082e-06,50,100,100,248404,1 2 6 11 5 3 10 4 7 8 0 9 
156,3.33034e-06,4.02568e-06,2.97811e-06,50,100,100,248404,1 2 6 11 5 3 10 4 7 8 0 9 
157,3.33215e-06,4.02568e-06,3.03451e-06,50,100,100,248404,1 2 6 11 5 3 10 4 7 8 0 9 
158,3.33813e-06,4.02568e-06,2.97858e-06,50,100,100,248404,1 2 6 11 5 3 10 4 7 8 0 9 
159,3.29617e-06,4.02568e-06,2.9504e-06,50,100,100,248404,1 2 6 11 5 3 10 4 7 8 0 9 
160,3.27632e-06,4.02568e-06,2.92547e-06,50,100,100,248404,1 2 6 11 5 3 10 4 7 8 0 9 
161,3.30951e-06,4.02568e-06,2.9426e-06,50,100,100,248404,1 2 6 11 5 3 10 4 7 8 0 9 
162,3.32142e-06,4.02568e-06,2.90925e-06,50,100,100,248404,1 2 6 11 5 3 10 4 7 8 0 9 
163,3.32514e-06,4.02568e-06,2.87832e-06,50,100,100,248404,1 2 6 11 5 3 10 4 7 8 0 9 
164,3.29799e-06,4.02568e-06,2.9984e-06,50,100,100,248404,1 2 6 11 5 3 10 4 7 8 0 9 
165,3.33002e-06,4.02568e-06,2.98655e-06,50,100,100,248404,1 2 6 11 5 3 10 4 7 8 0 9 
166,3.34518e-06,4.02568e-06,3.02683e-06,50,100,100,248404,1 2 6 11 5 3 10 4 7 8 0 9 
167,3.31553e-06,4.02568e-06,3.05432e-06,50,100,100,248404,1 2 6 11 5 3 10 4 7 8 0 9 
168,3.31523e-06,4.02568e-06,2.99997e-06,50,100,100,248404,1 2 6 11 5 3 10 4 7 8 0 9 
169,3.31151e-06,4.02568e-06,3.03116e-06,50,100,100,248404,1 2 6 11 5 3 10 4 7 8 0 9 
170,3.31534e-06,4.02568e-06,2.95974e-06,50,100,100,248404,1 2 6 11 5 3 10 4 7 8 0 9 
171,3.30455e-06,4.02568e-06,2.92659e-06,50,100,100,248404,1 2 6 11 5 3 10 4 7 8 0 9 
172,3.31912e-06,4.02568e-06,2.94177e-06,50,100,100,248404,1 2 6 11 5 3 10 4 7 8 0 9 
173,3.31608e-06,4.02568e-06,3.00764e-06,50,100,100,248404,1 2 6 11 5 3 10 4 7 8 0 9 
174,3.31288e-06,4.02568e-06,2.95952e-06,50,100,100,248404,1 2 6 11 5 3 10 4 7 8 0 9 
175,3.31717e-06,4.02568e-06,3.03926e-06,50,100,100,248404,1 2 6 11 5 3 10 4 7 8 0 9 
176,3.34778e-06,4.02568e-06,2.96062e-06,50,100,100,248404,1 2 6 11 5 3 10 4 7 8 0 9 
177,3.33233e-06,4.02568e-06,2.88938e-06,50,100,100,248404,1 2 6 11 5 3 10 4 7 8 0 9 
178,3.33298e-06,4.02568e-06,2.93628e-06,50,100,100,248404,1 2 6 11 5 3 10 4 7 8 0 9 
179,3.32093e-06,4.02568e-06,2.99234e-06,50,100,100,248404,1 2 6 11 5 3 10 4 7 8 0 9 
180,3.31614e-06,4.02568e-06,3.04282e-06,50,100,100,248404,1 2 6 11 5 3 10 4 7 8 0 9 
181,3.33224e-06,4.02568e-06,2.88335e-06,50,100,100,248404,1 2 6 11 5 3 10 4 7 8 0 9 
182,3.35109e-06,4.02568e-06,2.96187e-06,50,100,100,248404,1 2 6 11 5 3 10 4 7 8 0 9 
183,3.35605e-06,4.03478e-06,2.96313e-06,50,100,100,247844,6 2 1 11 3 5 10 4 8 7 0 9 
184,3.36941e-06,4.03478e-06,2.97554e-06,50,100,100,247844,6 2 1 11 3 5 10 4 8 7 0 9 
185,3.37803e-06,4.03478e-06,3.05746e-06,50,100,100,247844,6 2 1 11 3 5 10 4 8 7 0 9 
186,3.36487e-06,4.03478e-06,2.98241e-06,50,100,100,247844,6 2 1 11 3 5 10 4 8 7 0 9 
187,3.33415e-06,4.03478e-06,2.77976e-06,50,100,100,247844,6 2 1 11 3 5 10 4 8 7 0 9 
188,3.32804e-06,4.03478e-06,2.98135e-06,50,100,100,247844,6 2 1 11 3 5 10 4 8 7 0 9 
189,3.33168e-06,4.03478e-06,3.03997e-06,50,100,100,247844,6 2 1 11 3 5 10 4 8 7 0 9 
190,3.34256e-06,4.03478e-06,3.02606e-06,50,100,100,247844,6 2 1 11 3 5 10 4 8 7 0 9 
191,3.35081e-06,4.03478e-06,3.02745e-06,50,100,100,247844,6 2 1 11 3 5 10 4 8 7 0 9 
192,3.32509e-06,4.18654e-06,2.96348e-06,50,100,100,238860,6 2 1 11 5 3 10 4 8 7 0 9 
193,3.31545e-06,4.18654e-06,2.96387e-06,50,100,100,238860,6 2 1 11 5 3 10 4 8 7 0 9 
194,3.30056e-06,4.18654e-06,3.00803e-06,50,100,100,238860,6 2 1 11 5 3 10 4 8 7 0 9 
195,3.29866e-06,4.18654e-06,2.92547e-06,50,100,100,238860,6 2 1 11 5 3 10 4 8 7 0 9 
196,3.30575e-06,4.18654e-06,2.9733e-06,50,100,100,238860,6 2 1 11 5 3 10 4 8 7 0 9 
197,3.34574e-06,4.18654e-06,2.98681e-06,50,100,100,238860,6 2 1 11 5 3 10 4 8 7 0 9 
198,3.32847e-06,4.18654e-06,3.01684e-06,50,100,100,238860,6 2 1 11 5 3 10 4 8 7 0 9 
199,3.32411e-06,4.18654e-06,2.95485e-06,50,100,100,238860,6 2 1 11 5 3 10 4 8 7 0 9 
200,3.32848e-06,4.18654e-06,2.87878e-06,50,100,100,238860,6 2 1 11 5 3 10 4 8 7 0 9 
201,3.32949e-06,4.18654e-06,2.9588e-06,50,100,100,238860,6 2 1 11 5 3 10 4 8 7 0 9 
202,3.34478e-06,4.18654e-06,2.90513e-06,50,100,100,238860,6 2 1 11 5 3 10 4 8 7 0 9 
203,3.34136e-06,4.18654e-06,2.92811e-06,50,100,100,238860,6 2 1 11 5 3 10 4 8 7 0 9 
204,3.31621e-06,4.18654e-06,2.98896e-06,50,100,100,238860,6 2 1 11 5 3 10 4 8 7 0 9 
205,3.31989e-06,4.18654e-06,2.9433e-06,50,100,100,238860,6 2 1 11 5 3 10 4 8 7 0 9 
206,3.31501e-06,4.18654e-06,2.97762e-06,50,100,100,238860,6 2 1 11 5 3 10 4 8 7 0 9 
207,3.29416e-06,4.18654e-06,2.86813e-06,50,100,100,238860,6 2 1 11 5 3 10 4 8 7 0 9 
208,3.3265e-06,4.18654e-06,2.93201e-06,50,100,100,238860,6 2 1 11 5 3 10 4 8 7 0 9 
209,3.33553e-06,4.18654e-06,2.97678e-06,50,100,100,238860,6 2 1 11 5 3 10 4 8 7 0 9 
210,3.32994e-06,4.18654e-06,2.92287e-06,50,100,100,238860,6 2 1 11 5 3 10 4 8 7 0 9 
211,3.33574e-06,4.18654e-06,2.93882e-06,50,100,100,238860,6 2 1 11 5 3 10 4 8 7 0 9 
212,3.36062e-06,4.18654e-06,2.96973e-06,50,100,100,238860,6 2 1 11 5 3 10 4 8 7 0 9 
213,3.34225e-06,4.18654e-06,2.91493e-06,50,100,100,238860,6 2 1 11 5 3 10 4 8 7 0 9 
214,3.36513e-06,4.18654e-06,2.9727e-06,50,100,100,238860,6 2 1 11 5 3 10 4 8 7 0 9 
215,3.3441e-06,4.18654e-06,2.96924e-06,50,100,100,238860,6 2 1 11 5 3 10 4 8 7 0 9 
216,3.36132e-06,4.18654e-06,2.96155e-06,50,100,100,238860,6 2 1 11 5 3 10 4 8 7 0 9 
217,3.35247e-06,4.18654e-06,2.99565e-06,50,100,100,238860,6 2 1 11 5 3 10 4 8 7 0 9 
218,3.32077e-06,4.18654e-06,2.99468e-06,50,100,100,238860,6 2 1 11 5 3 10 4 8 7 0 9 
219,3.34977e-06,4.18654e-06,2.94885e-06,50,100,100,238860,6 2 1 11 5 3 10 4 8 7 0 9 
220,3.36333e-06,4.18654e-06,2.91456e-06,50,100,100,238860,6 2 1 11 5 3 10 4 8 7 0 9 
221,3.3616e-06,4.18654e-06,2.86357e-06,50,100,100,238860,6 2 1 11 5 3 10 4 8 7 0 9 
222,3.35258e-06,4.18654e-06,3.00218e-06,50,100,100,238860,6 2 1 11 5 3 10 4 8 7 0 9 
223,3.3357e-06,4.18654e-06,2.97668e-06,50,100,100,238860,6 2 1 11 5 3 10 4 8 7 0 9 
224,3.35482e-06,4.18654e-06,3.00263e-06,50,100,100,238860,6 2 1 11 5 3 10 4 8 7 0 9 
225,3.37886e-06,4.18654e-06,2.99603e-06,50,100,100,238860,6 2 1 11 5 3 10 4 8 7 0 9 
226,3.33348e-06,4.18654e-06,2.97162e-06,50,100,100,238860,6 2 1 11 5 3 10 4 8 7 0 9 
227,3.33355e-06,4.18654e-06,2.98717e-06,50,100,100,238860,6 2 1 11 5 3 10 4 8 7 0 9 
228,3.32256e-06,4.18654e-06,2.85117e-06,50,100,100,238860,6 2 1 11 5 3 10 4 8 7 0 9 
229,3.35358e-06,4.18654e-06,3.01729e-06,50,100,100,238860,6 2 1 11 5 3 10 4 8 7 0 9 
230,3.34605e-06,4.18654e-06,3.01311e-06,50,100,100,238860,6 2 1 11 5 3 10 4 8 7 0 9 
231,3.34048e-06,4.18654e-06,2.98763e-06,50,100,100,238860,6 2 1 11 5 3 10 4 8 7 0 9 
232,3.35435e-06,4.18654e-06,2.95403e-06,50,100,100,238860,6 2 1 11 5 3 10 4 8 7 0 9 
233,3.39126e-06,4.18654e-06,2.94463e-06,50,100,100,238860,6 2 1 11 5 3 10 4 8 7 0 9 
234,3.39666e-06,4.18654e-06,2.97916e-06,50,100,100,238860,6 2 1 11 5 3 10 4 8 7 0 9 
235,3.38266e-06,4.18654e-06,2.97944e-06,50,100,100,238860,6 2 1 11 5 3 10 4 8 7 0 9 
236,3.34122e-06,4.18654e-06,2.96394e-06,50,100,100,238860,6 2 1 11 5 3 10 4 8 7 0 9 
237,3.33811e-06,4.18654e-06,2.93445e-06,50,100,100,238860,6 2 1 11 5 3 10 4 8 7 0 9 
238,3.37144e-06,4.18654e-06,3.0751e-06,50,100,100,238860,6 2 1 11 5 3 10 4 8 7 0 9 
239,3.32101e-06,4.18654e-06,2.94481e-06,50,100,100,238860,6 2 1 11 5 3 10 4 8 7 0 9 
240,3.36045e-06,4.18654e-06,3.03867e-06,50,100,100,238860,6 2 1 11 5 3 10 4 8 7 0 9 
241,3.37892e-06,4.18654e-06,3.0269e-06,50,100,100,238860,6 2 1 11 5 3 10 4 8 7 0 9 
242,3.36646e-06,4.18654e-06,2.96668e-06,50,100,100,238860,6 2 1 11 5 3 10 4 8 7 0 9 
243,3.38101e-06,4.18654e-06,2.98129e-06,50,100,100,238860,6 2 1 11 5 3 10 4 8 7 0 9 
244,3.37204e-06,4.18654e-06,2.98922e-06,50,100,100,238860,6 2 1 11 5 3 10 4 8 7 0 9 
245,3.34978e-06,4.18654e-06,2.97921e-06,50,100,100,238860,6 2 1 11 5 3 10 4 8 7 0 9 
246,3.36426e-06,4.18654e-06,2.98405e-06,50,100,100,238860,6 2 1 11 5 3 10 4 8 7 0 9 
247,3.34685e-06,4.18654e-06,2.96617e-06,50,100,100,238860,6 2 1 11 5 3 10 4 8 7 0 9 
248,3.39035e-06,4.18654e-06,3.04892e-06,50,100,100,238860,6 2 1 11 5 3 10 4 8 7 0 9 
249,3.36673e-06,4.18654e-06,2.95813e-06,50,100,100,238860,6 2 1 11 5 3 10 4 8 7 0 9 
250,3.36286e-06,4.18654e-06,2.96418e-06,50,100,100,238860,6 2 1 11 5 3 10 4 8 7 0 9 
251,3.35446e-06,4.18654e-06,2.99655e-06,50,100,100,238860,6 2 1 11 5 3 10 4 8 7 0 9 
252,3.38844e-06,4.18654e-06,2.99298e-06,50,100,100,238860,6 2 1 11 5 3 10 4 8 7 0 9 
253,3.33427e-06,4.18654e-06,2.94233e-06,50,100,100,238860,6 2 1 11 5 3 10 4 8 7 0 9 
254,3.32832e-06,4.18654e-06,3.02901e-06,50,100,100,238860,6 2 1 11 5 3 10 4 8 7 0 9 
255,3.34664e-06,4.18654e-06,2.97487e-06,50,100,100,238860,6 2 1 11 5 3 10 4 8 7 0 9 
256,3.38589e-06,4.18654e-06,2.97879e-06,50,100,100,238860,6 2 1 11 5 3 10 4 8 7 0 9 
257,3.36138e-06,4.18654e-06,2.95822e-06,50,100,100,238860,6 2 1 11 5 3 10 4 8 7 0 9 
258,3.37745e-06,4.18654e-06,2.95457e-06,50,100,100,238860,6 2 1 11 5 3 10 4 8 7 0 9 
259,3.36023e-06,4.18654e-06,2.90157e-06,50,100,100,238860,6 2 1 11 5 3 10 4 8 7 0 9 
260,3.397e-06,4.18654e-06,3.01171e-06,50,100,100,238860,6 2 1 11 5 3 10 4 8 7 0 9 
261,3.42365e-06,4.18654e-06,2.97003e-06,50,100,100,238860,6 2 1 11 5 3 10 4 8 7 0 9 
262,3.41417e-06,4.18654e-06,3.06434e-06,50,100,100,238860,6 2 1 11 5 3 10 4 8 7 0 9 
263,3.43068e-06,4.18654e-06,3.06817e-06,50,100,100,238860,6 2 1 11 5 3 10 4 8 7 0 9 
264,3.42822e-06,4.18654e-06,3.01673e-06,50,100,100,238860,6 2 1 11 5 3 10 4 8 7 0 9 
265,3.49041e-06,4.18654e-06,3.05496e-06,50,100,100,238860,6 2 1 11 5 3 10 4 8 7 0 9 
266,3.47487e-06,4.18654e-06,3.04901e-06,50,100,100,238860,6 2 1 11 5 3 10 4 8 7 0 9 
267,3.51029e-06,4.18654e-06,3.08525e-06,50,100,100,238860,6 2 1 11 5 3 10 4 8 7 0 9 
268,3.46175e-06,4.18654e-06,3.06396e-06,50,100,100,238860,6 2 1 11 5 3 10 4 8 7 0 9 
269,3.4618e-06,4.18654e-06,3.0218e-06,50,100,100,238860,6 2 1 11 5 3 10 4 8 7 0 9 
270,3.47227e-06,4.18654e-06,3.00901e-06,50,100,100,238860,6 2 1 11 5 3 10 4 8 7 0 9 
271,3.45599e-06,4.18654e-06,3.00807e-06,50,100,100,238860,6 2 1 11 5 3 10 4 8 7 0 9 
272,3.48122e-06,4.18654e-06,3.02483e-06,50,100,100,238860,6 2 1 11 5 3 10 4 8 7 0 9 
273,3.49372e-06,4.18654e-06,3.09979e-06,50,100,100,238860,6 2 1 11 5 3 10 4 8 7 0 9 
274,3.46399e-06,4.18654e-06,2.99108e-06,50,100,100,238860,6 2 1 11 5 3 10 4 8 7 0 9 
275,3.43033e-06,4.18654e-06,2.97296e-06,50,100,100,238860,6 2 1 11 5 3 10 4 8 7 0 9 
276,3.45617e-06,4.18654e-06,2.9909e-06,50,100,100,238860,6 2 1 11 5 3 10 4 8 7 0 9 
277,3.41941e-06,4.18654e-06,3.02511e-06,50,100,100,238860,6 2 1 11 5 3 10 4 8 7 0 9 
278,3.43636e-06,4.18654e-06,3.04463e-06,50,100,100,238860,6 2 1 11 5 3 10 4 8 7 0 9 
279,3.46528e-06,4.18654e-06,3.05993e-06,50,100,100,238860,6 2 1 11 5 3 10 4 8 7 0 9 
280,3.43348e-06,4.18654e-06,3.08143e-06,50,100,100,238860,6 2 1 11 5 3 10 4 8 7 0 9 
281,3.44409e-06,4.18654e-06,2.96222e-06,50,100,100,238860,6 2 1 11 5 3 10 4 8 7 0 9 
282,3.4717e-06,4.18654e-06,2.95691e-06,50,100,100,238860,6 2 1 11 5 3 10 4 8 7 0 9 
283,3.44727e-06,4.18654e-06,3.01416e-06,50,100,100,238860,6 2 1 11 5 3 10 4 8 7 0 9 
284,3.44444e-06,4.18654e-06,3.04636e-06,50,100,100,238860,6 2 1 11 5 3 10 4 8 7 0 9 
285,3.47016e-06,4.18654e-06,3.0511e-06,50,100,100,238860,6 2 1 11 5 3 10 4 8 7 0 9 
286,3.49665e-06,4.18654e-06,3.03615e-06,50,100,100,238860,6 2 1 11 5 3 10 4 8 7 0 9 
287,3.5287e-06,4.18654e-06,3.09021e-06,50,100,100,238860,6 2 1 11 5 3 10 4 8 7 0 9 
288,3.52452e-06,4.18654e-06,3.02485e-06,50,100,100,238860,6 2 1 11 5 3 10 4 8 7 0 9 
289,3.54118e-06,4.18654e-06,3.02652e-06,50,100,100,238860,6 2 1 11 5 3 10 4 8 7 0 9 
290,3.54509e-06,4.18654e-06,2.90176e-06,50,100,100,238860,6 2 1 11 5 3 10 4 8 7 0 9 
291,3.52197e-06,4.18654e-06,3.03661e-06,50,100,100,238860,6 2 1 11 5 3 10 4 8 7 0 9 
292,3.60184e-06,4.18654e-06,3.10492e-06,50,100,100,238860,6 2 1 11 5 3 10 4 8 7 0 9 
293,3.61921e-06,4.18654e-06,3.03439e-06,50,100,100,238860,6 2 1 11 5 3 10 4 8 7 0 9 
294,3.57873e-06,4.18654e-06,2.99171e-06,50,100,100,238860,6 2 1 11 5 3 10 4 8 7 0 9 
295,3.56558e-06,4.18654e-06,3.00514e-06,50,100,100,238860,6 2 1 11 5 3 10 4 8 7 0 9 
296,3.52659e-06,4.18654e-06,2.96814e-06,50,100,100,238860,6 2 1 11 5 3 10 4 8 7 0 9 
297,3.5711e-06,4.18654e-06,3.03382e-06,50,100,100,238860,6 2 1 11 5 3 10 4 8 7 0 9 
298,3.58982e-06,4.18654e-06,3.03978e-06,50,100,100,238860,6 2 1 11 5 3 10 4 8 7 0 9 
299,3.60601e-06,4.18654e-06,2.99643e-06,50,100,100,238860,6 2 1 11 5 3 10 4 8 7 0 9 
300,3.62365e-06,4.18654e-06,3.09237e-06,50,100,100,238860,6 2 1 11 5 3 10 4 8 7 0 9 
301,3.61594e-06,4.18654e-06,3.05151e-06,50,100,100,238860,6 2 1 11 5 3 10 4 8 7 0 9 
302,3.615e-06,4.18654e-06,3.014e-06,50,100,100,238860,6 2 1 11 5 3 10 4 8 7 0 9 
303,3.63597e-06,4.18654e-06,2.96723e-06,50,100,100,238860,6 2 1 11 5 3 10 4 8 7 0 9 
304,3.61556e-06,4.18654e-06,3.12479e-06,50,100,100,238860,6 2 1 11 5 3 10 4 8 7 0 9 
305,3.63462e-06,4.18654e-06,3.09685e-06,50,100,100,238860,6 2 1 11 5 3 10 4 8 7 0 9 
306,3.61347e-06,4.18654e-06,3.0662e-06,50,100,100,238860,6 2 1 11 5 3 10 4 8 7 0 9 
307,3.644e-06,4.18654e-06,3.03156e-06,50,100,100,238860,6 2 1 11 5 3 10 4 8 7 0 9 
308,3.63237e-06,4.18654e-06,3.0538e-06,50,100,100,238860,6 2 1 11 5 3 10 4 8 7 0 9 
309,3.62484e-06,4.18654e-06,3.03495e-06,50,100,100,238860,6 2 1 11 5 3 10 4 8 7 0 9 
310,3.5916e-06,4.18654e-06,2.96779e-06,50,100,100,238860,6 2 1 11 5 3 10 4 8 7 0 9 
311,3.67383e-06,4.18654e-06,3.16902e-06,50,100,100,238860,6 2 1 11 5 3 10 4 8 7 0 9 
312,3.63721e-06,4.18654e-06,3.06876e-06,50,100,100,238860,6 2 1 11 5 3 10 4 8 7 0 9 
313,3.60499e-06,4.18654e-06,3.09635e-06,50,100,100,238860,6 2 1 11 5 3 10 4 8 7 0 9 
314,3.66223e-06,4.18654e-06,2.93177e-06,50,100,100,238860,6 2 1 11 5 3 10 4 8 7 0 9 
315,3.67153e-06,4.18654e-06,3.07366e-06,50,100,100,238860,6 2 1 11 5 3 10 4 8 7 0 9 
316,3.67702e-06,4.18654e-06,2.98637e-06,50,100,100,238860,6 2 1 11 5 3 10 4 8 7 0 9 
317,3.65145e-06,4.18654e-06,3.05285e-06,50,100,100,238860,6 2 1 11 5 3 10 4 8 7 0 9 
318,3.60226e-06,4.18654e-06,3.04504e-06,50,100,100,238860,6 2 1 11 5 3 10 4 8 7 0 9 
319,3.58614e-06,4.18654e-06,3.03631e-06,50,100,100,238860,6 2 1 11 5 3 10 4 8 7 0 9 
320,3.63534e-06,4.18654e-06,3.11078e-06,50,100,100,238860,6 2 1 11 5 3 10 4 8 7 0 9 
321,3.61472e-06,4.18654e-06,3.07792e-06,50,100,100,238860,6 2 1 11 5 3 10 4 8 7 0 9 
322,3.63567e-06,4.18654e-06,3.09526e-06,50,100,100,238860,6 2 1 11 5 3 10 4 8 7 0 9 
323,3.6524e-06,4.18654e-06,3.0779e-06,50,100,100,238860,6 2 1 11 5 3 10 4 8 7 0 9 
324,3.63876e-06,4.18654e-06,3.05363e-06,50,100,100,238860,6 2 1 11 5 3 10 4 8 7 0 9 
325,3.61809e-06,4.18654e-06,2.98369e-06,50,100,100,238860,6 2 1 11 5 3 10 4 8 7 0 9 
326,3.62634e-06,4.18654e-06,3.02652e-06,50,100,100,238860,6 2 1 11 5 3 10 4 8 7 0 9 
327,3.66461e-06,4.18654e-06,3.12278e-06,50,100,100,238860,6 2 1 11 5 3 10 4 8 7 0 9 
328,3.6626e-06,4.18654e-06,3.10629e-06,50,100,100,238860,6 2 1 11 5 3 10 4 8 7 0 9 
329,3.64879e-06,4.18654e-06,3.10361e-06,50,100,100,238860,6 2 1 11 5 3 10 4 8 7 0 9 
330,3.61511e-06,4.18654e-06,3.04762e-06,50,100,100,238860,6 2 1 11 5 3 10 4 8 7 0 9 
331,3.63712e-06,4.18654e-06,3.1057e-06,50,100,100,238860,6 2 1 11 5 3 10 4 8 7 0 9 
332,3.58249e-06,4.18654e-06,3.04443e-06,50,100,100,238860,6 2 1 11 5 3 10 4 8 7 0 9 
333,3.59402e-06,4.18654e-06,3.06768e-06,50,100,100,238860,6 2 1 11 5 3 10 4 8 7 0 9 
334,3.59119e-06,4.18654e-06,3.01475e-06,50,100,100,238860,6 2 1 11 5 3 10 4 8 7 0 9 
335,3.55308e-06,4.18654e-06,3.07828e-06,50,100,100,238860,6 2 1 11 5 3 10 4 8 7 0 9 
336,3.59139e-06,4.18654e-06,2.99564e-06,50,100,100,238860,6 2 1 11 5 3 10 4 8 7 0 9 
337,3.54416e-06,4.18654e-06,2.97392e-06,50,100,100,238860,6 2 1 11 5 3 10 4 8 7 0 9 
338,3.58483e-06,4.18654e-06,3.05656e-06,50,100,100,238860,6 2 1 11 5 3 10 4 8 7 0 9 
339,3.59159e-06,4.18654e-06,3.06804e-06,50,100,100,238860,6 2 1 11 5 3 10 4 8 7 0 9 
340,3.59919e-06,4.18654e-06,3.07606e-06,50,100,100,238860,6 2 1 11 5 3 10 4 8 7 0 9 
341,3.5616e-06,4.18654e-06,3.00216e-06,50,100,100,238860,6 2 1 11 5 3 10 4 8 7 0 9 
342,3.57406e-06,4.18654e-06,3.10599e-06,50,100,100,238860,6 2 1 11 5 3 10 4 8 7 0 9 
343,3.59116e-06,4.18654e-06,3.08135e-06,50,100,100,238860,6 2 1 11 5 3 10 4 8 7 0 9 
344,3.60458e-06,4.18654e-06,3.10084e-06,50,100,100,238860,6 2 1 11 5 3 10 4 8 7 0 9 
345,3.67376e-06,4.18654e-06,3.1308e-06,50,100,100,238860,6 2 1 11 5 3 10 4 8 7 0 9 
346,3.60167e-06,4.18654e-06,3.10057e-06,50,100,100,238860,6 2 1 11 5 3 10 4 8 7 0 9 
347,3.57976e-06,4.18654e-06,2.96403e-06,50,100,100,238860,6 2 1 11 5 3 10 4 8 7 0 9 
348,3.58158e-06,4.18654e-06,3.05567e-06,50,100,100,238860,6 2 1 11 5 3 10 4 8 7 0 9 
349,3.64237e-06,4.18654e-06,3.07287e-06,50,100,100,238860,6 2 1 11 5 3 10 4 8 7 0 9 
350,3.57503e-06,4.18654e-06,2.99937e-06,50,100,100,238860,6 2 1 11 5 3 10 4 8 7 0 9 
351,3.58188e-06,4.18654e-06,3.05806e-06,50,100,100,238860,6 2 1 11 5 3 10 4 8 7 0 9 
352,3.5813e-06,4.18654e-06,3.02597e-06,50,100,100,238860,6 2 1 11 5 3 10 4 8 7 0 9 
353,3.56471e-06,4.18654e-06,3.00384e-06,50,100,100,238860,6 2 1 11 5 3 10 4 8 7 0 9 
354,3.56686e-06,4.18654e-06,2.94953e-06,50,100,100,238860,6 2 1 11 5 3 10 4 8 7 0 9 
355,3.55703e-06,4.18654e-06,3.06627e-06,50,100,100,238860,6 2 1 11 5 3 10 4 8 7 0 9 
356,3.52895e-06,4.18654e-06,2.97826e-06,50,100,100,238860,6 2 1 11 5 3 10 4 8 7 0 9 
357,3.53533e-06,4.18654e-06,3.0753e-06,50,100,100,238860,6 2 1 11 5 3 10 4 8 7 0 9 
358,3.51339e-06,4.18654e-06,2.92441e-06,50,100,100,238860,6 2 1 11 5 3 10 4 8 7 0 9 
359,3.57239e-06,4.18654e-06,3.00391e-06,50,100,100,238860,6 2 1 11 5 3 10 4 8 7 0 9 
360,3.60318e-06,4.18654e-06,3.08177e-06,50,100,100,238860,6 2 1 11 5 3 10 4 8 7 0 9 
361,3.60188e-06,4.18654e-06,3.12953e-06,50,100,100,238860,6 2 1 11 5 3 10 4 8 7 0 9 
362,3.58391e-06,4.18654e-06,3.07752e-06,50,100,100,238860,6 2 1 11 5 3 10 4 8 7 0 9 
363,3.55366e-06,4.18654e-06,2.98147e-06,50,100,100,238860,6 2 1 11 5 3 10 4 8 7 0 9 
364,3.5234e-06,4.18654e-06,2.96413e-06,50,100,100,238860,6 2 1 11 5 3 10 4 8 7 0 9 
365,3.58564e-06,4.18654e-06,3.06368e-06,50,100,100,238860,6 2 1 11 5 3 10 4 8 7 0 9 
366,3.59034e-06,4.18654e-06,2.93697e-06,50,100,100,238860,6 2 1 11 5 3 10 4 8 7 0 9 
367,3.56882e-06,4.18654e-06,3.05303e-06,50,100,100,238860,6 2 1 11 5 3 10 4 8 7 0 9 
368,3.59682e-06,4.18654e-06,2.976e-06,50,100,100,238860,6 2 1 11 5 3 10 4 8 7 0 9 
369,3.60144e-06,4.18654e-06,3.06411e-06,50,100,100,238860,6 2 1 11 5 3 10 4 8 7 0 9 
370,3.58247e-06,4.18654e-06,3.08887e-06,50,100,100,238860,6 2 1 11 5 3 10 4 8 7 0 9 
371,3.59835e-06,4.18654e-06,3.02961e-06,50,100,100,238860,6 2 1 11 5 3 10 4 8 7 0 9 
372,3.56363e-06,4.18654e-06,2.98127e-06,50,100,100,238860,6 2 1 11 5 3 10 4 8 7 0 9 
373,3.63905e-06,4.18654e-06,3.0883e-06,50,100,100,238860,6 2 1 11 5 3 10 4 8 7 0 9 
374,3.65209e-06,4.18654e-06,3.09779e-06,50,100,100,238860,6 2 1 11 5 3 10 4 8 7 0 9 
375,3.6415e-06,4.18654e-06,2.96122e-06,50,100,100,238860,6 2 1 11 5 3 10 4 8 7 0 9 
376,3.5821e-06,4.18654e-06,3.04905e-06,50,100,100,238860,6 2 1 11 5 3 10 4 8 7 0 9 
377,3.64777e-06,4.18654e-06,3.1057e-06,50,100,100,238860,6 2 1 11 5 3 10 4 8 7 0 9 
378,3.65457e-06,4.18654e-06,3.08338e-06,50,100,100,238860,6 2 1 11 5 3 10 4 8 7 0 9 
379,3.61507e-06,4.18654e-06,3.03064e-06,50,100,100,238860,6 2 1 11 5 3 10 4 8 7 0 9 
380,3.62654e-06,4.18654e-06,3.05451e-06,50,100,100,238860,6 2 1 11 5 3 10 4 8 7 0 9 
381,3.64459e-06,4.18654e-06,3.15017e-06,50,100,100,238860,6 2 1 11 5 3 10 4 8 7 0 9 
382,3.62458e-06,4.18654e-06,3.13329e-06,50,100,100,238860,6 2 1 11 5 3 10 4 8 7 0 9 
383,3.61398e-06,4.18654e-06,3.06268e-06,50,100,100,238860,6 2 1 11 5 3 10 4 8 7 0 9 
384,3.66119e-06,4.18654e-06,3.13992e-06,50,100,100,238860,6 2 1 11 5 3 10 4 8 7 0 9 
385,3.63585e-06,4.18654e-06,3.0355e-06,50,100,100,238860,6 2 1 11 5 3 10 4 8 7 0 9 
386,3.60777e-06,4.18654e-06,3.05658e-06,50,100,100,238860,6 2 1 11 5 3 10 4 8 7 0 9 
387,3.58403e-06,4.18654e-06,3.09621e-06,50,100,100,238860,6 2 1 11 5 3 10 4 8 7 0 9 
388,3.61745e-06,4.18654e-06,3.05624e-06,50,100,100,238860,6 2 1 11 5 3 10 4 8 7 0 9 
389,3.63878e-06,4.18654e-06,3.14071e-06,50,100,100,238860,6 2 1 11 5 3 10 4 8 7 0 9 
390,3.64126e-06,4.18654e-06,3.08228e-06,50,100,100,238860,6 2 1 11 5 3 10 4 8 7 0 9 
391,3.64955e-06,4.18654e-06,3.13618e-06,50,100,100,238860,6 2 1 11 5 3 10 4 8 7 0 9 
392,3.61488e-06,4.18654e-06,3.10244e-06,50,100,100,238860,6 2 1 11 5 3 10 4 8 7 0 9 
393,3.62893e-06,4.18654e-06,3.06398e-06,50,100,100,238860,6 2 1 11 5 3 10 4 8 7 0 9 
394,3.63113e-06,4.18654e-06,3.12146e-06,50,100,100,238860,6 2 1 11 5 3 10 4 8 7 0 9 
395,3.59934e-06,4.18654e-06,3.01955e-06,50,100,100,238860,6 2 1 11 5 3 10 4 8 7 0 9 
396,3.57776e-06,4.18654e-06,3.07493e-06,50,100,100,238860,6 2 1 11 5 3 10 4 8 7 0 9 
397,3.6228e-06,4.18654e-06,3.11642e-06,50,100,100,238860,6 2 1 11 5 3 10 4 8 7 0 9 
398,3.58114e-06,4.18654e-06,3.10494e-06,50,100,100,238860,6 2 1 11 5 3 10 4 8 7 0 9 
399,3.60115e-06,4.18654e-06,3.03244e-06,50,100,100,238860,6 2 1 11 5 3 10 4 8 7 0 9 
400,3.59295e-06,4.18654e-06,3.08154e-06,50,100,100,238860,6 2 1 11 5 3 10 4 8 7 0 9 
401,3.6005e-06,4.18654e-06,3.10668e-06,50,100,100,238860,6 2 1 11 5 3 10 4 8 7 0 9 
402,3.59689e-06,4.18654e-06,3.05363e-06,50,100,100,238860,6 2 1 11 5 3 10 4 8 7 0 9 
403,3.59626e-06,4.18654e-06,3.08179e-06,50,100,100,238860,6 2 1 11 5 3 10 4 8 7 0 9 
404,3.59132e-06,4.18654e-06,3.12464e-06,50,100,100,238860,6 2 1 11 5 3 10 4 8 7 0 9 
405,3.58346e-06,4.18654e-06,3.043e-06,50,100,100,238860,6 2 1 11 5 3 10 4 8 7 0 9 
406,3.61146e-06,4.18654e-06,3.09409e-06,50,100,100,238860,6 2 1 11 5 3 10 4 8 7 0 9 
407,3.6107e-06,4.18654e-06,3.02635e-06,50,100,100,238860,6 2 1 11 5 3 10 4 8 7 0 9 
408,3.58611e-06,4.18654e-06,2.9937e-06,50,100,100,238860,6 2 1 11 5 3 10 4 8 7 0 9 
409,3.61572e-06,4.18654e-06,3.08451e-06,50,100,100,238860,6 2 1 11 5 3 10 4 8 7 0 9 
410,3.61426e-06,4.18654e-06,3.09865e-06,50,100,100,238860,6 2 1 11 5 3 10 4 8 7 0 9 
411,3.59021e-06,4.18654e-06,2.98279e-06,50,100,100,238860,6 2 1 11 5 3 10 4 8 7 0 9 
412,3.59192e-06,4.18654e-06,3.03967e-06,50,100,100,238860,6 2 1 11 5 3 10 4 8 7 0 9 
413,3.59581e-06,4.18654e-06,3.07072e-06,50,100,100,238860,6 2 1 11 5 3 10 4 8 7 0 9 
414,3.5766e-06,4.18654e-06,2.96888e-06,50,100,100,238860,6 2 1 11 5 3 10 4 8 7 0 9 
415,3.6065e-06,4.18654e-06,3.18474e-06,50,100,100,238860,6 2 1 11 5 3 10 4 8 7 0 9 
416,3.62449e-06,4.18654e-06,2.9451e-06,50,100,100,238860,6 2 1 11 5 3 10 4 8 7 0 9 
417,3.55908e-06,4.18654e-06,2.91701e-06,50,100,100,238860,6 2 1 11 5 3 10 4 8 7 0 9 
418,3.58518e-06,4.18654e-06,3.06947e-06,50,100,100,238860,6 2 1 11 5 3 10 4 8 7 0 9 
419,3.67104e-06,4.18654e-06,3.06857e-06,50,100,100,238860,6 2 1 11 5 3 10 4 8 7 0 9 
420,3.60137e-06,4.18654e-06,3.05272e-06,50,100,100,238860,6 2 1 11 5 3 10 4 8 7 0 9 
421,3.63298e-06,4.18654e-06,2.94824e-06,50,100,100,238860,6 2 1 11 5 3 10 4 8 7 0 9 
422,3.64234e-06,4.18654e-06,3.04788e-06,50,100,100,238860,6 2 1 11 5 3 10 4 8 7 0 9 
423,3.58965e-06,4.18654e-06,2.98708e-06,50,100,100,238860,6 2 1 11 5 3 10 4 8 7 0 9 
424,3.62464e-06,4.18654e-06,3.1374e-06,50,100,100,238860,6 2 1 11 5 3 10 4 8 7 0 9 
425,3.57834e-06,4.18654e-06,3.06445e-06,50,100,100,238860,6 2 1 11 5 3 10 4 8 7 0 9 
426,3.55283e-06,4.18654e-06,3.02212e-06,50,100,100,238860,6 2 1 11 5 3 10 4 8 7 0 9 
427,3.55386e-06,4.18654e-06,3.00861e-06,50,100,100,238860,6 2 1 11 5 3 10 4 8 7 0 9 
428,3.57715e-06,4.18654e-06,3.00637e-06,50,100,100,238860,6 2 1 11 5 3 10 4 8 7 0 9 
429,3.54462e-06,4.18654e-06,3.05929e-06,50,100,100,238860,6 2 1 11 5 3 10 4 8 7 0 9 
430,3.55636e-06,4.18654e-06,2.99851e-06,50,100,100,238860,6 2 1 11 5 3 10 4 8 7 0 9 
431,3.56195e-06,4.18654e-06,2.90054e-06,50,100,100,238860,6 2 1 11 5 3 10 4 8 7 0 9 
432,3.57648e-06,4.18654e-06,3.0794e-06,50,100,100,238860,6 2 1 11 5 3 10 4 8 7 0 9 
433,3.58872e-06,4.18654e-06,3.03307e-06,50,100,100,238860,6 2 1 11 5 3 10 4 8 7 0 9 
434,3.58069e-06,4.18654e-06,3.06276e-06,50,100,100,238860,6 2 1 11 5 3 10 4 8 7 0 9 
435,3.55109e-06,4.18654e-06,2.96448e-06,50,100,100,238860,6 2 1 11 5 3 10 4 8 7 0 9 
436,3.55238e-06,4.18654e-06,3.01853e-06,50,100,100,238860,6 2 1 11 5 3 10 4 8 7 0 9 
437,3.61357e-06,4.18654e-06,3.14532e-06,50,100,100,238860,6 2 1 11 5 3 10 4 8 7 0 9 
438,3.58599e-06,4.18654e-06,3.05261e-06,50,100,100,238860,6 2 1 11 5 3 10 4 8 7 0 9 
439,3.54974e-06,4.18654e-06,3.03294e-06,50,100,100,238860,6 2 1 11 5 3 10 4 8 7 0 9 
440,3.6004e-06,4.18654e-06,3.05969e-06,50,100,100,238860,6 2 1 11 5 3 10 4 8 7 0 9 
441,3.60576e-06,4.18654e-06,3.05722e-06,50,100,100,238860,6 2 1 11 5 3 10 4 8 7 0 9 
442,3.62167e-06,4.18654e-06,3.14884e-06,50,100,100,238860,6 2 1 11 5 3 10 4 8 7 0 9 
443,3.55731e-06,4.18654e-06,3.01585e-06,50,100,100,238860,6 2 1 11 5 3 10 4 8 7 0 9 
444,3.59955e-06,4.18654e-06,3.0887e-06,50,100,100,238860,6 2 1 11 5 3 10 4 8 7 0 9 
445,3.53527e-06,4.18654e-06,3.01682e-06,50,100,100,238860,6 2 1 11 5 3 10 4 8 7 0 9 
446,3.58264e-06,4.18654e-06,2.99747e-06,50,100,100,238860,6 2 1 11 5 3 10 4 8 7 0 9 
447,3.62127e-06,4.18654e-06,3.07951e-06,50,100,100,238860,6 2 1 11 5 3 10 4 8 7 0 9 
448,3.61931e-06,4.19877e-06,3.10452e-06,50,100,100,238164,6 2 10 11 5 4 1 3 8 7 0 9 
449,3.59089e-06,4.19877e-06,3.06064e-06,50,100,100,238164,6 2 10 11 5 4 1 3 8 7 0 9 
450,3.56908e-06,4.19877e-06,2.97723e-06,50,100,100,238164,6 2 10 11 5 4 1 3 8 7 0 9 
451,3.59763e-06,4.19877e-06,3.07911e-06,50,100,100,238164,6 2 10 11 5 4 1 3 8 7 0 9 
452,3.58464e-06,4.19877e-06,2.99885e-06,50,100,100,238164,6 2 10 11 5 4 1 3 8 7 0 9 
453,3.57001e-06,4.19877e-06,3.01942e-06,50,100,100,238164,6 2 10 11 5 4 1 3 8 7 0 9 
454,3.57419e-06,4.19877e-06,3.03127e-06,50,100,100,238164,6 2 10 11 5 4 1 3 8 7 0 9 
455,3.63792e-06,4.19877e-06,3.01538e-06,50,100,100,238164,6 2 10 11 5 4 1 3 8 7 0 9 
456,3.59188e-06,4.19877e-06,3.08553e-06,50,100,100,238164,6 2 10 11 5 4 1 3 8 7 0 9 
457,3.56909e-06,4.19877e-06,3.06889e-06,50,100,100,238164,6 2 10 11 5 4 1 3 8 7 0 9 
458,3.53422e-06,4.19877e-06,3.08268e-06,50,100,100,238164,6 2 10 11 5 4 1 3 8 7 0 9 
459,3.53705e-06,4.19877e-06,2.99901e-06,50,100,100,238164,6 2 10 11 5 4 1 3 8 7 0 9 
460,3.56462e-06,4.19877e-06,3.02622e-06,50,100,100,238164,6 2 10 11 5 4 1 3 8 7 0 9 
461,3.60003e-06,4.19877e-06,3.07919e-06,50,100,100,238164,6 2 10 11 5 4 1 3 8 7 0 9 
462,3.56825e-06,4.19877e-06,3.03458e-06,50,100,100,238164,6 2 10 11 5 4 1 3 8 7 0 9 
463,3.59988e-06,4.19877e-06,2.92691e-06,50,100,100,238164,6 2 10 11 5 4 1 3 8 7 0 9 
464,3.59169e-06,4.19877e-06,3.01831e-06,50,100,100,238164,6 2 10 11 5 4 1 3 8 7 0 9 
465,3.58228e-06,4.19877e-06,3.00072e-06,50,100,100,238164,6 2 10 11 5 4 1 3 8 7 0 9 
466,3.58808e-06,4.19877e-06,3.10683e-06,50,100,100,238164,6 2 10 11 5 4 1 3 8 7 0 9 
467,3.57375e-06,4.19877e-06,2.9981e-06,50,100,100,238164,6 2 10 11 5 4 1 3 8 7 0 9 
468,3.58512e-06,4.19877e-06,3.01704e-06,50,100,100,238164,6 2 10 11 5 4 1 3 8 7 0 9 
469,3.62694e-06,4.19877e-06,3.02233e-06,50,100,100,238164,6 2 10 11 5 4 1 3 8 7 0 9 
470,3.64391e-06,4.19877e-06,3.06975e-06,50,100,100,238164,6 2 10 11 5 4 1 3 8 7 0 9 
471,3.60322e-06,4.19877e-06,3.05836e-06,50,100,100,238164,6 2 10 11 5 4 1 3 8 7 0 9 
472,3.60201e-06,4.19877e-06,3.01942e-06,50,100,100,238164,6 2 10 11 5 4 1 3 8 7 0 9 
473,3.598e-06,4.19877e-06,3.08034e-06,50,100,100,238164,6 2 10 11 5 4 1 3 8 7 0 9 
474,3.59284e-06,4.19877e-06,2.98842e-06,50,100,100,238164,6 2 10 11 5 4 1 3 8 7 0 9 
475,3.60289e-06,4.19877e-06,3.02848e-06,50,100,100,238164,6 2 10 11 5 4 1 3 8 7 0 9 
476,3.64969e-06,4.19877e-06,3.06434e-06,50,100,100,238164,6 2 10 11 5 4 1 3 8 7 0 9 
477,3.62153e-06,4.19877e-06,3.04313e-06,50,100,100,238164,6 2 10 11 5 4 1 3 8 7 0 9 
478,3.60857e-06,4.19877e-06,3.09342e-06,50,100,100,238164,6 2 10 11 5 4 1 3 8 7 0 9 
479,3.64313e-06,4.19877e-06,3.08487e-06,50,100,100,238164,6 2 10 11 5 4 1 3 8 7 0 9 
480,3.66089e-06,4.19877e-06,2.99354e-06,50,100,100,238164,6 2 10 11 5 4 1 3 8 7 0 9 
481,3.59711e-06,4.19877e-06,3.08677e-06,50,100,100,238164,6 2 10 11 5 4 1 3 8 7 0 9 
482,3.60567e-06,4.19877e-06,3.08567e-06,50,100,100,238164,6 2 10 11 5 4 1 3 8 7 0 9 
483,3.56223e-06,4.19877e-06,3.06315e-06,50,100,100,238164,6 2 10 11 5 4 1 3 8 7 0 9 
484,3.60597e-06,4.19877e-06,3.02872e-06,50,100,100,238164,6 2 10 11 5 4 1 3 8 7 0 9 
485,3.60956e-06,4.19877e-06,3.08036e-06,50,100,100,238164,6 2 10 11 5 4 1 3 8 7 0 9 
486,3.66193e-06,4.19877e-06,3.08588e-06,50,100,100,238164,6 2 10 11 5 4 1 3 8 7 0 9 
487,3.65437e-06,4.19877e-06,3.06509e-06,50,100,100,238164,6 2 10 11 5 4 1 3 8 7 0 9 
488,3.67045e-06,4.19877e-06,3.09089e-06,50,100,100,238164,6 2 10 11 5 4 1 3 8 7 0 9 
489,3.67105e-06,4.19877e-06,3.02101e-06,50,100,100,238164,6 2 10 11 5 4 1 3 8 7 0 9 
490,3.67584e-06,4.19877e-06,3.09461e-06,50,100,100,238164,6 2 10 11 5 4 1 3 8 7 0 9 
491,3.65949e-06,4.19877e-06,3.06522e-06,50,100,100,238164,6 2 10 11 5 4 1 3 8 7 0 9 
492,3.67791e-06,4.19877e-06,3.00364e-06,50,100,100,238164,6 2 10 11 5 4 1 3 8 7 0 9 
493,3.66214e-06,4.19877e-06,3.00623e-06,50,100,100,238164,6 2 10 11 5 4 1 3 8 7 0 9 
494,3.64747e-06,4.19877e-06,2.92892e-06,50,100,100,238164,6 2 10 11 5 4 1 3 8 7 0 9 
495,3.66046e-06,4.19877e-06,3.08788e-06,50,100,100,238164,6 2 10 11 5 4 1 3 8 7 0 9 
496,3.64355e-06,4.19877e-06,3.04309e-06,50,100,100,238164,6 2 10 11 5 4 1 3 8 7 0 9 
497,3.67076e-06,4.19877e-06,3.00943e-06,50,100,100,238164,6 2 10 11 5 4 1 3 8 7 0 9 
498,3.66298e-06,4.19877e-06,3.07366e-06,50,100,100,238164,6 2 10 11 5 4 1 3 8 7 0 9 
499,3.65689e-06,4.19877e-06,3.10433e-06,50,100,100,238164,6 2 10 11 5 4 1 3 8 7 0 9 
500,3.62077e-06,4.19877e-06,3.00263e-06,50,100,100,238164,6 2 10 11 5 4 1 3 8 7 0 9 
501,3.63877e-06,4.19877e-06,3.10552e-06,50,100,100,238164,6 2 10 11 5 4 1 3 8 7 0 9 
502,3.64444e-06,4.19877e-06,3.02705e-06,50,100,100,238164,6 2 10 11 5 4 1 3 8 7 0 9 
503,3.64979e-06,4.19877e-06,3.03097e-06,50,100,100,238164,6 2 10 11 5 4 1 3 8 7 0 9 
504,3.65785e-06,4.19877e-06,3.04539e-06,50,100,100,238164,6 2 10 11 5 4 1 3 8 7 0 9 
505,3.65249e-06,4.19877e-06,3.00283e-06,50,100,100,238164,6 2 10 11 5 4 1 3 8 7 0 9 
506,3.62715e-06,4.19877e-06,3.0367e-06,50,100,100,238164,6 2 10 11 5 4 1 3 8 7 0 9 
507,3.59981e-06,4.19877e-06,3.05065e-06,50,100,100,238164,6 2 10 11 5 4 1 3 8 7 0 9 
508,3.60797e-06,4.19877e-06,3.01017e-06,50,100,100,238164,6 2 10 11 5 4 1 3 8 7 0 9 
509,3.64602e-06,4.19877e-06,3.00283e-06,50,100,100,238164,6 2 10 11 5 4 1 3 8 7 0 9 
510,3.62212e-06,4.19877e-06,3.04285e-06,50,100,100,238164,6 2 10 11 5 4 1 3 8 7 0 9 
511,3.60104e-06,4.19877e-06,3.02591e-06,50,100,100,238164,6 2 10 11 5 4 1 3 8 7 0 9 
512,3.64154e-06,4.19877e-06,3.04348e-06,50,100,100,238164,6 2 10 11 5 4 1 3 8 7 0 9 
513,3.58204e-06,4.19877e-06,3.03668e-06,50,100,100,238164,6 2 10 11 5 4 1 3 8 7 0 9 
514,3.6156e-06,4.19877e-06,3.0465e-06,50,100,100,238164,6 2 10 11 5 4 1 3 8 7 0 9 
515,3.62092e-06,4.19877e-06,3.00919e-06,50,100,100,238164,6 2 10 11 5 4 1 3 8 7 0 9 
516,3.60291e-06,4.19877e-06,3.06599e-06,50,100,100,238164,6 2 10 11 5 4 1 3 8 7 0 9 
517,3.63698e-06,4.19877e-06,3.04493e-06,50,100,100,238164,6 2 10 11 5 4 1 3 8 7 0 9 
518,3.63192e-06,4.19877e-06,2.96955e-06,50,100,100,238164,6 2 10 11 5 4 1 3 8 7 0 9 
519,3.64511e-06,4.19877e-06,2.9317e-06,50,100,100,238164,6 2 10 11 5 4 1 3 8 7 0 9 
520,3.6521e-06,4.19877e-06,2.98007e-06,50,100,100,238164,6 2 10 11 5 4 1 3 8 7 0 9 
521,3.58255e-06,4.19877e-06,3.08532e-06,50,100,100,238164,6 2 10 11 5 4 1 3 8 7 0 9 
522,3.58434e-06,4.19877e-06,3.0952e-06,50,100,100,238164,6 2 10 11 5 4 1 3 8 7 0 9 
523,3.59874e-06,4.19877e-06,2.97423e-06,50,100,100,238164,6 2 10 11 5 4 1 3 8 7 0 9 
524,3.64391e-06,4.19877e-06,3.08715e-06,50,100,100,238164,6 2 10 11 5 4 1 3 8 7 0 9 
525,3.67434e-06,4.19877e-06,3.18769e-06,50,100,100,238164,6 2 10 11 5 4 1 3 8 7 0 9 
526,3.62754e-06,4.19877e-06,3.05108e-06,50,100,100,238164,6 2 10 11 5 4 1 3 8 7 0 9 
527,3.62392e-06,4.19877e-06,3.01762e-06,50,100,100,238164,6 2 10 11 5 4 1 3 8 7 0 9 
528,3.64159e-06,4.19877e-06,3.00498e-06,50,100,100,238164,6 2 10 11 5 4 1 3 8 7 0 9 
529,3.5904e-06,4.19877e-06,3.05804e-06,50,100,100,238164,6 2 10 11 5 4 1 3 8 7 0 9 
530,3.61139e-06,4.19877e-06,2.99024e-06,50,100,100,238164,6 2 10 11 5 4 1 3 8 7 0 9 
531,3.61669e-06,4.19877e-06,2.9792e-06,50,100,100,238164,6 2 10 11 5 4 1 3 8 7 0 9 
532,3.64728e-06,4.19877e-06,3.06522e-06,50,100,100,238164,6 2 10 11 5 4 1 3 8 7 0 9 
533,3.58069e-06,4.19877e-06,3.05862e-06,50,100,100,238164,6 2 10 11 5 4 1 3 8 7 0 9 
534,3.61257e-06,4.19877e-06,3.00026e-06,50,100,100,238164,6 2 10 11 5 4 1 3 8 7 0 9 
535,3.6683e-06,4.19877e-06,3.01981e-06,50,100,100,238164,6 2 10 11 5 4 1 3 8 7 0 9 
536,3.64242e-06,4.19877e-06,3.05929e-06,50,100,100,238164,6 2 10 11 5 4 1 3 8 7 0 9 
537,3.63424e-06,4.19877e-06,3.01831e-06,50,100,100,238164,6 2 10 11 5 4 1 3 8 7 0 9 
538,3.63522e-06,4.19877e-06,3.03107e-06,50,100,100,238164,6 2 10 11 5 4 1 3 8 7 0 9 
539,3.66771e-06,4.19877e-06,3.01804e-06,50,100,100,238164,6 2 10 11 5 4 1 3 8 7 0 9 
540,3.674e-06,4.19877e-06,3.00364e-06,50,100,100,238164,6 2 10 11 5 4 1 3 8 7 0 9 
541,3.60319e-06,4.19877e-06,3.03674e-06,50,100,100,238164,6 2 10 11 5 4 1 3 8 7 0 9 
542,3.65565e-06,4.19877e-06,3.00606e-06,50,100,100,238164,6 2 10 11 5 4 1 3 8 7 0 9 
543,3.65028e-06,4.19877e-06,2.94873e-06,50,100,100,238164,6 2 10 11 5 4 1 3 8 7 0 9 
544,3.68887e-06,4.19877e-06,3.0371e-06,50,100,100,238164,6 2 10 11 5 4 1 3 8 7 0 9 
545,3.68268e-06,4.19877e-06,3.01504e-06,50,100,100,238164,6 2 10 11 5 4 1 3 8 7 0 9 
546,3.66003e-06,4.19877e-06,3.03471e-06,50,100,100,238164,6 2 10 11 5 4 1 3 8 7 0 9 
547,3.64484e-06,4.19877e-06,3.08453e-06,50,100,100,238164,6 2 10 11 5 4 1 3 8 7 0 9 
548,3.58058e-06,4.19877e-06,2.93179e-06,50,100,100,238164,6 2 10 11 5 4 1 3 8 7 0 9 
549,3.57525e-06,4.19877e-06,2.97358e-06,50,100,100,238164,6 2 10 11 5 4 1 3 8 7 0 9 
550,3.59563e-06,4.19877e-06,3.02741e-06,50,100,100,238164,6 2 10 11 5 4 1 3 8 7 0 9 
551,3.58609e-06,4.19877e-06,2.96818e-06,50,100,100,238164,6 2 10 11 5 4 1 3 8 7 0 9 
552,3.62918e-06,4.19877e-06,3.06642e-06,50,100,100,238164,6 2 10 11 5 4 1 3 8 7 0 9 
553,3.63091e-06,4.19877e-06,3.02414e-06,50,100,100,238164,6 2 10 11 5 4 1 3 8 7 0 9 
554,3.62178e-06,4.19877e-06,3.12951e-06,50,100,100,238164,6 2 10 11 5 4 1 3 8 7 0 9 
555,3.63487e-06,4.19877e-06,3.10121e-06,50,100,100,238164,6 2 10 11 5 4 1 3 8 7 0 9 
556,3.69594e-06,4.19877e-06,2.99418e-06,50,100,100,238164,6 2 10 11 5 4 1 3 8 7 0 9 
557,3.64993e-06,4.19877e-06,3.0305e-06,50,100,100,238164,6 2 10 11 5 4 1 3 8 7 0 9 
558,3.71905e-06,4.19877e-06,3.09857e-06,50,100,100,238164,6 2 10 11 5 4 1 3 8 7 0 9 
559,3.6843e-06,4.19877e-06,3.13496e-06,50,100,100,238164,6 2 10 11 5 4 1 3 8 7 0 9 
560,3.63763e-06,4.19877e-06,3.04649e-06,50,100,100,238164,6 2 10 11 5 4 1 3 8 7 0 9 
561,3.62187e-06,4.19877e-06,3.05997e-06,50,100,100,238164,6 2 10 11 5 4 1 3 8 7 0 9 
562,3.648e-06,4.19877e-06,3.12169e-06,50,100,100,238164,6 2 10 11 5 4 1 3 8 7 0 9 
563,3.63994e-06,4.19877e-06,3.03987e-06,50,100,100,238164,6 2 10 11 5 4 1 3 8 7 0 9 
564,3.66669e-06,4.19877e-06,3.08221e-06,50,100,100,238164,6 2 10 11 5 4 1 3 8 7 0 9 
565,3.61225e-06,4.19877e-06,2.9988e-06,50,100,100,238164,6 2 10 11 5 4 1 3 8 7 0 9 
566,3.58755e-06,4.19877e-06,2.9456e-06,50,100,100,238164,6 2 10 11 5 4 1 3 8 7 0 9 
567,3.63969e-06,4.19877e-06,3.08211e-06,50,100,100,238164,6 2 10 11 5 4 1 3 8 7 0 9 
568,3.6944e-06,4.19877e-06,3.0371e-06,50,100,100,238164,6 2 10 11 5 4 1 3 8 7 0 9 
569,3.67189e-06,4.19877e-06,3.07298e-06,50,100,100,238164,6 2 10 11 5 4 1 3 8 7 0 9 
570,3.65304e-06,4.19877e-06,2.98946e-06,50,100,100,238164,6 2 10 11 5 4 1 3 8 7 0 9 
571,3.61084e-06,4.19877e-06,2.87291e-06,50,100,100,238164,6 2 10 11 5 4 1 3 8 7 0 9 
572,3.66362e-06,4.19877e-06,3.15967e-06,50,100,100,238164,6 2 10 11 5 4 1 3 8 7 0 9 
573,3.66291e-06,4.19877e-06,3.03347e-06,50,100,100,238164,6 2 10 11 5 4 1 3 8 7 0 9 
574,3.66519e-06,4.19877e-06,3.00116e-06,50,100,100,238164,6 2 10 11 5 4 1 3 8 7 0 9 
575,3.64652e-06,4.19877e-06,2.9743e-06,50,100,100,238164,6 2 10 11 5 4 1 3 8 7 0 9 
576,3.67633e-06,4.19877e-06,3.01727e-06,50,100,100,238164,6 2 10 11 5 4 1 3 8 7 0 9 
577,3.63754e-06,4.19877e-06,3.04909e-06,50,100,100,238164,6 2 10 11 5 4 1 3 8 7 0 9 
578,3.68976e-06,4.19877e-06,2.97662e-06,50,100,100,238164,6 2 10 11 5 4 1 3 8 7 0 9 
579,3.69139e-06,4.19877e-06,3.05568e-06,50,100,100,238164,6 2 10 11 5 4 1 3 8 7 0 9 
580,3.64977e-06,4.19877e-06,2.99963e-06,50,100,100,238164,6 2 10 11 5 4 1 3 8 7 0 9 
581,3.61746e-06,4.19877e-06,3.04226e-06,50,100,100,238164,6 2 10 11 5 4 1 3 8 7 0 9 
582,3.60066e-06,4.19877e-06,3.03312e-06,50,100,100,238164,6 2 10 11 5 4 1 3 8 7 0 9 
583,3.61843e-06,4.19877e-06,3.06096e-06,50,100,100,238164,6 2 10 11 5 4 1 3 8 7 0 9 
584,3.63051e-06,4.19877e-06,3.05794e-06,50,100,100,238164,6 2 10 11 5 4 1 3 8 7 0 9 
585,3.63446e-06,4.19877e-06,3.11481e-06,50,100,100,238164,6 2 10 11 5 4 1 3 8 7 0 9 
586,3.6679e-06,4.19877e-06,3.1179e-06,50,100,100,238164,6 2 10 11 5 4 1 3 8 7 0 9 
587,3.60482e-06,4.19877e-06,2.93794e-06,50,100,100,238164,6 2 10 11 5 4 1 3 8 7 0 9 
588,3.67858e-06,4.19877e-06,3.01039e-06,50,100,100,238164,6 2 10 11 5 4 1 3 8 7 0 9 
589,3.62109e-06,4.19877e-06,3.04493e-06,50,100,100,238164,6 2 10 11 5 4 1 3 8 7 0 9 
590,3.64381e-06,4.19877e-06,3.01975e-06,50,100,100,238164,6 2 10 11 5 4 1 3 8 7 0 9 
591,3.65109e-06,4.19877e-06,3.0087e-06,50,100,100,238164,6 2 10 11 5 4 1 3 8 7 0 9 
592,3.68374e-06,4.19877e-06,3.03279e-06,50,100,100,238164,6 2 10 11 5 4 1 3 8 7 0 9 
593,3.66878e-06,4.19877e-06,3.02452e-06,50,100,100,238164,6 2 10 11 5 4 1 3 8 7 0 9 
594,3.69454e-06,4.19877e-06,3.1288e-06,50,100,100,238164,6 2 10 11 5 4 1 3 8 7 0 9 
595,3.63267e-06,4.19877e-06,3.00446e-06,50,100,100,238164,6 2 10 11 5 4 1 3 8 7 0 9 
596,3.58298e-06,4.19877e-06,3.03893e-06,50,100,100,238164,6 2 10 11 5 4 1 3 8 7 0 9 
597,3.60358e-06,4.19877e-06,3.05997e-06,50,100,100,238164,6 2 10 11 5 4 1 3 8 7 0 9 
598,3.615e-06,4.19877e-06,3.0122e-06,50,100,100,238164,6 2 10 11 5 4 1 3 8 7 0 9 
599,3.60576e-06,4.19877e-06,3.06407e-06,50,100,100,238164,6 2 10 11 5 4 1 3 8 7 0 9 
600,3.55974e-06,4.19877e-06,2.98624e-06,50,100,100,238164,6 2 10 11 5 4 1 3 8 7 0 9 
601,3.55082e-06,4.19877e-06,2.97794e-06,50,100,100,238164,6 2 10 11 5 4 1 3 8 7 0 9 
602,3.57422e-06,4.19877e-06,3.05824e-06,50,100,100,238164,6 2 10 11 5 4 1 3 8 7 0 9 
603,3.57958e-06,4.19877e-06,3.02404e-06,50,100,100,238164,6 2 10 11 5 4 1 3 8 7 0 9 
604,3.56518e-06,4.19877e-06,3.03099e-06,50,100,100,238164,6 2 10 11 5 4 1 3 8 7 0 9 
605,3.55605e-06,4.19877e-06,3.01149e-06,50,100,100,238164,6 2 10 11 5 4 1 3 8 7 0 9 
606,3.64359e-06,4.19877e-06,3.1151e-06,50,100,100,238164,6 2 10 11 5 4 1 3 8 7 0 9 
607,3.64185e-06,4.19877e-06,3.08354e-06,50,100,100,238164,6 2 10 11 5 4 1 3 8 7 0 9 
608,3.65627e-06,4.19877e-06,3.06522e-06,50,100,100,238164,6 2 10 11 5 4 1 3 8 7 0 9 
609,3.59087e-06,4.19877e-06,2.98312e-06,50,100,100,238164,6 2 10 11 5 4 1 3 8 7 0 9 
610,3.59011e-06,4.19877e-06,3.01422e-06,50,100,100,238164,6 2 10 11 5 4 1 3 8 7 0 9 
611,3.59613e-06,4.19877e-06,3.04702e-06,50,100,100,238164,6 2 10 11 5 4 1 3 8 7 0 9 
612,3.5506e-06,4.19877e-06,3.06593e-06,50,100,100,238164,6 2 10 11 5 4 1 3 8 7 0 9 
613,3.51214e-06,4.19877e-06,2.94018e-06,50,100,100,238164,6 2 10 11 5 4 1 3 8 7 0 9 
614,3.5477e-06,4.19877e-06,2.97012e-06,50,100,100,238164,6 2 10 11 5 4 1 3 8 7 0 9 
615,3.54685e-06,4.19877e-06,3.07262e-06,50,100,100,238164,6 2 10 11 5 4 1 3 8 7 0 9 
616,3.56703e-06,4.19877e-06,3.03127e-06,50,100,100,238164,6 2 10 11 5 4 1 3 8 7 0 9 
617,3.537e-06,4.19877e-06,2.97503e-06,50,100,100,238164,6 2 10 11 5 4 1 3 8 7 0 9 
618,3.51151e-06,4.19877e-06,3.03701e-06,50,100,100,238164,6 2 10 11 5 4 1 3 8 7 0 9 
619,3.56124e-06,4.19877e-06,3.05255e-06,50,100,100,238164,6 2 10 11 5 4 1 3 8 7 0 9 
620,3.55775e-06,4.19877e-06,3.07139e-06,50,100,100,238164,6 2 10 11 5 4 1 3 8 7 0 9 
621,3.5693e-06,4.19877e-06,2.9642e-06,50,100,100,238164,6 2 10 11 5 4 1 3 8 7 0 9 
622,3.59908e-06,4.19877e-06,3.06143e-06,50,100,100,238164,6 2 10 11 5 4 1 3 8 7 0 9 
623,3.58956e-06,4.19877e-06,2.92857e-06,50,100,100,238164,6 2 10 11 5 4 1 3 8 7 0 9 
624,3.63452e-06,4.19877e-06,3.01992e-06,50,100,100,238164,6 2 10 11 5 4 1 3 8 7 0 9 
625,3.61131e-06,4.19877e-06,3.02501e-06,50,100,100,238164,6 2 10 11 5 4 1 3 8 7 0 9 
626,3.63901e-06,4.19877e-06,3.03698e-06,50,100,100,238164,6 2 10 11 5 4 1 3 8 7 0 9 
627,3.64444e-06,4.19877e-06,3.05246e-06,50,100,100,238164,6 2 10 11 5 4 1 3 8 7 0 9 
628,3.60847e-06,4.19877e-06,3.12479e-06,50,100,100,238164,6 2 10 11 5 4 1 3 8 7 0 9 
629,3.62222e-06,4.19877e-06,2.9851e-06,50,100,100,238164,6 2 10 11 5 4 1 3 8 7 0 9 
630,3.54923e-06,4.19877e-06,3.04599e-06,50,100,100,238164,6 2 10 11 5 4 1 3 8 7 0 9 
631,3.54777e-06,4.19877e-06,3.03651e-06,50,100,100,238164,6 2 10 11 5 4 1 3 8 7 0 9 
632,3.52797e-06,4.19877e-06,3.06143e-06,50,100,100,238164,6 2 10 11 5 4 1 3 8 7 0 9 
633,3.53297e-06,4.19877e-06,3.03773e-06,50,100,100,238164,6 2 10 11 5 4 1 3 8 7 0 9 
634,3.5609e-06,4.19877e-06,2.9191e-06,50,100,100,238164,6 2 10 11 5 4 1 3 8 7 0 9 
635,3.60301e-06,4.19877e-06,3.14156e-06,50,100,100,238164,6 2 10 11 5 4 1 3 8 7 0 9 
636,3.5551e-06,4.19877e-06,2.96413e-06,50,100,100,238164,6 2 10 11 5 4 1 3 8 7 0 9 
637,3.57706e-06,4.19877e-06,3.03141e-06,50,100,100,238164,6 2 10 11 5 4 1 3 8 7 0 9 
638,3.54977e-06,4.19877e-06,2.98444e-06,50,100,100,238164,6 2 10 11 5 4 1 3 8 7 0 9 
639,3.5487e-06,4.19877e-06,2.99425e-06,50,100,100,238164,6 2 10 11 5 4 1 3 8 7 0 9 
640,3.56646e-06,4.19877e-06,3.04719e-06,50,100,100,238164,6 2 10 11 5 4 1 3 8 7 0 9 
641,3.55478e-06,4.19877e-06,2.90793e-06,50,100,100,238164,6 2 10 11 5 4 1 3 8 7 0 9 
642,3.55758e-06,4.19877e-06,2.9956e-06,50,100,100,238164,6 2 10 11 5 4 1 3 8 7 0 9 
643,3.58131e-06,4.19877e-06,3.0293e-06,50,100,100,238164,6 2 10 11 5 4 1 3 8 7 0 9 
644,3.5464e-06,4.19877e-06,2.99988e-06,50,100,100,238164,6 2 10 11 5 4 1 3 8 7 0 9 
645,3.54637e-06,4.19877e-06,2.98149e-06,50,100,100,238164,6 2 10 11 5 4 1 3 8 7 0 9 
646,3.58994e-06,4.19877e-06,2.98158e-06,50,100,100,238164,6 2 10 11 5 4 1 3 8 7 0 9 
647,3.67329e-06,4.19877e-06,3.05499e-06,50,100,100,238164,6 2 10 11 5 4 1 3 8 7 0 9 
648,3.58396e-06,4.19877e-06,3.03171e-06,50,100,100,238164,6 2 10 11 5 4 1 3 8 7 0 9 
649,3.60603e-06,4.19877e-06,2.97392e-06,50,100,100,238164,6 2 10 11 5 4 1 3 8 7 0 9 
650,3.63647e-06,4.19877e-06,3.07451e-06,50,100,100,238164,6 2 10 11 5 4 1 3 8 7 0 9 
651,3.62742e-06,4.19877e-06,3.11388e-06,50,100,100,238164,6 2 10 11 5 4 1 3 8 7 0 9 
652,3.59085e-06,4.19877e-06,3.01039e-06,50,100,100,238164,6 2 10 11 5 4 1 3 8 7 0 9 
653,3.56258e-06,4.19877e-06,3.05361e-06,50,100,100,238164,6 2 10 11 5 4 1 3 8 7 0 9 
654,3.58654e-06,4.19877e-06,3.03013e-06,50,100,100,238164,6 2 10 11 5 4 1 3 8 7 0 9 
655,3.60648e-06,4.19877e-06,2.97803e-06,50,100,100,238164,6 2 10 11 5 4 1 3 8 7 0 9 
656,3.65591e-06,4.19877e-06,3.00364e-06,50,100,100,238164,6 2 10 11 5 4 1 3 8 7 0 9 
657,3.65581e-06,4.19877e-06,3.07934e-06,50,100,100,238164,6 2 10 11 5 4 1 3 8 7 0 9 
658,3.65905e-06,4.19877e-06,2.9252e-06,50,100,100,238164,6 2 10 11 5 4 1 3 8 7 0 9 
659,3.61527e-06,4.19877e-06,2.95023e-06,50,100,100,238164,6 2 10 11 5 4 1 3 8 7 0 9 
660,3.5657e-06,4.19877e-06,3.05009e-06,50,100,100,238164,6 2 10 11 5 4 1 3 8 7 0 9 
661,3.5951e-06,4.19877e-06,2.92361e-06,50,100,100,238164,6 2 10 11 5 4 1 3 8 7 0 9 
662,3.6149e-06,4.19877e-06,3.04272e-06,50,100,100,238164,6 2 10 11 5 4 1 3 8 7 0 9 
663,3.58159e-06,4.19877e-06,2.95626e-06,50,100,100,238164,6 2 10 11 5 4 1 3 8 7 0 9 
664,3.615e-06,4.19877e-06,3.06975e-06,50,100,100,238164,6 2 10 11 5 4 1 3 8 7 0 9 
665,3.61849e-06,4.19877e-06,3.0779e-06,50,100,100,238164,6 2 10 11 5 4 1 3 8 7 0 9 
666,3.60859e-06,4.19877e-06,3.03799e-06,50,100,100,238164,6 2 10 11 5 4 1 3 8 7 0 9 
667,3.60647e-06,4.19877e-06,2.96413e-06,50,100,100,238164,6 2 10 11 5 4 1 3 8 7 0 9 
668,3.59143e-06,4.19877e-06,3.08021e-06,50,100,100,238164,6 2 10 11 5 4 1 3 8 7 0 9 
669,3.62802e-06,4.19877e-06,2.94176e-06,50,100,100,238164,6 2 10 11 5 4 1 3 8 7 0 9 
670,3.61116e-06,4.19877e-06,3.02346e-06,50,100,100,238164,6 2 10 11 5 4 1 3 8 7 0 9 
671,3.58853e-06,4.19877e-06,3.0572e-06,50,100,100,238164,6 2 10 11 5 4 1 3 8 7 0 9 
672,3.58011e-06,4.19877e-06,3.07618e-06,50,100,100,238164,6 2 10 11 5 4 1 3 8 7 0 9 
673,3.57366e-06,4.19877e-06,3.04252e-06,50,100,100,238164,6 2 10 11 5 4 1 3 8 7 0 9 
674,3.61316e-06,4.19877e-06,3.06964e-06,50,100,100,238164,6 2 10 11 5 4 1 3 8 7 0 9 
675,3.65017e-06,4.19877e-06,3.05438e-06,50,100,100,238164,6 2 10 11 5 4 1 3 8 7 0 9 
676,3.65157e-06,4.19877e-06,3.05997e-06,50,100,100,238164,6 2 10 11 5 4 1 3 8 7 0 9 
677,3.67629e-06,4.19877e-06,3.06154e-06,50,100,100,238164,6 2 10 11 5 4 1 3 8 7 0 9 
678,3.63889e-06,4.19877e-06,3.01942e-06,50,100,100,238164,6 2 10 11 5 4 1 3 8 7 0 9 
679,3.62794e-06,4.19877e-06,3.04736e-06,50,100,100,238164,6 2 10 11 5 4 1 3 8 7 0 9 
680,3.63111e-06,4.19877e-06,3.12479e-06,50,100,100,238164,6 2 10 11 5 4 1 3 8 7 0 9 
681,3.58622e-06,4.19877e-06,3.01942e-06,50,100,100,238164,6 2 10 11 5 4 1 3 8 7 0 9 
682,3.60943e-06,4.19877e-06,3.07942e-06,50,100,100,238164,6 2 10 11 5 4 1 3 8 7 0 9 
683,3.64373e-06,4.19877e-06,3.00283e-06,50,100,100,238164,6 2 10 11 5 4 1 3 8 7 0 9 
684,3.66789e-06,4.19877e-06,3.01068e-06,50,100,100,238164,6 2 10 11 5 4 1 3 8 7 0 9 
685,3.63444e-06,4.19877e-06,3.05302e-06,50,100,100,238164,6 2 10 11 5 4 1 3 8 7 0 9 
686,3.61591e-06,4.19877e-06,2.95455e-06,50,100,100,238164,6 2 10 11 5 4 1 3 8 7 0 9 
687,3.60604e-06,4.19877e-06,3.0707e-06,50,100,100,238164,6 2 10 11 5 4 1 3 8 7 0 9 
688,3.59431e-06,4.19877e-06,3.04243e-06,50,100,100,238164,6 2 10 11 5 4 1 3 8 7 0 9 
689,3.57854e-06,4.19877e-06,3.067e-06,50,100,100,238164,6 2 10 11 5 4 1 3 8 7 0 9 
690,3.57486e-06,4.19877e-06,2.96455e-06,50,100,100,238164,6 2 10 11 5 4 1 3 8 7 0 9 
691,3.57887e-06,4.19877e-06,3.04108e-06,50,100,100,238164,6 2 10 11 5 4 1 3 8 7 0 9 
692,3.58898e-06,4.19877e-06,3.02019e-06,50,100,100,238164,6 2 10 11 5 4 1 3 8 7 0 9 
693,3.61099e-06,4.19877e-06,3.00283e-06,50,100,100,238164,6 2 10 11 5 4 1 3 8 7 0 9 
694,3.6759e-06,4.19877e-06,3.0572e-06,50,100,100,238164,6 2 10 11 5 4 1 3 8 7 0 9 
695,3.64947e-06,4.19877e-06,3.1018e-06,50,100,100,238164,6 2 10 11 5 4 1 3 8 7 0 9 
696,3.59508e-06,4.19877e-06,3.00771e-06,50,100,100,238164,6 2 10 11 5 4 1 3 8 7 0 9 
697,3.56994e-06,4.19877e-06,3.06522e-06,50,100,100,238164,6 2 10 11 5 4 1 3 8 7 0 9 
698,3.56059e-06,4.19877e-06,3.04259e-06,50,100,100,238164,6 2 10 11 5 4 1 3 8 7 0 9 
699,3.57709e-06,4.19877e-06,3.00213e-06,50,100,100,238164,6 2 10 11 5 4 1 3 8 7 0 9 
700,3.60143e-06,4.19877e-06,3.05305e-06,50,100,100,238164,6 2 10 11 5 4 1 3 8 7 0 9 
701,3.61966e-06,4.19877e-06,3.05115e-06,50,100,100,238164,6 2 10 11 5 4 1 3 8 7 0 9 
702,3.61777e-06,4.19877e-06,3.06708e-06,50,100,100,238164,6 2 10 11 5 4 1 3 8 7 0 9 
703,3.59863e-06,4.19877e-06,3.02404e-06,50,100,100,238164,6 2 10 11 5 4 1 3 8 7 0 9 
704,3.60895e-06,4.19877e-06,3.06152e-06,50,100,100,238164,6 2 10 11 5 4 1 3 8 7 0 9 
705,3.64502e-06,4.19877e-06,3.05997e-06,50,100,100,238164,6 2 10 11 5 4 1 3 8 7 0 9 
706,3.62924e-06,4.19877e-06,3.00085e-06,50,100,100,238164,6 2 10 11 5 4 1 3 8 7 0 9 
707,3.61924e-06,4.19877e-06,3.00905e-06,50,100,100,238164,6 2 10 11 5 4 1 3 8 7 0 9 
708,3.64506e-06,4.19877e-06,2.9727e-06,50,100,100,238164,6 2 10 11 5 4 1 3 8 7 0 9 
709,3.63244e-06,4.19877e-06,3.04019e-06,50,100,100,238164,6 2 10 11 5 4 1 3 8 7 0 9 
710,3.61373e-06,4.19877e-06,3.02404e-06,50,100,100,238164,6 2 10 11 5 4 1 3 8 7 0 9 
711,3.68342e-06,4.19877e-06,3.03305e-06,50,100,100,238164,6 2 10 11 5 4 1 3 8 7 0 9 
712,3.62245e-06,4.19877e-06,3.15051e-06,50,100,100,238164,6 2 10 11 5 4 1 3 8 7 0 9 
713,3.66248e-06,4.19877e-06,3.07771e-06,50,100,100,238164,6 2 10 11 5 4 1 3 8 7 0 9 
714,3.64633e-06,4.19877e-06,3.06925e-06,50,100,100,238164,6 2 10 11 5 4 1 3 8 7 0 9 
715,3.61018e-06,4.19877e-06,3.01757e-06,50,100,100,238164,6 2 10 11 5 4 1 3 8 7 0 9 
716,3.578e-06,4.19877e-06,3.03053e-06,50,100,100,238164,6 2 10 11 5 4 1 3 8 7 0 9 
717,3.57733e-06,4.19877e-06,3.02694e-06,50,100,100,238164,6 2 10 11 5 4 1 3 8 7 0 9 
718,3.56469e-06,4.19877e-06,3.00659e-06,50,100,100,238164,6 2 10 11 5 4 1 3 8 7 0 9 
719,3.57982e-06,4.19877e-06,3.04513e-06,50,100,100,238164,6 2 10 11 5 4 1 3 8 7 0 9 
720,3.59506e-06,4.19877e-06,3.09051e-06,50,100,100,238164,6 2 10 11 5 4 1 3 8 7 0 9 
721,3.633e-06,4.19877e-06,3.09952e-06,50,100,100,238164,6 2 10 11 5 4 1 3 8 7 0 9 
722,3.6491e-06,4.19877e-06,3.06118e-06,50,100,100,238164,6 2 10 11 5 4 1 3 8 7 0 9 
723,3.61343e-06,4.19877e-06,2.99158e-06,50,100,100,238164,6 2 10 11 5 4 1 3 8 7 0 9 
724,3.5647e-06,4.19877e-06,3.08687e-06,50,100,100,238164,6 2 10 11 5 4 1 3 8 7 0 9 
725,3.57878e-06,4.19877e-06,3.08515e-06,50,100,100,238164,6 2 10 11 5 4 1 3 8 7 0 9 
726,3.57531e-06,4.19877e-06,3.02791e-06,50,100,100,238164,6 2 10 11 5 4 1 3 8 7 0 9 
727,3.54848e-06,4.19877e-06,2.94779e-06,50,100,100,238164,6 2 10 11 5 4 1 3 8 7 0 9 
728,3.58456e-06,4.19877e-06,3.02015e-06,50,100,100,238164,6 2 10 11 5 4 1 3 8 7 0 9 
729,3.63248e-06,4.19877e-06,3.10271e-06,50,100,100,238164,6 2 10 11 5 4 1 3 8 7 0 9 
730,3.55104e-06,4.19877e-06,2.97508e-06,50,100,100,238164,6 2 10 11 5 4 1 3 8 7 0 9 
731,3.60807e-06,4.19877e-06,3.0883e-06,50,100,100,238164,6 2 10 11 5 4 1 3 8 7 0 9 
732,3.6126e-06,4.19877e-06,2.99711e-06,50,100,100,238164,6 2 10 11 5 4 1 3 8 7 0 9 
733,3.60705e-06,4.19877e-06,3.10848e-06,50,100,100,238164,6 2 10 11 5 4 1 3 8 7 0 9 
734,3.59579e-06,4.19877e-06,3.07366e-06,50,100,100,238164,6 2 10 11 5 4 1 3 8 7 0 9 
735,3.60154e-06,4.19877e-06,3.1271e-06,50,100,100,238164,6 2 10 11 5 4 1 3 8 7 0 9 
736,3.60518e-06,4.19877e-06,2.97074e-06,50,100,100,238164,6 2 10 11 5 4 1 3 8 7 0 9 
737,3.60637e-06,4.19877e-06,3.00965e-06,50,100,100,238164,6 2 10 11 5 4 1 3 8 7 0 9 
738,3.59123e-06,4.19877e-06,3.11074e-06,50,100,100,238164,6 2 10 11 5 4 1 3 8 7 0 9 
739,3.60249e-06,4.19877e-06,3.08361e-06,50,100,100,238164,6 2 10 11 5 4 1 3 8 7 0 9 
740,3.57576e-06,4.19877e-06,3.02789e-06,50,100,100,238164,6 2 10 11 5 4 1 3 8 7 0 9 
741,3.51532e-06,4.19877e-06,2.94176e-06,50,100,100,238164,6 2 10 11 5 4 1 3 8 7 0 9 
742,3.55917e-06,4.19877e-06,3.06006e-06,50,100,100,238164,6 2 10 11 5 4 1 3 8 7 0 9 
743,3.56745e-06,4.19877e-06,3.05289e-06,50,100,100,238164,6 2 10 11 5 4 1 3 8 7 0 9 
744,3.55463e-06,4.19877e-06,3.02553e-06,50,100,100,238164,6 2 10 11 5 4 1 3 8 7 0 9 
745,3.60707e-06,4.19877e-06,3.13076e-06,50,100,100,238164,6 2 10 11 5 4 1 3 8 7 0 9 
746,3.58675e-06,4.19877e-06,3.00474e-06,50,100,100,238164,6 2 10 11 5 4 1 3 8 7 0 9 
747,3.60984e-06,4.19877e-06,3.11136e-06,50,100,100,238164,6 2 10 11 5 4 1 3 8 7 0 9 
748,3.63259e-06,4.19877e-06,3.00496e-06,50,100,100,238164,6 2 10 11 5 4 1 3 8 7 0 9 
749,3.58576e-06,4.19877e-06,2.97407e-06,50,100,100,238164,6 2 10 11 5 4 1 3 8 7 0 9 
750,3.63767e-06,4.19877e-06,3.02553e-06,50,100,100,238164,6 2 10 11 5 4 1 3 8 7 0 9 
751,3.64503e-06,4.19877e-06,3.10232e-06,50,100,100,238164,6 2 10 11 5 4 1 3 8 7 0 9 
752,3.62229e-06,4.19877e-06,2.99205e-06,50,100,100,238164,6 2 10 11 5 4 1 3 8 7 0 9 
753,3.63331e-06,4.19877e-06,3.15731e-06,50,100,100,238164,6 2 10 11 5 4 1 3 8 7 0 9 
754,3.62253e-06,4.19877e-06,3.01716e-06,50,100,100,238164,6 2 10 11 5 4 1 3 8 7 0 9 
755,3.68388e-06,4.19877e-06,3.10475e-06,50,100,100,238164,6 2 10 11 5 4 1 3 8 7 0 9 
756,3.64848e-06,4.19877e-06,3.1061e-06,50,100,100,238164,6 2 10 11 5 4 1 3 8 7 0 9 
757,3.66853e-06,4.19877e-06,3.06925e-06,50,100,100,238164,6 2 10 11 5 4 1 3 8 7 0 9 
758,3.67448e-06,4.19877e-06,3.13923e-06,50,100,100,238164,6 2 10 11 5 4 1 3 8 7 0 9 
759,3.67139e-06,4.19877e-06,3.04206e-06,50,100,100,238164,6 2 10 11 5 4 1 3 8 7 0 9 
760,3.64774e-06,4.19877e-06,3.05496e-06,50,100,100,238164,6 2 10 11 5 4 1 3 8 7 0 9 
761,3.61693e-06,4.19877e-06,3.02675e-06,50,100,100,238164,6 2 10 11 5 4 1 3 8 7 0 9 
762,3.58731e-06,4.19877e-06,3.06415e-06,50,100,100,238164,6 2 10 11 5 4 1 3 8 7 0 9 
763,3.61359e-06,4.19877e-06,3.05791e-06,50,100,100,238164,6 2 10 11 5 4 1 3 8 7 0 9 
764,3.59785e-06,4.19877e-06,3.14142e-06,50,100,100,238164,6 2 10 11 5 4 1 3 8 7 0 9 
765,3.58226e-06,4.19877e-06,3.02677e-06,50,100,100,238164,6 2 10 11 5 4 1 3 8 7 0 9 
766,3.56807e-06,4.19877e-06,3.08578e-06,50,100,100,238164,6 2 10 11 5 4 1 3 8 7 0 9 
767,3.62732e-06,4.19877e-06,3.07932e-06,50,100,100,238164,6 2 10 11 5 4 1 3 8 7 0 9 
768,3.64176e-06,4.19877e-06,3.07383e-06,50,100,100,238164,6 2 10 11 5 4 1 3 8 7 0 9 
769,3.61643e-06,4.19877e-06,3.0552e-06,50,100,100,238164,6 2 10 11 5 4 1 3 8 7 0 9 
770,3.61217e-06,4.19877e-06,3.01188e-06,50,100,100,238164,6 2 10 11 5 4 1 3 8 7 0 9 
771,3.62707e-06,4.19877e-06,3.07366e-06,50,100,100,238164,6 2 10 11 5 4 1 3 8 7 0 9 
772,3.62659e-06,4.19877e-06,3.04615e-06,50,100,100,238164,6 2 10 11 5 4 1 3 8 7 0 9 
773,3.66225e-06,4.19877e-06,3.06522e-06,50,100,100,238164,6 2 10 11 5 4 1 3 8 7 0 9 
774,3.60625e-06,4.19877e-06,3.07417e-06,50,100,100,238164,6 2 10 11 5 4 1 3 8 7 0 9 
775,3.59835e-06,4.19877e-06,3.03338e-06,50,100,100,238164,6 2 10 11 5 4 1 3 8 7 0 9 
776,3.58586e-06,4.19877e-06,3.0879e-06,50,100,100,238164,6 2 10 11 5 4 1 3 8 7 0 9 
777,3.55901e-06,4.19877e-06,3.03401e-06,50,100,100,238164,6 2 10 11 5 4 1 3 8 7 0 9 
778,3.59433e-06,4.19877e-06,3.01981e-06,50,100,100,238164,6 2 10 11 5 4 1 3 8 7 0 9 
779,3.56357e-06,4.19877e-06,2.84387e-06,50,100,100,238164,6 2 10 11 5 4 1 3 8 7 0 9 
780,3.58671e-06,4.19877e-06,2.98533e-06,50,100,100,238164,6 2 10 11 5 4 1 3 8 7 0 9 
781,3.58463e-06,4.19877e-06,3.11726e-06,50,100,100,238164,6 2 10 11 5 4 1 3 8 7 0 9 
782,3.60476e-06,4.19877e-06,3.06817e-06,50,100,100,238164,6 2 10 11 5 4 1 3 8 7 0 9 
783,3.57928e-06,4.19877e-06,2.99583e-06,50,100,100,238164,6 2 10 11 5 4 1 3 8 7 0 9 
784,3.62141e-06,4.19877e-06,3.08472e-06,50,100,100,238164,6 2 10 11 5 4 1 3 8 7 0 9 
785,3.59833e-06,4.19877e-06,3.02553e-06,50,100,100,238164,6 2 10 11 5 4 1 3 8 7 0 9 
786,3.577e-06,4.19877e-06,3.03079e-06,50,100,100,238164,6 2 10 11 5 4 1 3 8 7 0 9 
787,3.56634e-06,4.19877e-06,3.00283e-06,50,100,100,238164,6 2 10 11 5 4 1 3 8 7 0 9 
788,3.63307e-06,4.19877e-06,3.0093e-06,50,100,100,238164,6 2 10 11 5 4 1 3 8 7 0 9 
789,3.62692e-06,4.19877e-06,3.05834e-06,50,100,100,238164,6 2 10 11 5 4 1 3 8 7 0 9 
790,3.63551e-06,4.19877e-06,3.06332e-06,50,100,100,238164,6 2 10 11 5 4 1 3 8 7 0 9 
791,3.60275e-06,4.19877e-06,3.06212e-06,50,100,100,238164,6 2 10 11 5 4 1 3 8 7 0 9 
792,3.61277e-06,4.19877e-06,3.06522e-06,50,100,100,238164,6 2 10 11 5 4 1 3 8 7 0 9 
793,3.63454e-06,4.19877e-06,3.01342e-06,50,100,100,238164,6 2 10 11 5 4 1 3 8 7 0 9 
794,3.62518e-06,4.19877e-06,3.01351e-06,50,100,100,238164,6 2 10 11 5 4 1 3 8 7 0 9 
795,3.59126e-06,4.19877e-06,2.97524e-06,50,100,100,238164,6 2 10 11 5 4 1 3 8 7 0 9 
796,3.60499e-06,4.19877e-06,3.10077e-06,50,100,100,238164,6 2 10 11 5 4 1 3 8 7 0 9 
797,3.62423e-06,4.19877e-06,2.92431e-06,50,100,100,238164,6 2 10 11 5 4 1 3 8 7 0 9 
798,3.61833e-06,4.19877e-06,3.04222e-06,50,100,100,238164,6 2 10 11 5 4 1 3 8 7 0 9 
799,3.6278e-06,4.19877e-06,3.01877e-06,50,100,100,238164,6 2 10 11 5 4 1 3 8 7 0 9 
800,3.65776e-06,4.19877e-06,3.04563e-06,50,100,100,238164,6 2 10 11 5 4 1 3 8 7 0 9 
801,3.65223e-06,4.19877e-06,3.03108e-06,50,100,100,238164,6 2 10 11 5 4 1 3 8 7 0 9 
802,3.64978e-06,4.19877e-06,3.01422e-06,50,100,100,238164,6 2 10 11 5 4 1 3 8 7 0 9 
803,3.66328e-06,4.19877e-06,2.96747e-06,50,100,100,238164,6 2 10 11 5 4 1 3 8 7 0 9 
804,3.63234e-06,4.19877e-06,3.06522e-06,50,100,100,238164,6 2 10 11 5 4 1 3 8 7 0 9 
805,3.63195e-06,4.19877e-06,3.04126e-06,50,100,100,238164,6 2 10 11 5 4 1 3 8 7 0 9 
806,3.6229e-06,4.19877e-06,3.10492e-06,50,100,100,238164,6 2 10 11 5 4 1 3 8 7 0 9 
807,3.63025e-06,4.19877e-06,3.11113e-06,50,100,100,238164,6 2 10 11 5 4 1 3 8 7 0 9 
808,3.55212e-06,4.19877e-06,2.91512e-06,50,100,100,238164,6 2 10 11 5 4 1 3 8 7 0 9 
809,3.56539e-06,4.19877e-06,3.13214e-06,50,100,100,238164,6 2 10 11 5 4 1 3 8 7 0 9 
810,3.56095e-06,4.19877e-06,3.00812e-06,50,100,100,238164,6 2 10 11 5 4 1 3 8 7 0 9 
811,3.54845e-06,4.19877e-06,2.96531e-06,50,100,100,238164,6 2 10 11 5 4 1 3 8 7 0 9 
812,3.57459e-06,4.19877e-06,3.00081e-06,50,100,100,238164,6 2 10 11 5 4 1 3 8 7 0 9 
813,3.57815e-06,4.19877e-06,3.09426e-06,50,100,100,238164,6 2 10 11 5 4 1 3 8 7 0 9 
814,3.59918e-06,4.19877e-06,2.96585e-06,50,100,100,238164,6 2 10 11 5 4 1 3 8 7 0 9 
815,3.60429e-06,4.19877e-06,3.07264e-06,50,100,100,238164,6 2 10 11 5 4 1 3 8 7 0 9 
816,3.606e-06,4.19877e-06,3.00197e-06,50,100,100,238164,6 2 10 11 5 4 1 3 8 7 0 9 
817,3.60272e-06,4.19877e-06,2.98992e-06,50,100,100,238164,6 2 10 11 5 4 1 3 8 7 0 9 
818,3.64744e-06,4.19877e-06,3.1079e-06,50,100,100,238164,6 2 10 11 5 4 1 3 8 7 0 9 
819,3.65272e-06,4.19877e-06,3.01342e-06,50,100,100,238164,6 2 10 11 5 4 1 3 8 7 0 9 
820,3.63323e-06,4.19877e-06,3.03379e-06,50,100,100,238164,6 2 10 11 5 4 1 3 8 7 0 9 
821,3.61986e-06,4.19877e-06,3.01678e-06,50,100,100,238164,6 2 10 11 5 4 1 3 8 7 0 9 
822,3.65589e-06,4.19877e-06,3.10408e-06,50,100,100,238164,6 2 10 11 5 4 1 3 8 7 0 9 
823,3.59534e-06,4.19877e-06,2.9433e-06,50,100,100,238164,6 2 10 11 5 4 1 3 8 7 0 9 
824,3.66453e-06,4.19877e-06,3.11848e-06,50,100,100,238164,6 2 10 11 5 4 1 3 8 7 0 9 
825,3.63638e-06,4.19877e-06,2.95966e-06,50,100,100,238164,6 2 10 11 5 4 1 3 8 7 0 9 
826,3.67521e-06,4.19877e-06,3.0604e-06,50,100,100,238164,6 2 10 11 5 4 1 3 8 7 0 9 
827,3.69124e-06,4.19877e-06,3.01611e-06,50,100,100,238164,6 2 10 11 5 4 1 3 8 7 0 9 
828,3.65855e-06,4.19877e-06,2.95894e-06,50,100,100,238164,6 2 10 11 5 4 1 3 8 7 0 9 
829,3.66076e-06,4.19877e-06,3.08435e-06,50,100,100,238164,6 2 10 11 5 4 1 3 8 7 0 9 
830,3.65307e-06,4.19877e-06,2.99418e-06,50,100,100,238164,6 2 10 11 5 4 1 3 8 7 0 9 
831,3.6701e-06,4.19877e-06,3.06154e-06,50,100,100,238164,6 2 10 11 5 4 1 3 8 7 0 9 
832,3.64651e-06,4.19877e-06,3.00894e-06,50,100,100,238164,6 2 10 11 5 4 1 3 8 7 0 9 
833,3.60267e-06,4.19877e-06,3.06087e-06,50,100,100,238164,6 2 10 11 5 4 1 3 8 7 0 9 
834,3.62193e-06,4.19877e-06,3.01981e-06,50,100,100,238164,6 2 10 11 5 4 1 3 8 7 0 9 
835,3.64261e-06,4.19877e-06,3.05901e-06,50,100,100,238164,6 2 10 11 5 4 1 3 8 7 0 9 
836,3.64433e-06,4.19877e-06,3.03467e-06,50,100,100,238164,6 2 10 11 5 4 1 3 8 7 0 9 
837,3.59065e-06,4.19877e-06,3.03467e-06,50,100,100,238164,6 2 10 11 5 4 1 3 8 7 0 9 
838,3.62151e-06,4.19877e-06,3.02547e-06,50,100,100,238164,6 2 10 11 5 4 1 3 8 7 0 9 
839,3.62304e-06,4.19877e-06,3.07739e-06,50,100,100,238164,6 2 10 11 5 4 1 3 8 7 0 9 
840,3.61893e-06,4.19877e-06,3.03432e-06,50,100,100,238164,6 2 10 11 5 4 1 3 8 7 0 9 
841,3.63807e-06,4.19877e-06,3.11463e-06,50,100,100,238164,6 2 10 11 5 4 1 3 8 7 0 9 
842,3.62404e-06,4.19877e-06,3.058e-06,50,100,100,238164,6 2 10 11 5 4 1 3 8 7 0 9 
843,3.60223e-06,4.19877e-06,3.02672e-06,50,100,100,238164,6 2 10 11 5 4 1 3 8 7 0 9 
844,3.54873e-06,4.19877e-06,2.97834e-06,50,100,100,238164,6 2 10 11 5 4 1 3 8 7 0 9 
845,3.57893e-06,4.19877e-06,3.06387e-06,50,100,100,238164,6 2 10 11 5 4 1 3 8 7 0 9 
846,3.58082e-06,4.19877e-06,3.04428e-06,50,100,100,238164,6 2 10 11 5 4 1 3 8 7 0 9 
847,3.60177e-06,4.19877e-06,2.93678e-06,50,100,100,238164,6 2 10 11 5 4 1 3 8 7 0 9 
848,3.62025e-06,4.19877e-06,3.11444e-06,50,100,100,238164,6 2 10 11 5 4 1 3 8 7 0 9 
849,3.61627e-06,4.19877e-06,2.99813e-06,50,100,100,238164,6 2 10 11 5 4 1 3 8 7 0 9 
850,3.5823e-06,4.19877e-06,2.9433e-06,50,100,100,238164,6 2 10 11 5 4 1 3 8 7 0 9 
851,3.56982e-06,4.19877e-06,3.06462e-06,50,100,100,238164,6 2 10 11 5 4 1 3 8 7 0 9 
852,3.56633e-06,4.19877e-06,3.08679e-06,50,100,100,238164,6 2 10 11 5 4 1 3 8 7 0 9 
853,3.55631e-06,4.19877e-06,3.01057e-06,50,100,100,238164,6 2 10 11 5 4 1 3 8 7 0 9 
854,3.58661e-06,4.19877e-06,3.11215e-06,50,100,100,238164,6 2 10 11 5 4 1 3 8 7 0 9 
855,3.59436e-06,4.19877e-06,2.98946e-06,50,100,100,238164,6 2 10 11 5 4 1 3 8 7 0 9 
856,3.60928e-06,4.19877e-06,2.99831e-06,50,100,100,238164,6 2 10 11 5 4 1 3 8 7 0 9 
857,3.60777e-06,4.19877e-06,3.01567e-06,50,100,100,238164,6 2 10 11 5 4 1 3 8 7 0 9 
858,3.63759e-06,4.19877e-06,3.06075e-06,50,100,100,238164,6 2 10 11 5 4 1 3 8 7 0 9 
859,3.62837e-06,4.19877e-06,2.9804e-06,50,100,100,238164,6 2 10 11 5 4 1 3 8 7 0 9 
860,3.66385e-06,4.19877e-06,3.0765e-06,50,100,100,238164,6 2 10 11 5 4 1 3 8 7 0 9 
861,3.68555e-06,4.19877e-06,3.0398e-06,50,100,100,238164,6 2 10 11 5 4 1 3 8 7 0 9 
862,3.64667e-06,4.19877e-06,2.97803e-06,50,100,100,238164,6 2 10 11 5 4 1 3 8 7 0 9 
863,3.65577e-06,4.19877e-06,3.0067e-06,50,100,100,238164,6 2 10 11 5 4 1 3 8 7 0 9 
864,3.63556e-06,4.19877e-06,3.06522e-06,50,100,100,238164,6 2 10 11 5 4 1 3 8 7 0 9 
865,3.6364e-06,4.19877e-06,3.07508e-06,50,100,100,238164,6 2 10 11 5 4 1 3 8 7 0 9 
866,3.58166e-06,4.19877e-06,2.98078e-06,50,100,100,238164,6 2 10 11 5 4 1 3 8 7 0 9 
867,3.58189e-06,4.19877e-06,3.03816e-06,50,100,100,238164,6 2 10 11 5 4 1 3 8 7 0 9 
868,3.61411e-06,4.19877e-06,3.01164e-06,50,100,100,238164,6 2 10 11 5 4 1 3 8 7 0 9 
869,3.62238e-06,4.19877e-06,3.01942e-06,50,100,100,238164,6 2 10 11 5 4 1 3 8 7 0 9 
870,3.65117e-06,4.19877e-06,3.02626e-06,50,100,100,238164,6 2 10 11 5 4 1 3 8 7 0 9 
871,3.68093e-06,4.19877e-06,3.03324e-06,50,100,100,238164,6 2 10 11 5 4 1 3 8 7 0 9 
872,3.6844e-06,4.19877e-06,3.04859e-06,50,100,100,238164,6 2 10 11 5 4 1 3 8 7 0 9 
873,3.70287e-06,4.19877e-06,3.06682e-06,50,100,100,238164,6 2 10 11 5 4 1 3 8 7 0 9 
874,3.62483e-06,4.19877e-06,2.9433e-06,50,100,100,238164,6 2 10 11 5 4 1 3 8 7 0 9 
875,3.65009e-06,4.19877e-06,3.11258e-06,50,100,100,238164,6 2 10 11 5 4 1 3 8 7 0 9 
876,3.67563e-06,4.19877e-06,3.12863e-06,50,100,100,238164,6 2 10 11 5 4 1 3 8 7 0 9 
877,3.63766e-06,4.19877e-06,3.00366e-06,50,100,100,238164,6 2 10 11 5 4 1 3 8 7 0 9 
878,3.60101e-06,4.19877e-06,2.99524e-06,50,100,100,238164,6 2 10 11 5 4 1 3 8 7 0 9 
879,3.61368e-06,4.19877e-06,3.00977e-06,50,100,100,238164,6 2 10 11 5 4 1 3 8 7 0 9 
880,3.65667e-06,4.19877e-06,3.06729e-06,50,100,100,238164,6 2 10 11 5 4 1 3 8 7 0 9 
881,3.65268e-06,4.19877e-06,3.0952e-06,50,100,100,238164,6 2 10 11 5 4 1 3 8 7 0 9 
882,3.68215e-06,4.19877e-06,3.04511e-06,50,100,100,238164,6 2 10 11 5 4 1 3 8 7 0 9 
883,3.66666e-06,4.19877e-06,3.01981e-06,50,100,100,238164,6 2 10 11 5 4 1 3 8 7 0 9 
884,3.6467e-06,4.19877e-06,3.02688e-06,50,100,100,238164,6 2 10 11 5 4 1 3 8 7 0 9 
885,3.61019e-06,4.19877e-06,3.01053e-06,50,100,100,238164,6 2 10 11 5 4 1 3 8 7 0 9 
886,3.60602e-06,4.19877e-06,3.04554e-06,50,100,100,238164,6 2 10 11 5 4 1 3 8 7 0 9 
887,3.62457e-06,4.19877e-06,3.01378e-06,50,100,100,238164,6 2 10 11 5 4 1 3 8 7 0 9 
888,3.66034e-06,4.19877e-06,3.04019e-06,50,100,100,238164,6 2 10 11 5 4 1 3 8 7 0 9 
889,3.61916e-06,4.19877e-06,3.0072e-06,50,100,100,238164,6 2 10 11 5 4 1 3 8 7 0 9 
890,3.63873e-06,4.19877e-06,3.0371e-06,50,100,100,238164,6 2 10 11 5 4 1 3 8 7 0 9 
891,3.64541e-06,4.19877e-06,3.07707e-06,50,100,100,238164,6 2 10 11 5 4 1 3 8 7 0 9 
892,3.67446e-06,4.19877e-06,3.09602e-06,50,100,100,238164,6 2 10 11 5 4 1 3 8 7 0 9 
893,3.66586e-06,4.19877e-06,3.08055e-06,50,100,100,238164,6 2 10 11 5 4 1 3 8 7 0 9 
894,3.67874e-06,4.19877e-06,3.04019e-06,50,100,100,238164,6 2 10 11 5 4 1 3 8 7 0 9 
895,3.62483e-06,4.19877e-06,3.03744e-06,50,100,100,238164,6 2 10 11 5 4 1 3 8 7 0 9 
896,3.61746e-06,4.19877e-06,2.9433e-06,50,100,100,238164,6 2 10 11 5 4 1 3 8 7 0 9 
897,3.64404e-06,4.19877e-06,3.13323e-06,50,100,100,238164,6 2 10 11 5 4 1 3 8 7 0 9 
898,3.65092e-06,4.19877e-06,3.03631e-06,50,100,100,238164,6 2 10 11 5 4 1 3 8 7 0 9 
899,3.61535e-06,4.19877e-06,2.94526e-06,50,100,100,238164,6 2 10 11 5 4 1 3 8 7 0 9 
900,3.63897e-06,4.19877e-06,2.96746e-06,50,100,100,238164,6 2 10 11 5 4 1 3 8 7 0 9 
901,3.65432e-06,4.19877e-06,3.0625e-06,50,100,100,238164,6 2 10 11 5 4 1 3 8 7 0 9 
902,3.62295e-06,4.19877e-06,3.01942e-06,50,100,100,238164,6 2 10 11 5 4 1 3 8 7 0 9 
903,3.67247e-06,4.19877e-06,3.05537e-06,50,100,100,238164,6 2 10 11 5 4 1 3 8 7 0 9 
904,3.61046e-06,4.19877e-06,3.01981e-06,50,100,100,238164,6 2 10 11 5 4 1 3 8 7 0 9 
905,3.6398e-06,4.19877e-06,3.14281e-06,50,100,100,238164,6 2 10 11 5 4 1 3 8 7 0 9 
906,3.63166e-06,4.19877e-06,3.00469e-06,50,100,100,238164,6 2 10 11 5 4 1 3 8 7 0 9 
907,3.62022e-06,4.19877e-06,3.01933e-06,50,100,100,238164,6 2 10 11 5 4 1 3 8 7 0 9 
908,3.60365e-06,4.19877e-06,3.00642e-06,50,100,100,238164,6 2 10 11 5 4 1 3 8 7 0 9 
909,3.58684e-06,4.19877e-06,3.02842e-06,50,100,100,238164,6 2 10 11 5 4 1 3 8 7 0 9 
910,3.59181e-06,4.19877e-06,3.02925e-06,50,100,100,238164,6 2 10 11 5 4 1 3 8 7 0 9 
911,3.6291e-06,4.19877e-06,3.06407e-06,50,100,100,238164,6 2 10 11 5 4 1 3 8 7 0 9 
912,3.63107e-06,4.19877e-06,3.08477e-06,50,100,100,238164,6 2 10 11 5 4 1 3 8 7 0 9 
913,3.64997e-06,4.19877e-06,2.9899e-06,50,100,100,238164,6 2 10 11 5 4 1 3 8 7 0 9 
914,3.63426e-06,4.19877e-06,3.00085e-06,50,100,100,238164,6 2 10 11 5 4 1 3 8 7 0 9 
915,3.66109e-06,4.19877e-06,3.08348e-06,50,100,100,238164,6 2 10 11 5 4 1 3 8 7 0 9 
916,3.68117e-06,4.19877e-06,3.12438e-06,50,100,100,320806,7 6 2 10 11 5 4 1 3 8 0 9 
917,3.6388e-06,4.19877e-06,3.03978e-06,50,100,100,320092,6 2 10 11 5 1 3 8 7 0 9 4 
918,3.63786e-06,4.15298e-06,3.05939e-06,50,100,100,240790,6 2 10 11 8 4 1 3 5 7 0 9 
919,3.65978e-06,4.19877e-06,3.04909e-06,50,100,100,238164,6 2 10 11 5 4 1 3 8 7 0 9 
920,3.65038e-06,4.19877e-06,3.00186e-06,50,100,100,238164,6 2 10 11 5 4 1 3 8 7 0 9 
921,3.65478e-06,4.19877e-06,3.09882e-06,50,100,100,238164,6 2 10 11 5 4 1 3 8 7 0 9 
922,3.64155e-06,4.19877e-06,3.10394e-06,50,100,100,238164,6 2 10 11 5 4 1 3 8 7 0 9 
923,3.58114e-06,4.19877e-06,3.06757e-06,50,100,100,238164,6 2 10 11 5 4 1 3 8 7 0 9 
924,3.56698e-06,4.19877e-06,2.977e-06,50,100,100,238164,6 2 10 11 5 4 1 3 8 7 0 9 
925,3.55219e-06,4.19877e-06,3.02001e-06,50,100,100,238164,6 2 10 11 5 4 1 3 8 7 0 9 
926,3.60521e-06,4.19877e-06,3.12685e-06,50,100,100,238164,6 2 10 11 5 4 1 3 8 7 0 9 
927,3.65506e-06,4.19877e-06,3.14641e-06,50,100,100,238164,6 2 10 11 5 4 1 3 8 7 0 9 
928,3.65133e-06,4.19877e-06,3.11409e-06,50,100,100,238164,6 2 10 11 5 4 1 3 8 7 0 9 
929,3.66677e-06,4.19877e-06,3.07619e-06,50,100,100,238164,6 2 10 11 5 4 1 3 8 7 0 9 
930,3.62218e-06,4.19877e-06,3.04261e-06,50,100,100,238164,6 2 10 11 5 4 1 3 8 7 0 9 
931,3.61372e-06,4.19877e-06,2.97944e-06,50,100,100,238164,6 2 10 11 5 4 1 3 8 7 0 9 
932,3.63795e-06,4.19877e-06,3.0867e-06,50,100,100,238164,6 2 10 11 5 4 1 3 8 7 0 9 
933,3.67367e-06,4.19877e-06,3.03965e-06,50,100,100,238164,6 2 10 11 5 4 1 3 8 7 0 9 
934,3.6928e-06,4.19877e-06,3.07739e-06,50,100,100,238164,6 2 10 11 5 4 1 3 8 7 0 9 
935,3.70263e-06,4.19877e-06,3.06708e-06,50,100,100,238164,6 2 10 11 5 4 1 3 8 7 0 9 
936,3.58581e-06,4.19877e-06,2.94158e-06,50,100,100,238164,6 2 10 11 5 4 1 3 8 7 0 9 
937,3.59318e-06,4.19877e-06,3.06546e-06,50,100,100,238164,6 2 10 11 5 4 1 3 8 7 0 9 
938,3.5983e-06,4.19877e-06,3.00559e-06,50,100,100,238164,6 2 10 11 5 4 1 3 8 7 0 9 
939,3.60932e-06,4.19877e-06,2.97344e-06,50,100,100,238164,6 2 10 11 5 4 1 3 8 7 0 9 
940,3.59303e-06,4.19877e-06,2.99738e-06,50,100,100,238164,6 2 10 11 5 4 1 3 8 7 0 9 
941,3.57996e-06,4.19877e-06,3.02404e-06,50,100,100,238164,6 2 10 11 5 4 1 3 8 7 0 9 
942,3.60874e-06,4.19877e-06,3.07495e-06,50,100,100,238164,6 2 10 11 5 4 1 3 8 7 0 9 
943,3.6043e-06,4.19877e-06,3.02425e-06,50,100,100,238164,6 2 10 11 5 4 1 3 8 7 0 9 
944,3.61948e-06,4.19877e-06,3.05611e-06,50,100,100,238164,6 2 10 11 5 4 1 3 8 7 0 9 
945,3.56264e-06,4.19877e-06,3.02912e-06,50,100,100,238164,6 2 10 11 5 4 1 3 8 7 0 9 
946,3.58144e-06,4.19877e-06,3.02527e-06,50,100,100,238164,6 2 10 11 5 4 1 3 8 7 0 9 
947,3.57508e-06,4.19877e-06,3.0035e-06,50,100,100,238164,6 2 10 11 5 4 1 3 8 7 0 9 
948,3.57088e-06,4.19877e-06,3.03854e-06,50,100,100,238164,6 2 10 11 5 4 1 3 8 7 0 9 
949,3.58108e-06,4.19877e-06,3.13992e-06,50,100,100,238164,6 2 10 11 5 4 1 3 8 7 0 9 
950,3.55335e-06,4.19877e-06,3.1446e-06,50,100,100,238164,6 2 10 11 5 4 1 3 8 7 0 9 
951,3.52043e-06,4.19877e-06,3.00011e-06,50,100,100,238164,6 2 10 11 5 4 1 3 8 7 0 9 
952,3.59439e-06,4.19877e-06,3.03607e-06,50,100,100,238164,6 2 10 11 5 4 1 3 8 7 0 9 
953,3.63874e-06,4.19877e-06,3.09631e-06,50,100,100,238164,6 2 10 11 5 4 1 3 8 7 0 9 
954,3.63584e-06,4.19877e-06,3.15019e-06,50,100,100,238164,6 2 10 11 5 4 1 3 8 7 0 9 
955,3.62682e-06,4.19877e-06,3.00568e-06,50,100,100,238164,6 2 10 11 5 4 1 3 8 7 0 9 
956,3.65294e-06,4.19877e-06,2.98922e-06,50,100,100,238164,6 2 10 11 5 4 1 3 8 7 0 9 
957,3.6201e-06,4.19877e-06,3.01186e-06,50,100,100,238164,6 2 10 11 5 4 1 3 8 7 0 9 
958,3.68318e-06,4.19877e-06,3.02001e-06,50,100,100,238164,6 2 10 11 5 4 1 3 8 7 0 9 
959,3.63842e-06,4.19877e-06,3.10732e-06,50,100,100,238164,6 2 10 11 5 4 1 3 8 7 0 9 
960,3.71877e-06,4.19877e-06,3.17147e-06,50,100,100,238164,6 2 10 11 5 4 1 3 8 7 0 9 
961,3.63498e-06,4.19877e-06,2.99925e-06,50,100,100,238164,6 2 10 11 5 4 1 3 8 7 0 9 
962,3.64496e-06,4.19877e-06,2.99966e-06,50,100,100,238164,6 2 10 11 5 4 1 3 8 7 0 9 
963,3.61936e-06,4.19877e-06,2.98241e-06,50,100,100,238164,6 2 10 11 5 4 1 3 8 7 0 9 
964,3.62497e-06,4.19877e-06,3.07081e-06,50,100,100,238164,6 2 10 11 5 4 1 3 8 7 0 9 
965,3.58347e-06,4.19877e-06,3.00433e-06,50,100,100,238164,6 2 10 11 5 4 1 3 8 7 0 9 
966,3.57136e-06,4.19877e-06,3.0962e-06,50,100,100,238164,6 2 10 11 5 4 1 3 8 7 0 9 
967,3.52913e-06,4.19877e-06,3.00323e-06,50,100,100,238164,6 2 10 11 5 4 1 3 8 7 0 9 
968,3.57266e-06,4.19877e-06,2.97448e-06,50,100,100,238164,6 2 10 11 5 4 1 3 8 7 0 9 
969,3.56857e-06,4.19877e-06,3.01941e-06,50,100,100,238164,6 2 10 11 5 4 1 3 8 7 0 9 
970,3.63316e-06,4.19877e-06,3.01975e-06,50,100,100,238164,6 2 10 11 5 4 1 3 8 7 0 9 
971,3.62941e-06,4.19877e-06,3.02211e-06,50,100,100,238164,6 2 10 11 5 4 1 3 8 7 0 9 
972,3.62191e-06,4.19877e-06,3.09907e-06,50,100,100,238164,6 2 10 11 5 4 1 3 8 7 0 9 
973,3.62158e-06,4.19877e-06,2.93788e-06,50,100,100,238164,6 2 10 11 5 4 1 3 8 7 0 9 
974,3.60801e-06,4.19877e-06,2.93218e-06,50,100,100,238164,6 2 10 11 5 4 1 3 8 7 0 9 
975,3.62585e-06,4.19877e-06,3.05205e-06,50,100,100,238164,6 2 10 11 5 4 1 3 8 7 0 9 
976,3.63428e-06,4.19877e-06,3.04102e-06,50,100,100,238164,6 2 10 11 5 4 1 3 8 7 0 9 
977,3.60571e-06,4.19877e-06,3.03672e-06,50,100,100,238164,6 2 10 11 5 4 1 3 8 7 0 9 
978,3.62427e-06,4.19877e-06,3.09461e-06,50,100,100,238164,6 2 10 11 5 4 1 3 8 7 0 9 
979,3.63282e-06,4.19877e-06,3.08107e-06,50,100,100,238164,6 2 10 11 5 4 1 3 8 7 0 9 
980,3.59467e-06,4.19877e-06,3.0508e-06,50,100,100,238164,6 2 10 11 5 4 1 3 8 7 0 9 
981,3.59818e-06,4.19877e-06,2.95917e-06,50,100,100,238164,6 2 10 11 5 4 1 3 8 7 0 9 
982,3.61641e-06,4.19877e-06,2.94529e-06,50,100,100,238164,6 2 10 11 5 4 1 3 8 7 0 9 
983,3.59512e-06,4.19877e-06,2.92067e-06,50,100,100,238164,6 2 10 11 5 4 1 3 8 7 0 9 
984,3.62517e-06,4.19877e-06,3.08641e-06,50,100,100,238164,6 2 10 11 5 4 1 3 8 7 0 9 
985,3.6287e-06,4.19877e-06,3.05018e-06,50,100,100,238164,6 2 10 11 5 4 1 3 8 7 0 9 
986,3.60288e-06,4.19877e-06,3.06522e-06,50,100,100,238164,6 2 10 11 5 4 1 3 8 7 0 9 
987,3.66621e-06,4.19877e-06,3.06522e-06,50,100,100,238164,6 2 10 11 5 4 1 3 8 7 0 9 
988,3.70716e-06,4.19877e-06,3.01336e-06,50,100,100,238164,6 2 10 11 5 4 1 3 8 7 0 9 
989,3.68169e-06,4.19877e-06,3.05703e-06,50,100,100,238164,6 2 10 11 5 4 1 3 8 7 0 9 
990,3.70105e-06,4.19877e-06,3.12047e-06,50,100,100,238164,6 2 10 11 5 4 1 3 8 7 0 9 
991,3.63941e-06,4.19877e-06,3.00505e-06,50,100,100,238164,6 2 10 11 5 4 1 3 8 7 0 9 
992,3.66129e-06,4.19877e-06,3.08274e-06,50,100,100,238164,6 2 10 11 5 4 1 3 8 7 0 9 
993,3.64255e-06,4.19877e-06,3.06233e-06,50,100,100,238164,6 2 10 11 5 4 1 3 8 7 0 9 
994,3.67533e-06,4.19877e-06,2.99158e-06,50,100,100,238164,6 2 10 11 5 4 1 3 8 7 0 9 
995,3.65073e-06,4.19877e-06,3.04019e-06,50,100,100,238164,6 2 10 11 5 4 1 3 8 7 0 9 
996,3.65675e-06,4.19877e-06,2.97629e-06,50,100,100,238164,6 2 10 11 5 4 1 3 8 7 0 9 
997,3.61207e-06,4.19877e-06,3.11372e-06,50,100,100,238164,6 2 10 11 5 4 1 3 8 7 0 9 
998,3.60319e-06,4.19877e-06,2.98933e-06,50,100,100,238164,6 2 10 11 5 4 1 3 8 7 0 9 
999,3.57657e-06,4.19877e-06,2.98343e-06,50,100,100,238164,6 2 10 11 5 4 1 3 8 7 0 9 
