Generación,Media,Mejor,Peor,Cruzas,Mutaciones,Inversiones,Costo,Permutación
1,3.25257e-06,3.87668e-06,2.88875e-06,50,100,100,257952,2 3 9 4 10 8 6 5 7 0 11 1 
2,3.27989e-06,3.87668e-06,2.90932e-06,50,100,100,257952,2 3 9 4 10 8 6 5 7 0 11 1 
3,3.2958e-06,3.87668e-06,3.01409e-06,50,100,100,257952,2 3 9 4 10 8 6 5 7 0 11 1 
4,3.31372e-06,3.87668e-06,2.9977e-06,50,100,100,257952,2 3 9 4 10 8 6 5 7 0 11 1 
5,3.28872e-06,3.87668e-06,2.94809e-06,50,100,100,257952,2 3 9 4 10 8 6 5 7 0 11 1 
6,3.27408e-06,4.04313e-06,2.86399e-06,50,100,100,247332,10 2 9 0 3 8 6 4 5 7 11 1 
7,3.314e-06,4.04313e-06,2.99053e-06,50,100,100,247332,10 2 9 0 3 8 6 4 5 7 11 1 
8,3.32026e-06,4.04313e-06,2.91103e-06,50,100,100,247332,10 2 9 0 3 8 6 4 5 7 11 1 
9,3.29455e-06,4.04313e-06,2.99777e-06,50,100,100,247332,10 2 9 0 3 8 6 4 5 7 11 1 
10,3.29659e-06,4.04313e-06,3.00469e-06,50,100,100,247332,10 2 9 0 3 8 6 4 5 7 11 1 
11,3.31122e-06,4.04313e-06,2.96707e-06,50,100,100,247332,10 2 9 0 3 8 6 4 5 7 11 1 
12,3.31843e-06,4.04313e-06,2.9916e-06,50,100,100,247332,10 2 9 0 3 8 6 4 5 7 11 1 
13,3.31498e-06,4.04313e-06,2.98556e-06,50,100,100,247332,10 2 9 0 3 8 6 4 5 7 11 1 
14,3.33758e-06,4.04313e-06,2.98476e-06,50,100,100,247332,10 2 9 0 3 8 6 4 5 7 11 1 
15,3.356e-06,4.04313e-06,2.96682e-06,50,100,100,247332,10 2 9 0 3 8 6 4 5 7 11 1 
16,3.34636e-06,4.04313e-06,3.01585e-06,50,100,100,247332,10 2 9 0 3 8 6 4 5 7 11 1 
17,3.34073e-06,4.04313e-06,2.95896e-06,50,100,100,247332,10 2 9 0 3 8 6 4 5 7 11 1 
18,3.33096e-06,4.04313e-06,3.02282e-06,50,100,100,247332,10 2 9 0 3 8 6 4 5 7 11 1 
19,3.29319e-06,4.04313e-06,2.95082e-06,50,100,100,247332,10 2 9 0 3 8 6 4 5 7 11 1 
20,3.31999e-06,4.04313e-06,2.89197e-06,50,100,100,247332,10 2 9 0 3 8 6 4 5 7 11 1 
21,3.31013e-06,4.04313e-06,2.94186e-06,50,100,100,247332,10 2 9 0 3 8 6 4 5 7 11 1 
22,3.35701e-06,4.04313e-06,2.98362e-06,50,100,100,247332,10 2 9 0 3 8 6 4 5 7 11 1 
23,3.34902e-06,4.04313e-06,3.00968e-06,50,100,100,247332,10 2 9 0 3 8 6 4 5 7 11 1 
24,3.34691e-06,4.04313e-06,2.98389e-06,50,100,100,247332,10 2 9 0 3 8 6 4 5 7 11 1 
25,3.35596e-06,4.04313e-06,3.06828e-06,50,100,100,247332,10 2 9 0 3 8 6 4 5 7 11 1 
26,3.33511e-06,4.04313e-06,2.96895e-06,50,100,100,247332,10 2 9 0 3 8 6 4 5 7 11 1 
27,3.34215e-06,4.04313e-06,2.99979e-06,50,100,100,247332,10 2 9 0 3 8 6 4 5 7 11 1 
28,3.38198e-06,4.04313e-06,3.01535e-06,50,100,100,247332,10 2 9 0 3 8 6 4 5 7 11 1 
29,3.38199e-06,4.04313e-06,2.93161e-06,50,100,100,247332,10 2 9 0 3 8 6 4 5 7 11 1 
30,3.39014e-06,4.04313e-06,3.02063e-06,50,100,100,247332,10 2 9 0 3 8 6 4 5 7 11 1 
31,3.37639e-06,4.04313e-06,2.95474e-06,50,100,100,247332,10 2 9 0 3 8 6 4 5 7 11 1 
32,3.35982e-06,4.04313e-06,3.05666e-06,50,100,100,247332,10 2 9 0 3 8 6 4 5 7 11 1 
33,3.35996e-06,4.04313e-06,2.97266e-06,50,100,100,247332,10 2 9 0 3 8 6 4 5 7 11 1 
34,3.37061e-06,4.04313e-06,2.97551e-06,50,100,100,247332,10 2 9 0 3 8 6 4 5 7 11 1 
35,3.39196e-06,4.04313e-06,3.04883e-06,50,100,100,247332,10 2 9 0 3 8 6 4 5 7 11 1 
36,3.39156e-06,4.04313e-06,3.04019e-06,50,100,100,247332,10 2 9 0 3 8 6 4 5 7 11 1 
37,3.37119e-06,4.04313e-06,3.06543e-06,50,100,100,247332,10 2 9 0 3 8 6 4 5 7 11 1 
38,3.36175e-06,4.04313e-06,3.00653e-06,50,100,100,247332,10 2 9 0 3 8 6 4 5 7 11 1 
39,3.36401e-06,4.04313e-06,3.02914e-06,50,100,100,247332,10 2 9 0 3 8 6 4 5 7 11 1 
40,3.32305e-06,4.04313e-06,2.94202e-06,50,100,100,247332,10 2 9 0 3 8 6 4 5 7 11 1 
41,3.34247e-06,4.13242e-06,2.9539e-06,50,100,100,241988,6 2 4 0 3 8 10 9 5 7 11 1 
42,3.32811e-06,4.13242e-06,2.97551e-06,50,100,100,241988,6 2 4 0 3 8 10 9 5 7 11 1 
43,3.34478e-06,4.13242e-06,2.98012e-06,50,100,100,241988,6 2 4 0 3 8 10 9 5 7 11 1 
44,3.36761e-06,4.13242e-06,3.01948e-06,50,100,100,241988,6 2 4 0 3 8 10 9 5 7 11 1 
45,3.36958e-06,4.13242e-06,2.88265e-06,50,100,100,241988,6 2 4 0 3 8 10 9 5 7 11 1 
46,3.3538e-06,4.13242e-06,2.93282e-06,50,100,100,241988,6 2 4 0 3 8 10 9 5 7 11 1 
47,3.35552e-06,4.13242e-06,2.9403e-06,50,100,100,241988,6 2 4 0 3 8 10 9 5 7 11 1 
48,3.36053e-06,4.13242e-06,2.99449e-06,50,100,100,241988,6 2 4 0 3 8 10 9 5 7 11 1 
49,3.35524e-06,4.13242e-06,2.95317e-06,50,100,100,241988,6 2 4 0 3 8 10 9 5 7 11 1 
50,3.33546e-06,4.13242e-06,2.99459e-06,50,100,100,241988,6 2 4 0 3 8 10 9 5 7 11 1 
51,3.33099e-06,4.13242e-06,2.96194e-06,50,100,100,241988,6 2 4 0 3 8 10 9 5 7 11 1 
52,3.36438e-06,4.13242e-06,3.06876e-06,50,100,100,241988,6 2 4 0 3 8 10 9 5 7 11 1 
53,3.33317e-06,4.13242e-06,2.98521e-06,50,100,100,241988,6 2 4 0 3 8 10 9 5 7 11 1 
54,3.36694e-06,4.13242e-06,3.03747e-06,50,100,100,241988,6 2 4 0 3 8 10 9 5 7 11 1 
55,3.34296e-06,4.13242e-06,2.92096e-06,50,100,100,241988,6 2 4 0 3 8 10 9 5 7 11 1 
56,3.373e-06,4.13242e-06,3.03557e-06,50,100,100,241988,6 2 4 0 3 8 10 9 5 7 11 1 
57,3.3591e-06,4.13242e-06,2.98476e-06,50,100,100,241988,6 2 4 0 3 8 10 9 5 7 11 1 
58,3.36562e-06,4.13242e-06,3.0008e-06,50,100,100,241988,6 2 4 0 3 8 10 9 5 7 11 1 
59,3.35644e-06,4.13242e-06,2.94087e-06,50,100,100,241988,6 2 4 0 3 8 10 9 5 7 11 1 
60,3.35857e-06,4.13242e-06,3.01182e-06,50,100,100,241988,6 2 4 0 3 8 10 9 5 7 11 1 
61,3.35354e-06,4.13242e-06,2.93358e-06,50,100,100,241988,6 2 4 0 3 8 10 9 5 7 11 1 
62,3.34345e-06,4.13242e-06,2.93399e-06,50,100,100,241988,6 2 4 0 3 8 10 9 5 7 11 1 
63,3.37588e-06,4.13242e-06,2.97494e-06,50,100,100,241988,6 2 4 0 3 8 10 9 5 7 11 1 
64,3.36575e-06,4.13242e-06,3.0138e-06,50,100,100,241988,6 2 4 0 3 8 10 9 5 7 11 1 
65,3.35334e-06,4.13242e-06,2.96957e-06,50,100,100,241988,6 2 4 0 3 8 10 9 5 7 11 1 
66,3.38216e-06,4.13242e-06,3.01525e-06,50,100,100,241988,6 2 4 0 3 8 10 9 5 7 11 1 
67,3.3488e-06,4.13242e-06,2.9713e-06,50,100,100,241988,6 2 4 0 3 8 10 9 5 7 11 1 
68,3.365e-06,4.13242e-06,2.97035e-06,50,100,100,241988,6 2 4 0 3 8 10 9 5 7 11 1 
69,3.39377e-06,4.13242e-06,3.04309e-06,50,100,100,241988,6 2 4 0 3 8 10 9 5 7 11 1 
70,3.37299e-06,4.13242e-06,2.92612e-06,50,100,100,241988,6 2 4 0 3 8 10 9 5 7 11 1 
71,3.3485e-06,4.13242e-06,2.9091e-06,50,100,100,241988,6 2 4 0 3 8 10 9 5 7 11 1 
72,3.3555e-06,4.13242e-06,2.92813e-06,50,100,100,241988,6 2 4 0 3 8 10 9 5 7 11 1 
73,3.38365e-06,4.13242e-06,3.04433e-06,50,100,100,241988,6 2 4 0 3 8 10 9 5 7 11 1 
74,3.41082e-06,4.13242e-06,3.02778e-06,50,100,100,241988,6 2 4 0 3 8 10 9 5 7 11 1 
75,3.39656e-06,4.13242e-06,3.07746e-06,50,100,100,241988,6 2 4 0 3 8 10 9 5 7 11 1 
76,3.38253e-06,4.13242e-06,3.01073e-06,50,100,100,241988,6 2 4 0 3 8 10 9 5 7 11 1 
77,3.41166e-06,4.13242e-06,3.02816e-06,50,100,100,241988,6 2 4 0 3 8 10 9 5 7 11 1 
78,3.42383e-06,4.13242e-06,3.0398e-06,50,100,100,241988,6 2 4 0 3 8 10 9 5 7 11 1 
79,3.41489e-06,4.13242e-06,2.9425e-06,50,100,100,241988,6 2 4 0 3 8 10 9 5 7 11 1 
80,3.41021e-06,4.13242e-06,3.07623e-06,50,100,100,241988,6 2 4 0 3 8 10 9 5 7 11 1 
81,3.40199e-06,4.13242e-06,3.02178e-06,50,100,100,241988,6 2 4 0 3 8 10 9 5 7 11 1 
82,3.40997e-06,4.13242e-06,2.96925e-06,50,100,100,241988,6 2 4 0 3 8 10 9 5 7 11 1 
83,3.39712e-06,4.13242e-06,3.01879e-06,50,100,100,241988,6 2 4 0 3 8 10 9 5 7 11 1 
84,3.3831e-06,4.13242e-06,3.05845e-06,50,100,100,241988,6 2 4 0 3 8 10 9 5 7 11 1 
85,3.38122e-06,4.13242e-06,3.04691e-06,50,100,100,241988,6 2 4 0 3 8 10 9 5 7 11 1 
86,3.38063e-06,4.13242e-06,3.04502e-06,50,100,100,241988,6 2 4 0 3 8 10 9 5 7 11 1 
87,3.34956e-06,4.13242e-06,2.9526e-06,50,100,100,241988,6 2 4 0 3 8 10 9 5 7 11 1 
88,3.34692e-06,4.13242e-06,2.99621e-06,50,100,100,241988,6 2 4 0 3 8 10 9 5 7 11 1 
89,3.35703e-06,4.13242e-06,2.98309e-06,50,100,100,241988,6 2 4 0 3 8 10 9 5 7 11 1 
90,3.3648e-06,4.13242e-06,3.04015e-06,50,100,100,241988,6 2 4 0 3 8 10 9 5 7 11 1 
91,3.3829e-06,4.13242e-06,3.00671e-06,50,100,100,241988,6 2 4 0 3 8 10 9 5 7 11 1 
92,3.36022e-06,4.13242e-06,2.95992e-06,50,100,100,241988,6 2 4 0 3 8 10 9 5 7 11 1 
93,3.38393e-06,4.13242e-06,2.9581e-06,50,100,100,241988,6 2 4 0 3 8 10 9 5 7 11 1 
94,3.38837e-06,4.13242e-06,2.95689e-06,50,100,100,241988,6 2 4 0 3 8 10 9 5 7 11 1 
95,3.37549e-06,4.13242e-06,3.00688e-06,50,100,100,241988,6 2 4 0 3 8 10 9 5 7 11 1 
96,3.37948e-06,4.13242e-06,2.98705e-06,50,100,100,241988,6 2 4 0 3 8 10 9 5 7 11 1 
97,3.41386e-06,4.13242e-06,3.00972e-06,50,100,100,241988,6 2 4 0 3 8 10 9 5 7 11 1 
98,3.40604e-06,4.13242e-06,2.94134e-06,50,100,100,241988,6 2 4 0 3 8 10 9 5 7 11 1 
99,3.39567e-06,4.13242e-06,3.05037e-06,50,100,100,241988,6 2 4 0 3 8 10 9 5 7 11 1 
100,3.35945e-06,4.13242e-06,2.99939e-06,50,100,100,241988,6 2 4 0 3 8 10 9 5 7 11 1 
101,3.39868e-06,4.13242e-06,3.02251e-06,50,100,100,241988,6 2 4 0 3 8 10 9 5 7 11 1 
102,3.3625e-06,4.13242e-06,2.99055e-06,50,100,100,241988,6 2 4 0 3 8 10 9 5 7 11 1 
103,3.38083e-06,4.13242e-06,3.01651e-06,50,100,100,241988,6 2 4 0 3 8 10 9 5 7 11 1 
104,3.36031e-06,4.13242e-06,3.04454e-06,50,100,100,241988,6 2 4 0 3 8 10 9 5 7 11 1 
105,3.35501e-06,4.13242e-06,3.04524e-06,50,100,100,241988,6 2 4 0 3 8 10 9 5 7 11 1 
106,3.34697e-06,4.13242e-06,2.98765e-06,50,100,100,241988,6 2 4 0 3 8 10 9 5 7 11 1 
107,3.36085e-06,4.13242e-06,3.05069e-06,50,100,100,241988,6 2 4 0 3 8 10 9 5 7 11 1 
108,3.35802e-06,4.13242e-06,2.95971e-06,50,100,100,241988,6 2 4 0 3 8 10 9 5 7 11 1 
109,3.35466e-06,4.13242e-06,2.97188e-06,50,100,100,241988,6 2 4 0 3 8 10 9 5 7 11 1 
110,3.34066e-06,4.13242e-06,2.95294e-06,50,100,100,241988,6 2 4 0 3 8 10 9 5 7 11 1 
111,3.34946e-06,4.13242e-06,2.97799e-06,50,100,100,241988,6 2 4 0 3 8 10 9 5 7 11 1 
112,3.35023e-06,4.13242e-06,3.0076e-06,50,100,100,241988,6 2 4 0 3 8 10 9 5 7 11 1 
113,3.37916e-06,4.13242e-06,3.05587e-06,50,100,100,241988,6 2 4 0 3 8 10 9 5 7 11 1 
114,3.39033e-06,4.13242e-06,3.0597e-06,50,100,100,241988,6 2 4 0 3 8 10 9 5 7 11 1 
115,3.40315e-06,4.13242e-06,2.95e-06,50,100,100,241988,6 2 4 0 3 8 10 9 5 7 11 1 
116,3.39166e-06,4.13242e-06,2.94157e-06,50,100,100,241988,6 2 4 0 3 8 10 9 5 7 11 1 
117,3.4207e-06,4.13242e-06,3.05652e-06,50,100,100,241988,6 2 4 0 3 8 10 9 5 7 11 1 
118,3.44285e-06,4.13242e-06,3.02518e-06,50,100,100,241988,6 2 4 0 3 8 10 9 5 7 11 1 
119,3.40767e-06,4.13242e-06,3.00494e-06,50,100,100,241988,6 2 4 0 3 8 10 9 5 7 11 1 
120,3.39333e-06,4.13242e-06,3.04847e-06,50,100,100,241988,6 2 4 0 3 8 10 9 5 7 11 1 
121,3.38193e-06,4.13242e-06,3.0273e-06,50,100,100,241988,6 2 4 0 3 8 10 9 5 7 11 1 
122,3.4058e-06,4.13242e-06,3.04048e-06,50,100,100,241988,6 2 4 0 3 8 10 9 5 7 11 1 
123,3.38953e-06,4.13242e-06,3.0004e-06,50,100,100,241988,6 2 4 0 3 8 10 9 5 7 11 1 
124,3.37809e-06,4.13242e-06,3.03064e-06,50,100,100,241988,6 2 4 0 3 8 10 9 5 7 11 1 
125,3.38167e-06,4.13242e-06,3.10772e-06,50,100,100,241988,6 2 4 0 3 8 10 9 5 7 11 1 
126,3.37103e-06,4.13242e-06,3.04474e-06,50,100,100,241988,6 2 4 0 3 8 10 9 5 7 11 1 
127,3.3738e-06,4.13242e-06,3.0009e-06,50,100,100,241988,6 2 4 0 3 8 10 9 5 7 11 1 
128,3.3953e-06,4.13242e-06,3.04728e-06,50,100,100,241988,6 2 4 0 3 8 10 9 5 7 11 1 
129,3.38611e-06,4.13242e-06,3.01182e-06,50,100,100,241988,6 2 4 0 3 8 10 9 5 7 11 1 
130,3.35779e-06,4.13242e-06,2.98933e-06,50,100,100,241988,6 2 4 0 3 8 10 9 5 7 11 1 
131,3.38033e-06,4.13242e-06,2.99991e-06,50,100,100,241988,6 2 4 0 3 8 10 9 5 7 11 1 
132,3.37347e-06,4.13242e-06,2.95987e-06,50,100,100,241988,6 2 4 0 3 8 10 9 5 7 11 1 
133,3.32481e-06,4.13242e-06,2.91616e-06,50,100,100,241988,6 2 4 0 3 8 10 9 5 7 11 1 
134,3.30516e-06,4.13242e-06,2.99289e-06,50,100,100,241988,6 2 4 0 3 8 10 9 5 7 11 1 
135,3.31825e-06,4.13242e-06,3.01213e-06,50,100,100,241988,6 2 4 0 3 8 10 9 5 7 11 1 
136,3.36554e-06,4.13242e-06,2.99757e-06,50,100,100,241988,6 2 4 0 3 8 10 9 5 7 11 1 
137,3.31935e-06,4.13242e-06,2.9886e-06,50,100,100,241988,6 2 4 0 3 8 10 9 5 7 11 1 
138,3.32724e-06,4.13242e-06,3.00381e-06,50,100,100,241988,6 2 4 0 3 8 10 9 5 7 11 1 
139,3.31262e-06,4.13242e-06,2.9731e-06,50,100,100,241988,6 2 4 0 3 8 10 9 5 7 11 1 
140,3.33577e-06,4.13242e-06,2.97153e-06,50,100,100,241988,6 2 4 0 3 8 10 9 5 7 11 1 
141,3.3335e-06,4.13242e-06,2.99918e-06,50,100,100,241988,6 2 4 0 3 8 10 9 5 7 11 1 
142,3.35916e-06,4.13242e-06,2.99704e-06,50,100,100,241988,6 2 4 0 3 8 10 9 5 7 11 1 
143,3.36201e-06,4.13242e-06,2.96024e-06,50,100,100,241988,6 2 4 0 3 8 10 9 5 7 11 1 
144,3.34993e-06,4.13242e-06,3.03382e-06,50,100,100,241988,6 2 4 0 3 8 10 9 5 7 11 1 
145,3.31923e-06,4.13242e-06,3.01731e-06,50,100,100,241988,6 2 4 0 3 8 10 9 5 7 11 1 
146,3.2914e-06,4.13242e-06,2.96872e-06,50,100,100,241988,6 2 4 0 3 8 10 9 5 7 11 1 
147,3.3675e-06,4.13242e-06,2.9776e-06,50,100,100,241988,6 2 4 0 3 8 10 9 5 7 11 1 
148,3.31261e-06,4.13242e-06,2.95005e-06,50,100,100,241988,6 2 4 0 3 8 10 9 5 7 11 1 
149,3.33114e-06,4.13242e-06,2.97344e-06,50,100,100,241988,6 2 4 0 3 8 10 9 5 7 11 1 
150,3.33174e-06,4.13242e-06,2.96788e-06,50,100,100,241988,6 2 4 0 3 8 10 9 5 7 11 1 
151,3.36281e-06,4.13242e-06,2.87779e-06,50,100,100,241988,6 2 4 0 3 8 10 9 5 7 11 1 
152,3.32284e-06,4.13242e-06,2.96341e-06,50,100,100,241988,6 2 4 0 3 8 10 9 5 7 11 1 
153,3.3484e-06,4.13242e-06,2.97561e-06,50,100,100,241988,6 2 4 0 3 8 10 9 5 7 11 1 
154,3.35132e-06,4.13242e-06,3.02339e-06,50,100,100,241988,6 2 4 0 3 8 10 9 5 7 11 1 
155,3.37448e-06,4.13242e-06,3.01041e-06,50,100,100,241988,6 2 4 0 3 8 10 9 5 7 11 1 
156,3.33586e-06,4.13242e-06,3.06449e-06,50,100,100,241988,6 2 4 0 3 8 10 9 5 7 11 1 
157,3.34252e-06,4.13242e-06,2.98498e-06,50,100,100,241988,6 2 4 0 3 8 10 9 5 7 11 1 
158,3.34058e-06,4.13242e-06,3.03843e-06,50,100,100,241988,6 2 4 0 3 8 10 9 5 7 11 1 
159,3.35575e-06,4.13242e-06,3.02448e-06,50,100,100,241988,6 2 4 0 3 8 10 9 5 7 11 1 
160,3.3772e-06,4.13242e-06,3.01413e-06,50,100,100,241988,6 2 4 0 3 8 10 9 5 7 11 1 
161,3.3598e-06,4.13242e-06,3.00249e-06,50,100,100,241988,6 2 4 0 3 8 10 9 5 7 11 1 
162,3.37491e-06,4.13242e-06,3.00231e-06,50,100,100,241988,6 2 4 0 3 8 10 9 5 7 11 1 
163,3.36757e-06,4.13242e-06,2.95507e-06,50,100,100,241988,6 2 4 0 3 8 10 9 5 7 11 1 
164,3.37046e-06,4.13242e-06,2.99445e-06,50,100,100,241988,6 2 4 0 3 8 10 9 5 7 11 1 
165,3.38794e-06,4.13242e-06,3.03232e-06,50,100,100,241988,6 2 4 0 3 8 10 9 5 7 11 1 
166,3.37376e-06,4.13242e-06,2.98697e-06,50,100,100,241988,6 2 4 0 3 8 10 9 5 7 11 1 
167,3.33943e-06,4.13242e-06,2.94911e-06,50,100,100,241988,6 2 4 0 3 8 10 9 5 7 11 1 
168,3.32402e-06,4.13242e-06,2.97636e-06,50,100,100,241988,6 2 4 0 3 8 10 9 5 7 11 1 
169,3.33255e-06,4.13242e-06,2.92048e-06,50,100,100,241988,6 2 4 0 3 8 10 9 5 7 11 1 
170,3.32684e-06,4.13242e-06,2.92797e-06,50,100,100,241988,6 2 4 0 3 8 10 9 5 7 11 1 
171,3.39987e-06,4.13242e-06,3.06672e-06,50,100,100,241988,6 2 4 0 3 8 10 9 5 7 11 1 
172,3.38684e-06,4.13242e-06,2.92619e-06,50,100,100,241988,6 2 4 0 3 8 10 9 5 7 11 1 
173,3.38028e-06,4.13242e-06,3.02375e-06,50,100,100,241988,6 2 4 0 3 8 10 9 5 7 11 1 
174,3.35686e-06,4.13242e-06,2.96501e-06,50,100,100,241988,6 2 4 0 3 8 10 9 5 7 11 1 
175,3.38263e-06,4.13242e-06,3.04195e-06,50,100,100,241988,6 2 4 0 3 8 10 9 5 7 11 1 
176,3.37412e-06,4.13242e-06,2.87769e-06,50,100,100,241988,6 2 4 0 3 8 10 9 5 7 11 1 
177,3.38449e-06,4.13242e-06,3.02811e-06,50,100,100,241988,6 2 4 0 3 8 10 9 5 7 11 1 
178,3.35285e-06,4.13242e-06,2.9504e-06,50,100,100,241988,6 2 4 0 3 8 10 9 5 7 11 1 
179,3.36029e-06,4.13242e-06,3.00429e-06,50,100,100,241988,6 2 4 0 3 8 10 9 5 7 11 1 
180,3.40077e-06,4.13242e-06,2.97346e-06,50,100,100,241988,6 2 4 0 3 8 10 9 5 7 11 1 
181,3.40896e-06,4.13242e-06,3.01304e-06,50,100,100,241988,6 2 4 0 3 8 10 9 5 7 11 1 
182,3.41002e-06,4.13242e-06,3.00455e-06,50,100,100,241988,6 2 4 0 3 8 10 9 5 7 11 1 
183,3.39171e-06,4.13242e-06,2.9421e-06,50,100,100,241988,6 2 4 0 3 8 10 9 5 7 11 1 
184,3.382e-06,4.13242e-06,3.00816e-06,50,100,100,241988,6 2 4 0 3 8 10 9 5 7 11 1 
185,3.37755e-06,4.13242e-06,3.02551e-06,50,100,100,241988,6 2 4 0 3 8 10 9 5 7 11 1 
186,3.38724e-06,4.13242e-06,3.085e-06,50,100,100,241988,6 2 4 0 3 8 10 9 5 7 11 1 
187,3.36613e-06,4.13242e-06,3.0298e-06,50,100,100,241988,6 2 4 0 3 8 10 9 5 7 11 1 
188,3.39098e-06,4.13242e-06,3.02894e-06,50,100,100,241988,6 2 4 0 3 8 10 9 5 7 11 1 
189,3.39301e-06,4.13242e-06,3.07625e-06,50,100,100,241988,6 2 4 0 3 8 10 9 5 7 11 1 
190,3.39411e-06,4.13242e-06,3.0783e-06,50,100,100,241988,6 2 4 0 3 8 10 9 5 7 11 1 
191,3.38753e-06,4.13242e-06,3.01924e-06,50,100,100,241988,6 2 4 0 3 8 10 9 5 7 11 1 
192,3.38867e-06,4.13242e-06,3.01387e-06,50,100,100,241988,6 2 4 0 3 8 10 9 5 7 11 1 
193,3.39443e-06,4.13242e-06,2.98576e-06,50,100,100,241988,6 2 4 0 3 8 10 9 5 7 11 1 
194,3.38902e-06,4.13242e-06,3.07143e-06,50,100,100,241988,6 2 4 0 3 8 10 9 5 7 11 1 
195,3.38399e-06,4.13242e-06,3.07739e-06,50,100,100,241988,6 2 4 0 3 8 10 9 5 7 11 1 
196,3.38159e-06,4.13242e-06,3.04165e-06,50,100,100,241988,6 2 4 0 3 8 10 9 5 7 11 1 
197,3.35227e-06,4.13242e-06,3.07852e-06,50,100,100,241988,6 2 4 0 3 8 10 9 5 7 11 1 
198,3.37799e-06,4.13242e-06,3.04732e-06,50,100,100,241988,6 2 4 0 3 8 10 9 5 7 11 1 
199,3.36265e-06,4.13242e-06,3.00572e-06,50,100,100,241988,6 2 4 0 3 8 10 9 5 7 11 1 
200,3.38219e-06,4.13242e-06,3.05123e-06,50,100,100,241988,6 2 4 0 3 8 10 9 5 7 11 1 
201,3.37876e-06,4.13242e-06,3.01462e-06,50,100,100,241988,6 2 4 0 3 8 10 9 5 7 11 1 
202,3.38325e-06,4.13242e-06,3.0575e-06,50,100,100,241988,6 2 4 0 3 8 10 9 5 7 11 1 
203,3.35913e-06,4.13242e-06,2.94359e-06,50,100,100,241988,6 2 4 0 3 8 10 9 5 7 11 1 
204,3.36539e-06,4.13242e-06,3.02591e-06,50,100,100,241988,6 2 4 0 3 8 10 9 5 7 11 1 
205,3.37985e-06,4.13242e-06,3.02326e-06,50,100,100,241988,6 2 4 0 3 8 10 9 5 7 11 1 
206,3.38532e-06,4.13242e-06,2.95591e-06,50,100,100,241988,6 2 4 0 3 8 10 9 5 7 11 1 
207,3.36025e-06,4.13242e-06,3.00153e-06,50,100,100,241988,6 2 4 0 3 8 10 9 5 7 11 1 
208,3.36213e-06,4.13242e-06,2.93676e-06,50,100,100,241988,6 2 4 0 3 8 10 9 5 7 11 1 
209,3.405e-06,4.13242e-06,3.07712e-06,50,100,100,241988,6 2 4 0 3 8 10 9 5 7 11 1 
210,3.37966e-06,4.13242e-06,2.98435e-06,50,100,100,241988,6 2 4 0 3 8 10 9 5 7 11 1 
211,3.38157e-06,4.13242e-06,3.05924e-06,50,100,100,241988,6 2 4 0 3 8 10 9 5 7 11 1 
212,3.37681e-06,4.13242e-06,2.95967e-06,50,100,100,241988,6 2 4 0 3 8 10 9 5 7 11 1 
213,3.36775e-06,4.13242e-06,3.04e-06,50,100,100,241988,6 2 4 0 3 8 10 9 5 7 11 1 
214,3.34605e-06,4.13242e-06,2.97655e-06,50,100,100,241988,6 2 4 0 3 8 10 9 5 7 11 1 
215,3.38897e-06,4.13242e-06,3.00655e-06,50,100,100,241988,6 2 4 0 3 8 10 9 5 7 11 1 
216,3.38001e-06,4.13242e-06,2.99235e-06,50,100,100,241988,6 2 4 0 3 8 10 9 5 7 11 1 
217,3.34851e-06,4.13242e-06,2.9767e-06,50,100,100,241988,6 2 4 0 3 8 10 9 5 7 11 1 
218,3.31254e-06,4.13242e-06,2.99393e-06,50,100,100,241988,6 2 4 0 3 8 10 9 5 7 11 1 
219,3.37675e-06,4.13242e-06,3.08057e-06,50,100,100,241988,6 2 4 0 3 8 10 9 5 7 11 1 
220,3.33922e-06,4.13242e-06,2.96723e-06,50,100,100,241988,6 2 4 0 3 8 10 9 5 7 11 1 
221,3.33931e-06,4.13242e-06,2.90715e-06,50,100,100,241988,6 2 4 0 3 8 10 9 5 7 11 1 
222,3.36088e-06,4.13242e-06,3.08769e-06,50,100,100,241988,6 2 4 0 3 8 10 9 5 7 11 1 
223,3.34706e-06,4.13242e-06,2.99108e-06,50,100,100,241988,6 2 4 0 3 8 10 9 5 7 11 1 
224,3.3233e-06,4.13242e-06,2.99124e-06,50,100,100,241988,6 2 4 0 3 8 10 9 5 7 11 1 
225,3.32533e-06,4.13242e-06,3.02024e-06,50,100,100,241988,6 2 4 0 3 8 10 9 5 7 11 1 
226,3.33029e-06,4.13242e-06,3.02065e-06,50,100,100,241988,6 2 4 0 3 8 10 9 5 7 11 1 
227,3.35377e-06,4.13242e-06,2.97098e-06,50,100,100,241988,6 2 4 0 3 8 10 9 5 7 11 1 
228,3.3707e-06,4.13242e-06,2.97895e-06,50,100,100,241988,6 2 4 0 3 8 10 9 5 7 11 1 
229,3.34784e-06,4.13242e-06,2.95715e-06,50,100,100,241988,6 2 4 0 3 8 10 9 5 7 11 1 
230,3.36308e-06,4.13242e-06,2.97677e-06,50,100,100,241988,6 2 4 0 3 8 10 9 5 7 11 1 
231,3.36875e-06,4.13242e-06,2.96575e-06,50,100,100,241988,6 2 4 0 3 8 10 9 5 7 11 1 
232,3.36637e-06,4.13242e-06,3.0502e-06,50,100,100,241988,6 2 4 0 3 8 10 9 5 7 11 1 
233,3.36348e-06,4.13242e-06,2.99271e-06,50,100,100,241988,6 2 4 0 3 8 10 9 5 7 11 1 
234,3.3571e-06,4.13242e-06,2.98412e-06,50,100,100,241988,6 2 4 0 3 8 10 9 5 7 11 1 
235,3.33838e-06,4.13242e-06,2.94382e-06,50,100,100,241988,6 2 4 0 3 8 10 9 5 7 11 1 
236,3.36867e-06,4.13242e-06,3.02816e-06,50,100,100,241988,6 2 4 0 3 8 10 9 5 7 11 1 
237,3.34965e-06,4.13242e-06,3.02573e-06,50,100,100,241988,6 2 4 0 3 8 10 9 5 7 11 1 
238,3.32584e-06,4.13242e-06,3.01415e-06,50,100,100,241988,6 2 4 0 3 8 10 9 5 7 11 1 
239,3.33063e-06,4.13242e-06,3.00827e-06,50,100,100,241988,6 2 4 0 3 8 10 9 5 7 11 1 
240,3.32641e-06,4.13242e-06,2.96721e-06,50,100,100,241988,6 2 4 0 3 8 10 9 5 7 11 1 
241,3.3635e-06,4.13242e-06,3.03006e-06,50,100,100,241988,6 2 4 0 3 8 10 9 5 7 11 1 
242,3.30688e-06,4.13242e-06,3.01762e-06,50,100,100,241988,6 2 4 0 3 8 10 9 5 7 11 1 
243,3.35316e-06,4.13242e-06,2.96038e-06,50,100,100,241988,6 2 4 0 3 8 10 9 5 7 11 1 
244,3.37458e-06,4.13242e-06,2.92952e-06,50,100,100,241988,6 2 4 0 3 8 10 9 5 7 11 1 
245,3.3618e-06,4.13242e-06,2.98646e-06,50,100,100,241988,6 2 4 0 3 8 10 9 5 7 11 1 
246,3.34582e-06,4.13242e-06,3.03832e-06,50,100,100,241988,6 2 4 0 3 8 10 9 5 7 11 1 
247,3.34008e-06,4.13242e-06,3.01596e-06,50,100,100,241988,6 2 4 0 3 8 10 9 5 7 11 1 
248,3.35166e-06,4.13242e-06,3.03276e-06,50,100,100,241988,6 2 4 0 3 8 10 9 5 7 11 1 
249,3.3349e-06,4.13242e-06,3.00483e-06,50,100,100,241988,6 2 4 0 3 8 10 9 5 7 11 1 
250,3.35485e-06,4.13242e-06,3.05262e-06,50,100,100,241988,6 2 4 0 3 8 10 9 5 7 11 1 
251,3.34283e-06,4.13242e-06,2.97072e-06,50,100,100,241988,6 2 4 0 3 8 10 9 5 7 11 1 
252,3.34633e-06,4.13242e-06,2.94345e-06,50,100,100,241988,6 2 4 0 3 8 10 9 5 7 11 1 
253,3.33045e-06,4.13242e-06,2.96059e-06,50,100,100,241988,6 2 4 0 3 8 10 9 5 7 11 1 
254,3.31352e-06,4.13242e-06,2.97726e-06,50,100,100,241988,6 2 4 0 3 8 10 9 5 7 11 1 
255,3.34534e-06,4.13242e-06,2.98955e-06,50,100,100,241988,6 2 4 0 3 8 10 9 5 7 11 1 
256,3.32613e-06,4.13242e-06,3.01306e-06,50,100,100,241988,6 2 4 0 3 8 10 9 5 7 11 1 
257,3.31001e-06,4.13242e-06,2.97208e-06,50,100,100,241988,6 2 4 0 3 8 10 9 5 7 11 1 
258,3.34194e-06,4.13242e-06,3.00462e-06,50,100,100,241988,6 2 4 0 3 8 10 9 5 7 11 1 
259,3.35249e-06,4.13242e-06,3.03563e-06,50,100,100,241988,6 2 4 0 3 8 10 9 5 7 11 1 
260,3.36318e-06,4.13242e-06,3.09342e-06,50,100,100,241988,6 2 4 0 3 8 10 9 5 7 11 1 
261,3.3337e-06,4.13242e-06,2.98111e-06,50,100,100,241988,6 2 4 0 3 8 10 9 5 7 11 1 
262,3.37103e-06,4.13242e-06,2.96881e-06,50,100,100,241988,6 2 4 0 3 8 10 9 5 7 11 1 
263,3.35691e-06,4.13242e-06,2.96705e-06,50,100,100,241988,6 2 4 0 3 8 10 9 5 7 11 1 
264,3.34381e-06,4.13242e-06,2.95354e-06,50,100,100,241988,6 2 4 0 3 8 10 9 5 7 11 1 
265,3.35926e-06,4.13242e-06,2.95103e-06,50,100,100,241988,6 2 4 0 3 8 10 9 5 7 11 1 
266,3.37726e-06,4.13242e-06,2.99354e-06,50,100,100,241988,6 2 4 0 3 8 10 9 5 7 11 1 
267,3.3569e-06,4.13242e-06,3.05738e-06,50,100,100,241988,6 2 4 0 3 8 10 9 5 7 11 1 
268,3.35791e-06,4.13242e-06,2.95452e-06,50,100,100,241988,6 2 4 0 3 8 10 9 5 7 11 1 
269,3.35505e-06,4.13242e-06,3.05613e-06,50,100,100,241988,6 2 4 0 3 8 10 9 5 7 11 1 
270,3.33874e-06,4.13242e-06,2.91897e-06,50,100,100,241988,6 2 4 0 3 8 10 9 5 7 11 1 
271,3.3435e-06,4.13242e-06,2.98316e-06,50,100,100,241988,6 2 4 0 3 8 10 9 5 7 11 1 
272,3.33973e-06,4.13242e-06,3.07761e-06,50,100,100,241988,6 2 4 0 3 8 10 9 5 7 11 1 
273,3.30373e-06,4.13242e-06,3.00245e-06,50,100,100,241988,6 2 4 0 3 8 10 9 5 7 11 1 
274,3.33682e-06,4.13242e-06,3.02681e-06,50,100,100,241988,6 2 4 0 3 8 10 9 5 7 11 1 
275,3.33271e-06,4.13242e-06,2.91056e-06,50,100,100,241988,6 2 4 0 3 8 10 9 5 7 11 1 
276,3.29969e-06,4.13242e-06,2.9015e-06,50,100,100,241988,6 2 4 0 3 8 10 9 5 7 11 1 
277,3.32347e-06,4.13242e-06,2.95855e-06,50,100,100,241988,6 2 4 0 3 8 10 9 5 7 11 1 
278,3.33904e-06,4.13242e-06,2.95927e-06,50,100,100,241988,6 2 4 0 3 8 10 9 5 7 11 1 
279,3.32751e-06,4.13242e-06,2.94826e-06,50,100,100,241988,6 2 4 0 3 8 10 9 5 7 11 1 
280,3.34586e-06,4.13242e-06,2.97721e-06,50,100,100,241988,6 2 4 0 3 8 10 9 5 7 11 1 
281,3.35031e-06,4.13242e-06,3.06994e-06,50,100,100,241988,6 2 4 0 3 8 10 9 5 7 11 1 
282,3.34245e-06,4.13242e-06,2.98656e-06,50,100,100,241988,6 2 4 0 3 8 10 9 5 7 11 1 
283,3.3495e-06,4.13242e-06,2.97595e-06,50,100,100,241988,6 2 4 0 3 8 10 9 5 7 11 1 
284,3.35296e-06,4.13242e-06,3.00482e-06,50,100,100,241988,6 2 4 0 3 8 10 9 5 7 11 1 
285,3.34654e-06,4.13242e-06,3.01052e-06,50,100,100,241988,6 2 4 0 3 8 10 9 5 7 11 1 
286,3.35488e-06,4.13242e-06,2.95868e-06,50,100,100,241988,6 2 4 0 3 8 10 9 5 7 11 1 
287,3.35974e-06,4.13242e-06,3.023e-06,50,100,100,241988,6 2 4 0 3 8 10 9 5 7 11 1 
288,3.34184e-06,4.13242e-06,3.04402e-06,50,100,100,241988,6 2 4 0 3 8 10 9 5 7 11 1 
289,3.33758e-06,4.13242e-06,2.99175e-06,50,100,100,241988,6 2 4 0 3 8 10 9 5 7 11 1 
290,3.3266e-06,4.13242e-06,2.99148e-06,50,100,100,241988,6 2 4 0 3 8 10 9 5 7 11 1 
291,3.37802e-06,4.13242e-06,3.01773e-06,50,100,100,241988,6 2 4 0 3 8 10 9 5 7 11 1 
292,3.35263e-06,4.13242e-06,2.92011e-06,50,100,100,241988,6 2 4 0 3 8 10 9 5 7 11 1 
293,3.35443e-06,4.13242e-06,3.01073e-06,50,100,100,241988,6 2 4 0 3 8 10 9 5 7 11 1 
294,3.35061e-06,4.13242e-06,3.0176e-06,50,100,100,241988,6 2 4 0 3 8 10 9 5 7 11 1 
295,3.33587e-06,4.13242e-06,2.98871e-06,50,100,100,241988,6 2 4 0 3 8 10 9 5 7 11 1 
296,3.31331e-06,4.13242e-06,2.90768e-06,50,100,100,241988,6 2 4 0 3 8 10 9 5 7 11 1 
297,3.33642e-06,4.13242e-06,2.93771e-06,50,100,100,241988,6 2 4 0 3 8 10 9 5 7 11 1 
298,3.34644e-06,4.13242e-06,2.97466e-06,50,100,100,241988,6 2 4 0 3 8 10 9 5 7 11 1 
299,3.33819e-06,4.13242e-06,2.99286e-06,50,100,100,241988,6 2 4 0 3 8 10 9 5 7 11 1 
300,3.35827e-06,4.13242e-06,3.05714e-06,50,100,100,241988,6 2 4 0 3 8 10 9 5 7 11 1 
301,3.33253e-06,4.13242e-06,3.02701e-06,50,100,100,241988,6 2 4 0 3 8 10 9 5 7 11 1 
302,3.36133e-06,4.13242e-06,3.00002e-06,50,100,100,241988,6 2 4 0 3 8 10 9 5 7 11 1 
303,3.37703e-06,4.13242e-06,3.00617e-06,50,100,100,241988,6 2 4 0 3 8 10 9 5 7 11 1 
304,3.32871e-06,4.13242e-06,3.00769e-06,50,100,100,241988,6 2 4 0 3 8 10 9 5 7 11 1 
305,3.32456e-06,4.13242e-06,2.96902e-06,50,100,100,241988,6 2 4 0 3 8 10 9 5 7 11 1 
306,3.35525e-06,4.13242e-06,3.00885e-06,50,100,100,241988,6 2 4 0 3 8 10 9 5 7 11 1 
307,3.36043e-06,4.13242e-06,2.97762e-06,50,100,100,241988,6 2 4 0 3 8 10 9 5 7 11 1 
308,3.3501e-06,4.13242e-06,2.96074e-06,50,100,100,241988,6 2 4 0 3 8 10 9 5 7 11 1 
309,3.38555e-06,4.13242e-06,3.00914e-06,50,100,100,241988,6 2 4 0 3 8 10 9 5 7 11 1 
310,3.38353e-06,4.13242e-06,3.05197e-06,50,100,100,241988,6 2 4 0 3 8 10 9 5 7 11 1 
311,3.36703e-06,4.13242e-06,3.03222e-06,50,100,100,241988,6 2 4 0 3 8 10 9 5 7 11 1 
312,3.37781e-06,4.13242e-06,2.99817e-06,50,100,100,241988,6 2 4 0 3 8 10 9 5 7 11 1 
313,3.38816e-06,4.13242e-06,2.88531e-06,50,100,100,241988,6 2 4 0 3 8 10 9 5 7 11 1 
314,3.39763e-06,4.13242e-06,2.94698e-06,50,100,100,241988,6 2 4 0 3 8 10 9 5 7 11 1 
315,3.39918e-06,4.13242e-06,2.93342e-06,50,100,100,241988,6 2 4 0 3 8 10 9 5 7 11 1 
316,3.36235e-06,4.13242e-06,2.96612e-06,50,100,100,241988,6 2 4 0 3 8 10 9 5 7 11 1 
317,3.3635e-06,4.13242e-06,3.02835e-06,50,100,100,241988,6 2 4 0 3 8 10 9 5 7 11 1 
318,3.41077e-06,4.13242e-06,3.05289e-06,50,100,100,241988,6 2 4 0 3 8 10 9 5 7 11 1 
319,3.4094e-06,4.13242e-06,3.00189e-06,50,100,100,241988,6 2 4 0 3 8 10 9 5 7 11 1 
320,3.39752e-06,4.13242e-06,3.01213e-06,50,100,100,241988,6 2 4 0 3 8 10 9 5 7 11 1 
321,3.41236e-06,4.13242e-06,3.12261e-06,50,100,100,241988,6 2 4 0 3 8 10 9 5 7 11 1 
322,3.37229e-06,4.13242e-06,3.05961e-06,50,100,100,241988,6 2 4 0 3 8 10 9 5 7 11 1 
323,3.36682e-06,4.13242e-06,3.06496e-06,50,100,100,241988,6 2 4 0 3 8 10 9 5 7 11 1 
324,3.35522e-06,4.13242e-06,3.03781e-06,50,100,100,241988,6 2 4 0 3 8 10 9 5 7 11 1 
325,3.36754e-06,4.13242e-06,2.98772e-06,50,100,100,241988,6 2 4 0 3 8 10 9 5 7 11 1 
326,3.36431e-06,4.13242e-06,3.04402e-06,50,100,100,241988,6 2 4 0 3 8 10 9 5 7 11 1 
327,3.37324e-06,4.13242e-06,2.96999e-06,50,100,100,241988,6 2 4 0 3 8 10 9 5 7 11 1 
328,3.37336e-06,4.13242e-06,3.03709e-06,50,100,100,241988,6 2 4 0 3 8 10 9 5 7 11 1 
329,3.36268e-06,4.13242e-06,2.97556e-06,50,100,100,241988,6 2 4 0 3 8 10 9 5 7 11 1 
330,3.38216e-06,4.13242e-06,3.08546e-06,50,100,100,241988,6 2 4 0 3 8 10 9 5 7 11 1 
331,3.37378e-06,4.13242e-06,3.0325e-06,50,100,100,241988,6 2 4 0 3 8 10 9 5 7 11 1 
332,3.38929e-06,4.13242e-06,2.95943e-06,50,100,100,241988,6 2 4 0 3 8 10 9 5 7 11 1 
333,3.35569e-06,4.13242e-06,2.97948e-06,50,100,100,241988,6 2 4 0 3 8 10 9 5 7 11 1 
334,3.39283e-06,4.13242e-06,3.06315e-06,50,100,100,241988,6 2 4 0 3 8 10 9 5 7 11 1 
335,3.38384e-06,4.13242e-06,3.01525e-06,50,100,100,241988,6 2 4 0 3 8 10 9 5 7 11 1 
336,3.37649e-06,4.13242e-06,2.97254e-06,50,100,100,241988,6 2 4 0 3 8 10 9 5 7 11 1 
337,3.35351e-06,4.13242e-06,3.02532e-06,50,100,100,241988,6 2 4 0 3 8 10 9 5 7 11 1 
338,3.33862e-06,4.13242e-06,2.98131e-06,50,100,100,241988,6 2 4 0 3 8 10 9 5 7 11 1 
339,3.36985e-06,4.13242e-06,3.02147e-06,50,100,100,241988,6 2 4 0 3 8 10 9 5 7 11 1 
340,3.36346e-06,4.13242e-06,2.95009e-06,50,100,100,241988,6 2 4 0 3 8 10 9 5 7 11 1 
341,3.37365e-06,4.13242e-06,2.99261e-06,50,100,100,241988,6 2 4 0 3 8 10 9 5 7 11 1 
342,3.41127e-06,4.13242e-06,3.00807e-06,50,100,100,241988,6 2 4 0 3 8 10 9 5 7 11 1 
343,3.43742e-06,4.13242e-06,3.07049e-06,50,100,100,241988,6 2 4 0 3 8 10 9 5 7 11 1 
344,3.44302e-06,4.13242e-06,3.01633e-06,50,100,100,241988,6 2 4 0 3 8 10 9 5 7 11 1 
345,3.44233e-06,4.13242e-06,2.99988e-06,50,100,100,241988,6 2 4 0 3 8 10 9 5 7 11 1 
346,3.41774e-06,4.13242e-06,3.05671e-06,50,100,100,241988,6 2 4 0 3 8 10 9 5 7 11 1 
347,3.40535e-06,4.13242e-06,3.04979e-06,50,100,100,241988,6 2 4 0 3 8 10 9 5 7 11 1 
348,3.40338e-06,4.13242e-06,2.96469e-06,50,100,100,241988,6 2 4 0 3 8 10 9 5 7 11 1 
349,3.41365e-06,4.13242e-06,2.98462e-06,50,100,100,241988,6 2 4 0 3 8 10 9 5 7 11 1 
350,3.41019e-06,4.13242e-06,3.09708e-06,50,100,100,241988,6 2 4 0 3 8 10 9 5 7 11 1 
351,3.39524e-06,4.13242e-06,2.89043e-06,50,100,100,241988,6 2 4 0 3 8 10 9 5 7 11 1 
352,3.39194e-06,4.13242e-06,2.98838e-06,50,100,100,241988,6 2 4 0 3 8 10 9 5 7 11 1 
353,3.38609e-06,4.13242e-06,3.03618e-06,50,100,100,241988,6 2 4 0 3 8 10 9 5 7 11 1 
354,3.39751e-06,4.13242e-06,3.01775e-06,50,100,100,241988,6 2 4 0 3 8 10 9 5 7 11 1 
355,3.35655e-06,4.13242e-06,2.96915e-06,50,100,100,241988,6 2 4 0 3 8 10 9 5 7 11 1 
356,3.35218e-06,4.13242e-06,2.97089e-06,50,100,100,241988,6 2 4 0 3 8 10 9 5 7 11 1 
357,3.38716e-06,4.13242e-06,3.04599e-06,50,100,100,241988,6 2 4 0 3 8 10 9 5 7 11 1 
358,3.35471e-06,4.13242e-06,2.98706e-06,50,100,100,241988,6 2 4 0 3 8 10 9 5 7 11 1 
359,3.33169e-06,4.13242e-06,2.99048e-06,50,100,100,241988,6 2 4 0 3 8 10 9 5 7 11 1 
360,3.33726e-06,4.13242e-06,2.9197e-06,50,100,100,241988,6 2 4 0 3 8 10 9 5 7 11 1 
361,3.3312e-06,4.13242e-06,2.98474e-06,50,100,100,241988,6 2 4 0 3 8 10 9 5 7 11 1 
362,3.35905e-06,4.13242e-06,2.94668e-06,50,100,100,241988,6 2 4 0 3 8 10 9 5 7 11 1 
363,3.33802e-06,4.13242e-06,3.0275e-06,50,100,100,241988,6 2 4 0 3 8 10 9 5 7 11 1 
364,3.32961e-06,4.13242e-06,2.93972e-06,50,100,100,241988,6 2 4 0 3 8 10 9 5 7 11 1 
365,3.35639e-06,4.13242e-06,2.99488e-06,50,100,100,241988,6 2 4 0 3 8 10 9 5 7 11 1 
366,3.34746e-06,4.13242e-06,2.9046e-06,50,100,100,241988,6 2 4 0 3 8 10 9 5 7 11 1 
367,3.34026e-06,4.13242e-06,2.90945e-06,50,100,100,241988,6 2 4 0 3 8 10 9 5 7 11 1 
368,3.37069e-06,4.13242e-06,2.99201e-06,50,100,100,241988,6 2 4 0 3 8 10 9 5 7 11 1 
369,3.36095e-06,4.13242e-06,2.96436e-06,50,100,100,241988,6 2 4 0 3 8 10 9 5 7 11 1 
370,3.38618e-06,4.13242e-06,3.00126e-06,50,100,100,241988,6 2 4 0 3 8 10 9 5 7 11 1 
371,3.39976e-06,4.13242e-06,2.98556e-06,50,100,100,241988,6 2 4 0 3 8 10 9 5 7 11 1 
372,3.37503e-06,4.13242e-06,2.95824e-06,50,100,100,241988,6 2 4 0 3 8 10 9 5 7 11 1 
373,3.38829e-06,4.13242e-06,3.00876e-06,50,100,100,241988,6 2 4 0 3 8 10 9 5 7 11 1 
374,3.38661e-06,4.13242e-06,3.0309e-06,50,100,100,241988,6 2 4 0 3 8 10 9 5 7 11 1 
375,3.38365e-06,4.13242e-06,3.00022e-06,50,100,100,241988,6 2 4 0 3 8 10 9 5 7 11 1 
376,3.3792e-06,4.13242e-06,2.92161e-06,50,100,100,241988,6 2 4 0 3 8 10 9 5 7 11 1 
377,3.38849e-06,4.13242e-06,3.05421e-06,50,100,100,241988,6 2 4 0 3 8 10 9 5 7 11 1 
378,3.33165e-06,4.13242e-06,2.91648e-06,50,100,100,241988,6 2 4 0 3 8 10 9 5 7 11 1 
379,3.35351e-06,4.13242e-06,3.06763e-06,50,100,100,241988,6 2 4 0 3 8 10 9 5 7 11 1 
380,3.37307e-06,4.13242e-06,3.0201e-06,50,100,100,241988,6 2 4 0 3 8 10 9 5 7 11 1 
381,3.39386e-06,4.13242e-06,3.05262e-06,50,100,100,241988,6 2 4 0 3 8 10 9 5 7 11 1 
382,3.38333e-06,4.13242e-06,2.99105e-06,50,100,100,241988,6 2 4 0 3 8 10 9 5 7 11 1 
383,3.38733e-06,4.13242e-06,3.01017e-06,50,100,100,241988,6 2 4 0 3 8 10 9 5 7 11 1 
384,3.37954e-06,4.13242e-06,2.93201e-06,50,100,100,241988,6 2 4 0 3 8 10 9 5 7 11 1 
385,3.38667e-06,4.13242e-06,3.03803e-06,50,100,100,241988,6 2 4 0 3 8 10 9 5 7 11 1 
386,3.37959e-06,4.13242e-06,2.95056e-06,50,100,100,241988,6 2 4 0 3 8 10 9 5 7 11 1 
387,3.38991e-06,4.13242e-06,2.96232e-06,50,100,100,241988,6 2 4 0 3 8 10 9 5 7 11 1 
388,3.38674e-06,4.13242e-06,3.03917e-06,50,100,100,241988,6 2 4 0 3 8 10 9 5 7 11 1 
389,3.37581e-06,4.13242e-06,3.06518e-06,50,100,100,241988,6 2 4 0 3 8 10 9 5 7 11 1 
390,3.37066e-06,4.13242e-06,3.04211e-06,50,100,100,241988,6 2 4 0 3 8 10 9 5 7 11 1 
391,3.35331e-06,4.13242e-06,3.0114e-06,50,100,100,241988,6 2 4 0 3 8 10 9 5 7 11 1 
392,3.35441e-06,4.13242e-06,3.00896e-06,50,100,100,241988,6 2 4 0 3 8 10 9 5 7 11 1 
393,3.32376e-06,4.13242e-06,2.95703e-06,50,100,100,241988,6 2 4 0 3 8 10 9 5 7 11 1 
394,3.34594e-06,4.13242e-06,3.04715e-06,50,100,100,241988,6 2 4 0 3 8 10 9 5 7 11 1 
395,3.36697e-06,4.13242e-06,2.96064e-06,50,100,100,241988,6 2 4 0 3 8 10 9 5 7 11 1 
396,3.35711e-06,4.13242e-06,2.96006e-06,50,100,100,241988,6 2 4 0 3 8 10 9 5 7 11 1 
397,3.37055e-06,4.13242e-06,2.99811e-06,50,100,100,241988,6 2 4 0 3 8 10 9 5 7 11 1 
398,3.35482e-06,4.13242e-06,3.02328e-06,50,100,100,241988,6 2 4 0 3 8 10 9 5 7 11 1 
399,3.32008e-06,4.13242e-06,2.91864e-06,50,100,100,241988,6 2 4 0 3 8 10 9 5 7 11 1 
400,3.32506e-06,4.13242e-06,3.01059e-06,50,100,100,241988,6 2 4 0 3 8 10 9 5 7 11 1 
401,3.31057e-06,4.13242e-06,2.98083e-06,50,100,100,241988,6 2 4 0 3 8 10 9 5 7 11 1 
402,3.31724e-06,4.13242e-06,2.976e-06,50,100,100,241988,6 2 4 0 3 8 10 9 5 7 11 1 
403,3.32978e-06,4.13242e-06,3.05302e-06,50,100,100,241988,6 2 4 0 3 8 10 9 5 7 11 1 
404,3.32531e-06,4.13242e-06,2.98172e-06,50,100,100,241988,6 2 4 0 3 8 10 9 5 7 11 1 
405,3.34128e-06,4.13242e-06,2.96517e-06,50,100,100,241988,6 2 4 0 3 8 10 9 5 7 11 1 
406,3.33761e-06,4.13242e-06,2.94467e-06,50,100,100,241988,6 2 4 0 3 8 10 9 5 7 11 1 
407,3.33442e-06,4.13242e-06,2.95747e-06,50,100,100,241988,6 2 4 0 3 8 10 9 5 7 11 1 
408,3.35506e-06,4.13242e-06,2.99201e-06,50,100,100,241988,6 2 4 0 3 8 10 9 5 7 11 1 
409,3.30625e-06,4.13242e-06,2.9455e-06,50,100,100,241988,6 2 4 0 3 8 10 9 5 7 11 1 
410,3.30119e-06,4.13242e-06,2.95324e-06,50,100,100,241988,6 2 4 0 3 8 10 9 5 7 11 1 
411,3.30347e-06,4.13242e-06,2.93953e-06,50,100,100,241988,6 2 4 0 3 8 10 9 5 7 11 1 
412,3.30369e-06,4.13242e-06,2.9156e-06,50,100,100,241988,6 2 4 0 3 8 10 9 5 7 11 1 
413,3.2817e-06,4.13242e-06,2.9417e-06,50,100,100,241988,6 2 4 0 3 8 10 9 5 7 11 1 
414,3.32729e-06,4.13242e-06,2.98558e-06,50,100,100,241988,6 2 4 0 3 8 10 9 5 7 11 1 
415,3.30305e-06,4.13242e-06,2.92835e-06,50,100,100,241988,6 2 4 0 3 8 10 9 5 7 11 1 
416,3.32676e-06,4.13242e-06,2.9918e-06,50,100,100,241988,6 2 4 0 3 8 10 9 5 7 11 1 
417,3.35904e-06,4.13242e-06,3.0607e-06,50,100,100,241988,6 2 4 0 3 8 10 9 5 7 11 1 
418,3.35402e-06,4.13242e-06,3.03318e-06,50,100,100,241988,6 2 4 0 3 8 10 9 5 7 11 1 
419,3.32897e-06,4.13242e-06,3.02342e-06,50,100,100,241988,6 2 4 0 3 8 10 9 5 7 11 1 
420,3.3356e-06,4.13242e-06,3.02289e-06,50,100,100,241988,6 2 4 0 3 8 10 9 5 7 11 1 
421,3.31502e-06,4.13242e-06,3.00559e-06,50,100,100,241988,6 2 4 0 3 8 10 9 5 7 11 1 
422,3.34132e-06,4.13242e-06,2.99261e-06,50,100,100,241988,6 2 4 0 3 8 10 9 5 7 11 1 
423,3.32738e-06,4.13242e-06,3.01771e-06,50,100,100,241988,6 2 4 0 3 8 10 9 5 7 11 1 
424,3.3535e-06,4.13242e-06,2.9975e-06,50,100,100,241988,6 2 4 0 3 8 10 9 5 7 11 1 
425,3.35456e-06,4.13242e-06,2.92804e-06,50,100,100,241988,6 2 4 0 3 8 10 9 5 7 11 1 
426,3.29507e-06,4.13242e-06,2.98119e-06,50,100,100,241988,6 2 4 0 3 8 10 9 5 7 11 1 
427,3.29306e-06,4.13242e-06,3.02017e-06,50,100,100,241988,6 2 4 0 3 8 10 9 5 7 11 1 
428,3.34481e-06,4.13242e-06,2.95887e-06,50,100,100,241988,6 2 4 0 3 8 10 9 5 7 11 1 
429,3.33535e-06,4.13242e-06,3.02309e-06,50,100,100,241988,6 2 4 0 3 8 10 9 5 7 11 1 
430,3.31019e-06,4.13242e-06,2.96262e-06,50,100,100,241988,6 2 4 0 3 8 10 9 5 7 11 1 
431,3.32641e-06,4.13242e-06,2.92515e-06,50,100,100,241988,6 2 4 0 3 8 10 9 5 7 11 1 
432,3.30621e-06,4.13242e-06,2.96169e-06,50,100,100,241988,6 2 4 0 3 8 10 9 5 7 11 1 
433,3.31973e-06,4.13242e-06,2.93721e-06,50,100,100,241988,6 2 4 0 3 8 10 9 5 7 11 1 
434,3.32557e-06,4.13242e-06,3.00357e-06,50,100,100,241988,6 2 4 0 3 8 10 9 5 7 11 1 
435,3.33328e-06,4.13242e-06,3.00729e-06,50,100,100,241988,6 2 4 0 3 8 10 9 5 7 11 1 
436,3.30005e-06,4.13242e-06,2.94767e-06,50,100,100,241988,6 2 4 0 3 8 10 9 5 7 11 1 
437,3.33767e-06,4.13242e-06,2.94849e-06,50,100,100,241988,6 2 4 0 3 8 10 9 5 7 11 1 
438,3.29359e-06,4.13242e-06,2.92983e-06,50,100,100,241988,6 2 4 0 3 8 10 9 5 7 11 1 
439,3.29655e-06,4.13242e-06,2.95768e-06,50,100,100,241988,6 2 4 0 3 8 10 9 5 7 11 1 
440,3.30887e-06,4.13242e-06,2.95796e-06,50,100,100,241988,6 2 4 0 3 8 10 9 5 7 11 1 
441,3.35707e-06,4.13242e-06,3.04302e-06,50,100,100,241988,6 2 4 0 3 8 10 9 5 7 11 1 
442,3.33369e-06,4.13242e-06,2.97446e-06,50,100,100,241988,6 2 4 0 3 8 10 9 5 7 11 1 
443,3.34093e-06,4.13242e-06,2.97852e-06,50,100,100,241988,6 2 4 0 3 8 10 9 5 7 11 1 
444,3.32384e-06,4.13242e-06,2.97537e-06,50,100,100,241988,6 2 4 0 3 8 10 9 5 7 11 1 
445,3.33262e-06,4.13242e-06,2.93959e-06,50,100,100,241988,6 2 4 0 3 8 10 9 5 7 11 1 
446,3.31256e-06,4.13242e-06,2.97323e-06,50,100,100,241988,6 2 4 0 3 8 10 9 5 7 11 1 
447,3.3239e-06,4.13242e-06,2.94514e-06,50,100,100,241988,6 2 4 0 3 8 10 9 5 7 11 1 
448,3.32152e-06,4.13242e-06,2.94494e-06,50,100,100,241988,6 2 4 0 3 8 10 9 5 7 11 1 
449,3.32997e-06,4.13242e-06,3.00731e-06,50,100,100,241988,6 2 4 0 3 8 10 9 5 7 11 1 
450,3.36003e-06,4.13242e-06,2.99788e-06,50,100,100,241988,6 2 4 0 3 8 10 9 5 7 11 1 
451,3.3673e-06,4.13242e-06,2.93423e-06,50,100,100,241988,6 2 4 0 3 8 10 9 5 7 11 1 
452,3.3604e-06,4.13242e-06,2.97454e-06,50,100,100,241988,6 2 4 0 3 8 10 9 5 7 11 1 
453,3.35859e-06,4.13242e-06,2.99277e-06,50,100,100,241988,6 2 4 0 3 8 10 9 5 7 11 1 
454,3.32424e-06,4.13242e-06,2.96376e-06,50,100,100,241988,6 2 4 0 3 8 10 9 5 7 11 1 
455,3.3491e-06,4.13242e-06,2.95033e-06,50,100,100,241988,6 2 4 0 3 8 10 9 5 7 11 1 
456,3.37259e-06,4.13242e-06,3.0772e-06,50,100,100,241988,6 2 4 0 3 8 10 9 5 7 11 1 
457,3.37201e-06,4.13242e-06,2.97732e-06,50,100,100,241988,6 2 4 0 3 8 10 9 5 7 11 1 
458,3.3746e-06,4.13242e-06,2.91466e-06,50,100,100,241988,6 2 4 0 3 8 10 9 5 7 11 1 
459,3.40529e-06,4.13242e-06,2.99869e-06,50,100,100,241988,6 2 4 0 3 8 10 9 5 7 11 1 
460,3.38953e-06,4.13242e-06,2.99795e-06,50,100,100,241988,6 2 4 0 3 8 10 9 5 7 11 1 
461,3.41742e-06,4.13242e-06,3.05071e-06,50,100,100,241988,6 2 4 0 3 8 10 9 5 7 11 1 
462,3.38549e-06,4.13242e-06,3.01511e-06,50,100,100,241988,6 2 4 0 3 8 10 9 5 7 11 1 
463,3.37638e-06,4.13242e-06,3.02663e-06,50,100,100,241988,6 2 4 0 3 8 10 9 5 7 11 1 
464,3.40191e-06,4.13242e-06,2.98803e-06,50,100,100,241988,6 2 4 0 3 8 10 9 5 7 11 1 
465,3.44352e-06,4.13242e-06,3.07166e-06,50,100,100,241988,6 2 4 0 3 8 10 9 5 7 11 1 
466,3.40642e-06,4.13242e-06,3.03618e-06,50,100,100,241988,6 2 4 0 3 8 10 9 5 7 11 1 
467,3.39622e-06,4.13242e-06,3.06481e-06,50,100,100,241988,6 2 4 0 3 8 10 9 5 7 11 1 
468,3.3844e-06,4.13242e-06,2.94946e-06,50,100,100,241988,6 2 4 0 3 8 10 9 5 7 11 1 
469,3.41771e-06,4.13242e-06,3.03037e-06,50,100,100,241988,6 2 4 0 3 8 10 9 5 7 11 1 
470,3.4243e-06,4.13242e-06,3.01538e-06,50,100,100,241988,6 2 4 0 3 8 10 9 5 7 11 1 
471,3.42344e-06,4.13242e-06,3.04285e-06,50,100,100,241988,6 2 4 0 3 8 10 9 5 7 11 1 
472,3.41112e-06,4.13242e-06,2.94548e-06,50,100,100,241988,6 2 4 0 3 8 10 9 5 7 11 1 
473,3.43937e-06,4.13242e-06,3.00979e-06,50,100,100,241988,6 2 4 0 3 8 10 9 5 7 11 1 
474,3.46617e-06,4.13242e-06,3.00722e-06,50,100,100,241988,6 2 4 0 3 8 10 9 5 7 11 1 
475,3.42002e-06,4.13242e-06,2.98343e-06,50,100,100,241988,6 2 4 0 3 8 10 9 5 7 11 1 
476,3.38562e-06,4.13242e-06,2.99239e-06,50,100,100,241988,6 2 4 0 3 8 10 9 5 7 11 1 
477,3.4011e-06,4.13242e-06,3.015e-06,50,100,100,241988,6 2 4 0 3 8 10 9 5 7 11 1 
478,3.41283e-06,4.13242e-06,3.01287e-06,50,100,100,241988,6 2 4 0 3 8 10 9 5 7 11 1 
479,3.38966e-06,4.13242e-06,3.03439e-06,50,100,100,241988,6 2 4 0 3 8 10 9 5 7 11 1 
480,3.38261e-06,4.13242e-06,3.00756e-06,50,100,100,241988,6 2 4 0 3 8 10 9 5 7 11 1 
481,3.39659e-06,4.13242e-06,3.07232e-06,50,100,100,241988,6 2 4 0 3 8 10 9 5 7 11 1 
482,3.39689e-06,4.13242e-06,2.96624e-06,50,100,100,241988,6 2 4 0 3 8 10 9 5 7 11 1 
483,3.36171e-06,4.13242e-06,2.97393e-06,50,100,100,241988,6 2 4 0 3 8 10 9 5 7 11 1 
484,3.36536e-06,4.13242e-06,3.00287e-06,50,100,100,241988,6 2 4 0 3 8 10 9 5 7 11 1 
485,3.36007e-06,4.13242e-06,2.95085e-06,50,100,100,241988,6 2 4 0 3 8 10 9 5 7 11 1 
486,3.3597e-06,4.13242e-06,2.99305e-06,50,100,100,241988,6 2 4 0 3 8 10 9 5 7 11 1 
487,3.35336e-06,4.13242e-06,2.99422e-06,50,100,100,241988,6 2 4 0 3 8 10 9 5 7 11 1 
488,3.33344e-06,4.13242e-06,2.96969e-06,50,100,100,241988,6 2 4 0 3 8 10 9 5 7 11 1 
489,3.3525e-06,4.13242e-06,3.03821e-06,50,100,100,241988,6 2 4 0 3 8 10 9 5 7 11 1 
490,3.33349e-06,4.13242e-06,3.00762e-06,50,100,100,241988,6 2 4 0 3 8 10 9 5 7 11 1 
491,3.31694e-06,4.13242e-06,2.94023e-06,50,100,100,241988,6 2 4 0 3 8 10 9 5 7 11 1 
492,3.34685e-06,4.13242e-06,3.01729e-06,50,100,100,241988,6 2 4 0 3 8 10 9 5 7 11 1 
493,3.35731e-06,4.13242e-06,2.98254e-06,50,100,100,241988,6 2 4 0 3 8 10 9 5 7 11 1 
494,3.35582e-06,4.13242e-06,3.01313e-06,50,100,100,241988,6 2 4 0 3 8 10 9 5 7 11 1 
495,3.36539e-06,4.13242e-06,3.05449e-06,50,100,100,241988,6 2 4 0 3 8 10 9 5 7 11 1 
496,3.35199e-06,4.13242e-06,2.98608e-06,50,100,100,241988,6 2 4 0 3 8 10 9 5 7 11 1 
497,3.36727e-06,4.13242e-06,2.96691e-06,50,100,100,241988,6 2 4 0 3 8 10 9 5 7 11 1 
498,3.36804e-06,4.13242e-06,3.00132e-06,50,100,100,241988,6 2 4 0 3 8 10 9 5 7 11 1 
499,3.39134e-06,4.13242e-06,3.0445e-06,50,100,100,241988,6 2 4 0 3 8 10 9 5 7 11 1 
500,3.44484e-06,4.13242e-06,3.02043e-06,50,100,100,241988,6 2 4 0 3 8 10 9 5 7 11 1 
501,3.45333e-06,4.13242e-06,3.02609e-06,50,100,100,241988,6 2 4 0 3 8 10 9 5 7 11 1 
502,3.44564e-06,4.13242e-06,3.02604e-06,50,100,100,241988,6 2 4 0 3 8 10 9 5 7 11 1 
503,3.4387e-06,4.13242e-06,2.98672e-06,50,100,100,241988,6 2 4 0 3 8 10 9 5 7 11 1 
504,3.40288e-06,4.13242e-06,3.01729e-06,50,100,100,241988,6 2 4 0 3 8 10 9 5 7 11 1 
505,3.42742e-06,4.13242e-06,3.01955e-06,50,100,100,241988,6 2 4 0 3 8 10 9 5 7 11 1 
506,3.40158e-06,4.13242e-06,2.95885e-06,50,100,100,241988,6 2 4 0 3 8 10 9 5 7 11 1 
507,3.42549e-06,4.13242e-06,3.02258e-06,50,100,100,241988,6 2 4 0 3 8 10 9 5 7 11 1 
508,3.42897e-06,4.13242e-06,2.9526e-06,50,100,100,241988,6 2 4 0 3 8 10 9 5 7 11 1 
509,3.45468e-06,4.13242e-06,2.9835e-06,50,100,100,241988,6 2 4 0 3 8 10 9 5 7 11 1 
510,3.41377e-06,4.13242e-06,3.02487e-06,50,100,100,241988,6 2 4 0 3 8 10 9 5 7 11 1 
511,3.47072e-06,4.13242e-06,3.03954e-06,50,100,100,241988,6 2 4 0 3 8 10 9 5 7 11 1 
512,3.47237e-06,4.13242e-06,3.02739e-06,50,100,100,241988,6 2 4 0 3 8 10 9 5 7 11 1 
513,3.49968e-06,4.13242e-06,3.07866e-06,50,100,100,241988,6 2 4 0 3 8 10 9 5 7 11 1 
514,3.50844e-06,4.13242e-06,3.04591e-06,50,100,100,241988,6 2 4 0 3 8 10 9 5 7 11 1 
515,3.49862e-06,4.13242e-06,3.0188e-06,50,100,100,241988,6 2 4 0 3 8 10 9 5 7 11 1 
516,3.48489e-06,4.13242e-06,3.06857e-06,50,100,100,241988,6 2 4 0 3 8 10 9 5 7 11 1 
517,3.4756e-06,4.13242e-06,3.01431e-06,50,100,100,241988,6 2 4 0 3 8 10 9 5 7 11 1 
518,3.49451e-06,4.13242e-06,3.07358e-06,50,100,100,241988,6 2 4 0 3 8 10 9 5 7 11 1 
519,3.48024e-06,4.13242e-06,3.00188e-06,50,100,100,241988,6 2 4 0 3 8 10 9 5 7 11 1 
520,3.46393e-06,4.13242e-06,3.0604e-06,50,100,100,241988,6 2 4 0 3 8 10 9 5 7 11 1 
521,3.47179e-06,4.13242e-06,3.05281e-06,50,100,100,241988,6 2 4 0 3 8 10 9 5 7 11 1 
522,3.46482e-06,4.13242e-06,2.95265e-06,50,100,100,241988,6 2 4 0 3 8 10 9 5 7 11 1 
523,3.45021e-06,4.13242e-06,3.06267e-06,50,100,100,241988,6 2 4 0 3 8 10 9 5 7 11 1 
524,3.47435e-06,4.13242e-06,3.05776e-06,50,100,100,241988,6 2 4 0 3 8 10 9 5 7 11 1 
525,3.50798e-06,4.13242e-06,3.11485e-06,50,100,100,241988,6 2 4 0 3 8 10 9 5 7 11 1 
526,3.52573e-06,4.13242e-06,3.06872e-06,50,100,100,241988,6 2 4 0 3 8 10 9 5 7 11 1 
527,3.52172e-06,4.13242e-06,3.01338e-06,50,100,100,241988,6 2 4 0 3 8 10 9 5 7 11 1 
528,3.53034e-06,4.13242e-06,3.01627e-06,50,100,100,241988,6 2 4 0 3 8 10 9 5 7 11 1 
529,3.53129e-06,4.13242e-06,2.97275e-06,50,100,100,241988,6 2 4 0 3 8 10 9 5 7 11 1 
530,3.53453e-06,4.13242e-06,3.06199e-06,50,100,100,241988,6 2 4 0 3 8 10 9 5 7 11 1 
531,3.57743e-06,4.13242e-06,3.01533e-06,50,100,100,241988,6 2 4 0 3 8 10 9 5 7 11 1 
532,3.60646e-06,4.13242e-06,3.2221e-06,50,100,100,241988,6 2 4 0 3 8 10 9 5 7 11 1 
533,3.63569e-06,4.13242e-06,3.13721e-06,50,100,100,241988,6 2 4 0 3 8 10 9 5 7 11 1 
534,3.66886e-06,4.13242e-06,3.1469e-06,50,100,100,241988,6 2 4 0 3 8 10 9 5 7 11 1 
535,3.6391e-06,4.13242e-06,3.10342e-06,50,100,100,241988,6 2 4 0 3 8 10 9 5 7 11 1 
536,3.64429e-06,4.13242e-06,3.20639e-06,50,100,100,241988,6 2 4 0 3 8 10 9 5 7 11 1 
537,3.62881e-06,4.13242e-06,3.14601e-06,50,100,100,241988,6 2 4 0 3 8 10 9 5 7 11 1 
538,3.59614e-06,4.13242e-06,3.03943e-06,50,100,100,241988,6 2 4 0 3 8 10 9 5 7 11 1 
539,3.67036e-06,4.13242e-06,3.08255e-06,50,100,100,241988,6 2 4 0 3 8 10 9 5 7 11 1 
540,3.64952e-06,4.13242e-06,3.11169e-06,50,100,100,241988,6 2 4 0 3 8 10 9 5 7 11 1 
541,3.64777e-06,4.13242e-06,3.05922e-06,50,100,100,241988,6 2 4 0 3 8 10 9 5 7 11 1 
542,3.66434e-06,4.13242e-06,3.09506e-06,50,100,100,241988,6 2 4 0 3 8 10 9 5 7 11 1 
543,3.61359e-06,4.13242e-06,3.03009e-06,50,100,100,241988,6 2 4 0 3 8 10 9 5 7 11 1 
544,3.57309e-06,4.13242e-06,3.07799e-06,50,100,100,241988,6 2 4 0 3 8 10 9 5 7 11 1 
545,3.54494e-06,4.13303e-06,3.10678e-06,50,100,100,241952,1 11 4 0 8 10 3 9 5 7 2 6 
546,3.60179e-06,4.13303e-06,3.12397e-06,50,100,100,241952,1 11 4 0 8 10 3 9 5 7 2 6 
547,3.59472e-06,4.13303e-06,3.10518e-06,50,100,100,241952,1 11 4 0 8 10 3 9 5 7 2 6 
548,3.57076e-06,4.13303e-06,2.99957e-06,50,100,100,241952,1 11 4 0 8 10 3 9 5 7 2 6 
549,3.49072e-06,4.13303e-06,3.01968e-06,50,100,100,241952,1 11 4 0 8 10 3 9 5 7 2 6 
550,3.51197e-06,4.13303e-06,3.12554e-06,50,100,100,241952,1 11 4 0 8 10 3 9 5 7 2 6 
551,3.47987e-06,4.13303e-06,2.982e-06,50,100,100,241952,1 11 4 0 8 10 3 9 5 7 2 6 
552,3.48426e-06,4.13303e-06,3.0456e-06,50,100,100,241952,1 11 4 0 8 10 3 9 5 7 2 6 
553,3.45494e-06,4.13303e-06,3.02536e-06,50,100,100,241952,1 11 4 0 8 10 3 9 5 7 2 6 
554,3.44622e-06,4.13303e-06,2.99169e-06,50,100,100,241952,1 11 4 0 8 10 3 9 5 7 2 6 
555,3.41388e-06,4.13303e-06,2.99062e-06,50,100,100,241952,1 11 4 0 8 10 3 9 5 7 2 6 
556,3.42368e-06,4.13303e-06,3.0241e-06,50,100,100,241952,1 11 4 0 8 10 3 9 5 7 2 6 
557,3.41305e-06,4.13303e-06,3.02311e-06,50,100,100,241952,1 11 4 0 8 10 3 9 5 7 2 6 
558,3.40977e-06,4.13303e-06,2.99831e-06,50,100,100,241952,1 11 4 0 8 10 3 9 5 7 2 6 
559,3.39469e-06,4.13303e-06,3.0203e-06,50,100,100,241952,1 11 4 0 8 10 3 9 5 7 2 6 
560,3.39372e-06,4.13303e-06,3.01061e-06,50,100,100,241952,1 11 4 0 8 10 3 9 5 7 2 6 
561,3.35406e-06,4.13303e-06,2.91932e-06,50,100,100,241952,1 11 4 0 8 10 3 9 5 7 2 6 
562,3.39577e-06,4.13303e-06,3.04847e-06,50,100,100,241952,1 11 4 0 8 10 3 9 5 7 2 6 
563,3.40228e-06,4.20764e-06,3.0015e-06,50,100,100,237662,1 11 4 0 8 3 10 9 5 7 2 6 
564,3.36135e-06,4.20764e-06,2.98574e-06,50,100,100,237662,1 11 4 0 8 3 10 9 5 7 2 6 
565,3.35506e-06,4.20764e-06,2.9986e-06,50,100,100,237662,1 11 4 0 8 3 10 9 5 7 2 6 
566,3.40978e-06,4.20764e-06,3.04803e-06,50,100,100,237662,1 11 4 0 8 3 10 9 5 7 2 6 
567,3.36526e-06,4.20764e-06,2.98612e-06,50,100,100,237662,1 11 4 0 8 3 10 9 5 7 2 6 
568,3.37065e-06,4.20764e-06,3.05389e-06,50,100,100,237662,1 11 4 0 8 3 10 9 5 7 2 6 
569,3.35714e-06,4.20764e-06,2.98992e-06,50,100,100,237662,1 11 4 0 8 3 10 9 5 7 2 6 
570,3.37141e-06,4.20764e-06,2.95987e-06,50,100,100,237662,1 11 4 0 8 3 10 9 5 7 2 6 
571,3.33705e-06,4.20764e-06,3.00298e-06,50,100,100,237662,1 11 4 0 8 3 10 9 5 7 2 6 
572,3.33236e-06,4.20764e-06,2.96885e-06,50,100,100,237662,1 11 4 0 8 3 10 9 5 7 2 6 
573,3.32935e-06,4.20764e-06,2.99261e-06,50,100,100,237662,1 11 4 0 8 3 10 9 5 7 2 6 
574,3.32033e-06,4.20764e-06,3.01055e-06,50,100,100,237662,1 11 4 0 8 3 10 9 5 7 2 6 
575,3.32724e-06,4.20764e-06,2.9959e-06,50,100,100,237662,1 11 4 0 8 3 10 9 5 7 2 6 
576,3.31997e-06,4.20764e-06,2.99549e-06,50,100,100,237662,1 11 4 0 8 3 10 9 5 7 2 6 
577,3.30194e-06,4.20764e-06,2.91687e-06,50,100,100,237662,1 11 4 0 8 3 10 9 5 7 2 6 
578,3.34786e-06,4.20764e-06,3.03013e-06,50,100,100,237662,1 11 4 0 8 3 10 9 5 7 2 6 
579,3.35631e-06,4.20764e-06,3.00612e-06,50,100,100,237662,1 11 4 0 8 3 10 9 5 7 2 6 
580,3.34331e-06,4.20764e-06,2.95572e-06,50,100,100,237662,1 11 4 0 8 3 10 9 5 7 2 6 
581,3.32635e-06,4.20764e-06,2.99691e-06,50,100,100,237662,1 11 4 0 8 3 10 9 5 7 2 6 
582,3.32546e-06,4.20764e-06,3.03311e-06,50,100,100,237662,1 11 4 0 8 3 10 9 5 7 2 6 
583,3.32605e-06,4.20764e-06,2.99524e-06,50,100,100,237662,1 11 4 0 8 3 10 9 5 7 2 6 
584,3.28995e-06,4.20764e-06,2.94562e-06,50,100,100,237662,1 11 4 0 8 3 10 9 5 7 2 6 
585,3.32825e-06,4.20764e-06,2.96032e-06,50,100,100,237662,1 11 4 0 8 3 10 9 5 7 2 6 
586,3.33238e-06,4.20764e-06,2.94837e-06,50,100,100,237662,1 11 4 0 8 3 10 9 5 7 2 6 
587,3.34935e-06,4.20764e-06,2.98259e-06,50,100,100,237662,1 11 4 0 8 3 10 9 5 7 2 6 
588,3.34133e-06,4.20764e-06,2.95652e-06,50,100,100,237662,1 11 4 0 8 3 10 9 5 7 2 6 
589,3.34313e-06,4.20764e-06,3.05423e-06,50,100,100,237662,1 11 4 0 8 3 10 9 5 7 2 6 
590,3.32703e-06,4.20764e-06,2.99801e-06,50,100,100,237662,1 11 4 0 8 3 10 9 5 7 2 6 
591,3.34899e-06,4.20764e-06,2.97737e-06,50,100,100,237662,1 11 4 0 8 3 10 9 5 7 2 6 
592,3.31266e-06,4.20764e-06,3.00274e-06,50,100,100,237662,1 11 4 0 8 3 10 9 5 7 2 6 
593,3.31914e-06,4.20764e-06,2.95511e-06,50,100,100,237662,1 11 4 0 8 3 10 9 5 7 2 6 
594,3.33607e-06,4.20764e-06,2.96594e-06,50,100,100,237662,1 11 4 0 8 3 10 9 5 7 2 6 
595,3.32877e-06,4.20764e-06,2.95733e-06,50,100,100,237662,1 11 4 0 8 3 10 9 5 7 2 6 
596,3.33012e-06,4.20764e-06,2.96399e-06,50,100,100,237662,1 11 4 0 8 3 10 9 5 7 2 6 
597,3.3549e-06,4.20764e-06,3.00543e-06,50,100,100,237662,1 11 4 0 8 3 10 9 5 7 2 6 
598,3.34709e-06,4.20764e-06,3.00675e-06,50,100,100,237662,1 11 4 0 8 3 10 9 5 7 2 6 
599,3.32545e-06,4.20764e-06,2.84619e-06,50,100,100,237662,1 11 4 0 8 3 10 9 5 7 2 6 
600,3.34266e-06,4.20764e-06,2.9676e-06,50,100,100,237662,1 11 4 0 8 3 10 9 5 7 2 6 
601,3.33827e-06,4.20764e-06,2.98039e-06,50,100,100,237662,1 11 4 0 8 3 10 9 5 7 2 6 
602,3.37635e-06,4.20764e-06,3.01808e-06,50,100,100,237662,1 11 4 0 8 3 10 9 5 7 2 6 
603,3.38481e-06,4.20764e-06,2.94467e-06,50,100,100,237662,1 11 4 0 8 3 10 9 5 7 2 6 
604,3.38218e-06,4.20764e-06,2.98072e-06,50,100,100,237662,1 11 4 0 8 3 10 9 5 7 2 6 
605,3.36897e-06,4.20764e-06,2.92226e-06,50,100,100,237662,1 11 4 0 8 3 10 9 5 7 2 6 
606,3.38652e-06,4.20764e-06,3.00015e-06,50,100,100,237662,1 11 4 0 8 3 10 9 5 7 2 6 
607,3.37065e-06,4.20764e-06,3.02048e-06,50,100,100,237662,1 11 4 0 8 3 10 9 5 7 2 6 
608,3.41828e-06,4.20764e-06,3.06512e-06,50,100,100,237662,1 11 4 0 8 3 10 9 5 7 2 6 
609,3.42164e-06,4.20764e-06,3.00498e-06,50,100,100,237662,1 11 4 0 8 3 10 9 5 7 2 6 
610,3.437e-06,4.20764e-06,2.90167e-06,50,100,100,237662,1 11 4 0 8 3 10 9 5 7 2 6 
611,3.45071e-06,4.20764e-06,3.01307e-06,50,100,100,237662,1 11 4 0 8 3 10 9 5 7 2 6 
612,3.47417e-06,4.20764e-06,3.0465e-06,50,100,100,237662,1 11 4 0 8 3 10 9 5 7 2 6 
613,3.48206e-06,4.20764e-06,3.09109e-06,50,100,100,237662,1 11 4 0 8 3 10 9 5 7 2 6 
614,3.48554e-06,4.20764e-06,3.03685e-06,50,100,100,237662,1 11 4 0 8 3 10 9 5 7 2 6 
615,3.46305e-06,4.20764e-06,2.90464e-06,50,100,100,237662,1 11 4 0 8 3 10 9 5 7 2 6 
616,3.51946e-06,4.20764e-06,3.00211e-06,50,100,100,237662,1 11 4 0 8 3 10 9 5 7 2 6 
617,3.57215e-06,4.20764e-06,3.07919e-06,50,100,100,237662,1 11 4 0 8 3 10 9 5 7 2 6 
618,3.5357e-06,4.20764e-06,3.06892e-06,50,100,100,237662,1 11 4 0 8 3 10 9 5 7 2 6 
619,3.54382e-06,4.20764e-06,3.03878e-06,50,100,100,237662,1 11 4 0 8 3 10 9 5 7 2 6 
620,3.55469e-06,4.20764e-06,3.06053e-06,50,100,100,237662,1 11 4 0 8 3 10 9 5 7 2 6 
621,3.5653e-06,4.20764e-06,2.96259e-06,50,100,100,237662,1 11 4 0 8 3 10 9 5 7 2 6 
622,3.53765e-06,4.20764e-06,3.0649e-06,50,100,100,237662,1 11 4 0 8 3 10 9 5 7 2 6 
623,3.59022e-06,4.20764e-06,3.11778e-06,50,100,100,237662,1 11 4 0 8 3 10 9 5 7 2 6 
624,3.57844e-06,4.20764e-06,3.05922e-06,50,100,100,237662,1 11 4 0 8 3 10 9 5 7 2 6 
625,3.59571e-06,4.20764e-06,3.07976e-06,50,100,100,237662,1 11 4 0 8 3 10 9 5 7 2 6 
626,3.58813e-06,4.20764e-06,3.03132e-06,50,100,100,237662,1 11 4 0 8 3 10 9 5 7 2 6 
627,3.64451e-06,4.20764e-06,3.09598e-06,50,100,100,237662,1 11 4 0 8 3 10 9 5 7 2 6 
628,3.64596e-06,4.20764e-06,3.07661e-06,50,100,100,237662,1 11 4 0 8 3 10 9 5 7 2 6 
629,3.70527e-06,4.20764e-06,3.11656e-06,50,100,100,237662,1 11 4 0 8 3 10 9 5 7 2 6 
630,3.65372e-06,4.20764e-06,3.1025e-06,50,100,100,237662,1 11 4 0 8 3 10 9 5 7 2 6 
631,3.63177e-06,4.20764e-06,3.06717e-06,50,100,100,237662,1 11 4 0 8 3 10 9 5 7 2 6 
632,3.59882e-06,4.20764e-06,3.11306e-06,50,100,100,237662,1 11 4 0 8 3 10 9 5 7 2 6 
633,3.61836e-06,4.20764e-06,3.08247e-06,50,100,100,237662,1 11 4 0 8 3 10 9 5 7 2 6 
634,3.62118e-06,4.20764e-06,3.0719e-06,50,100,100,237662,1 11 4 0 8 3 10 9 5 7 2 6 
635,3.62585e-06,4.20764e-06,3.06191e-06,50,100,100,237662,1 11 4 0 8 3 10 9 5 7 2 6 
636,3.61475e-06,4.20764e-06,3.05085e-06,50,100,100,237662,1 11 4 0 8 3 10 9 5 7 2 6 
637,3.67276e-06,4.20764e-06,3.10504e-06,50,100,100,237662,1 11 4 0 8 3 10 9 5 7 2 6 
638,3.61998e-06,4.20764e-06,3.09428e-06,50,100,100,237662,1 11 4 0 8 3 10 9 5 7 2 6 
639,3.6642e-06,4.20764e-06,3.11545e-06,50,100,100,237662,1 11 4 0 8 3 10 9 5 7 2 6 
640,3.67016e-06,4.20764e-06,3.06716e-06,50,100,100,237662,1 11 4 0 8 3 10 9 5 7 2 6 
641,3.69448e-06,4.20764e-06,3.19952e-06,50,100,100,237662,1 11 4 0 8 3 10 9 5 7 2 6 
642,3.68373e-06,4.20764e-06,3.09376e-06,50,100,100,237662,1 11 4 0 8 3 10 9 5 7 2 6 
643,3.67015e-06,4.20764e-06,3.05658e-06,50,100,100,237662,1 11 4 0 8 3 10 9 5 7 2 6 
644,3.6469e-06,4.20764e-06,3.0203e-06,50,100,100,237662,1 11 4 0 8 3 10 9 5 7 2 6 
645,3.69833e-06,4.20764e-06,3.07268e-06,50,100,100,237662,1 11 4 0 8 3 10 9 5 7 2 6 
646,3.70988e-06,4.20764e-06,3.10221e-06,50,100,100,237662,1 11 4 0 8 3 10 9 5 7 2 6 
647,3.69097e-06,4.20764e-06,3.05867e-06,50,100,100,237662,1 11 4 0 8 3 10 9 5 7 2 6 
648,3.70025e-06,4.20764e-06,3.12158e-06,50,100,100,237662,1 11 4 0 8 3 10 9 5 7 2 6 
649,3.66228e-06,4.20764e-06,3.13017e-06,50,100,100,237662,1 11 4 0 8 3 10 9 5 7 2 6 
650,3.66603e-06,4.20764e-06,3.19993e-06,50,100,100,237662,1 11 4 0 8 3 10 9 5 7 2 6 
651,3.67733e-06,4.20764e-06,3.06923e-06,50,100,100,237662,1 11 4 0 8 3 10 9 5 7 2 6 
652,3.70325e-06,4.20764e-06,3.1724e-06,50,100,100,237662,1 11 4 0 8 3 10 9 5 7 2 6 
653,3.66684e-06,4.20764e-06,3.01981e-06,50,100,100,237662,1 11 4 0 8 3 10 9 5 7 2 6 
654,3.72199e-06,4.20764e-06,3.16503e-06,50,100,100,237662,1 11 4 0 8 3 10 9 5 7 2 6 
655,3.71949e-06,4.20764e-06,3.08165e-06,50,100,100,237662,1 11 4 0 8 3 10 9 5 7 2 6 
656,3.67163e-06,4.20764e-06,3.08847e-06,50,100,100,237662,1 11 4 0 8 3 10 9 5 7 2 6 
657,3.70315e-06,4.20764e-06,3.12747e-06,50,100,100,237662,1 11 4 0 8 3 10 9 5 7 2 6 
658,3.68304e-06,4.20764e-06,3.0726e-06,50,100,100,237662,1 11 4 0 8 3 10 9 5 7 2 6 
659,3.72519e-06,4.20764e-06,3.09823e-06,50,100,100,237662,1 11 4 0 8 3 10 9 5 7 2 6 
660,3.69744e-06,4.20764e-06,3.10321e-06,50,100,100,237662,1 11 4 0 8 3 10 9 5 7 2 6 
661,3.7182e-06,4.20764e-06,3.11726e-06,50,100,100,237662,1 11 4 0 8 3 10 9 5 7 2 6 
662,3.75758e-06,4.20764e-06,3.06721e-06,50,100,100,237662,1 11 4 0 8 3 10 9 5 7 2 6 
663,3.71369e-06,4.20764e-06,3.01784e-06,50,100,100,237662,1 11 4 0 8 3 10 9 5 7 2 6 
664,3.75e-06,4.20764e-06,3.12355e-06,50,100,100,237662,1 11 4 0 8 3 10 9 5 7 2 6 
665,3.72366e-06,4.20764e-06,3.09237e-06,50,100,100,237662,1 11 4 0 8 3 10 9 5 7 2 6 
666,3.71937e-06,4.20764e-06,3.05905e-06,50,100,100,237662,1 11 4 0 8 3 10 9 5 7 2 6 
667,3.6671e-06,4.20764e-06,3.04396e-06,50,100,100,237662,1 11 4 0 8 3 10 9 5 7 2 6 
668,3.63548e-06,4.20764e-06,3.06238e-06,50,100,100,237662,1 11 4 0 8 3 10 9 5 7 2 6 
669,3.67696e-06,4.20764e-06,2.95471e-06,50,100,100,237662,1 11 4 0 8 3 10 9 5 7 2 6 
670,3.70236e-06,4.20764e-06,3.14619e-06,50,100,100,237662,1 11 4 0 8 3 10 9 5 7 2 6 
671,3.69426e-06,4.20764e-06,3.12312e-06,50,100,100,237662,1 11 4 0 8 3 10 9 5 7 2 6 
672,3.73096e-06,4.20764e-06,3.16906e-06,50,100,100,237662,1 11 4 0 8 3 10 9 5 7 2 6 
673,3.76046e-06,4.20764e-06,3.06911e-06,50,100,100,237662,1 11 4 0 8 3 10 9 5 7 2 6 
674,3.7221e-06,4.20764e-06,3.10784e-06,50,100,100,237662,1 11 4 0 8 3 10 9 5 7 2 6 
675,3.7732e-06,4.20764e-06,3.0782e-06,50,100,100,237662,1 11 4 0 8 3 10 9 5 7 2 6 
676,3.75259e-06,4.20764e-06,3.12481e-06,50,100,100,237662,1 11 4 0 8 3 10 9 5 7 2 6 
677,3.71178e-06,4.20764e-06,3.17562e-06,50,100,100,237662,1 11 4 0 8 3 10 9 5 7 2 6 
678,3.73699e-06,4.20764e-06,3.06791e-06,50,100,100,237662,1 11 4 0 8 3 10 9 5 7 2 6 
679,3.68621e-06,4.20764e-06,3.11153e-06,50,100,100,237662,1 11 4 0 8 3 10 9 5 7 2 6 
680,3.6695e-06,4.20764e-06,3.13428e-06,50,100,100,237662,1 11 4 0 8 3 10 9 5 7 2 6 
681,3.68565e-06,4.20764e-06,3.10437e-06,50,100,100,237662,1 11 4 0 8 3 10 9 5 7 2 6 
682,3.66283e-06,4.20764e-06,3.12961e-06,50,100,100,237662,1 11 4 0 8 3 10 9 5 7 2 6 
683,3.68599e-06,4.20764e-06,3.13349e-06,50,100,100,237662,1 11 4 0 8 3 10 9 5 7 2 6 
684,3.68774e-06,4.20764e-06,3.07387e-06,50,100,100,237662,1 11 4 0 8 3 10 9 5 7 2 6 
685,3.7012e-06,4.20764e-06,3.16045e-06,50,100,100,237662,1 11 4 0 8 3 10 9 5 7 2 6 
686,3.72789e-06,4.20764e-06,3.05589e-06,50,100,100,237662,1 11 4 0 8 3 10 9 5 7 2 6 
687,3.80989e-06,4.20764e-06,3.23469e-06,50,100,100,237662,1 11 4 0 8 3 10 9 5 7 2 6 
688,3.73395e-06,4.20764e-06,3.06077e-06,50,100,100,237662,1 11 4 0 8 3 10 9 5 7 2 6 
689,3.73571e-06,4.20764e-06,3.07942e-06,50,100,100,237662,1 11 4 0 8 3 10 9 5 7 2 6 
690,3.72745e-06,4.20764e-06,3.18944e-06,50,100,100,237662,1 11 4 0 8 3 10 9 5 7 2 6 
691,3.6541e-06,4.20764e-06,3.10516e-06,50,100,100,237662,1 11 4 0 8 3 10 9 5 7 2 6 
692,3.65905e-06,4.20764e-06,3.06537e-06,50,100,100,237662,1 11 4 0 8 3 10 9 5 7 2 6 
693,3.64178e-06,4.20764e-06,3.0847e-06,50,100,100,237662,1 11 4 0 8 3 10 9 5 7 2 6 
694,3.66619e-06,4.20764e-06,3.05864e-06,50,100,100,237662,1 11 4 0 8 3 10 9 5 7 2 6 
695,3.70529e-06,4.20764e-06,3.05218e-06,50,100,100,237662,1 11 4 0 8 3 10 9 5 7 2 6 
696,3.69736e-06,4.21218e-06,3.09518e-06,50,100,100,237406,4 11 1 0 8 9 5 7 10 3 2 6 
697,3.67667e-06,4.21218e-06,3.08285e-06,50,100,100,237406,4 11 1 0 8 9 5 7 10 3 2 6 
698,3.71778e-06,4.21218e-06,3.11848e-06,50,100,100,237406,4 11 1 0 8 9 5 7 10 3 2 6 
699,3.70058e-06,4.21218e-06,3.03406e-06,50,100,100,237406,4 11 1 0 8 9 5 7 10 3 2 6 
700,3.68275e-06,4.21218e-06,3.05384e-06,50,100,100,237406,4 11 1 0 8 9 5 7 10 3 2 6 
701,3.66814e-06,4.21218e-06,3.12025e-06,50,100,100,237406,4 11 1 0 8 9 5 7 10 3 2 6 
702,3.6809e-06,4.21218e-06,3.02758e-06,50,100,100,237406,4 11 1 0 8 9 5 7 10 3 2 6 
703,3.68456e-06,4.21218e-06,3.08015e-06,50,100,100,237406,4 11 1 0 8 9 5 7 10 3 2 6 
704,3.68282e-06,4.21218e-06,3.05841e-06,50,100,100,237406,4 11 1 0 8 9 5 7 10 3 2 6 
705,3.71907e-06,4.21218e-06,2.99148e-06,50,100,100,237406,4 11 1 0 8 9 5 7 10 3 2 6 
706,3.70241e-06,4.21218e-06,3.11372e-06,50,100,100,237406,4 11 1 0 8 9 5 7 10 3 2 6 
707,3.72651e-06,4.21218e-06,3.06315e-06,50,100,100,237406,4 11 1 0 8 9 5 7 10 3 2 6 
708,3.6818e-06,4.21218e-06,3.12902e-06,50,100,100,237406,4 11 1 0 8 9 5 7 10 3 2 6 
709,3.68892e-06,4.21218e-06,3.16149e-06,50,100,100,237406,4 11 1 0 8 9 5 7 10 3 2 6 
710,3.64105e-06,4.21218e-06,3.04883e-06,50,100,100,237406,4 11 1 0 8 9 5 7 10 3 2 6 
711,3.6911e-06,4.21218e-06,3.08763e-06,50,100,100,237406,4 11 1 0 8 9 5 7 10 3 2 6 
712,3.64662e-06,4.21218e-06,3.03292e-06,50,100,100,237406,4 11 1 0 8 9 5 7 10 3 2 6 
713,3.64416e-06,4.21218e-06,3.05104e-06,50,100,100,237406,4 11 1 0 8 9 5 7 10 3 2 6 
714,3.61188e-06,4.21218e-06,3.13296e-06,50,100,100,237406,4 11 1 0 8 9 5 7 10 3 2 6 
715,3.63553e-06,4.21218e-06,2.98697e-06,50,100,100,237406,4 11 1 0 8 9 5 7 10 3 2 6 
716,3.66618e-06,4.21218e-06,3.051e-06,50,100,100,237406,4 11 1 0 8 9 5 7 10 3 2 6 
717,3.63668e-06,4.21218e-06,3.11045e-06,50,100,100,237406,4 11 1 0 8 9 5 7 10 3 2 6 
718,3.64545e-06,4.21218e-06,3.12571e-06,50,100,100,237406,4 11 1 0 8 9 5 7 10 3 2 6 
719,3.65453e-06,4.21218e-06,3.07661e-06,50,100,100,237406,4 11 1 0 8 9 5 7 10 3 2 6 
720,3.6396e-06,4.21218e-06,3.09754e-06,50,100,100,237406,4 11 1 0 8 9 5 7 10 3 2 6 
721,3.59984e-06,4.21218e-06,3.01931e-06,50,100,100,237406,4 11 1 0 8 9 5 7 10 3 2 6 
722,3.60444e-06,4.21218e-06,3.0782e-06,50,100,100,237406,4 11 1 0 8 9 5 7 10 3 2 6 
723,3.65262e-06,4.21218e-06,3.06163e-06,50,100,100,237406,4 11 1 0 8 9 5 7 10 3 2 6 
724,3.66508e-06,4.21218e-06,3.02771e-06,50,100,100,237406,4 11 1 0 8 9 5 7 10 3 2 6 
725,3.64459e-06,4.21218e-06,2.97975e-06,50,100,100,237406,4 11 1 0 8 9 5 7 10 3 2 6 
726,3.68179e-06,4.21218e-06,3.11978e-06,50,100,100,237406,4 11 1 0 8 9 5 7 10 3 2 6 
727,3.64083e-06,4.21218e-06,2.99784e-06,50,100,100,237406,4 11 1 0 8 9 5 7 10 3 2 6 
728,3.65583e-06,4.21218e-06,3.15532e-06,50,100,100,237406,4 11 1 0 8 9 5 7 10 3 2 6 
729,3.69949e-06,4.21218e-06,3.12278e-06,50,100,100,237406,4 11 1 0 8 9 5 7 10 3 2 6 
730,3.61245e-06,4.21218e-06,3.05688e-06,50,100,100,237406,4 11 1 0 8 9 5 7 10 3 2 6 
731,3.63765e-06,4.21218e-06,3.16788e-06,50,100,100,237406,4 11 1 0 8 9 5 7 10 3 2 6 
732,3.63821e-06,4.21218e-06,3.11508e-06,50,100,100,237406,4 11 1 0 8 9 5 7 10 3 2 6 
733,3.61076e-06,4.21218e-06,3.13866e-06,50,100,100,237406,4 11 1 0 8 9 5 7 10 3 2 6 
734,3.6236e-06,4.21218e-06,3.06964e-06,50,100,100,237406,4 11 1 0 8 9 5 7 10 3 2 6 
735,3.66031e-06,4.21218e-06,3.10055e-06,50,100,100,237406,4 11 1 0 8 9 5 7 10 3 2 6 
736,3.6062e-06,4.21218e-06,3.05761e-06,50,100,100,237406,4 11 1 0 8 9 5 7 10 3 2 6 
737,3.57171e-06,4.21218e-06,2.9606e-06,50,100,100,237406,4 11 1 0 8 9 5 7 10 3 2 6 
738,3.64112e-06,4.21218e-06,3.12072e-06,50,100,100,237406,4 11 1 0 8 9 5 7 10 3 2 6 
739,3.64385e-06,4.21218e-06,3.10795e-06,50,100,100,237406,4 11 1 0 8 9 5 7 10 3 2 6 
740,3.61861e-06,4.21218e-06,3.01373e-06,50,100,100,237406,4 11 1 0 8 9 5 7 10 3 2 6 
741,3.59749e-06,4.21218e-06,3.05208e-06,50,100,100,237406,4 11 1 0 8 9 5 7 10 3 2 6 
742,3.62057e-06,4.21218e-06,3.06674e-06,50,100,100,237406,4 11 1 0 8 9 5 7 10 3 2 6 
743,3.61687e-06,4.21218e-06,3.05417e-06,50,100,100,237406,4 11 1 0 8 9 5 7 10 3 2 6 
744,3.63362e-06,4.21218e-06,3.08165e-06,50,100,100,237406,4 11 1 0 8 9 5 7 10 3 2 6 
745,3.62873e-06,4.21218e-06,3.12939e-06,50,100,100,237406,4 11 1 0 8 9 5 7 10 3 2 6 
746,3.67148e-06,4.21218e-06,2.98296e-06,50,100,100,237406,4 11 1 0 8 9 5 7 10 3 2 6 
747,3.6632e-06,4.21218e-06,2.96656e-06,50,100,100,237406,4 11 1 0 8 9 5 7 10 3 2 6 
748,3.6879e-06,4.21218e-06,3.06047e-06,50,100,100,237406,4 11 1 0 8 9 5 7 10 3 2 6 
749,3.67599e-06,4.21218e-06,3.09457e-06,50,100,100,237406,4 11 1 0 8 9 5 7 10 3 2 6 
750,3.66686e-06,4.21218e-06,3.05636e-06,50,100,100,237406,4 11 1 0 8 9 5 7 10 3 2 6 
751,3.70487e-06,4.21218e-06,3.09095e-06,50,100,100,237406,4 11 1 0 8 9 5 7 10 3 2 6 
752,3.74567e-06,4.21218e-06,3.09714e-06,50,100,100,237406,4 11 1 0 8 9 5 7 10 3 2 6 
753,3.72043e-06,4.21218e-06,3.04441e-06,50,100,100,237406,4 11 1 0 8 9 5 7 10 3 2 6 
754,3.74611e-06,4.21218e-06,3.00096e-06,50,100,100,237406,4 11 1 0 8 9 5 7 10 3 2 6 
755,3.7688e-06,4.21218e-06,3.14271e-06,50,100,100,237406,4 11 1 0 8 9 5 7 10 3 2 6 
756,3.74268e-06,4.21218e-06,3.06242e-06,50,100,100,237406,4 11 1 0 8 9 5 7 10 3 2 6 
757,3.68082e-06,4.21218e-06,2.99865e-06,50,100,100,237406,4 11 1 0 8 9 5 7 10 3 2 6 
758,3.707e-06,4.21218e-06,3.01173e-06,50,100,100,237406,4 11 1 0 8 9 5 7 10 3 2 6 
759,3.67439e-06,4.21218e-06,3.02622e-06,50,100,100,237406,4 11 1 0 8 9 5 7 10 3 2 6 
760,3.72351e-06,4.21218e-06,2.99169e-06,50,100,100,237406,4 11 1 0 8 9 5 7 10 3 2 6 
761,3.733e-06,4.21218e-06,3.02223e-06,50,100,100,237406,4 11 1 0 8 9 5 7 10 3 2 6 
762,3.70943e-06,4.21218e-06,3.01565e-06,50,100,100,237406,4 11 1 0 8 9 5 7 10 3 2 6 
763,3.70101e-06,4.21218e-06,3.05647e-06,50,100,100,237406,4 11 1 0 8 9 5 7 10 3 2 6 
764,3.7065e-06,4.21218e-06,3.04133e-06,50,100,100,237406,4 11 1 0 8 9 5 7 10 3 2 6 
765,3.67926e-06,4.21218e-06,3.06556e-06,50,100,100,237406,4 11 1 0 8 9 5 7 10 3 2 6 
766,3.72788e-06,4.21218e-06,3.05117e-06,50,100,100,237406,4 11 1 0 8 9 5 7 10 3 2 6 
767,3.71587e-06,4.21218e-06,3.08279e-06,50,100,100,237406,4 11 1 0 8 9 5 7 10 3 2 6 
768,3.73897e-06,4.21218e-06,3.02057e-06,50,100,100,237406,4 11 1 0 8 9 5 7 10 3 2 6 
769,3.73621e-06,4.21218e-06,3.07198e-06,50,100,100,237406,4 11 1 0 8 9 5 7 10 3 2 6 
770,3.6944e-06,4.21218e-06,3.08759e-06,50,100,100,237406,4 11 1 0 8 9 5 7 10 3 2 6 
771,3.68333e-06,4.21218e-06,3.04859e-06,50,100,100,237406,4 11 1 0 8 9 5 7 10 3 2 6 
772,3.7367e-06,4.21218e-06,3.05522e-06,50,100,100,237406,4 11 1 0 8 9 5 7 10 3 2 6 
773,3.66386e-06,4.21218e-06,3.06526e-06,50,100,100,237406,4 11 1 0 8 9 5 7 10 3 2 6 
774,3.64373e-06,4.21218e-06,3.07147e-06,50,100,100,237406,4 11 1 0 8 9 5 7 10 3 2 6 
775,3.63239e-06,4.21218e-06,3.00907e-06,50,100,100,237406,4 11 1 0 8 9 5 7 10 3 2 6 
776,3.70355e-06,4.21218e-06,3.08727e-06,50,100,100,237406,4 11 1 0 8 9 5 7 10 3 2 6 
777,3.69847e-06,4.21218e-06,2.95211e-06,50,100,100,237406,4 11 1 0 8 9 5 7 10 3 2 6 
778,3.68203e-06,4.21218e-06,3.06252e-06,50,100,100,237406,4 11 1 0 8 9 5 7 10 3 2 6 
779,3.68021e-06,4.21218e-06,3.08858e-06,50,100,100,237406,4 11 1 0 8 9 5 7 10 3 2 6 
780,3.71046e-06,4.21218e-06,3.06466e-06,50,100,100,237406,4 11 1 0 8 9 5 7 10 3 2 6 
781,3.72637e-06,4.21218e-06,3.14785e-06,50,100,100,237406,4 11 1 0 8 9 5 7 10 3 2 6 
782,3.75299e-06,4.21218e-06,3.15425e-06,50,100,100,237406,4 11 1 0 8 9 5 7 10 3 2 6 
783,3.72724e-06,4.21218e-06,3.11539e-06,50,100,100,237406,4 11 1 0 8 9 5 7 10 3 2 6 
784,3.75167e-06,4.21218e-06,3.06252e-06,50,100,100,237406,4 11 1 0 8 9 5 7 10 3 2 6 
785,3.68155e-06,4.21218e-06,3.04615e-06,50,100,100,237406,4 11 1 0 8 9 5 7 10 3 2 6 
786,3.68463e-06,4.21218e-06,3.11045e-06,50,100,100,237406,4 11 1 0 8 9 5 7 10 3 2 6 
787,3.73595e-06,4.21218e-06,3.10599e-06,50,100,100,237406,4 11 1 0 8 9 5 7 10 3 2 6 
788,3.71296e-06,4.21218e-06,3.0854e-06,50,100,100,237406,4 11 1 0 8 9 5 7 10 3 2 6 
789,3.67072e-06,4.21218e-06,3.00997e-06,50,100,100,237406,4 11 1 0 8 9 5 7 10 3 2 6 
790,3.66061e-06,4.21218e-06,3.15383e-06,50,100,100,237406,4 11 1 0 8 9 5 7 10 3 2 6 
791,3.64974e-06,4.21218e-06,3.05673e-06,50,100,100,237406,4 11 1 0 8 9 5 7 10 3 2 6 
792,3.65573e-06,4.21218e-06,2.98899e-06,50,100,100,237406,4 11 1 0 8 9 5 7 10 3 2 6 
793,3.72235e-06,4.21218e-06,2.97998e-06,50,100,100,237406,4 11 1 0 8 9 5 7 10 3 2 6 
794,3.68079e-06,4.21218e-06,3.06319e-06,50,100,100,237406,4 11 1 0 8 9 5 7 10 3 2 6 
795,3.7338e-06,4.21218e-06,3.10046e-06,50,100,100,237406,4 11 1 0 8 9 5 7 10 3 2 6 
796,3.71174e-06,4.21218e-06,3.06212e-06,50,100,100,237406,4 11 1 0 8 9 5 7 10 3 2 6 
797,3.71809e-06,4.21218e-06,3.00186e-06,50,100,100,237406,4 11 1 0 8 9 5 7 10 3 2 6 
798,3.70597e-06,4.21218e-06,3.14932e-06,50,100,100,237406,4 11 1 0 8 9 5 7 10 3 2 6 
799,3.668e-06,4.21218e-06,3.04428e-06,50,100,100,237406,4 11 1 0 8 9 5 7 10 3 2 6 
800,3.71253e-06,4.21218e-06,3.0649e-06,50,100,100,237406,4 11 1 0 8 9 5 7 10 3 2 6 
801,3.62528e-06,4.21218e-06,2.96236e-06,50,100,100,237406,4 11 1 0 8 9 5 7 10 3 2 6 
802,3.64984e-06,4.21218e-06,3.00002e-06,50,100,100,237406,4 11 1 0 8 9 5 7 10 3 2 6 
803,3.58605e-06,4.24259e-06,2.99684e-06,50,100,100,235704,4 11 8 0 1 9 5 7 10 3 2 6 
804,3.70732e-06,4.24259e-06,3.10213e-06,50,100,100,235704,4 11 8 0 1 9 5 7 10 3 2 6 
805,3.71055e-06,4.24259e-06,3.01644e-06,50,100,100,235704,4 11 8 0 1 9 5 7 10 3 2 6 
806,3.68003e-06,4.24259e-06,3.06038e-06,50,100,100,235704,4 11 8 0 1 9 5 7 10 3 2 6 
807,3.65441e-06,4.24259e-06,3.06751e-06,50,100,100,235704,4 11 8 0 1 9 5 7 10 3 2 6 
808,3.65481e-06,4.24259e-06,3.03899e-06,50,100,100,235704,4 11 8 0 1 9 5 7 10 3 2 6 
809,3.70314e-06,4.24259e-06,3.12583e-06,50,100,100,235704,4 11 8 0 1 9 5 7 10 3 2 6 
810,3.68918e-06,4.24259e-06,3.10232e-06,50,100,100,235704,4 11 8 0 1 9 5 7 10 3 2 6 
811,3.67009e-06,4.24259e-06,3.09101e-06,50,100,100,235704,4 11 8 0 1 9 5 7 10 3 2 6 
812,3.6542e-06,4.24259e-06,3.02041e-06,50,100,100,235704,4 11 8 0 1 9 5 7 10 3 2 6 
813,3.60317e-06,4.24259e-06,2.96424e-06,50,100,100,235704,4 11 8 0 1 9 5 7 10 3 2 6 
814,3.62063e-06,4.24259e-06,3.0589e-06,50,100,100,235704,4 11 8 0 1 9 5 7 10 3 2 6 
815,3.59778e-06,4.24259e-06,3.00161e-06,50,100,100,235704,4 11 8 0 1 9 5 7 10 3 2 6 
816,3.57481e-06,4.24259e-06,3.04662e-06,50,100,100,235704,4 11 8 0 1 9 5 7 10 3 2 6 
817,3.56422e-06,4.24259e-06,3.01246e-06,50,100,100,235704,4 11 8 0 1 9 5 7 10 3 2 6 
818,3.58781e-06,4.24259e-06,3.01424e-06,50,100,100,235704,4 11 8 0 1 9 5 7 10 3 2 6 
819,3.64747e-06,4.24259e-06,3.13286e-06,50,100,100,235704,4 11 8 0 1 9 5 7 10 3 2 6 
820,3.67877e-06,4.24259e-06,2.99671e-06,50,100,100,235704,4 11 8 0 1 9 5 7 10 3 2 6 
821,3.70931e-06,4.24259e-06,3.09418e-06,50,100,100,235704,4 11 8 0 1 9 5 7 10 3 2 6 
822,3.7208e-06,4.24259e-06,3.13457e-06,50,100,100,235704,4 11 8 0 1 9 5 7 10 3 2 6 
823,3.71164e-06,4.24259e-06,3.0655e-06,50,100,100,235704,4 11 8 0 1 9 5 7 10 3 2 6 
824,3.7284e-06,4.24259e-06,3.06057e-06,50,100,100,235704,4 11 8 0 1 9 5 7 10 3 2 6 
825,3.72013e-06,4.24259e-06,3.0482e-06,50,100,100,235704,4 11 8 0 1 9 5 7 10 3 2 6 
826,3.76961e-06,4.24259e-06,2.9949e-06,50,100,100,235704,4 11 8 0 1 9 5 7 10 3 2 6 
827,3.70746e-06,4.24259e-06,3.07667e-06,50,100,100,235704,4 11 8 0 1 9 5 7 10 3 2 6 
828,3.71429e-06,4.24259e-06,3.06252e-06,50,100,100,235704,4 11 8 0 1 9 5 7 10 3 2 6 
829,3.6722e-06,4.24259e-06,2.97061e-06,50,100,100,235704,4 11 8 0 1 9 5 7 10 3 2 6 
830,3.65095e-06,4.24259e-06,2.96248e-06,50,100,100,235704,4 11 8 0 1 9 5 7 10 3 2 6 
831,3.63005e-06,4.24259e-06,3.07358e-06,50,100,100,235704,4 11 8 0 1 9 5 7 10 3 2 6 
832,3.60484e-06,4.24259e-06,3.0241e-06,50,100,100,235704,4 11 8 0 1 9 5 7 10 3 2 6 
833,3.56348e-06,4.24259e-06,3.08095e-06,50,100,100,235704,4 11 8 0 1 9 5 7 10 3 2 6 
834,3.57996e-06,4.24259e-06,3.0065e-06,50,100,100,235704,4 11 8 0 1 9 5 7 10 3 2 6 
835,3.60832e-06,4.24259e-06,2.9393e-06,50,100,100,235704,4 11 8 0 1 9 5 7 10 3 2 6 
836,3.648e-06,4.24259e-06,3.04289e-06,50,100,100,235704,4 11 8 0 1 9 5 7 10 3 2 6 
837,3.63227e-06,4.24259e-06,3.03474e-06,50,100,100,235704,4 11 8 0 1 9 5 7 10 3 2 6 
838,3.66148e-06,4.24259e-06,2.89874e-06,50,100,100,235704,4 11 8 0 1 9 5 7 10 3 2 6 
839,3.6762e-06,4.24259e-06,3.01139e-06,50,100,100,235704,4 11 8 0 1 9 5 7 10 3 2 6 
840,3.6567e-06,4.24259e-06,2.99714e-06,50,100,100,235704,4 11 8 0 1 9 5 7 10 3 2 6 
841,3.67656e-06,4.24259e-06,3.02408e-06,50,100,100,235704,4 11 8 0 1 9 5 7 10 3 2 6 
842,3.68367e-06,4.24259e-06,3.00812e-06,50,100,100,235704,4 11 8 0 1 9 5 7 10 3 2 6 
843,3.62631e-06,4.24259e-06,2.98548e-06,50,100,100,235704,4 11 8 0 1 9 5 7 10 3 2 6 
844,3.58221e-06,4.24259e-06,2.95305e-06,50,100,100,235704,4 11 8 0 1 9 5 7 10 3 2 6 
845,3.64026e-06,4.24259e-06,3.06285e-06,50,100,100,235704,4 11 8 0 1 9 5 7 10 3 2 6 
846,3.65268e-06,4.24259e-06,2.98377e-06,50,100,100,235704,4 11 8 0 1 9 5 7 10 3 2 6 
847,3.58633e-06,4.24259e-06,3.03781e-06,50,100,100,235704,4 11 8 0 1 9 5 7 10 3 2 6 
848,3.65018e-06,4.24259e-06,3.09093e-06,50,100,100,235704,4 11 8 0 1 9 5 7 10 3 2 6 
849,3.65465e-06,4.24259e-06,3.08935e-06,50,100,100,235704,4 11 8 0 1 9 5 7 10 3 2 6 
850,3.65262e-06,4.24259e-06,3.11299e-06,50,100,100,235704,4 11 8 0 1 9 5 7 10 3 2 6 
851,3.6165e-06,4.24259e-06,3.04065e-06,50,100,100,235704,4 11 8 0 1 9 5 7 10 3 2 6 
852,3.59981e-06,4.24259e-06,2.96436e-06,50,100,100,235704,4 11 8 0 1 9 5 7 10 3 2 6 
853,3.63404e-06,4.24259e-06,3.01262e-06,50,100,100,235704,4 11 8 0 1 9 5 7 10 3 2 6 
854,3.62735e-06,4.24259e-06,3.06492e-06,50,100,100,235704,4 11 8 0 1 9 5 7 10 3 2 6 
855,3.58818e-06,4.24259e-06,2.99878e-06,50,100,100,235704,4 11 8 0 1 9 5 7 10 3 2 6 
856,3.60788e-06,4.24259e-06,2.97077e-06,50,100,100,235704,4 11 8 0 1 9 5 7 10 3 2 6 
857,3.65037e-06,4.24259e-06,3.0425e-06,50,100,100,235704,4 11 8 0 1 9 5 7 10 3 2 6 
858,3.63375e-06,4.24259e-06,3.00966e-06,50,100,100,235704,4 11 8 0 1 9 5 7 10 3 2 6 
859,3.65428e-06,4.24259e-06,3.02954e-06,50,100,100,235704,4 11 8 0 1 9 5 7 10 3 2 6 
860,3.62847e-06,4.24259e-06,2.9429e-06,50,100,100,235704,4 11 8 0 1 9 5 7 10 3 2 6 
861,3.62274e-06,4.24259e-06,3.05985e-06,50,100,100,235704,4 11 8 0 1 9 5 7 10 3 2 6 
862,3.57129e-06,4.24259e-06,2.9338e-06,50,100,100,235704,4 11 8 0 1 9 5 7 10 3 2 6 
863,3.60169e-06,4.24259e-06,3.06657e-06,50,100,100,235704,4 11 8 0 1 9 5 7 10 3 2 6 
864,3.62238e-06,4.24259e-06,3.06657e-06,50,100,100,235704,4 11 8 0 1 9 5 7 10 3 2 6 
865,3.60548e-06,4.24259e-06,3.04376e-06,50,100,100,235704,4 11 8 0 1 9 5 7 10 3 2 6 
866,3.6401e-06,4.24259e-06,3.07915e-06,50,100,100,235704,4 11 8 0 1 9 5 7 10 3 2 6 
867,3.65149e-06,4.24259e-06,3.11353e-06,50,100,100,235704,4 11 8 0 1 9 5 7 10 3 2 6 
868,3.67081e-06,4.24259e-06,3.06261e-06,50,100,100,235704,4 11 8 0 1 9 5 7 10 3 2 6 
869,3.65422e-06,4.24259e-06,3.03685e-06,50,100,100,235704,4 11 8 0 1 9 5 7 10 3 2 6 
870,3.64009e-06,4.24259e-06,3.01913e-06,50,100,100,235704,4 11 8 0 1 9 5 7 10 3 2 6 
871,3.53554e-06,4.24259e-06,2.92779e-06,50,100,100,235704,4 11 8 0 1 9 5 7 10 3 2 6 
872,3.56538e-06,4.24259e-06,2.9605e-06,50,100,100,235704,4 11 8 0 1 9 5 7 10 3 2 6 
873,3.51909e-06,4.24259e-06,3.02617e-06,50,100,100,235704,4 11 8 0 1 9 5 7 10 3 2 6 
874,3.55716e-06,4.24259e-06,3.03419e-06,50,100,100,235704,4 11 8 0 1 9 5 7 10 3 2 6 
875,3.58898e-06,4.24259e-06,3.05838e-06,50,100,100,235704,4 11 8 0 1 9 5 7 10 3 2 6 
876,3.61226e-06,4.24259e-06,2.95983e-06,50,100,100,235704,4 11 8 0 1 9 5 7 10 3 2 6 
877,3.68884e-06,4.24259e-06,3.07568e-06,50,100,100,235704,4 11 8 0 1 9 5 7 10 3 2 6 
878,3.62694e-06,4.24259e-06,3.06122e-06,50,100,100,235704,4 11 8 0 1 9 5 7 10 3 2 6 
879,3.64812e-06,4.24259e-06,3.06892e-06,50,100,100,235704,4 11 8 0 1 9 5 7 10 3 2 6 
880,3.63717e-06,4.24259e-06,3.07576e-06,50,100,100,235704,4 11 8 0 1 9 5 7 10 3 2 6 
881,3.63858e-06,4.24259e-06,3.15825e-06,50,100,100,235704,4 11 8 0 1 9 5 7 10 3 2 6 
882,3.63255e-06,4.24259e-06,3.06578e-06,50,100,100,235704,4 11 8 0 1 9 5 7 10 3 2 6 
883,3.56869e-06,4.24259e-06,3.06768e-06,50,100,100,235704,4 11 8 0 1 9 5 7 10 3 2 6 
884,3.58744e-06,4.24259e-06,3.04115e-06,50,100,100,235704,4 11 8 0 1 9 5 7 10 3 2 6 
885,3.59585e-06,4.24259e-06,2.95436e-06,50,100,100,235704,4 11 8 0 1 9 5 7 10 3 2 6 
886,3.60232e-06,4.24259e-06,3.04272e-06,50,100,100,235704,4 11 8 0 1 9 5 7 10 3 2 6 
887,3.62763e-06,4.24259e-06,3.08656e-06,50,100,100,235704,4 11 8 0 1 9 5 7 10 3 2 6 
888,3.6351e-06,4.24259e-06,3.00854e-06,50,100,100,235704,4 11 8 0 1 9 5 7 10 3 2 6 
889,3.62645e-06,4.24259e-06,3.09231e-06,50,100,100,235704,4 11 8 0 1 9 5 7 10 3 2 6 
890,3.61421e-06,4.24259e-06,3.04096e-06,50,100,100,235704,4 11 8 0 1 9 5 7 10 3 2 6 
891,3.64823e-06,4.24259e-06,3.01404e-06,50,100,100,235704,4 11 8 0 1 9 5 7 10 3 2 6 
892,3.67995e-06,4.24259e-06,2.922e-06,50,100,100,235704,4 11 8 0 1 9 5 7 10 3 2 6 
893,3.62951e-06,4.24259e-06,3.05182e-06,50,100,100,235704,4 11 8 0 1 9 5 7 10 3 2 6 
894,3.68237e-06,4.24259e-06,3.06876e-06,50,100,100,235704,4 11 8 0 1 9 5 7 10 3 2 6 
895,3.71256e-06,4.24259e-06,3.00901e-06,50,100,100,235704,4 11 8 0 1 9 5 7 10 3 2 6 
896,3.69808e-06,4.24259e-06,3.05787e-06,50,100,100,235704,4 11 8 0 1 9 5 7 10 3 2 6 
897,3.64966e-06,4.24259e-06,3.02452e-06,50,100,100,235704,4 11 8 0 1 9 5 7 10 3 2 6 
898,3.71991e-06,4.24259e-06,3.12179e-06,50,100,100,235704,4 11 8 0 1 9 5 7 10 3 2 6 
899,3.67532e-06,4.24259e-06,3.07498e-06,50,100,100,235704,4 11 8 0 1 9 5 7 10 3 2 6 
900,3.57046e-06,4.24259e-06,2.98564e-06,50,100,100,235704,4 11 8 0 1 9 5 7 10 3 2 6 
901,3.58386e-06,4.24259e-06,2.99187e-06,50,100,100,235704,4 11 8 0 1 9 5 7 10 3 2 6 
902,3.60097e-06,4.24259e-06,2.99867e-06,50,100,100,235704,4 11 8 0 1 9 5 7 10 3 2 6 
903,3.57003e-06,4.24259e-06,3.05993e-06,50,100,100,235704,4 11 8 0 1 9 5 7 10 3 2 6 
904,3.55216e-06,4.24259e-06,3.00724e-06,50,100,100,235704,4 11 8 0 1 9 5 7 10 3 2 6 
905,3.58223e-06,4.24259e-06,3.05182e-06,50,100,100,235704,4 11 8 0 1 9 5 7 10 3 2 6 
906,3.60124e-06,4.24259e-06,3.04019e-06,50,100,100,235704,4 11 8 0 1 9 5 7 10 3 2 6 
907,3.63778e-06,4.24259e-06,3.05173e-06,50,100,100,235704,4 11 8 0 1 9 5 7 10 3 2 6 
908,3.69709e-06,4.24259e-06,3.05182e-06,50,100,100,235704,4 11 8 0 1 9 5 7 10 3 2 6 
909,3.7061e-06,4.24259e-06,2.99056e-06,50,100,100,235704,4 11 8 0 1 9 5 7 10 3 2 6 
910,3.71147e-06,4.24259e-06,3.06064e-06,50,100,100,235704,4 11 8 0 1 9 5 7 10 3 2 6 
911,3.70832e-06,4.24259e-06,3.12421e-06,50,100,100,235704,4 11 8 0 1 9 5 7 10 3 2 6 
912,3.6588e-06,4.24259e-06,2.89336e-06,50,100,100,235704,4 11 8 0 1 9 5 7 10 3 2 6 
913,3.66862e-06,4.24259e-06,3.06212e-06,50,100,100,235704,4 11 8 0 1 9 5 7 10 3 2 6 
914,3.65693e-06,4.24259e-06,3.12128e-06,50,100,100,235704,4 11 8 0 1 9 5 7 10 3 2 6 
915,3.70088e-06,4.24259e-06,3.09531e-06,50,100,100,235704,4 11 8 0 1 9 5 7 10 3 2 6 
916,3.66645e-06,4.24259e-06,3.02008e-06,50,100,100,235704,4 11 8 0 1 9 5 7 10 3 2 6 
917,3.63747e-06,4.24259e-06,3.10743e-06,50,100,100,235704,4 11 8 0 1 9 5 7 10 3 2 6 
918,3.60485e-06,4.24259e-06,3.02121e-06,50,100,100,235704,4 11 8 0 1 9 5 7 10 3 2 6 
919,3.61321e-06,4.24259e-06,3.07324e-06,50,100,100,235704,4 11 8 0 1 9 5 7 10 3 2 6 
920,3.67529e-06,4.24259e-06,3.03941e-06,50,100,100,235704,4 11 8 0 1 9 5 7 10 3 2 6 
921,3.61541e-06,4.24259e-06,2.93115e-06,50,100,100,235704,4 11 8 0 1 9 5 7 10 3 2 6 
922,3.65453e-06,4.24259e-06,3.01904e-06,50,100,100,235704,4 11 8 0 1 9 5 7 10 3 2 6 
923,3.62588e-06,4.24259e-06,3.02749e-06,50,100,100,235704,4 11 8 0 1 9 5 7 10 3 2 6 
924,3.63041e-06,4.24259e-06,3.09338e-06,50,100,100,235704,4 11 8 0 1 9 5 7 10 3 2 6 
925,3.62422e-06,4.24259e-06,3.06657e-06,50,100,100,235704,4 11 8 0 1 9 5 7 10 3 2 6 
926,3.60855e-06,4.24259e-06,3.03217e-06,50,100,100,235704,4 11 8 0 1 9 5 7 10 3 2 6 
927,3.58281e-06,4.24259e-06,3.00948e-06,50,100,100,235704,4 11 8 0 1 9 5 7 10 3 2 6 
928,3.61181e-06,4.24259e-06,3.06028e-06,50,100,100,235704,4 11 8 0 1 9 5 7 10 3 2 6 
929,3.57004e-06,4.24259e-06,3.04267e-06,50,100,100,235704,4 11 8 0 1 9 5 7 10 3 2 6 
930,3.541e-06,4.24259e-06,3.0275e-06,50,100,100,235704,4 11 8 0 1 9 5 7 10 3 2 6 
931,3.57557e-06,4.24259e-06,3.03556e-06,50,100,100,235704,4 11 8 0 1 9 5 7 10 3 2 6 
932,3.55669e-06,4.24259e-06,3.07009e-06,50,100,100,235704,4 11 8 0 1 9 5 7 10 3 2 6 
933,3.6336e-06,4.24259e-06,3.15883e-06,50,100,100,235704,4 11 8 0 1 9 5 7 10 3 2 6 
934,3.66139e-06,4.24259e-06,3.10207e-06,50,100,100,235704,4 11 8 0 1 9 5 7 10 3 2 6 
935,3.63949e-06,4.24259e-06,3.09977e-06,50,100,100,235704,4 11 8 0 1 9 5 7 10 3 2 6 
936,3.66584e-06,4.24259e-06,3.01505e-06,50,100,100,235704,4 11 8 0 1 9 5 7 10 3 2 6 
937,3.67705e-06,4.24259e-06,3.06212e-06,50,100,100,235704,4 11 8 0 1 9 5 7 10 3 2 6 
938,3.68955e-06,4.24259e-06,3.07262e-06,50,100,100,235704,4 11 8 0 1 9 5 7 10 3 2 6 
939,3.66016e-06,4.24259e-06,3.04933e-06,50,100,100,235704,4 11 8 0 1 9 5 7 10 3 2 6 
940,3.65479e-06,4.24259e-06,3.10556e-06,50,100,100,235704,4 11 8 0 1 9 5 7 10 3 2 6 
941,3.68168e-06,4.24259e-06,3.02251e-06,50,100,100,235704,4 11 8 0 1 9 5 7 10 3 2 6 
942,3.68698e-06,4.24259e-06,2.96188e-06,50,100,100,235704,4 11 8 0 1 9 5 7 10 3 2 6 
943,3.67678e-06,4.24259e-06,3.10346e-06,50,100,100,235704,4 11 8 0 1 9 5 7 10 3 2 6 
944,3.59833e-06,4.24259e-06,2.97372e-06,50,100,100,235704,4 11 8 0 1 9 5 7 10 3 2 6 
945,3.64685e-06,4.24259e-06,3.0624e-06,50,100,100,235704,4 11 8 0 1 9 5 7 10 3 2 6 
946,3.57874e-06,4.24259e-06,3.03143e-06,50,100,100,235704,4 11 8 0 1 9 5 7 10 3 2 6 
947,3.59535e-06,4.24259e-06,3.00089e-06,50,100,100,235704,4 11 8 0 1 9 5 7 10 3 2 6 
948,3.57515e-06,4.24259e-06,3.08508e-06,50,100,100,235704,4 11 8 0 1 9 5 7 10 3 2 6 
949,3.60768e-06,4.24259e-06,3.00456e-06,50,100,100,235704,4 11 8 0 1 9 5 7 10 3 2 6 
950,3.64156e-06,4.24259e-06,3.04924e-06,50,100,100,235704,4 11 8 0 1 9 5 7 10 3 2 6 
951,3.67708e-06,4.24259e-06,3.07172e-06,50,100,100,235704,4 11 8 0 1 9 5 7 10 3 2 6 
952,3.61651e-06,4.24259e-06,3.05002e-06,50,100,100,235704,4 11 8 0 1 9 5 7 10 3 2 6 
953,3.65309e-06,4.24259e-06,3.02668e-06,50,100,100,235704,4 11 8 0 1 9 5 7 10 3 2 6 
954,3.62931e-06,4.24259e-06,3.11689e-06,50,100,100,235704,4 11 8 0 1 9 5 7 10 3 2 6 
955,3.64338e-06,4.24259e-06,3.01575e-06,50,100,100,235704,4 11 8 0 1 9 5 7 10 3 2 6 
956,3.59992e-06,4.24259e-06,3.0497e-06,50,100,100,235704,4 11 8 0 1 9 5 7 10 3 2 6 
957,3.5892e-06,4.24259e-06,3.06761e-06,50,100,100,235704,4 11 8 0 1 9 5 7 10 3 2 6 
958,3.60349e-06,4.24259e-06,3.01709e-06,50,100,100,235704,4 11 8 0 1 9 5 7 10 3 2 6 
959,3.6261e-06,4.24259e-06,3.05894e-06,50,100,100,235704,4 11 8 0 1 9 5 7 10 3 2 6 
960,3.64038e-06,4.24259e-06,3.00411e-06,50,100,100,235704,4 11 8 0 1 9 5 7 10 3 2 6 
961,3.62104e-06,4.24259e-06,3.01933e-06,50,100,100,235704,4 11 8 0 1 9 5 7 10 3 2 6 
962,3.63888e-06,4.24259e-06,3.06289e-06,50,100,100,235704,4 11 8 0 1 9 5 7 10 3 2 6 
963,3.60626e-06,4.24259e-06,3.09959e-06,50,100,100,235704,4 11 8 0 1 9 5 7 10 3 2 6 
964,3.62534e-06,4.24259e-06,3.06122e-06,50,100,100,235704,4 11 8 0 1 9 5 7 10 3 2 6 
965,3.60586e-06,4.24259e-06,3.06657e-06,50,100,100,235704,4 11 8 0 1 9 5 7 10 3 2 6 
966,3.6521e-06,4.24259e-06,3.14809e-06,50,100,100,235704,4 11 8 0 1 9 5 7 10 3 2 6 
967,3.67626e-06,4.24259e-06,3.05866e-06,50,100,100,235704,4 11 8 0 1 9 5 7 10 3 2 6 
968,3.65094e-06,4.24259e-06,3.11213e-06,50,100,100,235704,4 11 8 0 1 9 5 7 10 3 2 6 
969,3.69312e-06,4.24259e-06,2.97937e-06,50,100,100,235704,4 11 8 0 1 9 5 7 10 3 2 6 
970,3.5958e-06,4.24259e-06,2.83045e-06,50,100,100,235704,4 11 8 0 1 9 5 7 10 3 2 6 
971,3.63314e-06,4.24259e-06,3.06122e-06,50,100,100,235704,4 11 8 0 1 9 5 7 10 3 2 6 
972,3.62342e-06,4.24259e-06,3.05218e-06,50,100,100,235704,4 11 8 0 1 9 5 7 10 3 2 6 
973,3.63827e-06,4.24259e-06,3.05423e-06,50,100,100,235704,4 11 8 0 1 9 5 7 10 3 2 6 
974,3.5941e-06,4.24259e-06,3.0362e-06,50,100,100,235704,4 11 8 0 1 9 5 7 10 3 2 6 
975,3.68002e-06,4.24259e-06,3.09328e-06,50,100,100,235704,4 11 8 0 1 9 5 7 10 3 2 6 
976,3.61056e-06,4.24259e-06,3.08289e-06,50,100,100,235704,4 11 8 0 1 9 5 7 10 3 2 6 
977,3.58744e-06,4.24259e-06,3.10348e-06,50,100,100,235704,4 11 8 0 1 9 5 7 10 3 2 6 
978,3.60688e-06,4.24259e-06,3.09367e-06,50,100,100,235704,4 11 8 0 1 9 5 7 10 3 2 6 
979,3.62437e-06,4.24259e-06,3.04758e-06,50,100,100,235704,4 11 8 0 1 9 5 7 10 3 2 6 
980,3.64744e-06,4.24259e-06,2.98213e-06,50,100,100,235704,4 11 8 0 1 9 5 7 10 3 2 6 
981,3.65512e-06,4.24259e-06,3.00438e-06,50,100,100,235704,4 11 8 0 1 9 5 7 10 3 2 6 
982,3.65382e-06,4.24259e-06,3.02914e-06,50,100,100,235704,4 11 8 0 1 9 5 7 10 3 2 6 
983,3.55131e-06,4.24259e-06,2.97602e-06,50,100,100,235704,4 11 8 0 1 9 5 7 10 3 2 6 
984,3.53943e-06,4.24259e-06,3.03928e-06,50,100,100,235704,4 11 8 0 1 9 5 7 10 3 2 6 
985,3.5362e-06,4.24259e-06,2.93802e-06,50,100,100,235704,4 11 8 0 1 9 5 7 10 3 2 6 
986,3.54469e-06,4.24259e-06,3.06744e-06,50,100,100,235704,4 11 8 0 1 9 5 7 10 3 2 6 
987,3.57188e-06,4.24259e-06,3.03923e-06,50,100,100,235704,4 11 8 0 1 9 5 7 10 3 2 6 
988,3.61111e-06,4.24259e-06,3.05796e-06,50,100,100,235704,4 11 8 0 1 9 5 7 10 3 2 6 
989,3.64908e-06,4.24259e-06,3.08998e-06,50,100,100,235704,4 11 8 0 1 9 5 7 10 3 2 6 
990,3.63269e-06,4.24259e-06,3.06751e-06,50,100,100,235704,4 11 8 0 1 9 5 7 10 3 2 6 
991,3.6553e-06,4.24259e-06,3.01627e-06,50,100,100,235704,4 11 8 0 1 9 5 7 10 3 2 6 
992,3.65932e-06,4.24259e-06,3.06019e-06,50,100,100,235704,4 11 8 0 1 9 5 7 10 3 2 6 
993,3.67697e-06,4.24259e-06,3.0563e-06,50,100,100,235704,4 11 8 0 1 9 5 7 10 3 2 6 
994,3.64041e-06,4.24259e-06,2.98821e-06,50,100,100,235704,4 11 8 0 1 9 5 7 10 3 2 6 
995,3.66792e-06,4.24259e-06,3.03296e-06,50,100,100,235704,4 11 8 0 1 9 5 7 10 3 2 6 
996,3.61212e-06,4.24259e-06,3.0258e-06,50,100,100,235704,4 11 8 0 1 9 5 7 10 3 2 6 
997,3.60383e-06,4.24259e-06,2.96192e-06,50,100,100,235704,4 11 8 0 1 9 5 7 10 3 2 6 
998,3.61681e-06,4.24259e-06,3.0068e-06,50,100,100,235704,4 11 8 0 1 9 5 7 10 3 2 6 
999,3.66285e-06,4.24259e-06,3.04689e-06,50,100,100,235704,4 11 8 0 1 9 5 7 10 3 2 6 
