Generación,Media,Mejor,Peor,Cruzas,Mutaciones,Inversiones,Costo,Permutación
1,3.22396e-06,3.81297e-06,2.95452e-06,50,100,100,262262,10 4 3 11 6 9 5 8 7 0 2 1 
2,3.24474e-06,3.81297e-06,2.94048e-06,50,100,100,262262,10 4 3 11 6 9 5 8 7 0 2 1 
3,3.26364e-06,3.81297e-06,2.97153e-06,50,100,100,262262,10 4 3 11 6 9 5 8 7 0 2 1 
4,3.2404e-06,3.81297e-06,2.89696e-06,50,100,100,262262,10 4 3 11 6 9 5 8 7 0 2 1 
5,3.25481e-06,3.81297e-06,2.93425e-06,50,100,100,262262,10 4 3 11 6 9 5 8 7 0 2 1 
6,3.25741e-06,3.81297e-06,2.96638e-06,50,100,100,262262,10 4 3 11 6 9 5 8 7 0 2 1 
7,3.26099e-06,3.81297e-06,2.91534e-06,50,100,100,262262,10 4 3 11 6 9 5 8 7 0 2 1 
8,3.25991e-06,3.81297e-06,2.9762e-06,50,100,100,262262,10 4 3 11 6 9 5 8 7 0 2 1 
9,3.26708e-06,3.81297e-06,2.93959e-06,50,100,100,262262,10 4 3 11 6 9 5 8 7 0 2 1 
10,3.25551e-06,3.81297e-06,2.98908e-06,50,100,100,262262,10 4 3 11 6 9 5 8 7 0 2 1 
11,3.26721e-06,3.81297e-06,2.92731e-06,50,100,100,262262,10 4 3 11 6 9 5 8 7 0 2 1 
12,3.27995e-06,3.81297e-06,2.92286e-06,50,100,100,262262,10 4 3 11 6 9 5 8 7 0 2 1 
13,3.27999e-06,3.81297e-06,2.92638e-06,50,100,100,262262,10 4 3 11 6 9 5 8 7 0 2 1 
14,3.27098e-06,3.81297e-06,2.88641e-06,50,100,100,262262,10 4 3 11 6 9 5 8 7 0 2 1 
15,3.29867e-06,3.85201e-06,2.94411e-06,50,100,100,259604,10 7 1 11 8 2 9 0 3 5 4 6 
16,3.27473e-06,3.85201e-06,2.94578e-06,50,100,100,259604,10 7 1 11 8 2 9 0 3 5 4 6 
17,3.30471e-06,3.90343e-06,2.93688e-06,50,100,100,256184,2 4 6 3 5 9 10 0 8 7 11 1 
18,3.32952e-06,3.90343e-06,2.94833e-06,50,100,100,256184,2 4 6 3 5 9 10 0 8 7 11 1 
19,3.30371e-06,3.90343e-06,2.98209e-06,50,100,100,256184,2 4 6 3 5 9 10 0 8 7 11 1 
20,3.29725e-06,3.90343e-06,3.01442e-06,50,100,100,256184,2 4 6 3 5 9 10 0 8 7 11 1 
21,3.31036e-06,3.96909e-06,2.9908e-06,50,100,100,251946,10 11 3 0 6 1 4 5 9 2 7 8 
22,3.30482e-06,3.96909e-06,2.91575e-06,50,100,100,251946,10 11 3 0 6 1 4 5 9 2 7 8 
23,3.31644e-06,3.96909e-06,2.93616e-06,50,100,100,251946,10 11 3 0 6 1 4 5 9 2 7 8 
24,3.31644e-06,4.10053e-06,2.9719e-06,50,100,100,243870,4 11 8 0 6 1 3 5 9 2 7 10 
25,3.31032e-06,4.10053e-06,2.99082e-06,50,100,100,243870,4 11 8 0 6 1 3 5 9 2 7 10 
26,3.28354e-06,4.10053e-06,2.93883e-06,50,100,100,243870,4 11 8 0 6 1 3 5 9 2 7 10 
27,3.29699e-06,4.10053e-06,2.9257e-06,50,100,100,243870,4 11 8 0 6 1 3 5 9 2 7 10 
28,3.33978e-06,4.10053e-06,3.02551e-06,50,100,100,243870,4 11 8 0 6 1 3 5 9 2 7 10 
29,3.30549e-06,4.10053e-06,2.98983e-06,50,100,100,243870,4 11 8 0 6 1 3 5 9 2 7 10 
30,3.30589e-06,4.10053e-06,3.0313e-06,50,100,100,243870,4 11 8 0 6 1 3 5 9 2 7 10 
31,3.31652e-06,4.10053e-06,2.98348e-06,50,100,100,243870,4 11 8 0 6 1 3 5 9 2 7 10 
32,3.27465e-06,4.10053e-06,2.94993e-06,50,100,100,243870,4 11 8 0 6 1 3 5 9 2 7 10 
33,3.29005e-06,4.10053e-06,2.99793e-06,50,100,100,243870,4 11 8 0 6 1 3 5 9 2 7 10 
34,3.28486e-06,4.10053e-06,2.95595e-06,50,100,100,243870,4 11 8 0 6 1 3 5 9 2 7 10 
35,3.30629e-06,4.10053e-06,2.99126e-06,50,100,100,243870,4 11 8 0 6 1 3 5 9 2 7 10 
36,3.30498e-06,4.10053e-06,2.95644e-06,50,100,100,243870,4 11 8 0 6 1 3 5 9 2 7 10 
37,3.29449e-06,4.10053e-06,2.94699e-06,50,100,100,243870,4 11 8 0 6 1 3 5 9 2 7 10 
38,3.30317e-06,4.10053e-06,2.92986e-06,50,100,100,243870,4 11 8 0 6 1 3 5 9 2 7 10 
39,3.31493e-06,4.10053e-06,2.97932e-06,50,100,100,243870,4 11 8 0 6 1 3 5 9 2 7 10 
40,3.31639e-06,4.10053e-06,2.89507e-06,50,100,100,243870,4 11 8 0 6 1 3 5 9 2 7 10 
41,3.36015e-06,4.10053e-06,3.05707e-06,50,100,100,243870,4 11 8 0 6 1 3 5 9 2 7 10 
42,3.31695e-06,4.10053e-06,2.96747e-06,50,100,100,243870,4 11 8 0 6 1 3 5 9 2 7 10 
43,3.30127e-06,4.10053e-06,3.00146e-06,50,100,100,243870,4 11 8 0 6 1 3 5 9 2 7 10 
44,3.28337e-06,4.10053e-06,2.99056e-06,50,100,100,243870,4 11 8 0 6 1 3 5 9 2 7 10 
45,3.30777e-06,4.10053e-06,2.93184e-06,50,100,100,243870,4 11 8 0 6 1 3 5 9 2 7 10 
46,3.30698e-06,4.10053e-06,2.9632e-06,50,100,100,243870,4 11 8 0 6 1 3 5 9 2 7 10 
47,3.2991e-06,4.10053e-06,2.96737e-06,50,100,100,243870,4 11 8 0 6 1 3 5 9 2 7 10 
48,3.29763e-06,4.10053e-06,2.97042e-06,50,100,100,243870,4 11 8 0 6 1 3 5 9 2 7 10 
49,3.29203e-06,4.10053e-06,3.00787e-06,50,100,100,243870,4 11 8 0 6 1 3 5 9 2 7 10 
50,3.29928e-06,4.10053e-06,2.99508e-06,50,100,100,243870,4 11 8 0 6 1 3 5 9 2 7 10 
51,3.30629e-06,4.10053e-06,2.95631e-06,50,100,100,243870,4 11 8 0 6 1 3 5 9 2 7 10 
52,3.27818e-06,4.10053e-06,2.89898e-06,50,100,100,243870,4 11 8 0 6 1 3 5 9 2 7 10 
53,3.29149e-06,4.10053e-06,2.95481e-06,50,100,100,243870,4 11 8 0 6 1 3 5 9 2 7 10 
54,3.31352e-06,4.10053e-06,2.95897e-06,50,100,100,243870,4 11 8 0 6 1 3 5 9 2 7 10 
55,3.27909e-06,4.10053e-06,2.97962e-06,50,100,100,243870,4 11 8 0 6 1 3 5 9 2 7 10 
56,3.32403e-06,4.10053e-06,2.98621e-06,50,100,100,243870,4 11 8 0 6 1 3 5 9 2 7 10 
57,3.35192e-06,4.10053e-06,3.03517e-06,50,100,100,243870,4 11 8 0 6 1 3 5 9 2 7 10 
58,3.34999e-06,4.10053e-06,3.00727e-06,50,100,100,243870,4 11 8 0 6 1 3 5 9 2 7 10 
59,3.3688e-06,4.14867e-06,2.98646e-06,50,100,100,241040,4 11 1 0 9 8 10 3 5 2 7 6 
60,3.38176e-06,4.14867e-06,3.00708e-06,50,100,100,241040,4 11 1 0 9 8 10 3 5 2 7 6 
61,3.35663e-06,4.14867e-06,3.04363e-06,50,100,100,241040,4 11 1 0 9 8 10 3 5 2 7 6 
62,3.35264e-06,4.14867e-06,2.98188e-06,50,100,100,241040,4 11 1 0 9 8 10 3 5 2 7 6 
63,3.31933e-06,4.14867e-06,2.97962e-06,50,100,100,241040,4 11 1 0 9 8 10 3 5 2 7 6 
64,3.34728e-06,4.14867e-06,3.03862e-06,50,100,100,241040,4 11 1 0 9 8 10 3 5 2 7 6 
65,3.3391e-06,4.14867e-06,3.02556e-06,50,100,100,241040,4 11 1 0 9 8 10 3 5 2 7 6 
66,3.33161e-06,4.14867e-06,2.93473e-06,50,100,100,241040,4 11 1 0 9 8 10 3 5 2 7 6 
67,3.32229e-06,4.14867e-06,2.94857e-06,50,100,100,241040,4 11 1 0 9 8 10 3 5 2 7 6 
68,3.31068e-06,4.14867e-06,2.88873e-06,50,100,100,241040,4 11 1 0 9 8 10 3 5 2 7 6 
69,3.31093e-06,4.14867e-06,2.95616e-06,50,100,100,241040,4 11 1 0 9 8 10 3 5 2 7 6 
70,3.30751e-06,4.14867e-06,2.99058e-06,50,100,100,241040,4 11 1 0 9 8 10 3 5 2 7 6 
71,3.28743e-06,4.14867e-06,2.91408e-06,50,100,100,241040,4 11 1 0 9 8 10 3 5 2 7 6 
72,3.35153e-06,4.14867e-06,2.9234e-06,50,100,100,241040,4 11 1 0 9 8 10 3 5 2 7 6 
73,3.33252e-06,4.14867e-06,2.92755e-06,50,100,100,241040,4 11 1 0 9 8 10 3 5 2 7 6 
74,3.37074e-06,4.14867e-06,3.06497e-06,50,100,100,241040,4 11 1 0 9 8 10 3 5 2 7 6 
75,3.31845e-06,4.14867e-06,2.95267e-06,50,100,100,241040,4 11 1 0 9 8 10 3 5 2 7 6 
76,3.33132e-06,4.14867e-06,2.93426e-06,50,100,100,241040,4 11 1 0 9 8 10 3 5 2 7 6 
77,3.31181e-06,4.14867e-06,3.01338e-06,50,100,100,241040,4 11 1 0 9 8 10 3 5 2 7 6 
78,3.30651e-06,4.14867e-06,3.03843e-06,50,100,100,241040,4 11 1 0 9 8 10 3 5 2 7 6 
79,3.29948e-06,4.14867e-06,2.90202e-06,50,100,100,241040,4 11 1 0 9 8 10 3 5 2 7 6 
80,3.32983e-06,4.14867e-06,2.98014e-06,50,100,100,241040,4 11 1 0 9 8 10 3 5 2 7 6 
81,3.33134e-06,4.14867e-06,2.94155e-06,50,100,100,241040,4 11 1 0 9 8 10 3 5 2 7 6 
82,3.32576e-06,4.14867e-06,2.9272e-06,50,100,100,241040,4 11 1 0 9 8 10 3 5 2 7 6 
83,3.34425e-06,4.14867e-06,2.97709e-06,50,100,100,241040,4 11 1 0 9 8 10 3 5 2 7 6 
84,3.31453e-06,4.14867e-06,2.97454e-06,50,100,100,241040,4 11 1 0 9 8 10 3 5 2 7 6 
85,3.31803e-06,4.14867e-06,2.9364e-06,50,100,100,241040,4 11 1 0 9 8 10 3 5 2 7 6 
86,3.3291e-06,4.14867e-06,2.97317e-06,50,100,100,241040,4 11 1 0 9 8 10 3 5 2 7 6 
87,3.35509e-06,4.14867e-06,2.95992e-06,50,100,100,241040,4 11 1 0 9 8 10 3 5 2 7 6 
88,3.3475e-06,4.14867e-06,2.96746e-06,50,100,100,241040,4 11 1 0 9 8 10 3 5 2 7 6 
89,3.34367e-06,4.14867e-06,3.02798e-06,50,100,100,241040,4 11 1 0 9 8 10 3 5 2 7 6 
90,3.31129e-06,4.14867e-06,2.8542e-06,50,100,100,241040,4 11 1 0 9 8 10 3 5 2 7 6 
91,3.3229e-06,4.14867e-06,2.98719e-06,50,100,100,241040,4 11 1 0 9 8 10 3 5 2 7 6 
92,3.36922e-06,4.14867e-06,2.9908e-06,50,100,100,241040,4 11 1 0 9 8 10 3 5 2 7 6 
93,3.36867e-06,4.14867e-06,2.98792e-06,50,100,100,241040,4 11 1 0 9 8 10 3 5 2 7 6 
94,3.35723e-06,4.14867e-06,2.98103e-06,50,100,100,241040,4 11 1 0 9 8 10 3 5 2 7 6 
95,3.3554e-06,4.14867e-06,3.04102e-06,50,100,100,241040,4 11 1 0 9 8 10 3 5 2 7 6 
96,3.36535e-06,4.14867e-06,2.98491e-06,50,100,100,241040,4 11 1 0 9 8 10 3 5 2 7 6 
97,3.37431e-06,4.14867e-06,2.94772e-06,50,100,100,241040,4 11 1 0 9 8 10 3 5 2 7 6 
98,3.35851e-06,4.14867e-06,3.03701e-06,50,100,100,241040,4 11 1 0 9 8 10 3 5 2 7 6 
99,3.35935e-06,4.14867e-06,2.98737e-06,50,100,100,241040,4 11 1 0 9 8 10 3 5 2 7 6 
100,3.3968e-06,4.14867e-06,2.9271e-06,50,100,100,241040,4 11 1 0 9 8 10 3 5 2 7 6 
101,3.37294e-06,4.14867e-06,2.98603e-06,50,100,100,241040,4 11 1 0 9 8 10 3 5 2 7 6 
102,3.36703e-06,4.14867e-06,2.99585e-06,50,100,100,241040,4 11 1 0 9 8 10 3 5 2 7 6 
103,3.36585e-06,4.14867e-06,3.04183e-06,50,100,100,241040,4 11 1 0 9 8 10 3 5 2 7 6 
104,3.40625e-06,4.14867e-06,2.9894e-06,50,100,100,241040,4 11 1 0 9 8 10 3 5 2 7 6 
105,3.40004e-06,4.14867e-06,3.03705e-06,50,100,100,241040,4 11 1 0 9 8 10 3 5 2 7 6 
106,3.39287e-06,4.14867e-06,3.03338e-06,50,100,100,241040,4 11 1 0 9 8 10 3 5 2 7 6 
107,3.36077e-06,4.14867e-06,3.03243e-06,50,100,100,241040,4 11 1 0 9 8 10 3 5 2 7 6 
108,3.37695e-06,4.14867e-06,3.02428e-06,50,100,100,241040,4 11 1 0 9 8 10 3 5 2 7 6 
109,3.36e-06,4.14867e-06,2.97285e-06,50,100,100,241040,4 11 1 0 9 8 10 3 5 2 7 6 
110,3.35688e-06,4.14867e-06,2.97042e-06,50,100,100,241040,4 11 1 0 9 8 10 3 5 2 7 6 
111,3.37784e-06,4.14867e-06,3.06859e-06,50,100,100,241040,4 11 1 0 9 8 10 3 5 2 7 6 
112,3.37001e-06,4.14867e-06,2.93799e-06,50,100,100,241040,4 11 1 0 9 8 10 3 5 2 7 6 
113,3.35451e-06,4.14867e-06,2.98049e-06,50,100,100,241040,4 11 1 0 9 8 10 3 5 2 7 6 
114,3.35728e-06,4.14867e-06,3.03327e-06,50,100,100,241040,4 11 1 0 9 8 10 3 5 2 7 6 
115,3.38339e-06,4.14867e-06,3.01644e-06,50,100,100,241040,4 11 1 0 9 8 10 3 5 2 7 6 
116,3.40519e-06,4.14867e-06,3.02348e-06,50,100,100,241040,4 11 1 0 9 8 10 3 5 2 7 6 
117,3.36954e-06,4.14867e-06,3.00652e-06,50,100,100,241040,4 11 1 0 9 8 10 3 5 2 7 6 
118,3.35644e-06,4.14867e-06,2.94607e-06,50,100,100,241040,4 11 1 0 9 8 10 3 5 2 7 6 
119,3.3798e-06,4.14867e-06,2.98685e-06,50,100,100,241040,4 11 1 0 9 8 10 3 5 2 7 6 
120,3.3927e-06,4.14867e-06,2.91771e-06,50,100,100,241040,4 11 1 0 9 8 10 3 5 2 7 6 
121,3.41435e-06,4.14867e-06,3.0247e-06,50,100,100,241040,4 11 1 0 9 8 10 3 5 2 7 6 
122,3.40559e-06,4.14867e-06,3.01191e-06,50,100,100,241040,4 11 1 0 9 8 10 3 5 2 7 6 
123,3.36513e-06,4.14867e-06,2.96406e-06,50,100,100,241040,4 11 1 0 9 8 10 3 5 2 7 6 
124,3.35225e-06,4.14867e-06,2.96578e-06,50,100,100,241040,4 11 1 0 9 8 10 3 5 2 7 6 
125,3.3849e-06,4.14867e-06,3.03445e-06,50,100,100,241040,4 11 1 0 9 8 10 3 5 2 7 6 
126,3.39361e-06,4.14867e-06,2.98928e-06,50,100,100,241040,4 11 1 0 9 8 10 3 5 2 7 6 
127,3.41573e-06,4.15733e-06,3.04834e-06,50,100,100,240538,4 11 1 0 9 10 3 8 5 2 7 6 
128,3.39042e-06,4.15733e-06,2.98523e-06,50,100,100,240538,4 11 1 0 9 10 3 8 5 2 7 6 
129,3.36439e-06,4.15733e-06,3.02081e-06,50,100,100,240538,4 11 1 0 9 10 3 8 5 2 7 6 
130,3.364e-06,4.15733e-06,3.03895e-06,50,100,100,240538,4 11 1 0 9 10 3 8 5 2 7 6 
131,3.3771e-06,4.15733e-06,3.03504e-06,50,100,100,240538,4 11 1 0 9 10 3 8 5 2 7 6 
132,3.34883e-06,4.15733e-06,2.97811e-06,50,100,100,240538,4 11 1 0 9 10 3 8 5 2 7 6 
133,3.36095e-06,4.15733e-06,3.06325e-06,50,100,100,240538,4 11 1 0 9 10 3 8 5 2 7 6 
134,3.37608e-06,4.15733e-06,3.045e-06,50,100,100,240538,4 11 1 0 9 10 3 8 5 2 7 6 
135,3.38008e-06,4.15733e-06,2.95658e-06,50,100,100,240538,4 11 1 0 9 10 3 8 5 2 7 6 
136,3.36419e-06,4.15733e-06,2.97905e-06,50,100,100,240538,4 11 1 0 9 10 3 8 5 2 7 6 
137,3.40219e-06,4.15733e-06,3.09208e-06,50,100,100,240538,4 11 1 0 9 10 3 8 5 2 7 6 
138,3.39861e-06,4.15733e-06,3.00381e-06,50,100,100,240538,4 11 1 0 9 10 3 8 5 2 7 6 
139,3.43678e-06,4.15733e-06,3.00689e-06,50,100,100,240538,4 11 1 0 9 10 3 8 5 2 7 6 
140,3.38915e-06,4.15733e-06,3.03709e-06,50,100,100,240538,4 11 1 0 9 10 3 8 5 2 7 6 
141,3.37979e-06,4.15733e-06,2.9819e-06,50,100,100,240538,4 11 1 0 9 10 3 8 5 2 7 6 
142,3.34865e-06,4.15733e-06,3.00823e-06,50,100,100,240538,4 11 1 0 9 10 3 8 5 2 7 6 
143,3.38841e-06,4.15733e-06,2.95485e-06,50,100,100,240538,4 11 1 0 9 10 3 8 5 2 7 6 
144,3.36371e-06,4.15733e-06,2.97654e-06,50,100,100,240538,4 11 1 0 9 10 3 8 5 2 7 6 
145,3.37191e-06,4.15733e-06,2.99348e-06,50,100,100,240538,4 11 1 0 9 10 3 8 5 2 7 6 
146,3.39472e-06,4.15733e-06,3.03653e-06,50,100,100,240538,4 11 1 0 9 10 3 8 5 2 7 6 
147,3.36924e-06,4.15733e-06,3.02023e-06,50,100,100,240538,4 11 1 0 9 10 3 8 5 2 7 6 
148,3.3843e-06,4.15733e-06,3.03934e-06,50,100,100,240538,4 11 1 0 9 10 3 8 5 2 7 6 
149,3.37913e-06,4.15733e-06,2.97984e-06,50,100,100,240538,4 11 1 0 9 10 3 8 5 2 7 6 
150,3.41242e-06,4.15733e-06,3.00225e-06,50,100,100,240538,4 11 1 0 9 10 3 8 5 2 7 6 
151,3.40516e-06,4.15733e-06,3.01627e-06,50,100,100,240538,4 11 1 0 9 10 3 8 5 2 7 6 
152,3.406e-06,4.15733e-06,3.04793e-06,50,100,100,240538,4 11 1 0 9 10 3 8 5 2 7 6 
153,3.40113e-06,4.15733e-06,3.04469e-06,50,100,100,240538,4 11 1 0 9 10 3 8 5 2 7 6 
154,3.40908e-06,4.15733e-06,3.03753e-06,50,100,100,240538,4 11 1 0 9 10 3 8 5 2 7 6 
155,3.38227e-06,4.18766e-06,2.9628e-06,50,100,100,238796,1 11 4 0 10 9 3 8 7 5 2 6 
156,3.38661e-06,4.18766e-06,3.04193e-06,50,100,100,238796,1 11 4 0 10 9 3 8 7 5 2 6 
157,3.39125e-06,4.18766e-06,3.01427e-06,50,100,100,238796,1 11 4 0 10 9 3 8 7 5 2 6 
158,3.41202e-06,4.18766e-06,3.02659e-06,50,100,100,238796,1 11 4 0 10 9 3 8 7 5 2 6 
159,3.39066e-06,4.18766e-06,3.0572e-06,50,100,100,238796,1 11 4 0 10 9 3 8 7 5 2 6 
160,3.36811e-06,4.18766e-06,3.00047e-06,50,100,100,238796,1 11 4 0 10 9 3 8 7 5 2 6 
161,3.35123e-06,4.18766e-06,3.01462e-06,50,100,100,238796,1 11 4 0 10 9 3 8 7 5 2 6 
162,3.37506e-06,4.18766e-06,3.00876e-06,50,100,100,238796,1 11 4 0 10 9 3 8 7 5 2 6 
163,3.39798e-06,4.18766e-06,3.04345e-06,50,100,100,238796,1 11 4 0 10 9 3 8 7 5 2 6 
164,3.39384e-06,4.18766e-06,2.98494e-06,50,100,100,238796,1 11 4 0 10 9 3 8 7 5 2 6 
165,3.37537e-06,4.18766e-06,3.04738e-06,50,100,100,238796,1 11 4 0 10 9 3 8 7 5 2 6 
166,3.40288e-06,4.18766e-06,3.06486e-06,50,100,100,238796,1 11 4 0 10 9 3 8 7 5 2 6 
167,3.43111e-06,4.18766e-06,3.05954e-06,50,100,100,238796,1 11 4 0 10 9 3 8 7 5 2 6 
168,3.43109e-06,4.18766e-06,3.04417e-06,50,100,100,238796,1 11 4 0 10 9 3 8 7 5 2 6 
169,3.43173e-06,4.18766e-06,3.0776e-06,50,100,100,238796,1 11 4 0 10 9 3 8 7 5 2 6 
170,3.45205e-06,4.18766e-06,3.05552e-06,50,100,100,238796,1 11 4 0 10 9 3 8 7 5 2 6 
171,3.44152e-06,4.18766e-06,3.00532e-06,50,100,100,238796,1 11 4 0 10 9 3 8 7 5 2 6 
172,3.49373e-06,4.18766e-06,2.92768e-06,50,100,100,238796,1 11 4 0 10 9 3 8 7 5 2 6 
173,3.47557e-06,4.18766e-06,3.1521e-06,50,100,100,238796,1 11 4 0 10 9 3 8 7 5 2 6 
174,3.46781e-06,4.18766e-06,3.06725e-06,50,100,100,238796,1 11 4 0 10 9 3 8 7 5 2 6 
175,3.52496e-06,4.18766e-06,3.09767e-06,50,100,100,238796,1 11 4 0 10 9 3 8 7 5 2 6 
176,3.5573e-06,4.18766e-06,3.08794e-06,50,100,100,238796,1 11 4 0 10 9 3 8 7 5 2 6 
177,3.51922e-06,4.18766e-06,3.00509e-06,50,100,100,238796,1 11 4 0 10 9 3 8 7 5 2 6 
178,3.50743e-06,4.18766e-06,3.08961e-06,50,100,100,238796,1 11 4 0 10 9 3 8 7 5 2 6 
179,3.54175e-06,4.18766e-06,3.11951e-06,50,100,100,238796,1 11 4 0 10 9 3 8 7 5 2 6 
180,3.5198e-06,4.18766e-06,2.98724e-06,50,100,100,238796,1 11 4 0 10 9 3 8 7 5 2 6 
181,3.52176e-06,4.18766e-06,2.97563e-06,50,100,100,238796,1 11 4 0 10 9 3 8 7 5 2 6 
182,3.52213e-06,4.18766e-06,2.97959e-06,50,100,100,238796,1 11 4 0 10 9 3 8 7 5 2 6 
183,3.55228e-06,4.18766e-06,3.0346e-06,50,100,100,238796,1 11 4 0 10 9 3 8 7 5 2 6 
184,3.5464e-06,4.18766e-06,3.04777e-06,50,100,100,238796,1 11 4 0 10 9 3 8 7 5 2 6 
185,3.57474e-06,4.18766e-06,3.05108e-06,50,100,100,238796,1 11 4 0 10 9 3 8 7 5 2 6 
186,3.59967e-06,4.18766e-06,2.97811e-06,50,100,100,238796,1 11 4 0 10 9 3 8 7 5 2 6 
187,3.55285e-06,4.18766e-06,3.02452e-06,50,100,100,238796,1 11 4 0 10 9 3 8 7 5 2 6 
188,3.57087e-06,4.18766e-06,3.04004e-06,50,100,100,238796,1 11 4 0 10 9 3 8 7 5 2 6 
189,3.58024e-06,4.18766e-06,3.01629e-06,50,100,100,238796,1 11 4 0 10 9 3 8 7 5 2 6 
190,3.60677e-06,4.18766e-06,3.05156e-06,50,100,100,238796,1 11 4 0 10 9 3 8 7 5 2 6 
191,3.62029e-06,4.18766e-06,3.20343e-06,50,100,100,238796,1 11 4 0 10 9 3 8 7 5 2 6 
192,3.62336e-06,4.18766e-06,3.00498e-06,50,100,100,238796,1 11 4 0 10 9 3 8 7 5 2 6 
193,3.63893e-06,4.18766e-06,3.06949e-06,50,100,100,238796,1 11 4 0 10 9 3 8 7 5 2 6 
194,3.64763e-06,4.18766e-06,3.08971e-06,50,100,100,238796,1 11 4 0 10 9 3 8 7 5 2 6 
195,3.67688e-06,4.18766e-06,3.10159e-06,50,100,100,238796,1 11 4 0 10 9 3 8 7 5 2 6 
196,3.67236e-06,4.18766e-06,3.00997e-06,50,100,100,238796,1 11 4 0 10 9 3 8 7 5 2 6 
197,3.72316e-06,4.18766e-06,3.12511e-06,50,100,100,238796,1 11 4 0 10 9 3 8 7 5 2 6 
198,3.68889e-06,4.18766e-06,3.09979e-06,50,100,100,238796,1 11 4 0 10 9 3 8 7 5 2 6 
199,3.66558e-06,4.1905e-06,3.05753e-06,50,100,100,238634,1 11 4 0 10 8 3 9 5 7 2 6 
200,3.72669e-06,4.1905e-06,3.09888e-06,50,100,100,238634,1 11 4 0 10 8 3 9 5 7 2 6 
201,3.72649e-06,4.1905e-06,3.12708e-06,50,100,100,238634,1 11 4 0 10 8 3 9 5 7 2 6 
202,3.72308e-06,4.20764e-06,3.07279e-06,50,100,100,237662,1 11 4 0 8 3 10 9 5 7 2 6 
203,3.67777e-06,4.20764e-06,3.08192e-06,50,100,100,237662,1 11 4 0 8 3 10 9 5 7 2 6 
204,3.7101e-06,4.20764e-06,3.11815e-06,50,100,100,237662,1 11 4 0 8 3 10 9 5 7 2 6 
205,3.64259e-06,4.20764e-06,3.07077e-06,50,100,100,237662,1 11 4 0 8 3 10 9 5 7 2 6 
206,3.6684e-06,4.20764e-06,3.03092e-06,50,100,100,237662,1 11 4 0 8 3 10 9 5 7 2 6 
207,3.7115e-06,4.20764e-06,3.01375e-06,50,100,100,237662,1 11 4 0 8 3 10 9 5 7 2 6 
208,3.70855e-06,4.20764e-06,3.0659e-06,50,100,100,237662,1 11 4 0 8 3 10 9 5 7 2 6 
209,3.70612e-06,4.20764e-06,2.95471e-06,50,100,100,237662,1 11 4 0 8 3 10 9 5 7 2 6 
210,3.7348e-06,4.20764e-06,3.12894e-06,50,100,100,237662,1 11 4 0 8 3 10 9 5 7 2 6 
211,3.71831e-06,4.20764e-06,3.03947e-06,50,100,100,237662,1 11 4 0 8 3 10 9 5 7 2 6 
212,3.72111e-06,4.20764e-06,2.96547e-06,50,100,100,237662,1 11 4 0 8 3 10 9 5 7 2 6 
213,3.77675e-06,4.20764e-06,3.12853e-06,50,100,100,237662,1 11 4 0 8 3 10 9 5 7 2 6 
214,3.74713e-06,4.20764e-06,3.10175e-06,50,100,100,237662,1 11 4 0 8 3 10 9 5 7 2 6 
215,3.76778e-06,4.20764e-06,3.14048e-06,50,100,100,237662,1 11 4 0 8 3 10 9 5 7 2 6 
216,3.73812e-06,4.20764e-06,3.06908e-06,50,100,100,237662,1 11 4 0 8 3 10 9 5 7 2 6 
217,3.75518e-06,4.20764e-06,3.18478e-06,50,100,100,237662,1 11 4 0 8 3 10 9 5 7 2 6 
218,3.74306e-06,4.20764e-06,3.08885e-06,50,100,100,237662,1 11 4 0 8 3 10 9 5 7 2 6 
219,3.74146e-06,4.20764e-06,3.13192e-06,50,100,100,237662,1 11 4 0 8 3 10 9 5 7 2 6 
220,3.74384e-06,4.20764e-06,3.12939e-06,50,100,100,237662,1 11 4 0 8 3 10 9 5 7 2 6 
221,3.74873e-06,4.20764e-06,3.01862e-06,50,100,100,237662,1 11 4 0 8 3 10 9 5 7 2 6 
222,3.77428e-06,4.20764e-06,2.97058e-06,50,100,100,237662,1 11 4 0 8 3 10 9 5 7 2 6 
223,3.75071e-06,4.20764e-06,3.08805e-06,50,100,100,237662,1 11 4 0 8 3 10 9 5 7 2 6 
224,3.70997e-06,4.20764e-06,3.01291e-06,50,100,100,237662,1 11 4 0 8 3 10 9 5 7 2 6 
225,3.78598e-06,4.20764e-06,3.1812e-06,50,100,100,237662,1 11 4 0 8 3 10 9 5 7 2 6 
226,3.75077e-06,4.20764e-06,3.15697e-06,50,100,100,237662,1 11 4 0 8 3 10 9 5 7 2 6 
227,3.70786e-06,4.20764e-06,3.02318e-06,50,100,100,237662,1 11 4 0 8 3 10 9 5 7 2 6 
228,3.71469e-06,4.20764e-06,3.15234e-06,50,100,100,237662,1 11 4 0 8 3 10 9 5 7 2 6 
229,3.69806e-06,4.20764e-06,3.03624e-06,50,100,100,237662,1 11 4 0 8 3 10 9 5 7 2 6 
230,3.72898e-06,4.20764e-06,3.13463e-06,50,100,100,237662,1 11 4 0 8 3 10 9 5 7 2 6 
231,3.6854e-06,4.20764e-06,3.1178e-06,50,100,100,237662,1 11 4 0 8 3 10 9 5 7 2 6 
232,3.73772e-06,4.20764e-06,3.12321e-06,50,100,100,237662,1 11 4 0 8 3 10 9 5 7 2 6 
233,3.66419e-06,4.20764e-06,3.07077e-06,50,100,100,237662,1 11 4 0 8 3 10 9 5 7 2 6 
234,3.70393e-06,4.20764e-06,3.20387e-06,50,100,100,237662,1 11 4 0 8 3 10 9 5 7 2 6 
235,3.6459e-06,4.20764e-06,3.09051e-06,50,100,100,237662,1 11 4 0 8 3 10 9 5 7 2 6 
236,3.59368e-06,4.20764e-06,2.95343e-06,50,100,100,237662,1 11 4 0 8 3 10 9 5 7 2 6 
237,3.55678e-06,4.20764e-06,2.99442e-06,50,100,100,237662,1 11 4 0 8 3 10 9 5 7 2 6 
238,3.58785e-06,4.20764e-06,3.01086e-06,50,100,100,237662,1 11 4 0 8 3 10 9 5 7 2 6 
239,3.68011e-06,4.20764e-06,3.0716e-06,50,100,100,237662,1 11 4 0 8 3 10 9 5 7 2 6 
240,3.68163e-06,4.20764e-06,3.12665e-06,50,100,100,237662,1 11 4 0 8 3 10 9 5 7 2 6 
241,3.71596e-06,4.20764e-06,2.98897e-06,50,100,100,237662,1 11 4 0 8 3 10 9 5 7 2 6 
242,3.69184e-06,4.20764e-06,3.0413e-06,50,100,100,237662,1 11 4 0 8 3 10 9 5 7 2 6 
243,3.66634e-06,4.20764e-06,2.98856e-06,50,100,100,237662,1 11 4 0 8 3 10 9 5 7 2 6 
244,3.64312e-06,4.20764e-06,3.06898e-06,50,100,100,237662,1 11 4 0 8 3 10 9 5 7 2 6 
245,3.66764e-06,4.20764e-06,3.10265e-06,50,100,100,237662,1 11 4 0 8 3 10 9 5 7 2 6 
246,3.67561e-06,4.20764e-06,3.02591e-06,50,100,100,237662,1 11 4 0 8 3 10 9 5 7 2 6 
247,3.70235e-06,4.20764e-06,3.0095e-06,50,100,100,237662,1 11 4 0 8 3 10 9 5 7 2 6 
248,3.66689e-06,4.20764e-06,3.03456e-06,50,100,100,237662,1 11 4 0 8 3 10 9 5 7 2 6 
249,3.71089e-06,4.20764e-06,3.14464e-06,50,100,100,237662,1 11 4 0 8 3 10 9 5 7 2 6 
250,3.75103e-06,4.20764e-06,3.15672e-06,50,100,100,237662,1 11 4 0 8 3 10 9 5 7 2 6 
251,3.70863e-06,4.20764e-06,3.02956e-06,50,100,100,237662,1 11 4 0 8 3 10 9 5 7 2 6 
252,3.71487e-06,4.20764e-06,3.12624e-06,50,100,100,237662,1 11 4 0 8 3 10 9 5 7 2 6 
253,3.74235e-06,4.20764e-06,3.15065e-06,50,100,100,237662,1 11 4 0 8 3 10 9 5 7 2 6 
254,3.68461e-06,4.20764e-06,3.11442e-06,50,100,100,237662,1 11 4 0 8 3 10 9 5 7 2 6 
255,3.70209e-06,4.20764e-06,2.89174e-06,50,100,100,237662,1 11 4 0 8 3 10 9 5 7 2 6 
256,3.73452e-06,4.20764e-06,3.12278e-06,50,100,100,237662,1 11 4 0 8 3 10 9 5 7 2 6 
257,3.70596e-06,4.20764e-06,3.09767e-06,50,100,100,237662,1 11 4 0 8 3 10 9 5 7 2 6 
258,3.69539e-06,4.20764e-06,3.14613e-06,50,100,100,237662,1 11 4 0 8 3 10 9 5 7 2 6 
259,3.66267e-06,4.20764e-06,3.02602e-06,50,100,100,237662,1 11 4 0 8 3 10 9 5 7 2 6 
260,3.69325e-06,4.20764e-06,3.10469e-06,50,100,100,237662,1 11 4 0 8 3 10 9 5 7 2 6 
261,3.73971e-06,4.20764e-06,3.06019e-06,50,100,100,237662,1 11 4 0 8 3 10 9 5 7 2 6 
262,3.77714e-06,4.20764e-06,3.1113e-06,50,100,100,237662,1 11 4 0 8 3 10 9 5 7 2 6 
263,3.72343e-06,4.20764e-06,3.15375e-06,50,100,100,237662,1 11 4 0 8 3 10 9 5 7 2 6 
264,3.68508e-06,4.20764e-06,3.04805e-06,50,100,100,237662,1 11 4 0 8 3 10 9 5 7 2 6 
265,3.6916e-06,4.20764e-06,3.15578e-06,50,100,100,237662,1 11 4 0 8 3 10 9 5 7 2 6 
266,3.71419e-06,4.20764e-06,2.96612e-06,50,100,100,237662,1 11 4 0 8 3 10 9 5 7 2 6 
267,3.67834e-06,4.20764e-06,3.11939e-06,50,100,100,237662,1 11 4 0 8 3 10 9 5 7 2 6 
268,3.693e-06,4.20764e-06,3.051e-06,50,100,100,237662,1 11 4 0 8 3 10 9 5 7 2 6 
269,3.65365e-06,4.20764e-06,3.10373e-06,50,100,100,237662,1 11 4 0 8 3 10 9 5 7 2 6 
270,3.68316e-06,4.20764e-06,2.95983e-06,50,100,100,237662,1 11 4 0 8 3 10 9 5 7 2 6 
271,3.71961e-06,4.20764e-06,3.05113e-06,50,100,100,237662,1 11 4 0 8 3 10 9 5 7 2 6 
272,3.77374e-06,4.20764e-06,3.13217e-06,50,100,100,237662,1 11 4 0 8 3 10 9 5 7 2 6 
273,3.74293e-06,4.20764e-06,3.17371e-06,50,100,100,237662,1 11 4 0 8 3 10 9 5 7 2 6 
274,3.71947e-06,4.20764e-06,3.00117e-06,50,100,100,237662,1 11 4 0 8 3 10 9 5 7 2 6 
275,3.77064e-06,4.20764e-06,3.18777e-06,50,100,100,237662,1 11 4 0 8 3 10 9 5 7 2 6 
276,3.76017e-06,4.20764e-06,3.0425e-06,50,100,100,237662,1 11 4 0 8 3 10 9 5 7 2 6 
277,3.77461e-06,4.20764e-06,3.13414e-06,50,100,100,237662,1 11 4 0 8 3 10 9 5 7 2 6 
278,3.75773e-06,4.20764e-06,3.11153e-06,50,100,100,237662,1 11 4 0 8 3 10 9 5 7 2 6 
279,3.69428e-06,4.20764e-06,3.09063e-06,50,100,100,237662,1 11 4 0 8 3 10 9 5 7 2 6 
280,3.75595e-06,4.20764e-06,3.12378e-06,50,100,100,237662,1 11 4 0 8 3 10 9 5 7 2 6 
281,3.76166e-06,4.20764e-06,3.08885e-06,50,100,100,237662,1 11 4 0 8 3 10 9 5 7 2 6 
282,3.71391e-06,4.20764e-06,3.03753e-06,50,100,100,237662,1 11 4 0 8 3 10 9 5 7 2 6 
283,3.70514e-06,4.20764e-06,3.11724e-06,50,100,100,237662,1 11 4 0 8 3 10 9 5 7 2 6 
284,3.70287e-06,4.20764e-06,3.07807e-06,50,100,100,237662,1 11 4 0 8 3 10 9 5 7 2 6 
285,3.69218e-06,4.20764e-06,3.11955e-06,50,100,100,237662,1 11 4 0 8 3 10 9 5 7 2 6 
286,3.67797e-06,4.20764e-06,3.07323e-06,50,100,100,237662,1 11 4 0 8 3 10 9 5 7 2 6 
287,3.6743e-06,4.20764e-06,3.14208e-06,50,100,100,237662,1 11 4 0 8 3 10 9 5 7 2 6 
288,3.67516e-06,4.20764e-06,3.09175e-06,50,100,100,237662,1 11 4 0 8 3 10 9 5 7 2 6 
289,3.71221e-06,4.20764e-06,3.15005e-06,50,100,100,237662,1 11 4 0 8 3 10 9 5 7 2 6 
290,3.76902e-06,4.20764e-06,3.19484e-06,50,100,100,237662,1 11 4 0 8 3 10 9 5 7 2 6 
291,3.79527e-06,4.20764e-06,3.22253e-06,50,100,100,237662,1 11 4 0 8 3 10 9 5 7 2 6 
292,3.7266e-06,4.20764e-06,3.02468e-06,50,100,100,237662,1 11 4 0 8 3 10 9 5 7 2 6 
293,3.71303e-06,4.20764e-06,3.08513e-06,50,100,100,237662,1 11 4 0 8 3 10 9 5 7 2 6 
294,3.68597e-06,4.20764e-06,3.01496e-06,50,100,100,237662,1 11 4 0 8 3 10 9 5 7 2 6 
295,3.67123e-06,4.20764e-06,3.05806e-06,50,100,100,237662,1 11 4 0 8 3 10 9 5 7 2 6 
296,3.73621e-06,4.20764e-06,3.09589e-06,50,100,100,237662,1 11 4 0 8 3 10 9 5 7 2 6 
297,3.76268e-06,4.20764e-06,3.11592e-06,50,100,100,237662,1 11 4 0 8 3 10 9 5 7 2 6 
298,3.71926e-06,4.20764e-06,3.05839e-06,50,100,100,237662,1 11 4 0 8 3 10 9 5 7 2 6 
299,3.64488e-06,4.20764e-06,3.14077e-06,50,100,100,237662,1 11 4 0 8 3 10 9 5 7 2 6 
300,3.64564e-06,4.20764e-06,3.05555e-06,50,100,100,237662,1 11 4 0 8 3 10 9 5 7 2 6 
301,3.61868e-06,4.20764e-06,3.03936e-06,50,100,100,237662,1 11 4 0 8 3 10 9 5 7 2 6 
302,3.59279e-06,4.20764e-06,3.01478e-06,50,100,100,237662,1 11 4 0 8 3 10 9 5 7 2 6 
303,3.66335e-06,4.20764e-06,3.1338e-06,50,100,100,237662,1 11 4 0 8 3 10 9 5 7 2 6 
304,3.67248e-06,4.20764e-06,3.05957e-06,50,100,100,237662,1 11 4 0 8 3 10 9 5 7 2 6 
305,3.67673e-06,4.20764e-06,3.12035e-06,50,100,100,237662,1 11 4 0 8 3 10 9 5 7 2 6 
306,3.63903e-06,4.20764e-06,3.03908e-06,50,100,100,237662,1 11 4 0 8 3 10 9 5 7 2 6 
307,3.6722e-06,4.20764e-06,3.1051e-06,50,100,100,237662,1 11 4 0 8 3 10 9 5 7 2 6 
308,3.67011e-06,4.20764e-06,3.10096e-06,50,100,100,237662,1 11 4 0 8 3 10 9 5 7 2 6 
309,3.71203e-06,4.20764e-06,3.11799e-06,50,100,100,237662,1 11 4 0 8 3 10 9 5 7 2 6 
310,3.71562e-06,4.20764e-06,2.98853e-06,50,100,100,237662,1 11 4 0 8 3 10 9 5 7 2 6 
311,3.73035e-06,4.20764e-06,3.18547e-06,50,100,100,237662,1 11 4 0 8 3 10 9 5 7 2 6 
312,3.6947e-06,4.20764e-06,3.03753e-06,50,100,100,237662,1 11 4 0 8 3 10 9 5 7 2 6 
313,3.68426e-06,4.20764e-06,3.11144e-06,50,100,100,237662,1 11 4 0 8 3 10 9 5 7 2 6 
314,3.70904e-06,4.20764e-06,3.10853e-06,50,100,100,237662,1 11 4 0 8 3 10 9 5 7 2 6 
315,3.69856e-06,4.20764e-06,3.13504e-06,50,100,100,237662,1 11 4 0 8 3 10 9 5 7 2 6 
316,3.67744e-06,4.20764e-06,3.05856e-06,50,100,100,237662,1 11 4 0 8 3 10 9 5 7 2 6 
317,3.70543e-06,4.20764e-06,3.11545e-06,50,100,100,237662,1 11 4 0 8 3 10 9 5 7 2 6 
318,3.70035e-06,4.20764e-06,3.13412e-06,50,100,100,237662,1 11 4 0 8 3 10 9 5 7 2 6 
319,3.71174e-06,4.20764e-06,3.19565e-06,50,100,100,237662,1 11 4 0 8 3 10 9 5 7 2 6 
320,3.74046e-06,4.20764e-06,3.13341e-06,50,100,100,237662,1 11 4 0 8 3 10 9 5 7 2 6 
321,3.7337e-06,4.20764e-06,3.14229e-06,50,100,100,237662,1 11 4 0 8 3 10 9 5 7 2 6 
322,3.6684e-06,4.20764e-06,3.01957e-06,50,100,100,237662,1 11 4 0 8 3 10 9 5 7 2 6 
323,3.67603e-06,4.20764e-06,3.01658e-06,50,100,100,237662,1 11 4 0 8 3 10 9 5 7 2 6 
324,3.7173e-06,4.20764e-06,3.08902e-06,50,100,100,237662,1 11 4 0 8 3 10 9 5 7 2 6 
325,3.70301e-06,4.20764e-06,3.04547e-06,50,100,100,237662,1 11 4 0 8 3 10 9 5 7 2 6 
326,3.66301e-06,4.20764e-06,3.11335e-06,50,100,100,237662,1 11 4 0 8 3 10 9 5 7 2 6 
327,3.62475e-06,4.20764e-06,2.95044e-06,50,100,100,237662,1 11 4 0 8 3 10 9 5 7 2 6 
328,3.67378e-06,4.20764e-06,3.07661e-06,50,100,100,237662,1 11 4 0 8 3 10 9 5 7 2 6 
329,3.6778e-06,4.20764e-06,3.14119e-06,50,100,100,237662,1 11 4 0 8 3 10 9 5 7 2 6 
330,3.70461e-06,4.20764e-06,3.10562e-06,50,100,100,237662,1 11 4 0 8 3 10 9 5 7 2 6 
331,3.69477e-06,4.20764e-06,3.10911e-06,50,100,100,237662,1 11 4 0 8 3 10 9 5 7 2 6 
332,3.6964e-06,4.20764e-06,3.07561e-06,50,100,100,237662,1 11 4 0 8 3 10 9 5 7 2 6 
333,3.70635e-06,4.20764e-06,3.02783e-06,50,100,100,237662,1 11 4 0 8 3 10 9 5 7 2 6 
334,3.68544e-06,4.20764e-06,3.0203e-06,50,100,100,237662,1 11 4 0 8 3 10 9 5 7 2 6 
335,3.73271e-06,4.20764e-06,3.11153e-06,50,100,100,237662,1 11 4 0 8 3 10 9 5 7 2 6 
336,3.69395e-06,4.20764e-06,3.10778e-06,50,100,100,237662,1 11 4 0 8 3 10 9 5 7 2 6 
337,3.71098e-06,4.20764e-06,3.07077e-06,50,100,100,237662,1 11 4 0 8 3 10 9 5 7 2 6 
338,3.6269e-06,4.20764e-06,3.14793e-06,50,100,100,237662,1 11 4 0 8 3 10 9 5 7 2 6 
339,3.6298e-06,4.20764e-06,3.08175e-06,50,100,100,237662,1 11 4 0 8 3 10 9 5 7 2 6 
340,3.60903e-06,4.20764e-06,3.05664e-06,50,100,100,237662,1 11 4 0 8 3 10 9 5 7 2 6 
341,3.64732e-06,4.20764e-06,3.06851e-06,50,100,100,237662,1 11 4 0 8 3 10 9 5 7 2 6 
342,3.6845e-06,4.20764e-06,3.11508e-06,50,100,100,237662,1 11 4 0 8 3 10 9 5 7 2 6 
343,3.75007e-06,4.20764e-06,3.14553e-06,50,100,100,237662,1 11 4 0 8 3 10 9 5 7 2 6 
344,3.73136e-06,4.20764e-06,3.15035e-06,50,100,100,237662,1 11 4 0 8 3 10 9 5 7 2 6 
345,3.70705e-06,4.20764e-06,3.03421e-06,50,100,100,237662,1 11 4 0 8 3 10 9 5 7 2 6 
346,3.71153e-06,4.20764e-06,3.04593e-06,50,100,100,237662,1 11 4 0 8 3 10 9 5 7 2 6 
347,3.71252e-06,4.20764e-06,3.02593e-06,50,100,100,237662,1 11 4 0 8 3 10 9 5 7 2 6 
348,3.73696e-06,4.20764e-06,3.06306e-06,50,100,100,237662,1 11 4 0 8 3 10 9 5 7 2 6 
349,3.66506e-06,4.20764e-06,3.07034e-06,50,100,100,237662,1 11 4 0 8 3 10 9 5 7 2 6 
350,3.70359e-06,4.20764e-06,3.0782e-06,50,100,100,237662,1 11 4 0 8 3 10 9 5 7 2 6 
351,3.6812e-06,4.20764e-06,3.05593e-06,50,100,100,237662,1 11 4 0 8 3 10 9 5 7 2 6 
352,3.7243e-06,4.20764e-06,3.178e-06,50,100,100,237662,1 11 4 0 8 3 10 9 5 7 2 6 
353,3.73314e-06,4.20764e-06,3.08881e-06,50,100,100,237662,1 11 4 0 8 3 10 9 5 7 2 6 
354,3.75114e-06,4.20764e-06,3.05718e-06,50,100,100,237662,1 11 4 0 8 3 10 9 5 7 2 6 
355,3.72583e-06,4.20764e-06,2.9437e-06,50,100,100,237662,1 11 4 0 8 3 10 9 5 7 2 6 
356,3.74139e-06,4.20764e-06,3.1008e-06,50,100,100,237662,1 11 4 0 8 3 10 9 5 7 2 6 
357,3.68e-06,4.20764e-06,3.07631e-06,50,100,100,237662,1 11 4 0 8 3 10 9 5 7 2 6 
358,3.67877e-06,4.20764e-06,3.06205e-06,50,100,100,237662,1 11 4 0 8 3 10 9 5 7 2 6 
359,3.64957e-06,4.20764e-06,3.07255e-06,50,100,100,237662,1 11 4 0 8 3 10 9 5 7 2 6 
360,3.61513e-06,4.20764e-06,2.85896e-06,50,100,100,237662,1 11 4 0 8 3 10 9 5 7 2 6 
361,3.63753e-06,4.20764e-06,3.15317e-06,50,100,100,237662,1 11 4 0 8 3 10 9 5 7 2 6 
362,3.6354e-06,4.20764e-06,3.01997e-06,50,100,100,237662,1 11 4 0 8 3 10 9 5 7 2 6 
363,3.71929e-06,4.20764e-06,3.10157e-06,50,100,100,237662,1 11 4 0 8 3 10 9 5 7 2 6 
364,3.64682e-06,4.20764e-06,3.14162e-06,50,100,100,237662,1 11 4 0 8 3 10 9 5 7 2 6 
365,3.6405e-06,4.20764e-06,3.1238e-06,50,100,100,237662,1 11 4 0 8 3 10 9 5 7 2 6 
366,3.65216e-06,4.20764e-06,3.11978e-06,50,100,100,237662,1 11 4 0 8 3 10 9 5 7 2 6 
367,3.66493e-06,4.20764e-06,3.1471e-06,50,100,100,237662,1 11 4 0 8 3 10 9 5 7 2 6 
368,3.66846e-06,4.20764e-06,3.06278e-06,50,100,100,237662,1 11 4 0 8 3 10 9 5 7 2 6 
369,3.67609e-06,4.20764e-06,3.11153e-06,50,100,100,237662,1 11 4 0 8 3 10 9 5 7 2 6 
370,3.69305e-06,4.20764e-06,3.08807e-06,50,100,100,237662,1 11 4 0 8 3 10 9 5 7 2 6 
371,3.71042e-06,4.20764e-06,3.01684e-06,50,100,100,237662,1 11 4 0 8 3 10 9 5 7 2 6 
372,3.7116e-06,4.20764e-06,3.15375e-06,50,100,100,237662,1 11 4 0 8 3 10 9 5 7 2 6 
373,3.67727e-06,4.20764e-06,3.12156e-06,50,100,100,237662,1 11 4 0 8 3 10 9 5 7 2 6 
374,3.72128e-06,4.20764e-06,3.05832e-06,50,100,100,237662,1 11 4 0 8 3 10 9 5 7 2 6 
375,3.69728e-06,4.20764e-06,3.10969e-06,50,100,100,237662,1 11 4 0 8 3 10 9 5 7 2 6 
376,3.72974e-06,4.20764e-06,2.95471e-06,50,100,100,237662,1 11 4 0 8 3 10 9 5 7 2 6 
377,3.77525e-06,4.20764e-06,3.05236e-06,50,100,100,237662,1 11 4 0 8 3 10 9 5 7 2 6 
378,3.76271e-06,4.20764e-06,3.00939e-06,50,100,100,237662,1 11 4 0 8 3 10 9 5 7 2 6 
379,3.72619e-06,4.20764e-06,3.16631e-06,50,100,100,237662,1 11 4 0 8 3 10 9 5 7 2 6 
380,3.78226e-06,4.20764e-06,3.18897e-06,50,100,100,237662,1 11 4 0 8 3 10 9 5 7 2 6 
381,3.74482e-06,4.20764e-06,3.07879e-06,50,100,100,237662,1 11 4 0 8 3 10 9 5 7 2 6 
382,3.72078e-06,4.20764e-06,3.03428e-06,50,100,100,237662,1 11 4 0 8 3 10 9 5 7 2 6 
383,3.66529e-06,4.20764e-06,2.96062e-06,50,100,100,237662,1 11 4 0 8 3 10 9 5 7 2 6 
384,3.6632e-06,4.20764e-06,2.96325e-06,50,100,100,237662,1 11 4 0 8 3 10 9 5 7 2 6 
385,3.75027e-06,4.20764e-06,3.06501e-06,50,100,100,237662,1 11 4 0 8 3 10 9 5 7 2 6 
386,3.71779e-06,4.20764e-06,3.12683e-06,50,100,100,237662,1 11 4 0 8 3 10 9 5 7 2 6 
387,3.73279e-06,4.20764e-06,3.06072e-06,50,100,100,237662,1 11 4 0 8 3 10 9 5 7 2 6 
388,3.71208e-06,4.20764e-06,3.07585e-06,50,100,100,237662,1 11 4 0 8 3 10 9 5 7 2 6 
389,3.75018e-06,4.20764e-06,3.07493e-06,50,100,100,237662,1 11 4 0 8 3 10 9 5 7 2 6 
390,3.73227e-06,4.20764e-06,3.05363e-06,50,100,100,237662,1 11 4 0 8 3 10 9 5 7 2 6 
391,3.70344e-06,4.20764e-06,3.09691e-06,50,100,100,237662,1 11 4 0 8 3 10 9 5 7 2 6 
392,3.74134e-06,4.20764e-06,3.051e-06,50,100,100,237662,1 11 4 0 8 3 10 9 5 7 2 6 
393,3.742e-06,4.20764e-06,2.99289e-06,50,100,100,237662,1 11 4 0 8 3 10 9 5 7 2 6 
394,3.74772e-06,4.20764e-06,3.10944e-06,50,100,100,237662,1 11 4 0 8 3 10 9 5 7 2 6 
395,3.74395e-06,4.20764e-06,3.03101e-06,50,100,100,237662,1 11 4 0 8 3 10 9 5 7 2 6 
396,3.75989e-06,4.20764e-06,3.1437e-06,50,100,100,237662,1 11 4 0 8 3 10 9 5 7 2 6 
397,3.6816e-06,4.20764e-06,3.09685e-06,50,100,100,237662,1 11 4 0 8 3 10 9 5 7 2 6 
398,3.66534e-06,4.20764e-06,3.03471e-06,50,100,100,237662,1 11 4 0 8 3 10 9 5 7 2 6 
399,3.69422e-06,4.20764e-06,3.06783e-06,50,100,100,237662,1 11 4 0 8 3 10 9 5 7 2 6 
400,3.70829e-06,4.20764e-06,3.20036e-06,50,100,100,237662,1 11 4 0 8 3 10 9 5 7 2 6 
401,3.7813e-06,4.20764e-06,3.22536e-06,50,100,100,237662,1 11 4 0 8 3 10 9 5 7 2 6 
402,3.75521e-06,4.20764e-06,3.16279e-06,50,100,100,237662,1 11 4 0 8 3 10 9 5 7 2 6 
403,3.72805e-06,4.20764e-06,3.04758e-06,50,100,100,237662,1 11 4 0 8 3 10 9 5 7 2 6 
404,3.68511e-06,4.20764e-06,3.07722e-06,50,100,100,237662,1 11 4 0 8 3 10 9 5 7 2 6 
405,3.6691e-06,4.20764e-06,2.96094e-06,50,100,100,237662,1 11 4 0 8 3 10 9 5 7 2 6 
406,3.68757e-06,4.20764e-06,3.15783e-06,50,100,100,237662,1 11 4 0 8 3 10 9 5 7 2 6 
407,3.6474e-06,4.20764e-06,3.0309e-06,50,100,100,237662,1 11 4 0 8 3 10 9 5 7 2 6 
408,3.62376e-06,4.20764e-06,2.96578e-06,50,100,100,237662,1 11 4 0 8 3 10 9 5 7 2 6 
409,3.63201e-06,4.20764e-06,2.9925e-06,50,100,100,237662,1 11 4 0 8 3 10 9 5 7 2 6 
410,3.69217e-06,4.20764e-06,3.1127e-06,50,100,100,237662,1 11 4 0 8 3 10 9 5 7 2 6 
411,3.62571e-06,4.20764e-06,3.09977e-06,50,100,100,237662,1 11 4 0 8 3 10 9 5 7 2 6 
412,3.74188e-06,4.20764e-06,3.02743e-06,50,100,100,237662,1 11 4 0 8 3 10 9 5 7 2 6 
413,3.67412e-06,4.20764e-06,3.00558e-06,50,100,100,237662,1 11 4 0 8 3 10 9 5 7 2 6 
414,3.70385e-06,4.20764e-06,3.09664e-06,50,100,100,237662,1 11 4 0 8 3 10 9 5 7 2 6 
415,3.69764e-06,4.20764e-06,3.13977e-06,50,100,100,237662,1 11 4 0 8 3 10 9 5 7 2 6 
416,3.67446e-06,4.20764e-06,3.07854e-06,50,100,100,237662,1 11 4 0 8 3 10 9 5 7 2 6 
417,3.67411e-06,4.20764e-06,3.12224e-06,50,100,100,237662,1 11 4 0 8 3 10 9 5 7 2 6 
418,3.68303e-06,4.20764e-06,3.07351e-06,50,100,100,237662,1 11 4 0 8 3 10 9 5 7 2 6 
419,3.68763e-06,4.20764e-06,3.02443e-06,50,100,100,237662,1 11 4 0 8 3 10 9 5 7 2 6 
420,3.64196e-06,4.20764e-06,3.06791e-06,50,100,100,237662,1 11 4 0 8 3 10 9 5 7 2 6 
421,3.64732e-06,4.20764e-06,3.10429e-06,50,100,100,237662,1 11 4 0 8 3 10 9 5 7 2 6 
422,3.64662e-06,4.20764e-06,3.06293e-06,50,100,100,237662,1 11 4 0 8 3 10 9 5 7 2 6 
423,3.66529e-06,4.20764e-06,3.09973e-06,50,100,100,237662,1 11 4 0 8 3 10 9 5 7 2 6 
424,3.65767e-06,4.20764e-06,3.10892e-06,50,100,100,237662,1 11 4 0 8 3 10 9 5 7 2 6 
425,3.59471e-06,4.20764e-06,3.00997e-06,50,100,100,237662,1 11 4 0 8 3 10 9 5 7 2 6 
426,3.56725e-06,4.20764e-06,3.05482e-06,50,100,100,237662,1 11 4 0 8 3 10 9 5 7 2 6 
427,3.59151e-06,4.20764e-06,3.06778e-06,50,100,100,237662,1 11 4 0 8 3 10 9 5 7 2 6 
428,3.59425e-06,4.20764e-06,2.99865e-06,50,100,100,237662,1 11 4 0 8 3 10 9 5 7 2 6 
429,3.55855e-06,4.20764e-06,3.01611e-06,50,100,100,237662,1 11 4 0 8 3 10 9 5 7 2 6 
430,3.57631e-06,4.20764e-06,2.99754e-06,50,100,100,237662,1 11 4 0 8 3 10 9 5 7 2 6 
431,3.57653e-06,4.20764e-06,3.04992e-06,50,100,100,237662,1 11 4 0 8 3 10 9 5 7 2 6 
432,3.64477e-06,4.20764e-06,2.93461e-06,50,100,100,237662,1 11 4 0 8 3 10 9 5 7 2 6 
433,3.63324e-06,4.20764e-06,3.13125e-06,50,100,100,237662,1 11 4 0 8 3 10 9 5 7 2 6 
434,3.65766e-06,4.20764e-06,3.00117e-06,50,100,100,237662,1 11 4 0 8 3 10 9 5 7 2 6 
435,3.66499e-06,4.20764e-06,3.08948e-06,50,100,100,237662,1 11 4 0 8 3 10 9 5 7 2 6 
436,3.59725e-06,4.20764e-06,3.00117e-06,50,100,100,237662,1 11 4 0 8 3 10 9 5 7 2 6 
437,3.62671e-06,4.20764e-06,3.07243e-06,50,100,100,237662,1 11 4 0 8 3 10 9 5 7 2 6 
438,3.63237e-06,4.20764e-06,3.06868e-06,50,100,100,237662,1 11 4 0 8 3 10 9 5 7 2 6 
439,3.6264e-06,4.20764e-06,3.08352e-06,50,100,100,237662,1 11 4 0 8 3 10 9 5 7 2 6 
440,3.69528e-06,4.20764e-06,3.11192e-06,50,100,100,237662,1 11 4 0 8 3 10 9 5 7 2 6 
441,3.65328e-06,4.20764e-06,3.18387e-06,50,100,100,237662,1 11 4 0 8 3 10 9 5 7 2 6 
442,3.71508e-06,4.20764e-06,3.12792e-06,50,100,100,237662,1 11 4 0 8 3 10 9 5 7 2 6 
443,3.67907e-06,4.20764e-06,3.10367e-06,50,100,100,237662,1 11 4 0 8 3 10 9 5 7 2 6 
444,3.69702e-06,4.20764e-06,3.0726e-06,50,100,100,237662,1 11 4 0 8 3 10 9 5 7 2 6 
445,3.72351e-06,4.20764e-06,2.99801e-06,50,100,100,237662,1 11 4 0 8 3 10 9 5 7 2 6 
446,3.6998e-06,4.20764e-06,3.08956e-06,50,100,100,237662,1 11 4 0 8 3 10 9 5 7 2 6 
447,3.72877e-06,4.20764e-06,2.99786e-06,50,100,100,237662,1 11 4 0 8 3 10 9 5 7 2 6 
448,3.71698e-06,4.20764e-06,2.99878e-06,50,100,100,237662,1 11 4 0 8 3 10 9 5 7 2 6 
449,3.71181e-06,4.20764e-06,3.14652e-06,50,100,100,237662,1 11 4 0 8 3 10 9 5 7 2 6 
450,3.72346e-06,4.20764e-06,3.0894e-06,50,100,100,237662,1 11 4 0 8 3 10 9 5 7 2 6 
451,3.73382e-06,4.20764e-06,3.03108e-06,50,100,100,237662,1 11 4 0 8 3 10 9 5 7 2 6 
452,3.76482e-06,4.20764e-06,3.09309e-06,50,100,100,237662,1 11 4 0 8 3 10 9 5 7 2 6 
453,3.75625e-06,4.20764e-06,3.1055e-06,50,100,100,237662,1 11 4 0 8 3 10 9 5 7 2 6 
454,3.69879e-06,4.20764e-06,3.07279e-06,50,100,100,237662,1 11 4 0 8 3 10 9 5 7 2 6 
455,3.69901e-06,4.20764e-06,3.15305e-06,50,100,100,237662,1 11 4 0 8 3 10 9 5 7 2 6 
456,3.66662e-06,4.20764e-06,3.03895e-06,50,100,100,237662,1 11 4 0 8 3 10 9 5 7 2 6 
457,3.67002e-06,4.20764e-06,3.12015e-06,50,100,100,237662,1 11 4 0 8 3 10 9 5 7 2 6 
458,3.68172e-06,4.20764e-06,2.97174e-06,50,100,100,237662,1 11 4 0 8 3 10 9 5 7 2 6 
459,3.65143e-06,4.20764e-06,3.09244e-06,50,100,100,237662,1 11 4 0 8 3 10 9 5 7 2 6 
460,3.73652e-06,4.20764e-06,3.09237e-06,50,100,100,237662,1 11 4 0 8 3 10 9 5 7 2 6 
461,3.68446e-06,4.20764e-06,3.16667e-06,50,100,100,237662,1 11 4 0 8 3 10 9 5 7 2 6 
462,3.71524e-06,4.20764e-06,3.10281e-06,50,100,100,237662,1 11 4 0 8 3 10 9 5 7 2 6 
463,3.73867e-06,4.20764e-06,3.1118e-06,50,100,100,237662,1 11 4 0 8 3 10 9 5 7 2 6 
464,3.74216e-06,4.20764e-06,3.10776e-06,50,100,100,237662,1 11 4 0 8 3 10 9 5 7 2 6 
465,3.73351e-06,4.20764e-06,3.00117e-06,50,100,100,237662,1 11 4 0 8 3 10 9 5 7 2 6 
466,3.66917e-06,4.20764e-06,2.937e-06,50,100,100,237662,1 11 4 0 8 3 10 9 5 7 2 6 
467,3.69837e-06,4.20764e-06,3.10027e-06,50,100,100,237662,1 11 4 0 8 3 10 9 5 7 2 6 
468,3.66811e-06,4.20764e-06,3.10579e-06,50,100,100,237662,1 11 4 0 8 3 10 9 5 7 2 6 
469,3.64407e-06,4.20764e-06,3.045e-06,50,100,100,237662,1 11 4 0 8 3 10 9 5 7 2 6 
470,3.67239e-06,4.20764e-06,3.10844e-06,50,100,100,237662,1 11 4 0 8 3 10 9 5 7 2 6 
471,3.67502e-06,4.20764e-06,3.04232e-06,50,100,100,237662,1 11 4 0 8 3 10 9 5 7 2 6 
472,3.71564e-06,4.20764e-06,3.16339e-06,50,100,100,237662,1 11 4 0 8 3 10 9 5 7 2 6 
473,3.69758e-06,4.20764e-06,3.0572e-06,50,100,100,237662,1 11 4 0 8 3 10 9 5 7 2 6 
474,3.74068e-06,4.20764e-06,3.14835e-06,50,100,100,237662,1 11 4 0 8 3 10 9 5 7 2 6 
475,3.75644e-06,4.20764e-06,3.22857e-06,50,100,100,237662,1 11 4 0 8 3 10 9 5 7 2 6 
476,3.76617e-06,4.20764e-06,3.0823e-06,50,100,100,237662,1 11 4 0 8 3 10 9 5 7 2 6 
477,3.7293e-06,4.20764e-06,3.09648e-06,50,100,100,237662,1 11 4 0 8 3 10 9 5 7 2 6 
478,3.67366e-06,4.20764e-06,3.13076e-06,50,100,100,237662,1 11 4 0 8 3 10 9 5 7 2 6 
479,3.6745e-06,4.20764e-06,3.13365e-06,50,100,100,237662,1 11 4 0 8 3 10 9 5 7 2 6 
480,3.68383e-06,4.20764e-06,3.12538e-06,50,100,100,237662,1 11 4 0 8 3 10 9 5 7 2 6 
481,3.63251e-06,4.20764e-06,3.10013e-06,50,100,100,237662,1 11 4 0 8 3 10 9 5 7 2 6 
482,3.67529e-06,4.20764e-06,3.09529e-06,50,100,100,237662,1 11 4 0 8 3 10 9 5 7 2 6 
483,3.67175e-06,4.20764e-06,3.0796e-06,50,100,100,237662,1 11 4 0 8 3 10 9 5 7 2 6 
484,3.72239e-06,4.20764e-06,3.13365e-06,50,100,100,237662,1 11 4 0 8 3 10 9 5 7 2 6 
485,3.7649e-06,4.20764e-06,3.01636e-06,50,100,100,237662,1 11 4 0 8 3 10 9 5 7 2 6 
486,3.70969e-06,4.20764e-06,3.17625e-06,50,100,100,237662,1 11 4 0 8 3 10 9 5 7 2 6 
487,3.73053e-06,4.20764e-06,3.18704e-06,50,100,100,237662,1 11 4 0 8 3 10 9 5 7 2 6 
488,3.74092e-06,4.20764e-06,3.09438e-06,50,100,100,237662,1 11 4 0 8 3 10 9 5 7 2 6 
489,3.74733e-06,4.20764e-06,3.04658e-06,50,100,100,237662,1 11 4 0 8 3 10 9 5 7 2 6 
490,3.7609e-06,4.20764e-06,3.14504e-06,50,100,100,237662,1 11 4 0 8 3 10 9 5 7 2 6 
491,3.70607e-06,4.20764e-06,3.0103e-06,50,100,100,237662,1 11 4 0 8 3 10 9 5 7 2 6 
492,3.76822e-06,4.20764e-06,3.15107e-06,50,100,100,237662,1 11 4 0 8 3 10 9 5 7 2 6 
493,3.74352e-06,4.20764e-06,3.19557e-06,50,100,100,237662,1 11 4 0 8 3 10 9 5 7 2 6 
494,3.67596e-06,4.20764e-06,3.08435e-06,50,100,100,237662,1 11 4 0 8 3 10 9 5 7 2 6 
495,3.73166e-06,4.20764e-06,3.1247e-06,50,100,100,237662,1 11 4 0 8 3 10 9 5 7 2 6 
496,3.69451e-06,4.20764e-06,3.13711e-06,50,100,100,237662,1 11 4 0 8 3 10 9 5 7 2 6 
497,3.65908e-06,4.20764e-06,3.13795e-06,50,100,100,237662,1 11 4 0 8 3 10 9 5 7 2 6 
498,3.62192e-06,4.20764e-06,2.99241e-06,50,100,100,237662,1 11 4 0 8 3 10 9 5 7 2 6 
499,3.62293e-06,4.20764e-06,3.07597e-06,50,100,100,237662,1 11 4 0 8 3 10 9 5 7 2 6 
500,3.59669e-06,4.20764e-06,2.99031e-06,50,100,100,237662,1 11 4 0 8 3 10 9 5 7 2 6 
501,3.59566e-06,4.20764e-06,3.0425e-06,50,100,100,237662,1 11 4 0 8 3 10 9 5 7 2 6 
502,3.61791e-06,4.20764e-06,2.95471e-06,50,100,100,237662,1 11 4 0 8 3 10 9 5 7 2 6 
503,3.63145e-06,4.20764e-06,3.05716e-06,50,100,100,237662,1 11 4 0 8 3 10 9 5 7 2 6 
504,3.60686e-06,4.20764e-06,3.14976e-06,50,100,100,237662,1 11 4 0 8 3 10 9 5 7 2 6 
505,3.60774e-06,4.20764e-06,3.03006e-06,50,100,100,237662,1 11 4 0 8 3 10 9 5 7 2 6 
506,3.63652e-06,4.20764e-06,3.09656e-06,50,100,100,237662,1 11 4 0 8 3 10 9 5 7 2 6 
507,3.65267e-06,4.20764e-06,3.05445e-06,50,100,100,237662,1 11 4 0 8 3 10 9 5 7 2 6 
508,3.61795e-06,4.20764e-06,3.09044e-06,50,100,100,237662,1 11 4 0 8 3 10 9 5 7 2 6 
509,3.66738e-06,4.20764e-06,3.04552e-06,50,100,100,237662,1 11 4 0 8 3 10 9 5 7 2 6 
510,3.65513e-06,4.20764e-06,3.07733e-06,50,100,100,237662,1 11 4 0 8 3 10 9 5 7 2 6 
511,3.66282e-06,4.20764e-06,3.14857e-06,50,100,100,237662,1 11 4 0 8 3 10 9 5 7 2 6 
512,3.67463e-06,4.20764e-06,3.05475e-06,50,100,100,237662,1 11 4 0 8 3 10 9 5 7 2 6 
513,3.70718e-06,4.20764e-06,3.08692e-06,50,100,100,237662,1 11 4 0 8 3 10 9 5 7 2 6 
514,3.68561e-06,4.20764e-06,3.11508e-06,50,100,100,237662,1 11 4 0 8 3 10 9 5 7 2 6 
515,3.69099e-06,4.20764e-06,3.13353e-06,50,100,100,237662,1 11 4 0 8 3 10 9 5 7 2 6 
516,3.70695e-06,4.20764e-06,3.05881e-06,50,100,100,237662,1 11 4 0 8 3 10 9 5 7 2 6 
517,3.74245e-06,4.20764e-06,3.08458e-06,50,100,100,237662,1 11 4 0 8 3 10 9 5 7 2 6 
518,3.73675e-06,4.20764e-06,3.00943e-06,50,100,100,237662,1 11 4 0 8 3 10 9 5 7 2 6 
519,3.69435e-06,4.20764e-06,3.09309e-06,50,100,100,237662,1 11 4 0 8 3 10 9 5 7 2 6 
520,3.71012e-06,4.20764e-06,3.14101e-06,50,100,100,237662,1 11 4 0 8 3 10 9 5 7 2 6 
521,3.73698e-06,4.20764e-06,3.05522e-06,50,100,100,237662,1 11 4 0 8 3 10 9 5 7 2 6 
522,3.74205e-06,4.20764e-06,3.02061e-06,50,100,100,237662,1 11 4 0 8 3 10 9 5 7 2 6 
523,3.73982e-06,4.20764e-06,3.06083e-06,50,100,100,237662,1 11 4 0 8 3 10 9 5 7 2 6 
524,3.73711e-06,4.20764e-06,3.04213e-06,50,100,100,237662,1 11 4 0 8 3 10 9 5 7 2 6 
525,3.73512e-06,4.20764e-06,3.12933e-06,50,100,100,237662,1 11 4 0 8 3 10 9 5 7 2 6 
526,3.7208e-06,4.20764e-06,3.05692e-06,50,100,100,237662,1 11 4 0 8 3 10 9 5 7 2 6 
527,3.72991e-06,4.20764e-06,3.17238e-06,50,100,100,237662,1 11 4 0 8 3 10 9 5 7 2 6 
528,3.70797e-06,4.20764e-06,3.12031e-06,50,100,100,237662,1 11 4 0 8 3 10 9 5 7 2 6 
529,3.71846e-06,4.20764e-06,3.10429e-06,50,100,100,237662,1 11 4 0 8 3 10 9 5 7 2 6 
530,3.76433e-06,4.20764e-06,3.13272e-06,50,100,100,237662,1 11 4 0 8 3 10 9 5 7 2 6 
531,3.73707e-06,4.20764e-06,3.05156e-06,50,100,100,237662,1 11 4 0 8 3 10 9 5 7 2 6 
532,3.76717e-06,4.20764e-06,3.13473e-06,50,100,100,237662,1 11 4 0 8 3 10 9 5 7 2 6 
533,3.75577e-06,4.20764e-06,3.13908e-06,50,100,100,237662,1 11 4 0 8 3 10 9 5 7 2 6 
534,3.73238e-06,4.20764e-06,3.04691e-06,50,100,100,237662,1 11 4 0 8 3 10 9 5 7 2 6 
535,3.71263e-06,4.20764e-06,3.05912e-06,50,100,100,237662,1 11 4 0 8 3 10 9 5 7 2 6 
536,3.73401e-06,4.20764e-06,3.14522e-06,50,100,100,237662,1 11 4 0 8 3 10 9 5 7 2 6 
537,3.70212e-06,4.20764e-06,3.132e-06,50,100,100,237662,1 11 4 0 8 3 10 9 5 7 2 6 
538,3.67647e-06,4.20764e-06,3.06343e-06,50,100,100,237662,1 11 4 0 8 3 10 9 5 7 2 6 
539,3.68521e-06,4.20764e-06,3.06178e-06,50,100,100,237662,1 11 4 0 8 3 10 9 5 7 2 6 
540,3.69742e-06,4.20764e-06,3.05718e-06,50,100,100,237662,1 11 4 0 8 3 10 9 5 7 2 6 
541,3.71907e-06,4.20764e-06,3.1351e-06,50,100,100,237662,1 11 4 0 8 3 10 9 5 7 2 6 
542,3.74148e-06,4.20764e-06,3.10732e-06,50,100,100,237662,1 11 4 0 8 3 10 9 5 7 2 6 
543,3.74095e-06,4.20764e-06,3.13662e-06,50,100,100,237662,1 11 4 0 8 3 10 9 5 7 2 6 
544,3.6978e-06,4.20764e-06,3.05718e-06,50,100,100,237662,1 11 4 0 8 3 10 9 5 7 2 6 
545,3.60038e-06,4.20764e-06,3.0474e-06,50,100,100,237662,1 11 4 0 8 3 10 9 5 7 2 6 
546,3.656e-06,4.20764e-06,3.10196e-06,50,100,100,237662,1 11 4 0 8 3 10 9 5 7 2 6 
547,3.67225e-06,4.20764e-06,2.94666e-06,50,100,100,237662,1 11 4 0 8 3 10 9 5 7 2 6 
548,3.69226e-06,4.20764e-06,3.10599e-06,50,100,100,237662,1 11 4 0 8 3 10 9 5 7 2 6 
549,3.70654e-06,4.20764e-06,3.17964e-06,50,100,100,237662,1 11 4 0 8 3 10 9 5 7 2 6 
550,3.72381e-06,4.20764e-06,3.17238e-06,50,100,100,237662,1 11 4 0 8 3 10 9 5 7 2 6 
551,3.70283e-06,4.20764e-06,3.07077e-06,50,100,100,237662,1 11 4 0 8 3 10 9 5 7 2 6 
552,3.71658e-06,4.20764e-06,3.09669e-06,50,100,100,237662,1 11 4 0 8 3 10 9 5 7 2 6 
553,3.70432e-06,4.20764e-06,3.08118e-06,50,100,100,237662,1 11 4 0 8 3 10 9 5 7 2 6 
554,3.76199e-06,4.20764e-06,3.03574e-06,50,100,100,237662,1 11 4 0 8 3 10 9 5 7 2 6 
555,3.72753e-06,4.20764e-06,2.95204e-06,50,100,100,237662,1 11 4 0 8 3 10 9 5 7 2 6 
556,3.69255e-06,4.20764e-06,3.09162e-06,50,100,100,237662,1 11 4 0 8 3 10 9 5 7 2 6 
557,3.7243e-06,4.20764e-06,3.14577e-06,50,100,100,237662,1 11 4 0 8 3 10 9 5 7 2 6 
558,3.67727e-06,4.20764e-06,3.05346e-06,50,100,100,237662,1 11 4 0 8 3 10 9 5 7 2 6 
559,3.7018e-06,4.20764e-06,3.07561e-06,50,100,100,237662,1 11 4 0 8 3 10 9 5 7 2 6 
560,3.67285e-06,4.20764e-06,3.09242e-06,50,100,100,237662,1 11 4 0 8 3 10 9 5 7 2 6 
561,3.67923e-06,4.20764e-06,3.1247e-06,50,100,100,237662,1 11 4 0 8 3 10 9 5 7 2 6 
562,3.70294e-06,4.20764e-06,3.11343e-06,50,100,100,237662,1 11 4 0 8 3 10 9 5 7 2 6 
563,3.71549e-06,4.20764e-06,2.99687e-06,50,100,100,237662,1 11 4 0 8 3 10 9 5 7 2 6 
564,3.75009e-06,4.20764e-06,3.12008e-06,50,100,100,237662,1 11 4 0 8 3 10 9 5 7 2 6 
565,3.69546e-06,4.20764e-06,3.07959e-06,50,100,100,237662,1 11 4 0 8 3 10 9 5 7 2 6 
566,3.63683e-06,4.20764e-06,2.9961e-06,50,100,100,237662,1 11 4 0 8 3 10 9 5 7 2 6 
567,3.65464e-06,4.20764e-06,3.09258e-06,50,100,100,237662,1 11 4 0 8 3 10 9 5 7 2 6 
568,3.63409e-06,4.20764e-06,2.96076e-06,50,100,100,237662,1 11 4 0 8 3 10 9 5 7 2 6 
569,3.65208e-06,4.20764e-06,3.03079e-06,50,100,100,237662,1 11 4 0 8 3 10 9 5 7 2 6 
570,3.62877e-06,4.20764e-06,2.95983e-06,50,100,100,237662,1 11 4 0 8 3 10 9 5 7 2 6 
571,3.64352e-06,4.20764e-06,3.03392e-06,50,100,100,237662,1 11 4 0 8 3 10 9 5 7 2 6 
572,3.68883e-06,4.20764e-06,3.03965e-06,50,100,100,237662,1 11 4 0 8 3 10 9 5 7 2 6 
573,3.7047e-06,4.20764e-06,3.09049e-06,50,100,100,237662,1 11 4 0 8 3 10 9 5 7 2 6 
574,3.73921e-06,4.20764e-06,3.18785e-06,50,100,100,237662,1 11 4 0 8 3 10 9 5 7 2 6 
575,3.66025e-06,4.20764e-06,3.06298e-06,50,100,100,237662,1 11 4 0 8 3 10 9 5 7 2 6 
576,3.68093e-06,4.20764e-06,3.07413e-06,50,100,100,237662,1 11 4 0 8 3 10 9 5 7 2 6 
577,3.72029e-06,4.20764e-06,3.17994e-06,50,100,100,237662,1 11 4 0 8 3 10 9 5 7 2 6 
578,3.74997e-06,4.20764e-06,3.08065e-06,50,100,100,237662,1 11 4 0 8 3 10 9 5 7 2 6 
579,3.69211e-06,4.20764e-06,3.12755e-06,50,100,100,237662,1 11 4 0 8 3 10 9 5 7 2 6 
580,3.75021e-06,4.20764e-06,3.1495e-06,50,100,100,237662,1 11 4 0 8 3 10 9 5 7 2 6 
581,3.653e-06,4.20764e-06,3.03474e-06,50,100,100,237662,1 11 4 0 8 3 10 9 5 7 2 6 
582,3.65933e-06,4.20764e-06,3.05682e-06,50,100,100,237662,1 11 4 0 8 3 10 9 5 7 2 6 
583,3.63716e-06,4.20764e-06,3.07072e-06,50,100,100,237662,1 11 4 0 8 3 10 9 5 7 2 6 
584,3.64903e-06,4.20764e-06,3.09815e-06,50,100,100,237662,1 11 4 0 8 3 10 9 5 7 2 6 
585,3.66189e-06,4.20764e-06,3.12136e-06,50,100,100,237662,1 11 4 0 8 3 10 9 5 7 2 6 
586,3.66672e-06,4.20764e-06,3.07525e-06,50,100,100,237662,1 11 4 0 8 3 10 9 5 7 2 6 
587,3.69686e-06,4.20764e-06,2.96559e-06,50,100,100,237662,1 11 4 0 8 3 10 9 5 7 2 6 
588,3.67312e-06,4.20764e-06,3.12894e-06,50,100,100,237662,1 11 4 0 8 3 10 9 5 7 2 6 
589,3.64503e-06,4.20764e-06,3.00539e-06,50,100,100,237662,1 11 4 0 8 3 10 9 5 7 2 6 
590,3.71542e-06,4.20764e-06,3.02705e-06,50,100,100,237662,1 11 4 0 8 3 10 9 5 7 2 6 
591,3.63954e-06,4.20764e-06,3.04467e-06,50,100,100,237662,1 11 4 0 8 3 10 9 5 7 2 6 
592,3.64451e-06,4.20764e-06,3.03103e-06,50,100,100,237662,1 11 4 0 8 3 10 9 5 7 2 6 
593,3.7024e-06,4.20764e-06,3.11545e-06,50,100,100,237662,1 11 4 0 8 3 10 9 5 7 2 6 
594,3.65724e-06,4.20764e-06,3.17202e-06,50,100,100,237662,1 11 4 0 8 3 10 9 5 7 2 6 
595,3.68523e-06,4.20764e-06,3.0586e-06,50,100,100,237662,1 11 4 0 8 3 10 9 5 7 2 6 
596,3.71058e-06,4.20764e-06,3.13644e-06,50,100,100,237662,1 11 4 0 8 3 10 9 5 7 2 6 
597,3.68036e-06,4.20764e-06,3.1139e-06,50,100,100,237662,1 11 4 0 8 3 10 9 5 7 2 6 
598,3.6815e-06,4.20764e-06,3.03631e-06,50,100,100,237662,1 11 4 0 8 3 10 9 5 7 2 6 
599,3.61645e-06,4.20764e-06,3.06877e-06,50,100,100,237662,1 11 4 0 8 3 10 9 5 7 2 6 
600,3.66067e-06,4.20764e-06,3.08984e-06,50,100,100,237662,1 11 4 0 8 3 10 9 5 7 2 6 
601,3.63822e-06,4.20764e-06,3.08475e-06,50,100,100,237662,1 11 4 0 8 3 10 9 5 7 2 6 
602,3.64401e-06,4.20764e-06,3.04122e-06,50,100,100,237662,1 11 4 0 8 3 10 9 5 7 2 6 
603,3.64186e-06,4.20764e-06,3.02107e-06,50,100,100,237662,1 11 4 0 8 3 10 9 5 7 2 6 
604,3.64547e-06,4.20764e-06,3.134e-06,50,100,100,237662,1 11 4 0 8 3 10 9 5 7 2 6 
605,3.63339e-06,4.20764e-06,3.11442e-06,50,100,100,237662,1 11 4 0 8 3 10 9 5 7 2 6 
606,3.65659e-06,4.20764e-06,3.13365e-06,50,100,100,237662,1 11 4 0 8 3 10 9 5 7 2 6 
607,3.59349e-06,4.20764e-06,3.03347e-06,50,100,100,237662,1 11 4 0 8 3 10 9 5 7 2 6 
608,3.63109e-06,4.20764e-06,3.11328e-06,50,100,100,237662,1 11 4 0 8 3 10 9 5 7 2 6 
609,3.64489e-06,4.20764e-06,3.03664e-06,50,100,100,237662,1 11 4 0 8 3 10 9 5 7 2 6 
610,3.68043e-06,4.20764e-06,3.13483e-06,50,100,100,237662,1 11 4 0 8 3 10 9 5 7 2 6 
611,3.74546e-06,4.20764e-06,3.14652e-06,50,100,100,237662,1 11 4 0 8 3 10 9 5 7 2 6 
612,3.73657e-06,4.20764e-06,3.13414e-06,50,100,100,237662,1 11 4 0 8 3 10 9 5 7 2 6 
613,3.74996e-06,4.20764e-06,3.07077e-06,50,100,100,237662,1 11 4 0 8 3 10 9 5 7 2 6 
614,3.6785e-06,4.20764e-06,3.05918e-06,50,100,100,237662,1 11 4 0 8 3 10 9 5 7 2 6 
615,3.63256e-06,4.20764e-06,3.08435e-06,50,100,100,237662,1 11 4 0 8 3 10 9 5 7 2 6 
616,3.66381e-06,4.20764e-06,3.04102e-06,50,100,100,237662,1 11 4 0 8 3 10 9 5 7 2 6 
617,3.6334e-06,4.20764e-06,3.07506e-06,50,100,100,237662,1 11 4 0 8 3 10 9 5 7 2 6 
618,3.63538e-06,4.20764e-06,3.03589e-06,50,100,100,237662,1 11 4 0 8 3 10 9 5 7 2 6 
619,3.65758e-06,4.20764e-06,3.0634e-06,50,100,100,237662,1 11 4 0 8 3 10 9 5 7 2 6 
620,3.6191e-06,4.20764e-06,3.03878e-06,50,100,100,237662,1 11 4 0 8 3 10 9 5 7 2 6 
621,3.646e-06,4.20764e-06,3.09305e-06,50,100,100,237662,1 11 4 0 8 3 10 9 5 7 2 6 
622,3.64548e-06,4.20764e-06,3.13398e-06,50,100,100,237662,1 11 4 0 8 3 10 9 5 7 2 6 
623,3.57828e-06,4.20764e-06,2.9767e-06,50,100,100,237662,1 11 4 0 8 3 10 9 5 7 2 6 
624,3.58352e-06,4.20764e-06,3.08012e-06,50,100,100,237662,1 11 4 0 8 3 10 9 5 7 2 6 
625,3.62868e-06,4.20764e-06,2.98291e-06,50,100,100,237662,1 11 4 0 8 3 10 9 5 7 2 6 
626,3.65196e-06,4.20764e-06,3.04226e-06,50,100,100,237662,1 11 4 0 8 3 10 9 5 7 2 6 
627,3.68359e-06,4.20764e-06,3.12087e-06,50,100,100,237662,1 11 4 0 8 3 10 9 5 7 2 6 
628,3.74371e-06,4.20764e-06,3.07164e-06,50,100,100,237662,1 11 4 0 8 3 10 9 5 7 2 6 
629,3.69052e-06,4.20764e-06,3.01948e-06,50,100,100,237662,1 11 4 0 8 3 10 9 5 7 2 6 
630,3.68327e-06,4.20764e-06,3.07601e-06,50,100,100,237662,1 11 4 0 8 3 10 9 5 7 2 6 
631,3.72379e-06,4.20764e-06,3.1172e-06,50,100,100,237662,1 11 4 0 8 3 10 9 5 7 2 6 
632,3.73359e-06,4.20764e-06,3.13166e-06,50,100,100,237662,1 11 4 0 8 3 10 9 5 7 2 6 
633,3.76293e-06,4.20764e-06,3.15375e-06,50,100,100,237662,1 11 4 0 8 3 10 9 5 7 2 6 
634,3.72251e-06,4.20764e-06,2.98409e-06,50,100,100,237662,1 11 4 0 8 3 10 9 5 7 2 6 
635,3.70007e-06,4.20764e-06,3.08285e-06,50,100,100,237662,1 11 4 0 8 3 10 9 5 7 2 6 
636,3.69678e-06,4.20764e-06,3.10803e-06,50,100,100,237662,1 11 4 0 8 3 10 9 5 7 2 6 
637,3.71665e-06,4.20764e-06,3.08278e-06,50,100,100,237662,1 11 4 0 8 3 10 9 5 7 2 6 
638,3.67682e-06,4.20764e-06,3.04924e-06,50,100,100,237662,1 11 4 0 8 3 10 9 5 7 2 6 
639,3.70618e-06,4.20764e-06,3.06117e-06,50,100,100,237662,1 11 4 0 8 3 10 9 5 7 2 6 
640,3.71266e-06,4.20764e-06,3.13031e-06,50,100,100,237662,1 11 4 0 8 3 10 9 5 7 2 6 
641,3.71241e-06,4.20764e-06,3.11545e-06,50,100,100,237662,1 11 4 0 8 3 10 9 5 7 2 6 
642,3.65654e-06,4.20764e-06,3.083e-06,50,100,100,237662,1 11 4 0 8 3 10 9 5 7 2 6 
643,3.64452e-06,4.20764e-06,2.93411e-06,50,100,100,237662,1 11 4 0 8 3 10 9 5 7 2 6 
644,3.62409e-06,4.20764e-06,3.00798e-06,50,100,100,237662,1 11 4 0 8 3 10 9 5 7 2 6 
645,3.67646e-06,4.20764e-06,3.15093e-06,50,100,100,237662,1 11 4 0 8 3 10 9 5 7 2 6 
646,3.67725e-06,4.20764e-06,3.09449e-06,50,100,100,237662,1 11 4 0 8 3 10 9 5 7 2 6 
647,3.70787e-06,4.20764e-06,2.98949e-06,50,100,100,237662,1 11 4 0 8 3 10 9 5 7 2 6 
648,3.66921e-06,4.20764e-06,3.01351e-06,50,100,100,237662,1 11 4 0 8 3 10 9 5 7 2 6 
649,3.64802e-06,4.20764e-06,3.04769e-06,50,100,100,237662,1 11 4 0 8 3 10 9 5 7 2 6 
650,3.61853e-06,4.20764e-06,3.01615e-06,50,100,100,237662,1 11 4 0 8 3 10 9 5 7 2 6 
651,3.6745e-06,4.20764e-06,3.03843e-06,50,100,100,237662,1 11 4 0 8 3 10 9 5 7 2 6 
652,3.6907e-06,4.20764e-06,3.1799e-06,50,100,100,237662,1 11 4 0 8 3 10 9 5 7 2 6 
653,3.64168e-06,4.20764e-06,3.07355e-06,50,100,100,237662,1 11 4 0 8 3 10 9 5 7 2 6 
654,3.67354e-06,4.20764e-06,3.0782e-06,50,100,100,237662,1 11 4 0 8 3 10 9 5 7 2 6 
655,3.68293e-06,4.20764e-06,3.16685e-06,50,100,100,237662,1 11 4 0 8 3 10 9 5 7 2 6 
656,3.64681e-06,4.20764e-06,3.00941e-06,50,100,100,237662,1 11 4 0 8 3 10 9 5 7 2 6 
657,3.66303e-06,4.20764e-06,3.02187e-06,50,100,100,237662,1 11 4 0 8 3 10 9 5 7 2 6 
658,3.65358e-06,4.20764e-06,3.0583e-06,50,100,100,237662,1 11 4 0 8 3 10 9 5 7 2 6 
659,3.66525e-06,4.20764e-06,3.11535e-06,50,100,100,237662,1 11 4 0 8 3 10 9 5 7 2 6 
660,3.70728e-06,4.20764e-06,3.03624e-06,50,100,100,237662,1 11 4 0 8 3 10 9 5 7 2 6 
661,3.63665e-06,4.20764e-06,3.09961e-06,50,100,100,237662,1 11 4 0 8 3 10 9 5 7 2 6 
662,3.64847e-06,4.20764e-06,3.15067e-06,50,100,100,237662,1 11 4 0 8 3 10 9 5 7 2 6 
663,3.66e-06,4.20764e-06,3.09643e-06,50,100,100,237662,1 11 4 0 8 3 10 9 5 7 2 6 
664,3.67318e-06,4.20764e-06,2.95044e-06,50,100,100,237662,1 11 4 0 8 3 10 9 5 7 2 6 
665,3.65938e-06,4.20764e-06,2.97058e-06,50,100,100,237662,1 11 4 0 8 3 10 9 5 7 2 6 
666,3.63926e-06,4.20764e-06,3.10813e-06,50,100,100,237662,1 11 4 0 8 3 10 9 5 7 2 6 
667,3.65014e-06,4.20764e-06,2.9822e-06,50,100,100,237662,1 11 4 0 8 3 10 9 5 7 2 6 
668,3.65527e-06,4.20764e-06,3.02567e-06,50,100,100,237662,1 11 4 0 8 3 10 9 5 7 2 6 
669,3.64236e-06,4.20764e-06,3.08721e-06,50,100,100,237662,1 11 4 0 8 3 10 9 5 7 2 6 
670,3.64485e-06,4.20764e-06,2.99745e-06,50,100,100,237662,1 11 4 0 8 3 10 9 5 7 2 6 
671,3.5818e-06,4.20764e-06,3.04623e-06,50,100,100,237662,1 11 4 0 8 3 10 9 5 7 2 6 
672,3.61685e-06,4.20764e-06,3.03819e-06,50,100,100,237662,1 11 4 0 8 3 10 9 5 7 2 6 
673,3.62574e-06,4.20764e-06,3.04228e-06,50,100,100,237662,1 11 4 0 8 3 10 9 5 7 2 6 
674,3.66376e-06,4.20764e-06,3.1131e-06,50,100,100,237662,1 11 4 0 8 3 10 9 5 7 2 6 
675,3.63024e-06,4.20764e-06,3.05371e-06,50,100,100,237662,1 11 4 0 8 3 10 9 5 7 2 6 
676,3.57377e-06,4.20764e-06,3.01077e-06,50,100,100,237662,1 11 4 0 8 3 10 9 5 7 2 6 
677,3.5956e-06,4.20764e-06,2.99153e-06,50,100,100,237662,1 11 4 0 8 3 10 9 5 7 2 6 
678,3.61806e-06,4.20764e-06,3.01777e-06,50,100,100,237662,1 11 4 0 8 3 10 9 5 7 2 6 
679,3.64786e-06,4.20764e-06,3.07862e-06,50,100,100,237662,1 11 4 0 8 3 10 9 5 7 2 6 
680,3.65573e-06,4.20764e-06,2.93756e-06,50,100,100,237662,1 11 4 0 8 3 10 9 5 7 2 6 
681,3.67864e-06,4.20764e-06,3.03493e-06,50,100,100,237662,1 11 4 0 8 3 10 9 5 7 2 6 
682,3.69614e-06,4.20764e-06,3.0203e-06,50,100,100,237662,1 11 4 0 8 3 10 9 5 7 2 6 
683,3.74356e-06,4.20764e-06,3.00691e-06,50,100,100,237662,1 11 4 0 8 3 10 9 5 7 2 6 
684,3.64518e-06,4.20764e-06,3.02061e-06,50,100,100,237662,1 11 4 0 8 3 10 9 5 7 2 6 
685,3.65339e-06,4.20764e-06,3.00527e-06,50,100,100,237662,1 11 4 0 8 3 10 9 5 7 2 6 
686,3.66434e-06,4.20764e-06,3.07134e-06,50,100,100,237662,1 11 4 0 8 3 10 9 5 7 2 6 
687,3.73619e-06,4.20764e-06,3.11815e-06,50,100,100,237662,1 11 4 0 8 3 10 9 5 7 2 6 
688,3.69788e-06,4.20764e-06,3.14401e-06,50,100,100,237662,1 11 4 0 8 3 10 9 5 7 2 6 
689,3.62567e-06,4.20764e-06,3.00648e-06,50,100,100,237662,1 11 4 0 8 3 10 9 5 7 2 6 
690,3.6675e-06,4.20764e-06,3.00139e-06,50,100,100,237662,1 11 4 0 8 3 10 9 5 7 2 6 
691,3.67354e-06,4.20764e-06,3.09196e-06,50,100,100,237662,1 11 4 0 8 3 10 9 5 7 2 6 
692,3.6963e-06,4.20764e-06,3.03637e-06,50,100,100,237662,1 11 4 0 8 3 10 9 5 7 2 6 
693,3.66999e-06,4.20764e-06,3.13616e-06,50,100,100,237662,1 11 4 0 8 3 10 9 5 7 2 6 
694,3.72375e-06,4.20764e-06,3.11858e-06,50,100,100,237662,1 11 4 0 8 3 10 9 5 7 2 6 
695,3.77186e-06,4.20764e-06,2.99003e-06,50,100,100,237662,1 11 4 0 8 3 10 9 5 7 2 6 
696,3.76304e-06,4.20764e-06,3.11648e-06,50,100,100,237662,1 11 4 0 8 3 10 9 5 7 2 6 
697,3.76448e-06,4.20764e-06,3.15454e-06,50,100,100,237662,1 11 4 0 8 3 10 9 5 7 2 6 
698,3.73946e-06,4.20764e-06,3.07034e-06,50,100,100,237662,1 11 4 0 8 3 10 9 5 7 2 6 
699,3.66988e-06,4.20764e-06,3.12585e-06,50,100,100,237662,1 11 4 0 8 3 10 9 5 7 2 6 
700,3.61961e-06,4.20764e-06,3.00914e-06,50,100,100,237662,1 11 4 0 8 3 10 9 5 7 2 6 
701,3.611e-06,4.20764e-06,3.07256e-06,50,100,100,237662,1 11 4 0 8 3 10 9 5 7 2 6 
702,3.59304e-06,4.20764e-06,3.0314e-06,50,100,100,237662,1 11 4 0 8 3 10 9 5 7 2 6 
703,3.57465e-06,4.20764e-06,3.061e-06,50,100,100,237662,1 11 4 0 8 3 10 9 5 7 2 6 
704,3.57929e-06,4.20764e-06,3.02531e-06,50,100,100,237662,1 11 4 0 8 3 10 9 5 7 2 6 
705,3.61231e-06,4.20764e-06,3.03436e-06,50,100,100,237662,1 11 4 0 8 3 10 9 5 7 2 6 
706,3.57526e-06,4.20764e-06,3.05735e-06,50,100,100,237662,1 11 4 0 8 3 10 9 5 7 2 6 
707,3.61977e-06,4.20764e-06,3.10944e-06,50,100,100,237662,1 11 4 0 8 3 10 9 5 7 2 6 
708,3.65224e-06,4.20764e-06,3.11535e-06,50,100,100,237662,1 11 4 0 8 3 10 9 5 7 2 6 
709,3.60129e-06,4.20764e-06,3.09656e-06,50,100,100,237662,1 11 4 0 8 3 10 9 5 7 2 6 
710,3.59878e-06,4.20764e-06,3.10933e-06,50,100,100,237662,1 11 4 0 8 3 10 9 5 7 2 6 
711,3.55338e-06,4.20764e-06,3.03882e-06,50,100,100,237662,1 11 4 0 8 3 10 9 5 7 2 6 
712,3.54845e-06,4.20764e-06,2.9568e-06,50,100,100,237662,1 11 4 0 8 3 10 9 5 7 2 6 
713,3.61092e-06,4.20764e-06,3.13112e-06,50,100,100,237662,1 11 4 0 8 3 10 9 5 7 2 6 
714,3.64596e-06,4.20764e-06,3.11142e-06,50,100,100,237662,1 11 4 0 8 3 10 9 5 7 2 6 
715,3.62019e-06,4.20764e-06,3.01789e-06,50,100,100,237662,1 11 4 0 8 3 10 9 5 7 2 6 
716,3.73075e-06,4.20764e-06,3.21317e-06,50,100,100,237662,1 11 4 0 8 3 10 9 5 7 2 6 
717,3.66327e-06,4.20764e-06,2.97849e-06,50,100,100,237662,1 11 4 0 8 3 10 9 5 7 2 6 
718,3.65063e-06,4.20764e-06,3.04367e-06,50,100,100,237662,1 11 4 0 8 3 10 9 5 7 2 6 
719,3.68738e-06,4.20764e-06,3.14316e-06,50,100,100,237662,1 11 4 0 8 3 10 9 5 7 2 6 
720,3.67452e-06,4.20764e-06,2.9906e-06,50,100,100,237662,1 11 4 0 8 3 10 9 5 7 2 6 
721,3.65373e-06,4.20764e-06,3.06377e-06,50,100,100,237662,1 11 4 0 8 3 10 9 5 7 2 6 
722,3.66722e-06,4.20764e-06,3.11512e-06,50,100,100,237662,1 11 4 0 8 3 10 9 5 7 2 6 
723,3.69269e-06,4.20764e-06,3.10383e-06,50,100,100,237662,1 11 4 0 8 3 10 9 5 7 2 6 
724,3.6806e-06,4.20764e-06,3.08124e-06,50,100,100,237662,1 11 4 0 8 3 10 9 5 7 2 6 
725,3.6792e-06,4.20764e-06,3.00659e-06,50,100,100,237662,1 11 4 0 8 3 10 9 5 7 2 6 
726,3.67231e-06,4.20764e-06,3.07385e-06,50,100,100,237662,1 11 4 0 8 3 10 9 5 7 2 6 
727,3.68632e-06,4.20764e-06,3.03292e-06,50,100,100,237662,1 11 4 0 8 3 10 9 5 7 2 6 
728,3.68989e-06,4.20764e-06,3.08673e-06,50,100,100,237662,1 11 4 0 8 3 10 9 5 7 2 6 
729,3.6853e-06,4.20764e-06,3.12226e-06,50,100,100,237662,1 11 4 0 8 3 10 9 5 7 2 6 
730,3.65119e-06,4.20764e-06,3.05651e-06,50,100,100,237662,1 11 4 0 8 3 10 9 5 7 2 6 
731,3.60862e-06,4.20764e-06,3.05281e-06,50,100,100,237662,1 11 4 0 8 3 10 9 5 7 2 6 
732,3.68093e-06,4.20764e-06,3.14435e-06,50,100,100,237662,1 11 4 0 8 3 10 9 5 7 2 6 
733,3.71382e-06,4.20764e-06,3.09487e-06,50,100,100,237662,1 11 4 0 8 3 10 9 5 7 2 6 
734,3.65371e-06,4.20764e-06,3.06689e-06,50,100,100,237662,1 11 4 0 8 3 10 9 5 7 2 6 
735,3.68407e-06,4.20764e-06,3.07379e-06,50,100,100,237662,1 11 4 0 8 3 10 9 5 7 2 6 
736,3.66343e-06,4.20764e-06,2.94162e-06,50,100,100,237662,1 11 4 0 8 3 10 9 5 7 2 6 
737,3.67314e-06,4.20764e-06,3.13506e-06,50,100,100,237662,1 11 4 0 8 3 10 9 5 7 2 6 
738,3.66594e-06,4.20764e-06,3.12401e-06,50,100,100,237662,1 11 4 0 8 3 10 9 5 7 2 6 
739,3.67222e-06,4.20764e-06,3.05793e-06,50,100,100,237662,1 11 4 0 8 3 10 9 5 7 2 6 
740,3.65948e-06,4.20764e-06,3.09708e-06,50,100,100,237662,1 11 4 0 8 3 10 9 5 7 2 6 
741,3.76025e-06,4.20764e-06,3.19921e-06,50,100,100,237662,1 11 4 0 8 3 10 9 5 7 2 6 
742,3.75363e-06,4.20764e-06,2.93709e-06,50,100,100,237662,1 11 4 0 8 3 10 9 5 7 2 6 
743,3.69537e-06,4.20764e-06,3.04862e-06,50,100,100,237662,1 11 4 0 8 3 10 9 5 7 2 6 
744,3.71599e-06,4.20764e-06,3.0975e-06,50,100,100,237662,1 11 4 0 8 3 10 9 5 7 2 6 
745,3.66594e-06,4.20764e-06,3.10848e-06,50,100,100,237662,1 11 4 0 8 3 10 9 5 7 2 6 
746,3.65477e-06,4.20764e-06,3.04443e-06,50,100,100,237662,1 11 4 0 8 3 10 9 5 7 2 6 
747,3.64174e-06,4.20764e-06,2.9921e-06,50,100,100,237662,1 11 4 0 8 3 10 9 5 7 2 6 
748,3.65019e-06,4.20764e-06,3.08316e-06,50,100,100,237662,1 11 4 0 8 3 10 9 5 7 2 6 
749,3.64005e-06,4.20764e-06,3.02125e-06,50,100,100,237662,1 11 4 0 8 3 10 9 5 7 2 6 
750,3.67789e-06,4.20764e-06,3.12394e-06,50,100,100,237662,1 11 4 0 8 3 10 9 5 7 2 6 
751,3.64963e-06,4.20764e-06,3.03775e-06,50,100,100,237662,1 11 4 0 8 3 10 9 5 7 2 6 
752,3.67338e-06,4.20764e-06,3.06265e-06,50,100,100,237662,1 11 4 0 8 3 10 9 5 7 2 6 
753,3.64758e-06,4.20764e-06,3.09979e-06,50,100,100,237662,1 11 4 0 8 3 10 9 5 7 2 6 
754,3.64044e-06,4.20764e-06,3.08118e-06,50,100,100,237662,1 11 4 0 8 3 10 9 5 7 2 6 
755,3.59597e-06,4.20764e-06,3.09248e-06,50,100,100,237662,1 11 4 0 8 3 10 9 5 7 2 6 
756,3.60987e-06,4.20764e-06,3.05456e-06,50,100,100,237662,1 11 4 0 8 3 10 9 5 7 2 6 
757,3.59161e-06,4.20764e-06,2.9724e-06,50,100,100,237662,1 11 4 0 8 3 10 9 5 7 2 6 
758,3.5597e-06,4.20764e-06,3.0189e-06,50,100,100,237662,1 11 4 0 8 3 10 9 5 7 2 6 
759,3.58301e-06,4.20764e-06,3.07021e-06,50,100,100,237662,1 11 4 0 8 3 10 9 5 7 2 6 
760,3.58084e-06,4.20764e-06,3.06505e-06,50,100,100,237662,1 11 4 0 8 3 10 9 5 7 2 6 
761,3.57529e-06,4.20764e-06,3.11722e-06,50,100,100,237662,1 11 4 0 8 3 10 9 5 7 2 6 
762,3.59454e-06,4.20764e-06,3.09873e-06,50,100,100,237662,1 11 4 0 8 3 10 9 5 7 2 6 
763,3.58295e-06,4.20764e-06,3.06282e-06,50,100,100,237662,1 11 4 0 8 3 10 9 5 7 2 6 
764,3.61797e-06,4.20764e-06,3.04367e-06,50,100,100,237662,1 11 4 0 8 3 10 9 5 7 2 6 
765,3.62786e-06,4.20764e-06,3.04799e-06,50,100,100,237662,1 11 4 0 8 3 10 9 5 7 2 6 
766,3.65764e-06,4.20764e-06,3.10516e-06,50,100,100,237662,1 11 4 0 8 3 10 9 5 7 2 6 
767,3.68429e-06,4.20764e-06,3.11947e-06,50,100,100,237662,1 11 4 0 8 3 10 9 5 7 2 6 
768,3.70987e-06,4.20764e-06,3.10294e-06,50,100,100,237662,1 11 4 0 8 3 10 9 5 7 2 6 
769,3.71561e-06,4.20764e-06,3.03849e-06,50,100,100,237662,1 11 4 0 8 3 10 9 5 7 2 6 
770,3.70248e-06,4.20764e-06,3.07077e-06,50,100,100,237662,1 11 4 0 8 3 10 9 5 7 2 6 
771,3.67422e-06,4.20764e-06,3.14401e-06,50,100,100,237662,1 11 4 0 8 3 10 9 5 7 2 6 
772,3.72082e-06,4.20764e-06,3.01464e-06,50,100,100,237662,1 11 4 0 8 3 10 9 5 7 2 6 
773,3.70371e-06,4.20764e-06,3.03624e-06,50,100,100,237662,1 11 4 0 8 3 10 9 5 7 2 6 
774,3.71525e-06,4.20764e-06,3.06195e-06,50,100,100,237662,1 11 4 0 8 3 10 9 5 7 2 6 
775,3.71184e-06,4.20764e-06,3.12677e-06,50,100,100,237662,1 11 4 0 8 3 10 9 5 7 2 6 
776,3.70572e-06,4.20764e-06,3.08175e-06,50,100,100,237662,1 11 4 0 8 3 10 9 5 7 2 6 
777,3.67013e-06,4.20764e-06,3.03819e-06,50,100,100,237662,1 11 4 0 8 3 10 9 5 7 2 6 
778,3.6678e-06,4.20764e-06,3.04864e-06,50,100,100,237662,1 11 4 0 8 3 10 9 5 7 2 6 
779,3.71833e-06,4.20764e-06,3.14095e-06,50,100,100,237662,1 11 4 0 8 3 10 9 5 7 2 6 
780,3.75974e-06,4.20764e-06,3.07601e-06,50,100,100,237662,1 11 4 0 8 3 10 9 5 7 2 6 
781,3.72908e-06,4.20764e-06,3.09019e-06,50,100,100,237662,1 11 4 0 8 3 10 9 5 7 2 6 
782,3.77815e-06,4.20764e-06,3.10205e-06,50,100,100,237662,1 11 4 0 8 3 10 9 5 7 2 6 
783,3.67965e-06,4.20764e-06,3.00081e-06,50,100,100,237662,1 11 4 0 8 3 10 9 5 7 2 6 
784,3.6742e-06,4.20764e-06,3.00117e-06,50,100,100,237662,1 11 4 0 8 3 10 9 5 7 2 6 
785,3.68905e-06,4.20764e-06,3.14208e-06,50,100,100,237662,1 11 4 0 8 3 10 9 5 7 2 6 
786,3.63712e-06,4.20764e-06,3.10902e-06,50,100,100,237662,1 11 4 0 8 3 10 9 5 7 2 6 
787,3.6367e-06,4.20764e-06,3.09597e-06,50,100,100,237662,1 11 4 0 8 3 10 9 5 7 2 6 
788,3.66422e-06,4.20764e-06,3.12521e-06,50,100,100,237662,1 11 4 0 8 3 10 9 5 7 2 6 
789,3.66348e-06,4.20764e-06,3.06357e-06,50,100,100,237662,1 11 4 0 8 3 10 9 5 7 2 6 
790,3.68811e-06,4.20764e-06,3.12058e-06,50,100,100,237662,1 11 4 0 8 3 10 9 5 7 2 6 
791,3.6882e-06,4.20764e-06,3.09395e-06,50,100,100,237662,1 11 4 0 8 3 10 9 5 7 2 6 
792,3.68728e-06,4.20764e-06,3.01618e-06,50,100,100,237662,1 11 4 0 8 3 10 9 5 7 2 6 
793,3.66428e-06,4.20764e-06,3.09975e-06,50,100,100,237662,1 11 4 0 8 3 10 9 5 7 2 6 
794,3.63174e-06,4.20764e-06,2.98724e-06,50,100,100,237662,1 11 4 0 8 3 10 9 5 7 2 6 
795,3.60747e-06,4.20764e-06,2.97058e-06,50,100,100,237662,1 11 4 0 8 3 10 9 5 7 2 6 
796,3.63516e-06,4.20764e-06,3.05718e-06,50,100,100,237662,1 11 4 0 8 3 10 9 5 7 2 6 
797,3.65766e-06,4.20764e-06,3.04647e-06,50,100,100,237662,1 11 4 0 8 3 10 9 5 7 2 6 
798,3.65532e-06,4.20764e-06,3.04963e-06,50,100,100,237662,1 11 4 0 8 3 10 9 5 7 2 6 
799,3.68032e-06,4.20764e-06,3.11852e-06,50,100,100,237662,1 11 4 0 8 3 10 9 5 7 2 6 
800,3.67286e-06,4.20764e-06,3.03932e-06,50,100,100,237662,1 11 4 0 8 3 10 9 5 7 2 6 
801,3.66783e-06,4.20764e-06,3.05718e-06,50,100,100,237662,1 11 4 0 8 3 10 9 5 7 2 6 
802,3.73185e-06,4.20764e-06,3.1139e-06,50,100,100,237662,1 11 4 0 8 3 10 9 5 7 2 6 
803,3.70712e-06,4.20764e-06,3.19549e-06,50,100,100,237662,1 11 4 0 8 3 10 9 5 7 2 6 
804,3.70267e-06,4.20764e-06,3.10782e-06,50,100,100,237662,1 11 4 0 8 3 10 9 5 7 2 6 
805,3.71674e-06,4.20764e-06,3.07113e-06,50,100,100,237662,1 11 4 0 8 3 10 9 5 7 2 6 
806,3.70819e-06,4.20764e-06,3.00207e-06,50,100,100,237662,1 11 4 0 8 3 10 9 5 7 2 6 
807,3.7295e-06,4.20764e-06,3.00366e-06,50,100,100,237662,1 11 4 0 8 3 10 9 5 7 2 6 
808,3.69083e-06,4.20764e-06,3.13437e-06,50,100,100,237662,1 11 4 0 8 3 10 9 5 7 2 6 
809,3.68025e-06,4.20764e-06,3.02105e-06,50,100,100,237662,1 11 4 0 8 3 10 9 5 7 2 6 
810,3.65535e-06,4.20764e-06,2.90337e-06,50,100,100,237662,1 11 4 0 8 3 10 9 5 7 2 6 
811,3.67131e-06,4.20764e-06,3.04504e-06,50,100,100,237662,1 11 4 0 8 3 10 9 5 7 2 6 
812,3.65966e-06,4.20764e-06,2.99381e-06,50,100,100,237662,1 11 4 0 8 3 10 9 5 7 2 6 
813,3.63865e-06,4.20764e-06,3.1437e-06,50,100,100,237662,1 11 4 0 8 3 10 9 5 7 2 6 
814,3.67066e-06,4.20764e-06,3.00697e-06,50,100,100,237662,1 11 4 0 8 3 10 9 5 7 2 6 
815,3.66202e-06,4.20764e-06,3.14054e-06,50,100,100,237662,1 11 4 0 8 3 10 9 5 7 2 6 
816,3.66477e-06,4.20764e-06,3.02209e-06,50,100,100,237662,1 11 4 0 8 3 10 9 5 7 2 6 
817,3.68336e-06,4.20764e-06,3.15713e-06,50,100,100,237662,1 11 4 0 8 3 10 9 5 7 2 6 
818,3.66182e-06,4.20764e-06,3.03694e-06,50,100,100,237662,1 11 4 0 8 3 10 9 5 7 2 6 
819,3.65641e-06,4.20764e-06,3.04938e-06,50,100,100,237662,1 11 4 0 8 3 10 9 5 7 2 6 
820,3.65686e-06,4.20764e-06,3.00921e-06,50,100,100,237662,1 11 4 0 8 3 10 9 5 7 2 6 
821,3.70355e-06,4.20764e-06,3.06242e-06,50,100,100,237662,1 11 4 0 8 3 10 9 5 7 2 6 
822,3.70367e-06,4.20764e-06,3.07799e-06,50,100,100,237662,1 11 4 0 8 3 10 9 5 7 2 6 
823,3.67261e-06,4.20764e-06,3.04691e-06,50,100,100,237662,1 11 4 0 8 3 10 9 5 7 2 6 
824,3.63457e-06,4.20764e-06,3.10983e-06,50,100,100,237662,1 11 4 0 8 3 10 9 5 7 2 6 
825,3.67119e-06,4.20764e-06,3.11494e-06,50,100,100,237662,1 11 4 0 8 3 10 9 5 7 2 6 
826,3.67892e-06,4.20764e-06,3.06464e-06,50,100,100,237662,1 11 4 0 8 3 10 9 5 7 2 6 
827,3.7328e-06,4.20764e-06,3.0197e-06,50,100,100,237662,1 11 4 0 8 3 10 9 5 7 2 6 
828,3.72365e-06,4.20764e-06,3.06915e-06,50,100,100,237662,1 11 4 0 8 3 10 9 5 7 2 6 
829,3.66323e-06,4.20764e-06,3.09101e-06,50,100,100,237662,1 11 4 0 8 3 10 9 5 7 2 6 
830,3.66432e-06,4.20764e-06,3.03232e-06,50,100,100,237662,1 11 4 0 8 3 10 9 5 7 2 6 
831,3.71413e-06,4.20764e-06,3.13125e-06,50,100,100,237662,1 11 4 0 8 3 10 9 5 7 2 6 
832,3.64459e-06,4.20764e-06,3.07487e-06,50,100,100,237662,1 11 4 0 8 3 10 9 5 7 2 6 
833,3.63265e-06,4.20764e-06,3.07077e-06,50,100,100,237662,1 11 4 0 8 3 10 9 5 7 2 6 
834,3.67327e-06,4.20764e-06,2.98585e-06,50,100,100,237662,1 11 4 0 8 3 10 9 5 7 2 6 
835,3.64129e-06,4.20764e-06,3.09518e-06,50,100,100,237662,1 11 4 0 8 3 10 9 5 7 2 6 
836,3.62583e-06,4.20764e-06,2.92207e-06,50,100,100,237662,1 11 4 0 8 3 10 9 5 7 2 6 
837,3.66272e-06,4.20764e-06,3.07587e-06,50,100,100,237662,1 11 4 0 8 3 10 9 5 7 2 6 
838,3.72914e-06,4.20764e-06,3.13817e-06,50,100,100,237662,1 11 4 0 8 3 10 9 5 7 2 6 
839,3.70731e-06,4.20764e-06,3.04647e-06,50,100,100,237662,1 11 4 0 8 3 10 9 5 7 2 6 
840,3.71373e-06,4.20764e-06,2.94491e-06,50,100,100,237662,1 11 4 0 8 3 10 9 5 7 2 6 
841,3.70744e-06,4.20764e-06,3.12914e-06,50,100,100,237662,1 11 4 0 8 3 10 9 5 7 2 6 
842,3.63699e-06,4.20764e-06,3.06621e-06,50,100,100,237662,1 11 4 0 8 3 10 9 5 7 2 6 
843,3.61424e-06,4.20764e-06,3.01975e-06,50,100,100,237662,1 11 4 0 8 3 10 9 5 7 2 6 
844,3.66243e-06,4.20764e-06,3.00355e-06,50,100,100,237662,1 11 4 0 8 3 10 9 5 7 2 6 
845,3.63596e-06,4.20764e-06,3.03281e-06,50,100,100,237662,1 11 4 0 8 3 10 9 5 7 2 6 
846,3.68672e-06,4.20764e-06,3.10215e-06,50,100,100,237662,1 11 4 0 8 3 10 9 5 7 2 6 
847,3.71471e-06,4.20764e-06,3.14672e-06,50,100,100,237662,1 11 4 0 8 3 10 9 5 7 2 6 
848,3.65411e-06,4.20764e-06,2.98282e-06,50,100,100,237662,1 11 4 0 8 3 10 9 5 7 2 6 
849,3.7071e-06,4.20764e-06,3.00874e-06,50,100,100,237662,1 11 4 0 8 3 10 9 5 7 2 6 
850,3.72065e-06,4.20764e-06,2.98072e-06,50,100,100,237662,1 11 4 0 8 3 10 9 5 7 2 6 
851,3.74066e-06,4.20764e-06,3.14018e-06,50,100,100,237662,1 11 4 0 8 3 10 9 5 7 2 6 
852,3.73966e-06,4.20764e-06,3.07989e-06,50,100,100,237662,1 11 4 0 8 3 10 9 5 7 2 6 
853,3.71357e-06,4.20764e-06,3.09765e-06,50,100,100,237662,1 11 4 0 8 3 10 9 5 7 2 6 
854,3.71917e-06,4.20764e-06,3.07177e-06,50,100,100,237662,1 11 4 0 8 3 10 9 5 7 2 6 
855,3.70229e-06,4.20764e-06,3.09952e-06,50,100,100,237662,1 11 4 0 8 3 10 9 5 7 2 6 
856,3.69902e-06,4.20764e-06,3.0533e-06,50,100,100,237662,1 11 4 0 8 3 10 9 5 7 2 6 
857,3.6563e-06,4.20764e-06,3.09376e-06,50,100,100,237662,1 11 4 0 8 3 10 9 5 7 2 6 
858,3.71285e-06,4.20764e-06,3.09151e-06,50,100,100,237662,1 11 4 0 8 3 10 9 5 7 2 6 
859,3.72489e-06,4.20764e-06,3.0934e-06,50,100,100,237662,1 11 4 0 8 3 10 9 5 7 2 6 
860,3.73601e-06,4.20764e-06,3.0782e-06,50,100,100,237662,1 11 4 0 8 3 10 9 5 7 2 6 
861,3.7281e-06,4.20764e-06,3.07187e-06,50,100,100,237662,1 11 4 0 8 3 10 9 5 7 2 6 
862,3.74796e-06,4.20764e-06,3.10589e-06,50,100,100,237662,1 11 4 0 8 3 10 9 5 7 2 6 
863,3.70922e-06,4.20764e-06,3.06832e-06,50,100,100,237662,1 11 4 0 8 3 10 9 5 7 2 6 
864,3.73383e-06,4.20764e-06,3.19217e-06,50,100,100,237662,1 11 4 0 8 3 10 9 5 7 2 6 
865,3.72057e-06,4.20764e-06,3.16123e-06,50,100,100,237662,1 11 4 0 8 3 10 9 5 7 2 6 
866,3.71285e-06,4.20764e-06,3.16517e-06,50,100,100,237662,1 11 4 0 8 3 10 9 5 7 2 6 
867,3.6857e-06,4.20764e-06,3.09019e-06,50,100,100,237662,1 11 4 0 8 3 10 9 5 7 2 6 
868,3.60872e-06,4.20764e-06,3.08834e-06,50,100,100,237662,1 11 4 0 8 3 10 9 5 7 2 6 
869,3.66353e-06,4.20764e-06,3.0782e-06,50,100,100,237662,1 11 4 0 8 3 10 9 5 7 2 6 
870,3.69453e-06,4.20764e-06,3.13288e-06,50,100,100,237662,1 11 4 0 8 3 10 9 5 7 2 6 
871,3.71974e-06,4.20764e-06,3.09679e-06,50,100,100,237662,1 11 4 0 8 3 10 9 5 7 2 6 
872,3.69174e-06,4.20764e-06,3.11014e-06,50,100,100,237662,1 11 4 0 8 3 10 9 5 7 2 6 
873,3.66851e-06,4.20764e-06,3.085e-06,50,100,100,237662,1 11 4 0 8 3 10 9 5 7 2 6 
874,3.67703e-06,4.20764e-06,3.02639e-06,50,100,100,237662,1 11 4 0 8 3 10 9 5 7 2 6 
875,3.65761e-06,4.20764e-06,3.09616e-06,50,100,100,237662,1 11 4 0 8 3 10 9 5 7 2 6 
876,3.6974e-06,4.20764e-06,3.06325e-06,50,100,100,237662,1 11 4 0 8 3 10 9 5 7 2 6 
877,3.70792e-06,4.20764e-06,3.08826e-06,50,100,100,237662,1 11 4 0 8 3 10 9 5 7 2 6 
878,3.71966e-06,4.20764e-06,3.17316e-06,50,100,100,237662,1 11 4 0 8 3 10 9 5 7 2 6 
879,3.72076e-06,4.20764e-06,3.06287e-06,50,100,100,237662,1 11 4 0 8 3 10 9 5 7 2 6 
880,3.72353e-06,4.20764e-06,3.07247e-06,50,100,100,237662,1 11 4 0 8 3 10 9 5 7 2 6 
881,3.76535e-06,4.20764e-06,3.1489e-06,50,100,100,237662,1 11 4 0 8 3 10 9 5 7 2 6 
882,3.71143e-06,4.20764e-06,3.09065e-06,50,100,100,237662,1 11 4 0 8 3 10 9 5 7 2 6 
883,3.72182e-06,4.20764e-06,3.12646e-06,50,100,100,237662,1 11 4 0 8 3 10 9 5 7 2 6 
884,3.70339e-06,4.20764e-06,3.12181e-06,50,100,100,237662,1 11 4 0 8 3 10 9 5 7 2 6 
885,3.70187e-06,4.20764e-06,3.02251e-06,50,100,100,237662,1 11 4 0 8 3 10 9 5 7 2 6 
886,3.69429e-06,4.20764e-06,3.08093e-06,50,100,100,237662,1 11 4 0 8 3 10 9 5 7 2 6 
887,3.6841e-06,4.20764e-06,3.15901e-06,50,100,100,237662,1 11 4 0 8 3 10 9 5 7 2 6 
888,3.67859e-06,4.20764e-06,3.07515e-06,50,100,100,237662,1 11 4 0 8 3 10 9 5 7 2 6 
889,3.63229e-06,4.20764e-06,3.10288e-06,50,100,100,237662,1 11 4 0 8 3 10 9 5 7 2 6 
890,3.69437e-06,4.20764e-06,3.10697e-06,50,100,100,237662,1 11 4 0 8 3 10 9 5 7 2 6 
891,3.76011e-06,4.20764e-06,3.12123e-06,50,100,100,237662,1 11 4 0 8 3 10 9 5 7 2 6 
892,3.76826e-06,4.20764e-06,3.03624e-06,50,100,100,237662,1 11 4 0 8 3 10 9 5 7 2 6 
893,3.74837e-06,4.20764e-06,3.16862e-06,50,100,100,237662,1 11 4 0 8 3 10 9 5 7 2 6 
894,3.66512e-06,4.20764e-06,3.12165e-06,50,100,100,237662,1 11 4 0 8 3 10 9 5 7 2 6 
895,3.60639e-06,4.20764e-06,3.03753e-06,50,100,100,237662,1 11 4 0 8 3 10 9 5 7 2 6 
896,3.64179e-06,4.20764e-06,3.06434e-06,50,100,100,237662,1 11 4 0 8 3 10 9 5 7 2 6 
897,3.62966e-06,4.20764e-06,2.95792e-06,50,100,100,237662,1 11 4 0 8 3 10 9 5 7 2 6 
898,3.64152e-06,4.20764e-06,3.06793e-06,50,100,100,237662,1 11 4 0 8 3 10 9 5 7 2 6 
899,3.67556e-06,4.20764e-06,3.05233e-06,50,100,100,237662,1 11 4 0 8 3 10 9 5 7 2 6 
900,3.67642e-06,4.20764e-06,3.0956e-06,50,100,100,237662,1 11 4 0 8 3 10 9 5 7 2 6 
901,3.64591e-06,4.20764e-06,3.06505e-06,50,100,100,237662,1 11 4 0 8 3 10 9 5 7 2 6 
902,3.68947e-06,4.20764e-06,3.03753e-06,50,100,100,237662,1 11 4 0 8 3 10 9 5 7 2 6 
903,3.69203e-06,4.20764e-06,3.15087e-06,50,100,100,237662,1 11 4 0 8 3 10 9 5 7 2 6 
904,3.68641e-06,4.20764e-06,3.15701e-06,50,100,100,237662,1 11 4 0 8 3 10 9 5 7 2 6 
905,3.66836e-06,4.20764e-06,3.13835e-06,50,100,100,237662,1 11 4 0 8 3 10 9 5 7 2 6 
906,3.65671e-06,4.20764e-06,3.0831e-06,50,100,100,237662,1 11 4 0 8 3 10 9 5 7 2 6 
907,3.66254e-06,4.20764e-06,3.08656e-06,50,100,100,237662,1 11 4 0 8 3 10 9 5 7 2 6 
908,3.67929e-06,4.20764e-06,3.10616e-06,50,100,100,237662,1 11 4 0 8 3 10 9 5 7 2 6 
909,3.71884e-06,4.20764e-06,3.0827e-06,50,100,100,237662,1 11 4 0 8 3 10 9 5 7 2 6 
910,3.7014e-06,4.20764e-06,3.03232e-06,50,100,100,237662,1 11 4 0 8 3 10 9 5 7 2 6 
911,3.63871e-06,4.20764e-06,3.02894e-06,50,100,100,237662,1 11 4 0 8 3 10 9 5 7 2 6 
912,3.64299e-06,4.20764e-06,3.06938e-06,50,100,100,237662,1 11 4 0 8 3 10 9 5 7 2 6 
913,3.63832e-06,4.20764e-06,3.10792e-06,50,100,100,237662,1 11 4 0 8 3 10 9 5 7 2 6 
914,3.63797e-06,4.20764e-06,3.18698e-06,50,100,100,237662,1 11 4 0 8 3 10 9 5 7 2 6 
915,3.66869e-06,4.20764e-06,3.14368e-06,50,100,100,237662,1 11 4 0 8 3 10 9 5 7 2 6 
916,3.70048e-06,4.20764e-06,3.15345e-06,50,100,100,237662,1 11 4 0 8 3 10 9 5 7 2 6 
917,3.73604e-06,4.20764e-06,3.10244e-06,50,100,100,237662,1 11 4 0 8 3 10 9 5 7 2 6 
918,3.76267e-06,4.20764e-06,3.10662e-06,50,100,100,237662,1 11 4 0 8 3 10 9 5 7 2 6 
919,3.7625e-06,4.20764e-06,3.07034e-06,50,100,100,237662,1 11 4 0 8 3 10 9 5 7 2 6 
920,3.71875e-06,4.20764e-06,3.14077e-06,50,100,100,237662,1 11 4 0 8 3 10 9 5 7 2 6 
921,3.69934e-06,4.20764e-06,3.03611e-06,50,100,100,237662,1 11 4 0 8 3 10 9 5 7 2 6 
922,3.74316e-06,4.20764e-06,3.12078e-06,50,100,100,237662,1 11 4 0 8 3 10 9 5 7 2 6 
923,3.69757e-06,4.20764e-06,3.0709e-06,50,100,100,237662,1 11 4 0 8 3 10 9 5 7 2 6 
924,3.71593e-06,4.20764e-06,3.07885e-06,50,100,100,237662,1 11 4 0 8 3 10 9 5 7 2 6 
925,3.67119e-06,4.20764e-06,2.98453e-06,50,100,100,237662,1 11 4 0 8 3 10 9 5 7 2 6 
926,3.68503e-06,4.20764e-06,3.07077e-06,50,100,100,237662,1 11 4 0 8 3 10 9 5 7 2 6 
927,3.70039e-06,4.20764e-06,3.05871e-06,50,100,100,237662,1 11 4 0 8 3 10 9 5 7 2 6 
928,3.69943e-06,4.20764e-06,3.07976e-06,50,100,100,237662,1 11 4 0 8 3 10 9 5 7 2 6 
929,3.75213e-06,4.20764e-06,3.15524e-06,50,100,100,237662,1 11 4 0 8 3 10 9 5 7 2 6 
930,3.74033e-06,4.20764e-06,3.09244e-06,50,100,100,237662,1 11 4 0 8 3 10 9 5 7 2 6 
931,3.71773e-06,4.20764e-06,3.18041e-06,50,100,100,237662,1 11 4 0 8 3 10 9 5 7 2 6 
932,3.71555e-06,4.20764e-06,3.05046e-06,50,100,100,237662,1 11 4 0 8 3 10 9 5 7 2 6 
933,3.7244e-06,4.20764e-06,2.99089e-06,50,100,100,237662,1 11 4 0 8 3 10 9 5 7 2 6 
934,3.74495e-06,4.20764e-06,3.14894e-06,50,100,100,237662,1 11 4 0 8 3 10 9 5 7 2 6 
935,3.7256e-06,4.20764e-06,3.07311e-06,50,100,100,237662,1 11 4 0 8 3 10 9 5 7 2 6 
936,3.74125e-06,4.20764e-06,3.07304e-06,50,100,100,237662,1 11 4 0 8 3 10 9 5 7 2 6 
937,3.60187e-06,4.20764e-06,2.94229e-06,50,100,100,237662,1 11 4 0 8 3 10 9 5 7 2 6 
938,3.68163e-06,4.20764e-06,3.05468e-06,50,100,100,237662,1 11 4 0 8 3 10 9 5 7 2 6 
939,3.73763e-06,4.20764e-06,3.09302e-06,50,100,100,237662,1 11 4 0 8 3 10 9 5 7 2 6 
940,3.74087e-06,4.20764e-06,3.09288e-06,50,100,100,237662,1 11 4 0 8 3 10 9 5 7 2 6 
941,3.65232e-06,4.20764e-06,3.04569e-06,50,100,100,237662,1 11 4 0 8 3 10 9 5 7 2 6 
942,3.68151e-06,4.20764e-06,3.02604e-06,50,100,100,237662,1 11 4 0 8 3 10 9 5 7 2 6 
943,3.63705e-06,4.20764e-06,3.10666e-06,50,100,100,237662,1 11 4 0 8 3 10 9 5 7 2 6 
944,3.66636e-06,4.20764e-06,3.02692e-06,50,100,100,237662,1 11 4 0 8 3 10 9 5 7 2 6 
945,3.61403e-06,4.20764e-06,3.03127e-06,50,100,100,237662,1 11 4 0 8 3 10 9 5 7 2 6 
946,3.63651e-06,4.20764e-06,3.02061e-06,50,100,100,237662,1 11 4 0 8 3 10 9 5 7 2 6 
947,3.67808e-06,4.20764e-06,3.05624e-06,50,100,100,237662,1 11 4 0 8 3 10 9 5 7 2 6 
948,3.68797e-06,4.20764e-06,3.00245e-06,50,100,100,237662,1 11 4 0 8 3 10 9 5 7 2 6 
949,3.662e-06,4.20764e-06,3.11938e-06,50,100,100,237662,1 11 4 0 8 3 10 9 5 7 2 6 
950,3.65437e-06,4.20764e-06,3.11198e-06,50,100,100,237662,1 11 4 0 8 3 10 9 5 7 2 6 
951,3.62329e-06,4.20764e-06,3.14793e-06,50,100,100,237662,1 11 4 0 8 3 10 9 5 7 2 6 
952,3.68215e-06,4.20764e-06,3.17556e-06,50,100,100,237662,1 11 4 0 8 3 10 9 5 7 2 6 
953,3.66514e-06,4.20764e-06,3.09767e-06,50,100,100,237662,1 11 4 0 8 3 10 9 5 7 2 6 
954,3.64838e-06,4.20764e-06,3.05126e-06,50,100,100,237662,1 11 4 0 8 3 10 9 5 7 2 6 
955,3.67566e-06,4.20764e-06,2.9817e-06,50,100,100,237662,1 11 4 0 8 3 10 9 5 7 2 6 
956,3.67651e-06,4.20764e-06,3.02291e-06,50,100,100,237662,1 11 4 0 8 3 10 9 5 7 2 6 
957,3.69327e-06,4.20764e-06,3.06674e-06,50,100,100,237662,1 11 4 0 8 3 10 9 5 7 2 6 
958,3.67815e-06,4.20764e-06,3.06437e-06,50,100,100,237662,1 11 4 0 8 3 10 9 5 7 2 6 
959,3.68497e-06,4.20764e-06,3.0154e-06,50,100,100,237662,1 11 4 0 8 3 10 9 5 7 2 6 
960,3.73398e-06,4.20764e-06,3.14746e-06,50,100,100,237662,1 11 4 0 8 3 10 9 5 7 2 6 
961,3.73378e-06,4.20764e-06,3.07576e-06,50,100,100,237662,1 11 4 0 8 3 10 9 5 7 2 6 
962,3.72543e-06,4.20764e-06,2.98503e-06,50,100,100,237662,1 11 4 0 8 3 10 9 5 7 2 6 
963,3.71647e-06,4.20764e-06,3.08456e-06,50,100,100,237662,1 11 4 0 8 3 10 9 5 7 2 6 
964,3.68939e-06,4.20764e-06,3.15783e-06,50,100,100,237662,1 11 4 0 8 3 10 9 5 7 2 6 
965,3.70154e-06,4.20764e-06,3.1486e-06,50,100,100,237662,1 11 4 0 8 3 10 9 5 7 2 6 
966,3.71149e-06,4.20764e-06,3.16005e-06,50,100,100,237662,1 11 4 0 8 3 10 9 5 7 2 6 
967,3.73261e-06,4.20764e-06,3.01846e-06,50,100,100,237662,1 11 4 0 8 3 10 9 5 7 2 6 
968,3.70888e-06,4.20764e-06,3.08517e-06,50,100,100,237662,1 11 4 0 8 3 10 9 5 7 2 6 
969,3.69431e-06,4.20764e-06,3.13973e-06,50,100,100,237662,1 11 4 0 8 3 10 9 5 7 2 6 
970,3.71977e-06,4.20764e-06,3.07976e-06,50,100,100,237662,1 11 4 0 8 3 10 9 5 7 2 6 
971,3.70482e-06,4.20764e-06,3.16045e-06,50,100,100,237662,1 11 4 0 8 3 10 9 5 7 2 6 
972,3.65991e-06,4.20764e-06,3.07034e-06,50,100,100,237662,1 11 4 0 8 3 10 9 5 7 2 6 
973,3.69828e-06,4.20764e-06,3.0782e-06,50,100,100,237662,1 11 4 0 8 3 10 9 5 7 2 6 
974,3.71601e-06,4.20764e-06,3.11516e-06,50,100,100,237662,1 11 4 0 8 3 10 9 5 7 2 6 
975,3.75399e-06,4.20764e-06,3.12788e-06,50,100,100,237662,1 11 4 0 8 3 10 9 5 7 2 6 
976,3.72523e-06,4.20764e-06,3.11975e-06,50,100,100,237662,1 11 4 0 8 3 10 9 5 7 2 6 
977,3.73322e-06,4.20764e-06,2.95983e-06,50,100,100,237662,1 11 4 0 8 3 10 9 5 7 2 6 
978,3.72383e-06,4.20764e-06,3.18448e-06,50,100,100,237662,1 11 4 0 8 3 10 9 5 7 2 6 
979,3.68936e-06,4.20764e-06,3.07457e-06,50,100,100,237662,1 11 4 0 8 3 10 9 5 7 2 6 
980,3.73016e-06,4.20764e-06,3.11442e-06,50,100,100,237662,1 11 4 0 8 3 10 9 5 7 2 6 
981,3.72122e-06,4.20764e-06,3.07976e-06,50,100,100,237662,1 11 4 0 8 3 10 9 5 7 2 6 
982,3.68603e-06,4.20764e-06,3.08683e-06,50,100,100,237662,1 11 4 0 8 3 10 9 5 7 2 6 
983,3.67725e-06,4.20764e-06,3.1521e-06,50,100,100,237662,1 11 4 0 8 3 10 9 5 7 2 6 
984,3.67008e-06,4.20764e-06,3.20114e-06,50,100,100,237662,1 11 4 0 8 3 10 9 5 7 2 6 
985,3.73395e-06,4.20764e-06,3.06004e-06,50,100,100,237662,1 11 4 0 8 3 10 9 5 7 2 6 
986,3.68976e-06,4.20764e-06,3.05718e-06,50,100,100,237662,1 11 4 0 8 3 10 9 5 7 2 6 
987,3.70659e-06,4.20764e-06,3.08927e-06,50,100,100,237662,1 11 4 0 8 3 10 9 5 7 2 6 
988,3.71673e-06,4.20764e-06,3.06689e-06,50,100,100,237662,1 11 4 0 8 3 10 9 5 7 2 6 
989,3.74172e-06,4.20764e-06,3.01398e-06,50,100,100,237662,1 11 4 0 8 3 10 9 5 7 2 6 
990,3.7257e-06,4.20764e-06,3.06785e-06,50,100,100,237662,1 11 4 0 8 3 10 9 5 7 2 6 
991,3.69549e-06,4.20764e-06,3.00341e-06,50,100,100,237662,1 11 4 0 8 3 10 9 5 7 2 6 
992,3.75022e-06,4.20764e-06,3.14172e-06,50,100,100,237662,1 11 4 0 8 3 10 9 5 7 2 6 
993,3.71675e-06,4.20764e-06,3.07017e-06,50,100,100,237662,1 11 4 0 8 3 10 9 5 7 2 6 
994,3.65517e-06,4.20764e-06,3.10977e-06,50,100,100,237662,1 11 4 0 8 3 10 9 5 7 2 6 
995,3.68854e-06,4.20764e-06,3.09076e-06,50,100,100,237662,1 11 4 0 8 3 10 9 5 7 2 6 
996,3.70041e-06,4.20764e-06,3.13782e-06,50,100,100,237662,1 11 4 0 8 3 10 9 5 7 2 6 
997,3.6699e-06,4.20764e-06,2.99607e-06,50,100,100,237662,1 11 4 0 8 3 10 9 5 7 2 6 
998,3.7082e-06,4.20764e-06,3.09552e-06,50,100,100,237662,1 11 4 0 8 3 10 9 5 7 2 6 
999,3.66954e-06,4.20764e-06,3.1292e-06,50,100,100,237662,1 11 4 0 8 3 10 9 5 7 2 6 
