Generación,Media,Mejor,Peor,Cruzas,Mutaciones,Inversiones,Costo,Permutación
1,3.22965e-06,3.65464e-06,2.8767e-06,50,100,100,273624,9 10 5 0 8 7 1 4 6 11 2 3 
2,3.26525e-06,3.79476e-06,2.98021e-06,50,100,100,263520,6 1 11 0 4 5 9 7 3 2 8 10 
3,3.29539e-06,3.79476e-06,2.99248e-06,50,100,100,263520,6 1 11 0 4 5 9 7 3 2 8 10 
4,3.28745e-06,3.79476e-06,2.97723e-06,50,100,100,263520,6 1 11 0 4 5 9 7 3 2 8 10 
5,3.28948e-06,3.79476e-06,2.91183e-06,50,100,100,263520,6 1 11 0 4 5 9 7 3 2 8 10 
6,3.28965e-06,3.79476e-06,2.96946e-06,50,100,100,263520,6 1 11 0 4 5 9 7 3 2 8 10 
7,3.28861e-06,3.79476e-06,2.95931e-06,50,100,100,263520,6 1 11 0 4 5 9 7 3 2 8 10 
8,3.29457e-06,3.79476e-06,2.98955e-06,50,100,100,263520,6 1 11 0 4 5 9 7 3 2 8 10 
9,3.3088e-06,3.79476e-06,2.95188e-06,50,100,100,263520,6 1 11 0 4 5 9 7 3 2 8 10 
10,3.30262e-06,3.79476e-06,2.94505e-06,50,100,100,263520,6 1 11 0 4 5 9 7 3 2 8 10 
11,3.32708e-06,3.79669e-06,2.97072e-06,50,100,100,263386,6 1 11 3 10 4 0 5 7 8 9 2 
12,3.30489e-06,3.79669e-06,2.95617e-06,50,100,100,263386,6 1 11 3 10 4 0 5 7 8 9 2 
13,3.31444e-06,3.79669e-06,3.0495e-06,50,100,100,263386,6 1 11 3 10 4 0 5 7 8 9 2 
14,3.28322e-06,3.79669e-06,2.919e-06,50,100,100,263386,6 1 11 3 10 4 0 5 7 8 9 2 
15,3.29703e-06,3.79669e-06,2.97183e-06,50,100,100,263386,6 1 11 3 10 4 0 5 7 8 9 2 
16,3.32358e-06,3.79669e-06,2.98763e-06,50,100,100,263386,6 1 11 3 10 4 0 5 7 8 9 2 
17,3.30654e-06,3.88583e-06,2.9028e-06,50,100,100,257344,6 9 4 1 11 10 3 5 8 7 0 2 
18,3.32354e-06,3.88583e-06,2.95305e-06,50,100,100,257344,6 9 4 1 11 10 3 5 8 7 0 2 
19,3.32141e-06,3.88583e-06,2.94962e-06,50,100,100,257344,6 9 4 1 11 10 3 5 8 7 0 2 
20,3.29975e-06,3.88583e-06,2.9651e-06,50,100,100,257344,6 9 4 1 11 10 3 5 8 7 0 2 
21,3.31771e-06,3.88583e-06,3.01322e-06,50,100,100,257344,6 9 4 1 11 10 3 5 8 7 0 2 
22,3.30268e-06,3.88583e-06,2.97293e-06,50,100,100,257344,6 9 4 1 11 10 3 5 8 7 0 2 
23,3.32911e-06,3.88583e-06,3.0189e-06,50,100,100,257344,6 9 4 1 11 10 3 5 8 7 0 2 
24,3.31711e-06,3.88583e-06,3.05481e-06,50,100,100,257344,6 9 4 1 11 10 3 5 8 7 0 2 
25,3.31582e-06,3.88583e-06,2.99366e-06,50,100,100,257344,6 9 4 1 11 10 3 5 8 7 0 2 
26,3.31216e-06,3.88583e-06,3.00119e-06,50,100,100,257344,6 9 4 1 11 10 3 5 8 7 0 2 
27,3.32834e-06,3.88583e-06,3.0442e-06,50,100,100,257344,6 9 4 1 11 10 3 5 8 7 0 2 
28,3.28834e-06,3.88583e-06,2.89072e-06,50,100,100,257344,6 9 4 1 11 10 3 5 8 7 0 2 
29,3.32056e-06,3.94087e-06,3.01309e-06,50,100,100,253750,6 11 9 0 8 1 4 5 3 7 2 10 
30,3.32624e-06,3.94087e-06,2.96917e-06,50,100,100,253750,6 11 9 0 8 1 4 5 3 7 2 10 
31,3.29495e-06,3.94087e-06,2.95925e-06,50,100,100,253750,6 11 9 0 8 1 4 5 3 7 2 10 
32,3.32578e-06,3.94087e-06,2.90292e-06,50,100,100,253750,6 11 9 0 8 1 4 5 3 7 2 10 
33,3.33559e-06,3.94087e-06,2.96853e-06,50,100,100,253750,6 11 9 0 8 1 4 5 3 7 2 10 
34,3.31549e-06,3.94087e-06,3.0318e-06,50,100,100,253750,6 11 9 0 8 1 4 5 3 7 2 10 
35,3.32445e-06,3.94087e-06,2.99098e-06,50,100,100,253750,6 11 9 0 8 1 4 5 3 7 2 10 
36,3.30609e-06,3.94087e-06,3.04163e-06,50,100,100,253750,6 11 9 0 8 1 4 5 3 7 2 10 
37,3.28993e-06,3.94087e-06,3.01964e-06,50,100,100,253750,6 11 9 0 8 1 4 5 3 7 2 10 
38,3.2963e-06,3.94087e-06,2.98193e-06,50,100,100,253750,6 11 9 0 8 1 4 5 3 7 2 10 
39,3.27743e-06,3.94087e-06,2.96687e-06,50,100,100,253750,6 11 9 0 8 1 4 5 3 7 2 10 
40,3.30151e-06,3.94087e-06,2.98787e-06,50,100,100,253750,6 11 9 0 8 1 4 5 3 7 2 10 
41,3.30714e-06,3.94087e-06,2.9652e-06,50,100,100,253750,6 11 9 0 8 1 4 5 3 7 2 10 
42,3.31104e-06,3.94087e-06,2.93024e-06,50,100,100,253750,6 11 9 0 8 1 4 5 3 7 2 10 
43,3.32818e-06,3.94087e-06,3.02969e-06,50,100,100,253750,6 11 9 0 8 1 4 5 3 7 2 10 
44,3.33955e-06,3.99462e-06,3.00735e-06,50,100,100,250336,6 9 11 0 1 2 3 5 4 7 8 10 
45,3.31941e-06,3.99462e-06,3.01529e-06,50,100,100,250336,6 9 11 0 1 2 3 5 4 7 8 10 
46,3.32576e-06,3.99462e-06,3.0254e-06,50,100,100,250336,6 9 11 0 1 2 3 5 4 7 8 10 
47,3.31155e-06,3.99462e-06,2.99377e-06,50,100,100,250336,6 9 11 0 1 2 3 5 4 7 8 10 
48,3.32978e-06,3.99462e-06,3.05287e-06,50,100,100,250336,6 9 11 0 1 2 3 5 4 7 8 10 
49,3.34391e-06,4.02429e-06,2.98037e-06,50,100,100,248490,6 3 11 0 1 2 5 7 4 9 8 10 
50,3.33191e-06,4.02429e-06,2.9838e-06,50,100,100,248490,6 3 11 0 1 2 5 7 4 9 8 10 
51,3.31243e-06,4.02429e-06,2.9832e-06,50,100,100,248490,6 3 11 0 1 2 5 7 4 9 8 10 
52,3.34012e-06,4.02429e-06,3.02039e-06,50,100,100,248490,6 3 11 0 1 2 5 7 4 9 8 10 
53,3.33651e-06,4.02429e-06,2.96589e-06,50,100,100,248490,6 3 11 0 1 2 5 7 4 9 8 10 
54,3.30907e-06,4.02429e-06,2.97468e-06,50,100,100,248490,6 3 11 0 1 2 5 7 4 9 8 10 
55,3.2962e-06,4.02429e-06,2.99774e-06,50,100,100,248490,6 3 11 0 1 2 5 7 4 9 8 10 
56,3.30948e-06,4.02429e-06,2.98092e-06,50,100,100,248490,6 3 11 0 1 2 5 7 4 9 8 10 
57,3.291e-06,4.02429e-06,2.97459e-06,50,100,100,248490,6 3 11 0 1 2 5 7 4 9 8 10 
58,3.30753e-06,4.02429e-06,2.95541e-06,50,100,100,248490,6 3 11 0 1 2 5 7 4 9 8 10 
59,3.31534e-06,4.02429e-06,3.02796e-06,50,100,100,248490,6 3 11 0 1 2 5 7 4 9 8 10 
60,3.3136e-06,4.02429e-06,2.93716e-06,50,100,100,248490,6 3 11 0 1 2 5 7 4 9 8 10 
61,3.34929e-06,4.02429e-06,2.93137e-06,50,100,100,248490,6 3 11 0 1 2 5 7 4 9 8 10 
62,3.38969e-06,4.02429e-06,2.9247e-06,50,100,100,248490,6 3 11 0 1 2 5 7 4 9 8 10 
63,3.37257e-06,4.02429e-06,3.00787e-06,50,100,100,248490,6 3 11 0 1 2 5 7 4 9 8 10 
64,3.35755e-06,4.02429e-06,2.97047e-06,50,100,100,248490,6 3 11 0 1 2 5 7 4 9 8 10 
65,3.36034e-06,4.02429e-06,3.0318e-06,50,100,100,248490,6 3 11 0 1 2 5 7 4 9 8 10 
66,3.37179e-06,4.02429e-06,3.01822e-06,50,100,100,248490,6 3 11 0 1 2 5 7 4 9 8 10 
67,3.35914e-06,4.02429e-06,2.91111e-06,50,100,100,248490,6 3 11 0 1 2 5 7 4 9 8 10 
68,3.35456e-06,4.02429e-06,3.00433e-06,50,100,100,248490,6 3 11 0 1 2 5 7 4 9 8 10 
69,3.36621e-06,4.02429e-06,3.05311e-06,50,100,100,248490,6 3 11 0 1 2 5 7 4 9 8 10 
70,3.3435e-06,4.02429e-06,2.98259e-06,50,100,100,248490,6 3 11 0 1 2 5 7 4 9 8 10 
71,3.33338e-06,4.02429e-06,2.97929e-06,50,100,100,248490,6 3 11 0 1 2 5 7 4 9 8 10 
72,3.34223e-06,4.02429e-06,2.91728e-06,50,100,100,248490,6 3 11 0 1 2 5 7 4 9 8 10 
73,3.33353e-06,4.02429e-06,3.02837e-06,50,100,100,248490,6 3 11 0 1 2 5 7 4 9 8 10 
74,3.31836e-06,4.02429e-06,2.94312e-06,50,100,100,248490,6 3 11 0 1 2 5 7 4 9 8 10 
75,3.33981e-06,4.02429e-06,2.89413e-06,50,100,100,248490,6 3 11 0 1 2 5 7 4 9 8 10 
76,3.35552e-06,4.02429e-06,2.99608e-06,50,100,100,248490,6 3 11 0 1 2 5 7 4 9 8 10 
77,3.34463e-06,4.02429e-06,2.9908e-06,50,100,100,248490,6 3 11 0 1 2 5 7 4 9 8 10 
78,3.34626e-06,4.02429e-06,3.01095e-06,50,100,100,248490,6 3 11 0 1 2 5 7 4 9 8 10 
79,3.35333e-06,4.02429e-06,2.98567e-06,50,100,100,248490,6 3 11 0 1 2 5 7 4 9 8 10 
80,3.34684e-06,4.02429e-06,2.95666e-06,50,100,100,248490,6 3 11 0 1 2 5 7 4 9 8 10 
81,3.33394e-06,4.02429e-06,2.99014e-06,50,100,100,248490,6 3 11 0 1 2 5 7 4 9 8 10 
82,3.33652e-06,4.02429e-06,3.00435e-06,50,100,100,248490,6 3 11 0 1 2 5 7 4 9 8 10 
83,3.36469e-06,4.06192e-06,2.98328e-06,50,100,100,246188,1 3 6 11 5 7 8 0 9 2 4 10 
84,3.39126e-06,4.06192e-06,3.01851e-06,50,100,100,246188,1 3 6 11 5 7 8 0 9 2 4 10 
85,3.3699e-06,4.06192e-06,3.02919e-06,50,100,100,246188,1 3 6 11 5 7 8 0 9 2 4 10 
86,3.36363e-06,4.06192e-06,3.07655e-06,50,100,100,246188,1 3 6 11 5 7 8 0 9 2 4 10 
87,3.36712e-06,4.06192e-06,2.96791e-06,50,100,100,246188,1 3 6 11 5 7 8 0 9 2 4 10 
88,3.36745e-06,4.06192e-06,3.06637e-06,50,100,100,246188,1 3 6 11 5 7 8 0 9 2 4 10 
89,3.34021e-06,4.06192e-06,2.93704e-06,50,100,100,246188,1 3 6 11 5 7 8 0 9 2 4 10 
90,3.3207e-06,4.06192e-06,3.01398e-06,50,100,100,246188,1 3 6 11 5 7 8 0 9 2 4 10 
91,3.33498e-06,4.06192e-06,3.01021e-06,50,100,100,246188,1 3 6 11 5 7 8 0 9 2 4 10 
92,3.36198e-06,4.06192e-06,3.03112e-06,50,100,100,246188,1 3 6 11 5 7 8 0 9 2 4 10 
93,3.37534e-06,4.06192e-06,3.04872e-06,50,100,100,246188,1 3 6 11 5 7 8 0 9 2 4 10 
94,3.34277e-06,4.06192e-06,2.93794e-06,50,100,100,246188,1 3 6 11 5 7 8 0 9 2 4 10 
95,3.35798e-06,4.06192e-06,3.00854e-06,50,100,100,246188,1 3 6 11 5 7 8 0 9 2 4 10 
96,3.31731e-06,4.06192e-06,3.00641e-06,50,100,100,246188,1 3 6 11 5 7 8 0 9 2 4 10 
97,3.3643e-06,4.06192e-06,3.00715e-06,50,100,100,246188,1 3 6 11 5 7 8 0 9 2 4 10 
98,3.36712e-06,4.06192e-06,3.03276e-06,50,100,100,246188,1 3 6 11 5 7 8 0 9 2 4 10 
99,3.35981e-06,4.06192e-06,3.07043e-06,50,100,100,246188,1 3 6 11 5 7 8 0 9 2 4 10 
100,3.35495e-06,4.06192e-06,2.93602e-06,50,100,100,246188,1 3 6 11 5 7 8 0 9 2 4 10 
101,3.35564e-06,4.06192e-06,3.04482e-06,50,100,100,246188,1 3 6 11 5 7 8 0 9 2 4 10 
102,3.33871e-06,4.06192e-06,3.02875e-06,50,100,100,246188,1 3 6 11 5 7 8 0 9 2 4 10 
103,3.34252e-06,4.06192e-06,2.98628e-06,50,100,100,246188,1 3 6 11 5 7 8 0 9 2 4 10 
104,3.33133e-06,4.06192e-06,3.02749e-06,50,100,100,246188,1 3 6 11 5 7 8 0 9 2 4 10 
105,3.33437e-06,4.06192e-06,3.01313e-06,50,100,100,246188,1 3 6 11 5 7 8 0 9 2 4 10 
106,3.30823e-06,4.06192e-06,2.96783e-06,50,100,100,246188,1 3 6 11 5 7 8 0 9 2 4 10 
107,3.31982e-06,4.06192e-06,2.98097e-06,50,100,100,246188,1 3 6 11 5 7 8 0 9 2 4 10 
108,3.32389e-06,4.06192e-06,3.01006e-06,50,100,100,246188,1 3 6 11 5 7 8 0 9 2 4 10 
109,3.31972e-06,4.06192e-06,2.97261e-06,50,100,100,246188,1 3 6 11 5 7 8 0 9 2 4 10 
110,3.35342e-06,4.06192e-06,2.97792e-06,50,100,100,246188,1 3 6 11 5 7 8 0 9 2 4 10 
111,3.34767e-06,4.06192e-06,2.98931e-06,50,100,100,246188,1 3 6 11 5 7 8 0 9 2 4 10 
112,3.3672e-06,4.06192e-06,3.0505e-06,50,100,100,246188,1 3 6 11 5 7 8 0 9 2 4 10 
113,3.35205e-06,4.06192e-06,3.02543e-06,50,100,100,246188,1 3 6 11 5 7 8 0 9 2 4 10 
114,3.34001e-06,4.06192e-06,3.00483e-06,50,100,100,246188,1 3 6 11 5 7 8 0 9 2 4 10 
115,3.36797e-06,4.06192e-06,3.01355e-06,50,100,100,246188,1 3 6 11 5 7 8 0 9 2 4 10 
116,3.34495e-06,4.06192e-06,2.9869e-06,50,100,100,246188,1 3 6 11 5 7 8 0 9 2 4 10 
117,3.35053e-06,4.06192e-06,2.99734e-06,50,100,100,246188,1 3 6 11 5 7 8 0 9 2 4 10 
118,3.34839e-06,4.06192e-06,3.00769e-06,50,100,100,246188,1 3 6 11 5 7 8 0 9 2 4 10 
119,3.35552e-06,4.06192e-06,3.06691e-06,50,100,100,246188,1 3 6 11 5 7 8 0 9 2 4 10 
120,3.31054e-06,4.06192e-06,3.03812e-06,50,100,100,246188,1 3 6 11 5 7 8 0 9 2 4 10 
121,3.31343e-06,4.06192e-06,2.98573e-06,50,100,100,246188,1 3 6 11 5 7 8 0 9 2 4 10 
122,3.32073e-06,4.06192e-06,3.02108e-06,50,100,100,246188,1 3 6 11 5 7 8 0 9 2 4 10 
123,3.31837e-06,4.06192e-06,3.00536e-06,50,100,100,246188,1 3 6 11 5 7 8 0 9 2 4 10 
124,3.34086e-06,4.06192e-06,2.9925e-06,50,100,100,246188,1 3 6 11 5 7 8 0 9 2 4 10 
125,3.31278e-06,4.06192e-06,2.92707e-06,50,100,100,246188,1 3 6 11 5 7 8 0 9 2 4 10 
126,3.31394e-06,4.06192e-06,3.01289e-06,50,100,100,246188,1 3 6 11 5 7 8 0 9 2 4 10 
127,3.29591e-06,4.06192e-06,2.98688e-06,50,100,100,246188,1 3 6 11 5 7 8 0 9 2 4 10 
128,3.33801e-06,4.06192e-06,3.0455e-06,50,100,100,246188,1 3 6 11 5 7 8 0 9 2 4 10 
129,3.37058e-06,4.06192e-06,2.98942e-06,50,100,100,246188,1 3 6 11 5 7 8 0 9 2 4 10 
130,3.35697e-06,4.06192e-06,3.04004e-06,50,100,100,246188,1 3 6 11 5 7 8 0 9 2 4 10 
131,3.31756e-06,4.06192e-06,2.98619e-06,50,100,100,246188,1 3 6 11 5 7 8 0 9 2 4 10 
132,3.27902e-06,4.06192e-06,2.88708e-06,50,100,100,246188,1 3 6 11 5 7 8 0 9 2 4 10 
133,3.29798e-06,4.06192e-06,2.99124e-06,50,100,100,246188,1 3 6 11 5 7 8 0 9 2 4 10 
134,3.29628e-06,4.06192e-06,2.94578e-06,50,100,100,246188,1 3 6 11 5 7 8 0 9 2 4 10 
135,3.30549e-06,4.06192e-06,2.99166e-06,50,100,100,246188,1 3 6 11 5 7 8 0 9 2 4 10 
136,3.30127e-06,4.06192e-06,2.95658e-06,50,100,100,246188,1 3 6 11 5 7 8 0 9 2 4 10 
137,3.27132e-06,4.06192e-06,2.97346e-06,50,100,100,246188,1 3 6 11 5 7 8 0 9 2 4 10 
138,3.28379e-06,4.06192e-06,2.97485e-06,50,100,100,246188,1 3 6 11 5 7 8 0 9 2 4 10 
139,3.29608e-06,4.06192e-06,2.96698e-06,50,100,100,246188,1 3 6 11 5 7 8 0 9 2 4 10 
140,3.30525e-06,4.06192e-06,2.94524e-06,50,100,100,246188,1 3 6 11 5 7 8 0 9 2 4 10 
141,3.31373e-06,4.06192e-06,2.9997e-06,50,100,100,246188,1 3 6 11 5 7 8 0 9 2 4 10 
142,3.32907e-06,4.06192e-06,3.00919e-06,50,100,100,246188,1 3 6 11 5 7 8 0 9 2 4 10 
143,3.3276e-06,4.06192e-06,2.90937e-06,50,100,100,246188,1 3 6 11 5 7 8 0 9 2 4 10 
144,3.31582e-06,4.06192e-06,2.95572e-06,50,100,100,246188,1 3 6 11 5 7 8 0 9 2 4 10 
145,3.34174e-06,4.06192e-06,3.03254e-06,50,100,100,246188,1 3 6 11 5 7 8 0 9 2 4 10 
146,3.36354e-06,4.06192e-06,2.99988e-06,50,100,100,246188,1 3 6 11 5 7 8 0 9 2 4 10 
147,3.30052e-06,4.06192e-06,2.96248e-06,50,100,100,246188,1 3 6 11 5 7 8 0 9 2 4 10 
148,3.33476e-06,4.06192e-06,2.93351e-06,50,100,100,246188,1 3 6 11 5 7 8 0 9 2 4 10 
149,3.35608e-06,4.06192e-06,3.00058e-06,50,100,100,246188,1 3 6 11 5 7 8 0 9 2 4 10 
150,3.35908e-06,4.06192e-06,3.00974e-06,50,100,100,246188,1 3 6 11 5 7 8 0 9 2 4 10 
151,3.35691e-06,4.06192e-06,3.01979e-06,50,100,100,246188,1 3 6 11 5 7 8 0 9 2 4 10 
152,3.33452e-06,4.06192e-06,3.03849e-06,50,100,100,246188,1 3 6 11 5 7 8 0 9 2 4 10 
153,3.35166e-06,4.06192e-06,3.04059e-06,50,100,100,246188,1 3 6 11 5 7 8 0 9 2 4 10 
154,3.32952e-06,4.06192e-06,3.04814e-06,50,100,100,246188,1 3 6 11 5 7 8 0 9 2 4 10 
155,3.33898e-06,4.06192e-06,2.99214e-06,50,100,100,246188,1 3 6 11 5 7 8 0 9 2 4 10 
156,3.32288e-06,4.06192e-06,2.95938e-06,50,100,100,246188,1 3 6 11 5 7 8 0 9 2 4 10 
157,3.31363e-06,4.06192e-06,2.94514e-06,50,100,100,246188,1 3 6 11 5 7 8 0 9 2 4 10 
158,3.32282e-06,4.06192e-06,2.98639e-06,50,100,100,246188,1 3 6 11 5 7 8 0 9 2 4 10 
159,3.32057e-06,4.06192e-06,2.93616e-06,50,100,100,246188,1 3 6 11 5 7 8 0 9 2 4 10 
160,3.32547e-06,4.06192e-06,3.04561e-06,50,100,100,246188,1 3 6 11 5 7 8 0 9 2 4 10 
161,3.30055e-06,4.06192e-06,2.96115e-06,50,100,100,246188,1 3 6 11 5 7 8 0 9 2 4 10 
162,3.29491e-06,4.06192e-06,2.8955e-06,50,100,100,246188,1 3 6 11 5 7 8 0 9 2 4 10 
163,3.29802e-06,4.06192e-06,2.99488e-06,50,100,100,246188,1 3 6 11 5 7 8 0 9 2 4 10 
164,3.30137e-06,4.06192e-06,2.88666e-06,50,100,100,246188,1 3 6 11 5 7 8 0 9 2 4 10 
165,3.29233e-06,4.08215e-06,2.98535e-06,50,100,100,244968,8 3 6 11 5 2 9 0 1 7 4 10 
166,3.28369e-06,4.08215e-06,2.93776e-06,50,100,100,244968,8 3 6 11 5 2 9 0 1 7 4 10 
167,3.29929e-06,4.08215e-06,2.98387e-06,50,100,100,244968,8 3 6 11 5 2 9 0 1 7 4 10 
168,3.29214e-06,4.08215e-06,2.9251e-06,50,100,100,244968,8 3 6 11 5 2 9 0 1 7 4 10 
169,3.30985e-06,4.08215e-06,3.01777e-06,50,100,100,244968,8 3 6 11 5 2 9 0 1 7 4 10 
170,3.31331e-06,4.08215e-06,2.96934e-06,50,100,100,244968,8 3 6 11 5 2 9 0 1 7 4 10 
171,3.29944e-06,4.08215e-06,2.98361e-06,50,100,100,244968,8 3 6 11 5 2 9 0 1 7 4 10 
172,3.30423e-06,4.08215e-06,2.91259e-06,50,100,100,244968,8 3 6 11 5 2 9 0 1 7 4 10 
173,3.29599e-06,4.08215e-06,3.00058e-06,50,100,100,244968,8 3 6 11 5 2 9 0 1 7 4 10 
174,3.30744e-06,4.08215e-06,2.97134e-06,50,100,100,244968,8 3 6 11 5 2 9 0 1 7 4 10 
175,3.30685e-06,4.08215e-06,2.9997e-06,50,100,100,244968,8 3 6 11 5 2 9 0 1 7 4 10 
176,3.3179e-06,4.08215e-06,2.96645e-06,50,100,100,244968,8 3 6 11 5 2 9 0 1 7 4 10 
177,3.30073e-06,4.08215e-06,2.95717e-06,50,100,100,244968,8 3 6 11 5 2 9 0 1 7 4 10 
178,3.2849e-06,4.08215e-06,2.91866e-06,50,100,100,244968,8 3 6 11 5 2 9 0 1 7 4 10 
179,3.29606e-06,4.08215e-06,2.93437e-06,50,100,100,244968,8 3 6 11 5 2 9 0 1 7 4 10 
180,3.32301e-06,4.08215e-06,2.95019e-06,50,100,100,244968,8 3 6 11 5 2 9 0 1 7 4 10 
181,3.30705e-06,4.08215e-06,2.97576e-06,50,100,100,244968,8 3 6 11 5 2 9 0 1 7 4 10 
182,3.30724e-06,4.08215e-06,2.95616e-06,50,100,100,244968,8 3 6 11 5 2 9 0 1 7 4 10 
183,3.30858e-06,4.08215e-06,2.98193e-06,50,100,100,244968,8 3 6 11 5 2 9 0 1 7 4 10 
184,3.28704e-06,4.08215e-06,2.96223e-06,50,100,100,244968,8 3 6 11 5 2 9 0 1 7 4 10 
185,3.31382e-06,4.08215e-06,3.00711e-06,50,100,100,244968,8 3 6 11 5 2 9 0 1 7 4 10 
186,3.3047e-06,4.08215e-06,2.88591e-06,50,100,100,244968,8 3 6 11 5 2 9 0 1 7 4 10 
187,3.26427e-06,4.08215e-06,2.95415e-06,50,100,100,244968,8 3 6 11 5 2 9 0 1 7 4 10 
188,3.30453e-06,4.08215e-06,2.97685e-06,50,100,100,244968,8 3 6 11 5 2 9 0 1 7 4 10 
189,3.2758e-06,4.08215e-06,2.92286e-06,50,100,100,244968,8 3 6 11 5 2 9 0 1 7 4 10 
190,3.32053e-06,4.08215e-06,2.98651e-06,50,100,100,244968,8 3 6 11 5 2 9 0 1 7 4 10 
191,3.33223e-06,4.08215e-06,2.92047e-06,50,100,100,244968,8 3 6 11 5 2 9 0 1 7 4 10 
192,3.29915e-06,4.08215e-06,2.93578e-06,50,100,100,244968,8 3 6 11 5 2 9 0 1 7 4 10 
193,3.28725e-06,4.08215e-06,2.98815e-06,50,100,100,244968,8 3 6 11 5 2 9 0 1 7 4 10 
194,3.28115e-06,4.08215e-06,2.9024e-06,50,100,100,244968,8 3 6 11 5 2 9 0 1 7 4 10 
195,3.30818e-06,4.08215e-06,2.87177e-06,50,100,100,244968,8 3 6 11 5 2 9 0 1 7 4 10 
196,3.29976e-06,4.08215e-06,2.97631e-06,50,100,100,244968,8 3 6 11 5 2 9 0 1 7 4 10 
197,3.31315e-06,4.08215e-06,2.95908e-06,50,100,100,244968,8 3 6 11 5 2 9 0 1 7 4 10 
198,3.31134e-06,4.08215e-06,2.96976e-06,50,100,100,244968,8 3 6 11 5 2 9 0 1 7 4 10 
199,3.3182e-06,4.08215e-06,3.01039e-06,50,100,100,244968,8 3 6 11 5 2 9 0 1 7 4 10 
200,3.33448e-06,4.08215e-06,2.91512e-06,50,100,100,244968,8 3 6 11 5 2 9 0 1 7 4 10 
201,3.30079e-06,4.08215e-06,2.96971e-06,50,100,100,244968,8 3 6 11 5 2 9 0 1 7 4 10 
202,3.33433e-06,4.08215e-06,2.91633e-06,50,100,100,244968,8 3 6 11 5 2 9 0 1 7 4 10 
203,3.31303e-06,4.08215e-06,2.95553e-06,50,100,100,244968,8 3 6 11 5 2 9 0 1 7 4 10 
204,3.2842e-06,4.08215e-06,2.92281e-06,50,100,100,244968,8 3 6 11 5 2 9 0 1 7 4 10 
205,3.2966e-06,4.08215e-06,2.9664e-06,50,100,100,244968,8 3 6 11 5 2 9 0 1 7 4 10 
206,3.30659e-06,4.08215e-06,2.97148e-06,50,100,100,244968,8 3 6 11 5 2 9 0 1 7 4 10 
207,3.3066e-06,4.08215e-06,2.93187e-06,50,100,100,244968,8 3 6 11 5 2 9 0 1 7 4 10 
208,3.26216e-06,4.08215e-06,2.95291e-06,50,100,100,244968,8 3 6 11 5 2 9 0 1 7 4 10 
209,3.30725e-06,4.08215e-06,3.02522e-06,50,100,100,244968,8 3 6 11 5 2 9 0 1 7 4 10 
210,3.32186e-06,4.08215e-06,2.96791e-06,50,100,100,244968,8 3 6 11 5 2 9 0 1 7 4 10 
211,3.30163e-06,4.08215e-06,2.97946e-06,50,100,100,244968,8 3 6 11 5 2 9 0 1 7 4 10 
212,3.31614e-06,4.08215e-06,2.9383e-06,50,100,100,244968,8 3 6 11 5 2 9 0 1 7 4 10 
213,3.31994e-06,4.08215e-06,3.02688e-06,50,100,100,244968,8 3 6 11 5 2 9 0 1 7 4 10 
214,3.30304e-06,4.08215e-06,2.93228e-06,50,100,100,244968,8 3 6 11 5 2 9 0 1 7 4 10 
215,3.29356e-06,4.08215e-06,2.96615e-06,50,100,100,244968,8 3 6 11 5 2 9 0 1 7 4 10 
216,3.28586e-06,4.08215e-06,2.92103e-06,50,100,100,244968,8 3 6 11 5 2 9 0 1 7 4 10 
217,3.28883e-06,4.08215e-06,2.93494e-06,50,100,100,244968,8 3 6 11 5 2 9 0 1 7 4 10 
218,3.31872e-06,4.08215e-06,2.92749e-06,50,100,100,244968,8 3 6 11 5 2 9 0 1 7 4 10 
219,3.3237e-06,4.08215e-06,2.97388e-06,50,100,100,244968,8 3 6 11 5 2 9 0 1 7 4 10 
220,3.30179e-06,4.08215e-06,3.03847e-06,50,100,100,244968,8 3 6 11 5 2 9 0 1 7 4 10 
221,3.29329e-06,4.08215e-06,2.97877e-06,50,100,100,244968,8 3 6 11 5 2 9 0 1 7 4 10 
222,3.28696e-06,4.08215e-06,2.9278e-06,50,100,100,244968,8 3 6 11 5 2 9 0 1 7 4 10 
223,3.31403e-06,4.08215e-06,3.02339e-06,50,100,100,244968,8 3 6 11 5 2 9 0 1 7 4 10 
224,3.31283e-06,4.08215e-06,2.98353e-06,50,100,100,244968,8 3 6 11 5 2 9 0 1 7 4 10 
225,3.30068e-06,4.08215e-06,2.982e-06,50,100,100,244968,8 3 6 11 5 2 9 0 1 7 4 10 
226,3.31256e-06,4.08215e-06,2.97875e-06,50,100,100,244968,8 3 6 11 5 2 9 0 1 7 4 10 
227,3.28559e-06,4.17253e-06,2.97537e-06,50,100,100,239662,1 3 6 11 5 2 9 0 8 7 4 10 
228,3.29806e-06,4.17253e-06,2.95889e-06,50,100,100,239662,1 3 6 11 5 2 9 0 8 7 4 10 
229,3.29835e-06,4.17253e-06,3.00943e-06,50,100,100,239662,1 3 6 11 5 2 9 0 8 7 4 10 
230,3.28898e-06,4.17253e-06,2.95696e-06,50,100,100,239662,1 3 6 11 5 2 9 0 8 7 4 10 
231,3.31248e-06,4.17253e-06,3.01653e-06,50,100,100,239662,1 3 6 11 5 2 9 0 8 7 4 10 
232,3.30696e-06,4.17253e-06,2.96439e-06,50,100,100,239662,1 3 6 11 5 2 9 0 8 7 4 10 
233,3.30595e-06,4.17253e-06,3.00632e-06,50,100,100,239662,1 3 6 11 5 2 9 0 8 7 4 10 
234,3.30891e-06,4.17253e-06,2.8836e-06,50,100,100,239662,1 3 6 11 5 2 9 0 8 7 4 10 
235,3.33489e-06,4.17253e-06,2.96955e-06,50,100,100,239662,1 3 6 11 5 2 9 0 8 7 4 10 
236,3.30047e-06,4.17253e-06,2.94602e-06,50,100,100,239662,1 3 6 11 5 2 9 0 8 7 4 10 
237,3.30904e-06,4.17253e-06,2.95663e-06,50,100,100,239662,1 3 6 11 5 2 9 0 8 7 4 10 
238,3.29854e-06,4.17253e-06,2.94396e-06,50,100,100,239662,1 3 6 11 5 2 9 0 8 7 4 10 
239,3.3115e-06,4.17253e-06,2.98965e-06,50,100,100,239662,1 3 6 11 5 2 9 0 8 7 4 10 
240,3.33936e-06,4.17253e-06,3.04383e-06,50,100,100,239662,1 3 6 11 5 2 9 0 8 7 4 10 
241,3.33056e-06,4.17253e-06,2.96614e-06,50,100,100,239662,1 3 6 11 5 2 9 0 8 7 4 10 
242,3.32838e-06,4.17253e-06,3.03215e-06,50,100,100,239662,1 3 6 11 5 2 9 0 8 7 4 10 
243,3.29961e-06,4.17253e-06,2.96871e-06,50,100,100,239662,1 3 6 11 5 2 9 0 8 7 4 10 
244,3.33524e-06,4.17253e-06,2.96339e-06,50,100,100,239662,1 3 6 11 5 2 9 0 8 7 4 10 
245,3.34161e-06,4.17253e-06,2.92871e-06,50,100,100,239662,1 3 6 11 5 2 9 0 8 7 4 10 
246,3.34812e-06,4.17253e-06,3.02203e-06,50,100,100,239662,1 3 6 11 5 2 9 0 8 7 4 10 
247,3.32456e-06,4.17253e-06,2.98731e-06,50,100,100,239662,1 3 6 11 5 2 9 0 8 7 4 10 
248,3.34768e-06,4.17253e-06,2.95385e-06,50,100,100,239662,1 3 6 11 5 2 9 0 8 7 4 10 
249,3.34036e-06,4.17253e-06,3.05063e-06,50,100,100,239662,1 3 6 11 5 2 9 0 8 7 4 10 
250,3.31351e-06,4.17253e-06,3.03303e-06,50,100,100,239662,1 3 6 11 5 2 9 0 8 7 4 10 
251,3.32836e-06,4.17253e-06,3.00782e-06,50,100,100,239662,1 3 6 11 5 2 9 0 8 7 4 10 
252,3.31746e-06,4.45599e-06,2.89571e-06,50,100,100,224416,1 3 6 11 7 2 9 0 8 5 4 10 
253,3.35784e-06,4.45599e-06,3.03176e-06,50,100,100,224416,1 3 6 11 7 2 9 0 8 5 4 10 
254,3.31092e-06,4.45599e-06,2.99158e-06,50,100,100,224416,1 3 6 11 7 2 9 0 8 5 4 10 
255,3.32691e-06,4.45599e-06,2.9893e-06,50,100,100,224416,1 3 6 11 7 2 9 0 8 5 4 10 
256,3.3414e-06,4.45599e-06,2.96885e-06,50,100,100,224416,1 3 6 11 7 2 9 0 8 5 4 10 
257,3.33313e-06,4.45599e-06,3.00278e-06,50,100,100,224416,1 3 6 11 7 2 9 0 8 5 4 10 
258,3.30718e-06,4.45599e-06,3.00623e-06,50,100,100,224416,1 3 6 11 7 2 9 0 8 5 4 10 
259,3.313e-06,4.45599e-06,3.02037e-06,50,100,100,224416,1 3 6 11 7 2 9 0 8 5 4 10 
260,3.30898e-06,4.45599e-06,2.99909e-06,50,100,100,224416,1 3 6 11 7 2 9 0 8 5 4 10 
261,3.31187e-06,4.45599e-06,2.98055e-06,50,100,100,224416,1 3 6 11 7 2 9 0 8 5 4 10 
262,3.33418e-06,4.45599e-06,2.99963e-06,50,100,100,224416,1 3 6 11 7 2 9 0 8 5 4 10 
263,3.27593e-06,4.45599e-06,2.97567e-06,50,100,100,224416,1 3 6 11 7 2 9 0 8 5 4 10 
264,3.31111e-06,4.45599e-06,2.95985e-06,50,100,100,224416,1 3 6 11 7 2 9 0 8 5 4 10 
265,3.34384e-06,4.45599e-06,3.01215e-06,50,100,100,224416,1 3 6 11 7 2 9 0 8 5 4 10 
266,3.35642e-06,4.45599e-06,3.01727e-06,50,100,100,224416,1 3 6 11 7 2 9 0 8 5 4 10 
267,3.3108e-06,4.45599e-06,3.00505e-06,50,100,100,224416,1 3 6 11 7 2 9 0 8 5 4 10 
268,3.31048e-06,4.45599e-06,3.01041e-06,50,100,100,224416,1 3 6 11 7 2 9 0 8 5 4 10 
269,3.34595e-06,4.45599e-06,3.03158e-06,50,100,100,224416,1 3 6 11 7 2 9 0 8 5 4 10 
270,3.33652e-06,4.45599e-06,2.9626e-06,50,100,100,224416,1 3 6 11 7 2 9 0 8 5 4 10 
271,3.32938e-06,4.45599e-06,2.93742e-06,50,100,100,224416,1 3 6 11 7 2 9 0 8 5 4 10 
272,3.34148e-06,4.45599e-06,2.98649e-06,50,100,100,224416,1 3 6 11 7 2 9 0 8 5 4 10 
273,3.34372e-06,4.45599e-06,2.96206e-06,50,100,100,224416,1 3 6 11 7 2 9 0 8 5 4 10 
274,3.36207e-06,4.45599e-06,3.02452e-06,50,100,100,224416,1 3 6 11 7 2 9 0 8 5 4 10 
275,3.3515e-06,4.45599e-06,3.01504e-06,50,100,100,224416,1 3 6 11 7 2 9 0 8 5 4 10 
276,3.33114e-06,4.45599e-06,2.98023e-06,50,100,100,224416,1 3 6 11 7 2 9 0 8 5 4 10 
277,3.29729e-06,4.45599e-06,2.94573e-06,50,100,100,224416,1 3 6 11 7 2 9 0 8 5 4 10 
278,3.34083e-06,4.45599e-06,2.99078e-06,50,100,100,224416,1 3 6 11 7 2 9 0 8 5 4 10 
279,3.35247e-06,4.45599e-06,3.05289e-06,50,100,100,224416,1 3 6 11 7 2 9 0 8 5 4 10 
280,3.34779e-06,4.45599e-06,2.98417e-06,50,100,100,224416,1 3 6 11 7 2 9 0 8 5 4 10 
281,3.36328e-06,4.45599e-06,2.98847e-06,50,100,100,224416,1 3 6 11 7 2 9 0 8 5 4 10 
282,3.34762e-06,4.45599e-06,3.03997e-06,50,100,100,224416,1 3 6 11 7 2 9 0 8 5 4 10 
283,3.33198e-06,4.45599e-06,2.92607e-06,50,100,100,224416,1 3 6 11 7 2 9 0 8 5 4 10 
284,3.34611e-06,4.45599e-06,3.02921e-06,50,100,100,224416,1 3 6 11 7 2 9 0 8 5 4 10 
285,3.354e-06,4.45599e-06,3.00693e-06,50,100,100,224416,1 3 6 11 7 2 9 0 8 5 4 10 
286,3.35158e-06,4.45599e-06,2.97132e-06,50,100,100,224416,1 3 6 11 7 2 9 0 8 5 4 10 
287,3.33692e-06,4.45599e-06,2.96239e-06,50,100,100,224416,1 3 6 11 7 2 9 0 8 5 4 10 
288,3.34911e-06,4.45599e-06,2.94415e-06,50,100,100,224416,1 3 6 11 7 2 9 0 8 5 4 10 
289,3.33036e-06,4.45599e-06,2.99569e-06,50,100,100,224416,1 3 6 11 7 2 9 0 8 5 4 10 
290,3.33541e-06,4.45599e-06,2.97125e-06,50,100,100,224416,1 3 6 11 7 2 9 0 8 5 4 10 
291,3.34531e-06,4.45599e-06,2.97045e-06,50,100,100,224416,1 3 6 11 7 2 9 0 8 5 4 10 
292,3.37406e-06,4.45599e-06,2.97201e-06,50,100,100,224416,1 3 6 11 7 2 9 0 8 5 4 10 
293,3.3834e-06,4.45599e-06,2.90574e-06,50,100,100,224416,1 3 6 11 7 2 9 0 8 5 4 10 
294,3.40817e-06,4.45599e-06,3.03533e-06,50,100,100,224416,1 3 6 11 7 2 9 0 8 5 4 10 
295,3.41586e-06,4.45599e-06,3.02207e-06,50,100,100,224416,1 3 6 11 7 2 9 0 8 5 4 10 
296,3.3709e-06,4.45599e-06,2.99849e-06,50,100,100,224416,1 3 6 11 7 2 9 0 8 5 4 10 
297,3.41931e-06,4.45599e-06,3.04352e-06,50,100,100,224416,1 3 6 11 7 2 9 0 8 5 4 10 
298,3.38416e-06,4.45599e-06,2.95054e-06,50,100,100,224416,1 3 6 11 7 2 9 0 8 5 4 10 
299,3.40838e-06,4.45599e-06,2.98037e-06,50,100,100,224416,1 3 6 11 7 2 9 0 8 5 4 10 
300,3.45511e-06,4.45599e-06,3.02304e-06,50,100,100,224416,1 3 6 11 7 2 9 0 8 5 4 10 
301,3.42431e-06,4.45599e-06,2.98887e-06,50,100,100,224416,1 3 6 11 7 2 9 0 8 5 4 10 
302,3.41564e-06,4.45599e-06,3.03557e-06,50,100,100,224416,1 3 6 11 7 2 9 0 8 5 4 10 
303,3.37937e-06,4.45599e-06,3.02108e-06,50,100,100,224416,1 3 6 11 7 2 9 0 8 5 4 10 
304,3.398e-06,4.45599e-06,3.04879e-06,50,100,100,224416,1 3 6 11 7 2 9 0 8 5 4 10 
305,3.38624e-06,4.45599e-06,2.98933e-06,50,100,100,224416,1 3 6 11 7 2 9 0 8 5 4 10 
306,3.36514e-06,4.45599e-06,2.97503e-06,50,100,100,224416,1 3 6 11 7 2 9 0 8 5 4 10 
307,3.39943e-06,4.45599e-06,3.00494e-06,50,100,100,224416,1 3 6 11 7 2 9 0 8 5 4 10 
308,3.40868e-06,4.45599e-06,2.97925e-06,50,100,100,224416,1 3 6 11 7 2 9 0 8 5 4 10 
309,3.37603e-06,4.45599e-06,3.00364e-06,50,100,100,224416,1 3 6 11 7 2 9 0 8 5 4 10 
310,3.39818e-06,4.45599e-06,3.02686e-06,50,100,100,224416,1 3 6 11 7 2 9 0 8 5 4 10 
311,3.38305e-06,4.45599e-06,2.97569e-06,50,100,100,224416,1 3 6 11 7 2 9 0 8 5 4 10 
312,3.41248e-06,4.45599e-06,3.02615e-06,50,100,100,224416,1 3 6 11 7 2 9 0 8 5 4 10 
313,3.42255e-06,4.45599e-06,3.07317e-06,50,100,100,224416,1 3 6 11 7 2 9 0 8 5 4 10 
314,3.4783e-06,4.45599e-06,3.00191e-06,50,100,100,224416,1 3 6 11 7 2 9 0 8 5 4 10 
315,3.43455e-06,4.45599e-06,3.00308e-06,50,100,100,224416,1 3 6 11 7 2 9 0 8 5 4 10 
316,3.43084e-06,4.45599e-06,3.00428e-06,50,100,100,224416,1 3 6 11 7 2 9 0 8 5 4 10 
317,3.40752e-06,4.45599e-06,2.9263e-06,50,100,100,224416,1 3 6 11 7 2 9 0 8 5 4 10 
318,3.42451e-06,4.45599e-06,3.03519e-06,50,100,100,224416,1 3 6 11 7 2 9 0 8 5 4 10 
319,3.41706e-06,4.45599e-06,2.93406e-06,50,100,100,224416,1 3 6 11 7 2 9 0 8 5 4 10 
320,3.4182e-06,4.45599e-06,3.05567e-06,50,100,100,224416,1 3 6 11 7 2 9 0 8 5 4 10 
321,3.42924e-06,4.45599e-06,3.06206e-06,50,100,100,224416,1 3 6 11 7 2 9 0 8 5 4 10 
322,3.38781e-06,4.45599e-06,3.02377e-06,50,100,100,224416,1 3 6 11 7 2 9 0 8 5 4 10 
323,3.40482e-06,4.45599e-06,3.04257e-06,50,100,100,224416,1 3 6 11 7 2 9 0 8 5 4 10 
324,3.38737e-06,4.45599e-06,3.01604e-06,50,100,100,224416,1 3 6 11 7 2 9 0 8 5 4 10 
325,3.40192e-06,4.45599e-06,3.02293e-06,50,100,100,224416,1 3 6 11 7 2 9 0 8 5 4 10 
326,3.36536e-06,4.45599e-06,3e-06,50,100,100,224416,1 3 6 11 7 2 9 0 8 5 4 10 
327,3.37597e-06,4.45599e-06,3.04786e-06,50,100,100,224416,1 3 6 11 7 2 9 0 8 5 4 10 
328,3.38486e-06,4.45599e-06,3.00215e-06,50,100,100,224416,1 3 6 11 7 2 9 0 8 5 4 10 
329,3.39671e-06,4.45599e-06,3.12171e-06,50,100,100,224416,1 3 6 11 7 2 9 0 8 5 4 10 
330,3.38432e-06,4.45599e-06,3.01407e-06,50,100,100,224416,1 3 6 11 7 2 9 0 8 5 4 10 
331,3.40061e-06,4.45599e-06,3.02101e-06,50,100,100,224416,1 3 6 11 7 2 9 0 8 5 4 10 
332,3.39896e-06,4.45599e-06,3.0435e-06,50,100,100,224416,1 3 6 11 7 2 9 0 8 5 4 10 
333,3.40087e-06,4.45599e-06,2.96628e-06,50,100,100,224416,1 3 6 11 7 2 9 0 8 5 4 10 
334,3.39384e-06,4.45599e-06,3.0278e-06,50,100,100,224416,1 3 6 11 7 2 9 0 8 5 4 10 
335,3.37813e-06,4.45599e-06,2.98403e-06,50,100,100,224416,1 3 6 11 7 2 9 0 8 5 4 10 
336,3.37594e-06,4.45599e-06,3.07869e-06,50,100,100,224416,1 3 6 11 7 2 9 0 8 5 4 10 
337,3.37628e-06,4.45599e-06,2.99959e-06,50,100,100,224416,1 3 6 11 7 2 9 0 8 5 4 10 
338,3.39275e-06,4.45599e-06,2.99801e-06,50,100,100,224416,1 3 6 11 7 2 9 0 8 5 4 10 
339,3.36515e-06,4.45599e-06,3.01704e-06,50,100,100,224416,1 3 6 11 7 2 9 0 8 5 4 10 
340,3.35809e-06,4.45599e-06,3.01793e-06,50,100,100,224416,1 3 6 11 7 2 9 0 8 5 4 10 
341,3.34802e-06,4.45599e-06,3.05888e-06,50,100,100,224416,1 3 6 11 7 2 9 0 8 5 4 10 
342,3.34613e-06,4.45599e-06,2.94415e-06,50,100,100,224416,1 3 6 11 7 2 9 0 8 5 4 10 
343,3.38568e-06,4.45599e-06,2.9266e-06,50,100,100,224416,1 3 6 11 7 2 9 0 8 5 4 10 
344,3.36108e-06,4.45599e-06,2.99749e-06,50,100,100,224416,1 3 6 11 7 2 9 0 8 5 4 10 
345,3.34374e-06,4.45599e-06,2.95885e-06,50,100,100,224416,1 3 6 11 7 2 9 0 8 5 4 10 
346,3.34924e-06,4.45599e-06,2.92337e-06,50,100,100,224416,1 3 6 11 7 2 9 0 8 5 4 10 
347,3.37083e-06,4.45599e-06,2.97865e-06,50,100,100,224416,1 3 6 11 7 2 9 0 8 5 4 10 
348,3.33902e-06,4.45599e-06,2.99436e-06,50,100,100,224416,1 3 6 11 7 2 9 0 8 5 4 10 
349,3.3413e-06,4.45599e-06,2.9879e-06,50,100,100,224416,1 3 6 11 7 2 9 0 8 5 4 10 
350,3.35211e-06,4.45599e-06,2.97225e-06,50,100,100,224416,1 3 6 11 7 2 9 0 8 5 4 10 
351,3.34984e-06,4.45599e-06,2.95106e-06,50,100,100,224416,1 3 6 11 7 2 9 0 8 5 4 10 
352,3.34981e-06,4.45599e-06,3.00292e-06,50,100,100,224416,1 3 6 11 7 2 9 0 8 5 4 10 
353,3.3101e-06,4.45599e-06,2.99713e-06,50,100,100,224416,1 3 6 11 7 2 9 0 8 5 4 10 
354,3.32271e-06,4.45599e-06,2.98944e-06,50,100,100,224416,1 3 6 11 7 2 9 0 8 5 4 10 
355,3.30202e-06,4.45599e-06,2.96563e-06,50,100,100,224416,1 3 6 11 7 2 9 0 8 5 4 10 
356,3.28569e-06,4.45599e-06,2.90961e-06,50,100,100,224416,1 3 6 11 7 2 9 0 8 5 4 10 
357,3.31635e-06,4.45599e-06,2.99098e-06,50,100,100,224416,1 3 6 11 7 2 9 0 8 5 4 10 
358,3.34113e-06,4.45599e-06,2.86624e-06,50,100,100,224416,1 3 6 11 7 2 9 0 8 5 4 10 
359,3.31009e-06,4.45599e-06,2.96834e-06,50,100,100,224416,1 3 6 11 7 2 9 0 8 5 4 10 
360,3.30014e-06,4.45599e-06,2.96945e-06,50,100,100,224416,1 3 6 11 7 2 9 0 8 5 4 10 
361,3.31265e-06,4.45599e-06,2.90905e-06,50,100,100,224416,1 3 6 11 7 2 9 0 8 5 4 10 
362,3.31696e-06,4.45599e-06,2.99198e-06,50,100,100,224416,1 3 6 11 7 2 9 0 8 5 4 10 
363,3.32175e-06,4.45599e-06,2.96053e-06,50,100,100,224416,1 3 6 11 7 2 9 0 8 5 4 10 
364,3.31735e-06,4.45599e-06,2.99243e-06,50,100,100,224416,1 3 6 11 7 2 9 0 8 5 4 10 
365,3.3268e-06,4.45599e-06,2.98476e-06,50,100,100,224416,1 3 6 11 7 2 9 0 8 5 4 10 
366,3.32496e-06,4.45599e-06,2.96322e-06,50,100,100,224416,1 3 6 11 7 2 9 0 8 5 4 10 
367,3.32474e-06,4.45599e-06,3.06096e-06,50,100,100,224416,1 3 6 11 7 2 9 0 8 5 4 10 
368,3.32903e-06,4.45599e-06,2.9595e-06,50,100,100,224416,1 3 6 11 7 2 9 0 8 5 4 10 
369,3.31429e-06,4.45599e-06,3.00974e-06,50,100,100,224416,1 3 6 11 7 2 9 0 8 5 4 10 
370,3.31766e-06,4.45599e-06,2.95125e-06,50,100,100,224416,1 3 6 11 7 2 9 0 8 5 4 10 
371,3.34682e-06,4.45599e-06,2.99148e-06,50,100,100,224416,1 3 6 11 7 2 9 0 8 5 4 10 
372,3.35239e-06,4.45599e-06,2.99248e-06,50,100,100,224416,1 3 6 11 7 2 9 0 8 5 4 10 
373,3.34733e-06,4.45599e-06,3.02315e-06,50,100,100,224416,1 3 6 11 7 2 9 0 8 5 4 10 
374,3.35236e-06,4.45599e-06,2.96561e-06,50,100,100,224416,1 3 6 11 7 2 9 0 8 5 4 10 
375,3.39714e-06,4.45599e-06,3.07633e-06,50,100,100,224416,1 3 6 11 7 2 9 0 8 5 4 10 
376,3.39684e-06,4.45599e-06,2.96931e-06,50,100,100,224416,1 3 6 11 7 2 9 0 8 5 4 10 
377,3.37951e-06,4.45599e-06,2.9731e-06,50,100,100,224416,1 3 6 11 7 2 9 0 8 5 4 10 
378,3.3904e-06,4.45599e-06,3.07119e-06,50,100,100,224416,1 3 6 11 7 2 9 0 8 5 4 10 
379,3.42351e-06,4.45599e-06,2.94917e-06,50,100,100,224416,1 3 6 11 7 2 9 0 8 5 4 10 
380,3.41496e-06,4.45599e-06,3.01391e-06,50,100,100,224416,1 3 6 11 7 2 9 0 8 5 4 10 
381,3.39396e-06,4.45599e-06,3.05708e-06,50,100,100,224416,1 3 6 11 7 2 9 0 8 5 4 10 
382,3.41051e-06,4.45599e-06,2.97277e-06,50,100,100,224416,1 3 6 11 7 2 9 0 8 5 4 10 
383,3.40519e-06,4.45599e-06,2.94285e-06,50,100,100,224416,1 3 6 11 7 2 9 0 8 5 4 10 
384,3.383e-06,4.45599e-06,3.0076e-06,50,100,100,224416,1 3 6 11 7 2 9 0 8 5 4 10 
385,3.42593e-06,4.45599e-06,3.05436e-06,50,100,100,224416,1 3 6 11 7 2 9 0 8 5 4 10 
386,3.3829e-06,4.45599e-06,2.99336e-06,50,100,100,224416,1 3 6 11 7 2 9 0 8 5 4 10 
387,3.37871e-06,4.45599e-06,3.05147e-06,50,100,100,224416,1 3 6 11 7 2 9 0 8 5 4 10 
388,3.34648e-06,4.45599e-06,2.97806e-06,50,100,100,224416,1 3 6 11 7 2 9 0 8 5 4 10 
389,3.37332e-06,4.45599e-06,3.03064e-06,50,100,100,224416,1 3 6 11 7 2 9 0 8 5 4 10 
390,3.35863e-06,4.45599e-06,3.01533e-06,50,100,100,224416,1 3 6 11 7 2 9 0 8 5 4 10 
391,3.36598e-06,4.45599e-06,2.87498e-06,50,100,100,224416,1 3 6 11 7 2 9 0 8 5 4 10 
392,3.33594e-06,4.45599e-06,3.03366e-06,50,100,100,224416,1 3 6 11 7 2 9 0 8 5 4 10 
393,3.36661e-06,4.45599e-06,2.99452e-06,50,100,100,224416,1 3 6 11 7 2 9 0 8 5 4 10 
394,3.35298e-06,4.45599e-06,3.02457e-06,50,100,100,224416,1 3 6 11 7 2 9 0 8 5 4 10 
395,3.35316e-06,4.45599e-06,2.92475e-06,50,100,100,224416,1 3 6 11 7 2 9 0 8 5 4 10 
396,3.35689e-06,4.45599e-06,2.94607e-06,50,100,100,224416,1 3 6 11 7 2 9 0 8 5 4 10 
397,3.3614e-06,4.45599e-06,3.02216e-06,50,100,100,224416,1 3 6 11 7 2 9 0 8 5 4 10 
398,3.36653e-06,4.45599e-06,2.98344e-06,50,100,100,224416,1 3 6 11 7 2 9 0 8 5 4 10 
399,3.3502e-06,4.45599e-06,2.98361e-06,50,100,100,224416,1 3 6 11 7 2 9 0 8 5 4 10 
400,3.36994e-06,4.45599e-06,2.99012e-06,50,100,100,224416,1 3 6 11 7 2 9 0 8 5 4 10 
401,3.34273e-06,4.45599e-06,3.0138e-06,50,100,100,224416,1 3 6 11 7 2 9 0 8 5 4 10 
402,3.32762e-06,4.45599e-06,2.92113e-06,50,100,100,224416,1 3 6 11 7 2 9 0 8 5 4 10 
403,3.35648e-06,4.45599e-06,3.05365e-06,50,100,100,224416,1 3 6 11 7 2 9 0 8 5 4 10 
404,3.37717e-06,4.45599e-06,2.97847e-06,50,100,100,224416,1 3 6 11 7 2 9 0 8 5 4 10 
405,3.36272e-06,4.45599e-06,3.00907e-06,50,100,100,224416,1 3 6 11 7 2 9 0 8 5 4 10 
406,3.41624e-06,4.45599e-06,3.00335e-06,50,100,100,224416,1 3 6 11 7 2 9 0 8 5 4 10 
407,3.35734e-06,4.45599e-06,2.95537e-06,50,100,100,224416,1 3 6 11 7 2 9 0 8 5 4 10 
408,3.34846e-06,4.45599e-06,2.9884e-06,50,100,100,224416,1 3 6 11 7 2 9 0 8 5 4 10 
409,3.33032e-06,4.45599e-06,2.9487e-06,50,100,100,224416,1 3 6 11 7 2 9 0 8 5 4 10 
410,3.33022e-06,4.45599e-06,3.0263e-06,50,100,100,224416,1 3 6 11 7 2 9 0 8 5 4 10 
411,3.33518e-06,4.45599e-06,2.94238e-06,50,100,100,224416,1 3 6 11 7 2 9 0 8 5 4 10 
412,3.31707e-06,4.45599e-06,2.91709e-06,50,100,100,224416,1 3 6 11 7 2 9 0 8 5 4 10 
413,3.28268e-06,4.45599e-06,2.90819e-06,50,100,100,224416,1 3 6 11 7 2 9 0 8 5 4 10 
414,3.32709e-06,4.45599e-06,2.93163e-06,50,100,100,224416,1 3 6 11 7 2 9 0 8 5 4 10 
415,3.32899e-06,4.45599e-06,3.01696e-06,50,100,100,224416,1 3 6 11 7 2 9 0 8 5 4 10 
416,3.29528e-06,4.45599e-06,2.84659e-06,50,100,100,224416,1 3 6 11 7 2 9 0 8 5 4 10 
417,3.31591e-06,4.45599e-06,2.97266e-06,50,100,100,224416,1 3 6 11 7 2 9 0 8 5 4 10 
418,3.30172e-06,4.45599e-06,3.02459e-06,50,100,100,224416,1 3 6 11 7 2 9 0 8 5 4 10 
419,3.32543e-06,4.45599e-06,2.96195e-06,50,100,100,224416,1 3 6 11 7 2 9 0 8 5 4 10 
420,3.3127e-06,4.45599e-06,3.01569e-06,50,100,100,224416,1 3 6 11 7 2 9 0 8 5 4 10 
421,3.30733e-06,4.45599e-06,3.01282e-06,50,100,100,224416,1 3 6 11 7 2 9 0 8 5 4 10 
422,3.2991e-06,4.45599e-06,2.96952e-06,50,100,100,224416,1 3 6 11 7 2 9 0 8 5 4 10 
423,3.28831e-06,4.45599e-06,2.97448e-06,50,100,100,224416,1 3 6 11 7 2 9 0 8 5 4 10 
424,3.29221e-06,4.45599e-06,2.97158e-06,50,100,100,224416,1 3 6 11 7 2 9 0 8 5 4 10 
425,3.28105e-06,4.45599e-06,2.95172e-06,50,100,100,224416,1 3 6 11 7 2 9 0 8 5 4 10 
426,3.27785e-06,4.45599e-06,2.93921e-06,50,100,100,224416,1 3 6 11 7 2 9 0 8 5 4 10 
427,3.29058e-06,4.45599e-06,2.95371e-06,50,100,100,224416,1 3 6 11 7 2 9 0 8 5 4 10 
428,3.31732e-06,4.45599e-06,3.0134e-06,50,100,100,224416,1 3 6 11 7 2 9 0 8 5 4 10 
429,3.30446e-06,4.45599e-06,3.00936e-06,50,100,100,224416,1 3 6 11 7 2 9 0 8 5 4 10 
430,3.31851e-06,4.45599e-06,2.97109e-06,50,100,100,224416,1 3 6 11 7 2 9 0 8 5 4 10 
431,3.31451e-06,4.45599e-06,3.01767e-06,50,100,100,224416,1 3 6 11 7 2 9 0 8 5 4 10 
432,3.30325e-06,4.45599e-06,2.97861e-06,50,100,100,224416,1 3 6 11 7 2 9 0 8 5 4 10 
433,3.30317e-06,4.45599e-06,2.93387e-06,50,100,100,224416,1 3 6 11 7 2 9 0 8 5 4 10 
434,3.30643e-06,4.45599e-06,2.87547e-06,50,100,100,224416,1 3 6 11 7 2 9 0 8 5 4 10 
435,3.29762e-06,4.45599e-06,2.96134e-06,50,100,100,224416,1 3 6 11 7 2 9 0 8 5 4 10 
436,3.29437e-06,4.45599e-06,2.96721e-06,50,100,100,224416,1 3 6 11 7 2 9 0 8 5 4 10 
437,3.28316e-06,4.45599e-06,2.96162e-06,50,100,100,224416,1 3 6 11 7 2 9 0 8 5 4 10 
438,3.33262e-06,4.45599e-06,3.03819e-06,50,100,100,224416,1 3 6 11 7 2 9 0 8 5 4 10 
439,3.31404e-06,4.45599e-06,2.98441e-06,50,100,100,224416,1 3 6 11 7 2 9 0 8 5 4 10 
440,3.31977e-06,4.45599e-06,2.96183e-06,50,100,100,224416,1 3 6 11 7 2 9 0 8 5 4 10 
441,3.29458e-06,4.45599e-06,2.93254e-06,50,100,100,224416,1 3 6 11 7 2 9 0 8 5 4 10 
442,3.30966e-06,4.45599e-06,2.95087e-06,50,100,100,224416,1 3 6 11 7 2 9 0 8 5 4 10 
443,3.30989e-06,4.45599e-06,2.90246e-06,50,100,100,224416,1 3 6 11 7 2 9 0 8 5 4 10 
444,3.28842e-06,4.45599e-06,2.9524e-06,50,100,100,224416,1 3 6 11 7 2 9 0 8 5 4 10 
445,3.32101e-06,4.45599e-06,2.9625e-06,50,100,100,224416,1 3 6 11 7 2 9 0 8 5 4 10 
446,3.35497e-06,4.45599e-06,2.94309e-06,50,100,100,224416,1 3 6 11 7 2 9 0 8 5 4 10 
447,3.3242e-06,4.45599e-06,3.0606e-06,50,100,100,224416,1 3 6 11 7 2 9 0 8 5 4 10 
448,3.29677e-06,4.45599e-06,2.95357e-06,50,100,100,224416,1 3 6 11 7 2 9 0 8 5 4 10 
449,3.3047e-06,4.45599e-06,2.93015e-06,50,100,100,224416,1 3 6 11 7 2 9 0 8 5 4 10 
450,3.32013e-06,4.45599e-06,2.96564e-06,50,100,100,224416,1 3 6 11 7 2 9 0 8 5 4 10 
451,3.31656e-06,4.45599e-06,2.93664e-06,50,100,100,224416,1 3 6 11 7 2 9 0 8 5 4 10 
452,3.31282e-06,4.45599e-06,2.89809e-06,50,100,100,224416,1 3 6 11 7 2 9 0 8 5 4 10 
453,3.28982e-06,4.45599e-06,2.95527e-06,50,100,100,224416,1 3 6 11 7 2 9 0 8 5 4 10 
454,3.3309e-06,4.45599e-06,3.0189e-06,50,100,100,224416,1 3 6 11 7 2 9 0 8 5 4 10 
455,3.32517e-06,4.45599e-06,2.97528e-06,50,100,100,224416,1 3 6 11 7 2 9 0 8 5 4 10 
456,3.31882e-06,4.45599e-06,2.95063e-06,50,100,100,224416,1 3 6 11 7 2 9 0 8 5 4 10 
457,3.33592e-06,4.45599e-06,2.96658e-06,50,100,100,224416,1 3 6 11 7 2 9 0 8 5 4 10 
458,3.32945e-06,4.45599e-06,3.01347e-06,50,100,100,224416,1 3 6 11 7 2 9 0 8 5 4 10 
459,3.31561e-06,4.45599e-06,2.96599e-06,50,100,100,224416,1 3 6 11 7 2 9 0 8 5 4 10 
460,3.32758e-06,4.45599e-06,3.0535e-06,50,100,100,224416,1 3 6 11 7 2 9 0 8 5 4 10 
461,3.33353e-06,4.45599e-06,3.05203e-06,50,100,100,224416,1 3 6 11 7 2 9 0 8 5 4 10 
462,3.34593e-06,4.45599e-06,2.99668e-06,50,100,100,224416,1 3 6 11 7 2 9 0 8 5 4 10 
463,3.3471e-06,4.45599e-06,2.98953e-06,50,100,100,224416,1 3 6 11 7 2 9 0 8 5 4 10 
464,3.31413e-06,4.45599e-06,2.99519e-06,50,100,100,224416,1 3 6 11 7 2 9 0 8 5 4 10 
465,3.32881e-06,4.45599e-06,2.90891e-06,50,100,100,224416,1 3 6 11 7 2 9 0 8 5 4 10 
466,3.2874e-06,4.45599e-06,2.92972e-06,50,100,100,224416,1 3 6 11 7 2 9 0 8 5 4 10 
467,3.32606e-06,4.45599e-06,2.94897e-06,50,100,100,224416,1 3 6 11 7 2 9 0 8 5 4 10 
468,3.32748e-06,4.45599e-06,3.01442e-06,50,100,100,224416,1 3 6 11 7 2 9 0 8 5 4 10 
469,3.32071e-06,4.45599e-06,2.9078e-06,50,100,100,224416,1 3 6 11 7 2 9 0 8 5 4 10 
470,3.37121e-06,4.45599e-06,3.03945e-06,50,100,100,224416,1 3 6 11 7 2 9 0 8 5 4 10 
471,3.35036e-06,4.45599e-06,2.98466e-06,50,100,100,224416,1 3 6 11 7 2 9 0 8 5 4 10 
472,3.33951e-06,4.45599e-06,2.95619e-06,50,100,100,224416,1 3 6 11 7 2 9 0 8 5 4 10 
473,3.32802e-06,4.45599e-06,3.02487e-06,50,100,100,224416,1 3 6 11 7 2 9 0 8 5 4 10 
474,3.3255e-06,4.45599e-06,3.03554e-06,50,100,100,224416,1 3 6 11 7 2 9 0 8 5 4 10 
475,3.31365e-06,4.45599e-06,2.92231e-06,50,100,100,224416,1 3 6 11 7 2 9 0 8 5 4 10 
476,3.32045e-06,4.45599e-06,2.94349e-06,50,100,100,224416,1 3 6 11 7 2 9 0 8 5 4 10 
477,3.32483e-06,4.45599e-06,2.9574e-06,50,100,100,224416,1 3 6 11 7 2 9 0 8 5 4 10 
478,3.30833e-06,4.45599e-06,3.00865e-06,50,100,100,224416,1 3 6 11 7 2 9 0 8 5 4 10 
479,3.31174e-06,4.45599e-06,3.00532e-06,50,100,100,224416,1 3 6 11 7 2 9 0 8 5 4 10 
480,3.35216e-06,4.45599e-06,2.89242e-06,50,100,100,224416,1 3 6 11 7 2 9 0 8 5 4 10 
481,3.33481e-06,4.45599e-06,3.01347e-06,50,100,100,224416,1 3 6 11 7 2 9 0 8 5 4 10 
482,3.30818e-06,4.45599e-06,3.03162e-06,50,100,100,224416,1 3 6 11 7 2 9 0 8 5 4 10 
483,3.29148e-06,4.45599e-06,2.89103e-06,50,100,100,224416,1 3 6 11 7 2 9 0 8 5 4 10 
484,3.30369e-06,4.45599e-06,3.02019e-06,50,100,100,224416,1 3 6 11 7 2 9 0 8 5 4 10 
485,3.32103e-06,4.45599e-06,3.018e-06,50,100,100,224416,1 3 6 11 7 2 9 0 8 5 4 10 
486,3.34822e-06,4.45599e-06,3.02532e-06,50,100,100,224416,1 3 6 11 7 2 9 0 8 5 4 10 
487,3.32616e-06,4.45599e-06,2.95897e-06,50,100,100,224416,1 3 6 11 7 2 9 0 8 5 4 10 
488,3.32011e-06,4.45599e-06,2.97691e-06,50,100,100,224416,1 3 6 11 7 2 9 0 8 5 4 10 
489,3.30046e-06,4.45599e-06,2.96144e-06,50,100,100,224416,1 3 6 11 7 2 9 0 8 5 4 10 
490,3.32604e-06,4.45599e-06,2.92573e-06,50,100,100,224416,1 3 6 11 7 2 9 0 8 5 4 10 
491,3.33887e-06,4.45599e-06,3.00832e-06,50,100,100,224416,1 3 6 11 7 2 9 0 8 5 4 10 
492,3.34316e-06,4.45599e-06,2.97234e-06,50,100,100,224416,1 3 6 11 7 2 9 0 8 5 4 10 
493,3.36547e-06,4.45599e-06,2.97749e-06,50,100,100,224416,1 3 6 11 7 2 9 0 8 5 4 10 
494,3.38261e-06,4.45599e-06,3.01848e-06,50,100,100,224416,1 3 6 11 7 2 9 0 8 5 4 10 
495,3.35482e-06,4.45599e-06,2.97998e-06,50,100,100,224416,1 3 6 11 7 2 9 0 8 5 4 10 
496,3.33377e-06,4.45599e-06,3.03274e-06,50,100,100,224416,1 3 6 11 7 2 9 0 8 5 4 10 
497,3.36916e-06,4.45599e-06,2.93124e-06,50,100,100,224416,1 3 6 11 7 2 9 0 8 5 4 10 
498,3.3587e-06,4.45599e-06,3.06887e-06,50,100,100,224416,1 3 6 11 7 2 9 0 8 5 4 10 
499,3.34323e-06,4.45599e-06,3.00218e-06,50,100,100,224416,1 3 6 11 7 2 9 0 8 5 4 10 
500,3.37488e-06,4.45599e-06,3.03629e-06,50,100,100,224416,1 3 6 11 7 2 9 0 8 5 4 10 
501,3.35331e-06,4.45599e-06,3.00388e-06,50,100,100,224416,1 3 6 11 7 2 9 0 8 5 4 10 
502,3.38904e-06,4.45599e-06,3.07234e-06,50,100,100,224416,1 3 6 11 7 2 9 0 8 5 4 10 
503,3.38256e-06,4.45599e-06,3.03808e-06,50,100,100,224416,1 3 6 11 7 2 9 0 8 5 4 10 
504,3.33931e-06,4.45599e-06,2.96825e-06,50,100,100,224416,1 3 6 11 7 2 9 0 8 5 4 10 
505,3.33505e-06,4.45599e-06,2.86076e-06,50,100,100,224416,1 3 6 11 7 2 9 0 8 5 4 10 
506,3.3724e-06,4.45599e-06,2.99705e-06,50,100,100,224416,1 3 6 11 7 2 9 0 8 5 4 10 
507,3.33461e-06,4.45599e-06,2.92827e-06,50,100,100,224416,1 3 6 11 7 2 9 0 8 5 4 10 
508,3.32798e-06,4.45599e-06,2.87433e-06,50,100,100,224416,1 3 6 11 7 2 9 0 8 5 4 10 
509,3.3721e-06,4.45599e-06,3.03246e-06,50,100,100,224416,1 3 6 11 7 2 9 0 8 5 4 10 
510,3.34878e-06,4.45599e-06,2.94264e-06,50,100,100,224416,1 3 6 11 7 2 9 0 8 5 4 10 
511,3.32827e-06,4.45599e-06,3.01126e-06,50,100,100,224416,1 3 6 11 7 2 9 0 8 5 4 10 
512,3.3322e-06,4.45599e-06,3.02079e-06,50,100,100,224416,1 3 6 11 7 2 9 0 8 5 4 10 
513,3.33669e-06,4.45599e-06,2.97611e-06,50,100,100,224416,1 3 6 11 7 2 9 0 8 5 4 10 
514,3.33616e-06,4.45599e-06,3.01764e-06,50,100,100,224416,1 3 6 11 7 2 9 0 8 5 4 10 
515,3.30708e-06,4.45599e-06,2.982e-06,50,100,100,224416,1 3 6 11 7 2 9 0 8 5 4 10 
516,3.33859e-06,4.45599e-06,2.96809e-06,50,100,100,224416,1 3 6 11 7 2 9 0 8 5 4 10 
517,3.31882e-06,4.45599e-06,2.93783e-06,50,100,100,224416,1 3 6 11 7 2 9 0 8 5 4 10 
518,3.33447e-06,4.45599e-06,3.03913e-06,50,100,100,224416,1 3 6 11 7 2 9 0 8 5 4 10 
519,3.32792e-06,4.45599e-06,2.96081e-06,50,100,100,224416,1 3 6 11 7 2 9 0 8 5 4 10 
520,3.33188e-06,4.45599e-06,2.97252e-06,50,100,100,224416,1 3 6 11 7 2 9 0 8 5 4 10 
521,3.33453e-06,4.45599e-06,3.00814e-06,50,100,100,224416,1 3 6 11 7 2 9 0 8 5 4 10 
522,3.33881e-06,4.45599e-06,2.9464e-06,50,100,100,224416,1 3 6 11 7 2 9 0 8 5 4 10 
523,3.33825e-06,4.45599e-06,2.95125e-06,50,100,100,224416,1 3 6 11 7 2 9 0 8 5 4 10 
524,3.35884e-06,4.45599e-06,2.95684e-06,50,100,100,224416,1 3 6 11 7 2 9 0 8 5 4 10 
525,3.37525e-06,4.45599e-06,2.96327e-06,50,100,100,224416,1 3 6 11 7 2 9 0 8 5 4 10 
526,3.39645e-06,4.45599e-06,2.90449e-06,50,100,100,224416,1 3 6 11 7 2 9 0 8 5 4 10 
527,3.39973e-06,4.45599e-06,3.08086e-06,50,100,100,224416,1 3 6 11 7 2 9 0 8 5 4 10 
528,3.36205e-06,4.45599e-06,2.92332e-06,50,100,100,224416,1 3 6 11 7 2 9 0 8 5 4 10 
529,3.37443e-06,4.45599e-06,2.96647e-06,50,100,100,224416,1 3 6 11 7 2 9 0 8 5 4 10 
530,3.32591e-06,4.45599e-06,2.95675e-06,50,100,100,224416,1 3 6 11 7 2 9 0 8 5 4 10 
531,3.34648e-06,4.45599e-06,3.01753e-06,50,100,100,224416,1 3 6 11 7 2 9 0 8 5 4 10 
532,3.34993e-06,4.45599e-06,2.99723e-06,50,100,100,224416,1 3 6 11 7 2 9 0 8 5 4 10 
533,3.36595e-06,4.45599e-06,3.05499e-06,50,100,100,224416,1 3 6 11 7 2 9 0 8 5 4 10 
534,3.34876e-06,4.45599e-06,2.93602e-06,50,100,100,224416,1 3 6 11 7 2 9 0 8 5 4 10 
535,3.3638e-06,4.45599e-06,3.06945e-06,50,100,100,224416,1 3 6 11 7 2 9 0 8 5 4 10 
536,3.348e-06,4.45599e-06,3.03408e-06,50,100,100,224416,1 3 6 11 7 2 9 0 8 5 4 10 
537,3.35596e-06,4.45599e-06,3.02664e-06,50,100,100,224416,1 3 6 11 7 2 9 0 8 5 4 10 
538,3.34951e-06,4.45599e-06,3.01338e-06,50,100,100,224416,1 3 6 11 7 2 9 0 8 5 4 10 
539,3.36603e-06,4.45599e-06,2.9651e-06,50,100,100,224416,1 3 6 11 7 2 9 0 8 5 4 10 
540,3.35362e-06,4.45599e-06,2.94864e-06,50,100,100,224416,1 3 6 11 7 2 9 0 8 5 4 10 
541,3.34039e-06,4.45599e-06,2.99587e-06,50,100,100,224416,1 3 6 11 7 2 9 0 8 5 4 10 
542,3.36124e-06,4.45599e-06,3.00867e-06,50,100,100,224416,1 3 6 11 7 2 9 0 8 5 4 10 
543,3.33351e-06,4.45599e-06,2.94908e-06,50,100,100,224416,1 3 6 11 7 2 9 0 8 5 4 10 
544,3.31961e-06,4.45599e-06,2.96327e-06,50,100,100,224416,1 3 6 11 7 2 9 0 8 5 4 10 
545,3.30468e-06,4.45599e-06,3.00382e-06,50,100,100,224416,1 3 6 11 7 2 9 0 8 5 4 10 
546,3.28986e-06,4.45599e-06,2.95495e-06,50,100,100,224416,1 3 6 11 7 2 9 0 8 5 4 10 
547,3.30067e-06,4.45599e-06,2.97413e-06,50,100,100,224416,1 3 6 11 7 2 9 0 8 5 4 10 
548,3.32042e-06,4.45599e-06,2.98197e-06,50,100,100,224416,1 3 6 11 7 2 9 0 8 5 4 10 
549,3.31557e-06,4.45599e-06,3.01464e-06,50,100,100,224416,1 3 6 11 7 2 9 0 8 5 4 10 
550,3.30251e-06,4.45599e-06,2.99878e-06,50,100,100,224416,1 3 6 11 7 2 9 0 8 5 4 10 
551,3.34335e-06,4.45599e-06,3.01791e-06,50,100,100,224416,1 3 6 11 7 2 9 0 8 5 4 10 
552,3.34916e-06,4.45599e-06,2.97827e-06,50,100,100,224416,1 3 6 11 7 2 9 0 8 5 4 10 
553,3.35205e-06,4.45599e-06,2.96663e-06,50,100,100,224416,1 3 6 11 7 2 9 0 8 5 4 10 
554,3.32703e-06,4.45599e-06,2.86933e-06,50,100,100,224416,1 3 6 11 7 2 9 0 8 5 4 10 
555,3.30979e-06,4.45599e-06,3.00184e-06,50,100,100,224416,1 3 6 11 7 2 9 0 8 5 4 10 
556,3.29849e-06,4.45599e-06,2.94923e-06,50,100,100,224416,1 3 6 11 7 2 9 0 8 5 4 10 
557,3.34964e-06,4.45599e-06,2.98016e-06,50,100,100,224416,1 3 6 11 7 2 9 0 8 5 4 10 
558,3.35084e-06,4.45599e-06,3.00945e-06,50,100,100,224416,1 3 6 11 7 2 9 0 8 5 4 10 
559,3.34291e-06,4.45599e-06,3.03932e-06,50,100,100,224416,1 3 6 11 7 2 9 0 8 5 4 10 
560,3.35656e-06,4.45599e-06,2.9968e-06,50,100,100,224416,1 3 6 11 7 2 9 0 8 5 4 10 
561,3.38203e-06,4.45599e-06,2.95469e-06,50,100,100,224416,1 3 6 11 7 2 9 0 8 5 4 10 
562,3.35238e-06,4.45599e-06,3.02384e-06,50,100,100,224416,1 3 6 11 7 2 9 0 8 5 4 10 
563,3.36877e-06,4.45599e-06,2.95403e-06,50,100,100,224416,1 3 6 11 7 2 9 0 8 5 4 10 
564,3.37521e-06,4.45599e-06,3.07653e-06,50,100,100,224416,1 3 6 11 7 2 9 0 8 5 4 10 
565,3.35122e-06,4.45599e-06,2.97102e-06,50,100,100,224416,1 3 6 11 7 2 9 0 8 5 4 10 
566,3.3666e-06,4.45599e-06,2.99923e-06,50,100,100,224416,1 3 6 11 7 2 9 0 8 5 4 10 
567,3.37779e-06,4.45599e-06,3.06225e-06,50,100,100,224416,1 3 6 11 7 2 9 0 8 5 4 10 
568,3.35717e-06,4.45599e-06,3.02306e-06,50,100,100,224416,1 3 6 11 7 2 9 0 8 5 4 10 
569,3.33692e-06,4.45599e-06,2.92854e-06,50,100,100,224416,1 3 6 11 7 2 9 0 8 5 4 10 
570,3.3399e-06,4.45599e-06,2.96197e-06,50,100,100,224416,1 3 6 11 7 2 9 0 8 5 4 10 
571,3.35507e-06,4.45599e-06,2.96638e-06,50,100,100,224416,1 3 6 11 7 2 9 0 8 5 4 10 
572,3.34881e-06,4.45599e-06,2.96837e-06,50,100,100,224416,1 3 6 11 7 2 9 0 8 5 4 10 
573,3.33948e-06,4.45599e-06,2.9549e-06,50,100,100,224416,1 3 6 11 7 2 9 0 8 5 4 10 
574,3.33553e-06,4.45599e-06,2.99641e-06,50,100,100,224416,1 3 6 11 7 2 9 0 8 5 4 10 
575,3.32881e-06,4.45599e-06,2.99388e-06,50,100,100,224416,1 3 6 11 7 2 9 0 8 5 4 10 
576,3.34223e-06,4.45599e-06,2.93868e-06,50,100,100,224416,1 3 6 11 7 2 9 0 8 5 4 10 
577,3.34267e-06,4.45599e-06,2.94138e-06,50,100,100,224416,1 3 6 11 7 2 9 0 8 5 4 10 
578,3.33277e-06,4.45599e-06,2.98435e-06,50,100,100,224416,1 3 6 11 7 2 9 0 8 5 4 10 
579,3.36061e-06,4.45599e-06,3.0571e-06,50,100,100,224416,1 3 6 11 7 2 9 0 8 5 4 10 
580,3.31242e-06,4.45599e-06,2.93885e-06,50,100,100,224416,1 3 6 11 7 2 9 0 8 5 4 10 
581,3.30463e-06,4.45599e-06,2.96858e-06,50,100,100,224416,1 3 6 11 7 2 9 0 8 5 4 10 
582,3.30268e-06,4.45599e-06,2.97911e-06,50,100,100,224416,1 3 6 11 7 2 9 0 8 5 4 10 
583,3.32107e-06,4.45599e-06,2.89329e-06,50,100,100,224416,1 3 6 11 7 2 9 0 8 5 4 10 
584,3.3241e-06,4.45599e-06,2.93854e-06,50,100,100,224416,1 3 6 11 7 2 9 0 8 5 4 10 
585,3.3552e-06,4.45599e-06,3.03169e-06,50,100,100,224416,1 3 6 11 7 2 9 0 8 5 4 10 
586,3.38046e-06,4.45599e-06,3.02509e-06,50,100,100,224416,1 3 6 11 7 2 9 0 8 5 4 10 
587,3.35278e-06,4.45599e-06,3.03289e-06,50,100,100,224416,1 3 6 11 7 2 9 0 8 5 4 10 
588,3.36324e-06,4.45599e-06,3.08687e-06,50,100,100,224416,1 3 6 11 7 2 9 0 8 5 4 10 
589,3.34531e-06,4.45599e-06,2.90731e-06,50,100,100,224416,1 3 6 11 7 2 9 0 8 5 4 10 
590,3.34269e-06,4.45599e-06,3.03934e-06,50,100,100,224416,1 3 6 11 7 2 9 0 8 5 4 10 
591,3.31543e-06,4.45599e-06,2.89562e-06,50,100,100,224416,1 3 6 11 7 2 9 0 8 5 4 10 
592,3.33443e-06,4.45599e-06,2.98515e-06,50,100,100,224416,1 3 6 11 7 2 9 0 8 5 4 10 
593,3.31702e-06,4.45599e-06,2.96457e-06,50,100,100,224416,1 3 6 11 7 2 9 0 8 5 4 10 
594,3.31481e-06,4.45599e-06,2.99022e-06,50,100,100,224416,1 3 6 11 7 2 9 0 8 5 4 10 
595,3.32047e-06,4.45599e-06,2.94331e-06,50,100,100,224416,1 3 6 11 7 2 9 0 8 5 4 10 
596,3.33897e-06,4.45599e-06,2.9311e-06,50,100,100,224416,1 3 6 11 7 2 9 0 8 5 4 10 
597,3.34467e-06,4.45599e-06,3.00559e-06,50,100,100,224416,1 3 6 11 7 2 9 0 8 5 4 10 
598,3.31148e-06,4.45599e-06,2.95436e-06,50,100,100,224416,1 3 6 11 7 2 9 0 8 5 4 10 
599,3.33531e-06,4.45599e-06,3.01747e-06,50,100,100,224416,1 3 6 11 7 2 9 0 8 5 4 10 
600,3.31959e-06,4.45599e-06,2.98676e-06,50,100,100,224416,1 3 6 11 7 2 9 0 8 5 4 10 
601,3.33164e-06,4.45599e-06,2.96684e-06,50,100,100,224416,1 3 6 11 7 2 9 0 8 5 4 10 
602,3.35359e-06,4.45599e-06,3.03616e-06,50,100,100,224416,1 3 6 11 7 2 9 0 8 5 4 10 
603,3.35854e-06,4.45599e-06,3.0443e-06,50,100,100,224416,1 3 6 11 7 2 9 0 8 5 4 10 
604,3.38511e-06,4.45599e-06,2.98156e-06,50,100,100,224416,1 3 6 11 7 2 9 0 8 5 4 10 
605,3.38975e-06,4.45599e-06,3.04078e-06,50,100,100,224416,1 3 6 11 7 2 9 0 8 5 4 10 
606,3.37734e-06,4.45599e-06,3.00009e-06,50,100,100,224416,1 3 6 11 7 2 9 0 8 5 4 10 
607,3.37313e-06,4.45599e-06,2.96564e-06,50,100,100,224416,1 3 6 11 7 2 9 0 8 5 4 10 
608,3.3335e-06,4.45599e-06,3.00227e-06,50,100,100,224416,1 3 6 11 7 2 9 0 8 5 4 10 
609,3.33617e-06,4.45599e-06,2.93086e-06,50,100,100,224416,1 3 6 11 7 2 9 0 8 5 4 10 
610,3.34143e-06,4.45599e-06,3.01831e-06,50,100,100,224416,1 3 6 11 7 2 9 0 8 5 4 10 
611,3.32205e-06,4.45599e-06,2.9264e-06,50,100,100,224416,1 3 6 11 7 2 9 0 8 5 4 10 
612,3.35631e-06,4.45599e-06,2.91054e-06,50,100,100,224416,1 3 6 11 7 2 9 0 8 5 4 10 
613,3.38047e-06,4.45599e-06,3.03482e-06,50,100,100,224416,1 3 6 11 7 2 9 0 8 5 4 10 
614,3.37187e-06,4.45599e-06,3.01544e-06,50,100,100,224416,1 3 6 11 7 2 9 0 8 5 4 10 
615,3.34089e-06,4.45599e-06,3.03261e-06,50,100,100,224416,1 3 6 11 7 2 9 0 8 5 4 10 
616,3.33553e-06,4.45599e-06,2.98981e-06,50,100,100,224416,1 3 6 11 7 2 9 0 8 5 4 10 
617,3.37734e-06,4.45599e-06,3.04929e-06,50,100,100,224416,1 3 6 11 7 2 9 0 8 5 4 10 
618,3.38467e-06,4.45599e-06,3.01084e-06,50,100,100,224416,1 3 6 11 7 2 9 0 8 5 4 10 
619,3.36291e-06,4.45599e-06,2.99393e-06,50,100,100,224416,1 3 6 11 7 2 9 0 8 5 4 10 
620,3.35352e-06,4.45599e-06,2.98441e-06,50,100,100,224416,1 3 6 11 7 2 9 0 8 5 4 10 
621,3.33704e-06,4.45599e-06,2.92055e-06,50,100,100,224416,1 3 6 11 7 2 9 0 8 5 4 10 
622,3.34031e-06,4.45599e-06,2.95516e-06,50,100,100,224416,1 3 6 11 7 2 9 0 8 5 4 10 
623,3.33257e-06,4.45599e-06,2.91025e-06,50,100,100,224416,1 3 6 11 7 2 9 0 8 5 4 10 
624,3.33551e-06,4.45599e-06,2.9446e-06,50,100,100,224416,1 3 6 11 7 2 9 0 8 5 4 10 
625,3.31166e-06,4.45599e-06,2.95394e-06,50,100,100,224416,1 3 6 11 7 2 9 0 8 5 4 10 
626,3.3032e-06,4.45599e-06,3.00411e-06,50,100,100,224416,1 3 6 11 7 2 9 0 8 5 4 10 
627,3.3141e-06,4.45599e-06,2.98256e-06,50,100,100,224416,1 3 6 11 7 2 9 0 8 5 4 10 
628,3.32592e-06,4.45599e-06,2.81939e-06,50,100,100,224416,1 3 6 11 7 2 9 0 8 5 4 10 
629,3.34315e-06,4.45599e-06,3.00209e-06,50,100,100,224416,1 3 6 11 7 2 9 0 8 5 4 10 
630,3.35325e-06,4.45599e-06,2.9629e-06,50,100,100,224416,1 3 6 11 7 2 9 0 8 5 4 10 
631,3.37224e-06,4.45599e-06,3.02769e-06,50,100,100,224416,1 3 6 11 7 2 9 0 8 5 4 10 
632,3.37615e-06,4.45599e-06,2.95172e-06,50,100,100,224416,1 3 6 11 7 2 9 0 8 5 4 10 
633,3.34188e-06,4.45599e-06,2.99565e-06,50,100,100,224416,1 3 6 11 7 2 9 0 8 5 4 10 
634,3.34771e-06,4.45599e-06,2.95876e-06,50,100,100,224416,1 3 6 11 7 2 9 0 8 5 4 10 
635,3.33501e-06,4.45599e-06,2.92737e-06,50,100,100,224416,1 3 6 11 7 2 9 0 8 5 4 10 
636,3.36295e-06,4.45599e-06,3.05794e-06,50,100,100,224416,1 3 6 11 7 2 9 0 8 5 4 10 
637,3.34016e-06,4.45599e-06,2.98202e-06,50,100,100,224416,1 3 6 11 7 2 9 0 8 5 4 10 
638,3.34519e-06,4.45599e-06,2.92479e-06,50,100,100,224416,1 3 6 11 7 2 9 0 8 5 4 10 
639,3.33868e-06,4.45599e-06,3.05328e-06,50,100,100,224416,1 3 6 11 7 2 9 0 8 5 4 10 
640,3.34468e-06,4.45599e-06,3.01844e-06,50,100,100,224416,1 3 6 11 7 2 9 0 8 5 4 10 
641,3.35343e-06,4.45599e-06,3.05004e-06,50,100,100,224416,1 3 6 11 7 2 9 0 8 5 4 10 
642,3.33169e-06,4.45599e-06,2.93368e-06,50,100,100,224416,1 3 6 11 7 2 9 0 8 5 4 10 
643,3.33781e-06,4.45599e-06,2.91687e-06,50,100,100,224416,1 3 6 11 7 2 9 0 8 5 4 10 
644,3.34864e-06,4.45599e-06,3.03557e-06,50,100,100,224416,1 3 6 11 7 2 9 0 8 5 4 10 
645,3.37963e-06,4.45599e-06,3.05869e-06,50,100,100,224416,1 3 6 11 7 2 9 0 8 5 4 10 
646,3.37696e-06,4.45599e-06,2.99757e-06,50,100,100,224416,1 3 6 11 7 2 9 0 8 5 4 10 
647,3.40036e-06,4.45599e-06,3.05404e-06,50,100,100,224416,1 3 6 11 7 2 9 0 8 5 4 10 
648,3.37733e-06,4.45599e-06,2.9972e-06,50,100,100,224416,1 3 6 11 7 2 9 0 8 5 4 10 
649,3.38059e-06,4.45599e-06,3.00042e-06,50,100,100,224416,1 3 6 11 7 2 9 0 8 5 4 10 
650,3.33759e-06,4.45599e-06,2.94383e-06,50,100,100,224416,1 3 6 11 7 2 9 0 8 5 4 10 
651,3.33969e-06,4.45599e-06,2.90366e-06,50,100,100,224416,1 3 6 11 7 2 9 0 8 5 4 10 
652,3.36248e-06,4.45599e-06,3.01505e-06,50,100,100,224416,1 3 6 11 7 2 9 0 8 5 4 10 
653,3.36418e-06,4.45599e-06,2.97856e-06,50,100,100,224416,1 3 6 11 7 2 9 0 8 5 4 10 
654,3.36738e-06,4.45599e-06,2.96216e-06,50,100,100,224416,1 3 6 11 7 2 9 0 8 5 4 10 
655,3.36456e-06,4.45599e-06,2.98837e-06,50,100,100,224416,1 3 6 11 7 2 9 0 8 5 4 10 
656,3.31828e-06,4.45599e-06,2.8509e-06,50,100,100,224416,1 3 6 11 7 2 9 0 8 5 4 10 
657,3.3337e-06,4.45599e-06,2.9754e-06,50,100,100,224416,1 3 6 11 7 2 9 0 8 5 4 10 
658,3.36483e-06,4.45599e-06,3.00024e-06,50,100,100,224416,1 3 6 11 7 2 9 0 8 5 4 10 
659,3.35173e-06,4.45599e-06,3.03281e-06,50,100,100,224416,1 3 6 11 7 2 9 0 8 5 4 10 
660,3.35975e-06,4.45599e-06,2.90863e-06,50,100,100,224416,1 3 6 11 7 2 9 0 8 5 4 10 
661,3.33911e-06,4.45599e-06,2.9497e-06,50,100,100,224416,1 3 6 11 7 2 9 0 8 5 4 10 
662,3.33626e-06,4.45599e-06,3.04183e-06,50,100,100,224416,1 3 6 11 7 2 9 0 8 5 4 10 
663,3.36464e-06,4.45599e-06,3.02355e-06,50,100,100,224416,1 3 6 11 7 2 9 0 8 5 4 10 
664,3.37642e-06,4.45599e-06,3.09214e-06,50,100,100,224416,1 3 6 11 7 2 9 0 8 5 4 10 
665,3.34699e-06,4.45599e-06,2.93828e-06,50,100,100,224416,1 3 6 11 7 2 9 0 8 5 4 10 
666,3.35948e-06,4.45599e-06,2.96617e-06,50,100,100,224416,1 3 6 11 7 2 9 0 8 5 4 10 
667,3.31999e-06,4.45599e-06,3.02483e-06,50,100,100,224416,1 3 6 11 7 2 9 0 8 5 4 10 
668,3.33825e-06,4.45599e-06,2.93432e-06,50,100,100,224416,1 3 6 11 7 2 9 0 8 5 4 10 
669,3.33586e-06,4.45599e-06,2.87612e-06,50,100,100,224416,1 3 6 11 7 2 9 0 8 5 4 10 
670,3.35508e-06,4.45599e-06,2.95146e-06,50,100,100,224416,1 3 6 11 7 2 9 0 8 5 4 10 
671,3.37152e-06,4.45599e-06,2.96111e-06,50,100,100,224416,1 3 6 11 7 2 9 0 8 5 4 10 
672,3.36446e-06,4.45599e-06,2.97079e-06,50,100,100,224416,1 3 6 11 7 2 9 0 8 5 4 10 
673,3.35772e-06,4.45599e-06,3.06103e-06,50,100,100,224416,1 3 6 11 7 2 9 0 8 5 4 10 
674,3.34059e-06,4.45599e-06,2.93371e-06,50,100,100,224416,1 3 6 11 7 2 9 0 8 5 4 10 
675,3.34776e-06,4.45599e-06,2.95291e-06,50,100,100,224416,1 3 6 11 7 2 9 0 8 5 4 10 
676,3.35178e-06,4.45599e-06,2.98387e-06,50,100,100,224416,1 3 6 11 7 2 9 0 8 5 4 10 
677,3.4029e-06,4.45599e-06,3.01707e-06,50,100,100,224416,1 3 6 11 7 2 9 0 8 5 4 10 
678,3.36563e-06,4.45599e-06,3.00101e-06,50,100,100,224416,1 3 6 11 7 2 9 0 8 5 4 10 
679,3.37256e-06,4.45599e-06,2.99014e-06,50,100,100,224416,1 3 6 11 7 2 9 0 8 5 4 10 
680,3.36404e-06,4.45599e-06,2.9835e-06,50,100,100,224416,1 3 6 11 7 2 9 0 8 5 4 10 
681,3.37651e-06,4.45599e-06,2.9394e-06,50,100,100,224416,1 3 6 11 7 2 9 0 8 5 4 10 
682,3.38716e-06,4.45599e-06,3.06188e-06,50,100,100,224416,1 3 6 11 7 2 9 0 8 5 4 10 
683,3.37335e-06,4.45599e-06,3.01665e-06,50,100,100,224416,1 3 6 11 7 2 9 0 8 5 4 10 
684,3.36726e-06,4.45599e-06,2.96601e-06,50,100,100,224416,1 3 6 11 7 2 9 0 8 5 4 10 
685,3.39993e-06,4.45599e-06,2.99903e-06,50,100,100,224416,1 3 6 11 7 2 9 0 8 5 4 10 
686,3.41303e-06,4.45599e-06,3.08171e-06,50,100,100,224416,1 3 6 11 7 2 9 0 8 5 4 10 
687,3.42258e-06,4.45599e-06,3.09453e-06,50,100,100,224416,1 3 6 11 7 2 9 0 8 5 4 10 
688,3.42131e-06,4.45599e-06,3.00791e-06,50,100,100,224416,1 3 6 11 7 2 9 0 8 5 4 10 
689,3.40135e-06,4.45599e-06,3.00474e-06,50,100,100,224416,1 3 6 11 7 2 9 0 8 5 4 10 
690,3.42683e-06,4.45599e-06,3.03156e-06,50,100,100,224416,1 3 6 11 7 2 9 0 8 5 4 10 
691,3.34204e-06,4.45599e-06,2.97588e-06,50,100,100,224416,1 3 6 11 7 2 9 0 8 5 4 10 
692,3.35402e-06,4.45599e-06,2.97671e-06,50,100,100,224416,1 3 6 11 7 2 9 0 8 5 4 10 
693,3.36418e-06,4.45599e-06,2.94356e-06,50,100,100,224416,1 3 6 11 7 2 9 0 8 5 4 10 
694,3.35955e-06,4.45599e-06,2.95645e-06,50,100,100,224416,1 3 6 11 7 2 9 0 8 5 4 10 
695,3.37524e-06,4.45599e-06,3.05796e-06,50,100,100,224416,1 3 6 11 7 2 9 0 8 5 4 10 
696,3.37973e-06,4.45599e-06,2.99555e-06,50,100,100,224416,1 3 6 11 7 2 9 0 8 5 4 10 
697,3.39461e-06,4.45599e-06,2.93366e-06,50,100,100,224416,1 3 6 11 7 2 9 0 8 5 4 10 
698,3.39175e-06,4.45599e-06,3.0307e-06,50,100,100,224416,1 3 6 11 7 2 9 0 8 5 4 10 
699,3.39451e-06,4.45599e-06,3.04124e-06,50,100,100,224416,1 3 6 11 7 2 9 0 8 5 4 10 
700,3.37664e-06,4.45599e-06,2.97028e-06,50,100,100,224416,1 3 6 11 7 2 9 0 8 5 4 10 
701,3.40401e-06,4.45599e-06,3.00141e-06,50,100,100,224416,1 3 6 11 7 2 9 0 8 5 4 10 
702,3.37409e-06,4.45599e-06,2.99741e-06,50,100,100,224416,1 3 6 11 7 2 9 0 8 5 4 10 
703,3.40687e-06,4.45599e-06,2.98562e-06,50,100,100,224416,1 3 6 11 7 2 9 0 8 5 4 10 
704,3.4265e-06,4.45599e-06,3.01119e-06,50,100,100,224416,1 3 6 11 7 2 9 0 8 5 4 10 
705,3.46055e-06,4.45599e-06,3.03655e-06,50,100,100,224416,1 3 6 11 7 2 9 0 8 5 4 10 
706,3.44924e-06,4.45599e-06,3.00644e-06,50,100,100,224416,1 3 6 11 7 2 9 0 8 5 4 10 
707,3.4222e-06,4.45599e-06,3.01922e-06,50,100,100,224416,1 3 6 11 7 2 9 0 8 5 4 10 
708,3.40763e-06,4.45599e-06,2.97975e-06,50,100,100,224416,1 3 6 11 7 2 9 0 8 5 4 10 
709,3.38286e-06,4.45599e-06,3.00974e-06,50,100,100,224416,1 3 6 11 7 2 9 0 8 5 4 10 
710,3.39685e-06,4.45599e-06,3.07902e-06,50,100,100,224416,1 3 6 11 7 2 9 0 8 5 4 10 
711,3.38954e-06,4.45599e-06,3.02054e-06,50,100,100,224416,1 3 6 11 7 2 9 0 8 5 4 10 
712,3.35217e-06,4.45599e-06,2.97827e-06,50,100,100,224416,1 3 6 11 7 2 9 0 8 5 4 10 
713,3.40097e-06,4.45599e-06,3.00146e-06,50,100,100,224416,1 3 6 11 7 2 9 0 8 5 4 10 
714,3.43006e-06,4.45599e-06,3.05028e-06,50,100,100,224416,1 3 6 11 7 2 9 0 8 5 4 10 
715,3.37632e-06,4.45599e-06,2.96698e-06,50,100,100,224416,1 3 6 11 7 2 9 0 8 5 4 10 
716,3.36388e-06,4.45599e-06,3.0154e-06,50,100,100,224416,1 3 6 11 7 2 9 0 8 5 4 10 
717,3.37685e-06,4.45599e-06,3.01171e-06,50,100,100,224416,1 3 6 11 7 2 9 0 8 5 4 10 
718,3.40078e-06,4.45599e-06,3.00152e-06,50,100,100,224416,1 3 6 11 7 2 9 0 8 5 4 10 
719,3.4014e-06,4.45599e-06,3.0029e-06,50,100,100,224416,1 3 6 11 7 2 9 0 8 5 4 10 
720,3.36787e-06,4.45599e-06,3.02663e-06,50,100,100,224416,1 3 6 11 7 2 9 0 8 5 4 10 
721,3.34221e-06,4.45599e-06,2.95955e-06,50,100,100,224416,1 3 6 11 7 2 9 0 8 5 4 10 
722,3.33504e-06,4.45599e-06,2.99792e-06,50,100,100,224416,1 3 6 11 7 2 9 0 8 5 4 10 
723,3.35042e-06,4.45599e-06,3.012e-06,50,100,100,224416,1 3 6 11 7 2 9 0 8 5 4 10 
724,3.40171e-06,4.45599e-06,3.0413e-06,50,100,100,224416,1 3 6 11 7 2 9 0 8 5 4 10 
725,3.3485e-06,4.45599e-06,3.02315e-06,50,100,100,224416,1 3 6 11 7 2 9 0 8 5 4 10 
726,3.38076e-06,4.45599e-06,2.92016e-06,50,100,100,224416,1 3 6 11 7 2 9 0 8 5 4 10 
727,3.3649e-06,4.45599e-06,2.98499e-06,50,100,100,224416,1 3 6 11 7 2 9 0 8 5 4 10 
728,3.35868e-06,4.45599e-06,3.03266e-06,50,100,100,224416,1 3 6 11 7 2 9 0 8 5 4 10 
729,3.36067e-06,4.45599e-06,3.03845e-06,50,100,100,224416,1 3 6 11 7 2 9 0 8 5 4 10 
730,3.37296e-06,4.45599e-06,3.00262e-06,50,100,100,224416,1 3 6 11 7 2 9 0 8 5 4 10 
731,3.36508e-06,4.45599e-06,2.94487e-06,50,100,100,224416,1 3 6 11 7 2 9 0 8 5 4 10 
732,3.3929e-06,4.45599e-06,3.002e-06,50,100,100,224416,1 3 6 11 7 2 9 0 8 5 4 10 
733,3.38661e-06,4.45599e-06,3.04413e-06,50,100,100,224416,1 3 6 11 7 2 9 0 8 5 4 10 
734,3.37619e-06,4.45599e-06,3.0435e-06,50,100,100,224416,1 3 6 11 7 2 9 0 8 5 4 10 
735,3.40978e-06,4.45599e-06,2.9903e-06,50,100,100,224416,1 3 6 11 7 2 9 0 8 5 4 10 
736,3.39154e-06,4.45599e-06,3.00963e-06,50,100,100,224416,1 3 6 11 7 2 9 0 8 5 4 10 
737,3.38767e-06,4.45599e-06,3.0835e-06,50,100,100,224416,1 3 6 11 7 2 9 0 8 5 4 10 
738,3.36355e-06,4.45599e-06,3.00305e-06,50,100,100,224416,1 3 6 11 7 2 9 0 8 5 4 10 
739,3.41136e-06,4.45599e-06,3.03915e-06,50,100,100,224416,1 3 6 11 7 2 9 0 8 5 4 10 
740,3.4193e-06,4.45599e-06,2.99107e-06,50,100,100,224416,1 3 6 11 7 2 9 0 8 5 4 10 
741,3.39115e-06,4.45599e-06,2.99182e-06,50,100,100,224416,1 3 6 11 7 2 9 0 8 5 4 10 
742,3.428e-06,4.45599e-06,3.00009e-06,50,100,100,224416,1 3 6 11 7 2 9 0 8 5 4 10 
743,3.40993e-06,4.45599e-06,2.94628e-06,50,100,100,224416,1 3 6 11 7 2 9 0 8 5 4 10 
744,3.43666e-06,4.45599e-06,2.91531e-06,50,100,100,224416,1 3 6 11 7 2 9 0 8 5 4 10 
745,3.4452e-06,4.45599e-06,3.01983e-06,50,100,100,224416,1 3 6 11 7 2 9 0 8 5 4 10 
746,3.44429e-06,4.45599e-06,3.00247e-06,50,100,100,224416,1 3 6 11 7 2 9 0 8 5 4 10 
747,3.40263e-06,4.45599e-06,2.99968e-06,50,100,100,224416,1 3 6 11 7 2 9 0 8 5 4 10 
748,3.45017e-06,4.45599e-06,3.01937e-06,50,100,100,224416,1 3 6 11 7 2 9 0 8 5 4 10 
749,3.42257e-06,4.45599e-06,2.92139e-06,50,100,100,224416,1 3 6 11 7 2 9 0 8 5 4 10 
750,3.43798e-06,4.45599e-06,2.9664e-06,50,100,100,224416,1 3 6 11 7 2 9 0 8 5 4 10 
751,3.45379e-06,4.45599e-06,3.00597e-06,50,100,100,224416,1 3 6 11 7 2 9 0 8 5 4 10 
752,3.47537e-06,4.45599e-06,3.04725e-06,50,100,100,224416,1 3 6 11 7 2 9 0 8 5 4 10 
753,3.43837e-06,4.45599e-06,3.04e-06,50,100,100,224416,1 3 6 11 7 2 9 0 8 5 4 10 
754,3.41043e-06,4.45599e-06,2.96955e-06,50,100,100,224416,1 3 6 11 7 2 9 0 8 5 4 10 
755,3.38698e-06,4.45599e-06,2.94642e-06,50,100,100,224416,1 3 6 11 7 2 9 0 8 5 4 10 
756,3.37499e-06,4.45599e-06,2.95366e-06,50,100,100,224416,1 3 6 11 7 2 9 0 8 5 4 10 
757,3.35486e-06,4.45599e-06,3.02403e-06,50,100,100,224416,1 3 6 11 7 2 9 0 8 5 4 10 
758,3.37155e-06,4.45599e-06,2.973e-06,50,100,100,224416,1 3 6 11 7 2 9 0 8 5 4 10 
759,3.40157e-06,4.45599e-06,2.98829e-06,50,100,100,224416,1 3 6 11 7 2 9 0 8 5 4 10 
760,3.41249e-06,4.45599e-06,3.04675e-06,50,100,100,224416,1 3 6 11 7 2 9 0 8 5 4 10 
761,3.38748e-06,4.45599e-06,2.98174e-06,50,100,100,224416,1 3 6 11 7 2 9 0 8 5 4 10 
762,3.39515e-06,4.45599e-06,2.94093e-06,50,100,100,224416,1 3 6 11 7 2 9 0 8 5 4 10 
763,3.37812e-06,4.45599e-06,2.96381e-06,50,100,100,224416,1 3 6 11 7 2 9 0 8 5 4 10 
764,3.36806e-06,4.45599e-06,3.03449e-06,50,100,100,224416,1 3 6 11 7 2 9 0 8 5 4 10 
765,3.32783e-06,4.45599e-06,2.93294e-06,50,100,100,224416,1 3 6 11 7 2 9 0 8 5 4 10 
766,3.34923e-06,4.45599e-06,3.01218e-06,50,100,100,224416,1 3 6 11 7 2 9 0 8 5 4 10 
767,3.3628e-06,4.45599e-06,2.99393e-06,50,100,100,224416,1 3 6 11 7 2 9 0 8 5 4 10 
768,3.36801e-06,4.45599e-06,2.98888e-06,50,100,100,224416,1 3 6 11 7 2 9 0 8 5 4 10 
769,3.39749e-06,4.45599e-06,2.89863e-06,50,100,100,224416,1 3 6 11 7 2 9 0 8 5 4 10 
770,3.39564e-06,4.45599e-06,3.08126e-06,50,100,100,224416,1 3 6 11 7 2 9 0 8 5 4 10 
771,3.37794e-06,4.45599e-06,2.91897e-06,50,100,100,224416,1 3 6 11 7 2 9 0 8 5 4 10 
772,3.36249e-06,4.45599e-06,3.014e-06,50,100,100,224416,1 3 6 11 7 2 9 0 8 5 4 10 
773,3.35379e-06,4.45599e-06,2.92633e-06,50,100,100,224416,1 3 6 11 7 2 9 0 8 5 4 10 
774,3.36476e-06,4.45599e-06,3.04413e-06,50,100,100,224416,1 3 6 11 7 2 9 0 8 5 4 10 
775,3.38298e-06,4.45599e-06,3.07746e-06,50,100,100,224416,1 3 6 11 7 2 9 0 8 5 4 10 
776,3.36008e-06,4.45599e-06,3.04254e-06,50,100,100,224416,1 3 6 11 7 2 9 0 8 5 4 10 
777,3.33477e-06,4.45599e-06,2.93432e-06,50,100,100,224416,1 3 6 11 7 2 9 0 8 5 4 10 
778,3.33544e-06,4.45599e-06,2.98129e-06,50,100,100,224416,1 3 6 11 7 2 9 0 8 5 4 10 
779,3.33792e-06,4.45599e-06,2.9523e-06,50,100,100,224416,1 3 6 11 7 2 9 0 8 5 4 10 
780,3.33935e-06,4.45599e-06,2.96236e-06,50,100,100,224416,1 3 6 11 7 2 9 0 8 5 4 10 
781,3.30816e-06,4.45599e-06,3.01175e-06,50,100,100,224416,1 3 6 11 7 2 9 0 8 5 4 10 
782,3.29603e-06,4.45599e-06,2.96378e-06,50,100,100,224416,1 3 6 11 7 2 9 0 8 5 4 10 
783,3.35821e-06,4.45599e-06,3.00175e-06,50,100,100,224416,1 3 6 11 7 2 9 0 8 5 4 10 
784,3.32551e-06,4.45599e-06,3.00162e-06,50,100,100,224416,1 3 6 11 7 2 9 0 8 5 4 10 
785,3.32771e-06,4.45599e-06,2.98871e-06,50,100,100,224416,1 3 6 11 7 2 9 0 8 5 4 10 
786,3.30712e-06,4.45599e-06,2.98154e-06,50,100,100,224416,1 3 6 11 7 2 9 0 8 5 4 10 
787,3.32756e-06,4.45599e-06,2.91383e-06,50,100,100,224416,1 3 6 11 7 2 9 0 8 5 4 10 
788,3.34842e-06,4.45599e-06,2.98665e-06,50,100,100,224416,1 3 6 11 7 2 9 0 8 5 4 10 
789,3.34793e-06,4.45599e-06,2.96765e-06,50,100,100,224416,1 3 6 11 7 2 9 0 8 5 4 10 
790,3.34149e-06,4.45599e-06,3.02595e-06,50,100,100,224416,1 3 6 11 7 2 9 0 8 5 4 10 
791,3.32336e-06,4.45599e-06,3.02149e-06,50,100,100,224416,1 3 6 11 7 2 9 0 8 5 4 10 
792,3.31871e-06,4.45599e-06,2.91176e-06,50,100,100,224416,1 3 6 11 7 2 9 0 8 5 4 10 
793,3.32805e-06,4.45599e-06,3.0022e-06,50,100,100,224416,1 3 6 11 7 2 9 0 8 5 4 10 
794,3.32882e-06,4.45599e-06,2.97406e-06,50,100,100,224416,1 3 6 11 7 2 9 0 8 5 4 10 
795,3.31955e-06,4.45599e-06,2.99022e-06,50,100,100,224416,1 3 6 11 7 2 9 0 8 5 4 10 
796,3.32619e-06,4.45599e-06,3.00143e-06,50,100,100,224416,1 3 6 11 7 2 9 0 8 5 4 10 
797,3.35941e-06,4.45599e-06,3.02017e-06,50,100,100,224416,1 3 6 11 7 2 9 0 8 5 4 10 
798,3.33438e-06,4.45599e-06,2.92868e-06,50,100,100,224416,1 3 6 11 7 2 9 0 8 5 4 10 
799,3.35913e-06,4.45599e-06,3.02412e-06,50,100,100,224416,1 3 6 11 7 2 9 0 8 5 4 10 
800,3.33699e-06,4.45599e-06,3.03191e-06,50,100,100,224416,1 3 6 11 7 2 9 0 8 5 4 10 
801,3.32469e-06,4.45599e-06,2.92183e-06,50,100,100,224416,1 3 6 11 7 2 9 0 8 5 4 10 
802,3.32381e-06,4.45599e-06,2.99754e-06,50,100,100,224416,1 3 6 11 7 2 9 0 8 5 4 10 
803,3.33e-06,4.45599e-06,3.03605e-06,50,100,100,224416,1 3 6 11 7 2 9 0 8 5 4 10 
804,3.35243e-06,4.45599e-06,2.99526e-06,50,100,100,224416,1 3 6 11 7 2 9 0 8 5 4 10 
805,3.3449e-06,4.45599e-06,3.05714e-06,50,100,100,224416,1 3 6 11 7 2 9 0 8 5 4 10 
806,3.29176e-06,4.45599e-06,2.96424e-06,50,100,100,224416,1 3 6 11 7 2 9 0 8 5 4 10 
807,3.31807e-06,4.45599e-06,2.98046e-06,50,100,100,224416,1 3 6 11 7 2 9 0 8 5 4 10 
808,3.33304e-06,4.45599e-06,2.95108e-06,50,100,100,224416,1 3 6 11 7 2 9 0 8 5 4 10 
809,3.32283e-06,4.45599e-06,2.95596e-06,50,100,100,224416,1 3 6 11 7 2 9 0 8 5 4 10 
810,3.33313e-06,4.45599e-06,2.94001e-06,50,100,100,224416,1 3 6 11 7 2 9 0 8 5 4 10 
811,3.3175e-06,4.45599e-06,2.95247e-06,50,100,100,224416,1 3 6 11 7 2 9 0 8 5 4 10 
812,3.34149e-06,4.45599e-06,3.01135e-06,50,100,100,224416,1 3 6 11 7 2 9 0 8 5 4 10 
813,3.34323e-06,4.45599e-06,3.00121e-06,50,100,100,224416,1 3 6 11 7 2 9 0 8 5 4 10 
814,3.33967e-06,4.45599e-06,3.04006e-06,50,100,100,224416,1 3 6 11 7 2 9 0 8 5 4 10 
815,3.34506e-06,4.45599e-06,2.98946e-06,50,100,100,224416,1 3 6 11 7 2 9 0 8 5 4 10 
816,3.33582e-06,4.45599e-06,2.99727e-06,50,100,100,224416,1 3 6 11 7 2 9 0 8 5 4 10 
817,3.32298e-06,4.45599e-06,2.97895e-06,50,100,100,224416,1 3 6 11 7 2 9 0 8 5 4 10 
818,3.32876e-06,4.45599e-06,2.94006e-06,50,100,100,224416,1 3 6 11 7 2 9 0 8 5 4 10 
819,3.31883e-06,4.45599e-06,2.95988e-06,50,100,100,224416,1 3 6 11 7 2 9 0 8 5 4 10 
820,3.34425e-06,4.45599e-06,2.93246e-06,50,100,100,224416,1 3 6 11 7 2 9 0 8 5 4 10 
821,3.32811e-06,4.45599e-06,2.97225e-06,50,100,100,224416,1 3 6 11 7 2 9 0 8 5 4 10 
822,3.3205e-06,4.45599e-06,2.9337e-06,50,100,100,224416,1 3 6 11 7 2 9 0 8 5 4 10 
823,3.31343e-06,4.45599e-06,2.96952e-06,50,100,100,224416,1 3 6 11 7 2 9 0 8 5 4 10 
824,3.32003e-06,4.45599e-06,3.00303e-06,50,100,100,224416,1 3 6 11 7 2 9 0 8 5 4 10 
825,3.32526e-06,4.45599e-06,3.01775e-06,50,100,100,224416,1 3 6 11 7 2 9 0 8 5 4 10 
826,3.31296e-06,4.45599e-06,2.98295e-06,50,100,100,224416,1 3 6 11 7 2 9 0 8 5 4 10 
827,3.34066e-06,4.45599e-06,2.98526e-06,50,100,100,224416,1 3 6 11 7 2 9 0 8 5 4 10 
828,3.33506e-06,4.45599e-06,3.00879e-06,50,100,100,224416,1 3 6 11 7 2 9 0 8 5 4 10 
829,3.32151e-06,4.45599e-06,3.02258e-06,50,100,100,224416,1 3 6 11 7 2 9 0 8 5 4 10 
830,3.3218e-06,4.45599e-06,3.0237e-06,50,100,100,224416,1 3 6 11 7 2 9 0 8 5 4 10 
831,3.31211e-06,4.45599e-06,2.92241e-06,50,100,100,224416,1 3 6 11 7 2 9 0 8 5 4 10 
832,3.31898e-06,4.45599e-06,2.98821e-06,50,100,100,224416,1 3 6 11 7 2 9 0 8 5 4 10 
833,3.30068e-06,4.45599e-06,2.92047e-06,50,100,100,224416,1 3 6 11 7 2 9 0 8 5 4 10 
834,3.32893e-06,4.45599e-06,2.94387e-06,50,100,100,224416,1 3 6 11 7 2 9 0 8 5 4 10 
835,3.31659e-06,4.45599e-06,2.97788e-06,50,100,100,224416,1 3 6 11 7 2 9 0 8 5 4 10 
836,3.32155e-06,4.45599e-06,2.95124e-06,50,100,100,224416,1 3 6 11 7 2 9 0 8 5 4 10 
837,3.3326e-06,4.45599e-06,2.9979e-06,50,100,100,224416,1 3 6 11 7 2 9 0 8 5 4 10 
838,3.31098e-06,4.45599e-06,2.94543e-06,50,100,100,224416,1 3 6 11 7 2 9 0 8 5 4 10 
839,3.29642e-06,4.45599e-06,2.95064e-06,50,100,100,224416,1 3 6 11 7 2 9 0 8 5 4 10 
840,3.33112e-06,4.45599e-06,2.9767e-06,50,100,100,224416,1 3 6 11 7 2 9 0 8 5 4 10 
841,3.35397e-06,4.45599e-06,2.99556e-06,50,100,100,224416,1 3 6 11 7 2 9 0 8 5 4 10 
842,3.33382e-06,4.45599e-06,2.99986e-06,50,100,100,224416,1 3 6 11 7 2 9 0 8 5 4 10 
843,3.33438e-06,4.45599e-06,2.97443e-06,50,100,100,224416,1 3 6 11 7 2 9 0 8 5 4 10 
844,3.30949e-06,4.45599e-06,2.97321e-06,50,100,100,224416,1 3 6 11 7 2 9 0 8 5 4 10 
845,3.31818e-06,4.45599e-06,2.97082e-06,50,100,100,224416,1 3 6 11 7 2 9 0 8 5 4 10 
846,3.32776e-06,4.45599e-06,2.99691e-06,50,100,100,224416,1 3 6 11 7 2 9 0 8 5 4 10 
847,3.30846e-06,4.45599e-06,2.94364e-06,50,100,100,224416,1 3 6 11 7 2 9 0 8 5 4 10 
848,3.31323e-06,4.45599e-06,2.9471e-06,50,100,100,224416,1 3 6 11 7 2 9 0 8 5 4 10 
849,3.30808e-06,4.45599e-06,2.88853e-06,50,100,100,224416,1 3 6 11 7 2 9 0 8 5 4 10 
850,3.28066e-06,4.45599e-06,2.99289e-06,50,100,100,224416,1 3 6 11 7 2 9 0 8 5 4 10 
851,3.33071e-06,4.45599e-06,2.9848e-06,50,100,100,224416,1 3 6 11 7 2 9 0 8 5 4 10 
852,3.33237e-06,4.45599e-06,2.94604e-06,50,100,100,224416,1 3 6 11 7 2 9 0 8 5 4 10 
853,3.31247e-06,4.45599e-06,2.94708e-06,50,100,100,224416,1 3 6 11 7 2 9 0 8 5 4 10 
854,3.30718e-06,4.45599e-06,3.01904e-06,50,100,100,224416,1 3 6 11 7 2 9 0 8 5 4 10 
855,3.28812e-06,4.45599e-06,3.0002e-06,50,100,100,224416,1 3 6 11 7 2 9 0 8 5 4 10 
856,3.30993e-06,4.45599e-06,2.93946e-06,50,100,100,224416,1 3 6 11 7 2 9 0 8 5 4 10 
857,3.31862e-06,4.45599e-06,2.96095e-06,50,100,100,224416,1 3 6 11 7 2 9 0 8 5 4 10 
858,3.30555e-06,4.45599e-06,3.04496e-06,50,100,100,224416,1 3 6 11 7 2 9 0 8 5 4 10 
859,3.31246e-06,4.45599e-06,3.01817e-06,50,100,100,224416,1 3 6 11 7 2 9 0 8 5 4 10 
860,3.30324e-06,4.45599e-06,2.97098e-06,50,100,100,224416,1 3 6 11 7 2 9 0 8 5 4 10 
861,3.31162e-06,4.45599e-06,2.97225e-06,50,100,100,224416,1 3 6 11 7 2 9 0 8 5 4 10 
862,3.33416e-06,4.45599e-06,3.00865e-06,50,100,100,224416,1 3 6 11 7 2 9 0 8 5 4 10 
863,3.34143e-06,4.45599e-06,2.9762e-06,50,100,100,224416,1 3 6 11 7 2 9 0 8 5 4 10 
864,3.33153e-06,4.45599e-06,2.96201e-06,50,100,100,224416,1 3 6 11 7 2 9 0 8 5 4 10 
865,3.32684e-06,4.45599e-06,2.98172e-06,50,100,100,224416,1 3 6 11 7 2 9 0 8 5 4 10 
866,3.31055e-06,4.45599e-06,2.90795e-06,50,100,100,224416,1 3 6 11 7 2 9 0 8 5 4 10 
867,3.28562e-06,4.45599e-06,2.97941e-06,50,100,100,224416,1 3 6 11 7 2 9 0 8 5 4 10 
868,3.26779e-06,4.45599e-06,2.95544e-06,50,100,100,224416,1 3 6 11 7 2 9 0 8 5 4 10 
869,3.29276e-06,4.45599e-06,2.92804e-06,50,100,100,224416,1 3 6 11 7 2 9 0 8 5 4 10 
870,3.32588e-06,4.45599e-06,2.94984e-06,50,100,100,224416,1 3 6 11 7 2 9 0 8 5 4 10 
871,3.32949e-06,4.45599e-06,3.01736e-06,50,100,100,224416,1 3 6 11 7 2 9 0 8 5 4 10 
872,3.29767e-06,4.45599e-06,2.90846e-06,50,100,100,224416,1 3 6 11 7 2 9 0 8 5 4 10 
873,3.29053e-06,4.45599e-06,2.91268e-06,50,100,100,224416,1 3 6 11 7 2 9 0 8 5 4 10 
874,3.30543e-06,4.45599e-06,2.9487e-06,50,100,100,224416,1 3 6 11 7 2 9 0 8 5 4 10 
875,3.31238e-06,4.45599e-06,2.98425e-06,50,100,100,224416,1 3 6 11 7 2 9 0 8 5 4 10 
876,3.32573e-06,4.45599e-06,3.01427e-06,50,100,100,224416,1 3 6 11 7 2 9 0 8 5 4 10 
877,3.30513e-06,4.45599e-06,2.97227e-06,50,100,100,224416,1 3 6 11 7 2 9 0 8 5 4 10 
878,3.338e-06,4.45599e-06,2.93091e-06,50,100,100,224416,1 3 6 11 7 2 9 0 8 5 4 10 
879,3.33609e-06,4.45599e-06,2.99793e-06,50,100,100,224416,1 3 6 11 7 2 9 0 8 5 4 10 
880,3.33832e-06,4.45599e-06,2.96169e-06,50,100,100,224416,1 3 6 11 7 2 9 0 8 5 4 10 
881,3.34347e-06,4.45599e-06,2.98687e-06,50,100,100,224416,1 3 6 11 7 2 9 0 8 5 4 10 
882,3.3084e-06,4.45599e-06,2.98177e-06,50,100,100,224416,1 3 6 11 7 2 9 0 8 5 4 10 
883,3.34956e-06,4.45599e-06,2.93089e-06,50,100,100,224416,1 3 6 11 7 2 9 0 8 5 4 10 
884,3.33916e-06,4.45599e-06,2.98167e-06,50,100,100,224416,1 3 6 11 7 2 9 0 8 5 4 10 
885,3.33539e-06,4.45599e-06,2.99546e-06,50,100,100,224416,1 3 6 11 7 2 9 0 8 5 4 10 
886,3.34061e-06,4.45599e-06,2.9781e-06,50,100,100,224416,1 3 6 11 7 2 9 0 8 5 4 10 
887,3.37168e-06,4.45599e-06,3.0358e-06,50,100,100,224416,1 3 6 11 7 2 9 0 8 5 4 10 
888,3.36907e-06,4.45599e-06,3.08628e-06,50,100,100,224416,1 3 6 11 7 2 9 0 8 5 4 10 
889,3.31914e-06,4.45599e-06,2.97932e-06,50,100,100,224416,1 3 6 11 7 2 9 0 8 5 4 10 
890,3.31446e-06,4.45599e-06,2.98803e-06,50,100,100,224416,1 3 6 11 7 2 9 0 8 5 4 10 
891,3.3219e-06,4.45599e-06,3.05018e-06,50,100,100,224416,1 3 6 11 7 2 9 0 8 5 4 10 
892,3.32291e-06,4.45599e-06,2.9623e-06,50,100,100,224416,1 3 6 11 7 2 9 0 8 5 4 10 
893,3.32441e-06,4.45599e-06,2.96957e-06,50,100,100,224416,1 3 6 11 7 2 9 0 8 5 4 10 
894,3.32527e-06,4.45599e-06,3.00872e-06,50,100,100,224416,1 3 6 11 7 2 9 0 8 5 4 10 
895,3.34069e-06,4.45599e-06,3.04028e-06,50,100,100,224416,1 3 6 11 7 2 9 0 8 5 4 10 
896,3.35355e-06,4.45599e-06,2.9779e-06,50,100,100,224416,1 3 6 11 7 2 9 0 8 5 4 10 
897,3.33894e-06,4.45599e-06,2.94717e-06,50,100,100,224416,1 3 6 11 7 2 9 0 8 5 4 10 
898,3.32176e-06,4.45599e-06,3.01736e-06,50,100,100,224416,1 3 6 11 7 2 9 0 8 5 4 10 
899,3.35199e-06,4.45599e-06,2.96828e-06,50,100,100,224416,1 3 6 11 7 2 9 0 8 5 4 10 
900,3.32041e-06,4.45599e-06,3.00009e-06,50,100,100,224416,1 3 6 11 7 2 9 0 8 5 4 10 
901,3.33676e-06,4.45599e-06,2.9835e-06,50,100,100,224416,1 3 6 11 7 2 9 0 8 5 4 10 
902,3.35916e-06,4.45599e-06,2.98113e-06,50,100,100,224416,1 3 6 11 7 2 9 0 8 5 4 10 
903,3.34791e-06,4.45599e-06,3.01004e-06,50,100,100,224416,1 3 6 11 7 2 9 0 8 5 4 10 
904,3.34275e-06,4.45599e-06,3.00581e-06,50,100,100,224416,1 3 6 11 7 2 9 0 8 5 4 10 
905,3.32679e-06,4.45599e-06,2.94781e-06,50,100,100,224416,1 3 6 11 7 2 9 0 8 5 4 10 
906,3.34185e-06,4.45599e-06,2.97416e-06,50,100,100,224416,1 3 6 11 7 2 9 0 8 5 4 10 
907,3.29891e-06,4.45599e-06,2.99447e-06,50,100,100,224416,1 3 6 11 7 2 9 0 8 5 4 10 
908,3.30074e-06,4.45599e-06,2.89762e-06,50,100,100,224416,1 3 6 11 7 2 9 0 8 5 4 10 
909,3.31388e-06,4.45599e-06,2.97188e-06,50,100,100,224416,1 3 6 11 7 2 9 0 8 5 4 10 
910,3.31744e-06,4.45599e-06,2.91674e-06,50,100,100,224416,1 3 6 11 7 2 9 0 8 5 4 10 
911,3.33616e-06,4.45599e-06,2.94368e-06,50,100,100,224416,1 3 6 11 7 2 9 0 8 5 4 10 
912,3.3675e-06,4.45599e-06,3.01476e-06,50,100,100,224416,1 3 6 11 7 2 9 0 8 5 4 10 
913,3.30898e-06,4.45599e-06,2.97123e-06,50,100,100,224416,1 3 6 11 7 2 9 0 8 5 4 10 
914,3.29493e-06,4.45599e-06,2.96747e-06,50,100,100,224416,1 3 6 11 7 2 9 0 8 5 4 10 
915,3.32395e-06,4.45599e-06,3.00981e-06,50,100,100,224416,1 3 6 11 7 2 9 0 8 5 4 10 
916,3.32146e-06,4.45599e-06,2.98622e-06,50,100,100,224416,1 3 6 11 7 2 9 0 8 5 4 10 
917,3.31486e-06,4.45599e-06,2.93191e-06,50,100,100,224416,1 3 6 11 7 2 9 0 8 5 4 10 
918,3.29459e-06,4.45599e-06,2.91003e-06,50,100,100,224416,1 3 6 11 7 2 9 0 8 5 4 10 
919,3.30855e-06,4.45599e-06,2.98277e-06,50,100,100,224416,1 3 6 11 7 2 9 0 8 5 4 10 
920,3.32205e-06,4.45599e-06,3.01966e-06,50,100,100,224416,1 3 6 11 7 2 9 0 8 5 4 10 
921,3.32764e-06,4.45599e-06,2.95691e-06,50,100,100,224416,1 3 6 11 7 2 9 0 8 5 4 10 
922,3.32352e-06,4.45599e-06,2.98933e-06,50,100,100,224416,1 3 6 11 7 2 9 0 8 5 4 10 
923,3.31095e-06,4.45599e-06,3.00153e-06,50,100,100,224416,1 3 6 11 7 2 9 0 8 5 4 10 
924,3.31476e-06,4.45599e-06,2.95864e-06,50,100,100,224416,1 3 6 11 7 2 9 0 8 5 4 10 
925,3.34376e-06,4.45599e-06,2.92722e-06,50,100,100,224416,1 3 6 11 7 2 9 0 8 5 4 10 
926,3.33721e-06,4.45599e-06,2.91827e-06,50,100,100,224416,1 3 6 11 7 2 9 0 8 5 4 10 
927,3.34916e-06,4.45599e-06,3.02108e-06,50,100,100,224416,1 3 6 11 7 2 9 0 8 5 4 10 
928,3.34051e-06,4.45599e-06,3.04211e-06,50,100,100,224416,1 3 6 11 7 2 9 0 8 5 4 10 
929,3.33412e-06,4.45599e-06,2.97123e-06,50,100,100,224416,1 3 6 11 7 2 9 0 8 5 4 10 
930,3.32044e-06,4.45599e-06,2.9383e-06,50,100,100,224416,1 3 6 11 7 2 9 0 8 5 4 10 
931,3.32441e-06,4.45599e-06,2.98612e-06,50,100,100,224416,1 3 6 11 7 2 9 0 8 5 4 10 
932,3.33689e-06,4.45599e-06,3.00746e-06,50,100,100,224416,1 3 6 11 7 2 9 0 8 5 4 10 
933,3.35826e-06,4.45599e-06,2.93595e-06,50,100,100,224416,1 3 6 11 7 2 9 0 8 5 4 10 
934,3.31859e-06,4.45599e-06,2.96763e-06,50,100,100,224416,1 3 6 11 7 2 9 0 8 5 4 10 
935,3.32069e-06,4.45599e-06,2.96712e-06,50,100,100,224416,1 3 6 11 7 2 9 0 8 5 4 10 
936,3.32534e-06,4.45599e-06,2.94153e-06,50,100,100,224416,1 3 6 11 7 2 9 0 8 5 4 10 
937,3.33169e-06,4.45599e-06,3.00771e-06,50,100,100,224416,1 3 6 11 7 2 9 0 8 5 4 10 
938,3.36327e-06,4.45599e-06,3.04152e-06,50,100,100,224416,1 3 6 11 7 2 9 0 8 5 4 10 
939,3.35316e-06,4.45599e-06,3.0341e-06,50,100,100,224416,1 3 6 11 7 2 9 0 8 5 4 10 
940,3.35037e-06,4.45599e-06,3.00758e-06,50,100,100,224416,1 3 6 11 7 2 9 0 8 5 4 10 
941,3.31778e-06,4.45599e-06,2.99429e-06,50,100,100,224416,1 3 6 11 7 2 9 0 8 5 4 10 
942,3.38085e-06,4.45599e-06,2.997e-06,50,100,100,224416,1 3 6 11 7 2 9 0 8 5 4 10 
943,3.37274e-06,4.45599e-06,2.98133e-06,50,100,100,224416,1 3 6 11 7 2 9 0 8 5 4 10 
944,3.36751e-06,4.45599e-06,3.01962e-06,50,100,100,224416,1 3 6 11 7 2 9 0 8 5 4 10 
945,3.3527e-06,4.45599e-06,3.03843e-06,50,100,100,224416,1 3 6 11 7 2 9 0 8 5 4 10 
946,3.33112e-06,4.45599e-06,2.96601e-06,50,100,100,224416,1 3 6 11 7 2 9 0 8 5 4 10 
947,3.35818e-06,4.45599e-06,3.05505e-06,50,100,100,224416,1 3 6 11 7 2 9 0 8 5 4 10 
948,3.359e-06,4.45599e-06,2.9825e-06,50,100,100,224416,1 3 6 11 7 2 9 0 8 5 4 10 
949,3.32894e-06,4.45599e-06,2.96403e-06,50,100,100,224416,1 3 6 11 7 2 9 0 8 5 4 10 
950,3.32079e-06,4.45599e-06,2.95446e-06,50,100,100,224416,1 3 6 11 7 2 9 0 8 5 4 10 
951,3.33016e-06,4.45599e-06,2.91347e-06,50,100,100,224416,1 3 6 11 7 2 9 0 8 5 4 10 
952,3.3071e-06,4.45599e-06,3.04185e-06,50,100,100,224416,1 3 6 11 7 2 9 0 8 5 4 10 
953,3.3134e-06,4.45599e-06,2.98615e-06,50,100,100,224416,1 3 6 11 7 2 9 0 8 5 4 10 
954,3.32439e-06,4.45599e-06,2.9828e-06,50,100,100,224416,1 3 6 11 7 2 9 0 8 5 4 10 
955,3.31912e-06,4.45599e-06,2.93199e-06,50,100,100,224416,1 3 6 11 7 2 9 0 8 5 4 10 
956,3.32033e-06,4.45599e-06,3.00117e-06,50,100,100,224416,1 3 6 11 7 2 9 0 8 5 4 10 
957,3.3015e-06,4.45599e-06,2.95132e-06,50,100,100,224416,1 3 6 11 7 2 9 0 8 5 4 10 
958,3.299e-06,4.45599e-06,2.95089e-06,50,100,100,224416,1 3 6 11 7 2 9 0 8 5 4 10 
959,3.34269e-06,4.45599e-06,2.89267e-06,50,100,100,224416,1 3 6 11 7 2 9 0 8 5 4 10 
960,3.33728e-06,4.45599e-06,2.9918e-06,50,100,100,224416,1 3 6 11 7 2 9 0 8 5 4 10 
961,3.30634e-06,4.45599e-06,2.95925e-06,50,100,100,224416,1 3 6 11 7 2 9 0 8 5 4 10 
962,3.30747e-06,4.45599e-06,2.94465e-06,50,100,100,224416,1 3 6 11 7 2 9 0 8 5 4 10 
963,3.32569e-06,4.45599e-06,2.98553e-06,50,100,100,224416,1 3 6 11 7 2 9 0 8 5 4 10 
964,3.33915e-06,4.45599e-06,2.97627e-06,50,100,100,224416,1 3 6 11 7 2 9 0 8 5 4 10 
965,3.29082e-06,4.45599e-06,2.95817e-06,50,100,100,224416,1 3 6 11 7 2 9 0 8 5 4 10 
966,3.29713e-06,4.45599e-06,2.91629e-06,50,100,100,224416,1 3 6 11 7 2 9 0 8 5 4 10 
967,3.3017e-06,4.45599e-06,2.96908e-06,50,100,100,224416,1 3 6 11 7 2 9 0 8 5 4 10 
968,3.31478e-06,4.45599e-06,2.98697e-06,50,100,100,224416,1 3 6 11 7 2 9 0 8 5 4 10 
969,3.3138e-06,4.45599e-06,2.99083e-06,50,100,100,224416,1 3 6 11 7 2 9 0 8 5 4 10 
970,3.3141e-06,4.45599e-06,2.94783e-06,50,100,100,224416,1 3 6 11 7 2 9 0 8 5 4 10 
971,3.33986e-06,4.45599e-06,3.02782e-06,50,100,100,224416,1 3 6 11 7 2 9 0 8 5 4 10 
972,3.3403e-06,4.45599e-06,2.96599e-06,50,100,100,224416,1 3 6 11 7 2 9 0 8 5 4 10 
973,3.33584e-06,4.45599e-06,3.01462e-06,50,100,100,224416,1 3 6 11 7 2 9 0 8 5 4 10 
974,3.33419e-06,4.45599e-06,2.99819e-06,50,100,100,224416,1 3 6 11 7 2 9 0 8 5 4 10 
975,3.31175e-06,4.45599e-06,3.00455e-06,50,100,100,224416,1 3 6 11 7 2 9 0 8 5 4 10 
976,3.29582e-06,4.45599e-06,2.95244e-06,50,100,100,224416,1 3 6 11 7 2 9 0 8 5 4 10 
977,3.32535e-06,4.45599e-06,2.98896e-06,50,100,100,224416,1 3 6 11 7 2 9 0 8 5 4 10 
978,3.3299e-06,4.45599e-06,3.0035e-06,50,100,100,224416,1 3 6 11 7 2 9 0 8 5 4 10 
979,3.30396e-06,4.45599e-06,2.93235e-06,50,100,100,224416,1 3 6 11 7 2 9 0 8 5 4 10 
980,3.33175e-06,4.45599e-06,2.94597e-06,50,100,100,224416,1 3 6 11 7 2 9 0 8 5 4 10 
981,3.33711e-06,4.45599e-06,2.90347e-06,50,100,100,224416,1 3 6 11 7 2 9 0 8 5 4 10 
982,3.36914e-06,4.45599e-06,2.9301e-06,50,100,100,224416,1 3 6 11 7 2 9 0 8 5 4 10 
983,3.33632e-06,4.45599e-06,2.9787e-06,50,100,100,224416,1 3 6 11 7 2 9 0 8 5 4 10 
984,3.33882e-06,4.45599e-06,3.06497e-06,50,100,100,224416,1 3 6 11 7 2 9 0 8 5 4 10 
985,3.32148e-06,4.45599e-06,3.02432e-06,50,100,100,224416,1 3 6 11 7 2 9 0 8 5 4 10 
986,3.28056e-06,4.45599e-06,2.92551e-06,50,100,100,224416,1 3 6 11 7 2 9 0 8 5 4 10 
987,3.30838e-06,4.45599e-06,2.96719e-06,50,100,100,224416,1 3 6 11 7 2 9 0 8 5 4 10 
988,3.26861e-06,4.45599e-06,2.96443e-06,50,100,100,224416,1 3 6 11 7 2 9 0 8 5 4 10 
989,3.29339e-06,4.45599e-06,2.9241e-06,50,100,100,224416,1 3 6 11 7 2 9 0 8 5 4 10 
990,3.29677e-06,4.45599e-06,2.94769e-06,50,100,100,224416,1 3 6 11 7 2 9 0 8 5 4 10 
991,3.31289e-06,4.45599e-06,2.94004e-06,50,100,100,224416,1 3 6 11 7 2 9 0 8 5 4 10 
992,3.3182e-06,4.45599e-06,3.01079e-06,50,100,100,224416,1 3 6 11 7 2 9 0 8 5 4 10 
993,3.29395e-06,4.45599e-06,2.92475e-06,50,100,100,224416,1 3 6 11 7 2 9 0 8 5 4 10 
994,3.30355e-06,4.45599e-06,3.00265e-06,50,100,100,224416,1 3 6 11 7 2 9 0 8 5 4 10 
995,3.32984e-06,4.45599e-06,2.91822e-06,50,100,100,224416,1 3 6 11 7 2 9 0 8 5 4 10 
996,3.33047e-06,4.45599e-06,2.98163e-06,50,100,100,224416,1 3 6 11 7 2 9 0 8 5 4 10 
997,3.33244e-06,4.45599e-06,3.02408e-06,50,100,100,224416,1 3 6 11 7 2 9 0 8 5 4 10 
998,3.32132e-06,4.45599e-06,2.92725e-06,50,100,100,224416,1 3 6 11 7 2 9 0 8 5 4 10 
999,3.32396e-06,4.45599e-06,2.90069e-06,50,100,100,224416,1 3 6 11 7 2 9 0 8 5 4 10 
