Generación,Media,Mejor,Peor,Cruzas,Mutaciones,Inversiones,Costo,Permutación
1,3.2575e-06,3.86541e-06,2.90565e-06,50,100,100,258704,9 3 11 0 2 4 1 8 5 7 6 10 
2,3.27374e-06,3.86541e-06,2.98749e-06,50,100,100,258704,9 3 11 0 2 4 1 8 5 7 6 10 
3,3.28418e-06,3.86541e-06,2.9894e-06,50,100,100,258704,9 3 11 0 2 4 1 8 5 7 6 10 
4,3.31539e-06,3.86541e-06,2.95465e-06,50,100,100,258704,9 3 11 0 2 4 1 8 5 7 6 10 
5,3.32585e-06,3.86541e-06,2.94774e-06,50,100,100,258704,9 3 11 0 2 4 1 8 5 7 6 10 
6,3.33783e-06,3.86541e-06,2.90988e-06,50,100,100,258704,9 3 11 0 2 4 1 8 5 7 6 10 
7,3.30541e-06,3.86541e-06,3.04467e-06,50,100,100,258704,9 3 11 0 2 4 1 8 5 7 6 10 
8,3.29532e-06,3.89161e-06,2.98705e-06,50,100,100,256962,6 9 5 0 4 11 3 2 1 8 7 10 
9,3.32223e-06,3.89161e-06,2.98496e-06,50,100,100,256962,6 9 5 0 4 11 3 2 1 8 7 10 
10,3.32909e-06,3.89161e-06,2.98901e-06,50,100,100,256962,6 9 5 0 4 11 3 2 1 8 7 10 
11,3.3053e-06,3.89161e-06,2.93481e-06,50,100,100,256962,6 9 5 0 4 11 3 2 1 8 7 10 
12,3.34061e-06,3.89161e-06,3.01913e-06,50,100,100,256962,6 9 5 0 4 11 3 2 1 8 7 10 
13,3.28134e-06,3.89161e-06,2.96008e-06,50,100,100,256962,6 9 5 0 4 11 3 2 1 8 7 10 
14,3.29994e-06,3.89161e-06,3.00697e-06,50,100,100,256962,6 9 5 0 4 11 3 2 1 8 7 10 
15,3.29542e-06,3.89161e-06,2.96259e-06,50,100,100,256962,6 9 5 0 4 11 3 2 1 8 7 10 
16,3.29274e-06,3.89161e-06,3.03274e-06,50,100,100,256962,6 9 5 0 4 11 3 2 1 8 7 10 
17,3.31178e-06,3.89161e-06,2.92671e-06,50,100,100,256962,6 9 5 0 4 11 3 2 1 8 7 10 
18,3.30146e-06,3.89161e-06,2.97033e-06,50,100,100,256962,6 9 5 0 4 11 3 2 1 8 7 10 
19,3.32336e-06,3.89161e-06,2.9888e-06,50,100,100,256962,6 9 5 0 4 11 3 2 1 8 7 10 
20,3.32779e-06,3.89161e-06,2.96707e-06,50,100,100,256962,6 9 5 0 4 11 3 2 1 8 7 10 
21,3.35369e-06,3.89905e-06,3.0427e-06,50,100,100,256472,9 6 2 4 0 11 8 7 10 3 5 1 
22,3.33964e-06,3.89905e-06,2.92036e-06,50,100,100,256472,9 6 2 4 0 11 8 7 10 3 5 1 
23,3.3364e-06,3.89905e-06,2.94423e-06,50,100,100,256472,9 6 2 4 0 11 8 7 10 3 5 1 
24,3.32781e-06,3.89905e-06,3.02883e-06,50,100,100,256472,9 6 2 4 0 11 8 7 10 3 5 1 
25,3.32155e-06,3.89905e-06,2.9949e-06,50,100,100,256472,9 6 2 4 0 11 8 7 10 3 5 1 
26,3.34006e-06,3.96613e-06,2.99415e-06,50,100,100,252134,9 6 2 4 0 11 8 3 7 10 5 1 
27,3.36784e-06,3.96613e-06,2.94323e-06,50,100,100,252134,9 6 2 4 0 11 8 3 7 10 5 1 
28,3.33046e-06,3.96613e-06,3.02324e-06,50,100,100,252134,9 6 2 4 0 11 8 3 7 10 5 1 
29,3.3399e-06,3.96613e-06,2.97123e-06,50,100,100,252134,9 6 2 4 0 11 8 3 7 10 5 1 
30,3.3029e-06,3.96613e-06,2.9671e-06,50,100,100,252134,9 6 2 4 0 11 8 3 7 10 5 1 
31,3.32938e-06,3.96613e-06,2.99815e-06,50,100,100,252134,9 6 2 4 0 11 8 3 7 10 5 1 
32,3.33394e-06,3.96613e-06,2.97107e-06,50,100,100,252134,9 6 2 4 0 11 8 3 7 10 5 1 
33,3.35079e-06,3.96613e-06,2.97537e-06,50,100,100,252134,9 6 2 4 0 11 8 3 7 10 5 1 
34,3.38426e-06,3.96613e-06,3.10494e-06,50,100,100,252134,9 6 2 4 0 11 8 3 7 10 5 1 
35,3.35854e-06,3.96613e-06,3.00224e-06,50,100,100,252134,9 6 2 4 0 11 8 3 7 10 5 1 
36,3.36034e-06,3.96613e-06,3.00972e-06,50,100,100,252134,9 6 2 4 0 11 8 3 7 10 5 1 
37,3.35535e-06,3.96613e-06,2.9833e-06,50,100,100,252134,9 6 2 4 0 11 8 3 7 10 5 1 
38,3.35878e-06,3.96613e-06,3.00159e-06,50,100,100,252134,9 6 2 4 0 11 8 3 7 10 5 1 
39,3.35139e-06,3.96613e-06,2.92873e-06,50,100,100,252134,9 6 2 4 0 11 8 3 7 10 5 1 
40,3.35961e-06,3.96613e-06,2.95023e-06,50,100,100,252134,9 6 2 4 0 11 8 3 7 10 5 1 
41,3.37063e-06,3.96613e-06,3.03792e-06,50,100,100,252134,9 6 2 4 0 11 8 3 7 10 5 1 
42,3.36579e-06,3.96613e-06,3.01382e-06,50,100,100,252134,9 6 2 4 0 11 8 3 7 10 5 1 
43,3.33349e-06,3.96613e-06,2.99399e-06,50,100,100,252134,9 6 2 4 0 11 8 3 7 10 5 1 
44,3.37912e-06,3.96613e-06,3.02284e-06,50,100,100,252134,9 6 2 4 0 11 8 3 7 10 5 1 
45,3.35901e-06,3.96613e-06,3.00635e-06,50,100,100,252134,9 6 2 4 0 11 8 3 7 10 5 1 
46,3.41841e-06,3.96613e-06,3.01455e-06,50,100,100,252134,9 6 2 4 0 11 8 3 7 10 5 1 
47,3.43601e-06,3.96613e-06,3.04708e-06,50,100,100,252134,9 6 2 4 0 11 8 3 7 10 5 1 
48,3.40277e-06,3.96613e-06,3.03993e-06,50,100,100,252134,9 6 2 4 0 11 8 3 7 10 5 1 
49,3.41864e-06,3.96613e-06,3.00231e-06,50,100,100,252134,9 6 2 4 0 11 8 3 7 10 5 1 
50,3.44904e-06,3.96613e-06,2.99164e-06,50,100,100,252134,9 6 2 4 0 11 8 3 7 10 5 1 
51,3.45088e-06,3.96613e-06,2.93721e-06,50,100,100,252134,9 6 2 4 0 11 8 3 7 10 5 1 
52,3.43779e-06,3.96613e-06,3.0577e-06,50,100,100,252134,9 6 2 4 0 11 8 3 7 10 5 1 
53,3.47657e-06,3.96613e-06,3.05445e-06,50,100,100,252134,9 6 2 4 0 11 8 3 7 10 5 1 
54,3.4994e-06,4.04467e-06,3.12521e-06,50,100,100,247238,9 6 2 4 0 11 8 3 10 7 5 1 
55,3.48896e-06,4.04467e-06,3.08124e-06,50,100,100,247238,9 6 2 4 0 11 8 3 10 7 5 1 
56,3.43168e-06,4.04467e-06,3.0364e-06,50,100,100,247238,9 6 2 4 0 11 8 3 10 7 5 1 
57,3.461e-06,4.04467e-06,3.05076e-06,50,100,100,247238,9 6 2 4 0 11 8 3 10 7 5 1 
58,3.46037e-06,4.04467e-06,3.02205e-06,50,100,100,247238,9 6 2 4 0 11 8 3 10 7 5 1 
59,3.48355e-06,4.04467e-06,3.07266e-06,50,100,100,247238,9 6 2 4 0 11 8 3 10 7 5 1 
60,3.46821e-06,4.04467e-06,2.99316e-06,50,100,100,247238,9 6 2 4 0 11 8 3 10 7 5 1 
61,3.48443e-06,4.04467e-06,3.0068e-06,50,100,100,247238,9 6 2 4 0 11 8 3 10 7 5 1 
62,3.5245e-06,4.04467e-06,3.03997e-06,50,100,100,247238,9 6 2 4 0 11 8 3 10 7 5 1 
63,3.53175e-06,4.13741e-06,2.92248e-06,50,100,100,241696,9 6 2 4 0 11 7 3 10 8 5 1 
64,3.55911e-06,4.13741e-06,3.02401e-06,50,100,100,241696,9 6 2 4 0 11 7 3 10 8 5 1 
65,3.55848e-06,4.13741e-06,3.09212e-06,50,100,100,241696,9 6 2 4 0 11 7 3 10 8 5 1 
66,3.5595e-06,4.13741e-06,3.10629e-06,50,100,100,241696,9 6 2 4 0 11 7 3 10 8 5 1 
67,3.60435e-06,4.13741e-06,2.99713e-06,50,100,100,241696,9 6 2 4 0 11 7 3 10 8 5 1 
68,3.61852e-06,4.13741e-06,3.10261e-06,50,100,100,241696,9 6 2 4 0 11 7 3 10 8 5 1 
69,3.58586e-06,4.13741e-06,3.0854e-06,50,100,100,241696,9 6 2 4 0 11 7 3 10 8 5 1 
70,3.58278e-06,4.13741e-06,3.08036e-06,50,100,100,241696,9 6 2 4 0 11 7 3 10 8 5 1 
71,3.56809e-06,4.13741e-06,3.02452e-06,50,100,100,241696,9 6 2 4 0 11 7 3 10 8 5 1 
72,3.58491e-06,4.13741e-06,3.02532e-06,50,100,100,241696,9 6 2 4 0 11 7 3 10 8 5 1 
73,3.59662e-06,4.13741e-06,2.99012e-06,50,100,100,241696,9 6 2 4 0 11 7 3 10 8 5 1 
74,3.58769e-06,4.13741e-06,3.09254e-06,50,100,100,241696,9 6 2 4 0 11 7 3 10 8 5 1 
75,3.59498e-06,4.13741e-06,3.10558e-06,50,100,100,241696,9 6 2 4 0 11 7 3 10 8 5 1 
76,3.59428e-06,4.13741e-06,3.09023e-06,50,100,100,241696,9 6 2 4 0 11 7 3 10 8 5 1 
77,3.59165e-06,4.13741e-06,2.99355e-06,50,100,100,241696,9 6 2 4 0 11 7 3 10 8 5 1 
78,3.60248e-06,4.13741e-06,3.09089e-06,50,100,100,241696,9 6 2 4 0 11 7 3 10 8 5 1 
79,3.58332e-06,4.13741e-06,3.03947e-06,50,100,100,241696,9 6 2 4 0 11 7 3 10 8 5 1 
80,3.61568e-06,4.13741e-06,3.07455e-06,50,100,100,241696,9 6 2 4 0 11 7 3 10 8 5 1 
81,3.60653e-06,4.13741e-06,3.08053e-06,50,100,100,241696,9 6 2 4 0 11 7 3 10 8 5 1 
82,3.59315e-06,4.13741e-06,3.05755e-06,50,100,100,241696,9 6 2 4 0 11 7 3 10 8 5 1 
83,3.59035e-06,4.13741e-06,3.05048e-06,50,100,100,241696,9 6 2 4 0 11 7 3 10 8 5 1 
84,3.62449e-06,4.13741e-06,3.11452e-06,50,100,100,241696,9 6 2 4 0 11 7 3 10 8 5 1 
85,3.56248e-06,4.13741e-06,3.11971e-06,50,100,100,241696,9 6 2 4 0 11 7 3 10 8 5 1 
86,3.57477e-06,4.13741e-06,2.97425e-06,50,100,100,241696,9 6 2 4 0 11 7 3 10 8 5 1 
87,3.57459e-06,4.13741e-06,3.05933e-06,50,100,100,241696,9 6 2 4 0 11 7 3 10 8 5 1 
88,3.56201e-06,4.13741e-06,3.06908e-06,50,100,100,241696,9 6 2 4 0 11 7 3 10 8 5 1 
89,3.57824e-06,4.13741e-06,2.93418e-06,50,100,100,241696,9 6 2 4 0 11 7 3 10 8 5 1 
90,3.57922e-06,4.13741e-06,3.07676e-06,50,100,100,241696,9 6 2 4 0 11 7 3 10 8 5 1 
91,3.5606e-06,4.13741e-06,3.08904e-06,50,100,100,241696,9 6 2 4 0 11 7 3 10 8 5 1 
92,3.60316e-06,4.13741e-06,3.04719e-06,50,100,100,241696,9 6 2 4 0 11 7 3 10 8 5 1 
93,3.64287e-06,4.13741e-06,3.14924e-06,50,100,100,241696,9 6 2 4 0 11 7 3 10 8 5 1 
94,3.59223e-06,4.13741e-06,3.03956e-06,50,100,100,241696,9 6 2 4 0 11 7 3 10 8 5 1 
95,3.63649e-06,4.13741e-06,3.07657e-06,50,100,100,241696,9 6 2 4 0 11 7 3 10 8 5 1 
96,3.64542e-06,4.13741e-06,3.11762e-06,50,100,100,241696,9 6 2 4 0 11 7 3 10 8 5 1 
97,3.64761e-06,4.13741e-06,3.08439e-06,50,100,100,241696,9 6 2 4 0 11 7 3 10 8 5 1 
98,3.61006e-06,4.13741e-06,3.09856e-06,50,100,100,241696,9 6 2 4 0 11 7 3 10 8 5 1 
99,3.55686e-06,4.13741e-06,3.02105e-06,50,100,100,241696,9 6 2 4 0 11 7 3 10 8 5 1 
100,3.55786e-06,4.13741e-06,3.03033e-06,50,100,100,241696,9 6 2 4 0 11 7 3 10 8 5 1 
101,3.58853e-06,4.13741e-06,3.07219e-06,50,100,100,241696,9 6 2 4 0 11 7 3 10 8 5 1 
102,3.58178e-06,4.13741e-06,2.95221e-06,50,100,100,241696,9 6 2 4 0 11 7 3 10 8 5 1 
103,3.63405e-06,4.13741e-06,3.16567e-06,50,100,100,241696,9 6 2 4 0 11 7 3 10 8 5 1 
104,3.65598e-06,4.13741e-06,3.0091e-06,50,100,100,241696,9 6 2 4 0 11 7 3 10 8 5 1 
105,3.62416e-06,4.13741e-06,2.99189e-06,50,100,100,241696,9 6 2 4 0 11 7 3 10 8 5 1 
106,3.57401e-06,4.13741e-06,3.09371e-06,50,100,100,241696,9 6 2 4 0 11 7 3 10 8 5 1 
107,3.5953e-06,4.13741e-06,3.09875e-06,50,100,100,241696,9 6 2 4 0 11 7 3 10 8 5 1 
108,3.62253e-06,4.13741e-06,3.0006e-06,50,100,100,241696,9 6 2 4 0 11 7 3 10 8 5 1 
109,3.57976e-06,4.13741e-06,3.0693e-06,50,100,100,241696,9 6 2 4 0 11 7 3 10 8 5 1 
110,3.61181e-06,4.13741e-06,3.17119e-06,50,100,100,241696,9 6 2 4 0 11 7 3 10 8 5 1 
111,3.57088e-06,4.13741e-06,2.93704e-06,50,100,100,241696,9 6 2 4 0 11 7 3 10 8 5 1 
112,3.54978e-06,4.13741e-06,3.04496e-06,50,100,100,241696,9 6 2 4 0 11 7 3 10 8 5 1 
113,3.5748e-06,4.13741e-06,2.98106e-06,50,100,100,241696,9 6 2 4 0 11 7 3 10 8 5 1 
114,3.59592e-06,4.13741e-06,3.053e-06,50,100,100,241696,9 6 2 4 0 11 7 3 10 8 5 1 
115,3.61539e-06,4.13741e-06,3.0694e-06,50,100,100,241696,9 6 2 4 0 11 7 3 10 8 5 1 
116,3.57816e-06,4.13741e-06,3.04167e-06,50,100,100,241696,9 6 2 4 0 11 7 3 10 8 5 1 
117,3.59043e-06,4.13741e-06,3.04719e-06,50,100,100,241696,9 6 2 4 0 11 7 3 10 8 5 1 
118,3.61889e-06,4.13741e-06,2.97538e-06,50,100,100,241696,9 6 2 4 0 11 7 3 10 8 5 1 
119,3.63627e-06,4.13741e-06,2.96814e-06,50,100,100,241696,9 6 2 4 0 11 7 3 10 8 5 1 
120,3.61481e-06,4.13741e-06,3.10475e-06,50,100,100,241696,9 6 2 4 0 11 7 3 10 8 5 1 
121,3.62146e-06,4.13741e-06,3.10286e-06,50,100,100,241696,9 6 2 4 0 11 7 3 10 8 5 1 
122,3.61635e-06,4.13741e-06,3.07811e-06,50,100,100,241696,9 6 2 4 0 11 7 3 10 8 5 1 
123,3.60972e-06,4.13741e-06,3.04267e-06,50,100,100,241696,9 6 2 4 0 11 7 3 10 8 5 1 
124,3.6047e-06,4.13741e-06,3.07428e-06,50,100,100,241696,9 6 2 4 0 11 7 3 10 8 5 1 
125,3.59745e-06,4.13741e-06,3.03349e-06,50,100,100,241696,9 6 2 4 0 11 7 3 10 8 5 1 
126,3.53973e-06,4.13741e-06,3.0203e-06,50,100,100,241696,9 6 2 4 0 11 7 3 10 8 5 1 
127,3.55547e-06,4.13741e-06,3.05766e-06,50,100,100,241696,9 6 2 4 0 11 7 3 10 8 5 1 
128,3.62526e-06,4.13741e-06,3.13357e-06,50,100,100,241696,9 6 2 4 0 11 7 3 10 8 5 1 
129,3.5691e-06,4.13741e-06,3.04172e-06,50,100,100,241696,9 6 2 4 0 11 7 3 10 8 5 1 
130,3.55741e-06,4.13741e-06,3.05746e-06,50,100,100,241696,9 6 2 4 0 11 7 3 10 8 5 1 
131,3.54693e-06,4.13741e-06,3.0524e-06,50,100,100,241696,9 6 2 4 0 11 7 3 10 8 5 1 
132,3.59579e-06,4.13741e-06,3.10518e-06,50,100,100,241696,9 6 2 4 0 11 7 3 10 8 5 1 
133,3.64071e-06,4.13741e-06,3.01607e-06,50,100,100,241696,9 6 2 4 0 11 7 3 10 8 5 1 
134,3.65269e-06,4.13741e-06,3.12745e-06,50,100,100,241696,9 6 2 4 0 11 7 3 10 8 5 1 
135,3.61726e-06,4.13741e-06,3.01046e-06,50,100,100,241696,9 6 2 4 0 11 7 3 10 8 5 1 
136,3.62224e-06,4.13741e-06,3.07888e-06,50,100,100,241696,9 6 2 4 0 11 7 3 10 8 5 1 
137,3.59683e-06,4.13741e-06,3.03427e-06,50,100,100,241696,9 6 2 4 0 11 7 3 10 8 5 1 
138,3.62535e-06,4.13741e-06,3.07362e-06,50,100,100,241696,9 6 2 4 0 11 7 3 10 8 5 1 
139,3.62484e-06,4.13741e-06,3.12228e-06,50,100,100,241696,9 6 2 4 0 11 7 3 10 8 5 1 
140,3.62783e-06,4.13741e-06,3.01465e-06,50,100,100,241696,9 6 2 4 0 11 7 3 10 8 5 1 
141,3.62491e-06,4.13741e-06,3.15234e-06,50,100,100,241696,9 6 2 4 0 11 7 3 10 8 5 1 
142,3.66302e-06,4.13741e-06,3.06524e-06,50,100,100,241696,9 6 2 4 0 11 7 3 10 8 5 1 
143,3.54612e-06,4.13741e-06,2.99209e-06,50,100,100,241696,9 6 2 4 0 11 7 3 10 8 5 1 
144,3.53648e-06,4.13741e-06,3.04193e-06,50,100,100,241696,9 6 2 4 0 11 7 3 10 8 5 1 
145,3.60082e-06,4.13741e-06,3.10425e-06,50,100,100,241696,9 6 2 4 0 11 7 3 10 8 5 1 
146,3.58436e-06,4.13741e-06,2.9925e-06,50,100,100,241696,9 6 2 4 0 11 7 3 10 8 5 1 
147,3.58247e-06,4.13741e-06,3.02694e-06,50,100,100,241696,9 6 2 4 0 11 7 3 10 8 5 1 
148,3.61885e-06,4.13741e-06,3.11117e-06,50,100,100,241696,9 6 2 4 0 11 7 3 10 8 5 1 
149,3.62093e-06,4.13741e-06,3.08794e-06,50,100,100,241696,9 6 2 4 0 11 7 3 10 8 5 1 
150,3.6463e-06,4.13741e-06,3.14964e-06,50,100,100,241696,9 6 2 4 0 11 7 3 10 8 5 1 
151,3.62044e-06,4.13741e-06,3.08384e-06,50,100,100,241696,9 6 2 4 0 11 7 3 10 8 5 1 
152,3.58913e-06,4.13741e-06,3.01884e-06,50,100,100,241696,9 6 2 4 0 11 7 3 10 8 5 1 
153,3.55729e-06,4.13741e-06,3.06804e-06,50,100,100,241696,9 6 2 4 0 11 7 3 10 8 5 1 
154,3.54779e-06,4.13741e-06,3.10406e-06,50,100,100,241696,9 6 2 4 0 11 7 3 10 8 5 1 
155,3.55776e-06,4.13741e-06,3.00679e-06,50,100,100,241696,9 6 2 4 0 11 7 3 10 8 5 1 
156,3.60076e-06,4.13741e-06,3.10052e-06,50,100,100,241696,9 6 2 4 0 11 7 3 10 8 5 1 
157,3.56986e-06,4.13741e-06,3.00388e-06,50,100,100,241696,9 6 2 4 0 11 7 3 10 8 5 1 
158,3.59036e-06,4.13741e-06,3.06182e-06,50,100,100,241696,9 6 2 4 0 11 7 3 10 8 5 1 
159,3.59845e-06,4.13741e-06,3.04953e-06,50,100,100,241696,9 6 2 4 0 11 7 3 10 8 5 1 
160,3.58701e-06,4.13741e-06,2.99451e-06,50,100,100,241696,9 6 2 4 0 11 7 3 10 8 5 1 
161,3.59256e-06,4.13741e-06,2.96552e-06,50,100,100,241696,9 6 2 4 0 11 7 3 10 8 5 1 
162,3.59702e-06,4.13741e-06,3.07476e-06,50,100,100,241696,9 6 2 4 0 11 7 3 10 8 5 1 
163,3.58067e-06,4.13741e-06,3.02403e-06,50,100,100,241696,9 6 2 4 0 11 7 3 10 8 5 1 
164,3.52552e-06,4.13741e-06,2.97778e-06,50,100,100,241696,9 6 2 4 0 11 7 3 10 8 5 1 
165,3.57362e-06,4.13741e-06,3.03841e-06,50,100,100,241696,9 6 2 4 0 11 7 3 10 8 5 1 
166,3.56516e-06,4.13741e-06,2.99993e-06,50,100,100,241696,9 6 2 4 0 11 7 3 10 8 5 1 
167,3.58729e-06,4.13741e-06,3.0961e-06,50,100,100,241696,9 6 2 4 0 11 7 3 10 8 5 1 
168,3.57373e-06,4.13741e-06,3.05697e-06,50,100,100,241696,9 6 2 4 0 11 7 3 10 8 5 1 
169,3.56319e-06,4.13741e-06,3.04597e-06,50,100,100,241696,9 6 2 4 0 11 7 3 10 8 5 1 
170,3.55289e-06,4.13741e-06,3.10464e-06,50,100,100,241696,9 6 2 4 0 11 7 3 10 8 5 1 
171,3.55637e-06,4.13741e-06,3.05408e-06,50,100,100,241696,9 6 2 4 0 11 7 3 10 8 5 1 
172,3.57461e-06,4.13741e-06,3.06744e-06,50,100,100,241696,9 6 2 4 0 11 7 3 10 8 5 1 
173,3.57827e-06,4.13741e-06,3.00988e-06,50,100,100,241696,9 6 2 4 0 11 7 3 10 8 5 1 
174,3.5657e-06,4.13741e-06,3.10248e-06,50,100,100,241696,9 6 2 4 0 11 7 3 10 8 5 1 
175,3.56048e-06,4.13741e-06,3.01882e-06,50,100,100,241696,9 6 2 4 0 11 7 3 10 8 5 1 
176,3.54374e-06,4.13741e-06,3.11609e-06,50,100,100,241696,9 6 2 4 0 11 7 3 10 8 5 1 
177,3.55419e-06,4.13741e-06,3.0707e-06,50,100,100,241696,9 6 2 4 0 11 7 3 10 8 5 1 
178,3.55574e-06,4.13741e-06,3.08601e-06,50,100,100,241696,9 6 2 4 0 11 7 3 10 8 5 1 
179,3.5503e-06,4.13741e-06,3.06293e-06,50,100,100,241696,9 6 2 4 0 11 7 3 10 8 5 1 
180,3.52294e-06,4.13741e-06,3.03486e-06,50,100,100,241696,9 6 2 4 0 11 7 3 10 8 5 1 
181,3.56061e-06,4.13741e-06,3.07264e-06,50,100,100,241696,9 6 2 4 0 11 7 3 10 8 5 1 
182,3.53012e-06,4.13741e-06,3.026e-06,50,100,100,241696,9 6 2 4 0 11 7 3 10 8 5 1 
183,3.55597e-06,4.13741e-06,3.00063e-06,50,100,100,241696,9 6 2 4 0 11 7 3 10 8 5 1 
184,3.51282e-06,4.13741e-06,3.06595e-06,50,100,100,241696,9 6 2 4 0 11 7 3 10 8 5 1 
185,3.55189e-06,4.13741e-06,3.08126e-06,50,100,100,241696,9 6 2 4 0 11 7 3 10 8 5 1 
186,3.58738e-06,4.13741e-06,3.06193e-06,50,100,100,241696,9 6 2 4 0 11 7 3 10 8 5 1 
187,3.59026e-06,4.13741e-06,3.04587e-06,50,100,100,241696,9 6 2 4 0 11 7 3 10 8 5 1 
188,3.59083e-06,4.13741e-06,3.08131e-06,50,100,100,241696,9 6 2 4 0 11 7 3 10 8 5 1 
189,3.56344e-06,4.13741e-06,3.10855e-06,50,100,100,241696,9 6 2 4 0 11 7 3 10 8 5 1 
190,3.52966e-06,4.13741e-06,3.11091e-06,50,100,100,241696,9 6 2 4 0 11 7 3 10 8 5 1 
191,3.55018e-06,4.13741e-06,2.99451e-06,50,100,100,241696,9 6 2 4 0 11 7 3 10 8 5 1 
192,3.5544e-06,4.13741e-06,3.05585e-06,50,100,100,241696,9 6 2 4 0 11 7 3 10 8 5 1 
193,3.52547e-06,4.13741e-06,2.99664e-06,50,100,100,241696,9 6 2 4 0 11 7 3 10 8 5 1 
194,3.56879e-06,4.13741e-06,3.04764e-06,50,100,100,241696,9 6 2 4 0 11 7 3 10 8 5 1 
195,3.59888e-06,4.13741e-06,3.13341e-06,50,100,100,241696,9 6 2 4 0 11 7 3 10 8 5 1 
196,3.60068e-06,4.13741e-06,3.04519e-06,50,100,100,241696,9 6 2 4 0 11 7 3 10 8 5 1 
197,3.59651e-06,4.13741e-06,2.98933e-06,50,100,100,241696,9 6 2 4 0 11 7 3 10 8 5 1 
198,3.63013e-06,4.13741e-06,3.08375e-06,50,100,100,241696,9 6 2 4 0 11 7 3 10 8 5 1 
199,3.57975e-06,4.13741e-06,3.05175e-06,50,100,100,241696,9 6 2 4 0 11 7 3 10 8 5 1 
200,3.60698e-06,4.13741e-06,3.05959e-06,50,100,100,241696,9 6 2 4 0 11 7 3 10 8 5 1 
201,3.5743e-06,4.13741e-06,2.99936e-06,50,100,100,241696,9 6 2 4 0 11 7 3 10 8 5 1 
202,3.59885e-06,4.13741e-06,3.04883e-06,50,100,100,241696,9 6 2 4 0 11 7 3 10 8 5 1 
203,3.59248e-06,4.13741e-06,3.07427e-06,50,100,100,241696,9 6 2 4 0 11 7 3 10 8 5 1 
204,3.53521e-06,4.13741e-06,3.05328e-06,50,100,100,241696,9 6 2 4 0 11 7 3 10 8 5 1 
205,3.5168e-06,4.13741e-06,2.98097e-06,50,100,100,241696,9 6 2 4 0 11 7 3 10 8 5 1 
206,3.54377e-06,4.13741e-06,3.07546e-06,50,100,100,241696,9 6 2 4 0 11 7 3 10 8 5 1 
207,3.57399e-06,4.13741e-06,3.07298e-06,50,100,100,241696,9 6 2 4 0 11 7 3 10 8 5 1 
208,3.59556e-06,4.13741e-06,3.04435e-06,50,100,100,241696,9 6 2 4 0 11 7 3 10 8 5 1 
209,3.64219e-06,4.13741e-06,3.03825e-06,50,100,100,241696,9 6 2 4 0 11 7 3 10 8 5 1 
210,3.64003e-06,4.13741e-06,3.0371e-06,50,100,100,241696,9 6 2 4 0 11 7 3 10 8 5 1 
211,3.62273e-06,4.13741e-06,3.02971e-06,50,100,100,241696,9 6 2 4 0 11 7 3 10 8 5 1 
212,3.58344e-06,4.13741e-06,3.04885e-06,50,100,100,241696,9 6 2 4 0 11 7 3 10 8 5 1 
213,3.62177e-06,4.13741e-06,3.01004e-06,50,100,100,241696,9 6 2 4 0 11 7 3 10 8 5 1 
214,3.57495e-06,4.13741e-06,3.02758e-06,50,100,100,241696,9 6 2 4 0 11 7 3 10 8 5 1 
215,3.60975e-06,4.13741e-06,3.10088e-06,50,100,100,241696,9 6 2 4 0 11 7 3 10 8 5 1 
216,3.58481e-06,4.13741e-06,3.00368e-06,50,100,100,241696,9 6 2 4 0 11 7 3 10 8 5 1 
217,3.56974e-06,4.13741e-06,3.09627e-06,50,100,100,241696,9 6 2 4 0 11 7 3 10 8 5 1 
218,3.57122e-06,4.13741e-06,3.08276e-06,50,100,100,241696,9 6 2 4 0 11 7 3 10 8 5 1 
219,3.57999e-06,4.13741e-06,3.03178e-06,50,100,100,241696,9 6 2 4 0 11 7 3 10 8 5 1 
220,3.5754e-06,4.13741e-06,3.12685e-06,50,100,100,241696,9 6 2 4 0 11 7 3 10 8 5 1 
221,3.5518e-06,4.13741e-06,2.96032e-06,50,100,100,241696,9 6 2 4 0 11 7 3 10 8 5 1 
222,3.58414e-06,4.13741e-06,3.10446e-06,50,100,100,241696,9 6 2 4 0 11 7 3 10 8 5 1 
223,3.5791e-06,4.13741e-06,3.04283e-06,50,100,100,241696,9 6 2 4 0 11 7 3 10 8 5 1 
224,3.61107e-06,4.13741e-06,3.0372e-06,50,100,100,241696,9 6 2 4 0 11 7 3 10 8 5 1 
225,3.6359e-06,4.13741e-06,2.99804e-06,50,100,100,241696,9 6 2 4 0 11 7 3 10 8 5 1 
226,3.64827e-06,4.13741e-06,2.9585e-06,50,100,100,241696,9 6 2 4 0 11 7 3 10 8 5 1 
227,3.63066e-06,4.13741e-06,3.07117e-06,50,100,100,241696,9 6 2 4 0 11 7 3 10 8 5 1 
228,3.61e-06,4.13741e-06,3.08794e-06,50,100,100,241696,9 6 2 4 0 11 7 3 10 8 5 1 
229,3.58567e-06,4.13741e-06,3.06216e-06,50,100,100,241696,9 6 2 4 0 11 7 3 10 8 5 1 
230,3.58861e-06,4.13741e-06,3.06072e-06,50,100,100,241696,9 6 2 4 0 11 7 3 10 8 5 1 
231,3.58548e-06,4.13741e-06,3.02562e-06,50,100,100,241696,9 6 2 4 0 11 7 3 10 8 5 1 
232,3.53928e-06,4.13741e-06,3.02938e-06,50,100,100,241696,9 6 2 4 0 11 7 3 10 8 5 1 
233,3.57535e-06,4.13741e-06,3.10873e-06,50,100,100,241696,9 6 2 4 0 11 7 3 10 8 5 1 
234,3.59787e-06,4.13741e-06,2.98028e-06,50,100,100,241696,9 6 2 4 0 11 7 3 10 8 5 1 
235,3.62218e-06,4.13741e-06,3.04519e-06,50,100,100,241696,9 6 2 4 0 11 7 3 10 8 5 1 
236,3.63983e-06,4.13741e-06,3.02085e-06,50,100,100,241696,9 6 2 4 0 11 7 3 10 8 5 1 
237,3.60571e-06,4.13741e-06,3.04521e-06,50,100,100,241696,9 6 2 4 0 11 7 3 10 8 5 1 
238,3.56273e-06,4.13741e-06,3.03854e-06,50,100,100,241696,9 6 2 4 0 11 7 3 10 8 5 1 
239,3.51816e-06,4.13741e-06,3.08346e-06,50,100,100,241696,9 6 2 4 0 11 7 3 10 8 5 1 
240,3.53087e-06,4.13741e-06,3.06263e-06,50,100,100,241696,9 6 2 4 0 11 7 3 10 8 5 1 
241,3.53231e-06,4.13741e-06,3.06449e-06,50,100,100,241696,9 6 2 4 0 11 7 3 10 8 5 1 
242,3.50906e-06,4.13741e-06,2.99923e-06,50,100,100,241696,9 6 2 4 0 11 7 3 10 8 5 1 
243,3.49793e-06,4.13741e-06,3.02174e-06,50,100,100,241696,9 6 2 4 0 11 7 3 10 8 5 1 
244,3.5213e-06,4.13741e-06,3.02158e-06,50,100,100,241696,9 6 2 4 0 11 7 3 10 8 5 1 
245,3.54443e-06,4.13741e-06,3.04246e-06,50,100,100,241696,9 6 2 4 0 11 7 3 10 8 5 1 
246,3.56789e-06,4.13741e-06,3.15212e-06,50,100,100,241696,9 6 2 4 0 11 7 3 10 8 5 1 
247,3.53217e-06,4.13741e-06,2.99648e-06,50,100,100,241696,9 6 2 4 0 11 7 3 10 8 5 1 
248,3.53412e-06,4.13741e-06,2.9567e-06,50,100,100,241696,9 6 2 4 0 11 7 3 10 8 5 1 
249,3.51759e-06,4.13741e-06,3.02351e-06,50,100,100,241696,9 6 2 4 0 11 7 3 10 8 5 1 
250,3.53455e-06,4.13741e-06,3.0329e-06,50,100,100,241696,9 6 2 4 0 11 7 3 10 8 5 1 
251,3.59251e-06,4.13741e-06,2.9806e-06,50,100,100,241696,9 6 2 4 0 11 7 3 10 8 5 1 
252,3.5889e-06,4.13741e-06,3.08927e-06,50,100,100,241696,9 6 2 4 0 11 7 3 10 8 5 1 
253,3.59169e-06,4.13741e-06,3.06265e-06,50,100,100,241696,9 6 2 4 0 11 7 3 10 8 5 1 
254,3.53823e-06,4.13741e-06,3.00029e-06,50,100,100,241696,9 6 2 4 0 11 7 3 10 8 5 1 
255,3.54319e-06,4.13741e-06,3.05456e-06,50,100,100,241696,9 6 2 4 0 11 7 3 10 8 5 1 
256,3.52233e-06,4.13741e-06,3.07741e-06,50,100,100,241696,9 6 2 4 0 11 7 3 10 8 5 1 
257,3.54835e-06,4.13741e-06,3.07576e-06,50,100,100,241696,9 6 2 4 0 11 7 3 10 8 5 1 
258,3.57687e-06,4.13741e-06,3.11165e-06,50,100,100,241696,9 6 2 4 0 11 7 3 10 8 5 1 
259,3.5824e-06,4.13741e-06,3.053e-06,50,100,100,241696,9 6 2 4 0 11 7 3 10 8 5 1 
260,3.55482e-06,4.13741e-06,3.01247e-06,50,100,100,241696,9 6 2 4 0 11 7 3 10 8 5 1 
261,3.59704e-06,4.13741e-06,3.02908e-06,50,100,100,241696,9 6 2 4 0 11 7 3 10 8 5 1 
262,3.58888e-06,4.13741e-06,3.053e-06,50,100,100,241696,9 6 2 4 0 11 7 3 10 8 5 1 
263,3.59117e-06,4.13741e-06,3.06642e-06,50,100,100,241696,9 6 2 4 0 11 7 3 10 8 5 1 
264,3.594e-06,4.13741e-06,2.96686e-06,50,100,100,241696,9 6 2 4 0 11 7 3 10 8 5 1 
265,3.59455e-06,4.13741e-06,3.10927e-06,50,100,100,241696,9 6 2 4 0 11 7 3 10 8 5 1 
266,3.57483e-06,4.13741e-06,3.03906e-06,50,100,100,241696,9 6 2 4 0 11 7 3 10 8 5 1 
267,3.56752e-06,4.13741e-06,3.06193e-06,50,100,100,241696,9 6 2 4 0 11 7 3 10 8 5 1 
268,3.5623e-06,4.13741e-06,3.06896e-06,50,100,100,241696,9 6 2 4 0 11 7 3 10 8 5 1 
269,3.54461e-06,4.13741e-06,3.09066e-06,50,100,100,241696,9 6 2 4 0 11 7 3 10 8 5 1 
270,3.56286e-06,4.13741e-06,3.00231e-06,50,100,100,241696,9 6 2 4 0 11 7 3 10 8 5 1 
271,3.56547e-06,4.13741e-06,3.0908e-06,50,100,100,241696,9 6 2 4 0 11 7 3 10 8 5 1 
272,3.59643e-06,4.13741e-06,3.04011e-06,50,100,100,241696,9 6 2 4 0 11 7 3 10 8 5 1 
273,3.62805e-06,4.13741e-06,3.09399e-06,50,100,100,241696,9 6 2 4 0 11 7 3 10 8 5 1 
274,3.61388e-06,4.13741e-06,3.02646e-06,50,100,100,241696,9 6 2 4 0 11 7 3 10 8 5 1 
275,3.54675e-06,4.13741e-06,3.12163e-06,50,100,100,241696,9 6 2 4 0 11 7 3 10 8 5 1 
276,3.59173e-06,4.13741e-06,3.1514e-06,50,100,100,241696,9 6 2 4 0 11 7 3 10 8 5 1 
277,3.53012e-06,4.13741e-06,3.03543e-06,50,100,100,241696,9 6 2 4 0 11 7 3 10 8 5 1 
278,3.56574e-06,4.13741e-06,3.07811e-06,50,100,100,241696,9 6 2 4 0 11 7 3 10 8 5 1 
279,3.54212e-06,4.13741e-06,3.08963e-06,50,100,100,241696,9 6 2 4 0 11 7 3 10 8 5 1 
280,3.59821e-06,4.13741e-06,3.044e-06,50,100,100,241696,9 6 2 4 0 11 7 3 10 8 5 1 
281,3.58229e-06,4.13741e-06,3.12316e-06,50,100,100,241696,9 6 2 4 0 11 7 3 10 8 5 1 
282,3.56717e-06,4.13741e-06,3.04745e-06,50,100,100,241696,9 6 2 4 0 11 7 3 10 8 5 1 
283,3.57707e-06,4.13741e-06,3.07087e-06,50,100,100,241696,9 6 2 4 0 11 7 3 10 8 5 1 
284,3.58731e-06,4.13741e-06,3.01404e-06,50,100,100,241696,9 6 2 4 0 11 7 3 10 8 5 1 
285,3.62088e-06,4.13741e-06,3.04779e-06,50,100,100,241696,9 6 2 4 0 11 7 3 10 8 5 1 
286,3.61433e-06,4.13741e-06,3.10286e-06,50,100,100,241696,9 6 2 4 0 11 7 3 10 8 5 1 
287,3.57871e-06,4.13741e-06,3.15319e-06,50,100,100,241696,9 6 2 4 0 11 7 3 10 8 5 1 
288,3.61394e-06,4.13741e-06,3.13182e-06,50,100,100,241696,9 6 2 4 0 11 7 3 10 8 5 1 
289,3.61212e-06,4.13741e-06,3.04625e-06,50,100,100,241696,9 6 2 4 0 11 7 3 10 8 5 1 
290,3.59785e-06,4.13741e-06,3.13015e-06,50,100,100,241696,9 6 2 4 0 11 7 3 10 8 5 1 
291,3.56934e-06,4.13741e-06,3.06928e-06,50,100,100,241696,9 6 2 4 0 11 7 3 10 8 5 1 
292,3.58535e-06,4.13741e-06,3.12507e-06,50,100,100,241696,9 6 2 4 0 11 7 3 10 8 5 1 
293,3.66657e-06,4.13741e-06,3.18625e-06,50,100,100,241696,9 6 2 4 0 11 7 3 10 8 5 1 
294,3.61612e-06,4.13741e-06,3.10437e-06,50,100,100,241696,9 6 2 4 0 11 7 3 10 8 5 1 
295,3.57129e-06,4.13741e-06,3.01447e-06,50,100,100,241696,9 6 2 4 0 11 7 3 10 8 5 1 
296,3.56575e-06,4.13741e-06,2.99185e-06,50,100,100,241696,9 6 2 4 0 11 7 3 10 8 5 1 
297,3.5762e-06,4.13741e-06,3.0779e-06,50,100,100,241696,9 6 2 4 0 11 7 3 10 8 5 1 
298,3.57288e-06,4.13741e-06,2.98549e-06,50,100,100,241696,9 6 2 4 0 11 7 3 10 8 5 1 
299,3.56468e-06,4.13741e-06,3.03771e-06,50,100,100,241696,9 6 2 4 0 11 7 3 10 8 5 1 
300,3.55533e-06,4.13741e-06,3.1429e-06,50,100,100,241696,9 6 2 4 0 11 7 3 10 8 5 1 
301,3.51909e-06,4.13741e-06,3.06614e-06,50,100,100,241696,9 6 2 4 0 11 7 3 10 8 5 1 
302,3.56084e-06,4.13741e-06,3.06315e-06,50,100,100,241696,9 6 2 4 0 11 7 3 10 8 5 1 
303,3.55445e-06,4.13741e-06,3.13756e-06,50,100,100,241696,9 6 2 4 0 11 7 3 10 8 5 1 
304,3.59449e-06,4.13741e-06,3.0337e-06,50,100,100,241696,9 6 2 4 0 11 7 3 10 8 5 1 
305,3.56319e-06,4.13741e-06,3.05352e-06,50,100,100,241696,9 6 2 4 0 11 7 3 10 8 5 1 
306,3.57216e-06,4.13741e-06,3.00393e-06,50,100,100,241696,9 6 2 4 0 11 7 3 10 8 5 1 
307,3.55486e-06,4.13741e-06,3.1272e-06,50,100,100,241696,9 6 2 4 0 11 7 3 10 8 5 1 
308,3.5444e-06,4.13741e-06,3.05965e-06,50,100,100,241696,9 6 2 4 0 11 7 3 10 8 5 1 
309,3.52921e-06,4.13741e-06,3.02245e-06,50,100,100,241696,9 6 2 4 0 11 7 3 10 8 5 1 
310,3.5112e-06,4.13741e-06,3.00195e-06,50,100,100,241696,9 6 2 4 0 11 7 3 10 8 5 1 
311,3.51884e-06,4.13741e-06,3.05937e-06,50,100,100,241696,9 6 2 4 0 11 7 3 10 8 5 1 
312,3.48704e-06,4.13741e-06,2.98617e-06,50,100,100,241696,9 6 2 4 0 11 7 3 10 8 5 1 
313,3.51639e-06,4.13741e-06,3.02351e-06,50,100,100,241696,9 6 2 4 0 11 7 3 10 8 5 1 
314,3.51867e-06,4.13741e-06,3.02624e-06,50,100,100,241696,9 6 2 4 0 11 7 3 10 8 5 1 
315,3.55571e-06,4.13741e-06,3.07832e-06,50,100,100,241696,9 6 2 4 0 11 7 3 10 8 5 1 
316,3.57703e-06,4.13741e-06,3.08877e-06,50,100,100,241696,9 6 2 4 0 11 7 3 10 8 5 1 
317,3.60028e-06,4.13741e-06,3.05733e-06,50,100,100,241696,9 6 2 4 0 11 7 3 10 8 5 1 
318,3.56515e-06,4.13741e-06,3.01962e-06,50,100,100,241696,9 6 2 4 0 11 7 3 10 8 5 1 
319,3.58649e-06,4.13741e-06,3.10975e-06,50,100,100,241696,9 6 2 4 0 11 7 3 10 8 5 1 
320,3.59231e-06,4.13741e-06,3.0418e-06,50,100,100,241696,9 6 2 4 0 11 7 3 10 8 5 1 
321,3.60542e-06,4.13741e-06,3.11687e-06,50,100,100,241696,9 6 2 4 0 11 7 3 10 8 5 1 
322,3.61792e-06,4.13741e-06,3.10591e-06,50,100,100,241696,9 6 2 4 0 11 7 3 10 8 5 1 
323,3.64409e-06,4.13741e-06,3.08546e-06,50,100,100,241696,9 6 2 4 0 11 7 3 10 8 5 1 
324,3.62541e-06,4.13741e-06,3.09867e-06,50,100,100,241696,9 6 2 4 0 11 7 3 10 8 5 1 
325,3.60808e-06,4.13741e-06,3.03991e-06,50,100,100,241696,9 6 2 4 0 11 7 3 10 8 5 1 
326,3.59823e-06,4.13741e-06,3.06432e-06,50,100,100,241696,9 6 2 4 0 11 7 3 10 8 5 1 
327,3.63453e-06,4.13741e-06,3.10052e-06,50,100,100,241696,9 6 2 4 0 11 7 3 10 8 5 1 
328,3.61867e-06,4.13741e-06,2.99567e-06,50,100,100,241696,9 6 2 4 0 11 7 3 10 8 5 1 
329,3.61626e-06,4.13741e-06,2.95303e-06,50,100,100,241696,9 6 2 4 0 11 7 3 10 8 5 1 
330,3.56944e-06,4.13741e-06,3.03993e-06,50,100,100,241696,9 6 2 4 0 11 7 3 10 8 5 1 
331,3.58743e-06,4.13741e-06,3.10689e-06,50,100,100,241696,9 6 2 4 0 11 7 3 10 8 5 1 
332,3.54347e-06,4.13741e-06,3.05221e-06,50,100,100,241696,9 6 2 4 0 11 7 3 10 8 5 1 
333,3.55112e-06,4.13741e-06,3.03893e-06,50,100,100,241696,9 6 2 4 0 11 7 3 10 8 5 1 
334,3.51192e-06,4.13741e-06,3.13402e-06,50,100,100,241696,9 6 2 4 0 11 7 3 10 8 5 1 
335,3.53493e-06,4.13741e-06,3.02587e-06,50,100,100,241696,9 6 2 4 0 11 7 3 10 8 5 1 
336,3.53231e-06,4.13741e-06,3.07398e-06,50,100,100,241696,9 6 2 4 0 11 7 3 10 8 5 1 
337,3.56867e-06,4.13741e-06,3.01575e-06,50,100,100,241696,9 6 2 4 0 11 7 3 10 8 5 1 
338,3.59237e-06,4.13741e-06,3.08344e-06,50,100,100,241696,9 6 2 4 0 11 7 3 10 8 5 1 
339,3.6316e-06,4.13741e-06,3.08965e-06,50,100,100,241696,9 6 2 4 0 11 7 3 10 8 5 1 
340,3.63917e-06,4.13741e-06,3.1156e-06,50,100,100,241696,9 6 2 4 0 11 7 3 10 8 5 1 
341,3.6076e-06,4.13741e-06,3.12749e-06,50,100,100,241696,9 6 2 4 0 11 7 3 10 8 5 1 
342,3.6272e-06,4.13741e-06,3.09103e-06,50,100,100,241696,9 6 2 4 0 11 7 3 10 8 5 1 
343,3.59657e-06,4.13741e-06,3.06345e-06,50,100,100,241696,9 6 2 4 0 11 7 3 10 8 5 1 
344,3.60526e-06,4.13741e-06,2.91403e-06,50,100,100,241696,9 6 2 4 0 11 7 3 10 8 5 1 
345,3.6606e-06,4.13741e-06,3.00927e-06,50,100,100,241696,9 6 2 4 0 11 7 3 10 8 5 1 
346,3.61435e-06,4.13741e-06,2.96552e-06,50,100,100,241696,9 6 2 4 0 11 7 3 10 8 5 1 
347,3.64453e-06,4.13741e-06,2.97865e-06,50,100,100,241696,9 6 2 4 0 11 7 3 10 8 5 1 
348,3.58606e-06,4.13741e-06,3.02606e-06,50,100,100,241696,9 6 2 4 0 11 7 3 10 8 5 1 
349,3.61949e-06,4.13741e-06,3.03276e-06,50,100,100,241696,9 6 2 4 0 11 7 3 10 8 5 1 
350,3.54536e-06,4.13741e-06,2.99617e-06,50,100,100,241696,9 6 2 4 0 11 7 3 10 8 5 1 
351,3.58754e-06,4.13741e-06,2.94333e-06,50,100,100,241696,9 6 2 4 0 11 7 3 10 8 5 1 
352,3.63067e-06,4.13741e-06,3.11858e-06,50,100,100,241696,9 6 2 4 0 11 7 3 10 8 5 1 
353,3.60481e-06,4.13741e-06,2.9438e-06,50,100,100,241696,9 6 2 4 0 11 7 3 10 8 5 1 
354,3.61724e-06,4.13741e-06,3.11541e-06,50,100,100,241696,9 6 2 4 0 11 7 3 10 8 5 1 
355,3.6142e-06,4.13741e-06,3.10435e-06,50,100,100,241696,9 6 2 4 0 11 7 3 10 8 5 1 
356,3.58048e-06,4.13741e-06,3.05518e-06,50,100,100,241696,9 6 2 4 0 11 7 3 10 8 5 1 
357,3.63813e-06,4.13741e-06,3.13553e-06,50,100,100,241696,9 6 2 4 0 11 7 3 10 8 5 1 
358,3.57832e-06,4.13741e-06,2.94269e-06,50,100,100,241696,9 6 2 4 0 11 7 3 10 8 5 1 
359,3.57804e-06,4.13741e-06,3.08921e-06,50,100,100,241696,9 6 2 4 0 11 7 3 10 8 5 1 
360,3.58618e-06,4.13741e-06,3.05965e-06,50,100,100,241696,9 6 2 4 0 11 7 3 10 8 5 1 
361,3.58349e-06,4.13741e-06,2.98639e-06,50,100,100,241696,9 6 2 4 0 11 7 3 10 8 5 1 
362,3.57813e-06,4.13741e-06,2.99583e-06,50,100,100,241696,9 6 2 4 0 11 7 3 10 8 5 1 
363,3.61102e-06,4.13741e-06,3.12599e-06,50,100,100,241696,9 6 2 4 0 11 7 3 10 8 5 1 
364,3.57306e-06,4.13741e-06,2.95399e-06,50,100,100,241696,9 6 2 4 0 11 7 3 10 8 5 1 
365,3.57828e-06,4.13741e-06,3.05123e-06,50,100,100,241696,9 6 2 4 0 11 7 3 10 8 5 1 
366,3.56762e-06,4.13741e-06,3.06736e-06,50,100,100,241696,9 6 2 4 0 11 7 3 10 8 5 1 
367,3.58014e-06,4.13741e-06,3.08004e-06,50,100,100,241696,9 6 2 4 0 11 7 3 10 8 5 1 
368,3.57016e-06,4.13741e-06,3.05972e-06,50,100,100,241696,9 6 2 4 0 11 7 3 10 8 5 1 
369,3.51638e-06,4.13741e-06,3.14097e-06,50,100,100,241696,9 6 2 4 0 11 7 3 10 8 5 1 
370,3.56562e-06,4.13741e-06,3.12396e-06,50,100,100,241696,9 6 2 4 0 11 7 3 10 8 5 1 
371,3.62109e-06,4.13741e-06,3.00595e-06,50,100,100,241696,9 6 2 4 0 11 7 3 10 8 5 1 
372,3.65458e-06,4.13741e-06,2.95091e-06,50,100,100,241696,9 6 2 4 0 11 7 3 10 8 5 1 
373,3.62553e-06,4.13741e-06,3.0947e-06,50,100,100,241696,9 6 2 4 0 11 7 3 10 8 5 1 
374,3.62064e-06,4.13741e-06,2.98204e-06,50,100,100,241696,9 6 2 4 0 11 7 3 10 8 5 1 
375,3.54714e-06,4.13741e-06,2.99332e-06,50,100,100,241696,9 6 2 4 0 11 7 3 10 8 5 1 
376,3.57138e-06,4.13741e-06,3.15377e-06,50,100,100,241696,9 6 2 4 0 11 7 3 10 8 5 1 
377,3.59843e-06,4.13741e-06,3.02868e-06,50,100,100,241696,9 6 2 4 0 11 7 3 10 8 5 1 
378,3.61371e-06,4.13741e-06,3.17982e-06,50,100,100,241696,9 6 2 4 0 11 7 3 10 8 5 1 
379,3.57376e-06,4.13741e-06,3.07828e-06,50,100,100,241696,9 6 2 4 0 11 7 3 10 8 5 1 
380,3.57468e-06,4.13741e-06,3.02932e-06,50,100,100,241696,9 6 2 4 0 11 7 3 10 8 5 1 
381,3.5372e-06,4.13741e-06,3.05482e-06,50,100,100,241696,9 6 2 4 0 11 7 3 10 8 5 1 
382,3.54109e-06,4.13741e-06,3.11382e-06,50,100,100,241696,9 6 2 4 0 11 7 3 10 8 5 1 
383,3.5392e-06,4.13741e-06,3.08677e-06,50,100,100,241696,9 6 2 4 0 11 7 3 10 8 5 1 
384,3.55804e-06,4.13741e-06,3.02848e-06,50,100,100,241696,9 6 2 4 0 11 7 3 10 8 5 1 
385,3.56372e-06,4.13741e-06,3.04576e-06,50,100,100,241696,9 6 2 4 0 11 7 3 10 8 5 1 
386,3.55365e-06,4.13741e-06,2.96635e-06,50,100,100,241696,9 6 2 4 0 11 7 3 10 8 5 1 
387,3.55414e-06,4.13741e-06,3.05496e-06,50,100,100,241696,9 6 2 4 0 11 7 3 10 8 5 1 
388,3.56293e-06,4.13741e-06,3.04963e-06,50,100,100,241696,9 6 2 4 0 11 7 3 10 8 5 1 
389,3.53864e-06,4.13741e-06,3.11382e-06,50,100,100,241696,9 6 2 4 0 11 7 3 10 8 5 1 
390,3.54425e-06,4.13741e-06,2.9721e-06,50,100,100,241696,9 6 2 4 0 11 7 3 10 8 5 1 
391,3.54217e-06,4.13741e-06,3.0771e-06,50,100,100,241696,9 6 2 4 0 11 7 3 10 8 5 1 
392,3.56905e-06,4.13741e-06,3.04881e-06,50,100,100,241696,9 6 2 4 0 11 7 3 10 8 5 1 
393,3.57343e-06,4.13741e-06,3.04587e-06,50,100,100,241696,9 6 2 4 0 11 7 3 10 8 5 1 
394,3.53089e-06,4.13741e-06,3.0458e-06,50,100,100,241696,9 6 2 4 0 11 7 3 10 8 5 1 
395,3.57951e-06,4.13741e-06,2.99053e-06,50,100,100,241696,9 6 2 4 0 11 7 3 10 8 5 1 
396,3.58959e-06,4.13741e-06,2.98908e-06,50,100,100,241696,9 6 2 4 0 11 7 3 10 8 5 1 
397,3.60239e-06,4.13741e-06,3.12896e-06,50,100,100,241696,9 6 2 4 0 11 7 3 10 8 5 1 
398,3.58146e-06,4.13741e-06,3.06584e-06,50,100,100,241696,9 6 2 4 0 11 7 3 10 8 5 1 
399,3.61336e-06,4.13741e-06,3.12031e-06,50,100,100,241696,9 6 2 4 0 11 7 3 10 8 5 1 
400,3.61864e-06,4.13741e-06,2.98229e-06,50,100,100,241696,9 6 2 4 0 11 7 3 10 8 5 1 
401,3.61222e-06,4.13741e-06,3.08546e-06,50,100,100,241696,9 6 2 4 0 11 7 3 10 8 5 1 
402,3.59413e-06,4.13741e-06,3.11157e-06,50,100,100,241696,9 6 2 4 0 11 7 3 10 8 5 1 
403,3.63397e-06,4.13741e-06,3.17986e-06,50,100,100,241696,9 6 2 4 0 11 7 3 10 8 5 1 
404,3.6609e-06,4.13741e-06,3.02231e-06,50,100,100,241696,9 6 2 4 0 11 7 3 10 8 5 1 
405,3.64537e-06,4.13741e-06,3.01924e-06,50,100,100,241696,9 6 2 4 0 11 7 3 10 8 5 1 
406,3.64283e-06,4.13741e-06,3.14644e-06,50,100,100,241696,9 6 2 4 0 11 7 3 10 8 5 1 
407,3.56253e-06,4.13741e-06,3.00838e-06,50,100,100,241696,9 6 2 4 0 11 7 3 10 8 5 1 
408,3.55857e-06,4.13741e-06,2.98344e-06,50,100,100,241696,9 6 2 4 0 11 7 3 10 8 5 1 
409,3.53829e-06,4.13741e-06,3.04756e-06,50,100,100,241696,9 6 2 4 0 11 7 3 10 8 5 1 
410,3.53559e-06,4.13741e-06,3.04309e-06,50,100,100,241696,9 6 2 4 0 11 7 3 10 8 5 1 
411,3.54936e-06,4.13741e-06,3.00626e-06,50,100,100,241696,9 6 2 4 0 11 7 3 10 8 5 1 
412,3.55143e-06,4.13741e-06,2.96952e-06,50,100,100,241696,9 6 2 4 0 11 7 3 10 8 5 1 
413,3.57247e-06,4.13741e-06,3.0847e-06,50,100,100,241696,9 6 2 4 0 11 7 3 10 8 5 1 
414,3.61427e-06,4.13741e-06,3.10906e-06,50,100,100,241696,9 6 2 4 0 11 7 3 10 8 5 1 
415,3.5037e-06,4.13741e-06,3.05363e-06,50,100,100,241696,9 6 2 4 0 11 7 3 10 8 5 1 
416,3.53097e-06,4.13741e-06,3.07705e-06,50,100,100,241696,9 6 2 4 0 11 7 3 10 8 5 1 
417,3.55593e-06,4.13741e-06,2.99912e-06,50,100,100,241696,9 6 2 4 0 11 7 3 10 8 5 1 
418,3.50333e-06,4.13741e-06,2.96846e-06,50,100,100,241696,9 6 2 4 0 11 7 3 10 8 5 1 
419,3.5058e-06,4.13741e-06,3.0831e-06,50,100,100,241696,9 6 2 4 0 11 7 3 10 8 5 1 
420,3.52663e-06,4.13741e-06,2.99894e-06,50,100,100,241696,9 6 2 4 0 11 7 3 10 8 5 1 
421,3.6086e-06,4.13741e-06,3.02728e-06,50,100,100,241696,9 6 2 4 0 11 7 3 10 8 5 1 
422,3.59165e-06,4.13741e-06,2.97554e-06,50,100,100,241696,9 6 2 4 0 11 7 3 10 8 5 1 
423,3.59249e-06,4.13741e-06,2.96825e-06,50,100,100,241696,9 6 2 4 0 11 7 3 10 8 5 1 
424,3.60136e-06,4.13741e-06,3.17361e-06,50,100,100,241696,9 6 2 4 0 11 7 3 10 8 5 1 
425,3.58409e-06,4.13741e-06,3.08308e-06,50,100,100,241696,9 6 2 4 0 11 7 3 10 8 5 1 
426,3.53575e-06,4.13741e-06,3.00581e-06,50,100,100,241696,9 6 2 4 0 11 7 3 10 8 5 1 
427,3.56014e-06,4.13741e-06,3.0809e-06,50,100,100,241696,9 6 2 4 0 11 7 3 10 8 5 1 
428,3.62327e-06,4.13741e-06,3.04078e-06,50,100,100,241696,9 6 2 4 0 11 7 3 10 8 5 1 
429,3.56322e-06,4.13741e-06,3.02034e-06,50,100,100,241696,9 6 2 4 0 11 7 3 10 8 5 1 
430,3.60088e-06,4.13741e-06,2.89787e-06,50,100,100,241696,9 6 2 4 0 11 7 3 10 8 5 1 
431,3.56507e-06,4.13741e-06,3.08397e-06,50,100,100,241696,9 6 2 4 0 11 7 3 10 8 5 1 
432,3.5298e-06,4.13741e-06,2.93266e-06,50,100,100,241696,9 6 2 4 0 11 7 3 10 8 5 1 
433,3.54579e-06,4.13741e-06,3.09298e-06,50,100,100,241696,9 6 2 4 0 11 7 3 10 8 5 1 
434,3.5507e-06,4.13741e-06,3.11101e-06,50,100,100,241696,9 6 2 4 0 11 7 3 10 8 5 1 
435,3.52981e-06,4.13741e-06,3.01962e-06,50,100,100,241696,9 6 2 4 0 11 7 3 10 8 5 1 
436,3.5022e-06,4.13741e-06,3.00849e-06,50,100,100,241696,9 6 2 4 0 11 7 3 10 8 5 1 
437,3.53046e-06,4.13741e-06,3.0811e-06,50,100,100,241696,9 6 2 4 0 11 7 3 10 8 5 1 
438,3.5249e-06,4.13741e-06,3.07601e-06,50,100,100,241696,9 6 2 4 0 11 7 3 10 8 5 1 
439,3.5062e-06,4.13741e-06,3.01144e-06,50,100,100,241696,9 6 2 4 0 11 7 3 10 8 5 1 
440,3.50581e-06,4.13741e-06,3.0546e-06,50,100,100,241696,9 6 2 4 0 11 7 3 10 8 5 1 
441,3.52251e-06,4.13741e-06,3.08843e-06,50,100,100,241696,9 6 2 4 0 11 7 3 10 8 5 1 
442,3.53301e-06,4.13741e-06,3.09955e-06,50,100,100,241696,9 6 2 4 0 11 7 3 10 8 5 1 
443,3.55132e-06,4.13741e-06,3.04333e-06,50,100,100,241696,9 6 2 4 0 11 7 3 10 8 5 1 
444,3.53889e-06,4.13741e-06,3.10892e-06,50,100,100,241696,9 6 2 4 0 11 7 3 10 8 5 1 
445,3.50281e-06,4.13741e-06,3.02608e-06,50,100,100,241696,9 6 2 4 0 11 7 3 10 8 5 1 
446,3.50157e-06,4.13741e-06,3.08904e-06,50,100,100,241696,9 6 2 4 0 11 7 3 10 8 5 1 
447,3.50332e-06,4.13741e-06,3.0497e-06,50,100,100,241696,9 6 2 4 0 11 7 3 10 8 5 1 
448,3.51931e-06,4.13741e-06,3.05808e-06,50,100,100,241696,9 6 2 4 0 11 7 3 10 8 5 1 
449,3.51115e-06,4.13741e-06,3.06526e-06,50,100,100,241696,9 6 2 4 0 11 7 3 10 8 5 1 
450,3.53715e-06,4.13741e-06,3.04237e-06,50,100,100,241696,9 6 2 4 0 11 7 3 10 8 5 1 
451,3.58343e-06,4.13741e-06,3.04673e-06,50,100,100,241696,9 6 2 4 0 11 7 3 10 8 5 1 
452,3.55692e-06,4.13741e-06,2.99734e-06,50,100,100,241696,9 6 2 4 0 11 7 3 10 8 5 1 
453,3.61326e-06,4.13741e-06,3.02866e-06,50,100,100,241696,9 6 2 4 0 11 7 3 10 8 5 1 
454,3.53988e-06,4.13741e-06,3.04257e-06,50,100,100,241696,9 6 2 4 0 11 7 3 10 8 5 1 
455,3.57285e-06,4.13741e-06,3.08769e-06,50,100,100,241696,9 6 2 4 0 11 7 3 10 8 5 1 
456,3.59946e-06,4.13741e-06,3.06757e-06,50,100,100,241696,9 6 2 4 0 11 7 3 10 8 5 1 
457,3.59146e-06,4.13741e-06,3.02092e-06,50,100,100,241696,9 6 2 4 0 11 7 3 10 8 5 1 
458,3.61579e-06,4.13741e-06,3.18485e-06,50,100,100,241696,9 6 2 4 0 11 7 3 10 8 5 1 
459,3.57047e-06,4.13741e-06,3.07512e-06,50,100,100,241696,9 6 2 4 0 11 7 3 10 8 5 1 
460,3.60195e-06,4.13741e-06,3.15937e-06,50,100,100,241696,9 6 2 4 0 11 7 3 10 8 5 1 
461,3.58291e-06,4.13741e-06,3.02591e-06,50,100,100,241696,9 6 2 4 0 11 7 3 10 8 5 1 
462,3.59826e-06,4.13741e-06,3.03094e-06,50,100,100,241696,9 6 2 4 0 11 7 3 10 8 5 1 
463,3.61637e-06,4.13741e-06,2.98492e-06,50,100,100,241696,9 6 2 4 0 11 7 3 10 8 5 1 
464,3.62931e-06,4.13741e-06,3.1019e-06,50,100,100,241696,9 6 2 4 0 11 7 3 10 8 5 1 
465,3.62356e-06,4.13741e-06,3.09627e-06,50,100,100,241696,9 6 2 4 0 11 7 3 10 8 5 1 
466,3.57114e-06,4.13741e-06,3.10358e-06,50,100,100,241696,9 6 2 4 0 11 7 3 10 8 5 1 
467,3.56116e-06,4.13741e-06,2.99736e-06,50,100,100,241696,9 6 2 4 0 11 7 3 10 8 5 1 
468,3.57358e-06,4.13741e-06,3.04257e-06,50,100,100,241696,9 6 2 4 0 11 7 3 10 8 5 1 
469,3.55283e-06,4.13741e-06,2.97691e-06,50,100,100,241696,9 6 2 4 0 11 7 3 10 8 5 1 
470,3.55096e-06,4.13741e-06,3.00612e-06,50,100,100,241696,9 6 2 4 0 11 7 3 10 8 5 1 
471,3.62386e-06,4.13741e-06,3.05978e-06,50,100,100,241696,9 6 2 4 0 11 7 3 10 8 5 1 
472,3.60995e-06,4.13741e-06,3.04756e-06,50,100,100,241696,9 6 2 4 0 11 7 3 10 8 5 1 
473,3.60803e-06,4.13741e-06,3.1375e-06,50,100,100,241696,9 6 2 4 0 11 7 3 10 8 5 1 
474,3.60769e-06,4.13741e-06,3.06064e-06,50,100,100,241696,9 6 2 4 0 11 7 3 10 8 5 1 
475,3.60294e-06,4.13741e-06,3.0744e-06,50,100,100,241696,9 6 2 4 0 11 7 3 10 8 5 1 
476,3.55231e-06,4.13741e-06,3.03744e-06,50,100,100,241696,9 6 2 4 0 11 7 3 10 8 5 1 
477,3.55971e-06,4.13741e-06,2.93093e-06,50,100,100,241696,9 6 2 4 0 11 7 3 10 8 5 1 
478,3.59336e-06,4.13741e-06,3.00946e-06,50,100,100,241696,9 6 2 4 0 11 7 3 10 8 5 1 
479,3.53354e-06,4.13741e-06,2.9903e-06,50,100,100,241696,9 6 2 4 0 11 7 3 10 8 5 1 
480,3.56162e-06,4.13741e-06,3.03324e-06,50,100,100,241696,9 6 2 4 0 11 7 3 10 8 5 1 
481,3.53753e-06,4.13741e-06,3.02476e-06,50,100,100,241696,9 6 2 4 0 11 7 3 10 8 5 1 
482,3.52386e-06,4.13741e-06,3.06405e-06,50,100,100,241696,9 6 2 4 0 11 7 3 10 8 5 1 
483,3.5813e-06,4.13741e-06,3.03125e-06,50,100,100,241696,9 6 2 4 0 11 7 3 10 8 5 1 
484,3.54717e-06,4.13741e-06,3.06847e-06,50,100,100,241696,9 6 2 4 0 11 7 3 10 8 5 1 
485,3.5628e-06,4.13741e-06,2.97254e-06,50,100,100,241696,9 6 2 4 0 11 7 3 10 8 5 1 
486,3.57224e-06,4.13741e-06,3.11368e-06,50,100,100,241696,9 6 2 4 0 11 7 3 10 8 5 1 
487,3.5646e-06,4.13741e-06,3.01873e-06,50,100,100,241696,9 6 2 4 0 11 7 3 10 8 5 1 
488,3.58409e-06,4.13741e-06,2.99511e-06,50,100,100,241696,9 6 2 4 0 11 7 3 10 8 5 1 
489,3.54328e-06,4.13741e-06,3.00787e-06,50,100,100,241696,9 6 2 4 0 11 7 3 10 8 5 1 
490,3.58315e-06,4.13741e-06,3.06237e-06,50,100,100,241696,9 6 2 4 0 11 7 3 10 8 5 1 
491,3.58501e-06,4.13741e-06,3.14813e-06,50,100,100,241696,9 6 2 4 0 11 7 3 10 8 5 1 
492,3.54754e-06,4.13741e-06,3.03173e-06,50,100,100,241696,9 6 2 4 0 11 7 3 10 8 5 1 
493,3.58923e-06,4.13741e-06,2.99529e-06,50,100,100,241696,9 6 2 4 0 11 7 3 10 8 5 1 
494,3.6087e-06,4.13741e-06,3.19496e-06,50,100,100,241696,9 6 2 4 0 11 7 3 10 8 5 1 
495,3.57426e-06,4.13741e-06,3.09879e-06,50,100,100,241696,9 6 2 4 0 11 7 3 10 8 5 1 
496,3.59327e-06,4.13741e-06,3.05296e-06,50,100,100,241696,9 6 2 4 0 11 7 3 10 8 5 1 
497,3.6062e-06,4.13741e-06,3.04261e-06,50,100,100,241696,9 6 2 4 0 11 7 3 10 8 5 1 
498,3.58357e-06,4.13741e-06,3.05901e-06,50,100,100,241696,9 6 2 4 0 11 7 3 10 8 5 1 
499,3.60246e-06,4.13741e-06,3.06915e-06,50,100,100,241696,9 6 2 4 0 11 7 3 10 8 5 1 
500,3.5791e-06,4.13741e-06,3.10925e-06,50,100,100,241696,9 6 2 4 0 11 7 3 10 8 5 1 
501,3.56488e-06,4.13741e-06,3.01771e-06,50,100,100,241696,9 6 2 4 0 11 7 3 10 8 5 1 
502,3.57481e-06,4.13741e-06,2.92269e-06,50,100,100,241696,9 6 2 4 0 11 7 3 10 8 5 1 
503,3.60796e-06,4.13741e-06,3.01942e-06,50,100,100,241696,9 6 2 4 0 11 7 3 10 8 5 1 
504,3.62352e-06,4.13741e-06,3.08816e-06,50,100,100,241696,9 6 2 4 0 11 7 3 10 8 5 1 
505,3.62494e-06,4.13741e-06,3.11312e-06,50,100,100,241696,9 6 2 4 0 11 7 3 10 8 5 1 
506,3.60894e-06,4.13741e-06,3.09635e-06,50,100,100,241696,9 6 2 4 0 11 7 3 10 8 5 1 
507,3.66554e-06,4.13741e-06,3.07053e-06,50,100,100,241696,9 6 2 4 0 11 7 3 10 8 5 1 
508,3.64478e-06,4.13741e-06,3.06804e-06,50,100,100,241696,9 6 2 4 0 11 7 3 10 8 5 1 
509,3.58242e-06,4.13741e-06,3.02324e-06,50,100,100,241696,9 6 2 4 0 11 7 3 10 8 5 1 
510,3.57012e-06,4.13741e-06,3.04324e-06,50,100,100,241696,9 6 2 4 0 11 7 3 10 8 5 1 
511,3.5737e-06,4.13741e-06,3.0706e-06,50,100,100,241696,9 6 2 4 0 11 7 3 10 8 5 1 
512,3.58401e-06,4.13741e-06,3.13483e-06,50,100,100,241696,9 6 2 4 0 11 7 3 10 8 5 1 
513,3.58543e-06,4.13741e-06,3.08824e-06,50,100,100,241696,9 6 2 4 0 11 7 3 10 8 5 1 
514,3.60363e-06,4.13741e-06,3.02894e-06,50,100,100,241696,9 6 2 4 0 11 7 3 10 8 5 1 
515,3.56939e-06,4.13741e-06,3.1124e-06,50,100,100,241696,9 6 2 4 0 11 7 3 10 8 5 1 
516,3.59798e-06,4.13741e-06,3.16097e-06,50,100,100,241696,9 6 2 4 0 11 7 3 10 8 5 1 
517,3.60768e-06,4.13741e-06,3.09506e-06,50,100,100,241696,9 6 2 4 0 11 7 3 10 8 5 1 
518,3.57257e-06,4.13741e-06,3.01604e-06,50,100,100,241696,9 6 2 4 0 11 7 3 10 8 5 1 
519,3.64784e-06,4.13741e-06,3.11819e-06,50,100,100,241696,9 6 2 4 0 11 7 3 10 8 5 1 
520,3.6012e-06,4.13741e-06,3.09173e-06,50,100,100,241696,9 6 2 4 0 11 7 3 10 8 5 1 
521,3.60764e-06,4.13741e-06,3.06027e-06,50,100,100,241696,9 6 2 4 0 11 7 3 10 8 5 1 
522,3.58743e-06,4.13741e-06,3.08843e-06,50,100,100,241696,9 6 2 4 0 11 7 3 10 8 5 1 
523,3.58613e-06,4.13741e-06,3.0694e-06,50,100,100,241696,9 6 2 4 0 11 7 3 10 8 5 1 
524,3.57042e-06,4.13741e-06,3.05929e-06,50,100,100,241696,9 6 2 4 0 11 7 3 10 8 5 1 
525,3.56887e-06,4.13741e-06,2.9933e-06,50,100,100,241696,9 6 2 4 0 11 7 3 10 8 5 1 
526,3.56443e-06,4.13741e-06,3.0138e-06,50,100,100,241696,9 6 2 4 0 11 7 3 10 8 5 1 
527,3.51482e-06,4.13741e-06,2.98023e-06,50,100,100,241696,9 6 2 4 0 11 7 3 10 8 5 1 
528,3.54464e-06,4.13741e-06,3.11262e-06,50,100,100,241696,9 6 2 4 0 11 7 3 10 8 5 1 
529,3.54158e-06,4.13741e-06,3.02908e-06,50,100,100,241696,9 6 2 4 0 11 7 3 10 8 5 1 
530,3.55758e-06,4.13741e-06,3.11277e-06,50,100,100,241696,9 6 2 4 0 11 7 3 10 8 5 1 
531,3.4977e-06,4.13741e-06,3.11219e-06,50,100,100,241696,9 6 2 4 0 11 7 3 10 8 5 1 
532,3.51947e-06,4.13741e-06,2.95962e-06,50,100,100,241696,9 6 2 4 0 11 7 3 10 8 5 1 
533,3.54468e-06,4.13741e-06,3.06928e-06,50,100,100,241696,9 6 2 4 0 11 7 3 10 8 5 1 
534,3.57179e-06,4.13741e-06,3.09395e-06,50,100,100,241696,9 6 2 4 0 11 7 3 10 8 5 1 
535,3.54546e-06,4.13741e-06,3.03987e-06,50,100,100,241696,9 6 2 4 0 11 7 3 10 8 5 1 
536,3.56652e-06,4.13741e-06,3.0276e-06,50,100,100,241696,9 6 2 4 0 11 7 3 10 8 5 1 
537,3.5674e-06,4.13741e-06,3.01715e-06,50,100,100,241696,9 6 2 4 0 11 7 3 10 8 5 1 
538,3.58768e-06,4.13741e-06,3.06047e-06,50,100,100,241696,9 6 2 4 0 11 7 3 10 8 5 1 
539,3.565e-06,4.13741e-06,3.03167e-06,50,100,100,241696,9 6 2 4 0 11 7 3 10 8 5 1 
540,3.60388e-06,4.13741e-06,3.02595e-06,50,100,100,241696,9 6 2 4 0 11 7 3 10 8 5 1 
541,3.57259e-06,4.13741e-06,3.02606e-06,50,100,100,241696,9 6 2 4 0 11 7 3 10 8 5 1 
542,3.5624e-06,4.13741e-06,2.93759e-06,50,100,100,241696,9 6 2 4 0 11 7 3 10 8 5 1 
543,3.58026e-06,4.13741e-06,3.04935e-06,50,100,100,241696,9 6 2 4 0 11 7 3 10 8 5 1 
544,3.54386e-06,4.13741e-06,3.04979e-06,50,100,100,241696,9 6 2 4 0 11 7 3 10 8 5 1 
545,3.60266e-06,4.13741e-06,3.10186e-06,50,100,100,241696,9 6 2 4 0 11 7 3 10 8 5 1 
546,3.60865e-06,4.13741e-06,3.10132e-06,50,100,100,241696,9 6 2 4 0 11 7 3 10 8 5 1 
547,3.63557e-06,4.13741e-06,3.02227e-06,50,100,100,241696,9 6 2 4 0 11 7 3 10 8 5 1 
548,3.66215e-06,4.13741e-06,3.10635e-06,50,100,100,241696,9 6 2 4 0 11 7 3 10 8 5 1 
549,3.63955e-06,4.13741e-06,3.06836e-06,50,100,100,241696,9 6 2 4 0 11 7 3 10 8 5 1 
550,3.61406e-06,4.13741e-06,3.11823e-06,50,100,100,241696,9 6 2 4 0 11 7 3 10 8 5 1 
551,3.60992e-06,4.13741e-06,3.03379e-06,50,100,100,241696,9 6 2 4 0 11 7 3 10 8 5 1 
552,3.60805e-06,4.13741e-06,3.02092e-06,50,100,100,241696,9 6 2 4 0 11 7 3 10 8 5 1 
553,3.56811e-06,4.13741e-06,3.06484e-06,50,100,100,241696,9 6 2 4 0 11 7 3 10 8 5 1 
554,3.55087e-06,4.13741e-06,2.99555e-06,50,100,100,241696,9 6 2 4 0 11 7 3 10 8 5 1 
555,3.55645e-06,4.13741e-06,3.05037e-06,50,100,100,241696,9 6 2 4 0 11 7 3 10 8 5 1 
556,3.55499e-06,4.13741e-06,3.00709e-06,50,100,100,241696,9 6 2 4 0 11 7 3 10 8 5 1 
557,3.55896e-06,4.13741e-06,3.11784e-06,50,100,100,241696,9 6 2 4 0 11 7 3 10 8 5 1 
558,3.51101e-06,4.13741e-06,3.02346e-06,50,100,100,241696,9 6 2 4 0 11 7 3 10 8 5 1 
559,3.52935e-06,4.13741e-06,3.08291e-06,50,100,100,241696,9 6 2 4 0 11 7 3 10 8 5 1 
560,3.52702e-06,4.13741e-06,2.96554e-06,50,100,100,241696,9 6 2 4 0 11 7 3 10 8 5 1 
561,3.53126e-06,4.13741e-06,3.00474e-06,50,100,100,241696,9 6 2 4 0 11 7 3 10 8 5 1 
562,3.5397e-06,4.13741e-06,3.04396e-06,50,100,100,241696,9 6 2 4 0 11 7 3 10 8 5 1 
563,3.62423e-06,4.13741e-06,3.06347e-06,50,100,100,241696,9 6 2 4 0 11 7 3 10 8 5 1 
564,3.60638e-06,4.13741e-06,3.08226e-06,50,100,100,241696,9 6 2 4 0 11 7 3 10 8 5 1 
565,3.60509e-06,4.13741e-06,3.02468e-06,50,100,100,241696,9 6 2 4 0 11 7 3 10 8 5 1 
566,3.62522e-06,4.13741e-06,3.03379e-06,50,100,100,241696,9 6 2 4 0 11 7 3 10 8 5 1 
567,3.60965e-06,4.13741e-06,3.13725e-06,50,100,100,241696,9 6 2 4 0 11 7 3 10 8 5 1 
568,3.60931e-06,4.13741e-06,3.03533e-06,50,100,100,241696,9 6 2 4 0 11 7 3 10 8 5 1 
569,3.61518e-06,4.13741e-06,3.01926e-06,50,100,100,241696,9 6 2 4 0 11 7 3 10 8 5 1 
570,3.58367e-06,4.13741e-06,3.08491e-06,50,100,100,241696,9 6 2 4 0 11 7 3 10 8 5 1 
571,3.60368e-06,4.13741e-06,3.10419e-06,50,100,100,241696,9 6 2 4 0 11 7 3 10 8 5 1 
572,3.56019e-06,4.13741e-06,3.0911e-06,50,100,100,241696,9 6 2 4 0 11 7 3 10 8 5 1 
573,3.58143e-06,4.13741e-06,3.03947e-06,50,100,100,241696,9 6 2 4 0 11 7 3 10 8 5 1 
574,3.58827e-06,4.13741e-06,3.15851e-06,50,100,100,241696,9 6 2 4 0 11 7 3 10 8 5 1 
575,3.58299e-06,4.13741e-06,3.12996e-06,50,100,100,241696,9 6 2 4 0 11 7 3 10 8 5 1 
576,3.58752e-06,4.13741e-06,3.02717e-06,50,100,100,241696,9 6 2 4 0 11 7 3 10 8 5 1 
577,3.59997e-06,4.13741e-06,3.08834e-06,50,100,100,241696,9 6 2 4 0 11 7 3 10 8 5 1 
578,3.54679e-06,4.13741e-06,3.07644e-06,50,100,100,241696,9 6 2 4 0 11 7 3 10 8 5 1 
579,3.61619e-06,4.13741e-06,3.12624e-06,50,100,100,241696,9 6 2 4 0 11 7 3 10 8 5 1 
580,3.5644e-06,4.13741e-06,3.05331e-06,50,100,100,241696,9 6 2 4 0 11 7 3 10 8 5 1 
581,3.58866e-06,4.13741e-06,3.05965e-06,50,100,100,241696,9 6 2 4 0 11 7 3 10 8 5 1 
582,3.57823e-06,4.13741e-06,3.07642e-06,50,100,100,241696,9 6 2 4 0 11 7 3 10 8 5 1 
583,3.56784e-06,4.13741e-06,3.02249e-06,50,100,100,241696,9 6 2 4 0 11 7 3 10 8 5 1 
584,3.55534e-06,4.13741e-06,3.00787e-06,50,100,100,241696,9 6 2 4 0 11 7 3 10 8 5 1 
585,3.54375e-06,4.13741e-06,3.07236e-06,50,100,100,241696,9 6 2 4 0 11 7 3 10 8 5 1 
586,3.58467e-06,4.13741e-06,3.11397e-06,50,100,100,241696,9 6 2 4 0 11 7 3 10 8 5 1 
587,3.52558e-06,4.13741e-06,2.96563e-06,50,100,100,241696,9 6 2 4 0 11 7 3 10 8 5 1 
588,3.516e-06,4.13741e-06,3.07283e-06,50,100,100,241696,9 6 2 4 0 11 7 3 10 8 5 1 
589,3.54718e-06,4.13741e-06,3.10627e-06,50,100,100,241696,9 6 2 4 0 11 7 3 10 8 5 1 
590,3.56822e-06,4.13741e-06,3.08948e-06,50,100,100,241696,9 6 2 4 0 11 7 3 10 8 5 1 
591,3.59738e-06,4.13741e-06,3.16671e-06,50,100,100,241696,9 6 2 4 0 11 7 3 10 8 5 1 
592,3.57578e-06,4.13741e-06,3.02868e-06,50,100,100,241696,9 6 2 4 0 11 7 3 10 8 5 1 
593,3.59779e-06,4.13741e-06,3.10354e-06,50,100,100,241696,9 6 2 4 0 11 7 3 10 8 5 1 
594,3.6174e-06,4.13741e-06,3.06426e-06,50,100,100,241696,9 6 2 4 0 11 7 3 10 8 5 1 
595,3.62704e-06,4.13741e-06,3.11357e-06,50,100,100,241696,9 6 2 4 0 11 7 3 10 8 5 1 
596,3.6388e-06,4.13741e-06,3.13172e-06,50,100,100,241696,9 6 2 4 0 11 7 3 10 8 5 1 
597,3.59712e-06,4.13741e-06,3.079e-06,50,100,100,241696,9 6 2 4 0 11 7 3 10 8 5 1 
598,3.57651e-06,4.13741e-06,3.01531e-06,50,100,100,241696,9 6 2 4 0 11 7 3 10 8 5 1 
599,3.5575e-06,4.13741e-06,3.05933e-06,50,100,100,241696,9 6 2 4 0 11 7 3 10 8 5 1 
600,3.59221e-06,4.13741e-06,3.01716e-06,50,100,100,241696,9 6 2 4 0 11 7 3 10 8 5 1 
601,3.54515e-06,4.13741e-06,3.08864e-06,50,100,100,241696,9 6 2 4 0 11 7 3 10 8 5 1 
602,3.5502e-06,4.13741e-06,3.12601e-06,50,100,100,241696,9 6 2 4 0 11 7 3 10 8 5 1 
603,3.52765e-06,4.13741e-06,3.10053e-06,50,100,100,241696,9 6 2 4 0 11 7 3 10 8 5 1 
604,3.52443e-06,4.13741e-06,3.08605e-06,50,100,100,241696,9 6 2 4 0 11 7 3 10 8 5 1 
605,3.54443e-06,4.13741e-06,3.04498e-06,50,100,100,241696,9 6 2 4 0 11 7 3 10 8 5 1 
606,3.58579e-06,4.13741e-06,3.00051e-06,50,100,100,241696,9 6 2 4 0 11 7 3 10 8 5 1 
607,3.61461e-06,4.13741e-06,3.04141e-06,50,100,100,241696,9 6 2 4 0 11 7 3 10 8 5 1 
608,3.59862e-06,4.13741e-06,3.06928e-06,50,100,100,241696,9 6 2 4 0 11 7 3 10 8 5 1 
609,3.62342e-06,4.13741e-06,3.11687e-06,50,100,100,241696,9 6 2 4 0 11 7 3 10 8 5 1 
610,3.56177e-06,4.13741e-06,2.99474e-06,50,100,100,241696,9 6 2 4 0 11 7 3 10 8 5 1 
611,3.57966e-06,4.13741e-06,3.06883e-06,50,100,100,241696,9 6 2 4 0 11 7 3 10 8 5 1 
612,3.55248e-06,4.13741e-06,3.14478e-06,50,100,100,241696,9 6 2 4 0 11 7 3 10 8 5 1 
613,3.52859e-06,4.13741e-06,3.0398e-06,50,100,100,241696,9 6 2 4 0 11 7 3 10 8 5 1 
614,3.5299e-06,4.13741e-06,3.14639e-06,50,100,100,241696,9 6 2 4 0 11 7 3 10 8 5 1 
615,3.5452e-06,4.13741e-06,3.09844e-06,50,100,100,241696,9 6 2 4 0 11 7 3 10 8 5 1 
616,3.57365e-06,4.13741e-06,3.09443e-06,50,100,100,241696,9 6 2 4 0 11 7 3 10 8 5 1 
617,3.55364e-06,4.13741e-06,3.0878e-06,50,100,100,241696,9 6 2 4 0 11 7 3 10 8 5 1 
618,3.55665e-06,4.13741e-06,3.05813e-06,50,100,100,241696,9 6 2 4 0 11 7 3 10 8 5 1 
619,3.54767e-06,4.13741e-06,2.98614e-06,50,100,100,241696,9 6 2 4 0 11 7 3 10 8 5 1 
620,3.55865e-06,4.13741e-06,3.01402e-06,50,100,100,241696,9 6 2 4 0 11 7 3 10 8 5 1 
621,3.58082e-06,4.13741e-06,3.08765e-06,50,100,100,241696,9 6 2 4 0 11 7 3 10 8 5 1 
622,3.58208e-06,4.13741e-06,3.07714e-06,50,100,100,241696,9 6 2 4 0 11 7 3 10 8 5 1 
623,3.57695e-06,4.13741e-06,2.96106e-06,50,100,100,241696,9 6 2 4 0 11 7 3 10 8 5 1 
624,3.57609e-06,4.13741e-06,3.03084e-06,50,100,100,241696,9 6 2 4 0 11 7 3 10 8 5 1 
625,3.58418e-06,4.13741e-06,3.08971e-06,50,100,100,241696,9 6 2 4 0 11 7 3 10 8 5 1 
626,3.5768e-06,4.13741e-06,3.10548e-06,50,100,100,241696,9 6 2 4 0 11 7 3 10 8 5 1 
627,3.58119e-06,4.13741e-06,3.04779e-06,50,100,100,241696,9 6 2 4 0 11 7 3 10 8 5 1 
628,3.56722e-06,4.13741e-06,3.04621e-06,50,100,100,241696,9 6 2 4 0 11 7 3 10 8 5 1 
629,3.60355e-06,4.13741e-06,3.13579e-06,50,100,100,241696,9 6 2 4 0 11 7 3 10 8 5 1 
630,3.572e-06,4.13741e-06,3.08919e-06,50,100,100,241696,9 6 2 4 0 11 7 3 10 8 5 1 
631,3.61227e-06,4.13741e-06,3.08546e-06,50,100,100,241696,9 6 2 4 0 11 7 3 10 8 5 1 
632,3.64313e-06,4.13741e-06,3.12146e-06,50,100,100,241696,9 6 2 4 0 11 7 3 10 8 5 1 
633,3.60963e-06,4.13741e-06,3.05525e-06,50,100,100,241696,9 6 2 4 0 11 7 3 10 8 5 1 
634,3.62231e-06,4.13741e-06,3.07351e-06,50,100,100,241696,9 6 2 4 0 11 7 3 10 8 5 1 
635,3.6133e-06,4.13741e-06,2.94446e-06,50,100,100,241696,9 6 2 4 0 11 7 3 10 8 5 1 
636,3.65289e-06,4.13741e-06,2.99438e-06,50,100,100,241696,9 6 2 4 0 11 7 3 10 8 5 1 
637,3.63765e-06,4.13741e-06,3.10627e-06,50,100,100,241696,9 6 2 4 0 11 7 3 10 8 5 1 
638,3.59399e-06,4.13741e-06,3.1429e-06,50,100,100,241696,9 6 2 4 0 11 7 3 10 8 5 1 
639,3.59044e-06,4.13741e-06,3.06638e-06,50,100,100,241696,9 6 2 4 0 11 7 3 10 8 5 1 
640,3.61485e-06,4.13741e-06,3.05641e-06,50,100,100,241696,9 6 2 4 0 11 7 3 10 8 5 1 
641,3.56238e-06,4.13741e-06,3.06265e-06,50,100,100,241696,9 6 2 4 0 11 7 3 10 8 5 1 
642,3.62903e-06,4.13741e-06,3.10587e-06,50,100,100,241696,9 6 2 4 0 11 7 3 10 8 5 1 
643,3.60006e-06,4.13741e-06,3.00465e-06,50,100,100,241696,9 6 2 4 0 11 7 3 10 8 5 1 
644,3.60734e-06,4.13741e-06,3.12263e-06,50,100,100,241696,9 6 2 4 0 11 7 3 10 8 5 1 
645,3.58178e-06,4.13741e-06,3.06484e-06,50,100,100,241696,9 6 2 4 0 11 7 3 10 8 5 1 
646,3.5646e-06,4.13741e-06,3.11091e-06,50,100,100,241696,9 6 2 4 0 11 7 3 10 8 5 1 
647,3.57514e-06,4.13741e-06,3.03769e-06,50,100,100,241696,9 6 2 4 0 11 7 3 10 8 5 1 
648,3.54449e-06,4.13741e-06,3.04526e-06,50,100,100,241696,9 6 2 4 0 11 7 3 10 8 5 1 
649,3.54837e-06,4.13741e-06,3.06345e-06,50,100,100,241696,9 6 2 4 0 11 7 3 10 8 5 1 
650,3.57253e-06,4.13741e-06,3.05731e-06,50,100,100,241696,9 6 2 4 0 11 7 3 10 8 5 1 
651,3.60409e-06,4.13741e-06,3.11392e-06,50,100,100,241696,9 6 2 4 0 11 7 3 10 8 5 1 
652,3.60904e-06,4.13741e-06,3.14312e-06,50,100,100,241696,9 6 2 4 0 11 7 3 10 8 5 1 
653,3.60809e-06,4.13741e-06,3.07124e-06,50,100,100,241696,9 6 2 4 0 11 7 3 10 8 5 1 
654,3.55377e-06,4.13741e-06,3.11687e-06,50,100,100,241696,9 6 2 4 0 11 7 3 10 8 5 1 
655,3.54256e-06,4.13741e-06,3.03714e-06,50,100,100,241696,9 6 2 4 0 11 7 3 10 8 5 1 
656,3.54315e-06,4.13741e-06,2.97881e-06,50,100,100,241696,9 6 2 4 0 11 7 3 10 8 5 1 
657,3.60502e-06,4.13741e-06,3.03703e-06,50,100,100,241696,9 6 2 4 0 11 7 3 10 8 5 1 
658,3.61504e-06,4.13741e-06,3.129e-06,50,100,100,241696,9 6 2 4 0 11 7 3 10 8 5 1 
659,3.60583e-06,4.13741e-06,3.02646e-06,50,100,100,241696,9 6 2 4 0 11 7 3 10 8 5 1 
660,3.59206e-06,4.13741e-06,3.17264e-06,50,100,100,241696,9 6 2 4 0 11 7 3 10 8 5 1 
661,3.58097e-06,4.13741e-06,3.05626e-06,50,100,100,241696,9 6 2 4 0 11 7 3 10 8 5 1 
662,3.60415e-06,4.13741e-06,3.01924e-06,50,100,100,241696,9 6 2 4 0 11 7 3 10 8 5 1 
663,3.61145e-06,4.13741e-06,3.08794e-06,50,100,100,241696,9 6 2 4 0 11 7 3 10 8 5 1 
664,3.58108e-06,4.13741e-06,3.05637e-06,50,100,100,241696,9 6 2 4 0 11 7 3 10 8 5 1 
665,3.5706e-06,4.13741e-06,3.11349e-06,50,100,100,241696,9 6 2 4 0 11 7 3 10 8 5 1 
666,3.6029e-06,4.13741e-06,2.99355e-06,50,100,100,241696,9 6 2 4 0 11 7 3 10 8 5 1 
667,3.598e-06,4.13741e-06,3.08803e-06,50,100,100,241696,9 6 2 4 0 11 7 3 10 8 5 1 
668,3.55694e-06,4.13741e-06,3.00518e-06,50,100,100,241696,9 6 2 4 0 11 7 3 10 8 5 1 
669,3.54213e-06,4.13741e-06,3.07995e-06,50,100,100,241696,9 6 2 4 0 11 7 3 10 8 5 1 
670,3.5546e-06,4.13741e-06,3.04391e-06,50,100,100,241696,9 6 2 4 0 11 7 3 10 8 5 1 
671,3.57464e-06,4.13741e-06,3.00453e-06,50,100,100,241696,9 6 2 4 0 11 7 3 10 8 5 1 
672,3.5596e-06,4.13741e-06,3.07595e-06,50,100,100,241696,9 6 2 4 0 11 7 3 10 8 5 1 
673,3.55224e-06,4.13741e-06,2.99634e-06,50,100,100,241696,9 6 2 4 0 11 7 3 10 8 5 1 
674,3.54969e-06,4.13741e-06,3.05641e-06,50,100,100,241696,9 6 2 4 0 11 7 3 10 8 5 1 
675,3.59203e-06,4.13741e-06,3.05873e-06,50,100,100,241696,9 6 2 4 0 11 7 3 10 8 5 1 
676,3.56004e-06,4.13741e-06,3.07013e-06,50,100,100,241696,9 6 2 4 0 11 7 3 10 8 5 1 
677,3.59992e-06,4.13741e-06,3.0372e-06,50,100,100,241696,9 6 2 4 0 11 7 3 10 8 5 1 
678,3.56695e-06,4.13741e-06,3.10186e-06,50,100,100,241696,9 6 2 4 0 11 7 3 10 8 5 1 
679,3.59024e-06,4.13741e-06,3.13728e-06,50,100,100,241696,9 6 2 4 0 11 7 3 10 8 5 1 
680,3.60846e-06,4.13741e-06,3.05139e-06,50,100,100,241696,9 6 2 4 0 11 7 3 10 8 5 1 
681,3.62178e-06,4.13741e-06,3.12191e-06,50,100,100,241696,9 6 2 4 0 11 7 3 10 8 5 1 
682,3.59005e-06,4.13741e-06,3.05626e-06,50,100,100,241696,9 6 2 4 0 11 7 3 10 8 5 1 
683,3.60843e-06,4.13741e-06,3.11184e-06,50,100,100,241696,9 6 2 4 0 11 7 3 10 8 5 1 
684,3.61367e-06,4.13741e-06,3.05933e-06,50,100,100,241696,9 6 2 4 0 11 7 3 10 8 5 1 
685,3.60072e-06,4.13741e-06,3.07334e-06,50,100,100,241696,9 6 2 4 0 11 7 3 10 8 5 1 
686,3.6196e-06,4.13741e-06,3.05497e-06,50,100,100,241696,9 6 2 4 0 11 7 3 10 8 5 1 
687,3.61529e-06,4.13741e-06,3.03974e-06,50,100,100,241696,9 6 2 4 0 11 7 3 10 8 5 1 
688,3.58725e-06,4.13741e-06,3.09545e-06,50,100,100,241696,9 6 2 4 0 11 7 3 10 8 5 1 
689,3.57876e-06,4.13741e-06,3.02672e-06,50,100,100,241696,9 6 2 4 0 11 7 3 10 8 5 1 
690,3.59122e-06,4.13741e-06,3.10639e-06,50,100,100,241696,9 6 2 4 0 11 7 3 10 8 5 1 
691,3.56694e-06,4.13741e-06,3.09879e-06,50,100,100,241696,9 6 2 4 0 11 7 3 10 8 5 1 
692,3.58829e-06,4.13741e-06,3.11024e-06,50,100,100,241696,9 6 2 4 0 11 7 3 10 8 5 1 
693,3.58886e-06,4.13741e-06,3.02034e-06,50,100,100,241696,9 6 2 4 0 11 7 3 10 8 5 1 
694,3.57966e-06,4.13741e-06,3.04636e-06,50,100,100,241696,9 6 2 4 0 11 7 3 10 8 5 1 
695,3.55111e-06,4.13741e-06,3.06456e-06,50,100,100,241696,9 6 2 4 0 11 7 3 10 8 5 1 
696,3.59225e-06,4.13741e-06,3.12675e-06,50,100,100,241696,9 6 2 4 0 11 7 3 10 8 5 1 
697,3.6018e-06,4.13741e-06,3.12827e-06,50,100,100,241696,9 6 2 4 0 11 7 3 10 8 5 1 
698,3.63636e-06,4.13741e-06,3.07741e-06,50,100,100,241696,9 6 2 4 0 11 7 3 10 8 5 1 
699,3.5732e-06,4.13741e-06,3.06345e-06,50,100,100,241696,9 6 2 4 0 11 7 3 10 8 5 1 
700,3.58369e-06,4.13741e-06,3.05031e-06,50,100,100,241696,9 6 2 4 0 11 7 3 10 8 5 1 
701,3.54285e-06,4.13741e-06,3.09219e-06,50,100,100,241696,9 6 2 4 0 11 7 3 10 8 5 1 
702,3.54059e-06,4.13741e-06,3.04333e-06,50,100,100,241696,9 6 2 4 0 11 7 3 10 8 5 1 
703,3.52526e-06,4.13741e-06,3.03991e-06,50,100,100,241696,9 6 2 4 0 11 7 3 10 8 5 1 
704,3.53779e-06,4.13741e-06,3.11047e-06,50,100,100,241696,9 6 2 4 0 11 7 3 10 8 5 1 
705,3.5333e-06,4.13741e-06,3.02916e-06,50,100,100,241696,9 6 2 4 0 11 7 3 10 8 5 1 
706,3.54372e-06,4.13741e-06,2.99966e-06,50,100,100,241696,9 6 2 4 0 11 7 3 10 8 5 1 
707,3.55623e-06,4.13741e-06,3.05412e-06,50,100,100,241696,9 6 2 4 0 11 7 3 10 8 5 1 
708,3.5543e-06,4.13741e-06,3.06926e-06,50,100,100,241696,9 6 2 4 0 11 7 3 10 8 5 1 
709,3.51346e-06,4.13741e-06,3.05404e-06,50,100,100,241696,9 6 2 4 0 11 7 3 10 8 5 1 
710,3.52992e-06,4.13741e-06,3.05229e-06,50,100,100,241696,9 6 2 4 0 11 7 3 10 8 5 1 
711,3.50772e-06,4.13741e-06,3.03084e-06,50,100,100,241696,9 6 2 4 0 11 7 3 10 8 5 1 
712,3.53718e-06,4.13741e-06,3.00539e-06,50,100,100,241696,9 6 2 4 0 11 7 3 10 8 5 1 
713,3.51759e-06,4.13741e-06,3.05954e-06,50,100,100,241696,9 6 2 4 0 11 7 3 10 8 5 1 
714,3.549e-06,4.13741e-06,3.08213e-06,50,100,100,241696,9 6 2 4 0 11 7 3 10 8 5 1 
715,3.58181e-06,4.13741e-06,2.94501e-06,50,100,100,241696,9 6 2 4 0 11 7 3 10 8 5 1 
716,3.58861e-06,4.13741e-06,3.03397e-06,50,100,100,241696,9 6 2 4 0 11 7 3 10 8 5 1 
717,3.59939e-06,4.13741e-06,3.053e-06,50,100,100,241696,9 6 2 4 0 11 7 3 10 8 5 1 
718,3.63495e-06,4.13741e-06,3.09581e-06,50,100,100,241696,9 6 2 4 0 11 7 3 10 8 5 1 
719,3.60442e-06,4.13741e-06,3.14526e-06,50,100,100,241696,9 6 2 4 0 11 7 3 10 8 5 1 
720,3.54754e-06,4.13741e-06,3.02105e-06,50,100,100,241696,9 6 2 4 0 11 7 3 10 8 5 1 
721,3.59477e-06,4.13741e-06,3.06638e-06,50,100,100,241696,9 6 2 4 0 11 7 3 10 8 5 1 
722,3.55457e-06,4.13741e-06,3.08371e-06,50,100,100,241696,9 6 2 4 0 11 7 3 10 8 5 1 
723,3.54347e-06,4.13741e-06,3.04396e-06,50,100,100,241696,9 6 2 4 0 11 7 3 10 8 5 1 
724,3.5702e-06,4.13741e-06,3.03626e-06,50,100,100,241696,9 6 2 4 0 11 7 3 10 8 5 1 
725,3.56546e-06,4.13741e-06,3.02353e-06,50,100,100,241696,9 6 2 4 0 11 7 3 10 8 5 1 
726,3.62575e-06,4.13741e-06,3.01975e-06,50,100,100,241696,9 6 2 4 0 11 7 3 10 8 5 1 
727,3.63415e-06,4.13741e-06,3.03889e-06,50,100,100,241696,9 6 2 4 0 11 7 3 10 8 5 1 
728,3.57916e-06,4.13741e-06,2.99073e-06,50,100,100,241696,9 6 2 4 0 11 7 3 10 8 5 1 
729,3.5393e-06,4.13741e-06,2.9598e-06,50,100,100,241696,9 6 2 4 0 11 7 3 10 8 5 1 
730,3.53095e-06,4.13741e-06,3.03274e-06,50,100,100,241696,9 6 2 4 0 11 7 3 10 8 5 1 
731,3.56401e-06,4.13741e-06,2.97538e-06,50,100,100,241696,9 6 2 4 0 11 7 3 10 8 5 1 
732,3.56243e-06,4.13741e-06,3.01376e-06,50,100,100,241696,9 6 2 4 0 11 7 3 10 8 5 1 
733,3.5361e-06,4.13741e-06,3.1152e-06,50,100,100,241696,9 6 2 4 0 11 7 3 10 8 5 1 
734,3.51602e-06,4.13741e-06,3.04797e-06,50,100,100,241696,9 6 2 4 0 11 7 3 10 8 5 1 
735,3.57362e-06,4.13741e-06,3.01491e-06,50,100,100,241696,9 6 2 4 0 11 7 3 10 8 5 1 
736,3.56748e-06,4.13741e-06,3.10446e-06,50,100,100,241696,9 6 2 4 0 11 7 3 10 8 5 1 
737,3.56972e-06,4.13741e-06,3.03513e-06,50,100,100,241696,9 6 2 4 0 11 7 3 10 8 5 1 
738,3.58659e-06,4.13741e-06,2.95404e-06,50,100,100,241696,9 6 2 4 0 11 7 3 10 8 5 1 
739,3.52676e-06,4.13741e-06,2.98612e-06,50,100,100,241696,9 6 2 4 0 11 7 3 10 8 5 1 
740,3.51466e-06,4.13741e-06,3.09568e-06,50,100,100,241696,9 6 2 4 0 11 7 3 10 8 5 1 
741,3.54552e-06,4.13741e-06,3.01487e-06,50,100,100,241696,9 6 2 4 0 11 7 3 10 8 5 1 
742,3.56376e-06,4.13741e-06,3.09625e-06,50,100,100,241696,9 6 2 4 0 11 7 3 10 8 5 1 
743,3.5832e-06,4.13741e-06,3.03716e-06,50,100,100,241696,9 6 2 4 0 11 7 3 10 8 5 1 
744,3.57124e-06,4.13741e-06,3.07493e-06,50,100,100,241696,9 6 2 4 0 11 7 3 10 8 5 1 
745,3.548e-06,4.13741e-06,3.00595e-06,50,100,100,241696,9 6 2 4 0 11 7 3 10 8 5 1 
746,3.52798e-06,4.13741e-06,3.08795e-06,50,100,100,241696,9 6 2 4 0 11 7 3 10 8 5 1 
747,3.529e-06,4.13741e-06,3.05343e-06,50,100,100,241696,9 6 2 4 0 11 7 3 10 8 5 1 
748,3.51212e-06,4.13741e-06,3.00812e-06,50,100,100,241696,9 6 2 4 0 11 7 3 10 8 5 1 
749,3.53071e-06,4.13741e-06,3.0678e-06,50,100,100,241696,9 6 2 4 0 11 7 3 10 8 5 1 
750,3.5524e-06,4.13741e-06,3.0118e-06,50,100,100,241696,9 6 2 4 0 11 7 3 10 8 5 1 
751,3.48371e-06,4.13741e-06,3.02264e-06,50,100,100,241696,9 6 2 4 0 11 7 3 10 8 5 1 
752,3.48532e-06,4.13741e-06,3.06896e-06,50,100,100,241696,9 6 2 4 0 11 7 3 10 8 5 1 
753,3.54218e-06,4.13741e-06,3.05078e-06,50,100,100,241696,9 6 2 4 0 11 7 3 10 8 5 1 
754,3.54482e-06,4.13741e-06,3.00907e-06,50,100,100,241696,9 6 2 4 0 11 7 3 10 8 5 1 
755,3.5946e-06,4.13741e-06,3.09443e-06,50,100,100,241696,9 6 2 4 0 11 7 3 10 8 5 1 
756,3.59007e-06,4.13741e-06,3.08538e-06,50,100,100,241696,9 6 2 4 0 11 7 3 10 8 5 1 
757,3.53617e-06,4.13741e-06,3.12331e-06,50,100,100,241696,9 6 2 4 0 11 7 3 10 8 5 1 
758,3.53997e-06,4.13741e-06,3.10685e-06,50,100,100,241696,9 6 2 4 0 11 7 3 10 8 5 1 
759,3.58815e-06,4.13741e-06,3.11363e-06,50,100,100,241696,9 6 2 4 0 11 7 3 10 8 5 1 
760,3.57106e-06,4.13741e-06,3.05862e-06,50,100,100,241696,9 6 2 4 0 11 7 3 10 8 5 1 
761,3.57648e-06,4.13741e-06,3.013e-06,50,100,100,241696,9 6 2 4 0 11 7 3 10 8 5 1 
762,3.57559e-06,4.13741e-06,3.0118e-06,50,100,100,241696,9 6 2 4 0 11 7 3 10 8 5 1 
763,3.56366e-06,4.13741e-06,3.10103e-06,50,100,100,241696,9 6 2 4 0 11 7 3 10 8 5 1 
764,3.5661e-06,4.13741e-06,3.09969e-06,50,100,100,241696,9 6 2 4 0 11 7 3 10 8 5 1 
765,3.56847e-06,4.13741e-06,3.08148e-06,50,100,100,241696,9 6 2 4 0 11 7 3 10 8 5 1 
766,3.55091e-06,4.13741e-06,3.08141e-06,50,100,100,241696,9 6 2 4 0 11 7 3 10 8 5 1 
767,3.534e-06,4.13741e-06,3.10958e-06,50,100,100,241696,9 6 2 4 0 11 7 3 10 8 5 1 
768,3.56182e-06,4.13741e-06,3.02993e-06,50,100,100,241696,9 6 2 4 0 11 7 3 10 8 5 1 
769,3.55628e-06,4.13741e-06,3.05753e-06,50,100,100,241696,9 6 2 4 0 11 7 3 10 8 5 1 
770,3.55353e-06,4.13741e-06,3.09735e-06,50,100,100,241696,9 6 2 4 0 11 7 3 10 8 5 1 
771,3.52993e-06,4.13741e-06,3.09267e-06,50,100,100,241696,9 6 2 4 0 11 7 3 10 8 5 1 
772,3.55374e-06,4.13741e-06,3.03952e-06,50,100,100,241696,9 6 2 4 0 11 7 3 10 8 5 1 
773,3.53188e-06,4.13741e-06,3.03805e-06,50,100,100,241696,9 6 2 4 0 11 7 3 10 8 5 1 
774,3.53995e-06,4.13741e-06,2.96614e-06,50,100,100,241696,9 6 2 4 0 11 7 3 10 8 5 1 
775,3.54664e-06,4.13741e-06,3.06216e-06,50,100,100,241696,9 6 2 4 0 11 7 3 10 8 5 1 
776,3.55818e-06,4.13741e-06,3.10892e-06,50,100,100,241696,9 6 2 4 0 11 7 3 10 8 5 1 
777,3.59433e-06,4.13741e-06,3.04844e-06,50,100,100,241696,9 6 2 4 0 11 7 3 10 8 5 1 
778,3.59458e-06,4.13741e-06,3.07924e-06,50,100,100,241696,9 6 2 4 0 11 7 3 10 8 5 1 
779,3.57017e-06,4.13741e-06,3.04324e-06,50,100,100,241696,9 6 2 4 0 11 7 3 10 8 5 1 
780,3.54994e-06,4.13741e-06,3.11963e-06,50,100,100,241696,9 6 2 4 0 11 7 3 10 8 5 1 
781,3.54864e-06,4.13741e-06,2.9724e-06,50,100,100,241696,9 6 2 4 0 11 7 3 10 8 5 1 
782,3.57279e-06,4.13741e-06,3.03805e-06,50,100,100,241696,9 6 2 4 0 11 7 3 10 8 5 1 
783,3.562e-06,4.13741e-06,3.07332e-06,50,100,100,241696,9 6 2 4 0 11 7 3 10 8 5 1 
784,3.59087e-06,4.13741e-06,3.05408e-06,50,100,100,241696,9 6 2 4 0 11 7 3 10 8 5 1 
785,3.57581e-06,4.13741e-06,3.04257e-06,50,100,100,241696,9 6 2 4 0 11 7 3 10 8 5 1 
786,3.57818e-06,4.13741e-06,3.08336e-06,50,100,100,241696,9 6 2 4 0 11 7 3 10 8 5 1 
787,3.56821e-06,4.13741e-06,3.08794e-06,50,100,100,241696,9 6 2 4 0 11 7 3 10 8 5 1 
788,3.53287e-06,4.13741e-06,3.02772e-06,50,100,100,241696,9 6 2 4 0 11 7 3 10 8 5 1 
789,3.50402e-06,4.13741e-06,3.01235e-06,50,100,100,241696,9 6 2 4 0 11 7 3 10 8 5 1 
790,3.52665e-06,4.13741e-06,3.07689e-06,50,100,100,241696,9 6 2 4 0 11 7 3 10 8 5 1 
791,3.5296e-06,4.13741e-06,3.06529e-06,50,100,100,241696,9 6 2 4 0 11 7 3 10 8 5 1 
792,3.53631e-06,4.13741e-06,3.08954e-06,50,100,100,241696,9 6 2 4 0 11 7 3 10 8 5 1 
793,3.57718e-06,4.13741e-06,3.0687e-06,50,100,100,241696,9 6 2 4 0 11 7 3 10 8 5 1 
794,3.56871e-06,4.13741e-06,3.14979e-06,50,100,100,241696,9 6 2 4 0 11 7 3 10 8 5 1 
795,3.57807e-06,4.13741e-06,3.07947e-06,50,100,100,241696,9 6 2 4 0 11 7 3 10 8 5 1 
796,3.59603e-06,4.13741e-06,3.12191e-06,50,100,100,241696,9 6 2 4 0 11 7 3 10 8 5 1 
797,3.54966e-06,4.13741e-06,3.07105e-06,50,100,100,241696,9 6 2 4 0 11 7 3 10 8 5 1 
798,3.58706e-06,4.13741e-06,3.06497e-06,50,100,100,241696,9 6 2 4 0 11 7 3 10 8 5 1 
799,3.59171e-06,4.13741e-06,3.08076e-06,50,100,100,241696,9 6 2 4 0 11 7 3 10 8 5 1 
800,3.57396e-06,4.13741e-06,3.06019e-06,50,100,100,241696,9 6 2 4 0 11 7 3 10 8 5 1 
801,3.58915e-06,4.13741e-06,2.98549e-06,50,100,100,241696,9 6 2 4 0 11 7 3 10 8 5 1 
802,3.59327e-06,4.13741e-06,3.07011e-06,50,100,100,241696,9 6 2 4 0 11 7 3 10 8 5 1 
803,3.59919e-06,4.13741e-06,3.10892e-06,50,100,100,241696,9 6 2 4 0 11 7 3 10 8 5 1 
804,3.61365e-06,4.13741e-06,2.98492e-06,50,100,100,241696,9 6 2 4 0 11 7 3 10 8 5 1 
805,3.59915e-06,4.13741e-06,3.04283e-06,50,100,100,241696,9 6 2 4 0 11 7 3 10 8 5 1 
806,3.62349e-06,4.13741e-06,3.08902e-06,50,100,100,241696,9 6 2 4 0 11 7 3 10 8 5 1 
807,3.57694e-06,4.13741e-06,3.05505e-06,50,100,100,241696,9 6 2 4 0 11 7 3 10 8 5 1 
808,3.60601e-06,4.13741e-06,3.0694e-06,50,100,100,241696,9 6 2 4 0 11 7 3 10 8 5 1 
809,3.58777e-06,4.13741e-06,3.03808e-06,50,100,100,241696,9 6 2 4 0 11 7 3 10 8 5 1 
810,3.5788e-06,4.13741e-06,2.98776e-06,50,100,100,241696,9 6 2 4 0 11 7 3 10 8 5 1 
811,3.61483e-06,4.13741e-06,3.0908e-06,50,100,100,241696,9 6 2 4 0 11 7 3 10 8 5 1 
812,3.65946e-06,4.13741e-06,3.06804e-06,50,100,100,241696,9 6 2 4 0 11 7 3 10 8 5 1 
813,3.63528e-06,4.13741e-06,2.97574e-06,50,100,100,241696,9 6 2 4 0 11 7 3 10 8 5 1 
814,3.59947e-06,4.13741e-06,3.0245e-06,50,100,100,241696,9 6 2 4 0 11 7 3 10 8 5 1 
815,3.59225e-06,4.13741e-06,3.03897e-06,50,100,100,241696,9 6 2 4 0 11 7 3 10 8 5 1 
816,3.62842e-06,4.13741e-06,3.09623e-06,50,100,100,241696,9 6 2 4 0 11 7 3 10 8 5 1 
817,3.60479e-06,4.13741e-06,3.06484e-06,50,100,100,241696,9 6 2 4 0 11 7 3 10 8 5 1 
818,3.59685e-06,4.13741e-06,3.02158e-06,50,100,100,241696,9 6 2 4 0 11 7 3 10 8 5 1 
819,3.60124e-06,4.13741e-06,3.0518e-06,50,100,100,241696,9 6 2 4 0 11 7 3 10 8 5 1 
820,3.61313e-06,4.13741e-06,3.07601e-06,50,100,100,241696,9 6 2 4 0 11 7 3 10 8 5 1 
821,3.59054e-06,4.13741e-06,3.10302e-06,50,100,100,241696,9 6 2 4 0 11 7 3 10 8 5 1 
822,3.61857e-06,4.13741e-06,3.07769e-06,50,100,100,241696,9 6 2 4 0 11 7 3 10 8 5 1 
823,3.58438e-06,4.13741e-06,3.10069e-06,50,100,100,241696,9 6 2 4 0 11 7 3 10 8 5 1 
824,3.59858e-06,4.13741e-06,3.14312e-06,50,100,100,241696,9 6 2 4 0 11 7 3 10 8 5 1 
825,3.59069e-06,4.13741e-06,3.11448e-06,50,100,100,241696,9 6 2 4 0 11 7 3 10 8 5 1 
826,3.59235e-06,4.13741e-06,3.10438e-06,50,100,100,241696,9 6 2 4 0 11 7 3 10 8 5 1 
827,3.63786e-06,4.13741e-06,3.06689e-06,50,100,100,241696,9 6 2 4 0 11 7 3 10 8 5 1 
828,3.56058e-06,4.13741e-06,3.10313e-06,50,100,100,241696,9 6 2 4 0 11 7 3 10 8 5 1 
829,3.6053e-06,4.13741e-06,3.04432e-06,50,100,100,241696,9 6 2 4 0 11 7 3 10 8 5 1 
830,3.62411e-06,4.13741e-06,3.07638e-06,50,100,100,241696,9 6 2 4 0 11 7 3 10 8 5 1 
831,3.61648e-06,4.13741e-06,3.01362e-06,50,100,100,241696,9 6 2 4 0 11 7 3 10 8 5 1 
832,3.56907e-06,4.13741e-06,3.14948e-06,50,100,100,241696,9 6 2 4 0 11 7 3 10 8 5 1 
833,3.59192e-06,4.13741e-06,3.01142e-06,50,100,100,241696,9 6 2 4 0 11 7 3 10 8 5 1 
834,3.59917e-06,4.13741e-06,3.07264e-06,50,100,100,241696,9 6 2 4 0 11 7 3 10 8 5 1 
835,3.5112e-06,4.13741e-06,3.0655e-06,50,100,100,241696,9 6 2 4 0 11 7 3 10 8 5 1 
836,3.52872e-06,4.13741e-06,3.00713e-06,50,100,100,241696,9 6 2 4 0 11 7 3 10 8 5 1 
837,3.56365e-06,4.13741e-06,2.99599e-06,50,100,100,241696,9 6 2 4 0 11 7 3 10 8 5 1 
838,3.54749e-06,4.13741e-06,2.96201e-06,50,100,100,241696,9 6 2 4 0 11 7 3 10 8 5 1 
839,3.55154e-06,4.13741e-06,3.03891e-06,50,100,100,241696,9 6 2 4 0 11 7 3 10 8 5 1 
840,3.52494e-06,4.13741e-06,3.03257e-06,50,100,100,241696,9 6 2 4 0 11 7 3 10 8 5 1 
841,3.57105e-06,4.13741e-06,2.9795e-06,50,100,100,241696,9 6 2 4 0 11 7 3 10 8 5 1 
842,3.5677e-06,4.13741e-06,3.07315e-06,50,100,100,241696,9 6 2 4 0 11 7 3 10 8 5 1 
843,3.5221e-06,4.13741e-06,2.99006e-06,50,100,100,241696,9 6 2 4 0 11 7 3 10 8 5 1 
844,3.57544e-06,4.13741e-06,3.03856e-06,50,100,100,241696,9 6 2 4 0 11 7 3 10 8 5 1 
845,3.55915e-06,4.13741e-06,3.09411e-06,50,100,100,241696,9 6 2 4 0 11 7 3 10 8 5 1 
846,3.5951e-06,4.13741e-06,3.03989e-06,50,100,100,241696,9 6 2 4 0 11 7 3 10 8 5 1 
847,3.58657e-06,4.13741e-06,3.13296e-06,50,100,100,241696,9 6 2 4 0 11 7 3 10 8 5 1 
848,3.57367e-06,4.13741e-06,3.06883e-06,50,100,100,241696,9 6 2 4 0 11 7 3 10 8 5 1 
849,3.53736e-06,4.13741e-06,2.99722e-06,50,100,100,241696,9 6 2 4 0 11 7 3 10 8 5 1 
850,3.55852e-06,4.13741e-06,3.07997e-06,50,100,100,241696,9 6 2 4 0 11 7 3 10 8 5 1 
851,3.56204e-06,4.13741e-06,3.02006e-06,50,100,100,241696,9 6 2 4 0 11 7 3 10 8 5 1 
852,3.54966e-06,4.13741e-06,3.09424e-06,50,100,100,241696,9 6 2 4 0 11 7 3 10 8 5 1 
853,3.57117e-06,4.13741e-06,3.08346e-06,50,100,100,241696,9 6 2 4 0 11 7 3 10 8 5 1 
854,3.65801e-06,4.13741e-06,3.14583e-06,50,100,100,241696,9 6 2 4 0 11 7 3 10 8 5 1 
855,3.66704e-06,4.13741e-06,3.11551e-06,50,100,100,241696,9 6 2 4 0 11 7 3 10 8 5 1 
856,3.60154e-06,4.13741e-06,3.10627e-06,50,100,100,241696,9 6 2 4 0 11 7 3 10 8 5 1 
857,3.58996e-06,4.13741e-06,3.14312e-06,50,100,100,241696,9 6 2 4 0 11 7 3 10 8 5 1 
858,3.62431e-06,4.13741e-06,3.17467e-06,50,100,100,241696,9 6 2 4 0 11 7 3 10 8 5 1 
859,3.59841e-06,4.13741e-06,3.08173e-06,50,100,100,241696,9 6 2 4 0 11 7 3 10 8 5 1 
860,3.57666e-06,4.13741e-06,3.02932e-06,50,100,100,241696,9 6 2 4 0 11 7 3 10 8 5 1 
861,3.60153e-06,4.13741e-06,3.11609e-06,50,100,100,241696,9 6 2 4 0 11 7 3 10 8 5 1 
862,3.58886e-06,4.13741e-06,3.11283e-06,50,100,100,241696,9 6 2 4 0 11 7 3 10 8 5 1 
863,3.60792e-06,4.13741e-06,3.08582e-06,50,100,100,241696,9 6 2 4 0 11 7 3 10 8 5 1 
864,3.57636e-06,4.13741e-06,3.07928e-06,50,100,100,241696,9 6 2 4 0 11 7 3 10 8 5 1 
865,3.55833e-06,4.13741e-06,3.0578e-06,50,100,100,241696,9 6 2 4 0 11 7 3 10 8 5 1 
866,3.5919e-06,4.13741e-06,3.08616e-06,50,100,100,241696,9 6 2 4 0 11 7 3 10 8 5 1 
867,3.60089e-06,4.13741e-06,3.01533e-06,50,100,100,241696,9 6 2 4 0 11 7 3 10 8 5 1 
868,3.59903e-06,4.13741e-06,3.10477e-06,50,100,100,241696,9 6 2 4 0 11 7 3 10 8 5 1 
869,3.59948e-06,4.13741e-06,3.0126e-06,50,100,100,241696,9 6 2 4 0 11 7 3 10 8 5 1 
870,3.57048e-06,4.13741e-06,3.10485e-06,50,100,100,241696,9 6 2 4 0 11 7 3 10 8 5 1 
871,3.54551e-06,4.13741e-06,3.09934e-06,50,100,100,241696,9 6 2 4 0 11 7 3 10 8 5 1 
872,3.54601e-06,4.13741e-06,3.07561e-06,50,100,100,241696,9 6 2 4 0 11 7 3 10 8 5 1 
873,3.56578e-06,4.13741e-06,3.05651e-06,50,100,100,241696,9 6 2 4 0 11 7 3 10 8 5 1 
874,3.57626e-06,4.13741e-06,3.12548e-06,50,100,100,241696,9 6 2 4 0 11 7 3 10 8 5 1 
875,3.62119e-06,4.13741e-06,3.08485e-06,50,100,100,241696,9 6 2 4 0 11 7 3 10 8 5 1 
876,3.57227e-06,4.13741e-06,3.04472e-06,50,100,100,241696,9 6 2 4 0 11 7 3 10 8 5 1 
877,3.592e-06,4.13741e-06,3.13754e-06,50,100,100,241696,9 6 2 4 0 11 7 3 10 8 5 1 
878,3.57129e-06,4.13741e-06,3.10103e-06,50,100,100,241696,9 6 2 4 0 11 7 3 10 8 5 1 
879,3.5923e-06,4.13741e-06,3.11485e-06,50,100,100,241696,9 6 2 4 0 11 7 3 10 8 5 1 
880,3.6049e-06,4.13741e-06,3.07444e-06,50,100,100,241696,9 6 2 4 0 11 7 3 10 8 5 1 
881,3.59219e-06,4.13741e-06,2.99716e-06,50,100,100,241696,9 6 2 4 0 11 7 3 10 8 5 1 
882,3.60204e-06,4.13741e-06,3.1431e-06,50,100,100,241696,9 6 2 4 0 11 7 3 10 8 5 1 
883,3.598e-06,4.13741e-06,3.13581e-06,50,100,100,241696,9 6 2 4 0 11 7 3 10 8 5 1 
884,3.59941e-06,4.13741e-06,3.15572e-06,50,100,100,241696,9 6 2 4 0 11 7 3 10 8 5 1 
885,3.60236e-06,4.13741e-06,3.1388e-06,50,100,100,241696,9 6 2 4 0 11 7 3 10 8 5 1 
886,3.5805e-06,4.13741e-06,3.0642e-06,50,100,100,241696,9 6 2 4 0 11 7 3 10 8 5 1 
887,3.58394e-06,4.13741e-06,3.02705e-06,50,100,100,241696,9 6 2 4 0 11 7 3 10 8 5 1 
888,3.53774e-06,4.13741e-06,3.01491e-06,50,100,100,241696,9 6 2 4 0 11 7 3 10 8 5 1 
889,3.57275e-06,4.13741e-06,3.08963e-06,50,100,100,241696,9 6 2 4 0 11 7 3 10 8 5 1 
890,3.55767e-06,4.13741e-06,3.09017e-06,50,100,100,241696,9 6 2 4 0 11 7 3 10 8 5 1 
891,3.56226e-06,4.13741e-06,3.0535e-06,50,100,100,241696,9 6 2 4 0 11 7 3 10 8 5 1 
892,3.55477e-06,4.13741e-06,3.07047e-06,50,100,100,241696,9 6 2 4 0 11 7 3 10 8 5 1 
893,3.5488e-06,4.13741e-06,3.1091e-06,50,100,100,241696,9 6 2 4 0 11 7 3 10 8 5 1 
894,3.51826e-06,4.13741e-06,3.05328e-06,50,100,100,241696,9 6 2 4 0 11 7 3 10 8 5 1 
895,3.49543e-06,4.13741e-06,3.04282e-06,50,100,100,241696,9 6 2 4 0 11 7 3 10 8 5 1 
896,3.49094e-06,4.13741e-06,2.99596e-06,50,100,100,241696,9 6 2 4 0 11 7 3 10 8 5 1 
897,3.52534e-06,4.13741e-06,2.98599e-06,50,100,100,241696,9 6 2 4 0 11 7 3 10 8 5 1 
898,3.52911e-06,4.13741e-06,3.06111e-06,50,100,100,241696,9 6 2 4 0 11 7 3 10 8 5 1 
899,3.49654e-06,4.13741e-06,3.08866e-06,50,100,100,241696,9 6 2 4 0 11 7 3 10 8 5 1 
900,3.49997e-06,4.13741e-06,3.0118e-06,50,100,100,241696,9 6 2 4 0 11 7 3 10 8 5 1 
901,3.56349e-06,4.13741e-06,2.96656e-06,50,100,100,241696,9 6 2 4 0 11 7 3 10 8 5 1 
902,3.52157e-06,4.13741e-06,3.07879e-06,50,100,100,241696,9 6 2 4 0 11 7 3 10 8 5 1 
903,3.51631e-06,4.13741e-06,3.04827e-06,50,100,100,241696,9 6 2 4 0 11 7 3 10 8 5 1 
904,3.48259e-06,4.13741e-06,3.01598e-06,50,100,100,241696,9 6 2 4 0 11 7 3 10 8 5 1 
905,3.47729e-06,4.13741e-06,2.99747e-06,50,100,100,241696,9 6 2 4 0 11 7 3 10 8 5 1 
906,3.40662e-06,4.13741e-06,3.03714e-06,50,100,100,241696,9 6 2 4 0 11 7 3 10 8 5 1 
907,3.41438e-06,4.13741e-06,3.06968e-06,50,100,100,241696,9 6 2 4 0 11 7 3 10 8 5 1 
908,3.421e-06,4.13741e-06,2.96628e-06,50,100,100,241696,9 6 2 4 0 11 7 3 10 8 5 1 
909,3.42264e-06,4.13741e-06,3.00285e-06,50,100,100,241696,9 6 2 4 0 11 7 3 10 8 5 1 
910,3.44072e-06,4.13741e-06,3.03165e-06,50,100,100,241696,9 6 2 4 0 11 7 3 10 8 5 1 
911,3.4517e-06,4.13741e-06,3.04024e-06,50,100,100,241696,9 6 2 4 0 11 7 3 10 8 5 1 
912,3.46269e-06,4.13741e-06,2.97661e-06,50,100,100,241696,9 6 2 4 0 11 7 3 10 8 5 1 
913,3.4649e-06,4.13741e-06,3.08025e-06,50,100,100,241696,9 6 2 4 0 11 7 3 10 8 5 1 
914,3.51982e-06,4.13741e-06,3.12786e-06,50,100,100,241696,9 6 2 4 0 11 7 3 10 8 5 1 
915,3.52672e-06,4.13741e-06,3.04237e-06,50,100,100,241696,9 6 2 4 0 11 7 3 10 8 5 1 
916,3.55333e-06,4.13741e-06,3.00296e-06,50,100,100,241696,9 6 2 4 0 11 7 3 10 8 5 1 
917,3.58027e-06,4.13741e-06,3.02434e-06,50,100,100,241696,9 6 2 4 0 11 7 3 10 8 5 1 
918,3.5426e-06,4.13741e-06,2.99538e-06,50,100,100,241696,9 6 2 4 0 11 7 3 10 8 5 1 
919,3.57778e-06,4.13741e-06,3.06804e-06,50,100,100,241696,9 6 2 4 0 11 7 3 10 8 5 1 
920,3.56699e-06,4.13741e-06,3.05858e-06,50,100,100,241696,9 6 2 4 0 11 7 3 10 8 5 1 
921,3.56307e-06,4.13741e-06,3.00829e-06,50,100,100,241696,9 6 2 4 0 11 7 3 10 8 5 1 
922,3.55698e-06,4.13741e-06,2.9804e-06,50,100,100,241696,9 6 2 4 0 11 7 3 10 8 5 1 
923,3.56102e-06,4.13741e-06,3.11343e-06,50,100,100,241696,9 6 2 4 0 11 7 3 10 8 5 1 
924,3.54602e-06,4.13741e-06,2.99707e-06,50,100,100,241696,9 6 2 4 0 11 7 3 10 8 5 1 
925,3.55071e-06,4.13741e-06,3.02227e-06,50,100,100,241696,9 6 2 4 0 11 7 3 10 8 5 1 
926,3.58541e-06,4.13741e-06,3.09875e-06,50,100,100,241696,9 6 2 4 0 11 7 3 10 8 5 1 
927,3.57148e-06,4.13741e-06,3.01922e-06,50,100,100,241696,9 6 2 4 0 11 7 3 10 8 5 1 
928,3.57921e-06,4.13741e-06,3.04543e-06,50,100,100,241696,9 6 2 4 0 11 7 3 10 8 5 1 
929,3.62547e-06,4.13741e-06,3.02478e-06,50,100,100,241696,9 6 2 4 0 11 7 3 10 8 5 1 
930,3.64875e-06,4.13741e-06,3.14411e-06,50,100,100,241696,9 6 2 4 0 11 7 3 10 8 5 1 
931,3.61039e-06,4.13741e-06,3.09304e-06,50,100,100,241696,9 6 2 4 0 11 7 3 10 8 5 1 
932,3.65412e-06,4.13741e-06,3.08639e-06,50,100,100,241696,9 6 2 4 0 11 7 3 10 8 5 1 
933,3.62831e-06,4.13741e-06,3.14312e-06,50,100,100,241696,9 6 2 4 0 11 7 3 10 8 5 1 
934,3.62926e-06,4.13741e-06,3.07117e-06,50,100,100,241696,9 6 2 4 0 11 7 3 10 8 5 1 
935,3.57992e-06,4.13741e-06,3.03379e-06,50,100,100,241696,9 6 2 4 0 11 7 3 10 8 5 1 
936,3.5763e-06,4.13741e-06,3.02772e-06,50,100,100,241696,9 6 2 4 0 11 7 3 10 8 5 1 
937,3.58396e-06,4.13741e-06,3.09735e-06,50,100,100,241696,9 6 2 4 0 11 7 3 10 8 5 1 
938,3.57036e-06,4.13741e-06,3.05624e-06,50,100,100,241696,9 6 2 4 0 11 7 3 10 8 5 1 
939,3.6212e-06,4.13741e-06,3.20095e-06,50,100,100,241696,9 6 2 4 0 11 7 3 10 8 5 1 
940,3.5933e-06,4.13741e-06,3.01787e-06,50,100,100,241696,9 6 2 4 0 11 7 3 10 8 5 1 
941,3.59712e-06,4.13741e-06,3.08923e-06,50,100,100,241696,9 6 2 4 0 11 7 3 10 8 5 1 
942,3.56658e-06,4.13741e-06,3.0494e-06,50,100,100,241696,9 6 2 4 0 11 7 3 10 8 5 1 
943,3.55815e-06,4.13741e-06,2.98701e-06,50,100,100,241696,9 6 2 4 0 11 7 3 10 8 5 1 
944,3.61073e-06,4.13741e-06,3.10415e-06,50,100,100,241696,9 6 2 4 0 11 7 3 10 8 5 1 
945,3.61239e-06,4.13741e-06,3.08853e-06,50,100,100,241696,9 6 2 4 0 11 7 3 10 8 5 1 
946,3.59654e-06,4.13741e-06,3.10408e-06,50,100,100,241696,9 6 2 4 0 11 7 3 10 8 5 1 
947,3.61764e-06,4.13741e-06,3.11194e-06,50,100,100,241696,9 6 2 4 0 11 7 3 10 8 5 1 
948,3.63623e-06,4.13741e-06,3.09627e-06,50,100,100,241696,9 6 2 4 0 11 7 3 10 8 5 1 
949,3.57507e-06,4.13741e-06,3.08578e-06,50,100,100,241696,9 6 2 4 0 11 7 3 10 8 5 1 
950,3.56724e-06,4.13741e-06,3.17057e-06,50,100,100,241696,9 6 2 4 0 11 7 3 10 8 5 1 
951,3.55208e-06,4.13741e-06,3.05581e-06,50,100,100,241696,9 6 2 4 0 11 7 3 10 8 5 1 
952,3.56862e-06,4.13741e-06,3.10448e-06,50,100,100,241696,9 6 2 4 0 11 7 3 10 8 5 1 
953,3.55257e-06,4.13741e-06,3.04567e-06,50,100,100,241696,9 6 2 4 0 11 7 3 10 8 5 1 
954,3.53449e-06,4.13741e-06,3.09892e-06,50,100,100,241696,9 6 2 4 0 11 7 3 10 8 5 1 
955,3.51473e-06,4.13741e-06,3.12195e-06,50,100,100,241696,9 6 2 4 0 11 7 3 10 8 5 1 
956,3.58907e-06,4.13741e-06,3.00621e-06,50,100,100,241696,9 6 2 4 0 11 7 3 10 8 5 1 
957,3.54416e-06,4.13741e-06,3.06859e-06,50,100,100,241696,9 6 2 4 0 11 7 3 10 8 5 1 
958,3.58081e-06,4.13741e-06,3.11417e-06,50,100,100,241696,9 6 2 4 0 11 7 3 10 8 5 1 
959,3.57716e-06,4.13741e-06,3.14285e-06,50,100,100,241696,9 6 2 4 0 11 7 3 10 8 5 1 
960,3.54479e-06,4.13741e-06,3.03753e-06,50,100,100,241696,9 6 2 4 0 11 7 3 10 8 5 1 
961,3.50907e-06,4.13741e-06,3.07307e-06,50,100,100,241696,9 6 2 4 0 11 7 3 10 8 5 1 
962,3.50351e-06,4.13741e-06,2.97707e-06,50,100,100,241696,9 6 2 4 0 11 7 3 10 8 5 1 
963,3.46244e-06,4.13741e-06,2.99243e-06,50,100,100,241696,9 6 2 4 0 11 7 3 10 8 5 1 
964,3.49312e-06,4.13741e-06,3.07402e-06,50,100,100,241696,9 6 2 4 0 11 7 3 10 8 5 1 
965,3.49219e-06,4.13741e-06,3.05897e-06,50,100,100,241696,9 6 2 4 0 11 7 3 10 8 5 1 
966,3.46219e-06,4.13741e-06,2.95567e-06,50,100,100,241696,9 6 2 4 0 11 7 3 10 8 5 1 
967,3.38465e-06,4.13741e-06,2.94529e-06,50,100,100,241696,9 6 2 4 0 11 7 3 10 8 5 1 
968,3.42921e-06,4.13741e-06,2.9552e-06,50,100,100,241696,9 6 2 4 0 11 7 3 10 8 5 1 
969,3.47706e-06,4.13741e-06,3.07635e-06,50,100,100,241696,9 6 2 4 0 11 7 3 10 8 5 1 
970,3.52233e-06,4.13741e-06,3.00908e-06,50,100,100,241696,9 6 2 4 0 11 7 3 10 8 5 1 
971,3.49655e-06,4.13741e-06,3.00402e-06,50,100,100,241696,9 6 2 4 0 11 7 3 10 8 5 1 
972,3.50702e-06,4.13741e-06,3.06417e-06,50,100,100,241696,9 6 2 4 0 11 7 3 10 8 5 1 
973,3.5378e-06,4.13741e-06,3.0597e-06,50,100,100,241696,9 6 2 4 0 11 7 3 10 8 5 1 
974,3.53418e-06,4.13741e-06,3.07249e-06,50,100,100,241696,9 6 2 4 0 11 7 3 10 8 5 1 
975,3.5303e-06,4.13741e-06,3.01707e-06,50,100,100,241696,9 6 2 4 0 11 7 3 10 8 5 1 
976,3.52284e-06,4.13741e-06,2.99485e-06,50,100,100,241696,9 6 2 4 0 11 7 3 10 8 5 1 
977,3.53752e-06,4.13741e-06,3.02576e-06,50,100,100,241696,9 6 2 4 0 11 7 3 10 8 5 1 
978,3.52889e-06,4.13741e-06,3.03368e-06,50,100,100,241696,9 6 2 4 0 11 7 3 10 8 5 1 
979,3.52563e-06,4.13741e-06,3.00094e-06,50,100,100,241696,9 6 2 4 0 11 7 3 10 8 5 1 
980,3.53978e-06,4.13741e-06,3.08145e-06,50,100,100,241696,9 6 2 4 0 11 7 3 10 8 5 1 
981,3.53434e-06,4.13741e-06,3.12914e-06,50,100,100,241696,9 6 2 4 0 11 7 3 10 8 5 1 
982,3.55188e-06,4.13741e-06,3.05899e-06,50,100,100,241696,9 6 2 4 0 11 7 3 10 8 5 1 
983,3.49114e-06,4.13741e-06,3.05854e-06,50,100,100,241696,9 6 2 4 0 11 7 3 10 8 5 1 
984,3.50954e-06,4.13741e-06,2.97464e-06,50,100,100,241696,9 6 2 4 0 11 7 3 10 8 5 1 
985,3.57266e-06,4.13741e-06,3.1246e-06,50,100,100,241696,9 6 2 4 0 11 7 3 10 8 5 1 
986,3.56334e-06,4.13741e-06,3.08462e-06,50,100,100,241696,9 6 2 4 0 11 7 3 10 8 5 1 
987,3.57954e-06,4.13741e-06,2.97836e-06,50,100,100,241696,9 6 2 4 0 11 7 3 10 8 5 1 
988,3.5022e-06,4.13741e-06,2.97063e-06,50,100,100,241696,9 6 2 4 0 11 7 3 10 8 5 1 
989,3.55439e-06,4.13741e-06,3.10801e-06,50,100,100,241696,9 6 2 4 0 11 7 3 10 8 5 1 
990,3.56871e-06,4.13741e-06,3.1208e-06,50,100,100,241696,9 6 2 4 0 11 7 3 10 8 5 1 
991,3.54293e-06,4.13741e-06,2.94729e-06,50,100,100,241696,9 6 2 4 0 11 7 3 10 8 5 1 
992,3.56075e-06,4.13741e-06,3.08571e-06,50,100,100,241696,9 6 2 4 0 11 7 3 10 8 5 1 
993,3.53589e-06,4.13741e-06,2.99397e-06,50,100,100,241696,9 6 2 4 0 11 7 3 10 8 5 1 
994,3.59842e-06,4.13741e-06,3.0566e-06,50,100,100,241696,9 6 2 4 0 11 7 3 10 8 5 1 
995,3.60377e-06,4.13741e-06,3.07869e-06,50,100,100,241696,9 6 2 4 0 11 7 3 10 8 5 1 
996,3.64567e-06,4.13741e-06,3.05794e-06,50,100,100,241696,9 6 2 4 0 11 7 3 10 8 5 1 
997,3.62953e-06,4.13741e-06,3.1263e-06,50,100,100,241696,9 6 2 4 0 11 7 3 10 8 5 1 
998,3.62921e-06,4.13741e-06,3.07404e-06,50,100,100,241696,9 6 2 4 0 11 7 3 10 8 5 1 
999,3.57979e-06,4.13741e-06,3.04115e-06,50,100,100,241696,9 6 2 4 0 11 7 3 10 8 5 1 
