Generación,Media,Mejor,Peor,Cruzas,Mutaciones,Inversiones,Costo,Permutación
1,3.23431e-06,3.8016e-06,2.93438e-06,50,100,100,263046,6 3 8 11 5 2 7 0 1 9 4 10 
2,3.25009e-06,3.8016e-06,2.96969e-06,50,100,100,263046,6 3 8 11 5 2 7 0 1 9 4 10 
3,3.26429e-06,3.8016e-06,2.979e-06,50,100,100,263046,6 3 8 11 5 2 7 0 1 9 4 10 
4,3.2938e-06,3.8016e-06,2.97118e-06,50,100,100,263046,6 3 8 11 5 2 7 0 1 9 4 10 
5,3.27557e-06,3.8016e-06,2.94319e-06,50,100,100,263046,6 3 8 11 5 2 7 0 1 9 4 10 
6,3.26209e-06,3.8016e-06,3.01782e-06,50,100,100,263046,6 3 8 11 5 2 7 0 1 9 4 10 
7,3.24283e-06,3.8016e-06,2.92313e-06,50,100,100,263046,6 3 8 11 5 2 7 0 1 9 4 10 
8,3.28443e-06,3.8016e-06,2.99571e-06,50,100,100,263046,6 3 8 11 5 2 7 0 1 9 4 10 
9,3.28322e-06,3.82659e-06,2.96828e-06,50,100,100,261328,6 3 1 11 5 2 7 0 8 9 4 10 
10,3.31982e-06,3.82659e-06,3.01195e-06,50,100,100,261328,6 3 1 11 5 2 7 0 8 9 4 10 
11,3.30015e-06,3.82659e-06,2.85532e-06,50,100,100,261328,6 3 1 11 5 2 7 0 8 9 4 10 
12,3.30621e-06,3.82659e-06,2.95333e-06,50,100,100,261328,6 3 1 11 5 2 7 0 8 9 4 10 
13,3.29777e-06,3.82659e-06,2.97082e-06,50,100,100,261328,6 3 1 11 5 2 7 0 8 9 4 10 
14,3.28582e-06,3.82659e-06,2.90538e-06,50,100,100,261328,6 3 1 11 5 2 7 0 8 9 4 10 
15,3.31035e-06,3.90288e-06,3.00471e-06,50,100,100,256220,8 3 1 11 4 2 5 0 6 9 7 10 
16,3.34106e-06,3.90288e-06,2.99784e-06,50,100,100,256220,8 3 1 11 4 2 5 0 6 9 7 10 
17,3.30388e-06,3.90288e-06,2.97517e-06,50,100,100,256220,8 3 1 11 4 2 5 0 6 9 7 10 
18,3.33505e-06,3.90288e-06,3.03173e-06,50,100,100,256220,8 3 1 11 4 2 5 0 6 9 7 10 
19,3.33372e-06,3.90288e-06,3.00798e-06,50,100,100,256220,8 3 1 11 4 2 5 0 6 9 7 10 
20,3.32588e-06,3.90288e-06,2.93302e-06,50,100,100,256220,8 3 1 11 4 2 5 0 6 9 7 10 
21,3.32587e-06,3.90288e-06,3.04443e-06,50,100,100,256220,8 3 1 11 4 2 5 0 6 9 7 10 
22,3.33171e-06,3.90288e-06,2.99295e-06,50,100,100,256220,8 3 1 11 4 2 5 0 6 9 7 10 
23,3.31998e-06,3.90288e-06,2.92193e-06,50,100,100,256220,8 3 1 11 4 2 5 0 6 9 7 10 
24,3.30167e-06,3.90288e-06,3.03279e-06,50,100,100,256220,8 3 1 11 4 2 5 0 6 9 7 10 
25,3.32373e-06,3.90288e-06,3.01146e-06,50,100,100,256220,8 3 1 11 4 2 5 0 6 9 7 10 
26,3.34699e-06,3.90288e-06,3.02454e-06,50,100,100,256220,8 3 1 11 4 2 5 0 6 9 7 10 
27,3.30876e-06,3.90288e-06,3.01193e-06,50,100,100,256220,8 3 1 11 4 2 5 0 6 9 7 10 
28,3.31185e-06,3.90288e-06,3.00263e-06,50,100,100,256220,8 3 1 11 4 2 5 0 6 9 7 10 
29,3.32375e-06,3.90288e-06,3.02994e-06,50,100,100,256220,8 3 1 11 4 2 5 0 6 9 7 10 
30,3.33088e-06,3.90288e-06,2.88247e-06,50,100,100,256220,8 3 1 11 4 2 5 0 6 9 7 10 
31,3.31239e-06,3.90288e-06,3.02982e-06,50,100,100,256220,8 3 1 11 4 2 5 0 6 9 7 10 
32,3.31786e-06,3.90288e-06,2.96229e-06,50,100,100,256220,8 3 1 11 4 2 5 0 6 9 7 10 
33,3.31511e-06,3.90288e-06,2.95403e-06,50,100,100,256220,8 3 1 11 4 2 5 0 6 9 7 10 
34,3.36013e-06,3.92168e-06,3.05641e-06,50,100,100,254992,10 2 8 0 3 6 9 5 1 4 11 7 
35,3.32424e-06,3.98586e-06,2.98316e-06,50,100,100,250886,7 3 1 0 6 2 9 11 8 5 4 10 
36,3.3122e-06,3.98586e-06,3.01975e-06,50,100,100,250886,7 3 1 0 6 2 9 11 8 5 4 10 
37,3.30525e-06,3.98586e-06,2.91672e-06,50,100,100,250886,7 3 1 0 6 2 9 11 8 5 4 10 
38,3.31249e-06,3.98586e-06,2.99515e-06,50,100,100,250886,7 3 1 0 6 2 9 11 8 5 4 10 
39,3.2989e-06,3.98586e-06,2.94382e-06,50,100,100,250886,7 3 1 0 6 2 9 11 8 5 4 10 
40,3.29713e-06,3.98586e-06,2.95054e-06,50,100,100,250886,7 3 1 0 6 2 9 11 8 5 4 10 
41,3.30147e-06,3.98586e-06,3.08369e-06,50,100,100,250886,7 3 1 0 6 2 9 11 8 5 4 10 
42,3.30774e-06,3.98586e-06,2.98458e-06,50,100,100,250886,7 3 1 0 6 2 9 11 8 5 4 10 
43,3.32408e-06,3.98586e-06,2.99943e-06,50,100,100,250886,7 3 1 0 6 2 9 11 8 5 4 10 
44,3.31992e-06,3.98586e-06,2.95584e-06,50,100,100,250886,7 3 1 0 6 2 9 11 8 5 4 10 
45,3.31161e-06,3.98586e-06,2.9639e-06,50,100,100,250886,7 3 1 0 6 2 9 11 8 5 4 10 
46,3.3104e-06,3.98586e-06,2.97581e-06,50,100,100,250886,7 3 1 0 6 2 9 11 8 5 4 10 
47,3.33832e-06,3.98586e-06,2.99393e-06,50,100,100,250886,7 3 1 0 6 2 9 11 8 5 4 10 
48,3.31021e-06,3.98586e-06,2.98888e-06,50,100,100,250886,7 3 1 0 6 2 9 11 8 5 4 10 
49,3.32341e-06,3.98586e-06,2.96536e-06,50,100,100,250886,7 3 1 0 6 2 9 11 8 5 4 10 
50,3.31408e-06,3.98586e-06,3.02573e-06,50,100,100,250886,7 3 1 0 6 2 9 11 8 5 4 10 
51,3.28579e-06,3.98586e-06,2.97737e-06,50,100,100,250886,7 3 1 0 6 2 9 11 8 5 4 10 
52,3.28747e-06,3.98586e-06,2.93823e-06,50,100,100,250886,7 3 1 0 6 2 9 11 8 5 4 10 
53,3.284e-06,3.98586e-06,2.96739e-06,50,100,100,250886,7 3 1 0 6 2 9 11 8 5 4 10 
54,3.29429e-06,3.98586e-06,2.93468e-06,50,100,100,250886,7 3 1 0 6 2 9 11 8 5 4 10 
55,3.33484e-06,3.98586e-06,3.04185e-06,50,100,100,250886,7 3 1 0 6 2 9 11 8 5 4 10 
56,3.31341e-06,3.98586e-06,2.9172e-06,50,100,100,250886,7 3 1 0 6 2 9 11 8 5 4 10 
57,3.33838e-06,3.98586e-06,2.99538e-06,50,100,100,250886,7 3 1 0 6 2 9 11 8 5 4 10 
58,3.32866e-06,3.98586e-06,2.95871e-06,50,100,100,250886,7 3 1 0 6 2 9 11 8 5 4 10 
59,3.33051e-06,4.05573e-06,2.98937e-06,50,100,100,246564,6 3 11 0 1 2 9 8 7 5 4 10 
60,3.31575e-06,4.05573e-06,3.0362e-06,50,100,100,246564,6 3 11 0 1 2 9 8 7 5 4 10 
61,3.34486e-06,4.05665e-06,2.98186e-06,50,100,100,246508,6 3 11 8 1 2 9 0 7 5 4 10 
62,3.29275e-06,4.05665e-06,2.95763e-06,50,100,100,246508,6 3 11 8 1 2 9 0 7 5 4 10 
63,3.31978e-06,4.05665e-06,2.94493e-06,50,100,100,246508,6 3 11 8 1 2 9 0 7 5 4 10 
64,3.3154e-06,4.05665e-06,2.97749e-06,50,100,100,246508,6 3 11 8 1 2 9 0 7 5 4 10 
65,3.29656e-06,4.05665e-06,2.90927e-06,50,100,100,246508,6 3 11 8 1 2 9 0 7 5 4 10 
66,3.28896e-06,4.05665e-06,2.95855e-06,50,100,100,246508,6 3 11 8 1 2 9 0 7 5 4 10 
67,3.31242e-06,4.05665e-06,2.94541e-06,50,100,100,246508,6 3 11 8 1 2 9 0 7 5 4 10 
68,3.28566e-06,4.05665e-06,3.01188e-06,50,100,100,246508,6 3 11 8 1 2 9 0 7 5 4 10 
69,3.30191e-06,4.05665e-06,2.99511e-06,50,100,100,246508,6 3 11 8 1 2 9 0 7 5 4 10 
70,3.29494e-06,4.05665e-06,2.86094e-06,50,100,100,246508,6 3 11 8 1 2 9 0 7 5 4 10 
71,3.28934e-06,4.05665e-06,2.99528e-06,50,100,100,246508,6 3 11 8 1 2 9 0 7 5 4 10 
72,3.29917e-06,4.05665e-06,2.97794e-06,50,100,100,246508,6 3 11 8 1 2 9 0 7 5 4 10 
73,3.28837e-06,4.05665e-06,2.97077e-06,50,100,100,246508,6 3 11 8 1 2 9 0 7 5 4 10 
74,3.28477e-06,4.05665e-06,2.92919e-06,50,100,100,246508,6 3 11 8 1 2 9 0 7 5 4 10 
75,3.29259e-06,4.05665e-06,2.93828e-06,50,100,100,246508,6 3 11 8 1 2 9 0 7 5 4 10 
76,3.31141e-06,4.05665e-06,2.98578e-06,50,100,100,246508,6 3 11 8 1 2 9 0 7 5 4 10 
77,3.3043e-06,4.05665e-06,2.99235e-06,50,100,100,246508,6 3 11 8 1 2 9 0 7 5 4 10 
78,3.35112e-06,4.05665e-06,2.99021e-06,50,100,100,246508,6 3 11 8 1 2 9 0 7 5 4 10 
79,3.32311e-06,4.05665e-06,2.94259e-06,50,100,100,246508,6 3 11 8 1 2 9 0 7 5 4 10 
80,3.32362e-06,4.05665e-06,2.97086e-06,50,100,100,246508,6 3 11 8 1 2 9 0 7 5 4 10 
81,3.29896e-06,4.05665e-06,2.97549e-06,50,100,100,246508,6 3 11 8 1 2 9 0 7 5 4 10 
82,3.29923e-06,4.05665e-06,2.92086e-06,50,100,100,246508,6 3 11 8 1 2 9 0 7 5 4 10 
83,3.32365e-06,4.05665e-06,3.0343e-06,50,100,100,246508,6 3 11 8 1 2 9 0 7 5 4 10 
84,3.31843e-06,4.05665e-06,2.95918e-06,50,100,100,246508,6 3 11 8 1 2 9 0 7 5 4 10 
85,3.33098e-06,4.05665e-06,2.98635e-06,50,100,100,246508,6 3 11 8 1 2 9 0 7 5 4 10 
86,3.3335e-06,4.05665e-06,3.02619e-06,50,100,100,246508,6 3 11 8 1 2 9 0 7 5 4 10 
87,3.35518e-06,4.05665e-06,2.88039e-06,50,100,100,246508,6 3 11 8 1 2 9 0 7 5 4 10 
88,3.37511e-06,4.05665e-06,3.01369e-06,50,100,100,246508,6 3 11 8 1 2 9 0 7 5 4 10 
89,3.35639e-06,4.05665e-06,2.93757e-06,50,100,100,246508,6 3 11 8 1 2 9 0 7 5 4 10 
90,3.34117e-06,4.05665e-06,2.93566e-06,50,100,100,246508,6 3 11 8 1 2 9 0 7 5 4 10 
91,3.33759e-06,4.05665e-06,3.00588e-06,50,100,100,246508,6 3 11 8 1 2 9 0 7 5 4 10 
92,3.35748e-06,4.05665e-06,2.92712e-06,50,100,100,246508,6 3 11 8 1 2 9 0 7 5 4 10 
93,3.34538e-06,4.05665e-06,2.96559e-06,50,100,100,246508,6 3 11 8 1 2 9 0 7 5 4 10 
94,3.33836e-06,4.05665e-06,2.99203e-06,50,100,100,246508,6 3 11 8 1 2 9 0 7 5 4 10 
95,3.31501e-06,4.05994e-06,3.00999e-06,50,100,100,246308,1 3 4 11 6 2 9 0 8 5 7 10 
96,3.32085e-06,4.05994e-06,2.9899e-06,50,100,100,246308,1 3 4 11 6 2 9 0 8 5 7 10 
97,3.33218e-06,4.14053e-06,2.91073e-06,50,100,100,241514,7 3 1 11 6 2 9 0 8 5 4 10 
98,3.34449e-06,4.14053e-06,2.91861e-06,50,100,100,241514,7 3 1 11 6 2 9 0 8 5 4 10 
99,3.36995e-06,4.14053e-06,3.08542e-06,50,100,100,241514,7 3 1 11 6 2 9 0 8 5 4 10 
100,3.36154e-06,4.14053e-06,2.96373e-06,50,100,100,241514,7 3 1 11 6 2 9 0 8 5 4 10 
101,3.36326e-06,4.14053e-06,2.99779e-06,50,100,100,241514,7 3 1 11 6 2 9 0 8 5 4 10 
102,3.33262e-06,4.14053e-06,2.85867e-06,50,100,100,241514,7 3 1 11 6 2 9 0 8 5 4 10 
103,3.31983e-06,4.14053e-06,2.86988e-06,50,100,100,241514,7 3 1 11 6 2 9 0 8 5 4 10 
104,3.33545e-06,4.14053e-06,3.00614e-06,50,100,100,241514,7 3 1 11 6 2 9 0 8 5 4 10 
105,3.338e-06,4.14053e-06,2.99158e-06,50,100,100,241514,7 3 1 11 6 2 9 0 8 5 4 10 
106,3.36181e-06,4.34815e-06,3.00166e-06,50,100,100,229982,6 3 1 11 7 2 9 0 8 5 4 10 
107,3.33928e-06,4.34815e-06,2.9792e-06,50,100,100,229982,6 3 1 11 7 2 9 0 8 5 4 10 
108,3.34534e-06,4.34815e-06,2.98163e-06,50,100,100,229982,6 3 1 11 7 2 9 0 8 5 4 10 
109,3.36309e-06,4.34815e-06,2.98812e-06,50,100,100,229982,6 3 1 11 7 2 9 0 8 5 4 10 
110,3.35974e-06,4.34815e-06,2.92132e-06,50,100,100,229982,6 3 1 11 7 2 9 0 8 5 4 10 
111,3.37373e-06,4.34815e-06,2.98e-06,50,100,100,229982,6 3 1 11 7 2 9 0 8 5 4 10 
112,3.37998e-06,4.34815e-06,2.9908e-06,50,100,100,229982,6 3 1 11 7 2 9 0 8 5 4 10 
113,3.37112e-06,4.34815e-06,2.95635e-06,50,100,100,229982,6 3 1 11 7 2 9 0 8 5 4 10 
114,3.38122e-06,4.34815e-06,3.04639e-06,50,100,100,229982,6 3 1 11 7 2 9 0 8 5 4 10 
115,3.38031e-06,4.34815e-06,2.99355e-06,50,100,100,229982,6 3 1 11 7 2 9 0 8 5 4 10 
116,3.38778e-06,4.34815e-06,3.1045e-06,50,100,100,229982,6 3 1 11 7 2 9 0 8 5 4 10 
117,3.36534e-06,4.34815e-06,2.99537e-06,50,100,100,229982,6 3 1 11 7 2 9 0 8 5 4 10 
118,3.35972e-06,4.34815e-06,2.97247e-06,50,100,100,229982,6 3 1 11 7 2 9 0 8 5 4 10 
119,3.37306e-06,4.34815e-06,3.04246e-06,50,100,100,229982,6 3 1 11 7 2 9 0 8 5 4 10 
120,3.36304e-06,4.34815e-06,3.04289e-06,50,100,100,229982,6 3 1 11 7 2 9 0 8 5 4 10 
121,3.33611e-06,4.34815e-06,2.94309e-06,50,100,100,229982,6 3 1 11 7 2 9 0 8 5 4 10 
122,3.32172e-06,4.34815e-06,3.04246e-06,50,100,100,229982,6 3 1 11 7 2 9 0 8 5 4 10 
123,3.32162e-06,4.34815e-06,2.96651e-06,50,100,100,229982,6 3 1 11 7 2 9 0 8 5 4 10 
124,3.35646e-06,4.34815e-06,2.99768e-06,50,100,100,229982,6 3 1 11 7 2 9 0 8 5 4 10 
125,3.33641e-06,4.34815e-06,2.99399e-06,50,100,100,229982,6 3 1 11 7 2 9 0 8 5 4 10 
126,3.39138e-06,4.34815e-06,3.01862e-06,50,100,100,229982,6 3 1 11 7 2 9 0 8 5 4 10 
127,3.38241e-06,4.34815e-06,2.98813e-06,50,100,100,229982,6 3 1 11 7 2 9 0 8 5 4 10 
128,3.3483e-06,4.34815e-06,2.98496e-06,50,100,100,229982,6 3 1 11 7 2 9 0 8 5 4 10 
129,3.35515e-06,4.34815e-06,2.96116e-06,50,100,100,229982,6 3 1 11 7 2 9 0 8 5 4 10 
130,3.35535e-06,4.34815e-06,3.0267e-06,50,100,100,229982,6 3 1 11 7 2 9 0 8 5 4 10 
131,3.3137e-06,4.34815e-06,2.93055e-06,50,100,100,229982,6 3 1 11 7 2 9 0 8 5 4 10 
132,3.32993e-06,4.34815e-06,2.96909e-06,50,100,100,229982,6 3 1 11 7 2 9 0 8 5 4 10 
133,3.33718e-06,4.34815e-06,2.9743e-06,50,100,100,229982,6 3 1 11 7 2 9 0 8 5 4 10 
134,3.32332e-06,4.34815e-06,2.99037e-06,50,100,100,229982,6 3 1 11 7 2 9 0 8 5 4 10 
135,3.31698e-06,4.34815e-06,3.01293e-06,50,100,100,229982,6 3 1 11 7 2 9 0 8 5 4 10 
136,3.30476e-06,4.34815e-06,2.9642e-06,50,100,100,229982,6 3 1 11 7 2 9 0 8 5 4 10 
137,3.30887e-06,4.34815e-06,2.96857e-06,50,100,100,229982,6 3 1 11 7 2 9 0 8 5 4 10 
138,3.3171e-06,4.34815e-06,2.96187e-06,50,100,100,229982,6 3 1 11 7 2 9 0 8 5 4 10 
139,3.31872e-06,4.34815e-06,2.97831e-06,50,100,100,229982,6 3 1 11 7 2 9 0 8 5 4 10 
140,3.32493e-06,4.34815e-06,2.99216e-06,50,100,100,229982,6 3 1 11 7 2 9 0 8 5 4 10 
141,3.31539e-06,4.34815e-06,2.98177e-06,50,100,100,229982,6 3 1 11 7 2 9 0 8 5 4 10 
142,3.2947e-06,4.34815e-06,2.91047e-06,50,100,100,229982,6 3 1 11 7 2 9 0 8 5 4 10 
143,3.31342e-06,4.34815e-06,2.99501e-06,50,100,100,229982,6 3 1 11 7 2 9 0 8 5 4 10 
144,3.33513e-06,4.34815e-06,2.94717e-06,50,100,100,229982,6 3 1 11 7 2 9 0 8 5 4 10 
145,3.37248e-06,4.34815e-06,2.98231e-06,50,100,100,229982,6 3 1 11 7 2 9 0 8 5 4 10 
146,3.34705e-06,4.34815e-06,3.09122e-06,50,100,100,229982,6 3 1 11 7 2 9 0 8 5 4 10 
147,3.32701e-06,4.34815e-06,3.02436e-06,50,100,100,229982,6 3 1 11 7 2 9 0 8 5 4 10 
148,3.33486e-06,4.34815e-06,3.03598e-06,50,100,100,229982,6 3 1 11 7 2 9 0 8 5 4 10 
149,3.33738e-06,4.34815e-06,3.00576e-06,50,100,100,229982,6 3 1 11 7 2 9 0 8 5 4 10 
150,3.32364e-06,4.34815e-06,3.00328e-06,50,100,100,229982,6 3 1 11 7 2 9 0 8 5 4 10 
151,3.35529e-06,4.34815e-06,3.06516e-06,50,100,100,229982,6 3 1 11 7 2 9 0 8 5 4 10 
152,3.33994e-06,4.34815e-06,3.0156e-06,50,100,100,229982,6 3 1 11 7 2 9 0 8 5 4 10 
153,3.33624e-06,4.34815e-06,2.96253e-06,50,100,100,229982,6 3 1 11 7 2 9 0 8 5 4 10 
154,3.31415e-06,4.34815e-06,2.9609e-06,50,100,100,229982,6 3 1 11 7 2 9 0 8 5 4 10 
155,3.29917e-06,4.34815e-06,2.91532e-06,50,100,100,229982,6 3 1 11 7 2 9 0 8 5 4 10 
156,3.31625e-06,4.34815e-06,2.92633e-06,50,100,100,229982,6 3 1 11 7 2 9 0 8 5 4 10 
157,3.2978e-06,4.34815e-06,3.03143e-06,50,100,100,229982,6 3 1 11 7 2 9 0 8 5 4 10 
158,3.28891e-06,4.34815e-06,2.93542e-06,50,100,100,229982,6 3 1 11 7 2 9 0 8 5 4 10 
159,3.28573e-06,4.34815e-06,2.89639e-06,50,100,100,229982,6 3 1 11 7 2 9 0 8 5 4 10 
160,3.28938e-06,4.34815e-06,2.95548e-06,50,100,100,229982,6 3 1 11 7 2 9 0 8 5 4 10 
161,3.28744e-06,4.34815e-06,2.95117e-06,50,100,100,229982,6 3 1 11 7 2 9 0 8 5 4 10 
162,3.26832e-06,4.34815e-06,2.89562e-06,50,100,100,229982,6 3 1 11 7 2 9 0 8 5 4 10 
163,3.2981e-06,4.34815e-06,2.95171e-06,50,100,100,229982,6 3 1 11 7 2 9 0 8 5 4 10 
164,3.31795e-06,4.34815e-06,2.96341e-06,50,100,100,229982,6 3 1 11 7 2 9 0 8 5 4 10 
165,3.33385e-06,4.34815e-06,2.94711e-06,50,100,100,229982,6 3 1 11 7 2 9 0 8 5 4 10 
166,3.32899e-06,4.34815e-06,3.01667e-06,50,100,100,229982,6 3 1 11 7 2 9 0 8 5 4 10 
167,3.28843e-06,4.34815e-06,2.95268e-06,50,100,100,229982,6 3 1 11 7 2 9 0 8 5 4 10 
168,3.32092e-06,4.34815e-06,2.9289e-06,50,100,100,229982,6 3 1 11 7 2 9 0 8 5 4 10 
169,3.32162e-06,4.34815e-06,2.95376e-06,50,100,100,229982,6 3 1 11 7 2 9 0 8 5 4 10 
170,3.31667e-06,4.34815e-06,2.96524e-06,50,100,100,229982,6 3 1 11 7 2 9 0 8 5 4 10 
171,3.27649e-06,4.34815e-06,2.93392e-06,50,100,100,229982,6 3 1 11 7 2 9 0 8 5 4 10 
172,3.29555e-06,4.34815e-06,2.99955e-06,50,100,100,229982,6 3 1 11 7 2 9 0 8 5 4 10 
173,3.31696e-06,4.34815e-06,2.89108e-06,50,100,100,229982,6 3 1 11 7 2 9 0 8 5 4 10 
174,3.32698e-06,4.34815e-06,2.91223e-06,50,100,100,229982,6 3 1 11 7 2 9 0 8 5 4 10 
175,3.37517e-06,4.34815e-06,2.93179e-06,50,100,100,229982,6 3 1 11 7 2 9 0 8 5 4 10 
176,3.3137e-06,4.34815e-06,2.94148e-06,50,100,100,229982,6 3 1 11 7 2 9 0 8 5 4 10 
177,3.31755e-06,4.34815e-06,2.98083e-06,50,100,100,229982,6 3 1 11 7 2 9 0 8 5 4 10 
178,3.29241e-06,4.34815e-06,2.9773e-06,50,100,100,229982,6 3 1 11 7 2 9 0 8 5 4 10 
179,3.31614e-06,4.34815e-06,2.95801e-06,50,100,100,229982,6 3 1 11 7 2 9 0 8 5 4 10 
180,3.35417e-06,4.34815e-06,2.97675e-06,50,100,100,229982,6 3 1 11 7 2 9 0 8 5 4 10 
181,3.3571e-06,4.34815e-06,3.00045e-06,50,100,100,229982,6 3 1 11 7 2 9 0 8 5 4 10 
182,3.35627e-06,4.34815e-06,3.02694e-06,50,100,100,229982,6 3 1 11 7 2 9 0 8 5 4 10 
183,3.35562e-06,4.34815e-06,2.92743e-06,50,100,100,229982,6 3 1 11 7 2 9 0 8 5 4 10 
184,3.37659e-06,4.34815e-06,3.05361e-06,50,100,100,229982,6 3 1 11 7 2 9 0 8 5 4 10 
185,3.37123e-06,4.34815e-06,3.02417e-06,50,100,100,229982,6 3 1 11 7 2 9 0 8 5 4 10 
186,3.35191e-06,4.34815e-06,2.9716e-06,50,100,100,229982,6 3 1 11 7 2 9 0 8 5 4 10 
187,3.39351e-06,4.34815e-06,3.06096e-06,50,100,100,229982,6 3 1 11 7 2 9 0 8 5 4 10 
188,3.41019e-06,4.34815e-06,3.06028e-06,50,100,100,229982,6 3 1 11 7 2 9 0 8 5 4 10 
189,3.3735e-06,4.34815e-06,3.02956e-06,50,100,100,229982,6 3 1 11 7 2 9 0 8 5 4 10 
190,3.39324e-06,4.34815e-06,2.99286e-06,50,100,100,229982,6 3 1 11 7 2 9 0 8 5 4 10 
191,3.35789e-06,4.34815e-06,3.04862e-06,50,100,100,229982,6 3 1 11 7 2 9 0 8 5 4 10 
192,3.37009e-06,4.34815e-06,3.03173e-06,50,100,100,229982,6 3 1 11 7 2 9 0 8 5 4 10 
193,3.37942e-06,4.34815e-06,2.9782e-06,50,100,100,229982,6 3 1 11 7 2 9 0 8 5 4 10 
194,3.3788e-06,4.34815e-06,2.99695e-06,50,100,100,229982,6 3 1 11 7 2 9 0 8 5 4 10 
195,3.37432e-06,4.34815e-06,2.9625e-06,50,100,100,229982,6 3 1 11 7 2 9 0 8 5 4 10 
196,3.37768e-06,4.34815e-06,3.01168e-06,50,100,100,229982,6 3 1 11 7 2 9 0 8 5 4 10 
197,3.36425e-06,4.34815e-06,2.98277e-06,50,100,100,229982,6 3 1 11 7 2 9 0 8 5 4 10 
198,3.34051e-06,4.34815e-06,2.96936e-06,50,100,100,229982,6 3 1 11 7 2 9 0 8 5 4 10 
199,3.3674e-06,4.34815e-06,3.00686e-06,50,100,100,229982,6 3 1 11 7 2 9 0 8 5 4 10 
200,3.36525e-06,4.34815e-06,2.94103e-06,50,100,100,229982,6 3 1 11 7 2 9 0 8 5 4 10 
201,3.34651e-06,4.34815e-06,2.97015e-06,50,100,100,229982,6 3 1 11 7 2 9 0 8 5 4 10 
202,3.32387e-06,4.34815e-06,2.95724e-06,50,100,100,229982,6 3 1 11 7 2 9 0 8 5 4 10 
203,3.32929e-06,4.34815e-06,3.01246e-06,50,100,100,229982,6 3 1 11 7 2 9 0 8 5 4 10 
204,3.34942e-06,4.34815e-06,2.97254e-06,50,100,100,229982,6 3 1 11 7 2 9 0 8 5 4 10 
205,3.31248e-06,4.34815e-06,2.92645e-06,50,100,100,229982,6 3 1 11 7 2 9 0 8 5 4 10 
206,3.30797e-06,4.34815e-06,2.96173e-06,50,100,100,229982,6 3 1 11 7 2 9 0 8 5 4 10 
207,3.33027e-06,4.34815e-06,2.97218e-06,50,100,100,229982,6 3 1 11 7 2 9 0 8 5 4 10 
208,3.33645e-06,4.34815e-06,2.99763e-06,50,100,100,229982,6 3 1 11 7 2 9 0 8 5 4 10 
209,3.30233e-06,4.34815e-06,2.96489e-06,50,100,100,229982,6 3 1 11 7 2 9 0 8 5 4 10 
210,3.31337e-06,4.34815e-06,2.96961e-06,50,100,100,229982,6 3 1 11 7 2 9 0 8 5 4 10 
211,3.33769e-06,4.34815e-06,2.99476e-06,50,100,100,229982,6 3 1 11 7 2 9 0 8 5 4 10 
212,3.34283e-06,4.34815e-06,2.97889e-06,50,100,100,229982,6 3 1 11 7 2 9 0 8 5 4 10 
213,3.33753e-06,4.34815e-06,3.00601e-06,50,100,100,229982,6 3 1 11 7 2 9 0 8 5 4 10 
214,3.32359e-06,4.34815e-06,2.99135e-06,50,100,100,229982,6 3 1 11 7 2 9 0 8 5 4 10 
215,3.34972e-06,4.34815e-06,3.00912e-06,50,100,100,229982,6 3 1 11 7 2 9 0 8 5 4 10 
216,3.31813e-06,4.34815e-06,2.9796e-06,50,100,100,229982,6 3 1 11 7 2 9 0 8 5 4 10 
217,3.323e-06,4.34815e-06,2.99336e-06,50,100,100,229982,6 3 1 11 7 2 9 0 8 5 4 10 
218,3.3424e-06,4.34815e-06,2.95509e-06,50,100,100,229982,6 3 1 11 7 2 9 0 8 5 4 10 
219,3.37732e-06,4.34815e-06,2.98867e-06,50,100,100,229982,6 3 1 11 7 2 9 0 8 5 4 10 
220,3.35904e-06,4.34815e-06,3.09143e-06,50,100,100,229982,6 3 1 11 7 2 9 0 8 5 4 10 
221,3.33713e-06,4.34815e-06,3.00298e-06,50,100,100,229982,6 3 1 11 7 2 9 0 8 5 4 10 
222,3.30855e-06,4.34815e-06,2.94198e-06,50,100,100,229982,6 3 1 11 7 2 9 0 8 5 4 10 
223,3.36661e-06,4.34815e-06,2.98344e-06,50,100,100,229982,6 3 1 11 7 2 9 0 8 5 4 10 
224,3.36253e-06,4.34815e-06,2.97622e-06,50,100,100,229982,6 3 1 11 7 2 9 0 8 5 4 10 
225,3.32282e-06,4.34815e-06,2.97195e-06,50,100,100,229982,6 3 1 11 7 2 9 0 8 5 4 10 
226,3.35322e-06,4.34815e-06,3e-06,50,100,100,229982,6 3 1 11 7 2 9 0 8 5 4 10 
227,3.34145e-06,4.34815e-06,3.00098e-06,50,100,100,229982,6 3 1 11 7 2 9 0 8 5 4 10 
228,3.37806e-06,4.34815e-06,3.02136e-06,50,100,100,229982,6 3 1 11 7 2 9 0 8 5 4 10 
229,3.34137e-06,4.34815e-06,3.01857e-06,50,100,100,229982,6 3 1 11 7 2 9 0 8 5 4 10 
230,3.32773e-06,4.34815e-06,3.02465e-06,50,100,100,229982,6 3 1 11 7 2 9 0 8 5 4 10 
231,3.28448e-06,4.34815e-06,2.92059e-06,50,100,100,229982,6 3 1 11 7 2 9 0 8 5 4 10 
232,3.31524e-06,4.34815e-06,2.96438e-06,50,100,100,229982,6 3 1 11 7 2 9 0 8 5 4 10 
233,3.32463e-06,4.34815e-06,2.9032e-06,50,100,100,229982,6 3 1 11 7 2 9 0 8 5 4 10 
234,3.32884e-06,4.34815e-06,2.98355e-06,50,100,100,229982,6 3 1 11 7 2 9 0 8 5 4 10 
235,3.32423e-06,4.34815e-06,2.92323e-06,50,100,100,229982,6 3 1 11 7 2 9 0 8 5 4 10 
236,3.33449e-06,4.34815e-06,2.9495e-06,50,100,100,229982,6 3 1 11 7 2 9 0 8 5 4 10 
237,3.35618e-06,4.34815e-06,3.04078e-06,50,100,100,229982,6 3 1 11 7 2 9 0 8 5 4 10 
238,3.34938e-06,4.34815e-06,3.00033e-06,50,100,100,229982,6 3 1 11 7 2 9 0 8 5 4 10 
239,3.39871e-06,4.34815e-06,2.98863e-06,50,100,100,229982,6 3 1 11 7 2 9 0 8 5 4 10 
240,3.37751e-06,4.34815e-06,2.9158e-06,50,100,100,229982,6 3 1 11 7 2 9 0 8 5 4 10 
241,3.40256e-06,4.34815e-06,3.03116e-06,50,100,100,229982,6 3 1 11 7 2 9 0 8 5 4 10 
242,3.37202e-06,4.34815e-06,3.03716e-06,50,100,100,229982,6 3 1 11 7 2 9 0 8 5 4 10 
243,3.35845e-06,4.34815e-06,2.9348e-06,50,100,100,229982,6 3 1 11 7 2 9 0 8 5 4 10 
244,3.39134e-06,4.34815e-06,3.02236e-06,50,100,100,229982,6 3 1 11 7 2 9 0 8 5 4 10 
245,3.3674e-06,4.34815e-06,3.02716e-06,50,100,100,229982,6 3 1 11 7 2 9 0 8 5 4 10 
246,3.35611e-06,4.34815e-06,2.99225e-06,50,100,100,229982,6 3 1 11 7 2 9 0 8 5 4 10 
247,3.34718e-06,4.34815e-06,3.02793e-06,50,100,100,229982,6 3 1 11 7 2 9 0 8 5 4 10 
248,3.37584e-06,4.34815e-06,3.01142e-06,50,100,100,229982,6 3 1 11 7 2 9 0 8 5 4 10 
249,3.37821e-06,4.34815e-06,3.0037e-06,50,100,100,229982,6 3 1 11 7 2 9 0 8 5 4 10 
250,3.34961e-06,4.34815e-06,3.00832e-06,50,100,100,229982,6 3 1 11 7 2 9 0 8 5 4 10 
251,3.334e-06,4.34815e-06,2.99201e-06,50,100,100,229982,6 3 1 11 7 2 9 0 8 5 4 10 
252,3.31565e-06,4.34815e-06,2.94311e-06,50,100,100,229982,6 3 1 11 7 2 9 0 8 5 4 10 
253,3.31332e-06,4.34815e-06,2.92938e-06,50,100,100,229982,6 3 1 11 7 2 9 0 8 5 4 10 
254,3.27145e-06,4.34815e-06,2.91958e-06,50,100,100,229982,6 3 1 11 7 2 9 0 8 5 4 10 
255,3.31014e-06,4.34815e-06,2.98526e-06,50,100,100,229982,6 3 1 11 7 2 9 0 8 5 4 10 
256,3.3317e-06,4.34815e-06,2.97012e-06,50,100,100,229982,6 3 1 11 7 2 9 0 8 5 4 10 
257,3.36676e-06,4.34815e-06,3.06435e-06,50,100,100,229982,6 3 1 11 7 2 9 0 8 5 4 10 
258,3.35113e-06,4.34815e-06,3.03368e-06,50,100,100,229982,6 3 1 11 7 2 9 0 8 5 4 10 
259,3.36319e-06,4.34815e-06,3.01789e-06,50,100,100,229982,6 3 1 11 7 2 9 0 8 5 4 10 
260,3.36745e-06,4.34815e-06,2.97897e-06,50,100,100,229982,6 3 1 11 7 2 9 0 8 5 4 10 
261,3.38244e-06,4.34815e-06,3.00851e-06,50,100,100,229982,6 3 1 11 7 2 9 0 8 5 4 10 
262,3.37126e-06,4.34815e-06,3.07107e-06,50,100,100,229982,6 3 1 11 7 2 9 0 8 5 4 10 
263,3.34619e-06,4.34815e-06,2.97957e-06,50,100,100,229982,6 3 1 11 7 2 9 0 8 5 4 10 
264,3.34143e-06,4.34815e-06,3.0413e-06,50,100,100,229982,6 3 1 11 7 2 9 0 8 5 4 10 
265,3.36569e-06,4.34815e-06,3.0304e-06,50,100,100,229982,6 3 1 11 7 2 9 0 8 5 4 10 
266,3.36089e-06,4.34815e-06,2.97314e-06,50,100,100,229982,6 3 1 11 7 2 9 0 8 5 4 10 
267,3.37285e-06,4.34815e-06,3.03006e-06,50,100,100,229982,6 3 1 11 7 2 9 0 8 5 4 10 
268,3.32735e-06,4.34815e-06,3.00749e-06,50,100,100,229982,6 3 1 11 7 2 9 0 8 5 4 10 
269,3.3776e-06,4.34815e-06,3.06494e-06,50,100,100,229982,6 3 1 11 7 2 9 0 8 5 4 10 
270,3.34824e-06,4.34815e-06,2.93196e-06,50,100,100,229982,6 3 1 11 7 2 9 0 8 5 4 10 
271,3.3429e-06,4.34815e-06,3.01447e-06,50,100,100,229982,6 3 1 11 7 2 9 0 8 5 4 10 
272,3.33657e-06,4.34815e-06,3.01244e-06,50,100,100,229982,6 3 1 11 7 2 9 0 8 5 4 10 
273,3.35164e-06,4.34815e-06,3.00343e-06,50,100,100,229982,6 3 1 11 7 2 9 0 8 5 4 10 
274,3.33653e-06,4.34815e-06,3.04135e-06,50,100,100,229982,6 3 1 11 7 2 9 0 8 5 4 10 
275,3.35673e-06,4.34815e-06,2.97521e-06,50,100,100,229982,6 3 1 11 7 2 9 0 8 5 4 10 
276,3.33974e-06,4.34815e-06,2.99173e-06,50,100,100,229982,6 3 1 11 7 2 9 0 8 5 4 10 
277,3.34247e-06,4.34815e-06,2.97402e-06,50,100,100,229982,6 3 1 11 7 2 9 0 8 5 4 10 
278,3.34668e-06,4.34815e-06,2.93576e-06,50,100,100,229982,6 3 1 11 7 2 9 0 8 5 4 10 
279,3.33847e-06,4.34815e-06,3.00778e-06,50,100,100,229982,6 3 1 11 7 2 9 0 8 5 4 10 
280,3.34786e-06,4.34815e-06,3.02686e-06,50,100,100,229982,6 3 1 11 7 2 9 0 8 5 4 10 
281,3.33251e-06,4.34815e-06,2.94295e-06,50,100,100,229982,6 3 1 11 7 2 9 0 8 5 4 10 
282,3.36781e-06,4.34815e-06,3.04196e-06,50,100,100,229982,6 3 1 11 7 2 9 0 8 5 4 10 
283,3.40277e-06,4.34815e-06,3.03152e-06,50,100,100,229982,6 3 1 11 7 2 9 0 8 5 4 10 
284,3.38765e-06,4.34815e-06,3.01642e-06,50,100,100,229982,6 3 1 11 7 2 9 0 8 5 4 10 
285,3.37762e-06,4.34815e-06,2.96248e-06,50,100,100,229982,6 3 1 11 7 2 9 0 8 5 4 10 
286,3.39192e-06,4.34815e-06,2.9942e-06,50,100,100,229982,6 3 1 11 7 2 9 0 8 5 4 10 
287,3.36073e-06,4.34815e-06,3.02813e-06,50,100,100,229982,6 3 1 11 7 2 9 0 8 5 4 10 
288,3.34706e-06,4.34815e-06,2.96483e-06,50,100,100,229982,6 3 1 11 7 2 9 0 8 5 4 10 
289,3.30959e-06,4.34815e-06,2.84617e-06,50,100,100,229982,6 3 1 11 7 2 9 0 8 5 4 10 
290,3.36669e-06,4.34815e-06,3.01293e-06,50,100,100,229982,6 3 1 11 7 2 9 0 8 5 4 10 
291,3.3602e-06,4.34815e-06,3.03254e-06,50,100,100,229982,6 3 1 11 7 2 9 0 8 5 4 10 
292,3.33616e-06,4.34815e-06,2.95397e-06,50,100,100,229982,6 3 1 11 7 2 9 0 8 5 4 10 
293,3.34585e-06,4.34815e-06,2.97466e-06,50,100,100,229982,6 3 1 11 7 2 9 0 8 5 4 10 
294,3.35007e-06,4.34815e-06,3.07021e-06,50,100,100,229982,6 3 1 11 7 2 9 0 8 5 4 10 
295,3.32047e-06,4.34815e-06,2.95731e-06,50,100,100,229982,6 3 1 11 7 2 9 0 8 5 4 10 
296,3.32121e-06,4.34815e-06,2.91726e-06,50,100,100,229982,6 3 1 11 7 2 9 0 8 5 4 10 
297,3.3393e-06,4.34815e-06,2.95305e-06,50,100,100,229982,6 3 1 11 7 2 9 0 8 5 4 10 
298,3.33529e-06,4.34815e-06,3.00708e-06,50,100,100,229982,6 3 1 11 7 2 9 0 8 5 4 10 
299,3.35984e-06,4.34815e-06,2.96457e-06,50,100,100,229982,6 3 1 11 7 2 9 0 8 5 4 10 
300,3.35923e-06,4.34815e-06,3.03029e-06,50,100,100,229982,6 3 1 11 7 2 9 0 8 5 4 10 
301,3.3179e-06,4.34815e-06,2.95663e-06,50,100,100,229982,6 3 1 11 7 2 9 0 8 5 4 10 
302,3.35475e-06,4.34815e-06,2.95892e-06,50,100,100,229982,6 3 1 11 7 2 9 0 8 5 4 10 
303,3.35707e-06,4.34815e-06,2.98023e-06,50,100,100,229982,6 3 1 11 7 2 9 0 8 5 4 10 
304,3.36653e-06,4.34815e-06,2.98626e-06,50,100,100,229982,6 3 1 11 7 2 9 0 8 5 4 10 
305,3.338e-06,4.34815e-06,2.9495e-06,50,100,100,229982,6 3 1 11 7 2 9 0 8 5 4 10 
306,3.35758e-06,4.34815e-06,3.01008e-06,50,100,100,229982,6 3 1 11 7 2 9 0 8 5 4 10 
307,3.34272e-06,4.34815e-06,2.94295e-06,50,100,100,229982,6 3 1 11 7 2 9 0 8 5 4 10 
308,3.38598e-06,4.34815e-06,2.94048e-06,50,100,100,229982,6 3 1 11 7 2 9 0 8 5 4 10 
309,3.34492e-06,4.34815e-06,3.03952e-06,50,100,100,229982,6 3 1 11 7 2 9 0 8 5 4 10 
310,3.32984e-06,4.34815e-06,2.9306e-06,50,100,100,229982,6 3 1 11 7 2 9 0 8 5 4 10 
311,3.32483e-06,4.34815e-06,2.94418e-06,50,100,100,229982,6 3 1 11 7 2 9 0 8 5 4 10 
312,3.30773e-06,4.34815e-06,2.91854e-06,50,100,100,229982,6 3 1 11 7 2 9 0 8 5 4 10 
313,3.32776e-06,4.34815e-06,2.96018e-06,50,100,100,229982,6 3 1 11 7 2 9 0 8 5 4 10 
314,3.32857e-06,4.34815e-06,2.99252e-06,50,100,100,229982,6 3 1 11 7 2 9 0 8 5 4 10 
315,3.31955e-06,4.34815e-06,2.98933e-06,50,100,100,229982,6 3 1 11 7 2 9 0 8 5 4 10 
316,3.33537e-06,4.34815e-06,3.04872e-06,50,100,100,229982,6 3 1 11 7 2 9 0 8 5 4 10 
317,3.36828e-06,4.34815e-06,2.96171e-06,50,100,100,229982,6 3 1 11 7 2 9 0 8 5 4 10 
318,3.35983e-06,4.34815e-06,3.03524e-06,50,100,100,229982,6 3 1 11 7 2 9 0 8 5 4 10 
319,3.382e-06,4.34815e-06,3.00661e-06,50,100,100,229982,6 3 1 11 7 2 9 0 8 5 4 10 
320,3.36184e-06,4.34815e-06,3.00415e-06,50,100,100,229982,6 3 1 11 7 2 9 0 8 5 4 10 
321,3.32717e-06,4.34815e-06,2.96429e-06,50,100,100,229982,6 3 1 11 7 2 9 0 8 5 4 10 
322,3.37433e-06,4.34815e-06,3.03812e-06,50,100,100,229982,6 3 1 11 7 2 9 0 8 5 4 10 
323,3.3561e-06,4.34815e-06,2.93944e-06,50,100,100,229982,6 3 1 11 7 2 9 0 8 5 4 10 
324,3.34386e-06,4.34815e-06,2.99741e-06,50,100,100,229982,6 3 1 11 7 2 9 0 8 5 4 10 
325,3.3401e-06,4.34815e-06,3.01444e-06,50,100,100,229982,6 3 1 11 7 2 9 0 8 5 4 10 
326,3.34325e-06,4.34815e-06,3.01313e-06,50,100,100,229982,6 3 1 11 7 2 9 0 8 5 4 10 
327,3.33363e-06,4.34815e-06,2.97021e-06,50,100,100,229982,6 3 1 11 7 2 9 0 8 5 4 10 
328,3.35721e-06,4.34815e-06,2.98236e-06,50,100,100,229982,6 3 1 11 7 2 9 0 8 5 4 10 
329,3.33119e-06,4.34815e-06,2.99359e-06,50,100,100,229982,6 3 1 11 7 2 9 0 8 5 4 10 
330,3.35294e-06,4.34815e-06,2.98179e-06,50,100,100,229982,6 3 1 11 7 2 9 0 8 5 4 10 
331,3.34907e-06,4.34815e-06,2.99943e-06,50,100,100,229982,6 3 1 11 7 2 9 0 8 5 4 10 
332,3.3206e-06,4.34815e-06,3.00644e-06,50,100,100,229982,6 3 1 11 7 2 9 0 8 5 4 10 
333,3.32465e-06,4.34815e-06,3.02328e-06,50,100,100,229982,6 3 1 11 7 2 9 0 8 5 4 10 
334,3.33201e-06,4.34815e-06,3.01877e-06,50,100,100,229982,6 3 1 11 7 2 9 0 8 5 4 10 
335,3.32107e-06,4.34815e-06,2.98483e-06,50,100,100,229982,6 3 1 11 7 2 9 0 8 5 4 10 
336,3.3575e-06,4.34815e-06,2.96964e-06,50,100,100,229982,6 3 1 11 7 2 9 0 8 5 4 10 
337,3.36459e-06,4.34815e-06,2.95838e-06,50,100,100,229982,6 3 1 11 7 2 9 0 8 5 4 10 
338,3.38007e-06,4.34815e-06,3.04469e-06,50,100,100,229982,6 3 1 11 7 2 9 0 8 5 4 10 
339,3.3471e-06,4.34815e-06,3.06066e-06,50,100,100,229982,6 3 1 11 7 2 9 0 8 5 4 10 
340,3.35009e-06,4.34815e-06,2.98202e-06,50,100,100,229982,6 3 1 11 7 2 9 0 8 5 4 10 
341,3.34948e-06,4.34815e-06,2.96955e-06,50,100,100,229982,6 3 1 11 7 2 9 0 8 5 4 10 
342,3.33423e-06,4.34815e-06,2.96301e-06,50,100,100,229982,6 3 1 11 7 2 9 0 8 5 4 10 
343,3.3471e-06,4.34815e-06,2.95162e-06,50,100,100,229982,6 3 1 11 7 2 9 0 8 5 4 10 
344,3.36835e-06,4.34815e-06,3.0761e-06,50,100,100,229982,6 3 1 11 7 2 9 0 8 5 4 10 
345,3.34317e-06,4.34815e-06,3.01458e-06,50,100,100,229982,6 3 1 11 7 2 9 0 8 5 4 10 
346,3.33818e-06,4.34815e-06,3.01287e-06,50,100,100,229982,6 3 1 11 7 2 9 0 8 5 4 10 
347,3.31822e-06,4.34815e-06,2.97089e-06,50,100,100,229982,6 3 1 11 7 2 9 0 8 5 4 10 
348,3.31954e-06,4.34815e-06,2.95035e-06,50,100,100,229982,6 3 1 11 7 2 9 0 8 5 4 10 
349,3.33133e-06,4.34815e-06,2.98097e-06,50,100,100,229982,6 3 1 11 7 2 9 0 8 5 4 10 
350,3.32054e-06,4.34815e-06,2.98193e-06,50,100,100,229982,6 3 1 11 7 2 9 0 8 5 4 10 
351,3.34625e-06,4.34815e-06,2.96141e-06,50,100,100,229982,6 3 1 11 7 2 9 0 8 5 4 10 
352,3.3408e-06,4.34815e-06,2.99293e-06,50,100,100,229982,6 3 1 11 7 2 9 0 8 5 4 10 
353,3.35112e-06,4.34815e-06,3.02368e-06,50,100,100,229982,6 3 1 11 7 2 9 0 8 5 4 10 
354,3.38699e-06,4.34815e-06,3.00386e-06,50,100,100,229982,6 3 1 11 7 2 9 0 8 5 4 10 
355,3.33987e-06,4.34815e-06,2.99991e-06,50,100,100,229982,6 3 1 11 7 2 9 0 8 5 4 10 
356,3.33776e-06,4.34815e-06,3.03578e-06,50,100,100,229982,6 3 1 11 7 2 9 0 8 5 4 10 
357,3.31945e-06,4.34815e-06,2.97984e-06,50,100,100,229982,6 3 1 11 7 2 9 0 8 5 4 10 
358,3.34053e-06,4.34815e-06,2.98797e-06,50,100,100,229982,6 3 1 11 7 2 9 0 8 5 4 10 
359,3.34731e-06,4.34815e-06,2.97952e-06,50,100,100,229982,6 3 1 11 7 2 9 0 8 5 4 10 
360,3.33427e-06,4.34815e-06,2.96397e-06,50,100,100,229982,6 3 1 11 7 2 9 0 8 5 4 10 
361,3.32184e-06,4.34815e-06,2.93345e-06,50,100,100,229982,6 3 1 11 7 2 9 0 8 5 4 10 
362,3.35122e-06,4.34815e-06,3.06665e-06,50,100,100,229982,6 3 1 11 7 2 9 0 8 5 4 10 
363,3.33801e-06,4.34815e-06,2.96113e-06,50,100,100,229982,6 3 1 11 7 2 9 0 8 5 4 10 
364,3.34287e-06,4.34815e-06,3.02589e-06,50,100,100,229982,6 3 1 11 7 2 9 0 8 5 4 10 
365,3.3477e-06,4.34815e-06,3.00632e-06,50,100,100,229982,6 3 1 11 7 2 9 0 8 5 4 10 
366,3.33374e-06,4.34815e-06,2.98366e-06,50,100,100,229982,6 3 1 11 7 2 9 0 8 5 4 10 
367,3.33351e-06,4.34815e-06,2.98417e-06,50,100,100,229982,6 3 1 11 7 2 9 0 8 5 4 10 
368,3.33481e-06,4.34815e-06,2.93438e-06,50,100,100,229982,6 3 1 11 7 2 9 0 8 5 4 10 
369,3.32486e-06,4.34815e-06,2.96568e-06,50,100,100,229982,6 3 1 11 7 2 9 0 8 5 4 10 
370,3.33167e-06,4.34815e-06,3.04361e-06,50,100,100,229982,6 3 1 11 7 2 9 0 8 5 4 10 
371,3.31301e-06,4.34815e-06,2.95218e-06,50,100,100,229982,6 3 1 11 7 2 9 0 8 5 4 10 
372,3.34925e-06,4.34815e-06,2.9961e-06,50,100,100,229982,6 3 1 11 7 2 9 0 8 5 4 10 
373,3.3144e-06,4.34815e-06,2.96387e-06,50,100,100,229982,6 3 1 11 7 2 9 0 8 5 4 10 
374,3.32942e-06,4.34815e-06,3.06787e-06,50,100,100,229982,6 3 1 11 7 2 9 0 8 5 4 10 
375,3.34901e-06,4.34815e-06,2.95382e-06,50,100,100,229982,6 3 1 11 7 2 9 0 8 5 4 10 
376,3.35299e-06,4.34815e-06,3.0314e-06,50,100,100,229982,6 3 1 11 7 2 9 0 8 5 4 10 
377,3.3435e-06,4.34815e-06,2.96649e-06,50,100,100,229982,6 3 1 11 7 2 9 0 8 5 4 10 
378,3.3635e-06,4.34815e-06,2.99219e-06,50,100,100,229982,6 3 1 11 7 2 9 0 8 5 4 10 
379,3.35837e-06,4.34815e-06,2.94207e-06,50,100,100,229982,6 3 1 11 7 2 9 0 8 5 4 10 
380,3.31626e-06,4.34815e-06,2.93619e-06,50,100,100,229982,6 3 1 11 7 2 9 0 8 5 4 10 
381,3.3211e-06,4.34815e-06,2.93485e-06,50,100,100,229982,6 3 1 11 7 2 9 0 8 5 4 10 
382,3.34254e-06,4.34815e-06,2.96462e-06,50,100,100,229982,6 3 1 11 7 2 9 0 8 5 4 10 
383,3.33235e-06,4.34815e-06,3.01324e-06,50,100,100,229982,6 3 1 11 7 2 9 0 8 5 4 10 
384,3.30952e-06,4.34815e-06,2.98179e-06,50,100,100,229982,6 3 1 11 7 2 9 0 8 5 4 10 
385,3.33315e-06,4.34815e-06,2.94871e-06,50,100,100,229982,6 3 1 11 7 2 9 0 8 5 4 10 
386,3.35323e-06,4.34815e-06,3.03209e-06,50,100,100,229982,6 3 1 11 7 2 9 0 8 5 4 10 
387,3.33814e-06,4.34815e-06,3.03222e-06,50,100,100,229982,6 3 1 11 7 2 9 0 8 5 4 10 
388,3.33944e-06,4.34815e-06,2.96201e-06,50,100,100,229982,6 3 1 11 7 2 9 0 8 5 4 10 
389,3.33648e-06,4.34815e-06,3.00733e-06,50,100,100,229982,6 3 1 11 7 2 9 0 8 5 4 10 
390,3.35814e-06,4.34815e-06,2.98915e-06,50,100,100,229982,6 3 1 11 7 2 9 0 8 5 4 10 
391,3.32895e-06,4.34815e-06,2.98316e-06,50,100,100,229982,6 3 1 11 7 2 9 0 8 5 4 10 
392,3.34494e-06,4.34815e-06,2.96376e-06,50,100,100,229982,6 3 1 11 7 2 9 0 8 5 4 10 
393,3.32476e-06,4.34815e-06,2.90991e-06,50,100,100,229982,6 3 1 11 7 2 9 0 8 5 4 10 
394,3.34107e-06,4.34815e-06,2.99384e-06,50,100,100,229982,6 3 1 11 7 2 9 0 8 5 4 10 
395,3.34139e-06,4.34815e-06,2.94743e-06,50,100,100,229982,6 3 1 11 7 2 9 0 8 5 4 10 
396,3.32832e-06,4.34815e-06,2.98136e-06,50,100,100,229982,6 3 1 11 7 2 9 0 8 5 4 10 
397,3.3347e-06,4.34815e-06,2.96978e-06,50,100,100,229982,6 3 1 11 7 2 9 0 8 5 4 10 
398,3.3146e-06,4.34815e-06,2.96874e-06,50,100,100,229982,6 3 1 11 7 2 9 0 8 5 4 10 
399,3.33943e-06,4.34815e-06,2.95324e-06,50,100,100,229982,6 3 1 11 7 2 9 0 8 5 4 10 
400,3.37249e-06,4.34815e-06,3.06823e-06,50,100,100,229982,6 3 1 11 7 2 9 0 8 5 4 10 
401,3.32467e-06,4.34815e-06,2.90406e-06,50,100,100,229982,6 3 1 11 7 2 9 0 8 5 4 10 
402,3.32783e-06,4.34815e-06,2.96929e-06,50,100,100,229982,6 3 1 11 7 2 9 0 8 5 4 10 
403,3.33246e-06,4.34815e-06,2.93792e-06,50,100,100,229982,6 3 1 11 7 2 9 0 8 5 4 10 
404,3.36127e-06,4.34815e-06,2.95294e-06,50,100,100,229982,6 3 1 11 7 2 9 0 8 5 4 10 
405,3.32993e-06,4.34815e-06,3.02829e-06,50,100,100,229982,6 3 1 11 7 2 9 0 8 5 4 10 
406,3.3467e-06,4.34815e-06,2.97088e-06,50,100,100,229982,6 3 1 11 7 2 9 0 8 5 4 10 
407,3.33616e-06,4.34815e-06,3.04241e-06,50,100,100,229982,6 3 1 11 7 2 9 0 8 5 4 10 
408,3.34127e-06,4.34815e-06,2.94908e-06,50,100,100,229982,6 3 1 11 7 2 9 0 8 5 4 10 
409,3.36778e-06,4.34815e-06,3.05283e-06,50,100,100,229982,6 3 1 11 7 2 9 0 8 5 4 10 
410,3.33776e-06,4.34815e-06,3.02414e-06,50,100,100,229982,6 3 1 11 7 2 9 0 8 5 4 10 
411,3.31161e-06,4.34815e-06,2.96164e-06,50,100,100,229982,6 3 1 11 7 2 9 0 8 5 4 10 
412,3.33839e-06,4.34815e-06,3.05847e-06,50,100,100,229982,6 3 1 11 7 2 9 0 8 5 4 10 
413,3.33879e-06,4.34815e-06,2.99966e-06,50,100,100,229982,6 3 1 11 7 2 9 0 8 5 4 10 
414,3.35175e-06,4.34815e-06,3.01091e-06,50,100,100,229982,6 3 1 11 7 2 9 0 8 5 4 10 
415,3.33742e-06,4.34815e-06,3.0189e-06,50,100,100,229982,6 3 1 11 7 2 9 0 8 5 4 10 
416,3.34341e-06,4.34815e-06,2.96795e-06,50,100,100,229982,6 3 1 11 7 2 9 0 8 5 4 10 
417,3.34213e-06,4.34815e-06,2.95626e-06,50,100,100,229982,6 3 1 11 7 2 9 0 8 5 4 10 
418,3.33771e-06,4.34815e-06,2.97778e-06,50,100,100,229982,6 3 1 11 7 2 9 0 8 5 4 10 
419,3.348e-06,4.34815e-06,2.98485e-06,50,100,100,229982,6 3 1 11 7 2 9 0 8 5 4 10 
420,3.33369e-06,4.34815e-06,2.90479e-06,50,100,100,229982,6 3 1 11 7 2 9 0 8 5 4 10 
421,3.34683e-06,4.34815e-06,3.01848e-06,50,100,100,229982,6 3 1 11 7 2 9 0 8 5 4 10 
422,3.35654e-06,4.34815e-06,3.01108e-06,50,100,100,229982,6 3 1 11 7 2 9 0 8 5 4 10 
423,3.34727e-06,4.34815e-06,2.95875e-06,50,100,100,229982,6 3 1 11 7 2 9 0 8 5 4 10 
424,3.32608e-06,4.34815e-06,2.9664e-06,50,100,100,229982,6 3 1 11 7 2 9 0 8 5 4 10 
425,3.3316e-06,4.34815e-06,2.94663e-06,50,100,100,229982,6 3 1 11 7 2 9 0 8 5 4 10 
426,3.35062e-06,4.34815e-06,2.96505e-06,50,100,100,229982,6 3 1 11 7 2 9 0 8 5 4 10 
427,3.32122e-06,4.34815e-06,2.95668e-06,50,100,100,229982,6 3 1 11 7 2 9 0 8 5 4 10 
428,3.34209e-06,4.34815e-06,3.02096e-06,50,100,100,229982,6 3 1 11 7 2 9 0 8 5 4 10 
429,3.36515e-06,4.34815e-06,2.93368e-06,50,100,100,229982,6 3 1 11 7 2 9 0 8 5 4 10 
430,3.3559e-06,4.34815e-06,2.88004e-06,50,100,100,229982,6 3 1 11 7 2 9 0 8 5 4 10 
431,3.31403e-06,4.34815e-06,3.02158e-06,50,100,100,229982,6 3 1 11 7 2 9 0 8 5 4 10 
432,3.31293e-06,4.34815e-06,2.9828e-06,50,100,100,229982,6 3 1 11 7 2 9 0 8 5 4 10 
433,3.33135e-06,4.34815e-06,2.95091e-06,50,100,100,229982,6 3 1 11 7 2 9 0 8 5 4 10 
434,3.34774e-06,4.34815e-06,3.00373e-06,50,100,100,229982,6 3 1 11 7 2 9 0 8 5 4 10 
435,3.36288e-06,4.34815e-06,2.93134e-06,50,100,100,229982,6 3 1 11 7 2 9 0 8 5 4 10 
436,3.34064e-06,4.34815e-06,3.00062e-06,50,100,100,229982,6 3 1 11 7 2 9 0 8 5 4 10 
437,3.33161e-06,4.34815e-06,2.97015e-06,50,100,100,229982,6 3 1 11 7 2 9 0 8 5 4 10 
438,3.30151e-06,4.34815e-06,2.89908e-06,50,100,100,229982,6 3 1 11 7 2 9 0 8 5 4 10 
439,3.29902e-06,4.34815e-06,2.99695e-06,50,100,100,229982,6 3 1 11 7 2 9 0 8 5 4 10 
440,3.30496e-06,4.34815e-06,2.95724e-06,50,100,100,229982,6 3 1 11 7 2 9 0 8 5 4 10 
441,3.33011e-06,4.34815e-06,3.02604e-06,50,100,100,229982,6 3 1 11 7 2 9 0 8 5 4 10 
442,3.3149e-06,4.34815e-06,3.00684e-06,50,100,100,229982,6 3 1 11 7 2 9 0 8 5 4 10 
443,3.352e-06,4.34815e-06,3.01166e-06,50,100,100,229982,6 3 1 11 7 2 9 0 8 5 4 10 
444,3.3525e-06,4.34815e-06,2.98063e-06,50,100,100,229982,6 3 1 11 7 2 9 0 8 5 4 10 
445,3.36743e-06,4.34815e-06,2.9959e-06,50,100,100,229982,6 3 1 11 7 2 9 0 8 5 4 10 
446,3.31024e-06,4.34815e-06,2.94465e-06,50,100,100,229982,6 3 1 11 7 2 9 0 8 5 4 10 
447,3.32009e-06,4.34815e-06,2.96222e-06,50,100,100,229982,6 3 1 11 7 2 9 0 8 5 4 10 
448,3.32285e-06,4.34815e-06,2.96304e-06,50,100,100,229982,6 3 1 11 7 2 9 0 8 5 4 10 
449,3.32482e-06,4.34815e-06,2.96897e-06,50,100,100,229982,6 3 1 11 7 2 9 0 8 5 4 10 
450,3.33369e-06,4.34815e-06,3.03445e-06,50,100,100,229982,6 3 1 11 7 2 9 0 8 5 4 10 
451,3.30395e-06,4.34815e-06,2.87971e-06,50,100,100,229982,6 3 1 11 7 2 9 0 8 5 4 10 
452,3.31707e-06,4.34815e-06,2.98942e-06,50,100,100,229982,6 3 1 11 7 2 9 0 8 5 4 10 
453,3.3127e-06,4.34815e-06,3.00262e-06,50,100,100,229982,6 3 1 11 7 2 9 0 8 5 4 10 
454,3.31648e-06,4.34815e-06,3.02562e-06,50,100,100,229982,6 3 1 11 7 2 9 0 8 5 4 10 
455,3.27401e-06,4.34815e-06,2.87698e-06,50,100,100,229982,6 3 1 11 7 2 9 0 8 5 4 10 
456,3.3221e-06,4.34815e-06,2.9546e-06,50,100,100,229982,6 3 1 11 7 2 9 0 8 5 4 10 
457,3.33252e-06,4.34815e-06,2.8815e-06,50,100,100,229982,6 3 1 11 7 2 9 0 8 5 4 10 
458,3.33163e-06,4.34815e-06,2.98687e-06,50,100,100,229982,6 3 1 11 7 2 9 0 8 5 4 10 
459,3.32597e-06,4.34815e-06,2.96301e-06,50,100,100,229982,6 3 1 11 7 2 9 0 8 5 4 10 
460,3.33509e-06,4.34815e-06,2.95117e-06,50,100,100,229982,6 3 1 11 7 2 9 0 8 5 4 10 
461,3.3392e-06,4.34815e-06,3.00489e-06,50,100,100,229982,6 3 1 11 7 2 9 0 8 5 4 10 
462,3.32351e-06,4.34815e-06,2.96991e-06,50,100,100,229982,6 3 1 11 7 2 9 0 8 5 4 10 
463,3.32648e-06,4.34815e-06,2.9963e-06,50,100,100,229982,6 3 1 11 7 2 9 0 8 5 4 10 
464,3.3409e-06,4.34815e-06,3.02573e-06,50,100,100,229982,6 3 1 11 7 2 9 0 8 5 4 10 
465,3.31934e-06,4.34815e-06,3.01553e-06,50,100,100,229982,6 3 1 11 7 2 9 0 8 5 4 10 
466,3.33138e-06,4.34815e-06,2.99702e-06,50,100,100,229982,6 3 1 11 7 2 9 0 8 5 4 10 
467,3.34003e-06,4.34815e-06,3.03685e-06,50,100,100,229982,6 3 1 11 7 2 9 0 8 5 4 10 
468,3.33401e-06,4.34815e-06,2.94635e-06,50,100,100,229982,6 3 1 11 7 2 9 0 8 5 4 10 
469,3.35961e-06,4.34815e-06,3.03585e-06,50,100,100,229982,6 3 1 11 7 2 9 0 8 5 4 10 
470,3.33873e-06,4.34815e-06,2.97537e-06,50,100,100,229982,6 3 1 11 7 2 9 0 8 5 4 10 
471,3.36589e-06,4.34815e-06,3.00449e-06,50,100,100,229982,6 3 1 11 7 2 9 0 8 5 4 10 
472,3.35365e-06,4.34815e-06,2.93966e-06,50,100,100,229982,6 3 1 11 7 2 9 0 8 5 4 10 
473,3.37115e-06,4.34815e-06,3.01853e-06,50,100,100,229982,6 3 1 11 7 2 9 0 8 5 4 10 
474,3.39813e-06,4.34815e-06,3.05897e-06,50,100,100,229982,6 3 1 11 7 2 9 0 8 5 4 10 
475,3.37847e-06,4.34815e-06,2.88664e-06,50,100,100,229982,6 3 1 11 7 2 9 0 8 5 4 10 
476,3.35864e-06,4.34815e-06,3.05987e-06,50,100,100,229982,6 3 1 11 7 2 9 0 8 5 4 10 
477,3.34702e-06,4.34815e-06,2.92761e-06,50,100,100,229982,6 3 1 11 7 2 9 0 8 5 4 10 
478,3.32943e-06,4.34815e-06,3.00646e-06,50,100,100,229982,6 3 1 11 7 2 9 0 8 5 4 10 
479,3.34742e-06,4.34815e-06,2.99399e-06,50,100,100,229982,6 3 1 11 7 2 9 0 8 5 4 10 
480,3.33047e-06,4.34815e-06,3.02076e-06,50,100,100,229982,6 3 1 11 7 2 9 0 8 5 4 10 
481,3.32716e-06,4.34815e-06,3.02945e-06,50,100,100,229982,6 3 1 11 7 2 9 0 8 5 4 10 
482,3.32501e-06,4.34815e-06,2.93562e-06,50,100,100,229982,6 3 1 11 7 2 9 0 8 5 4 10 
483,3.31722e-06,4.34815e-06,2.97636e-06,50,100,100,229982,6 3 1 11 7 2 9 0 8 5 4 10 
484,3.34528e-06,4.34815e-06,2.92342e-06,50,100,100,229982,6 3 1 11 7 2 9 0 8 5 4 10 
485,3.33711e-06,4.34815e-06,2.97714e-06,50,100,100,229982,6 3 1 11 7 2 9 0 8 5 4 10 
486,3.32292e-06,4.34815e-06,2.97263e-06,50,100,100,229982,6 3 1 11 7 2 9 0 8 5 4 10 
487,3.35367e-06,4.34815e-06,2.96171e-06,50,100,100,229982,6 3 1 11 7 2 9 0 8 5 4 10 
488,3.31631e-06,4.34815e-06,2.91217e-06,50,100,100,229982,6 3 1 11 7 2 9 0 8 5 4 10 
489,3.31591e-06,4.34815e-06,2.9843e-06,50,100,100,229982,6 3 1 11 7 2 9 0 8 5 4 10 
490,3.33352e-06,4.34815e-06,3.00262e-06,50,100,100,229982,6 3 1 11 7 2 9 0 8 5 4 10 
491,3.30894e-06,4.34815e-06,3.01151e-06,50,100,100,229982,6 3 1 11 7 2 9 0 8 5 4 10 
492,3.29481e-06,4.34815e-06,2.8679e-06,50,100,100,229982,6 3 1 11 7 2 9 0 8 5 4 10 
493,3.31762e-06,4.34815e-06,2.89807e-06,50,100,100,229982,6 3 1 11 7 2 9 0 8 5 4 10 
494,3.28749e-06,4.34815e-06,2.91371e-06,50,100,100,229982,6 3 1 11 7 2 9 0 8 5 4 10 
495,3.33881e-06,4.34815e-06,2.94383e-06,50,100,100,229982,6 3 1 11 7 2 9 0 8 5 4 10 
496,3.33923e-06,4.34815e-06,3.01021e-06,50,100,100,229982,6 3 1 11 7 2 9 0 8 5 4 10 
497,3.32203e-06,4.34815e-06,2.93953e-06,50,100,100,229982,6 3 1 11 7 2 9 0 8 5 4 10 
498,3.33512e-06,4.34815e-06,2.88586e-06,50,100,100,229982,6 3 1 11 7 2 9 0 8 5 4 10 
499,3.36536e-06,4.34815e-06,2.91544e-06,50,100,100,229982,6 3 1 11 7 2 9 0 8 5 4 10 
500,3.3561e-06,4.34815e-06,3.042e-06,50,100,100,229982,6 3 1 11 7 2 9 0 8 5 4 10 
501,3.34661e-06,4.34815e-06,2.99126e-06,50,100,100,229982,6 3 1 11 7 2 9 0 8 5 4 10 
502,3.38165e-06,4.34815e-06,3.04881e-06,50,100,100,229982,6 3 1 11 7 2 9 0 8 5 4 10 
503,3.37716e-06,4.34815e-06,3.03311e-06,50,100,100,229982,6 3 1 11 7 2 9 0 8 5 4 10 
504,3.40033e-06,4.34815e-06,3.09867e-06,50,100,100,229982,6 3 1 11 7 2 9 0 8 5 4 10 
505,3.37701e-06,4.34815e-06,3.06124e-06,50,100,100,229982,6 3 1 11 7 2 9 0 8 5 4 10 
506,3.35298e-06,4.34815e-06,2.99806e-06,50,100,100,229982,6 3 1 11 7 2 9 0 8 5 4 10 
507,3.36158e-06,4.34815e-06,2.91159e-06,50,100,100,229982,6 3 1 11 7 2 9 0 8 5 4 10 
508,3.34868e-06,4.34815e-06,2.99885e-06,50,100,100,229982,6 3 1 11 7 2 9 0 8 5 4 10 
509,3.31567e-06,4.34815e-06,2.91084e-06,50,100,100,229982,6 3 1 11 7 2 9 0 8 5 4 10 
510,3.32703e-06,4.34815e-06,2.90481e-06,50,100,100,229982,6 3 1 11 7 2 9 0 8 5 4 10 
511,3.32169e-06,4.34815e-06,2.88893e-06,50,100,100,229982,6 3 1 11 7 2 9 0 8 5 4 10 
512,3.32134e-06,4.34815e-06,2.8712e-06,50,100,100,229982,6 3 1 11 7 2 9 0 8 5 4 10 
513,3.29847e-06,4.34815e-06,2.96299e-06,50,100,100,229982,6 3 1 11 7 2 9 0 8 5 4 10 
514,3.32464e-06,4.34815e-06,2.97992e-06,50,100,100,229982,6 3 1 11 7 2 9 0 8 5 4 10 
515,3.33376e-06,4.34815e-06,2.97066e-06,50,100,100,229982,6 3 1 11 7 2 9 0 8 5 4 10 
516,3.32943e-06,4.34815e-06,3.00867e-06,50,100,100,229982,6 3 1 11 7 2 9 0 8 5 4 10 
517,3.32449e-06,4.34815e-06,2.93478e-06,50,100,100,229982,6 3 1 11 7 2 9 0 8 5 4 10 
518,3.35266e-06,4.34815e-06,3.07595e-06,50,100,100,229982,6 3 1 11 7 2 9 0 8 5 4 10 
519,3.34522e-06,4.34815e-06,3.01179e-06,50,100,100,229982,6 3 1 11 7 2 9 0 8 5 4 10 
520,3.36093e-06,4.34815e-06,3.04998e-06,50,100,100,229982,6 3 1 11 7 2 9 0 8 5 4 10 
521,3.31337e-06,4.34815e-06,2.99781e-06,50,100,100,229982,6 3 1 11 7 2 9 0 8 5 4 10 
522,3.31908e-06,4.34815e-06,2.98103e-06,50,100,100,229982,6 3 1 11 7 2 9 0 8 5 4 10 
523,3.35808e-06,4.34815e-06,2.97172e-06,50,100,100,229982,6 3 1 11 7 2 9 0 8 5 4 10 
524,3.33316e-06,4.34815e-06,2.92013e-06,50,100,100,229982,6 3 1 11 7 2 9 0 8 5 4 10 
525,3.29544e-06,4.34815e-06,2.95906e-06,50,100,100,229982,6 3 1 11 7 2 9 0 8 5 4 10 
526,3.31874e-06,4.34815e-06,2.98606e-06,50,100,100,229982,6 3 1 11 7 2 9 0 8 5 4 10 
527,3.30542e-06,4.34815e-06,3.00074e-06,50,100,100,229982,6 3 1 11 7 2 9 0 8 5 4 10 
528,3.30953e-06,4.34815e-06,2.98549e-06,50,100,100,229982,6 3 1 11 7 2 9 0 8 5 4 10 
529,3.32477e-06,4.34815e-06,2.95207e-06,50,100,100,229982,6 3 1 11 7 2 9 0 8 5 4 10 
530,3.32357e-06,4.34815e-06,2.97082e-06,50,100,100,229982,6 3 1 11 7 2 9 0 8 5 4 10 
531,3.31973e-06,4.34815e-06,3.00603e-06,50,100,100,229982,6 3 1 11 7 2 9 0 8 5 4 10 
532,3.32008e-06,4.34815e-06,2.95192e-06,50,100,100,229982,6 3 1 11 7 2 9 0 8 5 4 10 
533,3.29375e-06,4.34815e-06,2.919e-06,50,100,100,229982,6 3 1 11 7 2 9 0 8 5 4 10 
534,3.34755e-06,4.34815e-06,2.97015e-06,50,100,100,229982,6 3 1 11 7 2 9 0 8 5 4 10 
535,3.36311e-06,4.34815e-06,2.96784e-06,50,100,100,229982,6 3 1 11 7 2 9 0 8 5 4 10 
536,3.36318e-06,4.34815e-06,3.03002e-06,50,100,100,229982,6 3 1 11 7 2 9 0 8 5 4 10 
537,3.32466e-06,4.34815e-06,2.96039e-06,50,100,100,229982,6 3 1 11 7 2 9 0 8 5 4 10 
538,3.33306e-06,4.34815e-06,2.98126e-06,50,100,100,229982,6 3 1 11 7 2 9 0 8 5 4 10 
539,3.34095e-06,4.34815e-06,3.00912e-06,50,100,100,229982,6 3 1 11 7 2 9 0 8 5 4 10 
540,3.34548e-06,4.34815e-06,2.95406e-06,50,100,100,229982,6 3 1 11 7 2 9 0 8 5 4 10 
541,3.33438e-06,4.34815e-06,2.97615e-06,50,100,100,229982,6 3 1 11 7 2 9 0 8 5 4 10 
542,3.34018e-06,4.34815e-06,3.02663e-06,50,100,100,229982,6 3 1 11 7 2 9 0 8 5 4 10 
543,3.37804e-06,4.34815e-06,3.07413e-06,50,100,100,229982,6 3 1 11 7 2 9 0 8 5 4 10 
544,3.31755e-06,4.34815e-06,3.03279e-06,50,100,100,229982,6 3 1 11 7 2 9 0 8 5 4 10 
545,3.3609e-06,4.34815e-06,3.03075e-06,50,100,100,229982,6 3 1 11 7 2 9 0 8 5 4 10 
546,3.33853e-06,4.34815e-06,2.93383e-06,50,100,100,229982,6 3 1 11 7 2 9 0 8 5 4 10 
547,3.36008e-06,4.34815e-06,3.02116e-06,50,100,100,229982,6 3 1 11 7 2 9 0 8 5 4 10 
548,3.3657e-06,4.34815e-06,3.04673e-06,50,100,100,229982,6 3 1 11 7 2 9 0 8 5 4 10 
549,3.37383e-06,4.34815e-06,3.00653e-06,50,100,100,229982,6 3 1 11 7 2 9 0 8 5 4 10 
550,3.35492e-06,4.34815e-06,2.88471e-06,50,100,100,229982,6 3 1 11 7 2 9 0 8 5 4 10 
551,3.39275e-06,4.34815e-06,2.98414e-06,50,100,100,229982,6 3 1 11 7 2 9 0 8 5 4 10 
552,3.40114e-06,4.34815e-06,3.08338e-06,50,100,100,229982,6 3 1 11 7 2 9 0 8 5 4 10 
553,3.39491e-06,4.34815e-06,3.0871e-06,50,100,100,229982,6 3 1 11 7 2 9 0 8 5 4 10 
554,3.40211e-06,4.34815e-06,2.98304e-06,50,100,100,229982,6 3 1 11 7 2 9 0 8 5 4 10 
555,3.407e-06,4.34815e-06,3.01003e-06,50,100,100,229982,6 3 1 11 7 2 9 0 8 5 4 10 
556,3.38584e-06,4.34815e-06,3.01418e-06,50,100,100,229982,6 3 1 11 7 2 9 0 8 5 4 10 
557,3.38698e-06,4.34815e-06,2.97183e-06,50,100,100,229982,6 3 1 11 7 2 9 0 8 5 4 10 
558,3.39234e-06,4.34815e-06,3.02463e-06,50,100,100,229982,6 3 1 11 7 2 9 0 8 5 4 10 
559,3.35888e-06,4.34815e-06,2.97721e-06,50,100,100,229982,6 3 1 11 7 2 9 0 8 5 4 10 
560,3.32635e-06,4.34815e-06,3.03285e-06,50,100,100,229982,6 3 1 11 7 2 9 0 8 5 4 10 
561,3.35119e-06,4.34815e-06,2.97084e-06,50,100,100,229982,6 3 1 11 7 2 9 0 8 5 4 10 
562,3.36611e-06,4.34815e-06,2.94988e-06,50,100,100,229982,6 3 1 11 7 2 9 0 8 5 4 10 
563,3.36271e-06,4.34815e-06,3.00543e-06,50,100,100,229982,6 3 1 11 7 2 9 0 8 5 4 10 
564,3.36271e-06,4.34815e-06,3.01347e-06,50,100,100,229982,6 3 1 11 7 2 9 0 8 5 4 10 
565,3.34131e-06,4.34815e-06,2.96432e-06,50,100,100,229982,6 3 1 11 7 2 9 0 8 5 4 10 
566,3.32539e-06,4.34815e-06,2.96302e-06,50,100,100,229982,6 3 1 11 7 2 9 0 8 5 4 10 
567,3.33677e-06,4.34815e-06,2.98535e-06,50,100,100,229982,6 3 1 11 7 2 9 0 8 5 4 10 
568,3.35688e-06,4.34815e-06,2.90812e-06,50,100,100,229982,6 3 1 11 7 2 9 0 8 5 4 10 
569,3.34723e-06,4.34815e-06,2.97758e-06,50,100,100,229982,6 3 1 11 7 2 9 0 8 5 4 10 
570,3.37368e-06,4.34815e-06,3.00431e-06,50,100,100,229982,6 3 1 11 7 2 9 0 8 5 4 10 
571,3.39573e-06,4.34815e-06,2.96208e-06,50,100,100,229982,6 3 1 11 7 2 9 0 8 5 4 10 
572,3.36258e-06,4.34815e-06,2.9901e-06,50,100,100,229982,6 3 1 11 7 2 9 0 8 5 4 10 
573,3.35661e-06,4.34815e-06,2.95385e-06,50,100,100,229982,6 3 1 11 7 2 9 0 8 5 4 10 
574,3.33743e-06,4.34815e-06,2.92117e-06,50,100,100,229982,6 3 1 11 7 2 9 0 8 5 4 10 
575,3.35484e-06,4.34815e-06,2.95855e-06,50,100,100,229982,6 3 1 11 7 2 9 0 8 5 4 10 
576,3.36657e-06,4.34815e-06,3.02311e-06,50,100,100,229982,6 3 1 11 7 2 9 0 8 5 4 10 
577,3.35794e-06,4.34815e-06,3.05821e-06,50,100,100,229982,6 3 1 11 7 2 9 0 8 5 4 10 
578,3.34342e-06,4.34815e-06,2.94621e-06,50,100,100,229982,6 3 1 11 7 2 9 0 8 5 4 10 
579,3.35387e-06,4.34815e-06,2.99273e-06,50,100,100,229982,6 3 1 11 7 2 9 0 8 5 4 10 
580,3.31562e-06,4.34815e-06,2.9642e-06,50,100,100,229982,6 3 1 11 7 2 9 0 8 5 4 10 
581,3.31356e-06,4.34815e-06,3.00505e-06,50,100,100,229982,6 3 1 11 7 2 9 0 8 5 4 10 
582,3.33479e-06,4.34815e-06,3.00009e-06,50,100,100,229982,6 3 1 11 7 2 9 0 8 5 4 10 
583,3.30064e-06,4.34815e-06,2.99001e-06,50,100,100,229982,6 3 1 11 7 2 9 0 8 5 4 10 
584,3.32992e-06,4.34815e-06,2.92844e-06,50,100,100,229982,6 3 1 11 7 2 9 0 8 5 4 10 
585,3.36135e-06,4.34815e-06,3.012e-06,50,100,100,229982,6 3 1 11 7 2 9 0 8 5 4 10 
586,3.3563e-06,4.34815e-06,2.98483e-06,50,100,100,229982,6 3 1 11 7 2 9 0 8 5 4 10 
587,3.3374e-06,4.34815e-06,3.05231e-06,50,100,100,229982,6 3 1 11 7 2 9 0 8 5 4 10 
588,3.33619e-06,4.34815e-06,3.06002e-06,50,100,100,229982,6 3 1 11 7 2 9 0 8 5 4 10 
589,3.36247e-06,4.34815e-06,3.01231e-06,50,100,100,229982,6 3 1 11 7 2 9 0 8 5 4 10 
590,3.39195e-06,4.34815e-06,2.9676e-06,50,100,100,229982,6 3 1 11 7 2 9 0 8 5 4 10 
591,3.39413e-06,4.34815e-06,3.00323e-06,50,100,100,229982,6 3 1 11 7 2 9 0 8 5 4 10 
592,3.36837e-06,4.34815e-06,3.0379e-06,50,100,100,229982,6 3 1 11 7 2 9 0 8 5 4 10 
593,3.36959e-06,4.34815e-06,2.89732e-06,50,100,100,229982,6 3 1 11 7 2 9 0 8 5 4 10 
594,3.36636e-06,4.34815e-06,3.01438e-06,50,100,100,229982,6 3 1 11 7 2 9 0 8 5 4 10 
595,3.38986e-06,4.34815e-06,2.93999e-06,50,100,100,229982,6 3 1 11 7 2 9 0 8 5 4 10 
596,3.37602e-06,4.34815e-06,2.98565e-06,50,100,100,229982,6 3 1 11 7 2 9 0 8 5 4 10 
597,3.37146e-06,4.34815e-06,3.01715e-06,50,100,100,229982,6 3 1 11 7 2 9 0 8 5 4 10 
598,3.37994e-06,4.34815e-06,3.03509e-06,50,100,100,229982,6 3 1 11 7 2 9 0 8 5 4 10 
599,3.35079e-06,4.34815e-06,2.9679e-06,50,100,100,229982,6 3 1 11 7 2 9 0 8 5 4 10 
600,3.35754e-06,4.34815e-06,3.00399e-06,50,100,100,229982,6 3 1 11 7 2 9 0 8 5 4 10 
601,3.38239e-06,4.34815e-06,2.92768e-06,50,100,100,229982,6 3 1 11 7 2 9 0 8 5 4 10 
602,3.40994e-06,4.34815e-06,3.07392e-06,50,100,100,229982,6 3 1 11 7 2 9 0 8 5 4 10 
603,3.39282e-06,4.34815e-06,3.04478e-06,50,100,100,229982,6 3 1 11 7 2 9 0 8 5 4 10 
604,3.38509e-06,4.34815e-06,2.96619e-06,50,100,100,229982,6 3 1 11 7 2 9 0 8 5 4 10 
605,3.37269e-06,4.34815e-06,2.98119e-06,50,100,100,229982,6 3 1 11 7 2 9 0 8 5 4 10 
606,3.36191e-06,4.34815e-06,3.00632e-06,50,100,100,229982,6 3 1 11 7 2 9 0 8 5 4 10 
607,3.3748e-06,4.34815e-06,2.98364e-06,50,100,100,229982,6 3 1 11 7 2 9 0 8 5 4 10 
608,3.3791e-06,4.34815e-06,2.99788e-06,50,100,100,229982,6 3 1 11 7 2 9 0 8 5 4 10 
609,3.34864e-06,4.34815e-06,3.03609e-06,50,100,100,229982,6 3 1 11 7 2 9 0 8 5 4 10 
610,3.35452e-06,4.34815e-06,3.05121e-06,50,100,100,229982,6 3 1 11 7 2 9 0 8 5 4 10 
611,3.37052e-06,4.34815e-06,3.00272e-06,50,100,100,229982,6 3 1 11 7 2 9 0 8 5 4 10 
612,3.32193e-06,4.34815e-06,3.04767e-06,50,100,100,229982,6 3 1 11 7 2 9 0 8 5 4 10 
613,3.34581e-06,4.34815e-06,2.94285e-06,50,100,100,229982,6 3 1 11 7 2 9 0 8 5 4 10 
614,3.34667e-06,4.34815e-06,3.0009e-06,50,100,100,229982,6 3 1 11 7 2 9 0 8 5 4 10 
615,3.34466e-06,4.34815e-06,2.95549e-06,50,100,100,229982,6 3 1 11 7 2 9 0 8 5 4 10 
616,3.38294e-06,4.34815e-06,2.9768e-06,50,100,100,229982,6 3 1 11 7 2 9 0 8 5 4 10 
617,3.3859e-06,4.34815e-06,2.93678e-06,50,100,100,229982,6 3 1 11 7 2 9 0 8 5 4 10 
618,3.39502e-06,4.34815e-06,2.9689e-06,50,100,100,229982,6 3 1 11 7 2 9 0 8 5 4 10 
619,3.34558e-06,4.34815e-06,3.02362e-06,50,100,100,229982,6 3 1 11 7 2 9 0 8 5 4 10 
620,3.39516e-06,4.34815e-06,3.05406e-06,50,100,100,229982,6 3 1 11 7 2 9 0 8 5 4 10 
621,3.39154e-06,4.34815e-06,3.02655e-06,50,100,100,229982,6 3 1 11 7 2 9 0 8 5 4 10 
622,3.38849e-06,4.34815e-06,3.08215e-06,50,100,100,229982,6 3 1 11 7 2 9 0 8 5 4 10 
623,3.37356e-06,4.34815e-06,2.98994e-06,50,100,100,229982,6 3 1 11 7 2 9 0 8 5 4 10 
624,3.38113e-06,4.34815e-06,2.8968e-06,50,100,100,229982,6 3 1 11 7 2 9 0 8 5 4 10 
625,3.40702e-06,4.34815e-06,3.06561e-06,50,100,100,229982,6 3 1 11 7 2 9 0 8 5 4 10 
626,3.41423e-06,4.34815e-06,3.11169e-06,50,100,100,229982,6 3 1 11 7 2 9 0 8 5 4 10 
627,3.42875e-06,4.34815e-06,2.99723e-06,50,100,100,229982,6 3 1 11 7 2 9 0 8 5 4 10 
628,3.40549e-06,4.34815e-06,3.07792e-06,50,100,100,229982,6 3 1 11 7 2 9 0 8 5 4 10 
629,3.38034e-06,4.34815e-06,2.97404e-06,50,100,100,229982,6 3 1 11 7 2 9 0 8 5 4 10 
630,3.40648e-06,4.34815e-06,3.01238e-06,50,100,100,229982,6 3 1 11 7 2 9 0 8 5 4 10 
631,3.41361e-06,4.34815e-06,3.0217e-06,50,100,100,229982,6 3 1 11 7 2 9 0 8 5 4 10 
632,3.40615e-06,4.34815e-06,3.0042e-06,50,100,100,229982,6 3 1 11 7 2 9 0 8 5 4 10 
633,3.43046e-06,4.34815e-06,3.03458e-06,50,100,100,229982,6 3 1 11 7 2 9 0 8 5 4 10 
634,3.44373e-06,4.34815e-06,3.04458e-06,50,100,100,229982,6 3 1 11 7 2 9 0 8 5 4 10 
635,3.47274e-06,4.34815e-06,3.09946e-06,50,100,100,229982,6 3 1 11 7 2 9 0 8 5 4 10 
636,3.47834e-06,4.34815e-06,3.07119e-06,50,100,100,229982,6 3 1 11 7 2 9 0 8 5 4 10 
637,3.44884e-06,4.34815e-06,3.01115e-06,50,100,100,229982,6 3 1 11 7 2 9 0 8 5 4 10 
638,3.49532e-06,4.34815e-06,3.01309e-06,50,100,100,229982,6 3 1 11 7 2 9 0 8 5 4 10 
639,3.45542e-06,4.34815e-06,3.04072e-06,50,100,100,229982,6 3 1 11 7 2 9 0 8 5 4 10 
640,3.48735e-06,4.34815e-06,3.11304e-06,50,100,100,229982,6 3 1 11 7 2 9 0 8 5 4 10 
641,3.49746e-06,4.34815e-06,3.04404e-06,50,100,100,229982,6 3 1 11 7 2 9 0 8 5 4 10 
642,3.51579e-06,4.34815e-06,3.04198e-06,50,100,100,229982,6 3 1 11 7 2 9 0 8 5 4 10 
643,3.51082e-06,4.34815e-06,3.0839e-06,50,100,100,229982,6 3 1 11 7 2 9 0 8 5 4 10 
644,3.51306e-06,4.34815e-06,3.04313e-06,50,100,100,229982,6 3 1 11 7 2 9 0 8 5 4 10 
645,3.50824e-06,4.34815e-06,3.04849e-06,50,100,100,229982,6 3 1 11 7 2 9 0 8 5 4 10 
646,3.5342e-06,4.34815e-06,3.05093e-06,50,100,100,229982,6 3 1 11 7 2 9 0 8 5 4 10 
647,3.53949e-06,4.34815e-06,3.15674e-06,50,100,100,229982,6 3 1 11 7 2 9 0 8 5 4 10 
648,3.53218e-06,4.34815e-06,3.10514e-06,50,100,100,229982,6 3 1 11 7 2 9 0 8 5 4 10 
649,3.49724e-06,4.34815e-06,3.05104e-06,50,100,100,229982,6 3 1 11 7 2 9 0 8 5 4 10 
650,3.49831e-06,4.34815e-06,3.06328e-06,50,100,100,229982,6 3 1 11 7 2 9 0 8 5 4 10 
651,3.45352e-06,4.34815e-06,3.0273e-06,50,100,100,229982,6 3 1 11 7 2 9 0 8 5 4 10 
652,3.44377e-06,4.34815e-06,3.03392e-06,50,100,100,229982,6 3 1 11 7 2 9 0 8 5 4 10 
653,3.45208e-06,4.34815e-06,3.02923e-06,50,100,100,229982,6 3 1 11 7 2 9 0 8 5 4 10 
654,3.42014e-06,4.34815e-06,2.94899e-06,50,100,100,229982,6 3 1 11 7 2 9 0 8 5 4 10 
655,3.42661e-06,4.34815e-06,3.00925e-06,50,100,100,229982,6 3 1 11 7 2 9 0 8 5 4 10 
656,3.42565e-06,4.34815e-06,2.99617e-06,50,100,100,229982,6 3 1 11 7 2 9 0 8 5 4 10 
657,3.38483e-06,4.34815e-06,2.99986e-06,50,100,100,229982,6 3 1 11 7 2 9 0 8 5 4 10 
658,3.38783e-06,4.34815e-06,2.98078e-06,50,100,100,229982,6 3 1 11 7 2 9 0 8 5 4 10 
659,3.42253e-06,4.34815e-06,3.05729e-06,50,100,100,229982,6 3 1 11 7 2 9 0 8 5 4 10 
660,3.38753e-06,4.34815e-06,2.99338e-06,50,100,100,229982,6 3 1 11 7 2 9 0 8 5 4 10 
661,3.38096e-06,4.34815e-06,3.01983e-06,50,100,100,229982,6 3 1 11 7 2 9 0 8 5 4 10 
662,3.40253e-06,4.34815e-06,2.96989e-06,50,100,100,229982,6 3 1 11 7 2 9 0 8 5 4 10 
663,3.39078e-06,4.34815e-06,3.03327e-06,50,100,100,229982,6 3 1 11 7 2 9 0 8 5 4 10 
664,3.33932e-06,4.34815e-06,3.06593e-06,50,100,100,229982,6 3 1 11 7 2 9 0 8 5 4 10 
665,3.38857e-06,4.34815e-06,3.01436e-06,50,100,100,229982,6 3 1 11 7 2 9 0 8 5 4 10 
666,3.41071e-06,4.34815e-06,3.00321e-06,50,100,100,229982,6 3 1 11 7 2 9 0 8 5 4 10 
667,3.36086e-06,4.34815e-06,3.02291e-06,50,100,100,229982,6 3 1 11 7 2 9 0 8 5 4 10 
668,3.36544e-06,4.34815e-06,2.99286e-06,50,100,100,229982,6 3 1 11 7 2 9 0 8 5 4 10 
669,3.41084e-06,4.34815e-06,3.00409e-06,50,100,100,229982,6 3 1 11 7 2 9 0 8 5 4 10 
670,3.43893e-06,4.34815e-06,2.94172e-06,50,100,100,229982,6 3 1 11 7 2 9 0 8 5 4 10 
671,3.42322e-06,4.34815e-06,2.97776e-06,50,100,100,229982,6 3 1 11 7 2 9 0 8 5 4 10 
672,3.42319e-06,4.34815e-06,3.08679e-06,50,100,100,229982,6 3 1 11 7 2 9 0 8 5 4 10 
673,3.40075e-06,4.34815e-06,2.9602e-06,50,100,100,229982,6 3 1 11 7 2 9 0 8 5 4 10 
674,3.3967e-06,4.34815e-06,2.99271e-06,50,100,100,229982,6 3 1 11 7 2 9 0 8 5 4 10 
675,3.39555e-06,4.34815e-06,3.05821e-06,50,100,100,229982,6 3 1 11 7 2 9 0 8 5 4 10 
676,3.37529e-06,4.34815e-06,2.97505e-06,50,100,100,229982,6 3 1 11 7 2 9 0 8 5 4 10 
677,3.37299e-06,4.34815e-06,2.92021e-06,50,100,100,229982,6 3 1 11 7 2 9 0 8 5 4 10 
678,3.41789e-06,4.34815e-06,3.0681e-06,50,100,100,229982,6 3 1 11 7 2 9 0 8 5 4 10 
679,3.36347e-06,4.34815e-06,3.02794e-06,50,100,100,229982,6 3 1 11 7 2 9 0 8 5 4 10 
680,3.37436e-06,4.34815e-06,3.0018e-06,50,100,100,229982,6 3 1 11 7 2 9 0 8 5 4 10 
681,3.38614e-06,4.34815e-06,3.03544e-06,50,100,100,229982,6 3 1 11 7 2 9 0 8 5 4 10 
682,3.34945e-06,4.34815e-06,2.9437e-06,50,100,100,229982,6 3 1 11 7 2 9 0 8 5 4 10 
683,3.38044e-06,4.34815e-06,2.92465e-06,50,100,100,229982,6 3 1 11 7 2 9 0 8 5 4 10 
684,3.40419e-06,4.34815e-06,2.98491e-06,50,100,100,229982,6 3 1 11 7 2 9 0 8 5 4 10 
685,3.34714e-06,4.34815e-06,2.89974e-06,50,100,100,229982,6 3 1 11 7 2 9 0 8 5 4 10 
686,3.34332e-06,4.34815e-06,2.98608e-06,50,100,100,229982,6 3 1 11 7 2 9 0 8 5 4 10 
687,3.30562e-06,4.34815e-06,2.95445e-06,50,100,100,229982,6 3 1 11 7 2 9 0 8 5 4 10 
688,3.34654e-06,4.45599e-06,2.97051e-06,50,100,100,224416,1 3 6 11 7 2 9 0 8 5 4 10 
689,3.34223e-06,4.45599e-06,3.05473e-06,50,100,100,224416,1 3 6 11 7 2 9 0 8 5 4 10 
690,3.32996e-06,4.45599e-06,3.00621e-06,50,100,100,224416,1 3 6 11 7 2 9 0 8 5 4 10 
691,3.29606e-06,4.45599e-06,2.95619e-06,50,100,100,224416,1 3 6 11 7 2 9 0 8 5 4 10 
692,3.30412e-06,4.45599e-06,2.93576e-06,50,100,100,224416,1 3 6 11 7 2 9 0 8 5 4 10 
693,3.34877e-06,4.45599e-06,2.99623e-06,50,100,100,224416,1 3 6 11 7 2 9 0 8 5 4 10 
694,3.34123e-06,4.45599e-06,2.96413e-06,50,100,100,224416,1 3 6 11 7 2 9 0 8 5 4 10 
695,3.32871e-06,4.45599e-06,2.99892e-06,50,100,100,224416,1 3 6 11 7 2 9 0 8 5 4 10 
696,3.35306e-06,4.45599e-06,2.95472e-06,50,100,100,224416,1 3 6 11 7 2 9 0 8 5 4 10 
697,3.37288e-06,4.45599e-06,3.05851e-06,50,100,100,224416,1 3 6 11 7 2 9 0 8 5 4 10 
698,3.3881e-06,4.45599e-06,2.93098e-06,50,100,100,224416,1 3 6 11 7 2 9 0 8 5 4 10 
699,3.40138e-06,4.45599e-06,2.96955e-06,50,100,100,224416,1 3 6 11 7 2 9 0 8 5 4 10 
700,3.39555e-06,4.45599e-06,3.06738e-06,50,100,100,224416,1 3 6 11 7 2 9 0 8 5 4 10 
701,3.38814e-06,4.45599e-06,2.98735e-06,50,100,100,224416,1 3 6 11 7 2 9 0 8 5 4 10 
702,3.34723e-06,4.45599e-06,3.03543e-06,50,100,100,224416,1 3 6 11 7 2 9 0 8 5 4 10 
703,3.36077e-06,4.45599e-06,3.00946e-06,50,100,100,224416,1 3 6 11 7 2 9 0 8 5 4 10 
704,3.37176e-06,4.45599e-06,2.92748e-06,50,100,100,224416,1 3 6 11 7 2 9 0 8 5 4 10 
705,3.37183e-06,4.45599e-06,3.04509e-06,50,100,100,224416,1 3 6 11 7 2 9 0 8 5 4 10 
706,3.38499e-06,4.45599e-06,3.05462e-06,50,100,100,224416,1 3 6 11 7 2 9 0 8 5 4 10 
707,3.36109e-06,4.45599e-06,3.01562e-06,50,100,100,224416,1 3 6 11 7 2 9 0 8 5 4 10 
708,3.3816e-06,4.45599e-06,3.0478e-06,50,100,100,224416,1 3 6 11 7 2 9 0 8 5 4 10 
709,3.37033e-06,4.45599e-06,3.01131e-06,50,100,100,224416,1 3 6 11 7 2 9 0 8 5 4 10 
710,3.36431e-06,4.45599e-06,3.04376e-06,50,100,100,224416,1 3 6 11 7 2 9 0 8 5 4 10 
711,3.39616e-06,4.45599e-06,3.07453e-06,50,100,100,224416,1 3 6 11 7 2 9 0 8 5 4 10 
712,3.39074e-06,4.45599e-06,3.08553e-06,50,100,100,224416,1 3 6 11 7 2 9 0 8 5 4 10 
713,3.37474e-06,4.45599e-06,3.06665e-06,50,100,100,224416,1 3 6 11 7 2 9 0 8 5 4 10 
714,3.33942e-06,4.45599e-06,2.91703e-06,50,100,100,224416,1 3 6 11 7 2 9 0 8 5 4 10 
715,3.34148e-06,4.45599e-06,2.99366e-06,50,100,100,224416,1 3 6 11 7 2 9 0 8 5 4 10 
716,3.35445e-06,4.45599e-06,3.03421e-06,50,100,100,224416,1 3 6 11 7 2 9 0 8 5 4 10 
717,3.33665e-06,4.45599e-06,2.95887e-06,50,100,100,224416,1 3 6 11 7 2 9 0 8 5 4 10 
718,3.36124e-06,4.45599e-06,3.02611e-06,50,100,100,224416,1 3 6 11 7 2 9 0 8 5 4 10 
719,3.35452e-06,4.45599e-06,3.00852e-06,50,100,100,224416,1 3 6 11 7 2 9 0 8 5 4 10 
720,3.34436e-06,4.45599e-06,3.04209e-06,50,100,100,224416,1 3 6 11 7 2 9 0 8 5 4 10 
721,3.37567e-06,4.45599e-06,2.98222e-06,50,100,100,224416,1 3 6 11 7 2 9 0 8 5 4 10 
722,3.37951e-06,4.45599e-06,2.95794e-06,50,100,100,224416,1 3 6 11 7 2 9 0 8 5 4 10 
723,3.34375e-06,4.45599e-06,2.92678e-06,50,100,100,224416,1 3 6 11 7 2 9 0 8 5 4 10 
724,3.32703e-06,4.45599e-06,3.04265e-06,50,100,100,224416,1 3 6 11 7 2 9 0 8 5 4 10 
725,3.30087e-06,4.45599e-06,2.98455e-06,50,100,100,224416,1 3 6 11 7 2 9 0 8 5 4 10 
726,3.32918e-06,4.45599e-06,3.04008e-06,50,100,100,224416,1 3 6 11 7 2 9 0 8 5 4 10 
727,3.33573e-06,4.45599e-06,3.05162e-06,50,100,100,224416,1 3 6 11 7 2 9 0 8 5 4 10 
728,3.35901e-06,4.45599e-06,3.01298e-06,50,100,100,224416,1 3 6 11 7 2 9 0 8 5 4 10 
729,3.36732e-06,4.45599e-06,3.00659e-06,50,100,100,224416,1 3 6 11 7 2 9 0 8 5 4 10 
730,3.34689e-06,4.45599e-06,2.94718e-06,50,100,100,224416,1 3 6 11 7 2 9 0 8 5 4 10 
731,3.33585e-06,4.45599e-06,2.98115e-06,50,100,100,224416,1 3 6 11 7 2 9 0 8 5 4 10 
732,3.31501e-06,4.45599e-06,2.96709e-06,50,100,100,224416,1 3 6 11 7 2 9 0 8 5 4 10 
733,3.33987e-06,4.45599e-06,2.98476e-06,50,100,100,224416,1 3 6 11 7 2 9 0 8 5 4 10 
734,3.34257e-06,4.45599e-06,3.03853e-06,50,100,100,224416,1 3 6 11 7 2 9 0 8 5 4 10 
735,3.34279e-06,4.45599e-06,3.00838e-06,50,100,100,224416,1 3 6 11 7 2 9 0 8 5 4 10 
736,3.32714e-06,4.45599e-06,2.97229e-06,50,100,100,224416,1 3 6 11 7 2 9 0 8 5 4 10 
737,3.33769e-06,4.45599e-06,3.00155e-06,50,100,100,224416,1 3 6 11 7 2 9 0 8 5 4 10 
738,3.32086e-06,4.45599e-06,3.05173e-06,50,100,100,224416,1 3 6 11 7 2 9 0 8 5 4 10 
739,3.29725e-06,4.45599e-06,2.96216e-06,50,100,100,224416,1 3 6 11 7 2 9 0 8 5 4 10 
740,3.31026e-06,4.45599e-06,2.96439e-06,50,100,100,224416,1 3 6 11 7 2 9 0 8 5 4 10 
741,3.28904e-06,4.45599e-06,3.00103e-06,50,100,100,224416,1 3 6 11 7 2 9 0 8 5 4 10 
742,3.32e-06,4.45599e-06,2.96864e-06,50,100,100,224416,1 3 6 11 7 2 9 0 8 5 4 10 
743,3.33092e-06,4.45599e-06,3.03046e-06,50,100,100,224416,1 3 6 11 7 2 9 0 8 5 4 10 
744,3.33871e-06,4.45599e-06,2.99497e-06,50,100,100,224416,1 3 6 11 7 2 9 0 8 5 4 10 
745,3.35413e-06,4.45599e-06,2.93511e-06,50,100,100,224416,1 3 6 11 7 2 9 0 8 5 4 10 
746,3.33643e-06,4.45599e-06,3.01253e-06,50,100,100,224416,1 3 6 11 7 2 9 0 8 5 4 10 
747,3.34176e-06,4.45599e-06,3.02674e-06,50,100,100,224416,1 3 6 11 7 2 9 0 8 5 4 10 
748,3.32609e-06,4.45599e-06,2.97146e-06,50,100,100,224416,1 3 6 11 7 2 9 0 8 5 4 10 
749,3.32535e-06,4.45599e-06,2.96218e-06,50,100,100,224416,1 3 6 11 7 2 9 0 8 5 4 10 
750,3.32818e-06,4.45599e-06,2.997e-06,50,100,100,224416,1 3 6 11 7 2 9 0 8 5 4 10 
751,3.28222e-06,4.45599e-06,2.97192e-06,50,100,100,224416,1 3 6 11 7 2 9 0 8 5 4 10 
752,3.29577e-06,4.45599e-06,2.95042e-06,50,100,100,224416,1 3 6 11 7 2 9 0 8 5 4 10 
753,3.31978e-06,4.45599e-06,2.91585e-06,50,100,100,224416,1 3 6 11 7 2 9 0 8 5 4 10 
754,3.32275e-06,4.45599e-06,2.92854e-06,50,100,100,224416,1 3 6 11 7 2 9 0 8 5 4 10 
755,3.32566e-06,4.45599e-06,2.90226e-06,50,100,100,224416,1 3 6 11 7 2 9 0 8 5 4 10 
756,3.3674e-06,4.45599e-06,2.93623e-06,50,100,100,224416,1 3 6 11 7 2 9 0 8 5 4 10 
757,3.36454e-06,4.45599e-06,2.99592e-06,50,100,100,224416,1 3 6 11 7 2 9 0 8 5 4 10 
758,3.33476e-06,4.45599e-06,2.90349e-06,50,100,100,224416,1 3 6 11 7 2 9 0 8 5 4 10 
759,3.32563e-06,4.45599e-06,2.91385e-06,50,100,100,224416,1 3 6 11 7 2 9 0 8 5 4 10 
760,3.31267e-06,4.45599e-06,3.03808e-06,50,100,100,224416,1 3 6 11 7 2 9 0 8 5 4 10 
761,3.30412e-06,4.45599e-06,2.97167e-06,50,100,100,224416,1 3 6 11 7 2 9 0 8 5 4 10 
762,3.31858e-06,4.45599e-06,2.94439e-06,50,100,100,224416,1 3 6 11 7 2 9 0 8 5 4 10 
763,3.32048e-06,4.45599e-06,3.03145e-06,50,100,100,224416,1 3 6 11 7 2 9 0 8 5 4 10 
764,3.33892e-06,4.45599e-06,2.99325e-06,50,100,100,224416,1 3 6 11 7 2 9 0 8 5 4 10 
765,3.34459e-06,4.45599e-06,3.00952e-06,50,100,100,224416,1 3 6 11 7 2 9 0 8 5 4 10 
766,3.32543e-06,4.45599e-06,2.97383e-06,50,100,100,224416,1 3 6 11 7 2 9 0 8 5 4 10 
767,3.32221e-06,4.45599e-06,2.97618e-06,50,100,100,224416,1 3 6 11 7 2 9 0 8 5 4 10 
768,3.33433e-06,4.45599e-06,2.96746e-06,50,100,100,224416,1 3 6 11 7 2 9 0 8 5 4 10 
769,3.3107e-06,4.45599e-06,2.97604e-06,50,100,100,224416,1 3 6 11 7 2 9 0 8 5 4 10 
770,3.29386e-06,4.45599e-06,2.94461e-06,50,100,100,224416,1 3 6 11 7 2 9 0 8 5 4 10 
771,3.31028e-06,4.45599e-06,2.95289e-06,50,100,100,224416,1 3 6 11 7 2 9 0 8 5 4 10 
772,3.29113e-06,4.45599e-06,2.92028e-06,50,100,100,224416,1 3 6 11 7 2 9 0 8 5 4 10 
773,3.31312e-06,4.45599e-06,2.94247e-06,50,100,100,224416,1 3 6 11 7 2 9 0 8 5 4 10 
774,3.37867e-06,4.45599e-06,3.03995e-06,50,100,100,224416,1 3 6 11 7 2 9 0 8 5 4 10 
775,3.37998e-06,4.45599e-06,2.92556e-06,50,100,100,224416,1 3 6 11 7 2 9 0 8 5 4 10 
776,3.34994e-06,4.45599e-06,2.98469e-06,50,100,100,224416,1 3 6 11 7 2 9 0 8 5 4 10 
777,3.35542e-06,4.45599e-06,3.02481e-06,50,100,100,224416,1 3 6 11 7 2 9 0 8 5 4 10 
778,3.35458e-06,4.45599e-06,2.97324e-06,50,100,100,224416,1 3 6 11 7 2 9 0 8 5 4 10 
779,3.34194e-06,4.45599e-06,2.91466e-06,50,100,100,224416,1 3 6 11 7 2 9 0 8 5 4 10 
780,3.30959e-06,4.45599e-06,2.9067e-06,50,100,100,224416,1 3 6 11 7 2 9 0 8 5 4 10 
781,3.36851e-06,4.45599e-06,2.90846e-06,50,100,100,224416,1 3 6 11 7 2 9 0 8 5 4 10 
782,3.36474e-06,4.45599e-06,2.9806e-06,50,100,100,224416,1 3 6 11 7 2 9 0 8 5 4 10 
783,3.35411e-06,4.45599e-06,3.0203e-06,50,100,100,224416,1 3 6 11 7 2 9 0 8 5 4 10 
784,3.34757e-06,4.45599e-06,2.98938e-06,50,100,100,224416,1 3 6 11 7 2 9 0 8 5 4 10 
785,3.38507e-06,4.45599e-06,2.96371e-06,50,100,100,224416,1 3 6 11 7 2 9 0 8 5 4 10 
786,3.39173e-06,4.45599e-06,3.03265e-06,50,100,100,224416,1 3 6 11 7 2 9 0 8 5 4 10 
787,3.36548e-06,4.45599e-06,2.96839e-06,50,100,100,224416,1 3 6 11 7 2 9 0 8 5 4 10 
788,3.35771e-06,4.45599e-06,2.95181e-06,50,100,100,224416,1 3 6 11 7 2 9 0 8 5 4 10 
789,3.35997e-06,4.45599e-06,2.97608e-06,50,100,100,224416,1 3 6 11 7 2 9 0 8 5 4 10 
790,3.36149e-06,4.45599e-06,2.97962e-06,50,100,100,224416,1 3 6 11 7 2 9 0 8 5 4 10 
791,3.36676e-06,4.45599e-06,3.04121e-06,50,100,100,224416,1 3 6 11 7 2 9 0 8 5 4 10 
792,3.37591e-06,4.45599e-06,3.05647e-06,50,100,100,224416,1 3 6 11 7 2 9 0 8 5 4 10 
793,3.36919e-06,4.45599e-06,3.04671e-06,50,100,100,224416,1 3 6 11 7 2 9 0 8 5 4 10 
794,3.38247e-06,4.45599e-06,2.97941e-06,50,100,100,224416,1 3 6 11 7 2 9 0 8 5 4 10 
795,3.38579e-06,4.45599e-06,3.02003e-06,50,100,100,224416,1 3 6 11 7 2 9 0 8 5 4 10 
796,3.37915e-06,4.45599e-06,3.03118e-06,50,100,100,224416,1 3 6 11 7 2 9 0 8 5 4 10 
797,3.38282e-06,4.45599e-06,2.96264e-06,50,100,100,224416,1 3 6 11 7 2 9 0 8 5 4 10 
798,3.40133e-06,4.45599e-06,2.9563e-06,50,100,100,224416,1 3 6 11 7 2 9 0 8 5 4 10 
799,3.38212e-06,4.45599e-06,2.98458e-06,50,100,100,224416,1 3 6 11 7 2 9 0 8 5 4 10 
800,3.36105e-06,4.45599e-06,3.02564e-06,50,100,100,224416,1 3 6 11 7 2 9 0 8 5 4 10 
801,3.35828e-06,4.45599e-06,2.98177e-06,50,100,100,224416,1 3 6 11 7 2 9 0 8 5 4 10 
802,3.36153e-06,4.45599e-06,3.02472e-06,50,100,100,224416,1 3 6 11 7 2 9 0 8 5 4 10 
803,3.35277e-06,4.45599e-06,3.01645e-06,50,100,100,224416,1 3 6 11 7 2 9 0 8 5 4 10 
804,3.3294e-06,4.45599e-06,3.02934e-06,50,100,100,224416,1 3 6 11 7 2 9 0 8 5 4 10 
805,3.32639e-06,4.45599e-06,3.00581e-06,50,100,100,224416,1 3 6 11 7 2 9 0 8 5 4 10 
806,3.31188e-06,4.45599e-06,3.00098e-06,50,100,100,224416,1 3 6 11 7 2 9 0 8 5 4 10 
807,3.32238e-06,4.45599e-06,2.97909e-06,50,100,100,224416,1 3 6 11 7 2 9 0 8 5 4 10 
808,3.32382e-06,4.45599e-06,2.99266e-06,50,100,100,224416,1 3 6 11 7 2 9 0 8 5 4 10 
809,3.35338e-06,4.45599e-06,3.00287e-06,50,100,100,224416,1 3 6 11 7 2 9 0 8 5 4 10 
810,3.36679e-06,4.45599e-06,3.06697e-06,50,100,100,224416,1 3 6 11 7 2 9 0 8 5 4 10 
811,3.3614e-06,4.45599e-06,2.89995e-06,50,100,100,224416,1 3 6 11 7 2 9 0 8 5 4 10 
812,3.32955e-06,4.45599e-06,2.97505e-06,50,100,100,224416,1 3 6 11 7 2 9 0 8 5 4 10 
813,3.3314e-06,4.45599e-06,3.02772e-06,50,100,100,224416,1 3 6 11 7 2 9 0 8 5 4 10 
814,3.35275e-06,4.45599e-06,2.95896e-06,50,100,100,224416,1 3 6 11 7 2 9 0 8 5 4 10 
815,3.33502e-06,4.45599e-06,2.97049e-06,50,100,100,224416,1 3 6 11 7 2 9 0 8 5 4 10 
816,3.32546e-06,4.45599e-06,3.03906e-06,50,100,100,224416,1 3 6 11 7 2 9 0 8 5 4 10 
817,3.29508e-06,4.45599e-06,2.87569e-06,50,100,100,224416,1 3 6 11 7 2 9 0 8 5 4 10 
818,3.32423e-06,4.45599e-06,2.94958e-06,50,100,100,224416,1 3 6 11 7 2 9 0 8 5 4 10 
819,3.3298e-06,4.45599e-06,2.97813e-06,50,100,100,224416,1 3 6 11 7 2 9 0 8 5 4 10 
820,3.33681e-06,4.45599e-06,2.97608e-06,50,100,100,224416,1 3 6 11 7 2 9 0 8 5 4 10 
821,3.33382e-06,4.45599e-06,2.96041e-06,50,100,100,224416,1 3 6 11 7 2 9 0 8 5 4 10 
822,3.31931e-06,4.45599e-06,3.01215e-06,50,100,100,224416,1 3 6 11 7 2 9 0 8 5 4 10 
823,3.30162e-06,4.45599e-06,2.99817e-06,50,100,100,224416,1 3 6 11 7 2 9 0 8 5 4 10 
824,3.30571e-06,4.45599e-06,2.98701e-06,50,100,100,224416,1 3 6 11 7 2 9 0 8 5 4 10 
825,3.30246e-06,4.45599e-06,2.88876e-06,50,100,100,224416,1 3 6 11 7 2 9 0 8 5 4 10 
826,3.30528e-06,4.45599e-06,2.93664e-06,50,100,100,224416,1 3 6 11 7 2 9 0 8 5 4 10 
827,3.31446e-06,4.45599e-06,2.98928e-06,50,100,100,224416,1 3 6 11 7 2 9 0 8 5 4 10 
828,3.30529e-06,4.45599e-06,2.98928e-06,50,100,100,224416,1 3 6 11 7 2 9 0 8 5 4 10 
829,3.29501e-06,4.45599e-06,2.98751e-06,50,100,100,224416,1 3 6 11 7 2 9 0 8 5 4 10 
830,3.29927e-06,4.45599e-06,3.0113e-06,50,100,100,224416,1 3 6 11 7 2 9 0 8 5 4 10 
831,3.28426e-06,4.45599e-06,2.87921e-06,50,100,100,224416,1 3 6 11 7 2 9 0 8 5 4 10 
832,3.29765e-06,4.45599e-06,2.98728e-06,50,100,100,224416,1 3 6 11 7 2 9 0 8 5 4 10 
833,3.29371e-06,4.45599e-06,2.95293e-06,50,100,100,224416,1 3 6 11 7 2 9 0 8 5 4 10 
834,3.33698e-06,4.45599e-06,2.96505e-06,50,100,100,224416,1 3 6 11 7 2 9 0 8 5 4 10 
835,3.33431e-06,4.45599e-06,3.01596e-06,50,100,100,224416,1 3 6 11 7 2 9 0 8 5 4 10 
836,3.31696e-06,4.45599e-06,2.9888e-06,50,100,100,224416,1 3 6 11 7 2 9 0 8 5 4 10 
837,3.30743e-06,4.45599e-06,2.94559e-06,50,100,100,224416,1 3 6 11 7 2 9 0 8 5 4 10 
838,3.32433e-06,4.45599e-06,2.98008e-06,50,100,100,224416,1 3 6 11 7 2 9 0 8 5 4 10 
839,3.33134e-06,4.45599e-06,2.98826e-06,50,100,100,224416,1 3 6 11 7 2 9 0 8 5 4 10 
840,3.33666e-06,4.45599e-06,2.99709e-06,50,100,100,224416,1 3 6 11 7 2 9 0 8 5 4 10 
841,3.29856e-06,4.45599e-06,2.95973e-06,50,100,100,224416,1 3 6 11 7 2 9 0 8 5 4 10 
842,3.32947e-06,4.45599e-06,3.0311e-06,50,100,100,224416,1 3 6 11 7 2 9 0 8 5 4 10 
843,3.30769e-06,4.45599e-06,2.91015e-06,50,100,100,224416,1 3 6 11 7 2 9 0 8 5 4 10 
844,3.33215e-06,4.45599e-06,2.97149e-06,50,100,100,224416,1 3 6 11 7 2 9 0 8 5 4 10 
845,3.33117e-06,4.45599e-06,2.92768e-06,50,100,100,224416,1 3 6 11 7 2 9 0 8 5 4 10 
846,3.36278e-06,4.45599e-06,3.01578e-06,50,100,100,224416,1 3 6 11 7 2 9 0 8 5 4 10 
847,3.36299e-06,4.45599e-06,2.97354e-06,50,100,100,224416,1 3 6 11 7 2 9 0 8 5 4 10 
848,3.33393e-06,4.45599e-06,2.96285e-06,50,100,100,224416,1 3 6 11 7 2 9 0 8 5 4 10 
849,3.32929e-06,4.45599e-06,3.03013e-06,50,100,100,224416,1 3 6 11 7 2 9 0 8 5 4 10 
850,3.30319e-06,4.45599e-06,2.95098e-06,50,100,100,224416,1 3 6 11 7 2 9 0 8 5 4 10 
851,3.34032e-06,4.45599e-06,3.06862e-06,50,100,100,224416,1 3 6 11 7 2 9 0 8 5 4 10 
852,3.30858e-06,4.45599e-06,2.96966e-06,50,100,100,224416,1 3 6 11 7 2 9 0 8 5 4 10 
853,3.32624e-06,4.45599e-06,2.99819e-06,50,100,100,224416,1 3 6 11 7 2 9 0 8 5 4 10 
854,3.32091e-06,4.45599e-06,3.01327e-06,50,100,100,224416,1 3 6 11 7 2 9 0 8 5 4 10 
855,3.32139e-06,4.45599e-06,2.97742e-06,50,100,100,224416,1 3 6 11 7 2 9 0 8 5 4 10 
856,3.30468e-06,4.45599e-06,2.95315e-06,50,100,100,224416,1 3 6 11 7 2 9 0 8 5 4 10 
857,3.32275e-06,4.45599e-06,3.01897e-06,50,100,100,224416,1 3 6 11 7 2 9 0 8 5 4 10 
858,3.30525e-06,4.45599e-06,2.879e-06,50,100,100,224416,1 3 6 11 7 2 9 0 8 5 4 10 
859,3.30105e-06,4.45599e-06,2.93687e-06,50,100,100,224416,1 3 6 11 7 2 9 0 8 5 4 10 
860,3.31195e-06,4.45599e-06,2.90964e-06,50,100,100,224416,1 3 6 11 7 2 9 0 8 5 4 10 
861,3.3247e-06,4.45599e-06,2.99434e-06,50,100,100,224416,1 3 6 11 7 2 9 0 8 5 4 10 
862,3.30979e-06,4.45599e-06,2.91206e-06,50,100,100,224416,1 3 6 11 7 2 9 0 8 5 4 10 
863,3.33013e-06,4.45599e-06,3.01097e-06,50,100,100,224416,1 3 6 11 7 2 9 0 8 5 4 10 
864,3.33466e-06,4.45599e-06,3.03618e-06,50,100,100,224416,1 3 6 11 7 2 9 0 8 5 4 10 
865,3.29445e-06,4.45599e-06,2.91585e-06,50,100,100,224416,1 3 6 11 7 2 9 0 8 5 4 10 
866,3.32903e-06,4.45599e-06,3.04978e-06,50,100,100,224416,1 3 6 11 7 2 9 0 8 5 4 10 
867,3.30109e-06,4.45599e-06,2.94403e-06,50,100,100,224416,1 3 6 11 7 2 9 0 8 5 4 10 
868,3.33494e-06,4.45599e-06,2.94819e-06,50,100,100,224416,1 3 6 11 7 2 9 0 8 5 4 10 
869,3.32972e-06,4.45599e-06,2.95666e-06,50,100,100,224416,1 3 6 11 7 2 9 0 8 5 4 10 
870,3.34782e-06,4.45599e-06,3.00746e-06,50,100,100,224416,1 3 6 11 7 2 9 0 8 5 4 10 
871,3.36817e-06,4.45599e-06,3.03107e-06,50,100,100,224416,1 3 6 11 7 2 9 0 8 5 4 10 
872,3.37477e-06,4.45599e-06,2.9416e-06,50,100,100,224416,1 3 6 11 7 2 9 0 8 5 4 10 
873,3.3696e-06,4.45599e-06,2.99779e-06,50,100,100,224416,1 3 6 11 7 2 9 0 8 5 4 10 
874,3.3539e-06,4.45599e-06,2.99126e-06,50,100,100,224416,1 3 6 11 7 2 9 0 8 5 4 10 
875,3.34196e-06,4.45599e-06,2.97317e-06,50,100,100,224416,1 3 6 11 7 2 9 0 8 5 4 10 
876,3.33529e-06,4.45599e-06,2.96387e-06,50,100,100,224416,1 3 6 11 7 2 9 0 8 5 4 10 
877,3.33748e-06,4.45599e-06,2.99201e-06,50,100,100,224416,1 3 6 11 7 2 9 0 8 5 4 10 
878,3.31229e-06,4.45599e-06,3.01609e-06,50,100,100,224416,1 3 6 11 7 2 9 0 8 5 4 10 
879,3.33615e-06,4.45599e-06,3.01742e-06,50,100,100,224416,1 3 6 11 7 2 9 0 8 5 4 10 
880,3.32762e-06,4.45599e-06,2.92938e-06,50,100,100,224416,1 3 6 11 7 2 9 0 8 5 4 10 
881,3.378e-06,4.45599e-06,3.04207e-06,50,100,100,224416,1 3 6 11 7 2 9 0 8 5 4 10 
882,3.35364e-06,4.45599e-06,2.95465e-06,50,100,100,224416,1 3 6 11 7 2 9 0 8 5 4 10 
883,3.36827e-06,4.45599e-06,3.02207e-06,50,100,100,224416,1 3 6 11 7 2 9 0 8 5 4 10 
884,3.35216e-06,4.45599e-06,2.99537e-06,50,100,100,224416,1 3 6 11 7 2 9 0 8 5 4 10 
885,3.35817e-06,4.45599e-06,2.98314e-06,50,100,100,224416,1 3 6 11 7 2 9 0 8 5 4 10 
886,3.36367e-06,4.45599e-06,2.98291e-06,50,100,100,224416,1 3 6 11 7 2 9 0 8 5 4 10 
887,3.3961e-06,4.45599e-06,3.05359e-06,50,100,100,224416,1 3 6 11 7 2 9 0 8 5 4 10 
888,3.3674e-06,4.45599e-06,3.01942e-06,50,100,100,224416,1 3 6 11 7 2 9 0 8 5 4 10 
889,3.3491e-06,4.45599e-06,3.00162e-06,50,100,100,224416,1 3 6 11 7 2 9 0 8 5 4 10 
890,3.34023e-06,4.45599e-06,2.90803e-06,50,100,100,224416,1 3 6 11 7 2 9 0 8 5 4 10 
891,3.31453e-06,4.45599e-06,2.93878e-06,50,100,100,224416,1 3 6 11 7 2 9 0 8 5 4 10 
892,3.33631e-06,4.45599e-06,3.0136e-06,50,100,100,224416,1 3 6 11 7 2 9 0 8 5 4 10 
893,3.32143e-06,4.45599e-06,3.02901e-06,50,100,100,224416,1 3 6 11 7 2 9 0 8 5 4 10 
894,3.33208e-06,4.45599e-06,3.05703e-06,50,100,100,224416,1 3 6 11 7 2 9 0 8 5 4 10 
895,3.32918e-06,4.45599e-06,3.0522e-06,50,100,100,224416,1 3 6 11 7 2 9 0 8 5 4 10 
896,3.35412e-06,4.45599e-06,2.95404e-06,50,100,100,224416,1 3 6 11 7 2 9 0 8 5 4 10 
897,3.35682e-06,4.45599e-06,2.96187e-06,50,100,100,224416,1 3 6 11 7 2 9 0 8 5 4 10 
898,3.35472e-06,4.45599e-06,2.98231e-06,50,100,100,224416,1 3 6 11 7 2 9 0 8 5 4 10 
899,3.38028e-06,4.45599e-06,3.01253e-06,50,100,100,224416,1 3 6 11 7 2 9 0 8 5 4 10 
900,3.38119e-06,4.45599e-06,2.9915e-06,50,100,100,224416,1 3 6 11 7 2 9 0 8 5 4 10 
901,3.39125e-06,4.45599e-06,2.97231e-06,50,100,100,224416,1 3 6 11 7 2 9 0 8 5 4 10 
902,3.3852e-06,4.45599e-06,2.99363e-06,50,100,100,224416,1 3 6 11 7 2 9 0 8 5 4 10 
903,3.35876e-06,4.45599e-06,2.98051e-06,50,100,100,224416,1 3 6 11 7 2 9 0 8 5 4 10 
904,3.32815e-06,4.45599e-06,2.92042e-06,50,100,100,224416,1 3 6 11 7 2 9 0 8 5 4 10 
905,3.38434e-06,4.45599e-06,2.98822e-06,50,100,100,224416,1 3 6 11 7 2 9 0 8 5 4 10 
906,3.38324e-06,4.45599e-06,2.93828e-06,50,100,100,224416,1 3 6 11 7 2 9 0 8 5 4 10 
907,3.4064e-06,4.45599e-06,2.98133e-06,50,100,100,224416,1 3 6 11 7 2 9 0 8 5 4 10 
908,3.38755e-06,4.45599e-06,3.06297e-06,50,100,100,224416,1 3 6 11 7 2 9 0 8 5 4 10 
909,3.34918e-06,4.45599e-06,2.95894e-06,50,100,100,224416,1 3 6 11 7 2 9 0 8 5 4 10 
910,3.33827e-06,4.45599e-06,2.9657e-06,50,100,100,224416,1 3 6 11 7 2 9 0 8 5 4 10 
911,3.36209e-06,4.45599e-06,2.93833e-06,50,100,100,224416,1 3 6 11 7 2 9 0 8 5 4 10 
912,3.38413e-06,4.45599e-06,3.00928e-06,50,100,100,224416,1 3 6 11 7 2 9 0 8 5 4 10 
913,3.38073e-06,4.45599e-06,3.0734e-06,50,100,100,224416,1 3 6 11 7 2 9 0 8 5 4 10 
914,3.35871e-06,4.45599e-06,3.01415e-06,50,100,100,224416,1 3 6 11 7 2 9 0 8 5 4 10 
915,3.32277e-06,4.45599e-06,2.98537e-06,50,100,100,224416,1 3 6 11 7 2 9 0 8 5 4 10 
916,3.33765e-06,4.45599e-06,2.96144e-06,50,100,100,224416,1 3 6 11 7 2 9 0 8 5 4 10 
917,3.35131e-06,4.45599e-06,2.94468e-06,50,100,100,224416,1 3 6 11 7 2 9 0 8 5 4 10 
918,3.37238e-06,4.45599e-06,3.02494e-06,50,100,100,224416,1 3 6 11 7 2 9 0 8 5 4 10 
919,3.3588e-06,4.45599e-06,2.99643e-06,50,100,100,224416,1 3 6 11 7 2 9 0 8 5 4 10 
920,3.34703e-06,4.45599e-06,2.94015e-06,50,100,100,224416,1 3 6 11 7 2 9 0 8 5 4 10 
921,3.35018e-06,4.45599e-06,2.98199e-06,50,100,100,224416,1 3 6 11 7 2 9 0 8 5 4 10 
922,3.3762e-06,4.45599e-06,3.04198e-06,50,100,100,224416,1 3 6 11 7 2 9 0 8 5 4 10 
923,3.35077e-06,4.45599e-06,3.00879e-06,50,100,100,224416,1 3 6 11 7 2 9 0 8 5 4 10 
924,3.3794e-06,4.45599e-06,2.95925e-06,50,100,100,224416,1 3 6 11 7 2 9 0 8 5 4 10 
925,3.37006e-06,4.45599e-06,2.98523e-06,50,100,100,224416,1 3 6 11 7 2 9 0 8 5 4 10 
926,3.36803e-06,4.45599e-06,2.94691e-06,50,100,100,224416,1 3 6 11 7 2 9 0 8 5 4 10 
927,3.35447e-06,4.45599e-06,3.02225e-06,50,100,100,224416,1 3 6 11 7 2 9 0 8 5 4 10 
928,3.33186e-06,4.45599e-06,2.99736e-06,50,100,100,224416,1 3 6 11 7 2 9 0 8 5 4 10 
929,3.31708e-06,4.45599e-06,2.97806e-06,50,100,100,224416,1 3 6 11 7 2 9 0 8 5 4 10 
930,3.32991e-06,4.45599e-06,2.98026e-06,50,100,100,224416,1 3 6 11 7 2 9 0 8 5 4 10 
931,3.35641e-06,4.45599e-06,3.02501e-06,50,100,100,224416,1 3 6 11 7 2 9 0 8 5 4 10 
932,3.34323e-06,4.45599e-06,2.98133e-06,50,100,100,224416,1 3 6 11 7 2 9 0 8 5 4 10 
933,3.36261e-06,4.45599e-06,2.94769e-06,50,100,100,224416,1 3 6 11 7 2 9 0 8 5 4 10 
934,3.35164e-06,4.45599e-06,2.98781e-06,50,100,100,224416,1 3 6 11 7 2 9 0 8 5 4 10 
935,3.36557e-06,4.45599e-06,2.97774e-06,50,100,100,224416,1 3 6 11 7 2 9 0 8 5 4 10 
936,3.33204e-06,4.45599e-06,3.03198e-06,50,100,100,224416,1 3 6 11 7 2 9 0 8 5 4 10 
937,3.31446e-06,4.45599e-06,2.93592e-06,50,100,100,224416,1 3 6 11 7 2 9 0 8 5 4 10 
938,3.32495e-06,4.45599e-06,2.96526e-06,50,100,100,224416,1 3 6 11 7 2 9 0 8 5 4 10 
939,3.3394e-06,4.45599e-06,2.99596e-06,50,100,100,224416,1 3 6 11 7 2 9 0 8 5 4 10 
940,3.33687e-06,4.45599e-06,2.99089e-06,50,100,100,224416,1 3 6 11 7 2 9 0 8 5 4 10 
941,3.3347e-06,4.45599e-06,2.93144e-06,50,100,100,224416,1 3 6 11 7 2 9 0 8 5 4 10 
942,3.35994e-06,4.45599e-06,2.98462e-06,50,100,100,224416,1 3 6 11 7 2 9 0 8 5 4 10 
943,3.33156e-06,4.45599e-06,3.01387e-06,50,100,100,224416,1 3 6 11 7 2 9 0 8 5 4 10 
944,3.32048e-06,4.45599e-06,3.01353e-06,50,100,100,224416,1 3 6 11 7 2 9 0 8 5 4 10 
945,3.30543e-06,4.45599e-06,2.99531e-06,50,100,100,224416,1 3 6 11 7 2 9 0 8 5 4 10 
946,3.318e-06,4.45599e-06,3.00887e-06,50,100,100,224416,1 3 6 11 7 2 9 0 8 5 4 10 
947,3.32783e-06,4.45599e-06,2.92763e-06,50,100,100,224416,1 3 6 11 7 2 9 0 8 5 4 10 
948,3.333e-06,4.45599e-06,3.03127e-06,50,100,100,224416,1 3 6 11 7 2 9 0 8 5 4 10 
949,3.33489e-06,4.45599e-06,3.01862e-06,50,100,100,224416,1 3 6 11 7 2 9 0 8 5 4 10 
950,3.31842e-06,4.45599e-06,3.00887e-06,50,100,100,224416,1 3 6 11 7 2 9 0 8 5 4 10 
951,3.30572e-06,4.45599e-06,2.91544e-06,50,100,100,224416,1 3 6 11 7 2 9 0 8 5 4 10 
952,3.32832e-06,4.45599e-06,2.93488e-06,50,100,100,224416,1 3 6 11 7 2 9 0 8 5 4 10 
953,3.33223e-06,4.45599e-06,2.90991e-06,50,100,100,224416,1 3 6 11 7 2 9 0 8 5 4 10 
954,3.31472e-06,4.45599e-06,2.99508e-06,50,100,100,224416,1 3 6 11 7 2 9 0 8 5 4 10 
955,3.32747e-06,4.45599e-06,2.95474e-06,50,100,100,224416,1 3 6 11 7 2 9 0 8 5 4 10 
956,3.34791e-06,4.45599e-06,2.99094e-06,50,100,100,224416,1 3 6 11 7 2 9 0 8 5 4 10 
957,3.33445e-06,4.45599e-06,2.98658e-06,50,100,100,224416,1 3 6 11 7 2 9 0 8 5 4 10 
958,3.31747e-06,4.45599e-06,2.99033e-06,50,100,100,224416,1 3 6 11 7 2 9 0 8 5 4 10 
959,3.33068e-06,4.45599e-06,2.99261e-06,50,100,100,224416,1 3 6 11 7 2 9 0 8 5 4 10 
960,3.3323e-06,4.45599e-06,2.97544e-06,50,100,100,224416,1 3 6 11 7 2 9 0 8 5 4 10 
961,3.33082e-06,4.45599e-06,2.95078e-06,50,100,100,224416,1 3 6 11 7 2 9 0 8 5 4 10 
962,3.34488e-06,4.45599e-06,3.03683e-06,50,100,100,224416,1 3 6 11 7 2 9 0 8 5 4 10 
963,3.33134e-06,4.45599e-06,3.0061e-06,50,100,100,224416,1 3 6 11 7 2 9 0 8 5 4 10 
964,3.33721e-06,4.45599e-06,2.99687e-06,50,100,100,224416,1 3 6 11 7 2 9 0 8 5 4 10 
965,3.34766e-06,4.45599e-06,2.92069e-06,50,100,100,224416,1 3 6 11 7 2 9 0 8 5 4 10 
966,3.32669e-06,4.45599e-06,3.00033e-06,50,100,100,224416,1 3 6 11 7 2 9 0 8 5 4 10 
967,3.29862e-06,4.45599e-06,3.00373e-06,50,100,100,224416,1 3 6 11 7 2 9 0 8 5 4 10 
968,3.3215e-06,4.45599e-06,2.95932e-06,50,100,100,224416,1 3 6 11 7 2 9 0 8 5 4 10 
969,3.31556e-06,4.45599e-06,2.95382e-06,50,100,100,224416,1 3 6 11 7 2 9 0 8 5 4 10 
970,3.31693e-06,4.45599e-06,2.97836e-06,50,100,100,224416,1 3 6 11 7 2 9 0 8 5 4 10 
971,3.34028e-06,4.45599e-06,2.98924e-06,50,100,100,224416,1 3 6 11 7 2 9 0 8 5 4 10 
972,3.30956e-06,4.45599e-06,2.95016e-06,50,100,100,224416,1 3 6 11 7 2 9 0 8 5 4 10 
973,3.34248e-06,4.45599e-06,2.96469e-06,50,100,100,224416,1 3 6 11 7 2 9 0 8 5 4 10 
974,3.30922e-06,4.45599e-06,3.01179e-06,50,100,100,224416,1 3 6 11 7 2 9 0 8 5 4 10 
975,3.33626e-06,4.45599e-06,2.99765e-06,50,100,100,224416,1 3 6 11 7 2 9 0 8 5 4 10 
976,3.3118e-06,4.45599e-06,2.90454e-06,50,100,100,224416,1 3 6 11 7 2 9 0 8 5 4 10 
977,3.32171e-06,4.45599e-06,2.9508e-06,50,100,100,224416,1 3 6 11 7 2 9 0 8 5 4 10 
978,3.32352e-06,4.45599e-06,2.92522e-06,50,100,100,224416,1 3 6 11 7 2 9 0 8 5 4 10 
979,3.33883e-06,4.45599e-06,3.05093e-06,50,100,100,224416,1 3 6 11 7 2 9 0 8 5 4 10 
980,3.34718e-06,4.45599e-06,2.99076e-06,50,100,100,224416,1 3 6 11 7 2 9 0 8 5 4 10 
981,3.34742e-06,4.45599e-06,2.97091e-06,50,100,100,224416,1 3 6 11 7 2 9 0 8 5 4 10 
982,3.33979e-06,4.45599e-06,3.02421e-06,50,100,100,224416,1 3 6 11 7 2 9 0 8 5 4 10 
983,3.3683e-06,4.45599e-06,3.00413e-06,50,100,100,224416,1 3 6 11 7 2 9 0 8 5 4 10 
984,3.35741e-06,4.45599e-06,3.02505e-06,50,100,100,224416,1 3 6 11 7 2 9 0 8 5 4 10 
985,3.35409e-06,4.45599e-06,2.96719e-06,50,100,100,224416,1 3 6 11 7 2 9 0 8 5 4 10 
986,3.37628e-06,4.45599e-06,3.06085e-06,50,100,100,224416,1 3 6 11 7 2 9 0 8 5 4 10 
987,3.34369e-06,4.45599e-06,2.96329e-06,50,100,100,224416,1 3 6 11 7 2 9 0 8 5 4 10 
988,3.32647e-06,4.45599e-06,2.91675e-06,50,100,100,224416,1 3 6 11 7 2 9 0 8 5 4 10 
989,3.32458e-06,4.45599e-06,2.98946e-06,50,100,100,224416,1 3 6 11 7 2 9 0 8 5 4 10 
990,3.33084e-06,4.45599e-06,2.983e-06,50,100,100,224416,1 3 6 11 7 2 9 0 8 5 4 10 
991,3.33146e-06,4.45599e-06,2.92606e-06,50,100,100,224416,1 3 6 11 7 2 9 0 8 5 4 10 
992,3.35233e-06,4.45599e-06,3.0009e-06,50,100,100,224416,1 3 6 11 7 2 9 0 8 5 4 10 
993,3.35124e-06,4.45599e-06,3.04762e-06,50,100,100,224416,1 3 6 11 7 2 9 0 8 5 4 10 
994,3.35225e-06,4.45599e-06,3.0428e-06,50,100,100,224416,1 3 6 11 7 2 9 0 8 5 4 10 
995,3.31014e-06,4.45599e-06,3.01206e-06,50,100,100,224416,1 3 6 11 7 2 9 0 8 5 4 10 
996,3.30936e-06,4.45599e-06,2.94361e-06,50,100,100,224416,1 3 6 11 7 2 9 0 8 5 4 10 
997,3.35476e-06,4.45599e-06,3.0136e-06,50,100,100,224416,1 3 6 11 7 2 9 0 8 5 4 10 
998,3.33837e-06,4.45599e-06,2.93502e-06,50,100,100,224416,1 3 6 11 7 2 9 0 8 5 4 10 
999,3.34003e-06,4.45599e-06,3.01952e-06,50,100,100,224416,1 3 6 11 7 2 9 0 8 5 4 10 
