Generación,Media,Mejor,Peor,Cruzas,Mutaciones,Inversiones,Costo,Permutación
1,3.2783e-06,3.71205e-06,2.95132e-06,50,100,100,269392,7 1 8 5 6 4 9 3 10 0 2 11 
2,3.27524e-06,3.80896e-06,2.9218e-06,50,100,100,262538,4 7 8 0 6 3 9 11 10 5 2 1 
3,3.26906e-06,3.80896e-06,2.96194e-06,50,100,100,262538,4 7 8 0 6 3 9 11 10 5 2 1 
4,3.27845e-06,3.80896e-06,2.86224e-06,50,100,100,262538,4 7 8 0 6 3 9 11 10 5 2 1 
5,3.28855e-06,3.80896e-06,2.95908e-06,50,100,100,262538,4 7 8 0 6 3 9 11 10 5 2 1 
6,3.292e-06,3.80896e-06,3.05065e-06,50,100,100,262538,4 7 8 0 6 3 9 11 10 5 2 1 
7,3.32355e-06,3.80896e-06,2.99302e-06,50,100,100,262538,4 7 8 0 6 3 9 11 10 5 2 1 
8,3.31961e-06,3.80896e-06,3.06253e-06,50,100,100,262538,4 7 8 0 6 3 9 11 10 5 2 1 
9,3.30139e-06,3.80896e-06,2.99413e-06,50,100,100,262538,4 7 8 0 6 3 9 11 10 5 2 1 
10,3.29542e-06,3.84972e-06,2.98548e-06,50,100,100,259758,10 11 8 0 3 1 7 2 9 4 5 6 
11,3.3116e-06,3.84972e-06,3.05479e-06,50,100,100,259758,10 11 8 0 3 1 7 2 9 4 5 6 
12,3.28424e-06,3.84972e-06,2.96234e-06,50,100,100,259758,10 11 8 0 3 1 7 2 9 4 5 6 
13,3.28174e-06,3.84972e-06,2.93854e-06,50,100,100,259758,10 11 8 0 3 1 7 2 9 4 5 6 
14,3.30615e-06,3.84972e-06,2.92736e-06,50,100,100,259758,10 11 8 0 3 1 7 2 9 4 5 6 
15,3.29819e-06,3.84972e-06,2.98906e-06,50,100,100,259758,10 11 8 0 3 1 7 2 9 4 5 6 
16,3.29977e-06,3.84972e-06,2.98933e-06,50,100,100,259758,10 11 8 0 3 1 7 2 9 4 5 6 
17,3.31214e-06,3.84972e-06,2.97554e-06,50,100,100,259758,10 11 8 0 3 1 7 2 9 4 5 6 
18,3.30284e-06,3.96459e-06,2.99849e-06,50,100,100,252232,2 10 9 0 3 7 8 11 6 5 4 1 
19,3.28425e-06,3.96459e-06,2.88393e-06,50,100,100,252232,2 10 9 0 3 7 8 11 6 5 4 1 
20,3.32596e-06,3.96459e-06,2.98949e-06,50,100,100,252232,2 10 9 0 3 7 8 11 6 5 4 1 
21,3.31812e-06,3.96459e-06,2.9806e-06,50,100,100,252232,2 10 9 0 3 7 8 11 6 5 4 1 
22,3.32463e-06,4.04978e-06,2.87711e-06,50,100,100,246926,2 10 9 11 3 7 8 0 6 5 4 1 
23,3.27881e-06,4.04978e-06,2.98921e-06,50,100,100,246926,2 10 9 11 3 7 8 0 6 5 4 1 
24,3.31045e-06,4.04978e-06,2.94579e-06,50,100,100,246926,2 10 9 11 3 7 8 0 6 5 4 1 
25,3.32753e-06,4.04978e-06,2.96982e-06,50,100,100,246926,2 10 9 11 3 7 8 0 6 5 4 1 
26,3.32531e-06,4.04978e-06,2.90209e-06,50,100,100,246926,2 10 9 11 3 7 8 0 6 5 4 1 
27,3.33132e-06,4.04978e-06,3.00287e-06,50,100,100,246926,2 10 9 11 3 7 8 0 6 5 4 1 
28,3.3251e-06,4.04978e-06,2.88926e-06,50,100,100,246926,2 10 9 11 3 7 8 0 6 5 4 1 
29,3.32555e-06,4.04978e-06,2.90191e-06,50,100,100,246926,2 10 9 11 3 7 8 0 6 5 4 1 
30,3.32691e-06,4.04978e-06,2.97434e-06,50,100,100,246926,2 10 9 11 3 7 8 0 6 5 4 1 
31,3.36384e-06,4.04978e-06,3.03405e-06,50,100,100,246926,2 10 9 11 3 7 8 0 6 5 4 1 
32,3.3192e-06,4.04978e-06,2.8767e-06,50,100,100,246926,2 10 9 11 3 7 8 0 6 5 4 1 
33,3.34231e-06,4.04978e-06,2.91117e-06,50,100,100,246926,2 10 9 11 3 7 8 0 6 5 4 1 
34,3.32779e-06,4.04978e-06,2.94633e-06,50,100,100,246926,2 10 9 11 3 7 8 0 6 5 4 1 
35,3.32995e-06,4.04978e-06,2.96308e-06,50,100,100,246926,2 10 9 11 3 7 8 0 6 5 4 1 
36,3.32481e-06,4.04978e-06,3.00858e-06,50,100,100,246926,2 10 9 11 3 7 8 0 6 5 4 1 
37,3.33039e-06,4.04978e-06,3.02437e-06,50,100,100,246926,2 10 9 11 3 7 8 0 6 5 4 1 
38,3.31397e-06,4.04978e-06,2.9316e-06,50,100,100,246926,2 10 9 11 3 7 8 0 6 5 4 1 
39,3.29026e-06,4.04978e-06,2.97383e-06,50,100,100,246926,2 10 9 11 3 7 8 0 6 5 4 1 
40,3.25806e-06,4.04978e-06,2.92021e-06,50,100,100,246926,2 10 9 11 3 7 8 0 6 5 4 1 
41,3.30174e-06,4.04978e-06,2.97652e-06,50,100,100,246926,2 10 9 11 3 7 8 0 6 5 4 1 
42,3.29694e-06,4.04978e-06,2.94089e-06,50,100,100,246926,2 10 9 11 3 7 8 0 6 5 4 1 
43,3.33131e-06,4.04978e-06,2.9876e-06,50,100,100,246926,2 10 9 11 3 7 8 0 6 5 4 1 
44,3.30858e-06,4.04978e-06,2.94913e-06,50,100,100,246926,2 10 9 11 3 7 8 0 6 5 4 1 
45,3.30933e-06,4.04978e-06,2.99485e-06,50,100,100,246926,2 10 9 11 3 7 8 0 6 5 4 1 
46,3.26966e-06,4.04978e-06,2.86219e-06,50,100,100,246926,2 10 9 11 3 7 8 0 6 5 4 1 
47,3.32231e-06,4.04978e-06,2.95397e-06,50,100,100,246926,2 10 9 11 3 7 8 0 6 5 4 1 
48,3.31326e-06,4.04978e-06,2.97655e-06,50,100,100,246926,2 10 9 11 3 7 8 0 6 5 4 1 
49,3.31351e-06,4.04978e-06,2.99309e-06,50,100,100,246926,2 10 9 11 3 7 8 0 6 5 4 1 
50,3.3268e-06,4.04978e-06,2.94717e-06,50,100,100,246926,2 10 9 11 3 7 8 0 6 5 4 1 
51,3.33861e-06,4.04978e-06,2.99781e-06,50,100,100,246926,2 10 9 11 3 7 8 0 6 5 4 1 
52,3.3299e-06,4.04978e-06,3.00368e-06,50,100,100,246926,2 10 9 11 3 7 8 0 6 5 4 1 
53,3.32565e-06,4.04978e-06,2.99452e-06,50,100,100,246926,2 10 9 11 3 7 8 0 6 5 4 1 
54,3.32292e-06,4.04978e-06,3.00727e-06,50,100,100,246926,2 10 9 11 3 7 8 0 6 5 4 1 
55,3.33392e-06,4.04978e-06,2.99927e-06,50,100,100,246926,2 10 9 11 3 7 8 0 6 5 4 1 
56,3.35475e-06,4.04978e-06,3.01485e-06,50,100,100,246926,2 10 9 11 3 7 8 0 6 5 4 1 
57,3.33406e-06,4.04978e-06,3.01649e-06,50,100,100,246926,2 10 9 11 3 7 8 0 6 5 4 1 
58,3.35078e-06,4.04978e-06,2.95511e-06,50,100,100,246926,2 10 9 11 3 7 8 0 6 5 4 1 
59,3.32005e-06,4.04978e-06,3.01269e-06,50,100,100,246926,2 10 9 11 3 7 8 0 6 5 4 1 
60,3.3191e-06,4.04978e-06,2.97243e-06,50,100,100,246926,2 10 9 11 3 7 8 0 6 5 4 1 
61,3.32052e-06,4.04978e-06,2.99526e-06,50,100,100,246926,2 10 9 11 3 7 8 0 6 5 4 1 
62,3.32937e-06,4.04978e-06,2.9648e-06,50,100,100,246926,2 10 9 11 3 7 8 0 6 5 4 1 
63,3.34295e-06,4.04978e-06,2.99617e-06,50,100,100,246926,2 10 9 11 3 7 8 0 6 5 4 1 
64,3.3649e-06,4.04978e-06,2.9311e-06,50,100,100,246926,2 10 9 11 3 7 8 0 6 5 4 1 
65,3.34871e-06,4.04978e-06,2.98765e-06,50,100,100,246926,2 10 9 11 3 7 8 0 6 5 4 1 
66,3.33278e-06,4.04978e-06,3.02679e-06,50,100,100,246926,2 10 9 11 3 7 8 0 6 5 4 1 
67,3.32647e-06,4.04978e-06,2.98448e-06,50,100,100,246926,2 10 9 11 3 7 8 0 6 5 4 1 
68,3.33057e-06,4.04978e-06,3.02121e-06,50,100,100,246926,2 10 9 11 3 7 8 0 6 5 4 1 
69,3.33683e-06,4.04978e-06,2.99981e-06,50,100,100,246926,2 10 9 11 3 7 8 0 6 5 4 1 
70,3.3358e-06,4.04978e-06,2.91342e-06,50,100,100,246926,2 10 9 11 3 7 8 0 6 5 4 1 
71,3.32661e-06,4.04978e-06,2.9984e-06,50,100,100,246926,2 10 9 11 3 7 8 0 6 5 4 1 
72,3.33412e-06,4.04978e-06,3.01307e-06,50,100,100,246926,2 10 9 11 3 7 8 0 6 5 4 1 
73,3.31491e-06,4.04978e-06,2.98151e-06,50,100,100,246926,2 10 9 11 3 7 8 0 6 5 4 1 
74,3.30631e-06,4.04978e-06,2.96208e-06,50,100,100,246926,2 10 9 11 3 7 8 0 6 5 4 1 
75,3.31422e-06,4.04978e-06,2.95111e-06,50,100,100,246926,2 10 9 11 3 7 8 0 6 5 4 1 
76,3.31112e-06,4.04978e-06,3.02496e-06,50,100,100,246926,2 10 9 11 3 7 8 0 6 5 4 1 
77,3.32706e-06,4.04978e-06,2.96821e-06,50,100,100,246926,2 10 9 11 3 7 8 0 6 5 4 1 
78,3.33294e-06,4.04978e-06,2.95803e-06,50,100,100,246926,2 10 9 11 3 7 8 0 6 5 4 1 
79,3.29539e-06,4.04978e-06,2.97165e-06,50,100,100,246926,2 10 9 11 3 7 8 0 6 5 4 1 
80,3.29119e-06,4.04978e-06,2.94852e-06,50,100,100,246926,2 10 9 11 3 7 8 0 6 5 4 1 
81,3.28793e-06,4.04978e-06,2.96746e-06,50,100,100,246926,2 10 9 11 3 7 8 0 6 5 4 1 
82,3.30903e-06,4.04978e-06,3.0095e-06,50,100,100,246926,2 10 9 11 3 7 8 0 6 5 4 1 
83,3.30587e-06,4.04978e-06,2.96797e-06,50,100,100,246926,2 10 9 11 3 7 8 0 6 5 4 1 
84,3.3014e-06,4.04978e-06,3.01425e-06,50,100,100,246926,2 10 9 11 3 7 8 0 6 5 4 1 
85,3.30854e-06,4.04978e-06,3.02059e-06,50,100,100,246926,2 10 9 11 3 7 8 0 6 5 4 1 
86,3.29361e-06,4.04978e-06,2.95335e-06,50,100,100,246926,2 10 9 11 3 7 8 0 6 5 4 1 
87,3.3172e-06,4.04978e-06,2.96399e-06,50,100,100,246926,2 10 9 11 3 7 8 0 6 5 4 1 
88,3.31132e-06,4.04978e-06,2.96081e-06,50,100,100,246926,2 10 9 11 3 7 8 0 6 5 4 1 
89,3.29117e-06,4.04978e-06,2.95296e-06,50,100,100,246926,2 10 9 11 3 7 8 0 6 5 4 1 
90,3.29124e-06,4.04978e-06,2.94079e-06,50,100,100,246926,2 10 9 11 3 7 8 0 6 5 4 1 
91,3.33522e-06,4.04978e-06,3.03189e-06,50,100,100,246926,2 10 9 11 3 7 8 0 6 5 4 1 
92,3.35618e-06,4.04978e-06,3.00679e-06,50,100,100,246926,2 10 9 11 3 7 8 0 6 5 4 1 
93,3.29907e-06,4.04978e-06,2.98302e-06,50,100,100,246926,2 10 9 11 3 7 8 0 6 5 4 1 
94,3.32228e-06,4.04978e-06,3.03432e-06,50,100,100,246926,2 10 9 11 3 7 8 0 6 5 4 1 
95,3.29245e-06,4.04978e-06,2.95626e-06,50,100,100,246926,2 10 9 11 3 7 8 0 6 5 4 1 
96,3.31334e-06,4.04978e-06,2.9645e-06,50,100,100,246926,2 10 9 11 3 7 8 0 6 5 4 1 
97,3.32003e-06,4.04978e-06,2.96036e-06,50,100,100,246926,2 10 9 11 3 7 8 0 6 5 4 1 
98,3.2973e-06,4.04978e-06,2.93461e-06,50,100,100,246926,2 10 9 11 3 7 8 0 6 5 4 1 
99,3.32406e-06,4.04978e-06,2.90504e-06,50,100,100,246926,2 10 9 11 3 7 8 0 6 5 4 1 
100,3.31247e-06,4.04978e-06,2.95145e-06,50,100,100,246926,2 10 9 11 3 7 8 0 6 5 4 1 
101,3.31876e-06,4.04978e-06,3.02793e-06,50,100,100,246926,2 10 9 11 3 7 8 0 6 5 4 1 
102,3.30706e-06,4.04978e-06,2.99637e-06,50,100,100,246926,2 10 9 11 3 7 8 0 6 5 4 1 
103,3.30966e-06,4.04978e-06,2.89957e-06,50,100,100,246926,2 10 9 11 3 7 8 0 6 5 4 1 
104,3.32008e-06,4.04978e-06,2.9725e-06,50,100,100,246926,2 10 9 11 3 7 8 0 6 5 4 1 
105,3.2744e-06,4.04978e-06,2.918e-06,50,100,100,246926,2 10 9 11 3 7 8 0 6 5 4 1 
106,3.29232e-06,4.04978e-06,2.91519e-06,50,100,100,246926,2 10 9 11 3 7 8 0 6 5 4 1 
107,3.33309e-06,4.04978e-06,2.9129e-06,50,100,100,246926,2 10 9 11 3 7 8 0 6 5 4 1 
108,3.331e-06,4.04978e-06,3.02637e-06,50,100,100,246926,2 10 9 11 3 7 8 0 6 5 4 1 
109,3.32145e-06,4.04978e-06,2.98476e-06,50,100,100,246926,2 10 9 11 3 7 8 0 6 5 4 1 
110,3.34493e-06,4.04978e-06,2.98815e-06,50,100,100,246926,2 10 9 11 3 7 8 0 6 5 4 1 
111,3.33925e-06,4.04978e-06,3.01302e-06,50,100,100,246926,2 10 9 11 3 7 8 0 6 5 4 1 
112,3.34575e-06,4.04978e-06,2.91996e-06,50,100,100,246926,2 10 9 11 3 7 8 0 6 5 4 1 
113,3.33609e-06,4.04978e-06,2.98737e-06,50,100,100,246926,2 10 9 11 3 7 8 0 6 5 4 1 
114,3.32616e-06,4.04978e-06,3.0093e-06,50,100,100,246926,2 10 9 11 3 7 8 0 6 5 4 1 
115,3.32202e-06,4.04978e-06,2.94456e-06,50,100,100,246926,2 10 9 11 3 7 8 0 6 5 4 1 
116,3.32277e-06,4.04978e-06,3.01493e-06,50,100,100,246926,2 10 9 11 3 7 8 0 6 5 4 1 
117,3.34948e-06,4.04978e-06,3.00283e-06,50,100,100,246926,2 10 9 11 3 7 8 0 6 5 4 1 
118,3.31732e-06,4.04978e-06,2.96994e-06,50,100,100,246926,2 10 9 11 3 7 8 0 6 5 4 1 
119,3.34505e-06,4.04978e-06,2.95314e-06,50,100,100,246926,2 10 9 11 3 7 8 0 6 5 4 1 
120,3.33481e-06,4.04978e-06,2.9673e-06,50,100,100,246926,2 10 9 11 3 7 8 0 6 5 4 1 
121,3.34414e-06,4.04978e-06,2.98003e-06,50,100,100,246926,2 10 9 11 3 7 8 0 6 5 4 1 
122,3.32562e-06,4.04978e-06,2.92149e-06,50,100,100,246926,2 10 9 11 3 7 8 0 6 5 4 1 
123,3.32661e-06,4.04978e-06,3.04319e-06,50,100,100,246926,2 10 9 11 3 7 8 0 6 5 4 1 
124,3.32606e-06,4.04978e-06,2.93463e-06,50,100,100,246926,2 10 9 11 3 7 8 0 6 5 4 1 
125,3.3318e-06,4.04978e-06,2.98111e-06,50,100,100,246926,2 10 9 11 3 7 8 0 6 5 4 1 
126,3.34158e-06,4.04978e-06,3.02593e-06,50,100,100,246926,2 10 9 11 3 7 8 0 6 5 4 1 
127,3.30989e-06,4.04978e-06,2.98608e-06,50,100,100,246926,2 10 9 11 3 7 8 0 6 5 4 1 
128,3.33151e-06,4.04978e-06,3.02802e-06,50,100,100,246926,2 10 9 11 3 7 8 0 6 5 4 1 
129,3.34493e-06,4.04978e-06,2.97491e-06,50,100,100,246926,2 10 9 11 3 7 8 0 6 5 4 1 
130,3.31997e-06,4.04978e-06,2.9822e-06,50,100,100,246926,2 10 9 11 3 7 8 0 6 5 4 1 
131,3.36172e-06,4.04978e-06,2.99919e-06,50,100,100,246926,2 10 9 11 3 7 8 0 6 5 4 1 
132,3.339e-06,4.04978e-06,2.95943e-06,50,100,100,246926,2 10 9 11 3 7 8 0 6 5 4 1 
133,3.33051e-06,4.04978e-06,2.89883e-06,50,100,100,246926,2 10 9 11 3 7 8 0 6 5 4 1 
134,3.33266e-06,4.04978e-06,3.02035e-06,50,100,100,246926,2 10 9 11 3 7 8 0 6 5 4 1 
135,3.34466e-06,4.04978e-06,2.98218e-06,50,100,100,246926,2 10 9 11 3 7 8 0 6 5 4 1 
136,3.30612e-06,4.04978e-06,2.98238e-06,50,100,100,246926,2 10 9 11 3 7 8 0 6 5 4 1 
137,3.31566e-06,4.04978e-06,2.96029e-06,50,100,100,246926,2 10 9 11 3 7 8 0 6 5 4 1 
138,3.30943e-06,4.04978e-06,2.89975e-06,50,100,100,246926,2 10 9 11 3 7 8 0 6 5 4 1 
139,3.30899e-06,4.04978e-06,2.9835e-06,50,100,100,246926,2 10 9 11 3 7 8 0 6 5 4 1 
140,3.34152e-06,4.04978e-06,3.02752e-06,50,100,100,246926,2 10 9 11 3 7 8 0 6 5 4 1 
141,3.32381e-06,4.04978e-06,2.98163e-06,50,100,100,246926,2 10 9 11 3 7 8 0 6 5 4 1 
142,3.32482e-06,4.04978e-06,2.98129e-06,50,100,100,246926,2 10 9 11 3 7 8 0 6 5 4 1 
143,3.37783e-06,4.04978e-06,3.00746e-06,50,100,100,246926,2 10 9 11 3 7 8 0 6 5 4 1 
144,3.354e-06,4.04978e-06,3.00179e-06,50,100,100,246926,2 10 9 11 3 7 8 0 6 5 4 1 
145,3.34618e-06,4.04978e-06,3.04526e-06,50,100,100,246926,2 10 9 11 3 7 8 0 6 5 4 1 
146,3.36282e-06,4.04978e-06,2.99006e-06,50,100,100,246926,2 10 9 11 3 7 8 0 6 5 4 1 
147,3.37351e-06,4.04978e-06,3.00671e-06,50,100,100,246926,2 10 9 11 3 7 8 0 6 5 4 1 
148,3.33975e-06,4.04978e-06,2.98813e-06,50,100,100,246926,2 10 9 11 3 7 8 0 6 5 4 1 
149,3.30667e-06,4.04978e-06,2.97324e-06,50,100,100,246926,2 10 9 11 3 7 8 0 6 5 4 1 
150,3.35543e-06,4.04978e-06,3.0428e-06,50,100,100,246926,2 10 9 11 3 7 8 0 6 5 4 1 
151,3.34508e-06,4.04978e-06,2.95553e-06,50,100,100,246926,2 10 9 11 3 7 8 0 6 5 4 1 
152,3.37359e-06,4.04978e-06,2.93284e-06,50,100,100,246926,2 10 9 11 3 7 8 0 6 5 4 1 
153,3.3659e-06,4.04978e-06,2.9446e-06,50,100,100,246926,2 10 9 11 3 7 8 0 6 5 4 1 
154,3.39936e-06,4.04978e-06,2.99524e-06,50,100,100,246926,2 10 9 11 3 7 8 0 6 5 4 1 
155,3.37015e-06,4.04978e-06,2.98996e-06,50,100,100,246926,2 10 9 11 3 7 8 0 6 5 4 1 
156,3.32338e-06,4.04978e-06,2.99896e-06,50,100,100,246926,2 10 9 11 3 7 8 0 6 5 4 1 
157,3.32949e-06,4.04978e-06,2.98165e-06,50,100,100,246926,2 10 9 11 3 7 8 0 6 5 4 1 
158,3.31979e-06,4.04978e-06,2.99981e-06,50,100,100,246926,2 10 9 11 3 7 8 0 6 5 4 1 
159,3.33886e-06,4.04978e-06,2.97609e-06,50,100,100,246926,2 10 9 11 3 7 8 0 6 5 4 1 
160,3.34302e-06,4.04978e-06,2.87786e-06,50,100,100,246926,2 10 9 11 3 7 8 0 6 5 4 1 
161,3.33654e-06,4.04978e-06,2.98744e-06,50,100,100,246926,2 10 9 11 3 7 8 0 6 5 4 1 
162,3.35227e-06,4.04978e-06,3.04754e-06,50,100,100,246926,2 10 9 11 3 7 8 0 6 5 4 1 
163,3.36276e-06,4.04978e-06,2.95139e-06,50,100,100,246926,2 10 9 11 3 7 8 0 6 5 4 1 
164,3.37747e-06,4.04978e-06,2.95574e-06,50,100,100,246926,2 10 9 11 3 7 8 0 6 5 4 1 
165,3.35363e-06,4.04978e-06,2.97082e-06,50,100,100,246926,2 10 9 11 3 7 8 0 6 5 4 1 
166,3.28774e-06,4.04978e-06,2.93463e-06,50,100,100,246926,2 10 9 11 3 7 8 0 6 5 4 1 
167,3.3118e-06,4.04978e-06,3.01567e-06,50,100,100,246926,2 10 9 11 3 7 8 0 6 5 4 1 
168,3.30494e-06,4.04978e-06,3.01573e-06,50,100,100,246926,2 10 9 11 3 7 8 0 6 5 4 1 
169,3.3303e-06,4.04978e-06,2.97994e-06,50,100,100,246926,2 10 9 11 3 7 8 0 6 5 4 1 
170,3.3144e-06,4.04978e-06,2.99883e-06,50,100,100,246926,2 10 9 11 3 7 8 0 6 5 4 1 
171,3.35128e-06,4.04978e-06,3.00449e-06,50,100,100,246926,2 10 9 11 3 7 8 0 6 5 4 1 
172,3.32574e-06,4.04978e-06,2.94022e-06,50,100,100,246926,2 10 9 11 3 7 8 0 6 5 4 1 
173,3.3137e-06,4.04978e-06,2.95349e-06,50,100,100,246926,2 10 9 11 3 7 8 0 6 5 4 1 
174,3.30618e-06,4.04978e-06,2.95666e-06,50,100,100,246926,2 10 9 11 3 7 8 0 6 5 4 1 
175,3.32251e-06,4.04978e-06,2.97024e-06,50,100,100,246926,2 10 9 11 3 7 8 0 6 5 4 1 
176,3.32447e-06,4.04978e-06,2.99799e-06,50,100,100,246926,2 10 9 11 3 7 8 0 6 5 4 1 
177,3.31991e-06,4.04978e-06,2.9798e-06,50,100,100,246926,2 10 9 11 3 7 8 0 6 5 4 1 
178,3.30763e-06,4.04978e-06,2.9183e-06,50,100,100,246926,2 10 9 11 3 7 8 0 6 5 4 1 
179,3.31768e-06,4.04978e-06,3.02023e-06,50,100,100,246926,2 10 9 11 3 7 8 0 6 5 4 1 
180,3.30993e-06,4.04978e-06,2.92542e-06,50,100,100,246926,2 10 9 11 3 7 8 0 6 5 4 1 
181,3.31037e-06,4.04978e-06,2.97377e-06,50,100,100,246926,2 10 9 11 3 7 8 0 6 5 4 1 
182,3.30986e-06,4.04978e-06,3.01713e-06,50,100,100,246926,2 10 9 11 3 7 8 0 6 5 4 1 
183,3.30007e-06,4.04978e-06,2.9629e-06,50,100,100,246926,2 10 9 11 3 7 8 0 6 5 4 1 
184,3.32487e-06,4.04978e-06,2.97234e-06,50,100,100,246926,2 10 9 11 3 7 8 0 6 5 4 1 
185,3.33159e-06,4.04978e-06,2.98806e-06,50,100,100,246926,2 10 9 11 3 7 8 0 6 5 4 1 
186,3.3008e-06,4.04978e-06,2.98865e-06,50,100,100,246926,2 10 9 11 3 7 8 0 6 5 4 1 
187,3.31114e-06,4.04978e-06,2.9557e-06,50,100,100,246926,2 10 9 11 3 7 8 0 6 5 4 1 
188,3.32651e-06,4.04978e-06,2.95591e-06,50,100,100,246926,2 10 9 11 3 7 8 0 6 5 4 1 
189,3.30073e-06,4.04978e-06,2.94278e-06,50,100,100,246926,2 10 9 11 3 7 8 0 6 5 4 1 
190,3.30719e-06,4.04978e-06,2.98796e-06,50,100,100,246926,2 10 9 11 3 7 8 0 6 5 4 1 
191,3.30435e-06,4.12312e-06,2.91984e-06,50,100,100,242534,2 10 9 11 3 7 8 0 1 5 4 6 
192,3.30039e-06,4.12312e-06,3.00491e-06,50,100,100,242534,2 10 9 11 3 7 8 0 1 5 4 6 
193,3.30112e-06,4.12312e-06,3.02468e-06,50,100,100,242534,2 10 9 11 3 7 8 0 1 5 4 6 
194,3.29914e-06,4.12312e-06,2.96982e-06,50,100,100,242534,2 10 9 11 3 7 8 0 1 5 4 6 
195,3.30052e-06,4.12312e-06,2.91056e-06,50,100,100,242534,2 10 9 11 3 7 8 0 1 5 4 6 
196,3.33111e-06,4.12312e-06,2.97393e-06,50,100,100,242534,2 10 9 11 3 7 8 0 1 5 4 6 
197,3.32948e-06,4.12312e-06,2.97771e-06,50,100,100,242534,2 10 9 11 3 7 8 0 1 5 4 6 
198,3.3001e-06,4.12312e-06,2.99662e-06,50,100,100,242534,2 10 9 11 3 7 8 0 1 5 4 6 
199,3.32924e-06,4.12312e-06,2.99673e-06,50,100,100,242534,2 10 9 11 3 7 8 0 1 5 4 6 
200,3.33666e-06,4.12312e-06,3.02527e-06,50,100,100,242534,2 10 9 11 3 7 8 0 1 5 4 6 
201,3.33379e-06,4.12312e-06,3.01206e-06,50,100,100,242534,2 10 9 11 3 7 8 0 1 5 4 6 
202,3.30549e-06,4.12312e-06,2.93091e-06,50,100,100,242534,2 10 9 11 3 7 8 0 1 5 4 6 
203,3.29111e-06,4.12312e-06,2.89809e-06,50,100,100,242534,2 10 9 11 3 7 8 0 1 5 4 6 
204,3.31156e-06,4.12312e-06,2.99828e-06,50,100,100,242534,2 10 9 11 3 7 8 0 1 5 4 6 
205,3.27328e-06,4.12312e-06,2.95731e-06,50,100,100,242534,2 10 9 11 3 7 8 0 1 5 4 6 
206,3.30185e-06,4.12312e-06,2.94955e-06,50,100,100,242534,2 10 9 11 3 7 8 0 1 5 4 6 
207,3.28445e-06,4.12312e-06,3.00366e-06,50,100,100,242534,2 10 9 11 3 7 8 0 1 5 4 6 
208,3.26964e-06,4.12312e-06,2.91766e-06,50,100,100,242534,2 10 9 11 3 7 8 0 1 5 4 6 
209,3.27348e-06,4.12312e-06,2.95356e-06,50,100,100,242534,2 10 9 11 3 7 8 0 1 5 4 6 
210,3.30595e-06,4.12312e-06,3.05082e-06,50,100,100,242534,2 10 9 11 3 7 8 0 1 5 4 6 
211,3.33215e-06,4.12312e-06,3.01035e-06,50,100,100,242534,2 10 9 11 3 7 8 0 1 5 4 6 
212,3.3179e-06,4.12312e-06,2.95659e-06,50,100,100,242534,2 10 9 11 3 7 8 0 1 5 4 6 
213,3.32683e-06,4.12312e-06,2.90379e-06,50,100,100,242534,2 10 9 11 3 7 8 0 1 5 4 6 
214,3.3085e-06,4.12312e-06,2.95761e-06,50,100,100,242534,2 10 9 11 3 7 8 0 1 5 4 6 
215,3.3279e-06,4.12312e-06,2.9373e-06,50,100,100,242534,2 10 9 11 3 7 8 0 1 5 4 6 
216,3.32242e-06,4.12312e-06,2.97266e-06,50,100,100,242534,2 10 9 11 3 7 8 0 1 5 4 6 
217,3.30299e-06,4.12312e-06,2.93308e-06,50,100,100,242534,2 10 9 11 3 7 8 0 1 5 4 6 
218,3.29635e-06,4.12312e-06,2.93361e-06,50,100,100,242534,2 10 9 11 3 7 8 0 1 5 4 6 
219,3.30966e-06,4.12312e-06,3.00274e-06,50,100,100,242534,2 10 9 11 3 7 8 0 1 5 4 6 
220,3.31729e-06,4.12312e-06,2.96408e-06,50,100,100,242534,2 10 9 11 3 7 8 0 1 5 4 6 
221,3.32299e-06,4.12312e-06,3.00751e-06,50,100,100,242534,2 10 9 11 3 7 8 0 1 5 4 6 
222,3.34355e-06,4.12312e-06,3.00496e-06,50,100,100,242534,2 10 9 11 3 7 8 0 1 5 4 6 
223,3.34267e-06,4.12312e-06,2.96083e-06,50,100,100,242534,2 10 9 11 3 7 8 0 1 5 4 6 
224,3.30084e-06,4.12312e-06,2.94864e-06,50,100,100,242534,2 10 9 11 3 7 8 0 1 5 4 6 
225,3.30849e-06,4.12312e-06,2.94764e-06,50,100,100,242534,2 10 9 11 3 7 8 0 1 5 4 6 
226,3.33187e-06,4.12312e-06,2.98142e-06,50,100,100,242534,2 10 9 11 3 7 8 0 1 5 4 6 
227,3.34179e-06,4.12312e-06,3.01959e-06,50,100,100,242534,2 10 9 11 3 7 8 0 1 5 4 6 
228,3.31256e-06,4.12312e-06,2.90477e-06,50,100,100,242534,2 10 9 11 3 7 8 0 1 5 4 6 
229,3.34389e-06,4.12312e-06,2.99819e-06,50,100,100,242534,2 10 9 11 3 7 8 0 1 5 4 6 
230,3.31992e-06,4.12312e-06,2.99999e-06,50,100,100,242534,2 10 9 11 3 7 8 0 1 5 4 6 
231,3.34713e-06,4.12312e-06,3.02037e-06,50,100,100,242534,2 10 9 11 3 7 8 0 1 5 4 6 
232,3.32881e-06,4.12312e-06,2.99673e-06,50,100,100,242534,2 10 9 11 3 7 8 0 1 5 4 6 
233,3.33994e-06,4.12312e-06,2.92561e-06,50,100,100,242534,2 10 9 11 3 7 8 0 1 5 4 6 
234,3.33575e-06,4.12312e-06,2.99001e-06,50,100,100,242534,2 10 9 11 3 7 8 0 1 5 4 6 
235,3.32583e-06,4.12312e-06,2.91427e-06,50,100,100,242534,2 10 9 11 3 7 8 0 1 5 4 6 
236,3.33994e-06,4.12312e-06,3.0603e-06,50,100,100,242534,2 10 9 11 3 7 8 0 1 5 4 6 
237,3.32842e-06,4.12312e-06,3.00644e-06,50,100,100,242534,2 10 9 11 3 7 8 0 1 5 4 6 
238,3.30622e-06,4.12312e-06,2.92749e-06,50,100,100,242534,2 10 9 11 3 7 8 0 1 5 4 6 
239,3.30089e-06,4.12312e-06,3.05266e-06,50,100,100,242534,2 10 9 11 3 7 8 0 1 5 4 6 
240,3.33032e-06,4.12312e-06,2.96262e-06,50,100,100,242534,2 10 9 11 3 7 8 0 1 5 4 6 
241,3.34115e-06,4.12312e-06,2.95934e-06,50,100,100,242534,2 10 9 11 3 7 8 0 1 5 4 6 
242,3.35827e-06,4.12312e-06,2.94955e-06,50,100,100,242534,2 10 9 11 3 7 8 0 1 5 4 6 
243,3.34225e-06,4.12312e-06,2.92713e-06,50,100,100,242534,2 10 9 11 3 7 8 0 1 5 4 6 
244,3.33676e-06,4.12312e-06,2.96874e-06,50,100,100,242534,2 10 9 11 3 7 8 0 1 5 4 6 
245,3.3533e-06,4.12312e-06,3.01797e-06,50,100,100,242534,2 10 9 11 3 7 8 0 1 5 4 6 
246,3.35169e-06,4.12312e-06,2.99339e-06,50,100,100,242534,2 10 9 11 3 7 8 0 1 5 4 6 
247,3.31248e-06,4.12312e-06,2.95868e-06,50,100,100,242534,2 10 9 11 3 7 8 0 1 5 4 6 
248,3.29968e-06,4.12312e-06,2.95298e-06,50,100,100,242534,2 10 9 11 3 7 8 0 1 5 4 6 
249,3.30519e-06,4.12312e-06,2.98227e-06,50,100,100,242534,2 10 9 11 3 7 8 0 1 5 4 6 
250,3.3056e-06,4.12312e-06,3.02595e-06,50,100,100,242534,2 10 9 11 3 7 8 0 1 5 4 6 
251,3.32285e-06,4.12312e-06,2.91558e-06,50,100,100,242534,2 10 9 11 3 7 8 0 1 5 4 6 
252,3.33274e-06,4.12312e-06,2.96647e-06,50,100,100,242534,2 10 9 11 3 7 8 0 1 5 4 6 
253,3.30997e-06,4.12312e-06,2.95394e-06,50,100,100,242534,2 10 9 11 3 7 8 0 1 5 4 6 
254,3.34042e-06,4.12312e-06,2.93618e-06,50,100,100,242534,2 10 9 11 3 7 8 0 1 5 4 6 
255,3.34714e-06,4.12312e-06,3.01498e-06,50,100,100,242534,2 10 9 11 3 7 8 0 1 5 4 6 
256,3.31596e-06,4.12312e-06,2.98867e-06,50,100,100,242534,2 10 9 11 3 7 8 0 1 5 4 6 
257,3.34487e-06,4.12312e-06,2.98462e-06,50,100,100,242534,2 10 9 11 3 7 8 0 1 5 4 6 
258,3.3114e-06,4.12312e-06,3.02152e-06,50,100,100,242534,2 10 9 11 3 7 8 0 1 5 4 6 
259,3.32418e-06,4.12312e-06,3.01515e-06,50,100,100,242534,2 10 9 11 3 7 8 0 1 5 4 6 
260,3.33243e-06,4.12312e-06,2.97735e-06,50,100,100,242534,2 10 9 11 3 7 8 0 1 5 4 6 
261,3.33969e-06,4.12312e-06,2.92582e-06,50,100,100,242534,2 10 9 11 3 7 8 0 1 5 4 6 
262,3.32832e-06,4.12312e-06,3.02828e-06,50,100,100,242534,2 10 9 11 3 7 8 0 1 5 4 6 
263,3.32637e-06,4.12312e-06,2.97282e-06,50,100,100,242534,2 10 9 11 3 7 8 0 1 5 4 6 
264,3.33645e-06,4.12312e-06,2.95061e-06,50,100,100,242534,2 10 9 11 3 7 8 0 1 5 4 6 
265,3.31332e-06,4.12312e-06,3.01449e-06,50,100,100,242534,2 10 9 11 3 7 8 0 1 5 4 6 
266,3.29229e-06,4.12312e-06,2.88513e-06,50,100,100,242534,2 10 9 11 3 7 8 0 1 5 4 6 
267,3.30538e-06,4.12312e-06,2.92669e-06,50,100,100,242534,2 10 9 11 3 7 8 0 1 5 4 6 
268,3.32045e-06,4.12312e-06,2.96174e-06,50,100,100,242534,2 10 9 11 3 7 8 0 1 5 4 6 
269,3.3046e-06,4.12312e-06,2.94793e-06,50,100,100,242534,2 10 9 11 3 7 8 0 1 5 4 6 
270,3.3181e-06,4.12312e-06,2.98706e-06,50,100,100,242534,2 10 9 11 3 7 8 0 1 5 4 6 
271,3.30763e-06,4.12312e-06,2.97936e-06,50,100,100,242534,2 10 9 11 3 7 8 0 1 5 4 6 
272,3.32574e-06,4.12312e-06,2.99792e-06,50,100,100,242534,2 10 9 11 3 7 8 0 1 5 4 6 
273,3.32506e-06,4.12312e-06,2.95354e-06,50,100,100,242534,2 10 9 11 3 7 8 0 1 5 4 6 
274,3.3339e-06,4.12312e-06,3.02839e-06,50,100,100,242534,2 10 9 11 3 7 8 0 1 5 4 6 
275,3.34835e-06,4.12312e-06,2.95808e-06,50,100,100,242534,2 10 9 11 3 7 8 0 1 5 4 6 
276,3.34985e-06,4.12312e-06,3.056e-06,50,100,100,242534,2 10 9 11 3 7 8 0 1 5 4 6 
277,3.33305e-06,4.12312e-06,3.0018e-06,50,100,100,242534,2 10 9 11 3 7 8 0 1 5 4 6 
278,3.32574e-06,4.12312e-06,2.97349e-06,50,100,100,242534,2 10 9 11 3 7 8 0 1 5 4 6 
279,3.32657e-06,4.12312e-06,2.97289e-06,50,100,100,242534,2 10 9 11 3 7 8 0 1 5 4 6 
280,3.32181e-06,4.12312e-06,3.02696e-06,50,100,100,242534,2 10 9 11 3 7 8 0 1 5 4 6 
281,3.2969e-06,4.12312e-06,2.95742e-06,50,100,100,242534,2 10 9 11 3 7 8 0 1 5 4 6 
282,3.31748e-06,4.12312e-06,3.02763e-06,50,100,100,242534,2 10 9 11 3 7 8 0 1 5 4 6 
283,3.31411e-06,4.12312e-06,3.00762e-06,50,100,100,242534,2 10 9 11 3 7 8 0 1 5 4 6 
284,3.31607e-06,4.12312e-06,3.04109e-06,50,100,100,242534,2 10 9 11 3 7 8 0 1 5 4 6 
285,3.2794e-06,4.12312e-06,2.98505e-06,50,100,100,242534,2 10 9 11 3 7 8 0 1 5 4 6 
286,3.32455e-06,4.12312e-06,2.95562e-06,50,100,100,242534,2 10 9 11 3 7 8 0 1 5 4 6 
287,3.32041e-06,4.12312e-06,2.96969e-06,50,100,100,242534,2 10 9 11 3 7 8 0 1 5 4 6 
288,3.33972e-06,4.12312e-06,2.98639e-06,50,100,100,242534,2 10 9 11 3 7 8 0 1 5 4 6 
289,3.32277e-06,4.12312e-06,3.00191e-06,50,100,100,242534,2 10 9 11 3 7 8 0 1 5 4 6 
290,3.35196e-06,4.12312e-06,3.07409e-06,50,100,100,242534,2 10 9 11 3 7 8 0 1 5 4 6 
291,3.32854e-06,4.12312e-06,3.00635e-06,50,100,100,242534,2 10 9 11 3 7 8 0 1 5 4 6 
292,3.34477e-06,4.12312e-06,3.00881e-06,50,100,100,242534,2 10 9 11 3 7 8 0 1 5 4 6 
293,3.31473e-06,4.12312e-06,2.96167e-06,50,100,100,242534,2 10 9 11 3 7 8 0 1 5 4 6 
294,3.32286e-06,4.12312e-06,3.01511e-06,50,100,100,242534,2 10 9 11 3 7 8 0 1 5 4 6 
295,3.31258e-06,4.12312e-06,3.04702e-06,50,100,100,242534,2 10 9 11 3 7 8 0 1 5 4 6 
296,3.29322e-06,4.12312e-06,2.94623e-06,50,100,100,242534,2 10 9 11 3 7 8 0 1 5 4 6 
297,3.32978e-06,4.12312e-06,2.9316e-06,50,100,100,242534,2 10 9 11 3 7 8 0 1 5 4 6 
298,3.3087e-06,4.12312e-06,3.05337e-06,50,100,100,242534,2 10 9 11 3 7 8 0 1 5 4 6 
299,3.28094e-06,4.12312e-06,2.9234e-06,50,100,100,242534,2 10 9 11 3 7 8 0 1 5 4 6 
300,3.3005e-06,4.12312e-06,3.00941e-06,50,100,100,242534,2 10 9 11 3 7 8 0 1 5 4 6 
301,3.31447e-06,4.12312e-06,2.95953e-06,50,100,100,242534,2 10 9 11 3 7 8 0 1 5 4 6 
302,3.31992e-06,4.12312e-06,2.98273e-06,50,100,100,242534,2 10 9 11 3 7 8 0 1 5 4 6 
303,3.32151e-06,4.12312e-06,2.9731e-06,50,100,100,242534,2 10 9 11 3 7 8 0 1 5 4 6 
304,3.32902e-06,4.12312e-06,2.98079e-06,50,100,100,242534,2 10 9 11 3 7 8 0 1 5 4 6 
305,3.30037e-06,4.12312e-06,2.95595e-06,50,100,100,242534,2 10 9 11 3 7 8 0 1 5 4 6 
306,3.30589e-06,4.12312e-06,2.97164e-06,50,100,100,242534,2 10 9 11 3 7 8 0 1 5 4 6 
307,3.33734e-06,4.12312e-06,2.9771e-06,50,100,100,242534,2 10 9 11 3 7 8 0 1 5 4 6 
308,3.30836e-06,4.12312e-06,2.96559e-06,50,100,100,242534,2 10 9 11 3 7 8 0 1 5 4 6 
309,3.34721e-06,4.12312e-06,3.007e-06,50,100,100,242534,2 10 9 11 3 7 8 0 1 5 4 6 
310,3.34211e-06,4.12312e-06,2.974e-06,50,100,100,242534,2 10 9 11 3 7 8 0 1 5 4 6 
311,3.32272e-06,4.12312e-06,2.91759e-06,50,100,100,242534,2 10 9 11 3 7 8 0 1 5 4 6 
312,3.32294e-06,4.12312e-06,3.01048e-06,50,100,100,242534,2 10 9 11 3 7 8 0 1 5 4 6 
313,3.31765e-06,4.12312e-06,2.98154e-06,50,100,100,242534,2 10 9 11 3 7 8 0 1 5 4 6 
314,3.32773e-06,4.12312e-06,3.02371e-06,50,100,100,242534,2 10 9 11 3 7 8 0 1 5 4 6 
315,3.31842e-06,4.12312e-06,2.94915e-06,50,100,100,242534,2 10 9 11 3 7 8 0 1 5 4 6 
316,3.34813e-06,4.12312e-06,2.96968e-06,50,100,100,242534,2 10 9 11 3 7 8 0 1 5 4 6 
317,3.30275e-06,4.12312e-06,2.96367e-06,50,100,100,242534,2 10 9 11 3 7 8 0 1 5 4 6 
318,3.30993e-06,4.12312e-06,3.01355e-06,50,100,100,242534,2 10 9 11 3 7 8 0 1 5 4 6 
319,3.30216e-06,4.12312e-06,2.98867e-06,50,100,100,242534,2 10 9 11 3 7 8 0 1 5 4 6 
320,3.32579e-06,4.12312e-06,2.91612e-06,50,100,100,242534,2 10 9 11 3 7 8 0 1 5 4 6 
321,3.35575e-06,4.12312e-06,2.96052e-06,50,100,100,242534,2 10 9 11 3 7 8 0 1 5 4 6 
322,3.36317e-06,4.12312e-06,3.03209e-06,50,100,100,242534,2 10 9 11 3 7 8 0 1 5 4 6 
323,3.35014e-06,4.12312e-06,3.03294e-06,50,100,100,242534,2 10 9 11 3 7 8 0 1 5 4 6 
324,3.36172e-06,4.12312e-06,2.99404e-06,50,100,100,242534,2 10 9 11 3 7 8 0 1 5 4 6 
325,3.36667e-06,4.12312e-06,3.03679e-06,50,100,100,242534,2 10 9 11 3 7 8 0 1 5 4 6 
326,3.39604e-06,4.12312e-06,3.05477e-06,50,100,100,242534,2 10 9 11 3 7 8 0 1 5 4 6 
327,3.38796e-06,4.12312e-06,2.8852e-06,50,100,100,242534,2 10 9 11 3 7 8 0 1 5 4 6 
328,3.3728e-06,4.12312e-06,2.97753e-06,50,100,100,242534,2 10 9 11 3 7 8 0 1 5 4 6 
329,3.36273e-06,4.12312e-06,2.94543e-06,50,100,100,242534,2 10 9 11 3 7 8 0 1 5 4 6 
330,3.38849e-06,4.12312e-06,3.01215e-06,50,100,100,242534,2 10 9 11 3 7 8 0 1 5 4 6 
331,3.36785e-06,4.12312e-06,3.00503e-06,50,100,100,242534,2 10 9 11 3 7 8 0 1 5 4 6 
332,3.37044e-06,4.12312e-06,3.05641e-06,50,100,100,242534,2 10 9 11 3 7 8 0 1 5 4 6 
333,3.38865e-06,4.12312e-06,3.01044e-06,50,100,100,242534,2 10 9 11 3 7 8 0 1 5 4 6 
334,3.36376e-06,4.12312e-06,2.96315e-06,50,100,100,242534,2 10 9 11 3 7 8 0 1 5 4 6 
335,3.39497e-06,4.12312e-06,3.03243e-06,50,100,100,242534,2 10 9 11 3 7 8 0 1 5 4 6 
336,3.35726e-06,4.12312e-06,2.96204e-06,50,100,100,242534,2 10 9 11 3 7 8 0 1 5 4 6 
337,3.36132e-06,4.12312e-06,2.93742e-06,50,100,100,242534,2 10 9 11 3 7 8 0 1 5 4 6 
338,3.38459e-06,4.12312e-06,2.99918e-06,50,100,100,242534,2 10 9 11 3 7 8 0 1 5 4 6 
339,3.37563e-06,4.12312e-06,2.9756e-06,50,100,100,242534,2 10 9 11 3 7 8 0 1 5 4 6 
340,3.35751e-06,4.12312e-06,3.03114e-06,50,100,100,242534,2 10 9 11 3 7 8 0 1 5 4 6 
341,3.38428e-06,4.12312e-06,3.06569e-06,50,100,100,242534,2 10 9 11 3 7 8 0 1 5 4 6 
342,3.36944e-06,4.12312e-06,3.09719e-06,50,100,100,242534,2 10 9 11 3 7 8 0 1 5 4 6 
343,3.3536e-06,4.12312e-06,3.02351e-06,50,100,100,242534,2 10 9 11 3 7 8 0 1 5 4 6 
344,3.34435e-06,4.12312e-06,2.94138e-06,50,100,100,242534,2 10 9 11 3 7 8 0 1 5 4 6 
345,3.3676e-06,4.12312e-06,2.88968e-06,50,100,100,242534,2 10 9 11 3 7 8 0 1 5 4 6 
346,3.3666e-06,4.12312e-06,3.01798e-06,50,100,100,242534,2 10 9 11 3 7 8 0 1 5 4 6 
347,3.35878e-06,4.12312e-06,3.01391e-06,50,100,100,242534,2 10 9 11 3 7 8 0 1 5 4 6 
348,3.37364e-06,4.12312e-06,3.01271e-06,50,100,100,242534,2 10 9 11 3 7 8 0 1 5 4 6 
349,3.31624e-06,4.12312e-06,3.00594e-06,50,100,100,242534,2 10 9 11 3 7 8 0 1 5 4 6 
350,3.32246e-06,4.12312e-06,2.98871e-06,50,100,100,242534,2 10 9 11 3 7 8 0 1 5 4 6 
351,3.36019e-06,4.12312e-06,3.00594e-06,50,100,100,242534,2 10 9 11 3 7 8 0 1 5 4 6 
352,3.35604e-06,4.12312e-06,3.04219e-06,50,100,100,242534,2 10 9 11 3 7 8 0 1 5 4 6 
353,3.37866e-06,4.12312e-06,2.98599e-06,50,100,100,242534,2 10 9 11 3 7 8 0 1 5 4 6 
354,3.36896e-06,4.12312e-06,3.06068e-06,50,100,100,242534,2 10 9 11 3 7 8 0 1 5 4 6 
355,3.38562e-06,4.12312e-06,2.97593e-06,50,100,100,242534,2 10 9 11 3 7 8 0 1 5 4 6 
356,3.38541e-06,4.12312e-06,3.03178e-06,50,100,100,242534,2 10 9 11 3 7 8 0 1 5 4 6 
357,3.37601e-06,4.12312e-06,3.05675e-06,50,100,100,242534,2 10 9 11 3 7 8 0 1 5 4 6 
358,3.36103e-06,4.12312e-06,3.01764e-06,50,100,100,242534,2 10 9 11 3 7 8 0 1 5 4 6 
359,3.34071e-06,4.12312e-06,2.94595e-06,50,100,100,242534,2 10 9 11 3 7 8 0 1 5 4 6 
360,3.3426e-06,4.12312e-06,2.96454e-06,50,100,100,242534,2 10 9 11 3 7 8 0 1 5 4 6 
361,3.38871e-06,4.12312e-06,3.0101e-06,50,100,100,242534,2 10 9 11 3 7 8 0 1 5 4 6 
362,3.39759e-06,4.12312e-06,3.00274e-06,50,100,100,242534,2 10 9 11 3 7 8 0 1 5 4 6 
363,3.40679e-06,4.12312e-06,2.92469e-06,50,100,100,242534,2 10 9 11 3 7 8 0 1 5 4 6 
364,3.40628e-06,4.12312e-06,3.02485e-06,50,100,100,242534,2 10 9 11 3 7 8 0 1 5 4 6 
365,3.40674e-06,4.16929e-06,3.04343e-06,50,100,100,239848,2 10 9 11 3 7 1 0 8 5 4 6 
366,3.40198e-06,4.16929e-06,2.98946e-06,50,100,100,239848,2 10 9 11 3 7 1 0 8 5 4 6 
367,3.38918e-06,4.16929e-06,3.02437e-06,50,100,100,239848,2 10 9 11 3 7 1 0 8 5 4 6 
368,3.40123e-06,4.16929e-06,3.01091e-06,50,100,100,239848,2 10 9 11 3 7 1 0 8 5 4 6 
369,3.42329e-06,4.16929e-06,3.01815e-06,50,100,100,239848,2 10 9 11 3 7 1 0 8 5 4 6 
370,3.43896e-06,4.16929e-06,3.03515e-06,50,100,100,239848,2 10 9 11 3 7 1 0 8 5 4 6 
371,3.437e-06,4.16929e-06,3.11626e-06,50,100,100,239848,2 10 9 11 3 7 1 0 8 5 4 6 
372,3.43141e-06,4.16929e-06,3.05139e-06,50,100,100,239848,2 10 9 11 3 7 1 0 8 5 4 6 
373,3.41478e-06,4.16929e-06,3.07604e-06,50,100,100,239848,2 10 9 11 3 7 1 0 8 5 4 6 
374,3.39043e-06,4.16929e-06,2.96273e-06,50,100,100,239848,2 10 9 11 3 7 1 0 8 5 4 6 
375,3.36465e-06,4.16929e-06,3.03594e-06,50,100,100,239848,2 10 9 11 3 7 1 0 8 5 4 6 
376,3.37279e-06,4.16929e-06,3.02474e-06,50,100,100,239848,2 10 9 11 3 7 1 0 8 5 4 6 
377,3.35926e-06,4.16929e-06,3.012e-06,50,100,100,239848,2 10 9 11 3 7 1 0 8 5 4 6 
378,3.36963e-06,4.16929e-06,2.95124e-06,50,100,100,239848,2 10 9 11 3 7 1 0 8 5 4 6 
379,3.34422e-06,4.16929e-06,3.04617e-06,50,100,100,239848,2 10 9 11 3 7 1 0 8 5 4 6 
380,3.33991e-06,4.16929e-06,2.8758e-06,50,100,100,239848,2 10 9 11 3 7 1 0 8 5 4 6 
381,3.34484e-06,4.16929e-06,2.96751e-06,50,100,100,239848,2 10 9 11 3 7 1 0 8 5 4 6 
382,3.35557e-06,4.16929e-06,2.95303e-06,50,100,100,239848,2 10 9 11 3 7 1 0 8 5 4 6 
383,3.34418e-06,4.16929e-06,2.9909e-06,50,100,100,239848,2 10 9 11 3 7 1 0 8 5 4 6 
384,3.35483e-06,4.16929e-06,2.98496e-06,50,100,100,239848,2 10 9 11 3 7 1 0 8 5 4 6 
385,3.35846e-06,4.16929e-06,2.99205e-06,50,100,100,239848,2 10 9 11 3 7 1 0 8 5 4 6 
386,3.40547e-06,4.16929e-06,3.02666e-06,50,100,100,239848,2 10 9 11 3 7 1 0 8 5 4 6 
387,3.38172e-06,4.16929e-06,3.02697e-06,50,100,100,239848,2 10 9 11 3 7 1 0 8 5 4 6 
388,3.37639e-06,4.16929e-06,3.05126e-06,50,100,100,239848,2 10 9 11 3 7 1 0 8 5 4 6 
389,3.36308e-06,4.16929e-06,3.06115e-06,50,100,100,239848,2 10 9 11 3 7 1 0 8 5 4 6 
390,3.37722e-06,4.16929e-06,2.99504e-06,50,100,100,239848,2 10 9 11 3 7 1 0 8 5 4 6 
391,3.3759e-06,4.16929e-06,2.99015e-06,50,100,100,239848,2 10 9 11 3 7 1 0 8 5 4 6 
392,3.37894e-06,4.16929e-06,2.96403e-06,50,100,100,239848,2 10 9 11 3 7 1 0 8 5 4 6 
393,3.3698e-06,4.16929e-06,2.97959e-06,50,100,100,239848,2 10 9 11 3 7 1 0 8 5 4 6 
394,3.33064e-06,4.16929e-06,2.97047e-06,50,100,100,239848,2 10 9 11 3 7 1 0 8 5 4 6 
395,3.35871e-06,4.16929e-06,2.98304e-06,50,100,100,239848,2 10 9 11 3 7 1 0 8 5 4 6 
396,3.35524e-06,4.16929e-06,2.98149e-06,50,100,100,239848,2 10 9 11 3 7 1 0 8 5 4 6 
397,3.34354e-06,4.16929e-06,2.96742e-06,50,100,100,239848,2 10 9 11 3 7 1 0 8 5 4 6 
398,3.33391e-06,4.16929e-06,2.98703e-06,50,100,100,239848,2 10 9 11 3 7 1 0 8 5 4 6 
399,3.31004e-06,4.16929e-06,2.99664e-06,50,100,100,239848,2 10 9 11 3 7 1 0 8 5 4 6 
400,3.32799e-06,4.16929e-06,2.98803e-06,50,100,100,239848,2 10 9 11 3 7 1 0 8 5 4 6 
401,3.31148e-06,4.16929e-06,3.00755e-06,50,100,100,239848,2 10 9 11 3 7 1 0 8 5 4 6 
402,3.34973e-06,4.16929e-06,2.99049e-06,50,100,100,239848,2 10 9 11 3 7 1 0 8 5 4 6 
403,3.31146e-06,4.16929e-06,2.98136e-06,50,100,100,239848,2 10 9 11 3 7 1 0 8 5 4 6 
404,3.30773e-06,4.16929e-06,2.95964e-06,50,100,100,239848,2 10 9 11 3 7 1 0 8 5 4 6 
405,3.32806e-06,4.16929e-06,3.00388e-06,50,100,100,239848,2 10 9 11 3 7 1 0 8 5 4 6 
406,3.35081e-06,4.16929e-06,2.95004e-06,50,100,100,239848,2 10 9 11 3 7 1 0 8 5 4 6 
407,3.32932e-06,4.16929e-06,3.03233e-06,50,100,100,239848,2 10 9 11 3 7 1 0 8 5 4 6 
408,3.30782e-06,4.16929e-06,3.0239e-06,50,100,100,239848,2 10 9 11 3 7 1 0 8 5 4 6 
409,3.31145e-06,4.16929e-06,2.93014e-06,50,100,100,239848,2 10 9 11 3 7 1 0 8 5 4 6 
410,3.31364e-06,4.16929e-06,2.9609e-06,50,100,100,239848,2 10 9 11 3 7 1 0 8 5 4 6 
411,3.31067e-06,4.16929e-06,2.96823e-06,50,100,100,239848,2 10 9 11 3 7 1 0 8 5 4 6 
412,3.28515e-06,4.16929e-06,2.9626e-06,50,100,100,239848,2 10 9 11 3 7 1 0 8 5 4 6 
413,3.29932e-06,4.16929e-06,2.95659e-06,50,100,100,239848,2 10 9 11 3 7 1 0 8 5 4 6 
414,3.29587e-06,4.16929e-06,2.90778e-06,50,100,100,239848,2 10 9 11 3 7 1 0 8 5 4 6 
415,3.30024e-06,4.16929e-06,2.94979e-06,50,100,100,239848,2 10 9 11 3 7 1 0 8 5 4 6 
416,3.31463e-06,4.16929e-06,2.9618e-06,50,100,100,239848,2 10 9 11 3 7 1 0 8 5 4 6 
417,3.31404e-06,4.16929e-06,2.98371e-06,50,100,100,239848,2 10 9 11 3 7 1 0 8 5 4 6 
418,3.32753e-06,4.16929e-06,3.036e-06,50,100,100,239848,2 10 9 11 3 7 1 0 8 5 4 6 
419,3.33788e-06,4.16929e-06,2.97948e-06,50,100,100,239848,2 10 9 11 3 7 1 0 8 5 4 6 
420,3.34073e-06,4.16929e-06,3.00348e-06,50,100,100,239848,2 10 9 11 3 7 1 0 8 5 4 6 
421,3.33478e-06,4.16929e-06,3.01146e-06,50,100,100,239848,2 10 9 11 3 7 1 0 8 5 4 6 
422,3.3399e-06,4.16929e-06,2.9682e-06,50,100,100,239848,2 10 9 11 3 7 1 0 8 5 4 6 
423,3.3309e-06,4.16929e-06,2.97662e-06,50,100,100,239848,2 10 9 11 3 7 1 0 8 5 4 6 
424,3.34397e-06,4.16929e-06,2.99734e-06,50,100,100,239848,2 10 9 11 3 7 1 0 8 5 4 6 
425,3.32452e-06,4.16929e-06,2.94264e-06,50,100,100,239848,2 10 9 11 3 7 1 0 8 5 4 6 
426,3.3387e-06,4.16929e-06,2.99984e-06,50,100,100,239848,2 10 9 11 3 7 1 0 8 5 4 6 
427,3.29442e-06,4.16929e-06,2.9612e-06,50,100,100,239848,2 10 9 11 3 7 1 0 8 5 4 6 
428,3.30324e-06,4.16929e-06,2.98835e-06,50,100,100,239848,2 10 9 11 3 7 1 0 8 5 4 6 
429,3.31226e-06,4.16929e-06,2.94311e-06,50,100,100,239848,2 10 9 11 3 7 1 0 8 5 4 6 
430,3.32244e-06,4.16929e-06,2.9913e-06,50,100,100,239848,2 10 9 11 3 7 1 0 8 5 4 6 
431,3.34846e-06,4.16929e-06,2.99801e-06,50,100,100,239848,2 10 9 11 3 7 1 0 8 5 4 6 
432,3.37018e-06,4.16929e-06,3.04558e-06,50,100,100,239848,2 10 9 11 3 7 1 0 8 5 4 6 
433,3.3694e-06,4.16929e-06,3.00166e-06,50,100,100,239848,2 10 9 11 3 7 1 0 8 5 4 6 
434,3.35594e-06,4.16929e-06,2.98703e-06,50,100,100,239848,2 10 9 11 3 7 1 0 8 5 4 6 
435,3.32604e-06,4.16929e-06,2.96973e-06,50,100,100,239848,2 10 9 11 3 7 1 0 8 5 4 6 
436,3.33994e-06,4.16929e-06,3.04398e-06,50,100,100,239848,2 10 9 11 3 7 1 0 8 5 4 6 
437,3.33206e-06,4.16929e-06,2.97606e-06,50,100,100,239848,2 10 9 11 3 7 1 0 8 5 4 6 
438,3.31232e-06,4.16929e-06,2.94354e-06,50,100,100,239848,2 10 9 11 3 7 1 0 8 5 4 6 
439,3.33273e-06,4.16929e-06,2.97728e-06,50,100,100,239848,2 10 9 11 3 7 1 0 8 5 4 6 
440,3.28903e-06,4.16929e-06,2.93625e-06,50,100,100,239848,2 10 9 11 3 7 1 0 8 5 4 6 
441,3.29608e-06,4.16929e-06,2.99524e-06,50,100,100,239848,2 10 9 11 3 7 1 0 8 5 4 6 
442,3.28848e-06,4.16929e-06,2.9648e-06,50,100,100,239848,2 10 9 11 3 7 1 0 8 5 4 6 
443,3.32674e-06,4.16929e-06,3.03655e-06,50,100,100,239848,2 10 9 11 3 7 1 0 8 5 4 6 
444,3.30282e-06,4.16929e-06,2.95525e-06,50,100,100,239848,2 10 9 11 3 7 1 0 8 5 4 6 
445,3.32149e-06,4.16929e-06,2.92696e-06,50,100,100,239848,2 10 9 11 3 7 1 0 8 5 4 6 
446,3.33652e-06,4.16929e-06,2.88616e-06,50,100,100,239848,2 10 9 11 3 7 1 0 8 5 4 6 
447,3.35855e-06,4.16929e-06,3.02694e-06,50,100,100,239848,2 10 9 11 3 7 1 0 8 5 4 6 
448,3.33537e-06,4.16929e-06,2.97137e-06,50,100,100,239848,2 10 9 11 3 7 1 0 8 5 4 6 
449,3.33052e-06,4.16929e-06,2.9966e-06,50,100,100,239848,2 10 9 11 3 7 1 0 8 5 4 6 
450,3.29817e-06,4.16929e-06,3.00341e-06,50,100,100,239848,2 10 9 11 3 7 1 0 8 5 4 6 
451,3.29989e-06,4.16929e-06,2.87704e-06,50,100,100,239848,2 10 9 11 3 7 1 0 8 5 4 6 
452,3.31714e-06,4.16929e-06,2.96647e-06,50,100,100,239848,2 10 9 11 3 7 1 0 8 5 4 6 
453,3.28525e-06,4.16929e-06,2.92878e-06,50,100,100,239848,2 10 9 11 3 7 1 0 8 5 4 6 
454,3.3262e-06,4.16929e-06,2.93105e-06,50,100,100,239848,2 10 9 11 3 7 1 0 8 5 4 6 
455,3.3458e-06,4.16929e-06,2.9991e-06,50,100,100,239848,2 10 9 11 3 7 1 0 8 5 4 6 
456,3.32717e-06,4.16929e-06,3.01057e-06,50,100,100,239848,2 10 9 11 3 7 1 0 8 5 4 6 
457,3.33978e-06,4.16929e-06,2.92647e-06,50,100,100,239848,2 10 9 11 3 7 1 0 8 5 4 6 
458,3.34525e-06,4.16929e-06,3.00121e-06,50,100,100,239848,2 10 9 11 3 7 1 0 8 5 4 6 
459,3.30212e-06,4.16929e-06,2.99456e-06,50,100,100,239848,2 10 9 11 3 7 1 0 8 5 4 6 
460,3.32618e-06,4.16929e-06,2.9861e-06,50,100,100,239848,2 10 9 11 3 7 1 0 8 5 4 6 
461,3.31506e-06,4.16929e-06,2.96443e-06,50,100,100,239848,2 10 9 11 3 7 1 0 8 5 4 6 
462,3.34251e-06,4.16929e-06,3.01358e-06,50,100,100,239848,2 10 9 11 3 7 1 0 8 5 4 6 
463,3.32262e-06,4.16929e-06,2.94689e-06,50,100,100,239848,2 10 9 11 3 7 1 0 8 5 4 6 
464,3.28866e-06,4.16929e-06,2.95583e-06,50,100,100,239848,2 10 9 11 3 7 1 0 8 5 4 6 
465,3.31412e-06,4.16929e-06,2.99372e-06,50,100,100,239848,2 10 9 11 3 7 1 0 8 5 4 6 
466,3.35019e-06,4.16929e-06,3.09017e-06,50,100,100,239848,2 10 9 11 3 7 1 0 8 5 4 6 
467,3.31612e-06,4.16929e-06,2.94593e-06,50,100,100,239848,2 10 9 11 3 7 1 0 8 5 4 6 
468,3.31383e-06,4.16929e-06,3.03502e-06,50,100,100,239848,2 10 9 11 3 7 1 0 8 5 4 6 
469,3.31657e-06,4.16929e-06,2.98669e-06,50,100,100,239848,2 10 9 11 3 7 1 0 8 5 4 6 
470,3.30161e-06,4.16929e-06,2.98799e-06,50,100,100,239848,2 10 9 11 3 7 1 0 8 5 4 6 
471,3.32273e-06,4.16929e-06,2.92573e-06,50,100,100,239848,2 10 9 11 3 7 1 0 8 5 4 6 
472,3.29917e-06,4.16929e-06,2.96746e-06,50,100,100,239848,2 10 9 11 3 7 1 0 8 5 4 6 
473,3.28239e-06,4.16929e-06,3.00026e-06,50,100,100,239848,2 10 9 11 3 7 1 0 8 5 4 6 
474,3.3005e-06,4.16929e-06,2.97148e-06,50,100,100,239848,2 10 9 11 3 7 1 0 8 5 4 6 
475,3.28989e-06,4.16929e-06,2.85702e-06,50,100,100,239848,2 10 9 11 3 7 1 0 8 5 4 6 
476,3.32034e-06,4.16929e-06,3.03425e-06,50,100,100,239848,2 10 9 11 3 7 1 0 8 5 4 6 
477,3.3259e-06,4.16929e-06,2.95303e-06,50,100,100,239848,2 10 9 11 3 7 1 0 8 5 4 6 
478,3.32928e-06,4.16929e-06,2.96073e-06,50,100,100,239848,2 10 9 11 3 7 1 0 8 5 4 6 
479,3.30761e-06,4.16929e-06,3.03116e-06,50,100,100,239848,2 10 9 11 3 7 1 0 8 5 4 6 
480,3.31431e-06,4.16929e-06,2.99355e-06,50,100,100,239848,2 10 9 11 3 7 1 0 8 5 4 6 
481,3.32851e-06,4.16929e-06,2.96309e-06,50,100,100,239848,2 10 9 11 3 7 1 0 8 5 4 6 
482,3.35349e-06,4.16929e-06,2.93569e-06,50,100,100,239848,2 10 9 11 3 7 1 0 8 5 4 6 
483,3.331e-06,4.16929e-06,2.9353e-06,50,100,100,239848,2 10 9 11 3 7 1 0 8 5 4 6 
484,3.34033e-06,4.16929e-06,3.05236e-06,50,100,100,239848,2 10 9 11 3 7 1 0 8 5 4 6 
485,3.32846e-06,4.16929e-06,3.01267e-06,50,100,100,239848,2 10 9 11 3 7 1 0 8 5 4 6 
486,3.29625e-06,4.16929e-06,2.96452e-06,50,100,100,239848,2 10 9 11 3 7 1 0 8 5 4 6 
487,3.28683e-06,4.16929e-06,2.94266e-06,50,100,100,239848,2 10 9 11 3 7 1 0 8 5 4 6 
488,3.30989e-06,4.16929e-06,2.95228e-06,50,100,100,239848,2 10 9 11 3 7 1 0 8 5 4 6 
489,3.33398e-06,4.16929e-06,3.04974e-06,50,100,100,239848,2 10 9 11 3 7 1 0 8 5 4 6 
490,3.34275e-06,4.16929e-06,3.04215e-06,50,100,100,239848,2 10 9 11 3 7 1 0 8 5 4 6 
491,3.3197e-06,4.16929e-06,2.90604e-06,50,100,100,239848,2 10 9 11 3 7 1 0 8 5 4 6 
492,3.3385e-06,4.16929e-06,3.02393e-06,50,100,100,239848,2 10 9 11 3 7 1 0 8 5 4 6 
493,3.3189e-06,4.16929e-06,2.95047e-06,50,100,100,239848,2 10 9 11 3 7 1 0 8 5 4 6 
494,3.33393e-06,4.16929e-06,3.03465e-06,50,100,100,239848,2 10 9 11 3 7 1 0 8 5 4 6 
495,3.30477e-06,4.16929e-06,2.9102e-06,50,100,100,239848,2 10 9 11 3 7 1 0 8 5 4 6 
496,3.30887e-06,4.16929e-06,2.97593e-06,50,100,100,239848,2 10 9 11 3 7 1 0 8 5 4 6 
497,3.32374e-06,4.16929e-06,2.95103e-06,50,100,100,239848,2 10 9 11 3 7 1 0 8 5 4 6 
498,3.28912e-06,4.16929e-06,2.89257e-06,50,100,100,239848,2 10 9 11 3 7 1 0 8 5 4 6 
499,3.3339e-06,4.16929e-06,2.97537e-06,50,100,100,239848,2 10 9 11 3 7 1 0 8 5 4 6 
500,3.32582e-06,4.16929e-06,2.9496e-06,50,100,100,239848,2 10 9 11 3 7 1 0 8 5 4 6 
501,3.3171e-06,4.16929e-06,2.94011e-06,50,100,100,239848,2 10 9 11 3 7 1 0 8 5 4 6 
502,3.29118e-06,4.16929e-06,2.9825e-06,50,100,100,239848,2 10 9 11 3 7 1 0 8 5 4 6 
503,3.30716e-06,4.16929e-06,2.95298e-06,50,100,100,239848,2 10 9 11 3 7 1 0 8 5 4 6 
504,3.32249e-06,4.16929e-06,2.97685e-06,50,100,100,239848,2 10 9 11 3 7 1 0 8 5 4 6 
505,3.31484e-06,4.16929e-06,2.97134e-06,50,100,100,239848,2 10 9 11 3 7 1 0 8 5 4 6 
506,3.31041e-06,4.16929e-06,2.97268e-06,50,100,100,239848,2 10 9 11 3 7 1 0 8 5 4 6 
507,3.30402e-06,4.16929e-06,3.00889e-06,50,100,100,239848,2 10 9 11 3 7 1 0 8 5 4 6 
508,3.29301e-06,4.16929e-06,2.90027e-06,50,100,100,239848,2 10 9 11 3 7 1 0 8 5 4 6 
509,3.31715e-06,4.16929e-06,2.94091e-06,50,100,100,239848,2 10 9 11 3 7 1 0 8 5 4 6 
510,3.33028e-06,4.16929e-06,2.9798e-06,50,100,100,239848,2 10 9 11 3 7 1 0 8 5 4 6 
511,3.32321e-06,4.16929e-06,2.92753e-06,50,100,100,239848,2 10 9 11 3 7 1 0 8 5 4 6 
512,3.33072e-06,4.16929e-06,2.95628e-06,50,100,100,239848,2 10 9 11 3 7 1 0 8 5 4 6 
513,3.30523e-06,4.16929e-06,2.97976e-06,50,100,100,239848,2 10 9 11 3 7 1 0 8 5 4 6 
514,3.3023e-06,4.16929e-06,2.99153e-06,50,100,100,239848,2 10 9 11 3 7 1 0 8 5 4 6 
515,3.30225e-06,4.16929e-06,2.91308e-06,50,100,100,239848,2 10 9 11 3 7 1 0 8 5 4 6 
516,3.30071e-06,4.16929e-06,3.02888e-06,50,100,100,239848,2 10 9 11 3 7 1 0 8 5 4 6 
517,3.34271e-06,4.16929e-06,3.03136e-06,50,100,100,239848,2 10 9 11 3 7 1 0 8 5 4 6 
518,3.30368e-06,4.16929e-06,3.00089e-06,50,100,100,239848,2 10 9 11 3 7 1 0 8 5 4 6 
519,3.28243e-06,4.16929e-06,2.87585e-06,50,100,100,239848,2 10 9 11 3 7 1 0 8 5 4 6 
520,3.33249e-06,4.16929e-06,2.98051e-06,50,100,100,239848,2 10 9 11 3 7 1 0 8 5 4 6 
521,3.32904e-06,4.16929e-06,3.00418e-06,50,100,100,239848,2 10 9 11 3 7 1 0 8 5 4 6 
522,3.31877e-06,4.16929e-06,2.95726e-06,50,100,100,239848,2 10 9 11 3 7 1 0 8 5 4 6 
523,3.319e-06,4.16929e-06,3.01767e-06,50,100,100,239848,2 10 9 11 3 7 1 0 8 5 4 6 
524,3.31821e-06,4.16929e-06,2.94174e-06,50,100,100,239848,2 10 9 11 3 7 1 0 8 5 4 6 
525,3.32213e-06,4.16929e-06,3.02776e-06,50,100,100,239848,2 10 9 11 3 7 1 0 8 5 4 6 
526,3.34292e-06,4.16929e-06,3.00823e-06,50,100,100,239848,2 10 9 11 3 7 1 0 8 5 4 6 
527,3.3225e-06,4.16929e-06,2.97363e-06,50,100,100,239848,2 10 9 11 3 7 1 0 8 5 4 6 
528,3.3362e-06,4.16929e-06,3.08411e-06,50,100,100,239848,2 10 9 11 3 7 1 0 8 5 4 6 
529,3.35393e-06,4.16929e-06,3.0418e-06,50,100,100,239848,2 10 9 11 3 7 1 0 8 5 4 6 
530,3.34454e-06,4.16929e-06,3.03154e-06,50,100,100,239848,2 10 9 11 3 7 1 0 8 5 4 6 
531,3.34701e-06,4.16929e-06,2.99544e-06,50,100,100,239848,2 10 9 11 3 7 1 0 8 5 4 6 
532,3.32361e-06,4.16929e-06,2.9394e-06,50,100,100,239848,2 10 9 11 3 7 1 0 8 5 4 6 
533,3.30433e-06,4.16929e-06,2.97847e-06,50,100,100,239848,2 10 9 11 3 7 1 0 8 5 4 6 
534,3.30277e-06,4.16929e-06,3.00666e-06,50,100,100,239848,2 10 9 11 3 7 1 0 8 5 4 6 
535,3.30721e-06,4.16929e-06,2.95445e-06,50,100,100,239848,2 10 9 11 3 7 1 0 8 5 4 6 
536,3.31025e-06,4.16929e-06,2.95174e-06,50,100,100,239848,2 10 9 11 3 7 1 0 8 5 4 6 
537,3.34351e-06,4.16929e-06,3.05341e-06,50,100,100,239848,2 10 9 11 3 7 1 0 8 5 4 6 
538,3.3284e-06,4.16929e-06,2.88051e-06,50,100,100,239848,2 10 9 11 3 7 1 0 8 5 4 6 
539,3.30097e-06,4.16929e-06,2.93959e-06,50,100,100,239848,2 10 9 11 3 7 1 0 8 5 4 6 
540,3.3238e-06,4.16929e-06,2.97452e-06,50,100,100,239848,2 10 9 11 3 7 1 0 8 5 4 6 
541,3.28833e-06,4.16929e-06,2.94266e-06,50,100,100,239848,2 10 9 11 3 7 1 0 8 5 4 6 
542,3.324e-06,4.16929e-06,2.96102e-06,50,100,100,239848,2 10 9 11 3 7 1 0 8 5 4 6 
543,3.32819e-06,4.16929e-06,2.99164e-06,50,100,100,239848,2 10 9 11 3 7 1 0 8 5 4 6 
544,3.30494e-06,4.16929e-06,2.92429e-06,50,100,100,239848,2 10 9 11 3 7 1 0 8 5 4 6 
545,3.31141e-06,4.16929e-06,2.9112e-06,50,100,100,239848,2 10 9 11 3 7 1 0 8 5 4 6 
546,3.30728e-06,4.16929e-06,2.95532e-06,50,100,100,239848,2 10 9 11 3 7 1 0 8 5 4 6 
547,3.34338e-06,4.16929e-06,2.95936e-06,50,100,100,239848,2 10 9 11 3 7 1 0 8 5 4 6 
548,3.33434e-06,4.16929e-06,3.03626e-06,50,100,100,239848,2 10 9 11 3 7 1 0 8 5 4 6 
549,3.3321e-06,4.16929e-06,2.95333e-06,50,100,100,239848,2 10 9 11 3 7 1 0 8 5 4 6 
550,3.35964e-06,4.16929e-06,3.04898e-06,50,100,100,239848,2 10 9 11 3 7 1 0 8 5 4 6 
551,3.36679e-06,4.16929e-06,2.99178e-06,50,100,100,239848,2 10 9 11 3 7 1 0 8 5 4 6 
552,3.3827e-06,4.16929e-06,2.96174e-06,50,100,100,239848,2 10 9 11 3 7 1 0 8 5 4 6 
553,3.36338e-06,4.16929e-06,3.01315e-06,50,100,100,239848,2 10 9 11 3 7 1 0 8 5 4 6 
554,3.36671e-06,4.16929e-06,2.95911e-06,50,100,100,239848,2 10 9 11 3 7 1 0 8 5 4 6 
555,3.37589e-06,4.16929e-06,3.0466e-06,50,100,100,239848,2 10 9 11 3 7 1 0 8 5 4 6 
556,3.35162e-06,4.16929e-06,3.01157e-06,50,100,100,239848,2 10 9 11 3 7 1 0 8 5 4 6 
557,3.35594e-06,4.16929e-06,2.91291e-06,50,100,100,239848,2 10 9 11 3 7 1 0 8 5 4 6 
558,3.3643e-06,4.16929e-06,3.03184e-06,50,100,100,239848,2 10 9 11 3 7 1 0 8 5 4 6 
559,3.35775e-06,4.16929e-06,2.97088e-06,50,100,100,239848,2 10 9 11 3 7 1 0 8 5 4 6 
560,3.35903e-06,4.16929e-06,3.0118e-06,50,100,100,239848,2 10 9 11 3 7 1 0 8 5 4 6 
561,3.38098e-06,4.16929e-06,3.10323e-06,50,100,100,239848,2 10 9 11 3 7 1 0 8 5 4 6 
562,3.34293e-06,4.16929e-06,3.02361e-06,50,100,100,239848,2 10 9 11 3 7 1 0 8 5 4 6 
563,3.39054e-06,4.16929e-06,2.96987e-06,50,100,100,239848,2 10 9 11 3 7 1 0 8 5 4 6 
564,3.35158e-06,4.16929e-06,2.88079e-06,50,100,100,239848,2 10 9 11 3 7 1 0 8 5 4 6 
565,3.36231e-06,4.16929e-06,2.98026e-06,50,100,100,239848,2 10 9 11 3 7 1 0 8 5 4 6 
566,3.34421e-06,4.16929e-06,3.02734e-06,50,100,100,239848,2 10 9 11 3 7 1 0 8 5 4 6 
567,3.34134e-06,4.16929e-06,3.02459e-06,50,100,100,239848,2 10 9 11 3 7 1 0 8 5 4 6 
568,3.36897e-06,4.16929e-06,3.01808e-06,50,100,100,239848,2 10 9 11 3 7 1 0 8 5 4 6 
569,3.37579e-06,4.16929e-06,2.95689e-06,50,100,100,239848,2 10 9 11 3 7 1 0 8 5 4 6 
570,3.36645e-06,4.16929e-06,2.93385e-06,50,100,100,239848,2 10 9 11 3 7 1 0 8 5 4 6 
571,3.33687e-06,4.16929e-06,3.0095e-06,50,100,100,239848,2 10 9 11 3 7 1 0 8 5 4 6 
572,3.34715e-06,4.16929e-06,2.99813e-06,50,100,100,239848,2 10 9 11 3 7 1 0 8 5 4 6 
573,3.34541e-06,4.16929e-06,3.02826e-06,50,100,100,239848,2 10 9 11 3 7 1 0 8 5 4 6 
574,3.37122e-06,4.16929e-06,3.018e-06,50,100,100,239848,2 10 9 11 3 7 1 0 8 5 4 6 
575,3.40098e-06,4.16929e-06,3.0524e-06,50,100,100,239848,2 10 9 11 3 7 1 0 8 5 4 6 
576,3.39261e-06,4.16929e-06,3.04903e-06,50,100,100,239848,2 10 9 11 3 7 1 0 8 5 4 6 
577,3.38101e-06,4.16929e-06,3.0154e-06,50,100,100,239848,2 10 9 11 3 7 1 0 8 5 4 6 
578,3.38628e-06,4.16929e-06,2.98032e-06,50,100,100,239848,2 10 9 11 3 7 1 0 8 5 4 6 
579,3.41849e-06,4.16929e-06,3.00932e-06,50,100,100,239848,2 10 9 11 3 7 1 0 8 5 4 6 
580,3.42343e-06,4.16929e-06,2.98016e-06,50,100,100,239848,2 10 9 11 3 7 1 0 8 5 4 6 
581,3.41186e-06,4.16929e-06,3.04396e-06,50,100,100,239848,2 10 9 11 3 7 1 0 8 5 4 6 
582,3.40888e-06,4.16929e-06,2.98012e-06,50,100,100,239848,2 10 9 11 3 7 1 0 8 5 4 6 
583,3.38801e-06,4.16929e-06,3.00366e-06,50,100,100,239848,2 10 9 11 3 7 1 0 8 5 4 6 
584,3.37058e-06,4.16929e-06,2.98837e-06,50,100,100,239848,2 10 9 11 3 7 1 0 8 5 4 6 
585,3.3517e-06,4.16929e-06,2.9713e-06,50,100,100,239848,2 10 9 11 3 7 1 0 8 5 4 6 
586,3.3486e-06,4.16929e-06,3.02057e-06,50,100,100,239848,2 10 9 11 3 7 1 0 8 5 4 6 
587,3.3592e-06,4.16929e-06,2.98127e-06,50,100,100,239848,2 10 9 11 3 7 1 0 8 5 4 6 
588,3.35852e-06,4.16929e-06,3.01511e-06,50,100,100,239848,2 10 9 11 3 7 1 0 8 5 4 6 
589,3.34706e-06,4.16929e-06,3.05028e-06,50,100,100,239848,2 10 9 11 3 7 1 0 8 5 4 6 
590,3.36196e-06,4.16929e-06,3.06482e-06,50,100,100,239848,2 10 9 11 3 7 1 0 8 5 4 6 
591,3.36606e-06,4.16929e-06,3.03358e-06,50,100,100,239848,2 10 9 11 3 7 1 0 8 5 4 6 
592,3.34591e-06,4.16929e-06,3.01382e-06,50,100,100,239848,2 10 9 11 3 7 1 0 8 5 4 6 
593,3.33502e-06,4.16929e-06,3.04979e-06,50,100,100,239848,2 10 9 11 3 7 1 0 8 5 4 6 
594,3.34016e-06,4.16929e-06,3.04382e-06,50,100,100,239848,2 10 9 11 3 7 1 0 8 5 4 6 
595,3.33553e-06,4.16929e-06,2.98851e-06,50,100,100,239848,2 10 9 11 3 7 1 0 8 5 4 6 
596,3.32309e-06,4.16929e-06,2.92467e-06,50,100,100,239848,2 10 9 11 3 7 1 0 8 5 4 6 
597,3.33299e-06,4.16929e-06,2.95838e-06,50,100,100,239848,2 10 9 11 3 7 1 0 8 5 4 6 
598,3.34416e-06,4.16929e-06,2.97916e-06,50,100,100,239848,2 10 9 11 3 7 1 0 8 5 4 6 
599,3.34027e-06,4.16929e-06,3.04396e-06,50,100,100,239848,2 10 9 11 3 7 1 0 8 5 4 6 
600,3.34892e-06,4.16929e-06,2.93526e-06,50,100,100,239848,2 10 9 11 3 7 1 0 8 5 4 6 
601,3.34195e-06,4.16929e-06,3.01804e-06,50,100,100,239848,2 10 9 11 3 7 1 0 8 5 4 6 
602,3.34298e-06,4.16929e-06,2.98288e-06,50,100,100,239848,2 10 9 11 3 7 1 0 8 5 4 6 
603,3.36538e-06,4.16929e-06,3.00612e-06,50,100,100,239848,2 10 9 11 3 7 1 0 8 5 4 6 
604,3.34132e-06,4.16929e-06,2.95656e-06,50,100,100,239848,2 10 9 11 3 7 1 0 8 5 4 6 
605,3.32698e-06,4.16929e-06,2.94826e-06,50,100,100,239848,2 10 9 11 3 7 1 0 8 5 4 6 
606,3.32095e-06,4.16929e-06,2.9781e-06,50,100,100,239848,2 10 9 11 3 7 1 0 8 5 4 6 
607,3.34274e-06,4.16929e-06,2.90558e-06,50,100,100,239848,2 10 9 11 3 7 1 0 8 5 4 6 
608,3.34238e-06,4.16929e-06,2.98544e-06,50,100,100,239848,2 10 9 11 3 7 1 0 8 5 4 6 
609,3.34787e-06,4.16929e-06,2.91577e-06,50,100,100,239848,2 10 9 11 3 7 1 0 8 5 4 6 
610,3.37559e-06,4.16929e-06,3.04183e-06,50,100,100,239848,2 10 9 11 3 7 1 0 8 5 4 6 
611,3.34187e-06,4.16929e-06,3.01293e-06,50,100,100,239848,2 10 9 11 3 7 1 0 8 5 4 6 
612,3.34897e-06,4.16929e-06,3.0232e-06,50,100,100,239848,2 10 9 11 3 7 1 0 8 5 4 6 
613,3.34322e-06,4.16929e-06,2.94976e-06,50,100,100,239848,2 10 9 11 3 7 1 0 8 5 4 6 
614,3.32437e-06,4.16929e-06,2.9956e-06,50,100,100,239848,2 10 9 11 3 7 1 0 8 5 4 6 
615,3.32014e-06,4.16929e-06,2.90201e-06,50,100,100,239848,2 10 9 11 3 7 1 0 8 5 4 6 
616,3.37582e-06,4.16929e-06,2.98751e-06,50,100,100,239848,2 10 9 11 3 7 1 0 8 5 4 6 
617,3.36135e-06,4.16929e-06,3.00912e-06,50,100,100,239848,2 10 9 11 3 7 1 0 8 5 4 6 
618,3.34177e-06,4.16929e-06,2.93638e-06,50,100,100,239848,2 10 9 11 3 7 1 0 8 5 4 6 
619,3.35489e-06,4.16929e-06,3.08224e-06,50,100,100,239848,2 10 9 11 3 7 1 0 8 5 4 6 
620,3.36156e-06,4.16929e-06,3.01525e-06,50,100,100,239848,2 10 9 11 3 7 1 0 8 5 4 6 
621,3.34985e-06,4.16929e-06,2.92945e-06,50,100,100,239848,2 10 9 11 3 7 1 0 8 5 4 6 
622,3.35741e-06,4.16929e-06,2.98983e-06,50,100,100,239848,2 10 9 11 3 7 1 0 8 5 4 6 
623,3.3568e-06,4.16929e-06,2.95099e-06,50,100,100,239848,2 10 9 11 3 7 1 0 8 5 4 6 
624,3.37049e-06,4.16929e-06,3.02076e-06,50,100,100,239848,2 10 9 11 3 7 1 0 8 5 4 6 
625,3.35525e-06,4.16929e-06,3.02518e-06,50,100,100,239848,2 10 9 11 3 7 1 0 8 5 4 6 
626,3.32333e-06,4.16929e-06,2.94734e-06,50,100,100,239848,2 10 9 11 3 7 1 0 8 5 4 6 
627,3.32208e-06,4.16929e-06,2.89092e-06,50,100,100,239848,2 10 9 11 3 7 1 0 8 5 4 6 
628,3.35112e-06,4.16929e-06,3.01111e-06,50,100,100,239848,2 10 9 11 3 7 1 0 8 5 4 6 
629,3.36319e-06,4.16929e-06,2.915e-06,50,100,100,239848,2 10 9 11 3 7 1 0 8 5 4 6 
630,3.35785e-06,4.16929e-06,2.94221e-06,50,100,100,239848,2 10 9 11 3 7 1 0 8 5 4 6 
631,3.39049e-06,4.16929e-06,3.01318e-06,50,100,100,239848,2 10 9 11 3 7 1 0 8 5 4 6 
632,3.3694e-06,4.16929e-06,3.03261e-06,50,100,100,239848,2 10 9 11 3 7 1 0 8 5 4 6 
633,3.37573e-06,4.16929e-06,3.01631e-06,50,100,100,239848,2 10 9 11 3 7 1 0 8 5 4 6 
634,3.34368e-06,4.16929e-06,3.05356e-06,50,100,100,239848,2 10 9 11 3 7 1 0 8 5 4 6 
635,3.33851e-06,4.16929e-06,3.03e-06,50,100,100,239848,2 10 9 11 3 7 1 0 8 5 4 6 
636,3.33087e-06,4.16929e-06,3.00961e-06,50,100,100,239848,2 10 9 11 3 7 1 0 8 5 4 6 
637,3.32762e-06,4.16929e-06,2.96915e-06,50,100,100,239848,2 10 9 11 3 7 1 0 8 5 4 6 
638,3.32144e-06,4.16929e-06,2.99937e-06,50,100,100,239848,2 10 9 11 3 7 1 0 8 5 4 6 
639,3.37515e-06,4.16929e-06,3.01327e-06,50,100,100,239848,2 10 9 11 3 7 1 0 8 5 4 6 
640,3.35282e-06,4.16929e-06,3.00139e-06,50,100,100,239848,2 10 9 11 3 7 1 0 8 5 4 6 
641,3.34486e-06,4.16929e-06,3.03825e-06,50,100,100,239848,2 10 9 11 3 7 1 0 8 5 4 6 
642,3.36449e-06,4.16929e-06,2.98199e-06,50,100,100,239848,2 10 9 11 3 7 1 0 8 5 4 6 
643,3.36526e-06,4.16929e-06,3.01886e-06,50,100,100,239848,2 10 9 11 3 7 1 0 8 5 4 6 
644,3.38728e-06,4.16929e-06,3.04467e-06,50,100,100,239848,2 10 9 11 3 7 1 0 8 5 4 6 
645,3.38455e-06,4.16929e-06,3.02993e-06,50,100,100,239848,2 10 9 11 3 7 1 0 8 5 4 6 
646,3.37855e-06,4.16929e-06,2.92686e-06,50,100,100,239848,2 10 9 11 3 7 1 0 8 5 4 6 
647,3.36401e-06,4.16929e-06,3.02125e-06,50,100,100,239848,2 10 9 11 3 7 1 0 8 5 4 6 
648,3.37187e-06,4.16929e-06,2.96331e-06,50,100,100,239848,2 10 9 11 3 7 1 0 8 5 4 6 
649,3.37977e-06,4.16929e-06,3.04584e-06,50,100,100,239848,2 10 9 11 3 7 1 0 8 5 4 6 
650,3.38719e-06,4.16929e-06,3.02218e-06,50,100,100,239848,2 10 9 11 3 7 1 0 8 5 4 6 
651,3.38592e-06,4.16929e-06,2.98081e-06,50,100,100,239848,2 10 9 11 3 7 1 0 8 5 4 6 
652,3.39646e-06,4.16929e-06,2.97134e-06,50,100,100,239848,2 10 9 11 3 7 1 0 8 5 4 6 
653,3.3756e-06,4.16929e-06,3.06979e-06,50,100,100,239848,2 10 9 11 3 7 1 0 8 5 4 6 
654,3.36793e-06,4.16929e-06,3.00986e-06,50,100,100,239848,2 10 9 11 3 7 1 0 8 5 4 6 
655,3.35684e-06,4.16929e-06,3.04437e-06,50,100,100,239848,2 10 9 11 3 7 1 0 8 5 4 6 
656,3.37448e-06,4.16929e-06,3.06665e-06,50,100,100,239848,2 10 9 11 3 7 1 0 8 5 4 6 
657,3.3375e-06,4.16929e-06,2.96765e-06,50,100,100,239848,2 10 9 11 3 7 1 0 8 5 4 6 
658,3.35184e-06,4.16929e-06,3.02589e-06,50,100,100,239848,2 10 9 11 3 7 1 0 8 5 4 6 
659,3.3524e-06,4.16929e-06,3.04369e-06,50,100,100,239848,2 10 9 11 3 7 1 0 8 5 4 6 
660,3.31985e-06,4.16929e-06,2.90768e-06,50,100,100,239848,2 10 9 11 3 7 1 0 8 5 4 6 
661,3.3368e-06,4.16929e-06,2.955e-06,50,100,100,239848,2 10 9 11 3 7 1 0 8 5 4 6 
662,3.32417e-06,4.16929e-06,2.95363e-06,50,100,100,239848,2 10 9 11 3 7 1 0 8 5 4 6 
663,3.35248e-06,4.16929e-06,2.98466e-06,50,100,100,239848,2 10 9 11 3 7 1 0 8 5 4 6 
664,3.36077e-06,4.16929e-06,3.03204e-06,50,100,100,239848,2 10 9 11 3 7 1 0 8 5 4 6 
665,3.33617e-06,4.16929e-06,2.92368e-06,50,100,100,239848,2 10 9 11 3 7 1 0 8 5 4 6 
666,3.32829e-06,4.16929e-06,2.9157e-06,50,100,100,239848,2 10 9 11 3 7 1 0 8 5 4 6 
667,3.33307e-06,4.16929e-06,2.80554e-06,50,100,100,239848,2 10 9 11 3 7 1 0 8 5 4 6 
668,3.34908e-06,4.16929e-06,2.95869e-06,50,100,100,239848,2 10 9 11 3 7 1 0 8 5 4 6 
669,3.35898e-06,4.16929e-06,3.0008e-06,50,100,100,239848,2 10 9 11 3 7 1 0 8 5 4 6 
670,3.33273e-06,4.16929e-06,2.95714e-06,50,100,100,239848,2 10 9 11 3 7 1 0 8 5 4 6 
671,3.32434e-06,4.16929e-06,2.97616e-06,50,100,100,239848,2 10 9 11 3 7 1 0 8 5 4 6 
672,3.3475e-06,4.16929e-06,3.02608e-06,50,100,100,239848,2 10 9 11 3 7 1 0 8 5 4 6 
673,3.32766e-06,4.16929e-06,2.88993e-06,50,100,100,239848,2 10 9 11 3 7 1 0 8 5 4 6 
674,3.32909e-06,4.16929e-06,2.95624e-06,50,100,100,239848,2 10 9 11 3 7 1 0 8 5 4 6 
675,3.33267e-06,4.16929e-06,2.88263e-06,50,100,100,239848,2 10 9 11 3 7 1 0 8 5 4 6 
676,3.33161e-06,4.16929e-06,3.01093e-06,50,100,100,239848,2 10 9 11 3 7 1 0 8 5 4 6 
677,3.33977e-06,4.16929e-06,3.00547e-06,50,100,100,239848,2 10 9 11 3 7 1 0 8 5 4 6 
678,3.32242e-06,4.16929e-06,2.9608e-06,50,100,100,239848,2 10 9 11 3 7 1 0 8 5 4 6 
679,3.37396e-06,4.16929e-06,3.07411e-06,50,100,100,239848,2 10 9 11 3 7 1 0 8 5 4 6 
680,3.34669e-06,4.16929e-06,2.94668e-06,50,100,100,239848,2 10 9 11 3 7 1 0 8 5 4 6 
681,3.36535e-06,4.16929e-06,2.92407e-06,50,100,100,239848,2 10 9 11 3 7 1 0 8 5 4 6 
682,3.36906e-06,4.16929e-06,2.98817e-06,50,100,100,239848,2 10 9 11 3 7 1 0 8 5 4 6 
683,3.36974e-06,4.16929e-06,3.02125e-06,50,100,100,239848,2 10 9 11 3 7 1 0 8 5 4 6 
684,3.34718e-06,4.16929e-06,2.94368e-06,50,100,100,239848,2 10 9 11 3 7 1 0 8 5 4 6 
685,3.36186e-06,4.16929e-06,3.01777e-06,50,100,100,239848,2 10 9 11 3 7 1 0 8 5 4 6 
686,3.36503e-06,4.16929e-06,2.97654e-06,50,100,100,239848,2 10 9 11 3 7 1 0 8 5 4 6 
687,3.34989e-06,4.16929e-06,2.93254e-06,50,100,100,239848,2 10 9 11 3 7 1 0 8 5 4 6 
688,3.34446e-06,4.16929e-06,2.97998e-06,50,100,100,239848,2 10 9 11 3 7 1 0 8 5 4 6 
689,3.38083e-06,4.16929e-06,2.93913e-06,50,100,100,239848,2 10 9 11 3 7 1 0 8 5 4 6 
690,3.38378e-06,4.16929e-06,2.99323e-06,50,100,100,239848,2 10 9 11 3 7 1 0 8 5 4 6 
691,3.37566e-06,4.16929e-06,3.02454e-06,50,100,100,239848,2 10 9 11 3 7 1 0 8 5 4 6 
692,3.36208e-06,4.16929e-06,3.03742e-06,50,100,100,239848,2 10 9 11 3 7 1 0 8 5 4 6 
693,3.37241e-06,4.16929e-06,3.09353e-06,50,100,100,239848,2 10 9 11 3 7 1 0 8 5 4 6 
694,3.34154e-06,4.16929e-06,2.9375e-06,50,100,100,239848,2 10 9 11 3 7 1 0 8 5 4 6 
695,3.34736e-06,4.16929e-06,2.94734e-06,50,100,100,239848,2 10 9 11 3 7 1 0 8 5 4 6 
696,3.3346e-06,4.16929e-06,2.98676e-06,50,100,100,239848,2 10 9 11 3 7 1 0 8 5 4 6 
697,3.3236e-06,4.16929e-06,2.98969e-06,50,100,100,239848,2 10 9 11 3 7 1 0 8 5 4 6 
698,3.30938e-06,4.16929e-06,2.91949e-06,50,100,100,239848,2 10 9 11 3 7 1 0 8 5 4 6 
699,3.34423e-06,4.16929e-06,2.93445e-06,50,100,100,239848,2 10 9 11 3 7 1 0 8 5 4 6 
700,3.32388e-06,4.16929e-06,2.94138e-06,50,100,100,239848,2 10 9 11 3 7 1 0 8 5 4 6 
701,3.35221e-06,4.16929e-06,3.03753e-06,50,100,100,239848,2 10 9 11 3 7 1 0 8 5 4 6 
702,3.3206e-06,4.16929e-06,2.95445e-06,50,100,100,239848,2 10 9 11 3 7 1 0 8 5 4 6 
703,3.33843e-06,4.16929e-06,2.95904e-06,50,100,100,239848,2 10 9 11 3 7 1 0 8 5 4 6 
704,3.35363e-06,4.16929e-06,3.00552e-06,50,100,100,239848,2 10 9 11 3 7 1 0 8 5 4 6 
705,3.33892e-06,4.16929e-06,3.02586e-06,50,100,100,239848,2 10 9 11 3 7 1 0 8 5 4 6 
706,3.34845e-06,4.16929e-06,2.91934e-06,50,100,100,239848,2 10 9 11 3 7 1 0 8 5 4 6 
707,3.36591e-06,4.16929e-06,2.98708e-06,50,100,100,239848,2 10 9 11 3 7 1 0 8 5 4 6 
708,3.37635e-06,4.16929e-06,2.9843e-06,50,100,100,239848,2 10 9 11 3 7 1 0 8 5 4 6 
709,3.37336e-06,4.16929e-06,2.99614e-06,50,100,100,239848,2 10 9 11 3 7 1 0 8 5 4 6 
710,3.35465e-06,4.16929e-06,2.9417e-06,50,100,100,239848,2 10 9 11 3 7 1 0 8 5 4 6 
711,3.34834e-06,4.16929e-06,3.00496e-06,50,100,100,239848,2 10 9 11 3 7 1 0 8 5 4 6 
712,3.37484e-06,4.16929e-06,3.02598e-06,50,100,100,239848,2 10 9 11 3 7 1 0 8 5 4 6 
713,3.36792e-06,4.16929e-06,3.03064e-06,50,100,100,239848,2 10 9 11 3 7 1 0 8 5 4 6 
714,3.39079e-06,4.16929e-06,2.88921e-06,50,100,100,239848,2 10 9 11 3 7 1 0 8 5 4 6 
715,3.36456e-06,4.16929e-06,3.02705e-06,50,100,100,239848,2 10 9 11 3 7 1 0 8 5 4 6 
716,3.35333e-06,4.16929e-06,2.93456e-06,50,100,100,239848,2 10 9 11 3 7 1 0 8 5 4 6 
717,3.35368e-06,4.16929e-06,2.99819e-06,50,100,100,239848,2 10 9 11 3 7 1 0 8 5 4 6 
718,3.33067e-06,4.16929e-06,3.01033e-06,50,100,100,239848,2 10 9 11 3 7 1 0 8 5 4 6 
719,3.33387e-06,4.16929e-06,2.94576e-06,50,100,100,239848,2 10 9 11 3 7 1 0 8 5 4 6 
720,3.31479e-06,4.16929e-06,2.97962e-06,50,100,100,239848,2 10 9 11 3 7 1 0 8 5 4 6 
721,3.31872e-06,4.16929e-06,2.98788e-06,50,100,100,239848,2 10 9 11 3 7 1 0 8 5 4 6 
722,3.33847e-06,4.16929e-06,3.01385e-06,50,100,100,239848,2 10 9 11 3 7 1 0 8 5 4 6 
723,3.34164e-06,4.16929e-06,2.97148e-06,50,100,100,239848,2 10 9 11 3 7 1 0 8 5 4 6 
724,3.32862e-06,4.16929e-06,2.9354e-06,50,100,100,239848,2 10 9 11 3 7 1 0 8 5 4 6 
725,3.33598e-06,4.16929e-06,2.93278e-06,50,100,100,239848,2 10 9 11 3 7 1 0 8 5 4 6 
726,3.39171e-06,4.16929e-06,3.0779e-06,50,100,100,239848,2 10 9 11 3 7 1 0 8 5 4 6 
727,3.34015e-06,4.16929e-06,2.96531e-06,50,100,100,239848,2 10 9 11 3 7 1 0 8 5 4 6 
728,3.32376e-06,4.16929e-06,3.0218e-06,50,100,100,239848,2 10 9 11 3 7 1 0 8 5 4 6 
729,3.32579e-06,4.16929e-06,2.9605e-06,50,100,100,239848,2 10 9 11 3 7 1 0 8 5 4 6 
730,3.32994e-06,4.16929e-06,2.94203e-06,50,100,100,239848,2 10 9 11 3 7 1 0 8 5 4 6 
731,3.34385e-06,4.16929e-06,2.91834e-06,50,100,100,239848,2 10 9 11 3 7 1 0 8 5 4 6 
732,3.35423e-06,4.16929e-06,2.98229e-06,50,100,100,239848,2 10 9 11 3 7 1 0 8 5 4 6 
733,3.32541e-06,4.16929e-06,2.93514e-06,50,100,100,239848,2 10 9 11 3 7 1 0 8 5 4 6 
734,3.33428e-06,4.16929e-06,2.97613e-06,50,100,100,239848,2 10 9 11 3 7 1 0 8 5 4 6 
735,3.32538e-06,4.16929e-06,2.97943e-06,50,100,100,239848,2 10 9 11 3 7 1 0 8 5 4 6 
736,3.3248e-06,4.16929e-06,2.97629e-06,50,100,100,239848,2 10 9 11 3 7 1 0 8 5 4 6 
737,3.31717e-06,4.16929e-06,2.99133e-06,50,100,100,239848,2 10 9 11 3 7 1 0 8 5 4 6 
738,3.34437e-06,4.16929e-06,2.96452e-06,50,100,100,239848,2 10 9 11 3 7 1 0 8 5 4 6 
739,3.35728e-06,4.16929e-06,2.95406e-06,50,100,100,239848,2 10 9 11 3 7 1 0 8 5 4 6 
740,3.34365e-06,4.16929e-06,2.9241e-06,50,100,100,239848,2 10 9 11 3 7 1 0 8 5 4 6 
741,3.32365e-06,4.16929e-06,2.95511e-06,50,100,100,239848,2 10 9 11 3 7 1 0 8 5 4 6 
742,3.34718e-06,4.16929e-06,3.0371e-06,50,100,100,239848,2 10 9 11 3 7 1 0 8 5 4 6 
743,3.35799e-06,4.16929e-06,2.95743e-06,50,100,100,239848,2 10 9 11 3 7 1 0 8 5 4 6 
744,3.33841e-06,4.16929e-06,3.03318e-06,50,100,100,239848,2 10 9 11 3 7 1 0 8 5 4 6 
745,3.35764e-06,4.16929e-06,3.0276e-06,50,100,100,239848,2 10 9 11 3 7 1 0 8 5 4 6 
746,3.3106e-06,4.16929e-06,2.96025e-06,50,100,100,239848,2 10 9 11 3 7 1 0 8 5 4 6 
747,3.28837e-06,4.16929e-06,3.01142e-06,50,100,100,239848,2 10 9 11 3 7 1 0 8 5 4 6 
748,3.29429e-06,4.16929e-06,2.95052e-06,50,100,100,239848,2 10 9 11 3 7 1 0 8 5 4 6 
749,3.30247e-06,4.16929e-06,2.97105e-06,50,100,100,239848,2 10 9 11 3 7 1 0 8 5 4 6 
750,3.31617e-06,4.16929e-06,3.02593e-06,50,100,100,239848,2 10 9 11 3 7 1 0 8 5 4 6 
751,3.28159e-06,4.16929e-06,2.98277e-06,50,100,100,239848,2 10 9 11 3 7 1 0 8 5 4 6 
752,3.32371e-06,4.16929e-06,2.92988e-06,50,100,100,239848,2 10 9 11 3 7 1 0 8 5 4 6 
753,3.34815e-06,4.16929e-06,3.00491e-06,50,100,100,239848,2 10 9 11 3 7 1 0 8 5 4 6 
754,3.3541e-06,4.16929e-06,2.95899e-06,50,100,100,239848,2 10 9 11 3 7 1 0 8 5 4 6 
755,3.33042e-06,4.16929e-06,2.92205e-06,50,100,100,239848,2 10 9 11 3 7 1 0 8 5 4 6 
756,3.36155e-06,4.16929e-06,2.97475e-06,50,100,100,239848,2 10 9 11 3 7 1 0 8 5 4 6 
757,3.36179e-06,4.16929e-06,2.93744e-06,50,100,100,239848,2 10 9 11 3 7 1 0 8 5 4 6 
758,3.32428e-06,4.16929e-06,3.04612e-06,50,100,100,239848,2 10 9 11 3 7 1 0 8 5 4 6 
759,3.35705e-06,4.16929e-06,3.01053e-06,50,100,100,239848,2 10 9 11 3 7 1 0 8 5 4 6 
760,3.33478e-06,4.16929e-06,2.97369e-06,50,100,100,239848,2 10 9 11 3 7 1 0 8 5 4 6 
761,3.30165e-06,4.16929e-06,3.00063e-06,50,100,100,239848,2 10 9 11 3 7 1 0 8 5 4 6 
762,3.31732e-06,4.16929e-06,2.93554e-06,50,100,100,239848,2 10 9 11 3 7 1 0 8 5 4 6 
763,3.32409e-06,4.16929e-06,2.98375e-06,50,100,100,239848,2 10 9 11 3 7 1 0 8 5 4 6 
764,3.34506e-06,4.16929e-06,2.97705e-06,50,100,100,239848,2 10 9 11 3 7 1 0 8 5 4 6 
765,3.31697e-06,4.16929e-06,2.96901e-06,50,100,100,239848,2 10 9 11 3 7 1 0 8 5 4 6 
766,3.34049e-06,4.16929e-06,2.99813e-06,50,100,100,239848,2 10 9 11 3 7 1 0 8 5 4 6 
767,3.32152e-06,4.16929e-06,2.9827e-06,50,100,100,239848,2 10 9 11 3 7 1 0 8 5 4 6 
768,3.31667e-06,4.16929e-06,2.93101e-06,50,100,100,239848,2 10 9 11 3 7 1 0 8 5 4 6 
769,3.34112e-06,4.16929e-06,2.9952e-06,50,100,100,239848,2 10 9 11 3 7 1 0 8 5 4 6 
770,3.34796e-06,4.16929e-06,3.00539e-06,50,100,100,239848,2 10 9 11 3 7 1 0 8 5 4 6 
771,3.31427e-06,4.16929e-06,3.01877e-06,50,100,100,239848,2 10 9 11 3 7 1 0 8 5 4 6 
772,3.31768e-06,4.16929e-06,2.98314e-06,50,100,100,239848,2 10 9 11 3 7 1 0 8 5 4 6 
773,3.34328e-06,4.16929e-06,2.94817e-06,50,100,100,239848,2 10 9 11 3 7 1 0 8 5 4 6 
774,3.33252e-06,4.16929e-06,3.00092e-06,50,100,100,239848,2 10 9 11 3 7 1 0 8 5 4 6 
775,3.3052e-06,4.16929e-06,2.97362e-06,50,100,100,239848,2 10 9 11 3 7 1 0 8 5 4 6 
776,3.30369e-06,4.16929e-06,2.98241e-06,50,100,100,239848,2 10 9 11 3 7 1 0 8 5 4 6 
777,3.33102e-06,4.16929e-06,2.9848e-06,50,100,100,239848,2 10 9 11 3 7 1 0 8 5 4 6 
778,3.32926e-06,4.16929e-06,3.0162e-06,50,100,100,239848,2 10 9 11 3 7 1 0 8 5 4 6 
779,3.31413e-06,4.16929e-06,2.90012e-06,50,100,100,239848,2 10 9 11 3 7 1 0 8 5 4 6 
780,3.32359e-06,4.16929e-06,2.92452e-06,50,100,100,239848,2 10 9 11 3 7 1 0 8 5 4 6 
781,3.33625e-06,4.16929e-06,2.93573e-06,50,100,100,239848,2 10 9 11 3 7 1 0 8 5 4 6 
782,3.31975e-06,4.16929e-06,2.95626e-06,50,100,100,239848,2 10 9 11 3 7 1 0 8 5 4 6 
783,3.32693e-06,4.16929e-06,2.91827e-06,50,100,100,239848,2 10 9 11 3 7 1 0 8 5 4 6 
784,3.31997e-06,4.16929e-06,2.95343e-06,50,100,100,239848,2 10 9 11 3 7 1 0 8 5 4 6 
785,3.34699e-06,4.16929e-06,2.96383e-06,50,100,100,239848,2 10 9 11 3 7 1 0 8 5 4 6 
786,3.34381e-06,4.16929e-06,2.9168e-06,50,100,100,239848,2 10 9 11 3 7 1 0 8 5 4 6 
787,3.35517e-06,4.16929e-06,3.03261e-06,50,100,100,239848,2 10 9 11 3 7 1 0 8 5 4 6 
788,3.33802e-06,4.16929e-06,3.03556e-06,50,100,100,239848,2 10 9 11 3 7 1 0 8 5 4 6 
789,3.31796e-06,4.16929e-06,2.96531e-06,50,100,100,239848,2 10 9 11 3 7 1 0 8 5 4 6 
790,3.29479e-06,4.16929e-06,3.0055e-06,50,100,100,239848,2 10 9 11 3 7 1 0 8 5 4 6 
791,3.29628e-06,4.16929e-06,2.98512e-06,50,100,100,239848,2 10 9 11 3 7 1 0 8 5 4 6 
792,3.3136e-06,4.16929e-06,2.95479e-06,50,100,100,239848,2 10 9 11 3 7 1 0 8 5 4 6 
793,3.31877e-06,4.16929e-06,2.982e-06,50,100,100,239848,2 10 9 11 3 7 1 0 8 5 4 6 
794,3.34287e-06,4.16929e-06,2.9545e-06,50,100,100,239848,2 10 9 11 3 7 1 0 8 5 4 6 
795,3.33538e-06,4.16929e-06,2.96108e-06,50,100,100,239848,2 10 9 11 3 7 1 0 8 5 4 6 
796,3.33241e-06,4.16929e-06,3.00822e-06,50,100,100,239848,2 10 9 11 3 7 1 0 8 5 4 6 
797,3.35038e-06,4.16929e-06,2.99431e-06,50,100,100,239848,2 10 9 11 3 7 1 0 8 5 4 6 
798,3.31961e-06,4.16929e-06,3.02947e-06,50,100,100,239848,2 10 9 11 3 7 1 0 8 5 4 6 
799,3.33255e-06,4.16929e-06,3.04528e-06,50,100,100,239848,2 10 9 11 3 7 1 0 8 5 4 6 
800,3.34389e-06,4.16929e-06,2.98385e-06,50,100,100,239848,2 10 9 11 3 7 1 0 8 5 4 6 
801,3.35344e-06,4.16929e-06,3.05395e-06,50,100,100,239848,2 10 9 11 3 7 1 0 8 5 4 6 
802,3.33506e-06,4.16929e-06,2.99963e-06,50,100,100,239848,2 10 9 11 3 7 1 0 8 5 4 6 
803,3.3221e-06,4.16929e-06,2.89604e-06,50,100,100,239848,2 10 9 11 3 7 1 0 8 5 4 6 
804,3.30585e-06,4.16929e-06,2.9981e-06,50,100,100,239848,2 10 9 11 3 7 1 0 8 5 4 6 
805,3.31353e-06,4.16929e-06,2.98631e-06,50,100,100,239848,2 10 9 11 3 7 1 0 8 5 4 6 
806,3.30157e-06,4.16929e-06,2.99316e-06,50,100,100,239848,2 10 9 11 3 7 1 0 8 5 4 6 
807,3.28039e-06,4.16929e-06,2.9904e-06,50,100,100,239848,2 10 9 11 3 7 1 0 8 5 4 6 
808,3.33244e-06,4.16929e-06,3.00157e-06,50,100,100,239848,2 10 9 11 3 7 1 0 8 5 4 6 
809,3.32912e-06,4.16929e-06,2.94753e-06,50,100,100,239848,2 10 9 11 3 7 1 0 8 5 4 6 
810,3.34595e-06,4.16929e-06,2.96797e-06,50,100,100,239848,2 10 9 11 3 7 1 0 8 5 4 6 
811,3.32908e-06,4.16929e-06,3.02829e-06,50,100,100,239848,2 10 9 11 3 7 1 0 8 5 4 6 
812,3.31653e-06,4.16929e-06,2.99171e-06,50,100,100,239848,2 10 9 11 3 7 1 0 8 5 4 6 
813,3.31347e-06,4.16929e-06,2.9417e-06,50,100,100,239848,2 10 9 11 3 7 1 0 8 5 4 6 
814,3.2963e-06,4.16929e-06,2.94228e-06,50,100,100,239848,2 10 9 11 3 7 1 0 8 5 4 6 
815,3.32962e-06,4.16929e-06,2.99689e-06,50,100,100,239848,2 10 9 11 3 7 1 0 8 5 4 6 
816,3.31272e-06,4.16929e-06,2.94573e-06,50,100,100,239848,2 10 9 11 3 7 1 0 8 5 4 6 
817,3.31746e-06,4.16929e-06,2.95609e-06,50,100,100,239848,2 10 9 11 3 7 1 0 8 5 4 6 
818,3.30812e-06,4.16929e-06,2.9954e-06,50,100,100,239848,2 10 9 11 3 7 1 0 8 5 4 6 
819,3.30562e-06,4.16929e-06,2.9531e-06,50,100,100,239848,2 10 9 11 3 7 1 0 8 5 4 6 
820,3.31583e-06,4.16929e-06,2.94527e-06,50,100,100,239848,2 10 9 11 3 7 1 0 8 5 4 6 
821,3.31719e-06,4.16929e-06,2.96236e-06,50,100,100,239848,2 10 9 11 3 7 1 0 8 5 4 6 
822,3.36707e-06,4.16929e-06,3.00177e-06,50,100,100,239848,2 10 9 11 3 7 1 0 8 5 4 6 
823,3.34999e-06,4.16929e-06,2.94586e-06,50,100,100,239848,2 10 9 11 3 7 1 0 8 5 4 6 
824,3.32734e-06,4.16929e-06,2.95242e-06,50,100,100,239848,2 10 9 11 3 7 1 0 8 5 4 6 
825,3.333e-06,4.16929e-06,2.99418e-06,50,100,100,239848,2 10 9 11 3 7 1 0 8 5 4 6 
826,3.32873e-06,4.16929e-06,3.03335e-06,50,100,100,239848,2 10 9 11 3 7 1 0 8 5 4 6 
827,3.33862e-06,4.16929e-06,2.97084e-06,50,100,100,239848,2 10 9 11 3 7 1 0 8 5 4 6 
828,3.33322e-06,4.16929e-06,2.98592e-06,50,100,100,239848,2 10 9 11 3 7 1 0 8 5 4 6 
829,3.34348e-06,4.16929e-06,2.92525e-06,50,100,100,239848,2 10 9 11 3 7 1 0 8 5 4 6 
830,3.33401e-06,4.16929e-06,2.96563e-06,50,100,100,239848,2 10 9 11 3 7 1 0 8 5 4 6 
831,3.34012e-06,4.16929e-06,2.94394e-06,50,100,100,239848,2 10 9 11 3 7 1 0 8 5 4 6 
832,3.32633e-06,4.16929e-06,3.02116e-06,50,100,100,239848,2 10 9 11 3 7 1 0 8 5 4 6 
833,3.32934e-06,4.16929e-06,2.89405e-06,50,100,100,239848,2 10 9 11 3 7 1 0 8 5 4 6 
834,3.3483e-06,4.16929e-06,2.96432e-06,50,100,100,239848,2 10 9 11 3 7 1 0 8 5 4 6 
835,3.33941e-06,4.16929e-06,3.00628e-06,50,100,100,239848,2 10 9 11 3 7 1 0 8 5 4 6 
836,3.34592e-06,4.16929e-06,2.98467e-06,50,100,100,239848,2 10 9 11 3 7 1 0 8 5 4 6 
837,3.3365e-06,4.16929e-06,2.9871e-06,50,100,100,239848,2 10 9 11 3 7 1 0 8 5 4 6 
838,3.34078e-06,4.16929e-06,2.95584e-06,50,100,100,239848,2 10 9 11 3 7 1 0 8 5 4 6 
839,3.35546e-06,4.16929e-06,2.95621e-06,50,100,100,239848,2 10 9 11 3 7 1 0 8 5 4 6 
840,3.33242e-06,4.16929e-06,2.91638e-06,50,100,100,239848,2 10 9 11 3 7 1 0 8 5 4 6 
841,3.34709e-06,4.16929e-06,2.96732e-06,50,100,100,239848,2 10 9 11 3 7 1 0 8 5 4 6 
842,3.33704e-06,4.16929e-06,2.96702e-06,50,100,100,239848,2 10 9 11 3 7 1 0 8 5 4 6 
843,3.35587e-06,4.16929e-06,2.97843e-06,50,100,100,239848,2 10 9 11 3 7 1 0 8 5 4 6 
844,3.31866e-06,4.16929e-06,2.86838e-06,50,100,100,239848,2 10 9 11 3 7 1 0 8 5 4 6 
845,3.3459e-06,4.16929e-06,2.93057e-06,50,100,100,239848,2 10 9 11 3 7 1 0 8 5 4 6 
846,3.34393e-06,4.16929e-06,2.89415e-06,50,100,100,239848,2 10 9 11 3 7 1 0 8 5 4 6 
847,3.3702e-06,4.16929e-06,3.02547e-06,50,100,100,239848,2 10 9 11 3 7 1 0 8 5 4 6 
848,3.34803e-06,4.16929e-06,3.05156e-06,50,100,100,239848,2 10 9 11 3 7 1 0 8 5 4 6 
849,3.32661e-06,4.16929e-06,3.02223e-06,50,100,100,239848,2 10 9 11 3 7 1 0 8 5 4 6 
850,3.32707e-06,4.16929e-06,2.96417e-06,50,100,100,239848,2 10 9 11 3 7 1 0 8 5 4 6 
851,3.35039e-06,4.16929e-06,2.93668e-06,50,100,100,239848,2 10 9 11 3 7 1 0 8 5 4 6 
852,3.33215e-06,4.16929e-06,3.00921e-06,50,100,100,239848,2 10 9 11 3 7 1 0 8 5 4 6 
853,3.36329e-06,4.16929e-06,3.04222e-06,50,100,100,239848,2 10 9 11 3 7 1 0 8 5 4 6 
854,3.37642e-06,4.16929e-06,2.96455e-06,50,100,100,239848,2 10 9 11 3 7 1 0 8 5 4 6 
855,3.37865e-06,4.16929e-06,3.02888e-06,50,100,100,239848,2 10 9 11 3 7 1 0 8 5 4 6 
856,3.35248e-06,4.16929e-06,3.00071e-06,50,100,100,239848,2 10 9 11 3 7 1 0 8 5 4 6 
857,3.33401e-06,4.16929e-06,3.02284e-06,50,100,100,239848,2 10 9 11 3 7 1 0 8 5 4 6 
858,3.32671e-06,4.16929e-06,2.98104e-06,50,100,100,239848,2 10 9 11 3 7 1 0 8 5 4 6 
859,3.32554e-06,4.16929e-06,2.9476e-06,50,100,100,239848,2 10 9 11 3 7 1 0 8 5 4 6 
860,3.31608e-06,4.16929e-06,2.96208e-06,50,100,100,239848,2 10 9 11 3 7 1 0 8 5 4 6 
861,3.31501e-06,4.16929e-06,2.96183e-06,50,100,100,239848,2 10 9 11 3 7 1 0 8 5 4 6 
862,3.31743e-06,4.16929e-06,2.96733e-06,50,100,100,239848,2 10 9 11 3 7 1 0 8 5 4 6 
863,3.31216e-06,4.16929e-06,2.95345e-06,50,100,100,239848,2 10 9 11 3 7 1 0 8 5 4 6 
864,3.32354e-06,4.16929e-06,2.88262e-06,50,100,100,239848,2 10 9 11 3 7 1 0 8 5 4 6 
865,3.34468e-06,4.16929e-06,2.97716e-06,50,100,100,239848,2 10 9 11 3 7 1 0 8 5 4 6 
866,3.35631e-06,4.16929e-06,2.9861e-06,50,100,100,239848,2 10 9 11 3 7 1 0 8 5 4 6 
867,3.33452e-06,4.16929e-06,2.99035e-06,50,100,100,239848,2 10 9 11 3 7 1 0 8 5 4 6 
868,3.30616e-06,4.16929e-06,3.03782e-06,50,100,100,239848,2 10 9 11 3 7 1 0 8 5 4 6 
869,3.33845e-06,4.16929e-06,3.00283e-06,50,100,100,239848,2 10 9 11 3 7 1 0 8 5 4 6 
870,3.33394e-06,4.16929e-06,2.9963e-06,50,100,100,239848,2 10 9 11 3 7 1 0 8 5 4 6 
871,3.32554e-06,4.16929e-06,3.02335e-06,50,100,100,239848,2 10 9 11 3 7 1 0 8 5 4 6 
872,3.3254e-06,4.16929e-06,2.99407e-06,50,100,100,239848,2 10 9 11 3 7 1 0 8 5 4 6 
873,3.34344e-06,4.16929e-06,2.9442e-06,50,100,100,239848,2 10 9 11 3 7 1 0 8 5 4 6 
874,3.32108e-06,4.16929e-06,2.95813e-06,50,100,100,239848,2 10 9 11 3 7 1 0 8 5 4 6 
875,3.28303e-06,4.16929e-06,2.95007e-06,50,100,100,239848,2 10 9 11 3 7 1 0 8 5 4 6 
876,3.33768e-06,4.16929e-06,3.04717e-06,50,100,100,239848,2 10 9 11 3 7 1 0 8 5 4 6 
877,3.30939e-06,4.16929e-06,2.97289e-06,50,100,100,239848,2 10 9 11 3 7 1 0 8 5 4 6 
878,3.32705e-06,4.16929e-06,2.94203e-06,50,100,100,239848,2 10 9 11 3 7 1 0 8 5 4 6 
879,3.33023e-06,4.16929e-06,2.97238e-06,50,100,100,239848,2 10 9 11 3 7 1 0 8 5 4 6 
880,3.35043e-06,4.16929e-06,2.98788e-06,50,100,100,239848,2 10 9 11 3 7 1 0 8 5 4 6 
881,3.36828e-06,4.16929e-06,3.00265e-06,50,100,100,239848,2 10 9 11 3 7 1 0 8 5 4 6 
882,3.407e-06,4.16929e-06,3.00035e-06,50,100,100,239848,2 10 9 11 3 7 1 0 8 5 4 6 
883,3.37981e-06,4.16929e-06,2.98409e-06,50,100,100,239848,2 10 9 11 3 7 1 0 8 5 4 6 
884,3.33962e-06,4.16929e-06,2.99551e-06,50,100,100,239848,2 10 9 11 3 7 1 0 8 5 4 6 
885,3.33289e-06,4.16929e-06,2.98719e-06,50,100,100,239848,2 10 9 11 3 7 1 0 8 5 4 6 
886,3.38856e-06,4.16929e-06,2.98614e-06,50,100,100,239848,2 10 9 11 3 7 1 0 8 5 4 6 
887,3.37715e-06,4.16929e-06,2.96324e-06,50,100,100,239848,2 10 9 11 3 7 1 0 8 5 4 6 
888,3.39585e-06,4.16929e-06,2.99449e-06,50,100,100,239848,2 10 9 11 3 7 1 0 8 5 4 6 
889,3.36666e-06,4.16929e-06,2.99209e-06,50,100,100,239848,2 10 9 11 3 7 1 0 8 5 4 6 
890,3.3513e-06,4.16929e-06,3.05238e-06,50,100,100,239848,2 10 9 11 3 7 1 0 8 5 4 6 
891,3.37864e-06,4.16929e-06,3.05236e-06,50,100,100,239848,2 10 9 11 3 7 1 0 8 5 4 6 
892,3.3894e-06,4.16929e-06,3.02218e-06,50,100,100,239848,2 10 9 11 3 7 1 0 8 5 4 6 
893,3.36461e-06,4.16929e-06,3.04741e-06,50,100,100,239848,2 10 9 11 3 7 1 0 8 5 4 6 
894,3.36335e-06,4.16929e-06,2.98053e-06,50,100,100,239848,2 10 9 11 3 7 1 0 8 5 4 6 
895,3.36304e-06,4.16929e-06,2.99982e-06,50,100,100,239848,2 10 9 11 3 7 1 0 8 5 4 6 
896,3.35816e-06,4.16929e-06,2.88109e-06,50,100,100,239848,2 10 9 11 3 7 1 0 8 5 4 6 
897,3.37386e-06,4.16929e-06,2.99203e-06,50,100,100,239848,2 10 9 11 3 7 1 0 8 5 4 6 
898,3.40472e-06,4.16929e-06,3.02483e-06,50,100,100,239848,2 10 9 11 3 7 1 0 8 5 4 6 
899,3.37319e-06,4.16929e-06,2.99137e-06,50,100,100,239848,2 10 9 11 3 7 1 0 8 5 4 6 
900,3.36695e-06,4.16929e-06,3.04515e-06,50,100,100,239848,2 10 9 11 3 7 1 0 8 5 4 6 
901,3.35165e-06,4.16929e-06,2.97845e-06,50,100,100,239848,2 10 9 11 3 7 1 0 8 5 4 6 
902,3.35874e-06,4.16929e-06,2.96767e-06,50,100,100,239848,2 10 9 11 3 7 1 0 8 5 4 6 
903,3.36442e-06,4.16929e-06,2.98012e-06,50,100,100,239848,2 10 9 11 3 7 1 0 8 5 4 6 
904,3.39942e-06,4.16929e-06,3.01108e-06,50,100,100,239848,2 10 9 11 3 7 1 0 8 5 4 6 
905,3.4251e-06,4.16929e-06,3.08637e-06,50,100,100,239848,2 10 9 11 3 7 1 0 8 5 4 6 
906,3.40335e-06,4.16929e-06,2.99513e-06,50,100,100,239848,2 10 9 11 3 7 1 0 8 5 4 6 
907,3.43129e-06,4.16929e-06,3.03987e-06,50,100,100,239848,2 10 9 11 3 7 1 0 8 5 4 6 
908,3.38783e-06,4.16929e-06,3.02118e-06,50,100,100,239848,2 10 9 11 3 7 1 0 8 5 4 6 
909,3.36908e-06,4.16929e-06,2.96887e-06,50,100,100,239848,2 10 9 11 3 7 1 0 8 5 4 6 
910,3.40478e-06,4.16929e-06,3.07943e-06,50,100,100,239848,2 10 9 11 3 7 1 0 8 5 4 6 
911,3.40273e-06,4.16929e-06,3.03675e-06,50,100,100,239848,2 10 9 11 3 7 1 0 8 5 4 6 
912,3.39618e-06,4.16929e-06,3.05212e-06,50,100,100,239848,2 10 9 11 3 7 1 0 8 5 4 6 
913,3.39803e-06,4.16929e-06,2.98003e-06,50,100,100,239848,2 10 9 11 3 7 1 0 8 5 4 6 
914,3.39788e-06,4.16929e-06,3.01111e-06,50,100,100,239848,2 10 9 11 3 7 1 0 8 5 4 6 
915,3.39218e-06,4.16929e-06,2.97066e-06,50,100,100,239848,2 10 9 11 3 7 1 0 8 5 4 6 
916,3.41936e-06,4.16929e-06,3.00652e-06,50,100,100,239848,2 10 9 11 3 7 1 0 8 5 4 6 
917,3.38862e-06,4.16929e-06,3.03543e-06,50,100,100,239848,2 10 9 11 3 7 1 0 8 5 4 6 
918,3.38584e-06,4.16929e-06,2.97822e-06,50,100,100,239848,2 10 9 11 3 7 1 0 8 5 4 6 
919,3.40671e-06,4.16929e-06,3.06744e-06,50,100,100,239848,2 10 9 11 3 7 1 0 8 5 4 6 
920,3.40655e-06,4.16929e-06,2.97491e-06,50,100,100,239848,2 10 9 11 3 7 1 0 8 5 4 6 
921,3.39568e-06,4.16929e-06,2.94191e-06,50,100,100,239848,2 10 9 11 3 7 1 0 8 5 4 6 
922,3.38806e-06,4.16929e-06,3.00197e-06,50,100,100,239848,2 10 9 11 3 7 1 0 8 5 4 6 
923,3.40887e-06,4.16929e-06,2.984e-06,50,100,100,239848,2 10 9 11 3 7 1 0 8 5 4 6 
924,3.4096e-06,4.16929e-06,2.9896e-06,50,100,100,239848,2 10 9 11 3 7 1 0 8 5 4 6 
925,3.41243e-06,4.16929e-06,2.99438e-06,50,100,100,239848,2 10 9 11 3 7 1 0 8 5 4 6 
926,3.39663e-06,4.16929e-06,3.01584e-06,50,100,100,239848,2 10 9 11 3 7 1 0 8 5 4 6 
927,3.37973e-06,4.16929e-06,3.03015e-06,50,100,100,239848,2 10 9 11 3 7 1 0 8 5 4 6 
928,3.35399e-06,4.16929e-06,2.99981e-06,50,100,100,239848,2 10 9 11 3 7 1 0 8 5 4 6 
929,3.35426e-06,4.16929e-06,3.01255e-06,50,100,100,239848,2 10 9 11 3 7 1 0 8 5 4 6 
930,3.39312e-06,4.16929e-06,3.03834e-06,50,100,100,239848,2 10 9 11 3 7 1 0 8 5 4 6 
931,3.37839e-06,4.16929e-06,2.99132e-06,50,100,100,239848,2 10 9 11 3 7 1 0 8 5 4 6 
932,3.39979e-06,4.16929e-06,2.97347e-06,50,100,100,239848,2 10 9 11 3 7 1 0 8 5 4 6 
933,3.37363e-06,4.16929e-06,3.02194e-06,50,100,100,239848,2 10 9 11 3 7 1 0 8 5 4 6 
934,3.39347e-06,4.16929e-06,2.95153e-06,50,100,100,239848,2 10 9 11 3 7 1 0 8 5 4 6 
935,3.38695e-06,4.16929e-06,3.04719e-06,50,100,100,239848,2 10 9 11 3 7 1 0 8 5 4 6 
936,3.39071e-06,4.16929e-06,2.94602e-06,50,100,100,239848,2 10 9 11 3 7 1 0 8 5 4 6 
937,3.41686e-06,4.16929e-06,3.08411e-06,50,100,100,239848,2 10 9 11 3 7 1 0 8 5 4 6 
938,3.37736e-06,4.16929e-06,3.06637e-06,50,100,100,239848,2 10 9 11 3 7 1 0 8 5 4 6 
939,3.37007e-06,4.16929e-06,3.01015e-06,50,100,100,239848,2 10 9 11 3 7 1 0 8 5 4 6 
940,3.34606e-06,4.16929e-06,3.00323e-06,50,100,100,239848,2 10 9 11 3 7 1 0 8 5 4 6 
941,3.35325e-06,4.16929e-06,3.01664e-06,50,100,100,239848,2 10 9 11 3 7 1 0 8 5 4 6 
942,3.35774e-06,4.16929e-06,3.00827e-06,50,100,100,239848,2 10 9 11 3 7 1 0 8 5 4 6 
943,3.35626e-06,4.16929e-06,3.04717e-06,50,100,100,239848,2 10 9 11 3 7 1 0 8 5 4 6 
944,3.36283e-06,4.16929e-06,3.04665e-06,50,100,100,239848,2 10 9 11 3 7 1 0 8 5 4 6 
945,3.3671e-06,4.16929e-06,3.00467e-06,50,100,100,239848,2 10 9 11 3 7 1 0 8 5 4 6 
946,3.3526e-06,4.16929e-06,2.96088e-06,50,100,100,239848,2 10 9 11 3 7 1 0 8 5 4 6 
947,3.33547e-06,4.16929e-06,2.99119e-06,50,100,100,239848,2 10 9 11 3 7 1 0 8 5 4 6 
948,3.31536e-06,4.16929e-06,2.83107e-06,50,100,100,239848,2 10 9 11 3 7 1 0 8 5 4 6 
949,3.30387e-06,4.16929e-06,2.93531e-06,50,100,100,239848,2 10 9 11 3 7 1 0 8 5 4 6 
950,3.33792e-06,4.16929e-06,2.94231e-06,50,100,100,239848,2 10 9 11 3 7 1 0 8 5 4 6 
951,3.36087e-06,4.16929e-06,3.05695e-06,50,100,100,239848,2 10 9 11 3 7 1 0 8 5 4 6 
952,3.34239e-06,4.16929e-06,2.9456e-06,50,100,100,239848,2 10 9 11 3 7 1 0 8 5 4 6 
953,3.30516e-06,4.16929e-06,2.93721e-06,50,100,100,239848,2 10 9 11 3 7 1 0 8 5 4 6 
954,3.3271e-06,4.16929e-06,2.92878e-06,50,100,100,239848,2 10 9 11 3 7 1 0 8 5 4 6 
955,3.34813e-06,4.16929e-06,3.04067e-06,50,100,100,239848,2 10 9 11 3 7 1 0 8 5 4 6 
956,3.34389e-06,4.16929e-06,2.98544e-06,50,100,100,239848,2 10 9 11 3 7 1 0 8 5 4 6 
957,3.3351e-06,4.16929e-06,3.02672e-06,50,100,100,239848,2 10 9 11 3 7 1 0 8 5 4 6 
958,3.32842e-06,4.16929e-06,2.96053e-06,50,100,100,239848,2 10 9 11 3 7 1 0 8 5 4 6 
959,3.33781e-06,4.16929e-06,2.99305e-06,50,100,100,239848,2 10 9 11 3 7 1 0 8 5 4 6 
960,3.3368e-06,4.16929e-06,3.0254e-06,50,100,100,239848,2 10 9 11 3 7 1 0 8 5 4 6 
961,3.3637e-06,4.16929e-06,2.912e-06,50,100,100,239848,2 10 9 11 3 7 1 0 8 5 4 6 
962,3.3294e-06,4.16929e-06,2.94439e-06,50,100,100,239848,2 10 9 11 3 7 1 0 8 5 4 6 
963,3.30932e-06,4.16929e-06,2.96568e-06,50,100,100,239848,2 10 9 11 3 7 1 0 8 5 4 6 
964,3.29561e-06,4.16929e-06,2.92146e-06,50,100,100,239848,2 10 9 11 3 7 1 0 8 5 4 6 
965,3.32448e-06,4.16929e-06,2.93625e-06,50,100,100,239848,2 10 9 11 3 7 1 0 8 5 4 6 
966,3.3322e-06,4.16929e-06,2.97639e-06,50,100,100,239848,2 10 9 11 3 7 1 0 8 5 4 6 
967,3.31842e-06,4.16929e-06,2.98769e-06,50,100,100,239848,2 10 9 11 3 7 1 0 8 5 4 6 
968,3.33718e-06,4.16929e-06,2.93599e-06,50,100,100,239848,2 10 9 11 3 7 1 0 8 5 4 6 
969,3.33305e-06,4.16929e-06,2.9951e-06,50,100,100,239848,2 10 9 11 3 7 1 0 8 5 4 6 
970,3.31125e-06,4.16929e-06,2.97694e-06,50,100,100,239848,2 10 9 11 3 7 1 0 8 5 4 6 
971,3.31579e-06,4.16929e-06,3.00462e-06,50,100,100,239848,2 10 9 11 3 7 1 0 8 5 4 6 
972,3.32363e-06,4.16929e-06,2.98236e-06,50,100,100,239848,2 10 9 11 3 7 1 0 8 5 4 6 
973,3.31325e-06,4.16929e-06,3.02105e-06,50,100,100,239848,2 10 9 11 3 7 1 0 8 5 4 6 
974,3.31297e-06,4.16929e-06,2.98597e-06,50,100,100,239848,2 10 9 11 3 7 1 0 8 5 4 6 
975,3.3137e-06,4.16929e-06,2.94998e-06,50,100,100,239848,2 10 9 11 3 7 1 0 8 5 4 6 
976,3.30329e-06,4.16929e-06,2.93547e-06,50,100,100,239848,2 10 9 11 3 7 1 0 8 5 4 6 
977,3.28789e-06,4.16929e-06,2.95672e-06,50,100,100,239848,2 10 9 11 3 7 1 0 8 5 4 6 
978,3.31841e-06,4.16929e-06,2.98122e-06,50,100,100,239848,2 10 9 11 3 7 1 0 8 5 4 6 
979,3.28852e-06,4.16929e-06,2.8789e-06,50,100,100,239848,2 10 9 11 3 7 1 0 8 5 4 6 
980,3.30323e-06,4.16929e-06,2.98133e-06,50,100,100,239848,2 10 9 11 3 7 1 0 8 5 4 6 
981,3.32571e-06,4.16929e-06,3.00568e-06,50,100,100,239848,2 10 9 11 3 7 1 0 8 5 4 6 
982,3.3333e-06,4.16929e-06,2.96621e-06,50,100,100,239848,2 10 9 11 3 7 1 0 8 5 4 6 
983,3.3151e-06,4.16929e-06,2.95307e-06,50,100,100,239848,2 10 9 11 3 7 1 0 8 5 4 6 
984,3.3381e-06,4.16929e-06,3.01335e-06,50,100,100,239848,2 10 9 11 3 7 1 0 8 5 4 6 
985,3.32668e-06,4.16929e-06,2.97501e-06,50,100,100,239848,2 10 9 11 3 7 1 0 8 5 4 6 
986,3.34597e-06,4.16929e-06,2.98694e-06,50,100,100,239848,2 10 9 11 3 7 1 0 8 5 4 6 
987,3.31363e-06,4.16929e-06,2.96445e-06,50,100,100,239848,2 10 9 11 3 7 1 0 8 5 4 6 
988,3.33306e-06,4.16929e-06,2.9733e-06,50,100,100,239848,2 10 9 11 3 7 1 0 8 5 4 6 
989,3.31022e-06,4.16929e-06,2.93761e-06,50,100,100,239848,2 10 9 11 3 7 1 0 8 5 4 6 
990,3.32972e-06,4.16929e-06,3.00285e-06,50,100,100,239848,2 10 9 11 3 7 1 0 8 5 4 6 
991,3.35186e-06,4.16929e-06,3.00222e-06,50,100,100,239848,2 10 9 11 3 7 1 0 8 5 4 6 
992,3.33141e-06,4.16929e-06,2.96015e-06,50,100,100,239848,2 10 9 11 3 7 1 0 8 5 4 6 
993,3.32685e-06,4.16929e-06,2.9115e-06,50,100,100,239848,2 10 9 11 3 7 1 0 8 5 4 6 
994,3.3402e-06,4.16929e-06,3.02954e-06,50,100,100,239848,2 10 9 11 3 7 1 0 8 5 4 6 
995,3.31555e-06,4.16929e-06,3.02993e-06,50,100,100,239848,2 10 9 11 3 7 1 0 8 5 4 6 
996,3.34629e-06,4.16929e-06,2.98435e-06,50,100,100,239848,2 10 9 11 3 7 1 0 8 5 4 6 
997,3.32559e-06,4.16929e-06,2.99141e-06,50,100,100,239848,2 10 9 11 3 7 1 0 8 5 4 6 
998,3.36001e-06,4.16929e-06,3.00838e-06,50,100,100,239848,2 10 9 11 3 7 1 0 8 5 4 6 
999,3.32903e-06,4.16929e-06,3.00289e-06,50,100,100,239848,2 10 9 11 3 7 1 0 8 5 4 6 
