Generación,Media,Mejor,Peor,Cruzas,Mutaciones,Inversiones,Costo,Permutación
1,3.23957e-06,3.64181e-06,2.93313e-06,50,100,100,274588,1 11 2 5 8 6 0 9 10 3 4 7 
2,3.25891e-06,3.81736e-06,2.87928e-06,50,100,100,261960,10 8 6 0 5 7 1 11 9 4 2 3 
3,3.24148e-06,3.81736e-06,2.93406e-06,50,100,100,261960,10 8 6 0 5 7 1 11 9 4 2 3 
4,3.28266e-06,3.92802e-06,2.93306e-06,50,100,100,254580,3 8 6 0 5 7 1 11 9 4 2 10 
5,3.28146e-06,3.92802e-06,2.974e-06,50,100,100,254580,3 8 6 0 5 7 1 11 9 4 2 10 
6,3.29743e-06,3.92802e-06,2.94548e-06,50,100,100,254580,3 8 6 0 5 7 1 11 9 4 2 10 
7,3.27923e-06,3.92802e-06,2.97762e-06,50,100,100,254580,3 8 6 0 5 7 1 11 9 4 2 10 
8,3.27751e-06,3.92802e-06,2.95658e-06,50,100,100,254580,3 8 6 0 5 7 1 11 9 4 2 10 
9,3.29624e-06,3.92802e-06,2.95976e-06,50,100,100,254580,3 8 6 0 5 7 1 11 9 4 2 10 
10,3.28997e-06,3.92802e-06,2.93402e-06,50,100,100,254580,3 8 6 0 5 7 1 11 9 4 2 10 
11,3.28429e-06,3.98103e-06,2.98426e-06,50,100,100,251190,9 2 5 0 3 4 6 7 8 1 11 10 
12,3.28062e-06,3.98103e-06,2.95731e-06,50,100,100,251190,9 2 5 0 3 4 6 7 8 1 11 10 
13,3.29447e-06,3.98103e-06,2.89869e-06,50,100,100,251190,9 2 5 0 3 4 6 7 8 1 11 10 
14,3.30233e-06,3.98103e-06,2.97466e-06,50,100,100,251190,9 2 5 0 3 4 6 7 8 1 11 10 
15,3.2851e-06,3.98103e-06,2.9615e-06,50,100,100,251190,9 2 5 0 3 4 6 7 8 1 11 10 
16,3.28706e-06,3.98103e-06,2.93299e-06,50,100,100,251190,9 2 5 0 3 4 6 7 8 1 11 10 
17,3.28687e-06,3.98103e-06,2.96174e-06,50,100,100,251190,9 2 5 0 3 4 6 7 8 1 11 10 
18,3.31035e-06,3.98103e-06,2.95843e-06,50,100,100,251190,9 2 5 0 3 4 6 7 8 1 11 10 
19,3.28566e-06,3.98103e-06,2.94198e-06,50,100,100,251190,9 2 5 0 3 4 6 7 8 1 11 10 
20,3.30112e-06,3.98103e-06,3.01596e-06,50,100,100,251190,9 2 5 0 3 4 6 7 8 1 11 10 
21,3.30659e-06,3.98103e-06,2.97255e-06,50,100,100,251190,9 2 5 0 3 4 6 7 8 1 11 10 
22,3.31903e-06,3.98103e-06,3.02523e-06,50,100,100,251190,9 2 5 0 3 4 6 7 8 1 11 10 
23,3.2972e-06,3.98103e-06,2.96345e-06,50,100,100,251190,9 2 5 0 3 4 6 7 8 1 11 10 
24,3.32359e-06,3.98103e-06,2.9648e-06,50,100,100,251190,9 2 5 0 3 4 6 7 8 1 11 10 
25,3.30454e-06,3.98103e-06,3.04045e-06,50,100,100,251190,9 2 5 0 3 4 6 7 8 1 11 10 
26,3.3068e-06,3.98103e-06,2.94465e-06,50,100,100,251190,9 2 5 0 3 4 6 7 8 1 11 10 
27,3.29546e-06,3.98103e-06,2.97044e-06,50,100,100,251190,9 2 5 0 3 4 6 7 8 1 11 10 
28,3.32101e-06,3.98103e-06,2.90612e-06,50,100,100,251190,9 2 5 0 3 4 6 7 8 1 11 10 
29,3.32641e-06,3.98103e-06,2.99497e-06,50,100,100,251190,9 2 5 0 3 4 6 7 8 1 11 10 
30,3.31011e-06,3.98103e-06,2.97987e-06,50,100,100,251190,9 2 5 0 3 4 6 7 8 1 11 10 
31,3.28063e-06,3.98103e-06,2.89267e-06,50,100,100,251190,9 2 5 0 3 4 6 7 8 1 11 10 
32,3.27244e-06,3.98103e-06,2.87392e-06,50,100,100,251190,9 2 5 0 3 4 6 7 8 1 11 10 
33,3.28284e-06,3.98103e-06,2.95803e-06,50,100,100,251190,9 2 5 0 3 4 6 7 8 1 11 10 
34,3.29065e-06,3.98103e-06,2.95417e-06,50,100,100,251190,9 2 5 0 3 4 6 7 8 1 11 10 
35,3.30483e-06,3.98103e-06,2.93895e-06,50,100,100,251190,9 2 5 0 3 4 6 7 8 1 11 10 
36,3.30899e-06,3.98103e-06,3.01166e-06,50,100,100,251190,9 2 5 0 3 4 6 7 8 1 11 10 
37,3.29785e-06,3.98103e-06,2.9454e-06,50,100,100,251190,9 2 5 0 3 4 6 7 8 1 11 10 
38,3.2961e-06,3.98103e-06,2.99601e-06,50,100,100,251190,9 2 5 0 3 4 6 7 8 1 11 10 
39,3.33344e-06,3.98103e-06,2.94221e-06,50,100,100,251190,9 2 5 0 3 4 6 7 8 1 11 10 
40,3.31834e-06,3.98103e-06,2.9928e-06,50,100,100,251190,9 2 5 0 3 4 6 7 8 1 11 10 
41,3.33562e-06,3.98103e-06,3.01041e-06,50,100,100,251190,9 2 5 0 3 4 6 7 8 1 11 10 
42,3.32742e-06,3.98103e-06,2.9175e-06,50,100,100,251190,9 2 5 0 3 4 6 7 8 1 11 10 
43,3.31975e-06,3.98103e-06,3.00285e-06,50,100,100,251190,9 2 5 0 3 4 6 7 8 1 11 10 
44,3.32769e-06,3.98103e-06,3.00722e-06,50,100,100,251190,9 2 5 0 3 4 6 7 8 1 11 10 
45,3.32501e-06,3.98103e-06,2.97107e-06,50,100,100,251190,9 2 5 0 3 4 6 7 8 1 11 10 
46,3.35092e-06,3.98103e-06,2.9959e-06,50,100,100,251190,9 2 5 0 3 4 6 7 8 1 11 10 
47,3.33253e-06,3.98103e-06,2.93282e-06,50,100,100,251190,9 2 5 0 3 4 6 7 8 1 11 10 
48,3.31375e-06,3.98103e-06,3.00428e-06,50,100,100,251190,9 2 5 0 3 4 6 7 8 1 11 10 
49,3.32011e-06,3.98103e-06,2.94859e-06,50,100,100,251190,9 2 5 0 3 4 6 7 8 1 11 10 
50,3.32433e-06,3.98103e-06,2.91279e-06,50,100,100,251190,9 2 5 0 3 4 6 7 8 1 11 10 
51,3.28939e-06,3.98103e-06,2.93709e-06,50,100,100,251190,9 2 5 0 3 4 6 7 8 1 11 10 
52,3.30156e-06,3.98103e-06,2.96512e-06,50,100,100,251190,9 2 5 0 3 4 6 7 8 1 11 10 
53,3.3029e-06,3.98624e-06,3.00094e-06,50,100,100,250862,9 2 5 0 10 4 6 7 8 1 11 3 
54,3.32459e-06,3.98624e-06,3.00148e-06,50,100,100,250862,9 2 5 0 10 4 6 7 8 1 11 3 
55,3.34033e-06,3.98624e-06,2.83684e-06,50,100,100,250862,9 2 5 0 10 4 6 7 8 1 11 3 
56,3.33357e-06,3.98624e-06,2.96155e-06,50,100,100,250862,9 2 5 0 10 4 6 7 8 1 11 3 
57,3.31422e-06,3.98624e-06,2.9704e-06,50,100,100,250862,9 2 5 0 10 4 6 7 8 1 11 3 
58,3.33338e-06,3.98624e-06,3.04239e-06,50,100,100,250862,9 2 5 0 10 4 6 7 8 1 11 3 
59,3.28279e-06,3.98624e-06,2.94769e-06,50,100,100,250862,9 2 5 0 10 4 6 7 8 1 11 3 
60,3.30485e-06,3.98624e-06,2.92293e-06,50,100,100,250862,9 2 5 0 10 4 6 7 8 1 11 3 
61,3.32446e-06,3.98624e-06,3.0188e-06,50,100,100,250862,9 2 5 0 10 4 6 7 8 1 11 3 
62,3.32751e-06,3.98624e-06,3.01678e-06,50,100,100,250862,9 2 5 0 10 4 6 7 8 1 11 3 
63,3.33763e-06,3.98624e-06,2.98797e-06,50,100,100,250862,9 2 5 0 10 4 6 7 8 1 11 3 
64,3.32101e-06,3.98624e-06,2.96842e-06,50,100,100,250862,9 2 5 0 10 4 6 7 8 1 11 3 
65,3.35811e-06,3.98624e-06,3.03561e-06,50,100,100,250862,9 2 5 0 10 4 6 7 8 1 11 3 
66,3.30347e-06,3.98624e-06,2.96499e-06,50,100,100,250862,9 2 5 0 10 4 6 7 8 1 11 3 
67,3.29054e-06,3.98624e-06,2.94963e-06,50,100,100,250862,9 2 5 0 10 4 6 7 8 1 11 3 
68,3.31873e-06,3.98624e-06,2.94212e-06,50,100,100,250862,9 2 5 0 10 4 6 7 8 1 11 3 
69,3.2785e-06,3.98624e-06,2.9893e-06,50,100,100,250862,9 2 5 0 10 4 6 7 8 1 11 3 
70,3.28423e-06,3.98624e-06,2.8908e-06,50,100,100,250862,9 2 5 0 10 4 6 7 8 1 11 3 
71,3.29283e-06,3.98624e-06,3.00247e-06,50,100,100,250862,9 2 5 0 10 4 6 7 8 1 11 3 
72,3.32205e-06,3.98624e-06,2.92549e-06,50,100,100,250862,9 2 5 0 10 4 6 7 8 1 11 3 
73,3.31753e-06,3.98624e-06,3.03072e-06,50,100,100,250862,9 2 5 0 10 4 6 7 8 1 11 3 
74,3.33142e-06,4.06162e-06,2.98051e-06,50,100,100,246206,9 2 10 11 8 4 1 3 5 7 0 6 
75,3.30543e-06,4.06162e-06,2.95943e-06,50,100,100,246206,9 2 10 11 8 4 1 3 5 7 0 6 
76,3.30041e-06,4.06162e-06,2.99259e-06,50,100,100,246206,9 2 10 11 8 4 1 3 5 7 0 6 
77,3.30943e-06,4.06162e-06,2.94101e-06,50,100,100,246206,9 2 10 11 8 4 1 3 5 7 0 6 
78,3.3269e-06,4.06162e-06,2.98065e-06,50,100,100,246206,9 2 10 11 8 4 1 3 5 7 0 6 
79,3.28406e-06,4.06162e-06,2.94087e-06,50,100,100,246206,9 2 10 11 8 4 1 3 5 7 0 6 
80,3.31533e-06,4.06162e-06,3.00227e-06,50,100,100,246206,9 2 10 11 8 4 1 3 5 7 0 6 
81,3.29798e-06,4.06162e-06,2.9353e-06,50,100,100,246206,9 2 10 11 8 4 1 3 5 7 0 6 
82,3.32119e-06,4.06162e-06,2.97528e-06,50,100,100,246206,9 2 10 11 8 4 1 3 5 7 0 6 
83,3.30938e-06,4.06162e-06,2.99316e-06,50,100,100,246206,9 2 10 11 8 4 1 3 5 7 0 6 
84,3.3231e-06,4.06162e-06,2.97134e-06,50,100,100,246206,9 2 10 11 8 4 1 3 5 7 0 6 
85,3.30977e-06,4.06162e-06,3.00054e-06,50,100,100,246206,9 2 10 11 8 4 1 3 5 7 0 6 
86,3.31015e-06,4.06162e-06,2.93402e-06,50,100,100,246206,9 2 10 11 8 4 1 3 5 7 0 6 
87,3.30581e-06,4.06162e-06,2.93953e-06,50,100,100,246206,9 2 10 11 8 4 1 3 5 7 0 6 
88,3.2853e-06,4.06162e-06,2.96656e-06,50,100,100,246206,9 2 10 11 8 4 1 3 5 7 0 6 
89,3.30377e-06,4.06162e-06,2.93227e-06,50,100,100,246206,9 2 10 11 8 4 1 3 5 7 0 6 
90,3.29759e-06,4.06162e-06,2.97994e-06,50,100,100,246206,9 2 10 11 8 4 1 3 5 7 0 6 
91,3.32048e-06,4.06162e-06,2.92758e-06,50,100,100,246206,9 2 10 11 8 4 1 3 5 7 0 6 
92,3.34617e-06,4.06162e-06,2.98428e-06,50,100,100,246206,9 2 10 11 8 4 1 3 5 7 0 6 
93,3.29664e-06,4.06162e-06,3.02525e-06,50,100,100,246206,9 2 10 11 8 4 1 3 5 7 0 6 
94,3.31926e-06,4.06162e-06,2.95329e-06,50,100,100,246206,9 2 10 11 8 4 1 3 5 7 0 6 
95,3.32479e-06,4.06162e-06,2.96088e-06,50,100,100,246206,9 2 10 11 8 4 1 3 5 7 0 6 
96,3.35528e-06,4.06162e-06,2.9889e-06,50,100,100,246206,9 2 10 11 8 4 1 3 5 7 0 6 
97,3.3453e-06,4.06162e-06,3.02609e-06,50,100,100,246206,9 2 10 11 8 4 1 3 5 7 0 6 
98,3.33931e-06,4.06162e-06,2.97774e-06,50,100,100,246206,9 2 10 11 8 4 1 3 5 7 0 6 
99,3.34361e-06,4.06162e-06,2.91509e-06,50,100,100,246206,9 2 10 11 8 4 1 3 5 7 0 6 
100,3.32912e-06,4.06162e-06,3.01043e-06,50,100,100,246206,9 2 10 11 8 4 1 3 5 7 0 6 
101,3.34871e-06,4.11765e-06,2.9661e-06,50,100,100,242856,10 2 9 11 5 3 1 4 8 7 0 6 
102,3.36252e-06,4.11765e-06,2.98312e-06,50,100,100,242856,10 2 9 11 5 3 1 4 8 7 0 6 
103,3.38332e-06,4.11765e-06,2.99892e-06,50,100,100,242856,10 2 9 11 5 3 1 4 8 7 0 6 
104,3.36824e-06,4.11765e-06,2.89915e-06,50,100,100,242856,10 2 9 11 5 3 1 4 8 7 0 6 
105,3.37139e-06,4.11765e-06,3.00157e-06,50,100,100,242856,10 2 9 11 5 3 1 4 8 7 0 6 
106,3.35708e-06,4.11765e-06,3.02023e-06,50,100,100,242856,10 2 9 11 5 3 1 4 8 7 0 6 
107,3.34439e-06,4.11765e-06,3.02249e-06,50,100,100,242856,10 2 9 11 5 3 1 4 8 7 0 6 
108,3.35043e-06,4.11765e-06,3.03995e-06,50,100,100,242856,10 2 9 11 5 3 1 4 8 7 0 6 
109,3.34464e-06,4.11765e-06,2.92712e-06,50,100,100,242856,10 2 9 11 5 3 1 4 8 7 0 6 
110,3.37727e-06,4.11765e-06,3.03154e-06,50,100,100,242856,10 2 9 11 5 3 1 4 8 7 0 6 
111,3.35901e-06,4.11765e-06,3.00563e-06,50,100,100,242856,10 2 9 11 5 3 1 4 8 7 0 6 
112,3.35918e-06,4.11765e-06,3.02553e-06,50,100,100,242856,10 2 9 11 5 3 1 4 8 7 0 6 
113,3.36627e-06,4.11765e-06,2.95209e-06,50,100,100,242856,10 2 9 11 5 3 1 4 8 7 0 6 
114,3.37198e-06,4.11765e-06,2.9716e-06,50,100,100,242856,10 2 9 11 5 3 1 4 8 7 0 6 
115,3.37076e-06,4.11765e-06,2.97975e-06,50,100,100,242856,10 2 9 11 5 3 1 4 8 7 0 6 
116,3.35376e-06,4.11765e-06,2.96152e-06,50,100,100,242856,10 2 9 11 5 3 1 4 8 7 0 6 
117,3.32146e-06,4.11765e-06,2.93823e-06,50,100,100,242856,10 2 9 11 5 3 1 4 8 7 0 6 
118,3.32154e-06,4.11765e-06,2.94618e-06,50,100,100,242856,10 2 9 11 5 3 1 4 8 7 0 6 
119,3.34542e-06,4.11765e-06,3.01052e-06,50,100,100,242856,10 2 9 11 5 3 1 4 8 7 0 6 
120,3.38141e-06,4.11765e-06,2.92861e-06,50,100,100,242856,10 2 9 11 5 3 1 4 8 7 0 6 
121,3.35779e-06,4.11765e-06,2.93592e-06,50,100,100,242856,10 2 9 11 5 3 1 4 8 7 0 6 
122,3.3269e-06,4.11765e-06,2.95946e-06,50,100,100,242856,10 2 9 11 5 3 1 4 8 7 0 6 
123,3.31362e-06,4.11765e-06,2.94972e-06,50,100,100,242856,10 2 9 11 5 3 1 4 8 7 0 6 
124,3.30838e-06,4.11765e-06,2.94689e-06,50,100,100,242856,10 2 9 11 5 3 1 4 8 7 0 6 
125,3.39034e-06,4.11765e-06,3.0365e-06,50,100,100,242856,10 2 9 11 5 3 1 4 8 7 0 6 
126,3.33688e-06,4.11765e-06,2.9668e-06,50,100,100,242856,10 2 9 11 5 3 1 4 8 7 0 6 
127,3.37156e-06,4.11765e-06,3.02156e-06,50,100,100,242856,10 2 9 11 5 3 1 4 8 7 0 6 
128,3.36523e-06,4.11765e-06,3.01515e-06,50,100,100,242856,10 2 9 11 5 3 1 4 8 7 0 6 
129,3.3765e-06,4.11765e-06,3.02072e-06,50,100,100,242856,10 2 9 11 5 3 1 4 8 7 0 6 
130,3.36881e-06,4.11765e-06,3.00418e-06,50,100,100,242856,10 2 9 11 5 3 1 4 8 7 0 6 
131,3.36247e-06,4.11765e-06,2.94892e-06,50,100,100,242856,10 2 9 11 5 3 1 4 8 7 0 6 
132,3.31993e-06,4.11765e-06,2.9173e-06,50,100,100,242856,10 2 9 11 5 3 1 4 8 7 0 6 
133,3.3286e-06,4.11765e-06,3.06186e-06,50,100,100,242856,10 2 9 11 5 3 1 4 8 7 0 6 
134,3.34859e-06,4.11765e-06,3.01329e-06,50,100,100,242856,10 2 9 11 5 3 1 4 8 7 0 6 
135,3.35638e-06,4.11765e-06,2.93864e-06,50,100,100,242856,10 2 9 11 5 3 1 4 8 7 0 6 
136,3.33899e-06,4.11765e-06,2.94621e-06,50,100,100,242856,10 2 9 11 5 3 1 4 8 7 0 6 
137,3.31569e-06,4.11765e-06,2.97827e-06,50,100,100,242856,10 2 9 11 5 3 1 4 8 7 0 6 
138,3.32819e-06,4.11765e-06,2.97344e-06,50,100,100,242856,10 2 9 11 5 3 1 4 8 7 0 6 
139,3.33064e-06,4.11765e-06,2.95574e-06,50,100,100,242856,10 2 9 11 5 3 1 4 8 7 0 6 
140,3.33536e-06,4.11765e-06,2.99321e-06,50,100,100,242856,10 2 9 11 5 3 1 4 8 7 0 6 
141,3.34406e-06,4.11765e-06,3.04359e-06,50,100,100,242856,10 2 9 11 5 3 1 4 8 7 0 6 
142,3.3502e-06,4.11765e-06,3.00029e-06,50,100,100,242856,10 2 9 11 5 3 1 4 8 7 0 6 
143,3.33137e-06,4.11765e-06,2.96452e-06,50,100,100,242856,10 2 9 11 5 3 1 4 8 7 0 6 
144,3.3462e-06,4.11765e-06,3.02872e-06,50,100,100,242856,10 2 9 11 5 3 1 4 8 7 0 6 
145,3.34947e-06,4.11765e-06,2.97111e-06,50,100,100,242856,10 2 9 11 5 3 1 4 8 7 0 6 
146,3.33047e-06,4.11765e-06,3.03226e-06,50,100,100,242856,10 2 9 11 5 3 1 4 8 7 0 6 
147,3.35684e-06,4.11765e-06,3.02697e-06,50,100,100,242856,10 2 9 11 5 3 1 4 8 7 0 6 
148,3.33746e-06,4.11765e-06,2.97895e-06,50,100,100,242856,10 2 9 11 5 3 1 4 8 7 0 6 
149,3.30345e-06,4.11765e-06,2.97627e-06,50,100,100,242856,10 2 9 11 5 3 1 4 8 7 0 6 
150,3.31766e-06,4.11765e-06,2.97015e-06,50,100,100,242856,10 2 9 11 5 3 1 4 8 7 0 6 
151,3.32477e-06,4.11765e-06,2.95127e-06,50,100,100,242856,10 2 9 11 5 3 1 4 8 7 0 6 
152,3.34751e-06,4.11765e-06,2.99826e-06,50,100,100,242856,10 2 9 11 5 3 1 4 8 7 0 6 
153,3.33963e-06,4.11765e-06,3.01484e-06,50,100,100,242856,10 2 9 11 5 3 1 4 8 7 0 6 
154,3.29793e-06,4.11765e-06,2.95038e-06,50,100,100,242856,10 2 9 11 5 3 1 4 8 7 0 6 
155,3.30413e-06,4.11765e-06,2.99056e-06,50,100,100,242856,10 2 9 11 5 3 1 4 8 7 0 6 
156,3.28907e-06,4.11765e-06,2.992e-06,50,100,100,242856,10 2 9 11 5 3 1 4 8 7 0 6 
157,3.33102e-06,4.11765e-06,2.95689e-06,50,100,100,242856,10 2 9 11 5 3 1 4 8 7 0 6 
158,3.33282e-06,4.13488e-06,2.96865e-06,50,100,100,241844,10 11 9 0 3 8 4 5 1 7 2 6 
159,3.3283e-06,4.13488e-06,2.93251e-06,50,100,100,241844,10 11 9 0 3 8 4 5 1 7 2 6 
160,3.31247e-06,4.13488e-06,3.01962e-06,50,100,100,241844,10 11 9 0 3 8 4 5 1 7 2 6 
161,3.30769e-06,4.13488e-06,2.94911e-06,50,100,100,241844,10 11 9 0 3 8 4 5 1 7 2 6 
162,3.29957e-06,4.13488e-06,2.94167e-06,50,100,100,241844,10 11 9 0 3 8 4 5 1 7 2 6 
163,3.29699e-06,4.13488e-06,3.03316e-06,50,100,100,241844,10 11 9 0 3 8 4 5 1 7 2 6 
164,3.3022e-06,4.13488e-06,2.95185e-06,50,100,100,241844,10 11 9 0 3 8 4 5 1 7 2 6 
165,3.30763e-06,4.13488e-06,2.90315e-06,50,100,100,241844,10 11 9 0 3 8 4 5 1 7 2 6 
166,3.3186e-06,4.13488e-06,2.91982e-06,50,100,100,241844,10 11 9 0 3 8 4 5 1 7 2 6 
167,3.32063e-06,4.13488e-06,2.99599e-06,50,100,100,241844,10 11 9 0 3 8 4 5 1 7 2 6 
168,3.32598e-06,4.13488e-06,2.94285e-06,50,100,100,241844,10 11 9 0 3 8 4 5 1 7 2 6 
169,3.36913e-06,4.13488e-06,3.0078e-06,50,100,100,241844,10 11 9 0 3 8 4 5 1 7 2 6 
170,3.3161e-06,4.13488e-06,3.01204e-06,50,100,100,241844,10 11 9 0 3 8 4 5 1 7 2 6 
171,3.3368e-06,4.13488e-06,2.97176e-06,50,100,100,241844,10 11 9 0 3 8 4 5 1 7 2 6 
172,3.35081e-06,4.13488e-06,2.9652e-06,50,100,100,241844,10 11 9 0 3 8 4 5 1 7 2 6 
173,3.35301e-06,4.13488e-06,2.93452e-06,50,100,100,241844,10 11 9 0 3 8 4 5 1 7 2 6 
174,3.34771e-06,4.13488e-06,3.06872e-06,50,100,100,241844,10 11 9 0 3 8 4 5 1 7 2 6 
175,3.33352e-06,4.13488e-06,2.93621e-06,50,100,100,241844,10 11 9 0 3 8 4 5 1 7 2 6 
176,3.33997e-06,4.13488e-06,3.03397e-06,50,100,100,241844,10 11 9 0 3 8 4 5 1 7 2 6 
177,3.34375e-06,4.13488e-06,2.98533e-06,50,100,100,241844,10 11 9 0 3 8 4 5 1 7 2 6 
178,3.35662e-06,4.13488e-06,3.06012e-06,50,100,100,241844,10 11 9 0 3 8 4 5 1 7 2 6 
179,3.31815e-06,4.13488e-06,2.99039e-06,50,100,100,241844,10 11 9 0 3 8 4 5 1 7 2 6 
180,3.33546e-06,4.13488e-06,2.96043e-06,50,100,100,241844,10 11 9 0 3 8 4 5 1 7 2 6 
181,3.35934e-06,4.13488e-06,2.99646e-06,50,100,100,241844,10 11 9 0 3 8 4 5 1 7 2 6 
182,3.34195e-06,4.13488e-06,3.00431e-06,50,100,100,241844,10 11 9 0 3 8 4 5 1 7 2 6 
183,3.3307e-06,4.13488e-06,2.97799e-06,50,100,100,241844,10 11 9 0 3 8 4 5 1 7 2 6 
184,3.351e-06,4.13488e-06,2.95957e-06,50,100,100,241844,10 11 9 0 3 8 4 5 1 7 2 6 
185,3.33956e-06,4.13488e-06,2.99596e-06,50,100,100,241844,10 11 9 0 3 8 4 5 1 7 2 6 
186,3.34463e-06,4.13488e-06,2.99357e-06,50,100,100,241844,10 11 9 0 3 8 4 5 1 7 2 6 
187,3.3522e-06,4.13488e-06,3.03134e-06,50,100,100,241844,10 11 9 0 3 8 4 5 1 7 2 6 
188,3.39428e-06,4.13488e-06,3.014e-06,50,100,100,241844,10 11 9 0 3 8 4 5 1 7 2 6 
189,3.37057e-06,4.13488e-06,2.96434e-06,50,100,100,241844,10 11 9 0 3 8 4 5 1 7 2 6 
190,3.37233e-06,4.17762e-06,2.97533e-06,50,100,100,239370,4 11 9 0 8 3 10 5 1 7 2 6 
191,3.42187e-06,4.17762e-06,3.04389e-06,50,100,100,239370,4 11 9 0 8 3 10 5 1 7 2 6 
192,3.39551e-06,4.17762e-06,3.00218e-06,50,100,100,239370,4 11 9 0 8 3 10 5 1 7 2 6 
193,3.3886e-06,4.17762e-06,2.97059e-06,50,100,100,239370,4 11 9 0 8 3 10 5 1 7 2 6 
194,3.41149e-06,4.17762e-06,3.02582e-06,50,100,100,239370,4 11 9 0 8 3 10 5 1 7 2 6 
195,3.39758e-06,4.17762e-06,3.02694e-06,50,100,100,239370,4 11 9 0 8 3 10 5 1 7 2 6 
196,3.41742e-06,4.17762e-06,2.98856e-06,50,100,100,239370,4 11 9 0 8 3 10 5 1 7 2 6 
197,3.44936e-06,4.17762e-06,3.06188e-06,50,100,100,239370,4 11 9 0 8 3 10 5 1 7 2 6 
198,3.45305e-06,4.2206e-06,3.02901e-06,50,100,100,236932,10 11 3 0 8 9 4 1 7 5 2 6 
199,3.46446e-06,4.2206e-06,3.01975e-06,50,100,100,236932,10 11 3 0 8 9 4 1 7 5 2 6 
200,3.46724e-06,4.2206e-06,3.0776e-06,50,100,100,236932,10 11 3 0 8 9 4 1 7 5 2 6 
201,3.44521e-06,4.2206e-06,2.86672e-06,50,100,100,236932,10 11 3 0 8 9 4 1 7 5 2 6 
202,3.45494e-06,4.2206e-06,3.01253e-06,50,100,100,236932,10 11 3 0 8 9 4 1 7 5 2 6 
203,3.46279e-06,4.2206e-06,3.03248e-06,50,100,100,236932,10 11 3 0 8 9 4 1 7 5 2 6 
204,3.46969e-06,4.2206e-06,3.04976e-06,50,100,100,236932,10 11 3 0 8 9 4 1 7 5 2 6 
205,3.45155e-06,4.2206e-06,2.99732e-06,50,100,100,236932,10 11 3 0 8 9 4 1 7 5 2 6 
206,3.45566e-06,4.2206e-06,3.06815e-06,50,100,100,236932,10 11 3 0 8 9 4 1 7 5 2 6 
207,3.42966e-06,4.2206e-06,2.93055e-06,50,100,100,236932,10 11 3 0 8 9 4 1 7 5 2 6 
208,3.40127e-06,4.2206e-06,2.94769e-06,50,100,100,236932,10 11 3 0 8 9 4 1 7 5 2 6 
209,3.42298e-06,4.2206e-06,3.02147e-06,50,100,100,236932,10 11 3 0 8 9 4 1 7 5 2 6 
210,3.43449e-06,4.2206e-06,2.98259e-06,50,100,100,236932,10 11 3 0 8 9 4 1 7 5 2 6 
211,3.46185e-06,4.2206e-06,2.98026e-06,50,100,100,236932,10 11 3 0 8 9 4 1 7 5 2 6 
212,3.45386e-06,4.2206e-06,3.03439e-06,50,100,100,236932,10 11 3 0 8 9 4 1 7 5 2 6 
213,3.44733e-06,4.2206e-06,3.04291e-06,50,100,100,236932,10 11 3 0 8 9 4 1 7 5 2 6 
214,3.42462e-06,4.2206e-06,3.07997e-06,50,100,100,236932,10 11 3 0 8 9 4 1 7 5 2 6 
215,3.43544e-06,4.33454e-06,3.11619e-06,50,100,100,230704,10 11 3 0 1 9 4 8 7 5 2 6 
216,3.47004e-06,4.33454e-06,3.0275e-06,50,100,100,230704,10 11 3 0 1 9 4 8 7 5 2 6 
217,3.44047e-06,4.33454e-06,3.05768e-06,50,100,100,230704,10 11 3 0 1 9 4 8 7 5 2 6 
218,3.41858e-06,4.33454e-06,3.0383e-06,50,100,100,230704,10 11 3 0 1 9 4 8 7 5 2 6 
219,3.44836e-06,4.33454e-06,3.11634e-06,50,100,100,230704,10 11 3 0 1 9 4 8 7 5 2 6 
220,3.46348e-06,4.33454e-06,2.93795e-06,50,100,100,230704,10 11 3 0 1 9 4 8 7 5 2 6 
221,3.46687e-06,4.33454e-06,3.05813e-06,50,100,100,230704,10 11 3 0 1 9 4 8 7 5 2 6 
222,3.4919e-06,4.33454e-06,3.01106e-06,50,100,100,230704,10 11 3 0 1 9 4 8 7 5 2 6 
223,3.53566e-06,4.33454e-06,3.07038e-06,50,100,100,230704,10 11 3 0 1 9 4 8 7 5 2 6 
224,3.54742e-06,4.33454e-06,3.09149e-06,50,100,100,230704,10 11 3 0 1 9 4 8 7 5 2 6 
225,3.52764e-06,4.33454e-06,3.06778e-06,50,100,100,230704,10 11 3 0 1 9 4 8 7 5 2 6 
226,3.53177e-06,4.33454e-06,3.09093e-06,50,100,100,230704,10 11 3 0 1 9 4 8 7 5 2 6 
227,3.51736e-06,4.33454e-06,3.10618e-06,50,100,100,230704,10 11 3 0 1 9 4 8 7 5 2 6 
228,3.52421e-06,4.33454e-06,3.0862e-06,50,100,100,230704,10 11 3 0 1 9 4 8 7 5 2 6 
229,3.55145e-06,4.33454e-06,3.02923e-06,50,100,100,230704,10 11 3 0 1 9 4 8 7 5 2 6 
230,3.56618e-06,4.33454e-06,3.05058e-06,50,100,100,230704,10 11 3 0 1 9 4 8 7 5 2 6 
231,3.55918e-06,4.33454e-06,3.01504e-06,50,100,100,230704,10 11 3 0 1 9 4 8 7 5 2 6 
232,3.50787e-06,4.33454e-06,3.0327e-06,50,100,100,230704,10 11 3 0 1 9 4 8 7 5 2 6 
233,3.50975e-06,4.33454e-06,3.04282e-06,50,100,100,230704,10 11 3 0 1 9 4 8 7 5 2 6 
234,3.57279e-06,4.33454e-06,3.05015e-06,50,100,100,230704,10 11 3 0 1 9 4 8 7 5 2 6 
235,3.54026e-06,4.33454e-06,3.04877e-06,50,100,100,230704,10 11 3 0 1 9 4 8 7 5 2 6 
236,3.53597e-06,4.33454e-06,3.07459e-06,50,100,100,230704,10 11 3 0 1 9 4 8 7 5 2 6 
237,3.54411e-06,4.33454e-06,3.03386e-06,50,100,100,230704,10 11 3 0 1 9 4 8 7 5 2 6 
238,3.60488e-06,4.33454e-06,3.08748e-06,50,100,100,230704,10 11 3 0 1 9 4 8 7 5 2 6 
239,3.61409e-06,4.33454e-06,3.09216e-06,50,100,100,230704,10 11 3 0 1 9 4 8 7 5 2 6 
240,3.64534e-06,4.33454e-06,2.99851e-06,50,100,100,230704,10 11 3 0 1 9 4 8 7 5 2 6 
241,3.66758e-06,4.33454e-06,2.97613e-06,50,100,100,230704,10 11 3 0 1 9 4 8 7 5 2 6 
242,3.69775e-06,4.33454e-06,3.08376e-06,50,100,100,230704,10 11 3 0 1 9 4 8 7 5 2 6 
243,3.75053e-06,4.33454e-06,3.0874e-06,50,100,100,230704,10 11 3 0 1 9 4 8 7 5 2 6 
244,3.6807e-06,4.33454e-06,3.0241e-06,50,100,100,230704,10 11 3 0 1 9 4 8 7 5 2 6 
245,3.75897e-06,4.33454e-06,3.1191e-06,50,100,100,230704,10 11 3 0 1 9 4 8 7 5 2 6 
246,3.76797e-06,4.33454e-06,3.03755e-06,50,100,100,230704,10 11 3 0 1 9 4 8 7 5 2 6 
247,3.78184e-06,4.33454e-06,3.01573e-06,50,100,100,230704,10 11 3 0 1 9 4 8 7 5 2 6 
248,3.75244e-06,4.33454e-06,3.03755e-06,50,100,100,230704,10 11 3 0 1 9 4 8 7 5 2 6 
249,3.67163e-06,4.33454e-06,2.94918e-06,50,100,100,230704,10 11 3 0 1 9 4 8 7 5 2 6 
250,3.77756e-06,4.33454e-06,3.01853e-06,50,100,100,230704,10 11 3 0 1 9 4 8 7 5 2 6 
251,3.77982e-06,4.33454e-06,3.06979e-06,50,100,100,230704,10 11 3 0 1 9 4 8 7 5 2 6 
252,3.7833e-06,4.33454e-06,3.09838e-06,50,100,100,230704,10 11 3 0 1 9 4 8 7 5 2 6 
253,3.7682e-06,4.33454e-06,3.07595e-06,50,100,100,230704,10 11 3 0 1 9 4 8 7 5 2 6 
254,3.73648e-06,4.33454e-06,3.08069e-06,50,100,100,230704,10 11 3 0 1 9 4 8 7 5 2 6 
255,3.80415e-06,4.33454e-06,3.17679e-06,50,100,100,230704,10 11 3 0 1 9 4 8 7 5 2 6 
256,3.78602e-06,4.33454e-06,3.06038e-06,50,100,100,230704,10 11 3 0 1 9 4 8 7 5 2 6 
257,3.80288e-06,4.33454e-06,3.13194e-06,50,100,100,230704,10 11 3 0 1 9 4 8 7 5 2 6 
258,3.74799e-06,4.33454e-06,2.98635e-06,50,100,100,230704,10 11 3 0 1 9 4 8 7 5 2 6 
259,3.71128e-06,4.33454e-06,3.03786e-06,50,100,100,230704,10 11 3 0 1 9 4 8 7 5 2 6 
260,3.6994e-06,4.33454e-06,3.06778e-06,50,100,100,230704,10 11 3 0 1 9 4 8 7 5 2 6 
261,3.7121e-06,4.33454e-06,3.10392e-06,50,100,100,230704,10 11 3 0 1 9 4 8 7 5 2 6 
262,3.70658e-06,4.33454e-06,3.05778e-06,50,100,100,230704,10 11 3 0 1 9 4 8 7 5 2 6 
263,3.68348e-06,4.33454e-06,3.09779e-06,50,100,100,230704,10 11 3 0 1 9 4 8 7 5 2 6 
264,3.70635e-06,4.33454e-06,3.14089e-06,50,100,100,230704,10 11 3 0 1 9 4 8 7 5 2 6 
265,3.70528e-06,4.33454e-06,3.09583e-06,50,100,100,230704,10 11 3 0 1 9 4 8 7 5 2 6 
266,3.66472e-06,4.33454e-06,3.03088e-06,50,100,100,230704,10 11 3 0 1 9 4 8 7 5 2 6 
267,3.74179e-06,4.33454e-06,3.06252e-06,50,100,100,230704,10 11 3 0 1 9 4 8 7 5 2 6 
268,3.73579e-06,4.33454e-06,3.11741e-06,50,100,100,230704,10 11 3 0 1 9 4 8 7 5 2 6 
269,3.68495e-06,4.33454e-06,3.03031e-06,50,100,100,230704,10 11 3 0 1 9 4 8 7 5 2 6 
270,3.70632e-06,4.33454e-06,3.00126e-06,50,100,100,230704,10 11 3 0 1 9 4 8 7 5 2 6 
271,3.78915e-06,4.33454e-06,3.09925e-06,50,100,100,230704,10 11 3 0 1 9 4 8 7 5 2 6 
272,3.69481e-06,4.33454e-06,2.98878e-06,50,100,100,230704,10 11 3 0 1 9 4 8 7 5 2 6 
273,3.68252e-06,4.33454e-06,3.0794e-06,50,100,100,230704,10 11 3 0 1 9 4 8 7 5 2 6 
274,3.66774e-06,4.33454e-06,3.0839e-06,50,100,100,230704,10 11 3 0 1 9 4 8 7 5 2 6 
275,3.68692e-06,4.33454e-06,3.02063e-06,50,100,100,230704,10 11 3 0 1 9 4 8 7 5 2 6 
276,3.65304e-06,4.33454e-06,3.03624e-06,50,100,100,230704,10 11 3 0 1 9 4 8 7 5 2 6 
277,3.61781e-06,4.33454e-06,3.07321e-06,50,100,100,230704,10 11 3 0 1 9 4 8 7 5 2 6 
278,3.60486e-06,4.33454e-06,3.00471e-06,50,100,100,230704,10 11 3 0 1 9 4 8 7 5 2 6 
279,3.61075e-06,4.33454e-06,3.08557e-06,50,100,100,230704,10 11 3 0 1 9 4 8 7 5 2 6 
280,3.58989e-06,4.33454e-06,3.00612e-06,50,100,100,230704,10 11 3 0 1 9 4 8 7 5 2 6 
281,3.63826e-06,4.33454e-06,3.05961e-06,50,100,100,230704,10 11 3 0 1 9 4 8 7 5 2 6 
282,3.64942e-06,4.33454e-06,3.04402e-06,50,100,100,230704,10 11 3 0 1 9 4 8 7 5 2 6 
283,3.63241e-06,4.33454e-06,2.97287e-06,50,100,100,230704,10 11 3 0 1 9 4 8 7 5 2 6 
284,3.68186e-06,4.33454e-06,3.03919e-06,50,100,100,230704,10 11 3 0 1 9 4 8 7 5 2 6 
285,3.69803e-06,4.33454e-06,3.05753e-06,50,100,100,230704,10 11 3 0 1 9 4 8 7 5 2 6 
286,3.70482e-06,4.33454e-06,3.04021e-06,50,100,100,230704,10 11 3 0 1 9 4 8 7 5 2 6 
287,3.71592e-06,4.33454e-06,3.12675e-06,50,100,100,230704,10 11 3 0 1 9 4 8 7 5 2 6 
288,3.6896e-06,4.33454e-06,3.04547e-06,50,100,100,230704,10 11 3 0 1 9 4 8 7 5 2 6 
289,3.70312e-06,4.33454e-06,3.0751e-06,50,100,100,230704,10 11 3 0 1 9 4 8 7 5 2 6 
290,3.68452e-06,4.33454e-06,3.01073e-06,50,100,100,230704,10 11 3 0 1 9 4 8 7 5 2 6 
291,3.6494e-06,4.33454e-06,3.12358e-06,50,100,100,230704,10 11 3 0 1 9 4 8 7 5 2 6 
292,3.64394e-06,4.33454e-06,3.07523e-06,50,100,100,230704,10 11 3 0 1 9 4 8 7 5 2 6 
293,3.72821e-06,4.33454e-06,3.11788e-06,50,100,100,230704,10 11 3 0 1 9 4 8 7 5 2 6 
294,3.75778e-06,4.33454e-06,3.02001e-06,50,100,100,230704,10 11 3 0 1 9 4 8 7 5 2 6 
295,3.69488e-06,4.33454e-06,3.05421e-06,50,100,100,230704,10 11 3 0 1 9 4 8 7 5 2 6 
296,3.70104e-06,4.33454e-06,3.01607e-06,50,100,100,230704,10 11 3 0 1 9 4 8 7 5 2 6 
297,3.69449e-06,4.33454e-06,3.06475e-06,50,100,100,230704,10 11 3 0 1 9 4 8 7 5 2 6 
298,3.6219e-06,4.33454e-06,3.03755e-06,50,100,100,230704,10 11 3 0 1 9 4 8 7 5 2 6 
299,3.65889e-06,4.33454e-06,3.03843e-06,50,100,100,230704,10 11 3 0 1 9 4 8 7 5 2 6 
300,3.62398e-06,4.33454e-06,3.12316e-06,50,100,100,230704,10 11 3 0 1 9 4 8 7 5 2 6 
301,3.65021e-06,4.33454e-06,3.06919e-06,50,100,100,230704,10 11 3 0 1 9 4 8 7 5 2 6 
302,3.69669e-06,4.33454e-06,3.08213e-06,50,100,100,230704,10 11 3 0 1 9 4 8 7 5 2 6 
303,3.65401e-06,4.33454e-06,3.0089e-06,50,100,100,230704,10 11 3 0 1 9 4 8 7 5 2 6 
304,3.65023e-06,4.33454e-06,2.96139e-06,50,100,100,230704,10 11 3 0 1 9 4 8 7 5 2 6 
305,3.64996e-06,4.33454e-06,3.06759e-06,50,100,100,230704,10 11 3 0 1 9 4 8 7 5 2 6 
306,3.67387e-06,4.33454e-06,3.04398e-06,50,100,100,230704,10 11 3 0 1 9 4 8 7 5 2 6 
307,3.68417e-06,4.33454e-06,3.1221e-06,50,100,100,230704,10 11 3 0 1 9 4 8 7 5 2 6 
308,3.73641e-06,4.33454e-06,2.97328e-06,50,100,100,230704,10 11 3 0 1 9 4 8 7 5 2 6 
309,3.60618e-06,4.33454e-06,2.98878e-06,50,100,100,230704,10 11 3 0 1 9 4 8 7 5 2 6 
310,3.64332e-06,4.33454e-06,3.10055e-06,50,100,100,230704,10 11 3 0 1 9 4 8 7 5 2 6 
311,3.66019e-06,4.33454e-06,3.08498e-06,50,100,100,230704,10 11 3 0 1 9 4 8 7 5 2 6 
312,3.64344e-06,4.33454e-06,3.07532e-06,50,100,100,230704,10 11 3 0 1 9 4 8 7 5 2 6 
313,3.6602e-06,4.33454e-06,3.03287e-06,50,100,100,230704,10 11 3 0 1 9 4 8 7 5 2 6 
314,3.6811e-06,4.33454e-06,3.07623e-06,50,100,100,230704,10 11 3 0 1 9 4 8 7 5 2 6 
315,3.70102e-06,4.33454e-06,3.05581e-06,50,100,100,230704,10 11 3 0 1 9 4 8 7 5 2 6 
316,3.74684e-06,4.33454e-06,3.01409e-06,50,100,100,230704,10 11 3 0 1 9 4 8 7 5 2 6 
317,3.66213e-06,4.33454e-06,3.09925e-06,50,100,100,230704,10 11 3 0 1 9 4 8 7 5 2 6 
318,3.69213e-06,4.33454e-06,2.98135e-06,50,100,100,230704,10 11 3 0 1 9 4 8 7 5 2 6 
319,3.74734e-06,4.33454e-06,2.96922e-06,50,100,100,230704,10 11 3 0 1 9 4 8 7 5 2 6 
320,3.72227e-06,4.33454e-06,2.99549e-06,50,100,100,230704,10 11 3 0 1 9 4 8 7 5 2 6 
321,3.63396e-06,4.33454e-06,3.03869e-06,50,100,100,230704,10 11 3 0 1 9 4 8 7 5 2 6 
322,3.59758e-06,4.33454e-06,3.03274e-06,50,100,100,230704,10 11 3 0 1 9 4 8 7 5 2 6 
323,3.62525e-06,4.33454e-06,2.98813e-06,50,100,100,230704,10 11 3 0 1 9 4 8 7 5 2 6 
324,3.7302e-06,4.33454e-06,3.08462e-06,50,100,100,230704,10 11 3 0 1 9 4 8 7 5 2 6 
325,3.69013e-06,4.33454e-06,3.06964e-06,50,100,100,230704,10 11 3 0 1 9 4 8 7 5 2 6 
326,3.64744e-06,4.33454e-06,3.07309e-06,50,100,100,230704,10 11 3 0 1 9 4 8 7 5 2 6 
327,3.69332e-06,4.33454e-06,3.01649e-06,50,100,100,230704,10 11 3 0 1 9 4 8 7 5 2 6 
328,3.65443e-06,4.33454e-06,3.09925e-06,50,100,100,230704,10 11 3 0 1 9 4 8 7 5 2 6 
329,3.69016e-06,4.33454e-06,2.98587e-06,50,100,100,230704,10 11 3 0 1 9 4 8 7 5 2 6 
330,3.67955e-06,4.33454e-06,3.05143e-06,50,100,100,230704,10 11 3 0 1 9 4 8 7 5 2 6 
331,3.64466e-06,4.33454e-06,2.96899e-06,50,100,100,230704,10 11 3 0 1 9 4 8 7 5 2 6 
332,3.72622e-06,4.33454e-06,3.07913e-06,50,100,100,230704,10 11 3 0 1 9 4 8 7 5 2 6 
333,3.68637e-06,4.33454e-06,2.97576e-06,50,100,100,230704,10 11 3 0 1 9 4 8 7 5 2 6 
334,3.66558e-06,4.33454e-06,2.89361e-06,50,100,100,230704,10 11 3 0 1 9 4 8 7 5 2 6 
335,3.71702e-06,4.33454e-06,3.03386e-06,50,100,100,230704,10 11 3 0 1 9 4 8 7 5 2 6 
336,3.67673e-06,4.33454e-06,3.05963e-06,50,100,100,230704,10 11 3 0 1 9 4 8 7 5 2 6 
337,3.69331e-06,4.33454e-06,3.09971e-06,50,100,100,230704,10 11 3 0 1 9 4 8 7 5 2 6 
338,3.64042e-06,4.33454e-06,3.01516e-06,50,100,100,230704,10 11 3 0 1 9 4 8 7 5 2 6 
339,3.65793e-06,4.33454e-06,3.10649e-06,50,100,100,230704,10 11 3 0 1 9 4 8 7 5 2 6 
340,3.64114e-06,4.33454e-06,3.15347e-06,50,100,100,230704,10 11 3 0 1 9 4 8 7 5 2 6 
341,3.64845e-06,4.33454e-06,3.05684e-06,50,100,100,230704,10 11 3 0 1 9 4 8 7 5 2 6 
342,3.7443e-06,4.33454e-06,3.19353e-06,50,100,100,230704,10 11 3 0 1 9 4 8 7 5 2 6 
343,3.74863e-06,4.33454e-06,3.01667e-06,50,100,100,230704,10 11 3 0 1 9 4 8 7 5 2 6 
344,3.81295e-06,4.33454e-06,3.0466e-06,50,100,100,230704,10 11 3 0 1 9 4 8 7 5 2 6 
345,3.74658e-06,4.33454e-06,3.00793e-06,50,100,100,230704,10 11 3 0 1 9 4 8 7 5 2 6 
346,3.71245e-06,4.33454e-06,3.01631e-06,50,100,100,230704,10 11 3 0 1 9 4 8 7 5 2 6 
347,3.72102e-06,4.33454e-06,3.07047e-06,50,100,100,230704,10 11 3 0 1 9 4 8 7 5 2 6 
348,3.7694e-06,4.33454e-06,3.09646e-06,50,100,100,230704,10 11 3 0 1 9 4 8 7 5 2 6 
349,3.75698e-06,4.33454e-06,3.08338e-06,50,100,100,230704,10 11 3 0 1 9 4 8 7 5 2 6 
350,3.76145e-06,4.33454e-06,3.08805e-06,50,100,100,230704,10 11 3 0 1 9 4 8 7 5 2 6 
351,3.73496e-06,4.33454e-06,2.95673e-06,50,100,100,230704,10 11 3 0 1 9 4 8 7 5 2 6 
352,3.77796e-06,4.33454e-06,3.1526e-06,50,100,100,230704,10 11 3 0 1 9 4 8 7 5 2 6 
353,3.76068e-06,4.33454e-06,2.98215e-06,50,100,100,230704,10 11 3 0 1 9 4 8 7 5 2 6 
354,3.68129e-06,4.33454e-06,2.92328e-06,50,100,100,230704,10 11 3 0 1 9 4 8 7 5 2 6 
355,3.69344e-06,4.33454e-06,3.01835e-06,50,100,100,230704,10 11 3 0 1 9 4 8 7 5 2 6 
356,3.75941e-06,4.33454e-06,2.93401e-06,50,100,100,230704,10 11 3 0 1 9 4 8 7 5 2 6 
357,3.74827e-06,4.33454e-06,3.04187e-06,50,100,100,230704,10 11 3 0 1 9 4 8 7 5 2 6 
358,3.76353e-06,4.33454e-06,3.13947e-06,50,100,100,230704,10 11 3 0 1 9 4 8 7 5 2 6 
359,3.70985e-06,4.33454e-06,3.00758e-06,50,100,100,230704,10 11 3 0 1 9 4 8 7 5 2 6 
360,3.69425e-06,4.33454e-06,3.0811e-06,50,100,100,230704,10 11 3 0 1 9 4 8 7 5 2 6 
361,3.67288e-06,4.33454e-06,3.12376e-06,50,100,100,230704,10 11 3 0 1 9 4 8 7 5 2 6 
362,3.65169e-06,4.33454e-06,3.04991e-06,50,100,100,230704,10 11 3 0 1 9 4 8 7 5 2 6 
363,3.66391e-06,4.33454e-06,3.11173e-06,50,100,100,230704,10 11 3 0 1 9 4 8 7 5 2 6 
364,3.64731e-06,4.33454e-06,3.09589e-06,50,100,100,230704,10 11 3 0 1 9 4 8 7 5 2 6 
365,3.62675e-06,4.33454e-06,2.98526e-06,50,100,100,230704,10 11 3 0 1 9 4 8 7 5 2 6 
366,3.62837e-06,4.33454e-06,3.02776e-06,50,100,100,230704,10 11 3 0 1 9 4 8 7 5 2 6 
367,3.64114e-06,4.33454e-06,3.02895e-06,50,100,100,230704,10 11 3 0 1 9 4 8 7 5 2 6 
368,3.67886e-06,4.33454e-06,3.015e-06,50,100,100,230704,10 11 3 0 1 9 4 8 7 5 2 6 
369,3.68513e-06,4.33454e-06,3.04074e-06,50,100,100,230704,10 11 3 0 1 9 4 8 7 5 2 6 
370,3.65256e-06,4.33454e-06,2.97157e-06,50,100,100,230704,10 11 3 0 1 9 4 8 7 5 2 6 
371,3.72856e-06,4.33454e-06,3.14362e-06,50,100,100,230704,10 11 3 0 1 9 4 8 7 5 2 6 
372,3.68379e-06,4.33454e-06,3.07442e-06,50,100,100,230704,10 11 3 0 1 9 4 8 7 5 2 6 
373,3.67611e-06,4.33454e-06,3.01073e-06,50,100,100,230704,10 11 3 0 1 9 4 8 7 5 2 6 
374,3.72957e-06,4.33454e-06,3.01073e-06,50,100,100,230704,10 11 3 0 1 9 4 8 7 5 2 6 
375,3.66433e-06,4.33454e-06,2.99334e-06,50,100,100,230704,10 11 3 0 1 9 4 8 7 5 2 6 
376,3.64984e-06,4.33454e-06,3.01773e-06,50,100,100,230704,10 11 3 0 1 9 4 8 7 5 2 6 
377,3.67569e-06,4.33454e-06,3.06017e-06,50,100,100,230704,10 11 3 0 1 9 4 8 7 5 2 6 
378,3.64882e-06,4.33454e-06,3.10655e-06,50,100,100,230704,10 11 3 0 1 9 4 8 7 5 2 6 
379,3.63888e-06,4.33454e-06,2.98721e-06,50,100,100,230704,10 11 3 0 1 9 4 8 7 5 2 6 
380,3.66149e-06,4.33454e-06,3.15273e-06,50,100,100,230704,10 11 3 0 1 9 4 8 7 5 2 6 
381,3.63462e-06,4.33454e-06,3.06475e-06,50,100,100,230704,10 11 3 0 1 9 4 8 7 5 2 6 
382,3.6326e-06,4.33454e-06,3.06475e-06,50,100,100,230704,10 11 3 0 1 9 4 8 7 5 2 6 
383,3.63785e-06,4.33454e-06,3.07328e-06,50,100,100,230704,10 11 3 0 1 9 4 8 7 5 2 6 
384,3.54714e-06,4.33454e-06,3.0128e-06,50,100,100,230704,10 11 3 0 1 9 4 8 7 5 2 6 
385,3.543e-06,4.33454e-06,3.02584e-06,50,100,100,230704,10 11 3 0 1 9 4 8 7 5 2 6 
386,3.56103e-06,4.33454e-06,2.99503e-06,50,100,100,230704,10 11 3 0 1 9 4 8 7 5 2 6 
387,3.53118e-06,4.33454e-06,3.0107e-06,50,100,100,230704,10 11 3 0 1 9 4 8 7 5 2 6 
388,3.51366e-06,4.33454e-06,3.04141e-06,50,100,100,230704,10 11 3 0 1 9 4 8 7 5 2 6 
389,3.52971e-06,4.33454e-06,3.02041e-06,50,100,100,230704,10 11 3 0 1 9 4 8 7 5 2 6 
390,3.54695e-06,4.33454e-06,3.08927e-06,50,100,100,230704,10 11 3 0 1 9 4 8 7 5 2 6 
391,3.59198e-06,4.33454e-06,3.10265e-06,50,100,100,230704,10 11 3 0 1 9 4 8 7 5 2 6 
392,3.59432e-06,4.33454e-06,3.05621e-06,50,100,100,230704,10 11 3 0 1 9 4 8 7 5 2 6 
393,3.63943e-06,4.33454e-06,3.1437e-06,50,100,100,230704,10 11 3 0 1 9 4 8 7 5 2 6 
394,3.60754e-06,4.33454e-06,3.09925e-06,50,100,100,230704,10 11 3 0 1 9 4 8 7 5 2 6 
395,3.53132e-06,4.33454e-06,3.05802e-06,50,100,100,230704,10 11 3 0 1 9 4 8 7 5 2 6 
396,3.51553e-06,4.33454e-06,3.02361e-06,50,100,100,230704,10 11 3 0 1 9 4 8 7 5 2 6 
397,3.52259e-06,4.33454e-06,3.02408e-06,50,100,100,230704,10 11 3 0 1 9 4 8 7 5 2 6 
398,3.56255e-06,4.33454e-06,3.04799e-06,50,100,100,230704,10 11 3 0 1 9 4 8 7 5 2 6 
399,3.60192e-06,4.33454e-06,3.02776e-06,50,100,100,230704,10 11 3 0 1 9 4 8 7 5 2 6 
400,3.63963e-06,4.33454e-06,3.06015e-06,50,100,100,230704,10 11 3 0 1 9 4 8 7 5 2 6 
401,3.7184e-06,4.33454e-06,3.11361e-06,50,100,100,230704,10 11 3 0 1 9 4 8 7 5 2 6 
402,3.72881e-06,4.33454e-06,3.04545e-06,50,100,100,230704,10 11 3 0 1 9 4 8 7 5 2 6 
403,3.74805e-06,4.33454e-06,3.05458e-06,50,100,100,230704,10 11 3 0 1 9 4 8 7 5 2 6 
404,3.71503e-06,4.33454e-06,3.10229e-06,50,100,100,230704,10 11 3 0 1 9 4 8 7 5 2 6 
405,3.73851e-06,4.33454e-06,3.01706e-06,50,100,100,230704,10 11 3 0 1 9 4 8 7 5 2 6 
406,3.7077e-06,4.33454e-06,2.97482e-06,50,100,100,230704,10 11 3 0 1 9 4 8 7 5 2 6 
407,3.73644e-06,4.33454e-06,2.98197e-06,50,100,100,230704,10 11 3 0 1 9 4 8 7 5 2 6 
408,3.71618e-06,4.33454e-06,3.01478e-06,50,100,100,230704,10 11 3 0 1 9 4 8 7 5 2 6 
409,3.64903e-06,4.33454e-06,3.06926e-06,50,100,100,230704,10 11 3 0 1 9 4 8 7 5 2 6 
410,3.70031e-06,4.33454e-06,3.07669e-06,50,100,100,230704,10 11 3 0 1 9 4 8 7 5 2 6 
411,3.67907e-06,4.33454e-06,3.04052e-06,50,100,100,230704,10 11 3 0 1 9 4 8 7 5 2 6 
412,3.71164e-06,4.33454e-06,3.00456e-06,50,100,100,230704,10 11 3 0 1 9 4 8 7 5 2 6 
413,3.65298e-06,4.33454e-06,2.98254e-06,50,100,100,230704,10 11 3 0 1 9 4 8 7 5 2 6 
414,3.63659e-06,4.33454e-06,3.06092e-06,50,100,100,230704,10 11 3 0 1 9 4 8 7 5 2 6 
415,3.64944e-06,4.33454e-06,3.0417e-06,50,100,100,230704,10 11 3 0 1 9 4 8 7 5 2 6 
416,3.73194e-06,4.33454e-06,3.10055e-06,50,100,100,230704,10 11 3 0 1 9 4 8 7 5 2 6 
417,3.7339e-06,4.33454e-06,3.01944e-06,50,100,100,230704,10 11 3 0 1 9 4 8 7 5 2 6 
418,3.67779e-06,4.33454e-06,2.97494e-06,50,100,100,230704,10 11 3 0 1 9 4 8 7 5 2 6 
419,3.64823e-06,4.33454e-06,3.09925e-06,50,100,100,230704,10 11 3 0 1 9 4 8 7 5 2 6 
420,3.7065e-06,4.33454e-06,3.08508e-06,50,100,100,230704,10 11 3 0 1 9 4 8 7 5 2 6 
421,3.71812e-06,4.33454e-06,3.01828e-06,50,100,100,230704,10 11 3 0 1 9 4 8 7 5 2 6 
422,3.67419e-06,4.33454e-06,3.08319e-06,50,100,100,230704,10 11 3 0 1 9 4 8 7 5 2 6 
423,3.68806e-06,4.33454e-06,3.06027e-06,50,100,100,230704,10 11 3 0 1 9 4 8 7 5 2 6 
424,3.68464e-06,4.33454e-06,3.0415e-06,50,100,100,230704,10 11 3 0 1 9 4 8 7 5 2 6 
425,3.67877e-06,4.33454e-06,2.97494e-06,50,100,100,230704,10 11 3 0 1 9 4 8 7 5 2 6 
426,3.71101e-06,4.33454e-06,3.06883e-06,50,100,100,230704,10 11 3 0 1 9 4 8 7 5 2 6 
427,3.62737e-06,4.33454e-06,3.03521e-06,50,100,100,230704,10 11 3 0 1 9 4 8 7 5 2 6 
428,3.6946e-06,4.33454e-06,3.08752e-06,50,100,100,230704,10 11 3 0 1 9 4 8 7 5 2 6 
429,3.71694e-06,4.33454e-06,3.14129e-06,50,100,100,230704,10 11 3 0 1 9 4 8 7 5 2 6 
430,3.68723e-06,4.33454e-06,3.06302e-06,50,100,100,230704,10 11 3 0 1 9 4 8 7 5 2 6 
431,3.74714e-06,4.33454e-06,3.10979e-06,50,100,100,230704,10 11 3 0 1 9 4 8 7 5 2 6 
432,3.71886e-06,4.33454e-06,3.01838e-06,50,100,100,230704,10 11 3 0 1 9 4 8 7 5 2 6 
433,3.67662e-06,4.33454e-06,3.05139e-06,50,100,100,230704,10 11 3 0 1 9 4 8 7 5 2 6 
434,3.68497e-06,4.33454e-06,2.98878e-06,50,100,100,230704,10 11 3 0 1 9 4 8 7 5 2 6 
435,3.72677e-06,4.33454e-06,3.10358e-06,50,100,100,230704,10 11 3 0 1 9 4 8 7 5 2 6 
436,3.71997e-06,4.33454e-06,3.06351e-06,50,100,100,230704,10 11 3 0 1 9 4 8 7 5 2 6 
437,3.72516e-06,4.33454e-06,3.09139e-06,50,100,100,230704,10 11 3 0 1 9 4 8 7 5 2 6 
438,3.65733e-06,4.33454e-06,3.08466e-06,50,100,100,230704,10 11 3 0 1 9 4 8 7 5 2 6 
439,3.70095e-06,4.33454e-06,3.11895e-06,50,100,100,230704,10 11 3 0 1 9 4 8 7 5 2 6 
440,3.71891e-06,4.33454e-06,3.0551e-06,50,100,100,230704,10 11 3 0 1 9 4 8 7 5 2 6 
441,3.71775e-06,4.33454e-06,3.07544e-06,50,100,100,230704,10 11 3 0 1 9 4 8 7 5 2 6 
442,3.69882e-06,4.33454e-06,3.05701e-06,50,100,100,230704,10 11 3 0 1 9 4 8 7 5 2 6 
443,3.67061e-06,4.33454e-06,3.0358e-06,50,100,100,230704,10 11 3 0 1 9 4 8 7 5 2 6 
444,3.68948e-06,4.33454e-06,3.05201e-06,50,100,100,230704,10 11 3 0 1 9 4 8 7 5 2 6 
445,3.72526e-06,4.33454e-06,3.11747e-06,50,100,100,230704,10 11 3 0 1 9 4 8 7 5 2 6 
446,3.66594e-06,4.33454e-06,3.05961e-06,50,100,100,230704,10 11 3 0 1 9 4 8 7 5 2 6 
447,3.69827e-06,4.33454e-06,3.00316e-06,50,100,100,230704,10 11 3 0 1 9 4 8 7 5 2 6 
448,3.7247e-06,4.33454e-06,3.11392e-06,50,100,100,230704,10 11 3 0 1 9 4 8 7 5 2 6 
449,3.70966e-06,4.33454e-06,3.03099e-06,50,100,100,230704,10 11 3 0 1 9 4 8 7 5 2 6 
450,3.72062e-06,4.33454e-06,3.03217e-06,50,100,100,230704,10 11 3 0 1 9 4 8 7 5 2 6 
451,3.66625e-06,4.33454e-06,3.03198e-06,50,100,100,230704,10 11 3 0 1 9 4 8 7 5 2 6 
452,3.69211e-06,4.33454e-06,3.12037e-06,50,100,100,230704,10 11 3 0 1 9 4 8 7 5 2 6 
453,3.68282e-06,4.33454e-06,3.07085e-06,50,100,100,230704,10 11 3 0 1 9 4 8 7 5 2 6 
454,3.6897e-06,4.33454e-06,3.13481e-06,50,100,100,230704,10 11 3 0 1 9 4 8 7 5 2 6 
455,3.7495e-06,4.33454e-06,3.04219e-06,50,100,100,230704,10 11 3 0 1 9 4 8 7 5 2 6 
456,3.73949e-06,4.33454e-06,3.04873e-06,50,100,100,230704,10 11 3 0 1 9 4 8 7 5 2 6 
457,3.73374e-06,4.33454e-06,3.03096e-06,50,100,100,230704,10 11 3 0 1 9 4 8 7 5 2 6 
458,3.71104e-06,4.33454e-06,3.0597e-06,50,100,100,230704,10 11 3 0 1 9 4 8 7 5 2 6 
459,3.74351e-06,4.33454e-06,3.08221e-06,50,100,100,230704,10 11 3 0 1 9 4 8 7 5 2 6 
460,3.79032e-06,4.33454e-06,3.07983e-06,50,100,100,230704,10 11 3 0 1 9 4 8 7 5 2 6 
461,3.73728e-06,4.33454e-06,2.98756e-06,50,100,100,230704,10 11 3 0 1 9 4 8 7 5 2 6 
462,3.76156e-06,4.33454e-06,2.96338e-06,50,100,100,230704,10 11 3 0 1 9 4 8 7 5 2 6 
463,3.72263e-06,4.33454e-06,3.05015e-06,50,100,100,230704,10 11 3 0 1 9 4 8 7 5 2 6 
464,3.7011e-06,4.33454e-06,3.14599e-06,50,100,100,230704,10 11 3 0 1 9 4 8 7 5 2 6 
465,3.74858e-06,4.33454e-06,3.17143e-06,50,100,100,230704,10 11 3 0 1 9 4 8 7 5 2 6 
466,3.7106e-06,4.33454e-06,3.0166e-06,50,100,100,230704,10 11 3 0 1 9 4 8 7 5 2 6 
467,3.73214e-06,4.33454e-06,3.01182e-06,50,100,100,230704,10 11 3 0 1 9 4 8 7 5 2 6 
468,3.74507e-06,4.33454e-06,3.1145e-06,50,100,100,230704,10 11 3 0 1 9 4 8 7 5 2 6 
469,3.79673e-06,4.33454e-06,3.15178e-06,50,100,100,230704,10 11 3 0 1 9 4 8 7 5 2 6 
470,3.77506e-06,4.33454e-06,3.03554e-06,50,100,100,230704,10 11 3 0 1 9 4 8 7 5 2 6 
471,3.69274e-06,4.33454e-06,3.0658e-06,50,100,100,230704,10 11 3 0 1 9 4 8 7 5 2 6 
472,3.78767e-06,4.33454e-06,3.06313e-06,50,100,100,230704,10 11 3 0 1 9 4 8 7 5 2 6 
473,3.77886e-06,4.33454e-06,3.09047e-06,50,100,100,230704,10 11 3 0 1 9 4 8 7 5 2 6 
474,3.68451e-06,4.33454e-06,3.11363e-06,50,100,100,230704,10 11 3 0 1 9 4 8 7 5 2 6 
475,3.73819e-06,4.33454e-06,3.09011e-06,50,100,100,230704,10 11 3 0 1 9 4 8 7 5 2 6 
476,3.75852e-06,4.33454e-06,3.07292e-06,50,100,100,230704,10 11 3 0 1 9 4 8 7 5 2 6 
477,3.78559e-06,4.33454e-06,3.08982e-06,50,100,100,230704,10 11 3 0 1 9 4 8 7 5 2 6 
478,3.75864e-06,4.33454e-06,3.15128e-06,50,100,100,230704,10 11 3 0 1 9 4 8 7 5 2 6 
479,3.72425e-06,4.33454e-06,3.09925e-06,50,100,100,230704,10 11 3 0 1 9 4 8 7 5 2 6 
480,3.74382e-06,4.33454e-06,3.08601e-06,50,100,100,230704,10 11 3 0 1 9 4 8 7 5 2 6 
481,3.75271e-06,4.33454e-06,3.10521e-06,50,100,100,230704,10 11 3 0 1 9 4 8 7 5 2 6 
482,3.72659e-06,4.33454e-06,3.01696e-06,50,100,100,230704,10 11 3 0 1 9 4 8 7 5 2 6 
483,3.7839e-06,4.33454e-06,3.10573e-06,50,100,100,230704,10 11 3 0 1 9 4 8 7 5 2 6 
484,3.71814e-06,4.33454e-06,3.03283e-06,50,100,100,230704,10 11 3 0 1 9 4 8 7 5 2 6 
485,3.69836e-06,4.33454e-06,3.03368e-06,50,100,100,230704,10 11 3 0 1 9 4 8 7 5 2 6 
486,3.69005e-06,4.33454e-06,3.10797e-06,50,100,100,230704,10 11 3 0 1 9 4 8 7 5 2 6 
487,3.68203e-06,4.33454e-06,3.09925e-06,50,100,100,230704,10 11 3 0 1 9 4 8 7 5 2 6 
488,3.66182e-06,4.33454e-06,2.98526e-06,50,100,100,230704,10 11 3 0 1 9 4 8 7 5 2 6 
489,3.65584e-06,4.33454e-06,3.03867e-06,50,100,100,230704,10 11 3 0 1 9 4 8 7 5 2 6 
490,3.69094e-06,4.33454e-06,3.07568e-06,50,100,100,230704,10 11 3 0 1 9 4 8 7 5 2 6 
491,3.67297e-06,4.33454e-06,3.05675e-06,50,100,100,230704,10 11 3 0 1 9 4 8 7 5 2 6 
492,3.60511e-06,4.33454e-06,3.05643e-06,50,100,100,230704,10 11 3 0 1 9 4 8 7 5 2 6 
493,3.61945e-06,4.33454e-06,3.00532e-06,50,100,100,230704,10 11 3 0 1 9 4 8 7 5 2 6 
494,3.59053e-06,4.33454e-06,3.08179e-06,50,100,100,230704,10 11 3 0 1 9 4 8 7 5 2 6 
495,3.59548e-06,4.33454e-06,3.09181e-06,50,100,100,230704,10 11 3 0 1 9 4 8 7 5 2 6 
496,3.58098e-06,4.33454e-06,3.02782e-06,50,100,100,230704,10 11 3 0 1 9 4 8 7 5 2 6 
497,3.64535e-06,4.33454e-06,3.08512e-06,50,100,100,230704,10 11 3 0 1 9 4 8 7 5 2 6 
498,3.61347e-06,4.33454e-06,3.11089e-06,50,100,100,230704,10 11 3 0 1 9 4 8 7 5 2 6 
499,3.64321e-06,4.33454e-06,3.02103e-06,50,100,100,230704,10 11 3 0 1 9 4 8 7 5 2 6 
500,3.69252e-06,4.33454e-06,3.04812e-06,50,100,100,230704,10 11 3 0 1 9 4 8 7 5 2 6 
501,3.66921e-06,4.33454e-06,3.05058e-06,50,100,100,230704,10 11 3 0 1 9 4 8 7 5 2 6 
502,3.68729e-06,4.33454e-06,3.00193e-06,50,100,100,230704,10 11 3 0 1 9 4 8 7 5 2 6 
503,3.64934e-06,4.33454e-06,3.00852e-06,50,100,100,230704,10 11 3 0 1 9 4 8 7 5 2 6 
504,3.68461e-06,4.33454e-06,3.11147e-06,50,100,100,230704,10 11 3 0 1 9 4 8 7 5 2 6 
505,3.66247e-06,4.33454e-06,3.05277e-06,50,100,100,230704,10 11 3 0 1 9 4 8 7 5 2 6 
506,3.68521e-06,4.33454e-06,3.04873e-06,50,100,100,230704,10 11 3 0 1 9 4 8 7 5 2 6 
507,3.72554e-06,4.33454e-06,3.06783e-06,50,100,100,230704,10 11 3 0 1 9 4 8 7 5 2 6 
508,3.71981e-06,4.33454e-06,3.06738e-06,50,100,100,230704,10 11 3 0 1 9 4 8 7 5 2 6 
509,3.62909e-06,4.33454e-06,3.01675e-06,50,100,100,230704,10 11 3 0 1 9 4 8 7 5 2 6 
510,3.67958e-06,4.33454e-06,3.04656e-06,50,100,100,230704,10 11 3 0 1 9 4 8 7 5 2 6 
511,3.67229e-06,4.33454e-06,3.08923e-06,50,100,100,230704,10 11 3 0 1 9 4 8 7 5 2 6 
512,3.70289e-06,4.33454e-06,3.12528e-06,50,100,100,230704,10 11 3 0 1 9 4 8 7 5 2 6 
513,3.70844e-06,4.33454e-06,3.10751e-06,50,100,100,230704,10 11 3 0 1 9 4 8 7 5 2 6 
514,3.66154e-06,4.33454e-06,3.10263e-06,50,100,100,230704,10 11 3 0 1 9 4 8 7 5 2 6 
515,3.63058e-06,4.33454e-06,3.03417e-06,50,100,100,230704,10 11 3 0 1 9 4 8 7 5 2 6 
516,3.63078e-06,4.33454e-06,3.0591e-06,50,100,100,230704,10 11 3 0 1 9 4 8 7 5 2 6 
517,3.65664e-06,4.33454e-06,3.04851e-06,50,100,100,230704,10 11 3 0 1 9 4 8 7 5 2 6 
518,3.55961e-06,4.33454e-06,3.0162e-06,50,100,100,230704,10 11 3 0 1 9 4 8 7 5 2 6 
519,3.60526e-06,4.33454e-06,3.02628e-06,50,100,100,230704,10 11 3 0 1 9 4 8 7 5 2 6 
520,3.63821e-06,4.33454e-06,3.10689e-06,50,100,100,230704,10 11 3 0 1 9 4 8 7 5 2 6 
521,3.65344e-06,4.33454e-06,3.04691e-06,50,100,100,230704,10 11 3 0 1 9 4 8 7 5 2 6 
522,3.64944e-06,4.33454e-06,3.05548e-06,50,100,100,230704,10 11 3 0 1 9 4 8 7 5 2 6 
523,3.67371e-06,4.33454e-06,3.03127e-06,50,100,100,230704,10 11 3 0 1 9 4 8 7 5 2 6 
524,3.64796e-06,4.33454e-06,3.04981e-06,50,100,100,230704,10 11 3 0 1 9 4 8 7 5 2 6 
525,3.67791e-06,4.33454e-06,3.05227e-06,50,100,100,230704,10 11 3 0 1 9 4 8 7 5 2 6 
526,3.62887e-06,4.33454e-06,3.06866e-06,50,100,100,230704,10 11 3 0 1 9 4 8 7 5 2 6 
527,3.60669e-06,4.33454e-06,3.08784e-06,50,100,100,230704,10 11 3 0 1 9 4 8 7 5 2 6 
528,3.59815e-06,4.33454e-06,3.07583e-06,50,100,100,230704,10 11 3 0 1 9 4 8 7 5 2 6 
529,3.65185e-06,4.33454e-06,3.0578e-06,50,100,100,230704,10 11 3 0 1 9 4 8 7 5 2 6 
530,3.67216e-06,4.33454e-06,3.09821e-06,50,100,100,230704,10 11 3 0 1 9 4 8 7 5 2 6 
531,3.65851e-06,4.33454e-06,3.16509e-06,50,100,100,230704,10 11 3 0 1 9 4 8 7 5 2 6 
532,3.64459e-06,4.33454e-06,3.10336e-06,50,100,100,230704,10 11 3 0 1 9 4 8 7 5 2 6 
533,3.66176e-06,4.33454e-06,3.03729e-06,50,100,100,230704,10 11 3 0 1 9 4 8 7 5 2 6 
534,3.70387e-06,4.33454e-06,3.03386e-06,50,100,100,230704,10 11 3 0 1 9 4 8 7 5 2 6 
535,3.71718e-06,4.33454e-06,3.05421e-06,50,100,100,230704,10 11 3 0 1 9 4 8 7 5 2 6 
536,3.73827e-06,4.33454e-06,3.16239e-06,50,100,100,230704,10 11 3 0 1 9 4 8 7 5 2 6 
537,3.72979e-06,4.33454e-06,3.03644e-06,50,100,100,230704,10 11 3 0 1 9 4 8 7 5 2 6 
538,3.72838e-06,4.33454e-06,3.07686e-06,50,100,100,230704,10 11 3 0 1 9 4 8 7 5 2 6 
539,3.72919e-06,4.33454e-06,3.09902e-06,50,100,100,230704,10 11 3 0 1 9 4 8 7 5 2 6 
540,3.74956e-06,4.33454e-06,3.0046e-06,50,100,100,230704,10 11 3 0 1 9 4 8 7 5 2 6 
541,3.82556e-06,4.33454e-06,3.14087e-06,50,100,100,230704,10 11 3 0 1 9 4 8 7 5 2 6 
542,3.77349e-06,4.33454e-06,3.11246e-06,50,100,100,230704,10 11 3 0 1 9 4 8 7 5 2 6 
543,3.74638e-06,4.33454e-06,2.99923e-06,50,100,100,230704,10 11 3 0 1 9 4 8 7 5 2 6 
544,3.73601e-06,4.33454e-06,3.11889e-06,50,100,100,230704,10 11 3 0 1 9 4 8 7 5 2 6 
545,3.70725e-06,4.33454e-06,3.02776e-06,50,100,100,230704,10 11 3 0 1 9 4 8 7 5 2 6 
546,3.72001e-06,4.33454e-06,3.11788e-06,50,100,100,230704,10 11 3 0 1 9 4 8 7 5 2 6 
547,3.76177e-06,4.33454e-06,3.01097e-06,50,100,100,230704,10 11 3 0 1 9 4 8 7 5 2 6 
548,3.74976e-06,4.33454e-06,3.05229e-06,50,100,100,230704,10 11 3 0 1 9 4 8 7 5 2 6 
549,3.73772e-06,4.33454e-06,2.98135e-06,50,100,100,230704,10 11 3 0 1 9 4 8 7 5 2 6 
550,3.73484e-06,4.33454e-06,3.09545e-06,50,100,100,230704,10 11 3 0 1 9 4 8 7 5 2 6 
551,3.7531e-06,4.33454e-06,3.10358e-06,50,100,100,230704,10 11 3 0 1 9 4 8 7 5 2 6 
552,3.68138e-06,4.33454e-06,3.09323e-06,50,100,100,230704,10 11 3 0 1 9 4 8 7 5 2 6 
553,3.66966e-06,4.33454e-06,3.00514e-06,50,100,100,230704,10 11 3 0 1 9 4 8 7 5 2 6 
554,3.72738e-06,4.33454e-06,3.07686e-06,50,100,100,230704,10 11 3 0 1 9 4 8 7 5 2 6 
555,3.69698e-06,4.33454e-06,3.04961e-06,50,100,100,230704,10 11 3 0 1 9 4 8 7 5 2 6 
556,3.69026e-06,4.33454e-06,3.09857e-06,50,100,100,230704,10 11 3 0 1 9 4 8 7 5 2 6 
557,3.6084e-06,4.33454e-06,2.99804e-06,50,100,100,230704,10 11 3 0 1 9 4 8 7 5 2 6 
558,3.61625e-06,4.33454e-06,2.95376e-06,50,100,100,230704,10 11 3 0 1 9 4 8 7 5 2 6 
559,3.61495e-06,4.33454e-06,3.1318e-06,50,100,100,230704,10 11 3 0 1 9 4 8 7 5 2 6 
560,3.60453e-06,4.33454e-06,2.9387e-06,50,100,100,230704,10 11 3 0 1 9 4 8 7 5 2 6 
561,3.59592e-06,4.33454e-06,2.9468e-06,50,100,100,230704,10 11 3 0 1 9 4 8 7 5 2 6 
562,3.61999e-06,4.33454e-06,3.08485e-06,50,100,100,230704,10 11 3 0 1 9 4 8 7 5 2 6 
563,3.6239e-06,4.33454e-06,3.07215e-06,50,100,100,230704,10 11 3 0 1 9 4 8 7 5 2 6 
564,3.69453e-06,4.33454e-06,3.07563e-06,50,100,100,230704,10 11 3 0 1 9 4 8 7 5 2 6 
565,3.61276e-06,4.33454e-06,3.02741e-06,50,100,100,230704,10 11 3 0 1 9 4 8 7 5 2 6 
566,3.65293e-06,4.33454e-06,3.11109e-06,50,100,100,230704,10 11 3 0 1 9 4 8 7 5 2 6 
567,3.61117e-06,4.33454e-06,3.14445e-06,50,100,100,230704,10 11 3 0 1 9 4 8 7 5 2 6 
568,3.58379e-06,4.33454e-06,3.09099e-06,50,100,100,230704,10 11 3 0 1 9 4 8 7 5 2 6 
569,3.59339e-06,4.33454e-06,3.07663e-06,50,100,100,230704,10 11 3 0 1 9 4 8 7 5 2 6 
570,3.61962e-06,4.33454e-06,3.05641e-06,50,100,100,230704,10 11 3 0 1 9 4 8 7 5 2 6 
571,3.64323e-06,4.33454e-06,3.02223e-06,50,100,100,230704,10 11 3 0 1 9 4 8 7 5 2 6 
572,3.65551e-06,4.33454e-06,2.98135e-06,50,100,100,230704,10 11 3 0 1 9 4 8 7 5 2 6 
573,3.6677e-06,4.33454e-06,3.08213e-06,50,100,100,230704,10 11 3 0 1 9 4 8 7 5 2 6 
574,3.62479e-06,4.33454e-06,3.14087e-06,50,100,100,230704,10 11 3 0 1 9 4 8 7 5 2 6 
575,3.64066e-06,4.33454e-06,3.12931e-06,50,100,100,230704,10 11 3 0 1 9 4 8 7 5 2 6 
576,3.68912e-06,4.33454e-06,3.03821e-06,50,100,100,230704,10 11 3 0 1 9 4 8 7 5 2 6 
577,3.73456e-06,4.33454e-06,2.98135e-06,50,100,100,230704,10 11 3 0 1 9 4 8 7 5 2 6 
578,3.70364e-06,4.33454e-06,3.09925e-06,50,100,100,230704,10 11 3 0 1 9 4 8 7 5 2 6 
579,3.74818e-06,4.33454e-06,3.11895e-06,50,100,100,230704,10 11 3 0 1 9 4 8 7 5 2 6 
580,3.67259e-06,4.33454e-06,3.05039e-06,50,100,100,230704,10 11 3 0 1 9 4 8 7 5 2 6 
581,3.7401e-06,4.33454e-06,3.09114e-06,50,100,100,230704,10 11 3 0 1 9 4 8 7 5 2 6 
582,3.69765e-06,4.33454e-06,3.0794e-06,50,100,100,230704,10 11 3 0 1 9 4 8 7 5 2 6 
583,3.70264e-06,4.33454e-06,3.03755e-06,50,100,100,230704,10 11 3 0 1 9 4 8 7 5 2 6 
584,3.73166e-06,4.33454e-06,3.09748e-06,50,100,100,230704,10 11 3 0 1 9 4 8 7 5 2 6 
585,3.71092e-06,4.33454e-06,3.04091e-06,50,100,100,230704,10 11 3 0 1 9 4 8 7 5 2 6 
586,3.74777e-06,4.33454e-06,3.11109e-06,50,100,100,230704,10 11 3 0 1 9 4 8 7 5 2 6 
587,3.71777e-06,4.33454e-06,3.06974e-06,50,100,100,230704,10 11 3 0 1 9 4 8 7 5 2 6 
588,3.74557e-06,4.33454e-06,3.16585e-06,50,100,100,230704,10 11 3 0 1 9 4 8 7 5 2 6 
589,3.73526e-06,4.33454e-06,3.13084e-06,50,100,100,230704,10 11 3 0 1 9 4 8 7 5 2 6 
590,3.7492e-06,4.33454e-06,3.18128e-06,50,100,100,230704,10 11 3 0 1 9 4 8 7 5 2 6 
591,3.79273e-06,4.33454e-06,3.20124e-06,50,100,100,230704,10 11 3 0 1 9 4 8 7 5 2 6 
592,3.71235e-06,4.33454e-06,3.08052e-06,50,100,100,230704,10 11 3 0 1 9 4 8 7 5 2 6 
593,3.66059e-06,4.33454e-06,2.97298e-06,50,100,100,230704,10 11 3 0 1 9 4 8 7 5 2 6 
594,3.55741e-06,4.33454e-06,2.98517e-06,50,100,100,230704,10 11 3 0 1 9 4 8 7 5 2 6 
595,3.59447e-06,4.33454e-06,2.87585e-06,50,100,100,230704,10 11 3 0 1 9 4 8 7 5 2 6 
596,3.63966e-06,4.33454e-06,3.03125e-06,50,100,100,230704,10 11 3 0 1 9 4 8 7 5 2 6 
597,3.6276e-06,4.33454e-06,3.05201e-06,50,100,100,230704,10 11 3 0 1 9 4 8 7 5 2 6 
598,3.64979e-06,4.33454e-06,3.03198e-06,50,100,100,230704,10 11 3 0 1 9 4 8 7 5 2 6 
599,3.67394e-06,4.33454e-06,3.03721e-06,50,100,100,230704,10 11 3 0 1 9 4 8 7 5 2 6 
600,3.73749e-06,4.33454e-06,3.04385e-06,50,100,100,230704,10 11 3 0 1 9 4 8 7 5 2 6 
601,3.73178e-06,4.33454e-06,3.06364e-06,50,100,100,230704,10 11 3 0 1 9 4 8 7 5 2 6 
602,3.73589e-06,4.33454e-06,3.04541e-06,50,100,100,230704,10 11 3 0 1 9 4 8 7 5 2 6 
603,3.79775e-06,4.33454e-06,3.10259e-06,50,100,100,230704,10 11 3 0 1 9 4 8 7 5 2 6 
604,3.74652e-06,4.33454e-06,3.07111e-06,50,100,100,230704,10 11 3 0 1 9 4 8 7 5 2 6 
605,3.78006e-06,4.33454e-06,3.22068e-06,50,100,100,230704,10 11 3 0 1 9 4 8 7 5 2 6 
606,3.75967e-06,4.33454e-06,2.99923e-06,50,100,100,230704,10 11 3 0 1 9 4 8 7 5 2 6 
607,3.75175e-06,4.33454e-06,3.05e-06,50,100,100,230704,10 11 3 0 1 9 4 8 7 5 2 6 
608,3.71047e-06,4.33454e-06,3.05233e-06,50,100,100,230704,10 11 3 0 1 9 4 8 7 5 2 6 
609,3.75142e-06,4.33454e-06,3.10358e-06,50,100,100,230704,10 11 3 0 1 9 4 8 7 5 2 6 
610,3.67215e-06,4.33454e-06,3.03309e-06,50,100,100,230704,10 11 3 0 1 9 4 8 7 5 2 6 
611,3.72016e-06,4.33454e-06,3.02952e-06,50,100,100,230704,10 11 3 0 1 9 4 8 7 5 2 6 
612,3.71325e-06,4.33454e-06,3.06964e-06,50,100,100,230704,10 11 3 0 1 9 4 8 7 5 2 6 
613,3.70308e-06,4.33454e-06,3.0649e-06,50,100,100,230704,10 11 3 0 1 9 4 8 7 5 2 6 
614,3.70351e-06,4.33454e-06,3.03895e-06,50,100,100,230704,10 11 3 0 1 9 4 8 7 5 2 6 
615,3.71347e-06,4.33454e-06,3.04771e-06,50,100,100,230704,10 11 3 0 1 9 4 8 7 5 2 6 
616,3.68991e-06,4.33454e-06,3.09738e-06,50,100,100,230704,10 11 3 0 1 9 4 8 7 5 2 6 
617,3.67668e-06,4.33454e-06,2.94918e-06,50,100,100,230704,10 11 3 0 1 9 4 8 7 5 2 6 
618,3.6835e-06,4.33454e-06,3.05421e-06,50,100,100,230704,10 11 3 0 1 9 4 8 7 5 2 6 
619,3.65168e-06,4.33454e-06,3.08316e-06,50,100,100,230704,10 11 3 0 1 9 4 8 7 5 2 6 
620,3.71042e-06,4.33454e-06,3.04846e-06,50,100,100,230704,10 11 3 0 1 9 4 8 7 5 2 6 
621,3.7034e-06,4.33454e-06,3.02804e-06,50,100,100,230704,10 11 3 0 1 9 4 8 7 5 2 6 
622,3.691e-06,4.33454e-06,3.08466e-06,50,100,100,230704,10 11 3 0 1 9 4 8 7 5 2 6 
623,3.68461e-06,4.33454e-06,3.09181e-06,50,100,100,230704,10 11 3 0 1 9 4 8 7 5 2 6 
624,3.70189e-06,4.33454e-06,3.0912e-06,50,100,100,230704,10 11 3 0 1 9 4 8 7 5 2 6 
625,3.61772e-06,4.33454e-06,2.95246e-06,50,100,100,230704,10 11 3 0 1 9 4 8 7 5 2 6 
626,3.69477e-06,4.33454e-06,3.02826e-06,50,100,100,230704,10 11 3 0 1 9 4 8 7 5 2 6 
627,3.69105e-06,4.33454e-06,3.05912e-06,50,100,100,230704,10 11 3 0 1 9 4 8 7 5 2 6 
628,3.74776e-06,4.33454e-06,3.06475e-06,50,100,100,230704,10 11 3 0 1 9 4 8 7 5 2 6 
629,3.69738e-06,4.33454e-06,3.04541e-06,50,100,100,230704,10 11 3 0 1 9 4 8 7 5 2 6 
630,3.69451e-06,4.33454e-06,3.08069e-06,50,100,100,230704,10 11 3 0 1 9 4 8 7 5 2 6 
631,3.66717e-06,4.33454e-06,3.0428e-06,50,100,100,230704,10 11 3 0 1 9 4 8 7 5 2 6 
632,3.66548e-06,4.33454e-06,3.02791e-06,50,100,100,230704,10 11 3 0 1 9 4 8 7 5 2 6 
633,3.64728e-06,4.33454e-06,3.03635e-06,50,100,100,230704,10 11 3 0 1 9 4 8 7 5 2 6 
634,3.73226e-06,4.33454e-06,3.14496e-06,50,100,100,230704,10 11 3 0 1 9 4 8 7 5 2 6 
635,3.70579e-06,4.33454e-06,3.03324e-06,50,100,100,230704,10 11 3 0 1 9 4 8 7 5 2 6 
636,3.61263e-06,4.33454e-06,3.07493e-06,50,100,100,230704,10 11 3 0 1 9 4 8 7 5 2 6 
637,3.65291e-06,4.33454e-06,2.9891e-06,50,100,100,230704,10 11 3 0 1 9 4 8 7 5 2 6 
638,3.69157e-06,4.33454e-06,3.03755e-06,50,100,100,230704,10 11 3 0 1 9 4 8 7 5 2 6 
639,3.7002e-06,4.33454e-06,3.0783e-06,50,100,100,230704,10 11 3 0 1 9 4 8 7 5 2 6 
640,3.69254e-06,4.33454e-06,3.16591e-06,50,100,100,230704,10 11 3 0 1 9 4 8 7 5 2 6 
641,3.70595e-06,4.33454e-06,3.0265e-06,50,100,100,230704,10 11 3 0 1 9 4 8 7 5 2 6 
642,3.72475e-06,4.33454e-06,3.07347e-06,50,100,100,230704,10 11 3 0 1 9 4 8 7 5 2 6 
643,3.73326e-06,4.33454e-06,3.03165e-06,50,100,100,230704,10 11 3 0 1 9 4 8 7 5 2 6 
644,3.75728e-06,4.33454e-06,3.00186e-06,50,100,100,230704,10 11 3 0 1 9 4 8 7 5 2 6 
645,3.74432e-06,4.33454e-06,2.9893e-06,50,100,100,230704,10 11 3 0 1 9 4 8 7 5 2 6 
646,3.73626e-06,4.33454e-06,3.04163e-06,50,100,100,230704,10 11 3 0 1 9 4 8 7 5 2 6 
647,3.70833e-06,4.33454e-06,3.06569e-06,50,100,100,230704,10 11 3 0 1 9 4 8 7 5 2 6 
648,3.75138e-06,4.33454e-06,3.01344e-06,50,100,100,230704,10 11 3 0 1 9 4 8 7 5 2 6 
649,3.69496e-06,4.33454e-06,3.03723e-06,50,100,100,230704,10 11 3 0 1 9 4 8 7 5 2 6 
650,3.68004e-06,4.33454e-06,3.11227e-06,50,100,100,230704,10 11 3 0 1 9 4 8 7 5 2 6 
651,3.71363e-06,4.33454e-06,3.04145e-06,50,100,100,230704,10 11 3 0 1 9 4 8 7 5 2 6 
652,3.73439e-06,4.33454e-06,3.00816e-06,50,100,100,230704,10 11 3 0 1 9 4 8 7 5 2 6 
653,3.7128e-06,4.33454e-06,3.0794e-06,50,100,100,230704,10 11 3 0 1 9 4 8 7 5 2 6 
654,3.69354e-06,4.33454e-06,3.01607e-06,50,100,100,230704,10 11 3 0 1 9 4 8 7 5 2 6 
655,3.69992e-06,4.33454e-06,3.06857e-06,50,100,100,230704,10 11 3 0 1 9 4 8 7 5 2 6 
656,3.75234e-06,4.33454e-06,3.07756e-06,50,100,100,230704,10 11 3 0 1 9 4 8 7 5 2 6 
657,3.75671e-06,4.33454e-06,3.07085e-06,50,100,100,230704,10 11 3 0 1 9 4 8 7 5 2 6 
658,3.74286e-06,4.33454e-06,3.07413e-06,50,100,100,230704,10 11 3 0 1 9 4 8 7 5 2 6 
659,3.7426e-06,4.33454e-06,3.11057e-06,50,100,100,230704,10 11 3 0 1 9 4 8 7 5 2 6 
660,3.6878e-06,4.33454e-06,2.9925e-06,50,100,100,230704,10 11 3 0 1 9 4 8 7 5 2 6 
661,3.65254e-06,4.33454e-06,3.05311e-06,50,100,100,230704,10 11 3 0 1 9 4 8 7 5 2 6 
662,3.63847e-06,4.33454e-06,3.00851e-06,50,100,100,230704,10 11 3 0 1 9 4 8 7 5 2 6 
663,3.7041e-06,4.33454e-06,3.14599e-06,50,100,100,230704,10 11 3 0 1 9 4 8 7 5 2 6 
664,3.67986e-06,4.33454e-06,3.04117e-06,50,100,100,230704,10 11 3 0 1 9 4 8 7 5 2 6 
665,3.66415e-06,4.33454e-06,3.03755e-06,50,100,100,230704,10 11 3 0 1 9 4 8 7 5 2 6 
666,3.7067e-06,4.33454e-06,3.04274e-06,50,100,100,230704,10 11 3 0 1 9 4 8 7 5 2 6 
667,3.73515e-06,4.33454e-06,3.06475e-06,50,100,100,230704,10 11 3 0 1 9 4 8 7 5 2 6 
668,3.71756e-06,4.33454e-06,3.07769e-06,50,100,100,230704,10 11 3 0 1 9 4 8 7 5 2 6 
669,3.72428e-06,4.33454e-06,3.03974e-06,50,100,100,230704,10 11 3 0 1 9 4 8 7 5 2 6 
670,3.66431e-06,4.33454e-06,3.05343e-06,50,100,100,230704,10 11 3 0 1 9 4 8 7 5 2 6 
671,3.67759e-06,4.33454e-06,3.07292e-06,50,100,100,230704,10 11 3 0 1 9 4 8 7 5 2 6 
672,3.62097e-06,4.33454e-06,3.03101e-06,50,100,100,230704,10 11 3 0 1 9 4 8 7 5 2 6 
673,3.6209e-06,4.33454e-06,2.98878e-06,50,100,100,230704,10 11 3 0 1 9 4 8 7 5 2 6 
674,3.66403e-06,4.33454e-06,3.00974e-06,50,100,100,230704,10 11 3 0 1 9 4 8 7 5 2 6 
675,3.72642e-06,4.33454e-06,3.02516e-06,50,100,100,230704,10 11 3 0 1 9 4 8 7 5 2 6 
676,3.66904e-06,4.33454e-06,3.07338e-06,50,100,100,230704,10 11 3 0 1 9 4 8 7 5 2 6 
677,3.6747e-06,4.33454e-06,3.00258e-06,50,100,100,230704,10 11 3 0 1 9 4 8 7 5 2 6 
678,3.74393e-06,4.33454e-06,3.099e-06,50,100,100,230704,10 11 3 0 1 9 4 8 7 5 2 6 
679,3.73847e-06,4.33454e-06,3.0929e-06,50,100,100,230704,10 11 3 0 1 9 4 8 7 5 2 6 
680,3.72278e-06,4.33454e-06,3.03781e-06,50,100,100,230704,10 11 3 0 1 9 4 8 7 5 2 6 
681,3.73811e-06,4.33454e-06,3.07442e-06,50,100,100,230704,10 11 3 0 1 9 4 8 7 5 2 6 
682,3.74043e-06,4.33454e-06,3.1184e-06,50,100,100,230704,10 11 3 0 1 9 4 8 7 5 2 6 
683,3.65595e-06,4.33454e-06,3.04435e-06,50,100,100,230704,10 11 3 0 1 9 4 8 7 5 2 6 
684,3.68164e-06,4.33454e-06,3.06368e-06,50,100,100,230704,10 11 3 0 1 9 4 8 7 5 2 6 
685,3.72123e-06,4.33454e-06,3.08432e-06,50,100,100,230704,10 11 3 0 1 9 4 8 7 5 2 6 
686,3.71071e-06,4.33454e-06,3.1145e-06,50,100,100,230704,10 11 3 0 1 9 4 8 7 5 2 6 
687,3.69413e-06,4.33454e-06,3.10516e-06,50,100,100,230704,10 11 3 0 1 9 4 8 7 5 2 6 
688,3.6876e-06,4.33454e-06,3.10558e-06,50,100,100,230704,10 11 3 0 1 9 4 8 7 5 2 6 
689,3.72008e-06,4.33454e-06,3.10327e-06,50,100,100,230704,10 11 3 0 1 9 4 8 7 5 2 6 
690,3.64558e-06,4.33454e-06,3.03386e-06,50,100,100,230704,10 11 3 0 1 9 4 8 7 5 2 6 
691,3.65738e-06,4.33454e-06,2.9944e-06,50,100,100,230704,10 11 3 0 1 9 4 8 7 5 2 6 
692,3.59405e-06,4.33454e-06,2.93401e-06,50,100,100,230704,10 11 3 0 1 9 4 8 7 5 2 6 
693,3.59227e-06,4.33454e-06,2.9787e-06,50,100,100,230704,10 11 3 0 1 9 4 8 7 5 2 6 
694,3.58446e-06,4.33454e-06,2.99923e-06,50,100,100,230704,10 11 3 0 1 9 4 8 7 5 2 6 
695,3.57591e-06,4.33454e-06,2.98503e-06,50,100,100,230704,10 11 3 0 1 9 4 8 7 5 2 6 
696,3.61785e-06,4.33454e-06,3.08232e-06,50,100,100,230704,10 11 3 0 1 9 4 8 7 5 2 6 
697,3.62228e-06,4.33454e-06,2.94983e-06,50,100,100,230704,10 11 3 0 1 9 4 8 7 5 2 6 
698,3.62754e-06,4.33454e-06,3.04e-06,50,100,100,230704,10 11 3 0 1 9 4 8 7 5 2 6 
699,3.67226e-06,4.33454e-06,3.07989e-06,50,100,100,230704,10 11 3 0 1 9 4 8 7 5 2 6 
700,3.73677e-06,4.33454e-06,2.91755e-06,50,100,100,230704,10 11 3 0 1 9 4 8 7 5 2 6 
701,3.70999e-06,4.33454e-06,3.06868e-06,50,100,100,230704,10 11 3 0 1 9 4 8 7 5 2 6 
702,3.68588e-06,4.33454e-06,2.97482e-06,50,100,100,230704,10 11 3 0 1 9 4 8 7 5 2 6 
703,3.69506e-06,4.33454e-06,3.06025e-06,50,100,100,230704,10 11 3 0 1 9 4 8 7 5 2 6 
704,3.70755e-06,4.33454e-06,2.9863e-06,50,100,100,230704,10 11 3 0 1 9 4 8 7 5 2 6 
705,3.75108e-06,4.33454e-06,3.04727e-06,50,100,100,230704,10 11 3 0 1 9 4 8 7 5 2 6 
706,3.67017e-06,4.33454e-06,3.00825e-06,50,100,100,230704,10 11 3 0 1 9 4 8 7 5 2 6 
707,3.66831e-06,4.33454e-06,3.1139e-06,50,100,100,230704,10 11 3 0 1 9 4 8 7 5 2 6 
708,3.70798e-06,4.33454e-06,3.03755e-06,50,100,100,230704,10 11 3 0 1 9 4 8 7 5 2 6 
709,3.65475e-06,4.33454e-06,2.99065e-06,50,100,100,230704,10 11 3 0 1 9 4 8 7 5 2 6 
710,3.68422e-06,4.33454e-06,2.99438e-06,50,100,100,230704,10 11 3 0 1 9 4 8 7 5 2 6 
711,3.69501e-06,4.33454e-06,3.11939e-06,50,100,100,230704,10 11 3 0 1 9 4 8 7 5 2 6 
712,3.69338e-06,4.33454e-06,3.0146e-06,50,100,100,230704,10 11 3 0 1 9 4 8 7 5 2 6 
713,3.65783e-06,4.33454e-06,3.07085e-06,50,100,100,230704,10 11 3 0 1 9 4 8 7 5 2 6 
714,3.66153e-06,4.33454e-06,3.09261e-06,50,100,100,230704,10 11 3 0 1 9 4 8 7 5 2 6 
715,3.668e-06,4.33454e-06,2.96677e-06,50,100,100,230704,10 11 3 0 1 9 4 8 7 5 2 6 
716,3.69733e-06,4.33454e-06,3.03864e-06,50,100,100,230704,10 11 3 0 1 9 4 8 7 5 2 6 
717,3.74735e-06,4.33454e-06,3.1301e-06,50,100,100,230704,10 11 3 0 1 9 4 8 7 5 2 6 
718,3.72539e-06,4.33454e-06,3.1091e-06,50,100,100,230704,10 11 3 0 1 9 4 8 7 5 2 6 
719,3.7337e-06,4.33454e-06,3.06529e-06,50,100,100,230704,10 11 3 0 1 9 4 8 7 5 2 6 
720,3.75189e-06,4.33454e-06,3.14131e-06,50,100,100,230704,10 11 3 0 1 9 4 8 7 5 2 6 
721,3.69627e-06,4.33454e-06,3.05694e-06,50,100,100,230704,10 11 3 0 1 9 4 8 7 5 2 6 
722,3.75806e-06,4.33454e-06,3.09562e-06,50,100,100,230704,10 11 3 0 1 9 4 8 7 5 2 6 
723,3.71262e-06,4.33454e-06,3.02141e-06,50,100,100,230704,10 11 3 0 1 9 4 8 7 5 2 6 
724,3.72883e-06,4.33454e-06,3.05326e-06,50,100,100,230704,10 11 3 0 1 9 4 8 7 5 2 6 
725,3.73222e-06,4.33454e-06,3.05688e-06,50,100,100,230704,10 11 3 0 1 9 4 8 7 5 2 6 
726,3.70229e-06,4.33454e-06,3.08088e-06,50,100,100,230704,10 11 3 0 1 9 4 8 7 5 2 6 
727,3.73886e-06,4.33454e-06,3.0126e-06,50,100,100,230704,10 11 3 0 1 9 4 8 7 5 2 6 
728,3.73758e-06,4.33454e-06,3.13345e-06,50,100,100,230704,10 11 3 0 1 9 4 8 7 5 2 6 
729,3.74932e-06,4.33454e-06,3.11973e-06,50,100,100,230704,10 11 3 0 1 9 4 8 7 5 2 6 
730,3.71291e-06,4.33454e-06,3.07087e-06,50,100,100,230704,10 11 3 0 1 9 4 8 7 5 2 6 
731,3.7236e-06,4.33454e-06,3.04372e-06,50,100,100,230704,10 11 3 0 1 9 4 8 7 5 2 6 
732,3.72363e-06,4.33454e-06,3.0765e-06,50,100,100,230704,10 11 3 0 1 9 4 8 7 5 2 6 
733,3.70146e-06,4.33454e-06,3.07506e-06,50,100,100,230704,10 11 3 0 1 9 4 8 7 5 2 6 
734,3.76212e-06,4.33454e-06,3.06342e-06,50,100,100,230704,10 11 3 0 1 9 4 8 7 5 2 6 
735,3.62601e-06,4.33454e-06,3.02351e-06,50,100,100,230704,10 11 3 0 1 9 4 8 7 5 2 6 
736,3.68268e-06,4.33454e-06,2.98085e-06,50,100,100,230704,10 11 3 0 1 9 4 8 7 5 2 6 
737,3.726e-06,4.33454e-06,3.05851e-06,50,100,100,230704,10 11 3 0 1 9 4 8 7 5 2 6 
738,3.68268e-06,4.33454e-06,3.11074e-06,50,100,100,230704,10 11 3 0 1 9 4 8 7 5 2 6 
739,3.62272e-06,4.33454e-06,3.04719e-06,50,100,100,230704,10 11 3 0 1 9 4 8 7 5 2 6 
740,3.65114e-06,4.33454e-06,3.03371e-06,50,100,100,230704,10 11 3 0 1 9 4 8 7 5 2 6 
741,3.68866e-06,4.33454e-06,3.0974e-06,50,100,100,230704,10 11 3 0 1 9 4 8 7 5 2 6 
742,3.65208e-06,4.33454e-06,3.03438e-06,50,100,100,230704,10 11 3 0 1 9 4 8 7 5 2 6 
743,3.58467e-06,4.33454e-06,3.00195e-06,50,100,100,230704,10 11 3 0 1 9 4 8 7 5 2 6 
744,3.64011e-06,4.33454e-06,3.05192e-06,50,100,100,230704,10 11 3 0 1 9 4 8 7 5 2 6 
745,3.63298e-06,4.33454e-06,3.01687e-06,50,100,100,230704,10 11 3 0 1 9 4 8 7 5 2 6 
746,3.5815e-06,4.33454e-06,2.91374e-06,50,100,100,230704,10 11 3 0 1 9 4 8 7 5 2 6 
747,3.54222e-06,4.33454e-06,3.00764e-06,50,100,100,230704,10 11 3 0 1 9 4 8 7 5 2 6 
748,3.53413e-06,4.33454e-06,2.96739e-06,50,100,100,230704,10 11 3 0 1 9 4 8 7 5 2 6 
749,3.57176e-06,4.33454e-06,3.03758e-06,50,100,100,230704,10 11 3 0 1 9 4 8 7 5 2 6 
750,3.59247e-06,4.33454e-06,3.00204e-06,50,100,100,230704,10 11 3 0 1 9 4 8 7 5 2 6 
751,3.5922e-06,4.33454e-06,3.03097e-06,50,100,100,230704,10 11 3 0 1 9 4 8 7 5 2 6 
752,3.59548e-06,4.33454e-06,3.00204e-06,50,100,100,230704,10 11 3 0 1 9 4 8 7 5 2 6 
753,3.65822e-06,4.33454e-06,3.15638e-06,50,100,100,230704,10 11 3 0 1 9 4 8 7 5 2 6 
754,3.64199e-06,4.33454e-06,3.10483e-06,50,100,100,230704,10 11 3 0 1 9 4 8 7 5 2 6 
755,3.63017e-06,4.33454e-06,3.1262e-06,50,100,100,230704,10 11 3 0 1 9 4 8 7 5 2 6 
756,3.66788e-06,4.33454e-06,3.03268e-06,50,100,100,230704,10 11 3 0 1 9 4 8 7 5 2 6 
757,3.67245e-06,4.33454e-06,3.08251e-06,50,100,100,230704,10 11 3 0 1 9 4 8 7 5 2 6 
758,3.66556e-06,4.33454e-06,3.1145e-06,50,100,100,230704,10 11 3 0 1 9 4 8 7 5 2 6 
759,3.66281e-06,4.33454e-06,2.98409e-06,50,100,100,230704,10 11 3 0 1 9 4 8 7 5 2 6 
760,3.67146e-06,4.33454e-06,3.08591e-06,50,100,100,230704,10 11 3 0 1 9 4 8 7 5 2 6 
761,3.6514e-06,4.33454e-06,3.04938e-06,50,100,100,230704,10 11 3 0 1 9 4 8 7 5 2 6 
762,3.71889e-06,4.33454e-06,3.01893e-06,50,100,100,230704,10 11 3 0 1 9 4 8 7 5 2 6 
763,3.67379e-06,4.33454e-06,3.10446e-06,50,100,100,230704,10 11 3 0 1 9 4 8 7 5 2 6 
764,3.68043e-06,4.33454e-06,3.03362e-06,50,100,100,230704,10 11 3 0 1 9 4 8 7 5 2 6 
765,3.69231e-06,4.33454e-06,3.06932e-06,50,100,100,230704,10 11 3 0 1 9 4 8 7 5 2 6 
766,3.65131e-06,4.33454e-06,2.98149e-06,50,100,100,230704,10 11 3 0 1 9 4 8 7 5 2 6 
767,3.67523e-06,4.33454e-06,2.99648e-06,50,100,100,230704,10 11 3 0 1 9 4 8 7 5 2 6 
768,3.6194e-06,4.33454e-06,3.02705e-06,50,100,100,230704,10 11 3 0 1 9 4 8 7 5 2 6 
769,3.62038e-06,4.33454e-06,3.07442e-06,50,100,100,230704,10 11 3 0 1 9 4 8 7 5 2 6 
770,3.6631e-06,4.33454e-06,2.9898e-06,50,100,100,230704,10 11 3 0 1 9 4 8 7 5 2 6 
771,3.70416e-06,4.33454e-06,2.9898e-06,50,100,100,230704,10 11 3 0 1 9 4 8 7 5 2 6 
772,3.71939e-06,4.33454e-06,3.13294e-06,50,100,100,230704,10 11 3 0 1 9 4 8 7 5 2 6 
773,3.67718e-06,4.33454e-06,3.10956e-06,50,100,100,230704,10 11 3 0 1 9 4 8 7 5 2 6 
774,3.66654e-06,4.33454e-06,3.05824e-06,50,100,100,230704,10 11 3 0 1 9 4 8 7 5 2 6 
775,3.66834e-06,4.33454e-06,2.97556e-06,50,100,100,230704,10 11 3 0 1 9 4 8 7 5 2 6 
776,3.71004e-06,4.33454e-06,3.09929e-06,50,100,100,230704,10 11 3 0 1 9 4 8 7 5 2 6 
777,3.73061e-06,4.33454e-06,3.0839e-06,50,100,100,230704,10 11 3 0 1 9 4 8 7 5 2 6 
778,3.71255e-06,4.33454e-06,2.93673e-06,50,100,100,230704,10 11 3 0 1 9 4 8 7 5 2 6 
779,3.7616e-06,4.33454e-06,3.06295e-06,50,100,100,230704,10 11 3 0 1 9 4 8 7 5 2 6 
780,3.66765e-06,4.33454e-06,3.01787e-06,50,100,100,230704,10 11 3 0 1 9 4 8 7 5 2 6 
781,3.69341e-06,4.33454e-06,3.11813e-06,50,100,100,230704,10 11 3 0 1 9 4 8 7 5 2 6 
782,3.71997e-06,4.33454e-06,3.09562e-06,50,100,100,230704,10 11 3 0 1 9 4 8 7 5 2 6 
783,3.71661e-06,4.33454e-06,2.95319e-06,50,100,100,230704,10 11 3 0 1 9 4 8 7 5 2 6 
784,3.68914e-06,4.33454e-06,3.10518e-06,50,100,100,230704,10 11 3 0 1 9 4 8 7 5 2 6 
785,3.68845e-06,4.33454e-06,3.07923e-06,50,100,100,230704,10 11 3 0 1 9 4 8 7 5 2 6 
786,3.69197e-06,4.33454e-06,3.02432e-06,50,100,100,230704,10 11 3 0 1 9 4 8 7 5 2 6 
787,3.65368e-06,4.33454e-06,2.98309e-06,50,100,100,230704,10 11 3 0 1 9 4 8 7 5 2 6 
788,3.67933e-06,4.33454e-06,3.09925e-06,50,100,100,230704,10 11 3 0 1 9 4 8 7 5 2 6 
789,3.68244e-06,4.33454e-06,2.99898e-06,50,100,100,230704,10 11 3 0 1 9 4 8 7 5 2 6 
790,3.70269e-06,4.33454e-06,3.08776e-06,50,100,100,230704,10 11 3 0 1 9 4 8 7 5 2 6 
791,3.70427e-06,4.33454e-06,3.06313e-06,50,100,100,230704,10 11 3 0 1 9 4 8 7 5 2 6 
792,3.68189e-06,4.33454e-06,3.03755e-06,50,100,100,230704,10 11 3 0 1 9 4 8 7 5 2 6 
793,3.70587e-06,4.33454e-06,2.99433e-06,50,100,100,230704,10 11 3 0 1 9 4 8 7 5 2 6 
794,3.6943e-06,4.33454e-06,3.0168e-06,50,100,100,230704,10 11 3 0 1 9 4 8 7 5 2 6 
795,3.66662e-06,4.33454e-06,2.97953e-06,50,100,100,230704,10 11 3 0 1 9 4 8 7 5 2 6 
796,3.69469e-06,4.33454e-06,3.10288e-06,50,100,100,230704,10 11 3 0 1 9 4 8 7 5 2 6 
797,3.74162e-06,4.33454e-06,3.14447e-06,50,100,100,230704,10 11 3 0 1 9 4 8 7 5 2 6 
798,3.71346e-06,4.33454e-06,3.0846e-06,50,100,100,230704,10 11 3 0 1 9 4 8 7 5 2 6 
799,3.70565e-06,4.33454e-06,3.13656e-06,50,100,100,230704,10 11 3 0 1 9 4 8 7 5 2 6 
800,3.66164e-06,4.33454e-06,3.08369e-06,50,100,100,230704,10 11 3 0 1 9 4 8 7 5 2 6 
801,3.71136e-06,4.33454e-06,3.12052e-06,50,100,100,230704,10 11 3 0 1 9 4 8 7 5 2 6 
802,3.75554e-06,4.33454e-06,3.0867e-06,50,100,100,230704,10 11 3 0 1 9 4 8 7 5 2 6 
803,3.68692e-06,4.33454e-06,3.13376e-06,50,100,100,230704,10 11 3 0 1 9 4 8 7 5 2 6 
804,3.64929e-06,4.33454e-06,3.07778e-06,50,100,100,230704,10 11 3 0 1 9 4 8 7 5 2 6 
805,3.6711e-06,4.33454e-06,3.06845e-06,50,100,100,230704,10 11 3 0 1 9 4 8 7 5 2 6 
806,3.74048e-06,4.33454e-06,3.09311e-06,50,100,100,230704,10 11 3 0 1 9 4 8 7 5 2 6 
807,3.73898e-06,4.33454e-06,3.05017e-06,50,100,100,230704,10 11 3 0 1 9 4 8 7 5 2 6 
808,3.74134e-06,4.33454e-06,3.11726e-06,50,100,100,230704,10 11 3 0 1 9 4 8 7 5 2 6 
809,3.71101e-06,4.33454e-06,3.09252e-06,50,100,100,230704,10 11 3 0 1 9 4 8 7 5 2 6 
810,3.66442e-06,4.33454e-06,3.06049e-06,50,100,100,230704,10 11 3 0 1 9 4 8 7 5 2 6 
811,3.67567e-06,4.33454e-06,2.99923e-06,50,100,100,230704,10 11 3 0 1 9 4 8 7 5 2 6 
812,3.66482e-06,4.33454e-06,3.0026e-06,50,100,100,230704,10 11 3 0 1 9 4 8 7 5 2 6 
813,3.69436e-06,4.33454e-06,3.09595e-06,50,100,100,230704,10 11 3 0 1 9 4 8 7 5 2 6 
814,3.70917e-06,4.33454e-06,3.06092e-06,50,100,100,230704,10 11 3 0 1 9 4 8 7 5 2 6 
815,3.67172e-06,4.33454e-06,3.02357e-06,50,100,100,230704,10 11 3 0 1 9 4 8 7 5 2 6 
816,3.65807e-06,4.33454e-06,3.08572e-06,50,100,100,230704,10 11 3 0 1 9 4 8 7 5 2 6 
817,3.66532e-06,4.33454e-06,3.0874e-06,50,100,100,230704,10 11 3 0 1 9 4 8 7 5 2 6 
818,3.59014e-06,4.33454e-06,3.00608e-06,50,100,100,230704,10 11 3 0 1 9 4 8 7 5 2 6 
819,3.65737e-06,4.33454e-06,3.07754e-06,50,100,100,230704,10 11 3 0 1 9 4 8 7 5 2 6 
820,3.69156e-06,4.33454e-06,3.13002e-06,50,100,100,230704,10 11 3 0 1 9 4 8 7 5 2 6 
821,3.69291e-06,4.33454e-06,3.08485e-06,50,100,100,230704,10 11 3 0 1 9 4 8 7 5 2 6 
822,3.73762e-06,4.33454e-06,3.00829e-06,50,100,100,230704,10 11 3 0 1 9 4 8 7 5 2 6 
823,3.72096e-06,4.33454e-06,3.13298e-06,50,100,100,230704,10 11 3 0 1 9 4 8 7 5 2 6 
824,3.7078e-06,4.33454e-06,3.02905e-06,50,100,100,230704,10 11 3 0 1 9 4 8 7 5 2 6 
825,3.62383e-06,4.33454e-06,3.01553e-06,50,100,100,230704,10 11 3 0 1 9 4 8 7 5 2 6 
826,3.67742e-06,4.33454e-06,3.04091e-06,50,100,100,230704,10 11 3 0 1 9 4 8 7 5 2 6 
827,3.67653e-06,4.33454e-06,3.03073e-06,50,100,100,230704,10 11 3 0 1 9 4 8 7 5 2 6 
828,3.67965e-06,4.33454e-06,3.00175e-06,50,100,100,230704,10 11 3 0 1 9 4 8 7 5 2 6 
829,3.63032e-06,4.33454e-06,3.01664e-06,50,100,100,230704,10 11 3 0 1 9 4 8 7 5 2 6 
830,3.59788e-06,4.33454e-06,3.06381e-06,50,100,100,230704,10 11 3 0 1 9 4 8 7 5 2 6 
831,3.62076e-06,4.33454e-06,2.99698e-06,50,100,100,230704,10 11 3 0 1 9 4 8 7 5 2 6 
832,3.65261e-06,4.33454e-06,3.0327e-06,50,100,100,230704,10 11 3 0 1 9 4 8 7 5 2 6 
833,3.61677e-06,4.33454e-06,3.01957e-06,50,100,100,230704,10 11 3 0 1 9 4 8 7 5 2 6 
834,3.6414e-06,4.33454e-06,3.11613e-06,50,100,100,230704,10 11 3 0 1 9 4 8 7 5 2 6 
835,3.6381e-06,4.33454e-06,3.02796e-06,50,100,100,230704,10 11 3 0 1 9 4 8 7 5 2 6 
836,3.69287e-06,4.33454e-06,3.09909e-06,50,100,100,230704,10 11 3 0 1 9 4 8 7 5 2 6 
837,3.68715e-06,4.33454e-06,2.96252e-06,50,100,100,230704,10 11 3 0 1 9 4 8 7 5 2 6 
838,3.59879e-06,4.33454e-06,3.04283e-06,50,100,100,230704,10 11 3 0 1 9 4 8 7 5 2 6 
839,3.69349e-06,4.33454e-06,3.03386e-06,50,100,100,230704,10 11 3 0 1 9 4 8 7 5 2 6 
840,3.70831e-06,4.33454e-06,3.10516e-06,50,100,100,230704,10 11 3 0 1 9 4 8 7 5 2 6 
841,3.66698e-06,4.33454e-06,3.0597e-06,50,100,100,230704,10 11 3 0 1 9 4 8 7 5 2 6 
842,3.69901e-06,4.33454e-06,2.99923e-06,50,100,100,230704,10 11 3 0 1 9 4 8 7 5 2 6 
843,3.70671e-06,4.33454e-06,3.10689e-06,50,100,100,230704,10 11 3 0 1 9 4 8 7 5 2 6 
844,3.70248e-06,4.33454e-06,3.08317e-06,50,100,100,230704,10 11 3 0 1 9 4 8 7 5 2 6 
845,3.72756e-06,4.33454e-06,3.09338e-06,50,100,100,230704,10 11 3 0 1 9 4 8 7 5 2 6 
846,3.69877e-06,4.33454e-06,3.0109e-06,50,100,100,230704,10 11 3 0 1 9 4 8 7 5 2 6 
847,3.74523e-06,4.33454e-06,3.1125e-06,50,100,100,230704,10 11 3 0 1 9 4 8 7 5 2 6 
848,3.73727e-06,4.33454e-06,3.02765e-06,50,100,100,230704,10 11 3 0 1 9 4 8 7 5 2 6 
849,3.80209e-06,4.33454e-06,3.15909e-06,50,100,100,230704,10 11 3 0 1 9 4 8 7 5 2 6 
850,3.79768e-06,4.33454e-06,2.98305e-06,50,100,100,230704,10 11 3 0 1 9 4 8 7 5 2 6 
851,3.72023e-06,4.33454e-06,3.0995e-06,50,100,100,230704,10 11 3 0 1 9 4 8 7 5 2 6 
852,3.72345e-06,4.33454e-06,3.09294e-06,50,100,100,230704,10 11 3 0 1 9 4 8 7 5 2 6 
853,3.68981e-06,4.33454e-06,3.07068e-06,50,100,100,230704,10 11 3 0 1 9 4 8 7 5 2 6 
854,3.71414e-06,4.33454e-06,3.04309e-06,50,100,100,230704,10 11 3 0 1 9 4 8 7 5 2 6 
855,3.72946e-06,4.33454e-06,3.06475e-06,50,100,100,230704,10 11 3 0 1 9 4 8 7 5 2 6 
856,3.68228e-06,4.33454e-06,3.06325e-06,50,100,100,230704,10 11 3 0 1 9 4 8 7 5 2 6 
857,3.66615e-06,4.33454e-06,3.04645e-06,50,100,100,230704,10 11 3 0 1 9 4 8 7 5 2 6 
858,3.68161e-06,4.33454e-06,3.09925e-06,50,100,100,230704,10 11 3 0 1 9 4 8 7 5 2 6 
859,3.71018e-06,4.33454e-06,3.01411e-06,50,100,100,230704,10 11 3 0 1 9 4 8 7 5 2 6 
860,3.69378e-06,4.33454e-06,3.08639e-06,50,100,100,230704,10 11 3 0 1 9 4 8 7 5 2 6 
861,3.69763e-06,4.33454e-06,3.06742e-06,50,100,100,230704,10 11 3 0 1 9 4 8 7 5 2 6 
862,3.73442e-06,4.33454e-06,3.06742e-06,50,100,100,230704,10 11 3 0 1 9 4 8 7 5 2 6 
863,3.69786e-06,4.33454e-06,2.9768e-06,50,100,100,230704,10 11 3 0 1 9 4 8 7 5 2 6 
864,3.62152e-06,4.33454e-06,3.06357e-06,50,100,100,230704,10 11 3 0 1 9 4 8 7 5 2 6 
865,3.65975e-06,4.33454e-06,3.09428e-06,50,100,100,230704,10 11 3 0 1 9 4 8 7 5 2 6 
866,3.67956e-06,4.33454e-06,3.07957e-06,50,100,100,230704,10 11 3 0 1 9 4 8 7 5 2 6 
867,3.56571e-06,4.33454e-06,2.9901e-06,50,100,100,230704,10 11 3 0 1 9 4 8 7 5 2 6 
868,3.56827e-06,4.33454e-06,2.98803e-06,50,100,100,230704,10 11 3 0 1 9 4 8 7 5 2 6 
869,3.60249e-06,4.33454e-06,3.06248e-06,50,100,100,230704,10 11 3 0 1 9 4 8 7 5 2 6 
870,3.60074e-06,4.33454e-06,3.02745e-06,50,100,100,230704,10 11 3 0 1 9 4 8 7 5 2 6 
871,3.63635e-06,4.33454e-06,3.08552e-06,50,100,100,230704,10 11 3 0 1 9 4 8 7 5 2 6 
872,3.61668e-06,4.33454e-06,3.04478e-06,50,100,100,230704,10 11 3 0 1 9 4 8 7 5 2 6 
873,3.65072e-06,4.33454e-06,3.10392e-06,50,100,100,230704,10 11 3 0 1 9 4 8 7 5 2 6 
874,3.59475e-06,4.33454e-06,3.08133e-06,50,100,100,230704,10 11 3 0 1 9 4 8 7 5 2 6 
875,3.61011e-06,4.33454e-06,3.09806e-06,50,100,100,230704,10 11 3 0 1 9 4 8 7 5 2 6 
876,3.63259e-06,4.33454e-06,3.05593e-06,50,100,100,230704,10 11 3 0 1 9 4 8 7 5 2 6 
877,3.66001e-06,4.33454e-06,3.07385e-06,50,100,100,230704,10 11 3 0 1 9 4 8 7 5 2 6 
878,3.64518e-06,4.33454e-06,2.98594e-06,50,100,100,230704,10 11 3 0 1 9 4 8 7 5 2 6 
879,3.65776e-06,4.33454e-06,3.10296e-06,50,100,100,230704,10 11 3 0 1 9 4 8 7 5 2 6 
880,3.67469e-06,4.33454e-06,3.03755e-06,50,100,100,230704,10 11 3 0 1 9 4 8 7 5 2 6 
881,3.68774e-06,4.33454e-06,3.06618e-06,50,100,100,230704,10 11 3 0 1 9 4 8 7 5 2 6 
882,3.68894e-06,4.33454e-06,3.09925e-06,50,100,100,230704,10 11 3 0 1 9 4 8 7 5 2 6 
883,3.71083e-06,4.33454e-06,2.99549e-06,50,100,100,230704,10 11 3 0 1 9 4 8 7 5 2 6 
884,3.68266e-06,4.33454e-06,3.063e-06,50,100,100,230704,10 11 3 0 1 9 4 8 7 5 2 6 
885,3.72592e-06,4.33454e-06,3.05397e-06,50,100,100,230704,10 11 3 0 1 9 4 8 7 5 2 6 
886,3.73e-06,4.33454e-06,3.01571e-06,50,100,100,230704,10 11 3 0 1 9 4 8 7 5 2 6 
887,3.70101e-06,4.33454e-06,3.06424e-06,50,100,100,230704,10 11 3 0 1 9 4 8 7 5 2 6 
888,3.7198e-06,4.33454e-06,3.02794e-06,50,100,100,230704,10 11 3 0 1 9 4 8 7 5 2 6 
889,3.66721e-06,4.33454e-06,3.06578e-06,50,100,100,230704,10 11 3 0 1 9 4 8 7 5 2 6 
890,3.66301e-06,4.33454e-06,3.08006e-06,50,100,100,230704,10 11 3 0 1 9 4 8 7 5 2 6 
891,3.71466e-06,4.33454e-06,2.98878e-06,50,100,100,230704,10 11 3 0 1 9 4 8 7 5 2 6 
892,3.72878e-06,4.33454e-06,3.08071e-06,50,100,100,230704,10 11 3 0 1 9 4 8 7 5 2 6 
893,3.72741e-06,4.33454e-06,3.05425e-06,50,100,100,230704,10 11 3 0 1 9 4 8 7 5 2 6 
894,3.78505e-06,4.33454e-06,3.15572e-06,50,100,100,230704,10 11 3 0 1 9 4 8 7 5 2 6 
895,3.7723e-06,4.33454e-06,3.10635e-06,50,100,100,230704,10 11 3 0 1 9 4 8 7 5 2 6 
896,3.72054e-06,4.33454e-06,3.05305e-06,50,100,100,230704,10 11 3 0 1 9 4 8 7 5 2 6 
897,3.76383e-06,4.33454e-06,2.97303e-06,50,100,100,230704,10 11 3 0 1 9 4 8 7 5 2 6 
898,3.79819e-06,4.33454e-06,3.14281e-06,50,100,100,230704,10 11 3 0 1 9 4 8 7 5 2 6 
899,3.79645e-06,4.33454e-06,3.12777e-06,50,100,100,230704,10 11 3 0 1 9 4 8 7 5 2 6 
900,3.69021e-06,4.33454e-06,3.00608e-06,50,100,100,230704,10 11 3 0 1 9 4 8 7 5 2 6 
901,3.68255e-06,4.33454e-06,3.02209e-06,50,100,100,230704,10 11 3 0 1 9 4 8 7 5 2 6 
902,3.68225e-06,4.33454e-06,3.03072e-06,50,100,100,230704,10 11 3 0 1 9 4 8 7 5 2 6 
903,3.67062e-06,4.33454e-06,3.06347e-06,50,100,100,230704,10 11 3 0 1 9 4 8 7 5 2 6 
904,3.73473e-06,4.33454e-06,3.12968e-06,50,100,100,230704,10 11 3 0 1 9 4 8 7 5 2 6 
905,3.73895e-06,4.33454e-06,3.01795e-06,50,100,100,230704,10 11 3 0 1 9 4 8 7 5 2 6 
906,3.68396e-06,4.33454e-06,3.03755e-06,50,100,100,230704,10 11 3 0 1 9 4 8 7 5 2 6 
907,3.66755e-06,4.33454e-06,3.10404e-06,50,100,100,230704,10 11 3 0 1 9 4 8 7 5 2 6 
908,3.72349e-06,4.33454e-06,3.00352e-06,50,100,100,230704,10 11 3 0 1 9 4 8 7 5 2 6 
909,3.70932e-06,4.33454e-06,3.02796e-06,50,100,100,230704,10 11 3 0 1 9 4 8 7 5 2 6 
910,3.722e-06,4.33454e-06,3.07508e-06,50,100,100,230704,10 11 3 0 1 9 4 8 7 5 2 6 
911,3.76548e-06,4.33454e-06,3.03254e-06,50,100,100,230704,10 11 3 0 1 9 4 8 7 5 2 6 
912,3.75754e-06,4.33454e-06,3.04039e-06,50,100,100,230704,10 11 3 0 1 9 4 8 7 5 2 6 
913,3.7802e-06,4.33454e-06,3.13137e-06,50,100,100,230704,10 11 3 0 1 9 4 8 7 5 2 6 
914,3.76583e-06,4.33454e-06,3.15039e-06,50,100,100,230704,10 11 3 0 1 9 4 8 7 5 2 6 
915,3.73316e-06,4.33454e-06,3.06951e-06,50,100,100,230704,10 11 3 0 1 9 4 8 7 5 2 6 
916,3.61165e-06,4.33454e-06,3.14263e-06,50,100,100,230704,10 11 3 0 1 9 4 8 7 5 2 6 
917,3.69207e-06,4.33454e-06,2.97553e-06,50,100,100,230704,10 11 3 0 1 9 4 8 7 5 2 6 
918,3.71465e-06,4.33454e-06,3.03755e-06,50,100,100,230704,10 11 3 0 1 9 4 8 7 5 2 6 
919,3.71882e-06,4.33454e-06,3.00628e-06,50,100,100,230704,10 11 3 0 1 9 4 8 7 5 2 6 
920,3.70507e-06,4.33454e-06,3.01238e-06,50,100,100,230704,10 11 3 0 1 9 4 8 7 5 2 6 
921,3.77e-06,4.33454e-06,2.96559e-06,50,100,100,230704,10 11 3 0 1 9 4 8 7 5 2 6 
922,3.72481e-06,4.33454e-06,3.04396e-06,50,100,100,230704,10 11 3 0 1 9 4 8 7 5 2 6 
923,3.79948e-06,4.33454e-06,3.11788e-06,50,100,100,230704,10 11 3 0 1 9 4 8 7 5 2 6 
924,3.67523e-06,4.33454e-06,3.02245e-06,50,100,100,230704,10 11 3 0 1 9 4 8 7 5 2 6 
925,3.70476e-06,4.33454e-06,3.02842e-06,50,100,100,230704,10 11 3 0 1 9 4 8 7 5 2 6 
926,3.71234e-06,4.33454e-06,3.07714e-06,50,100,100,230704,10 11 3 0 1 9 4 8 7 5 2 6 
927,3.72998e-06,4.33454e-06,3.07714e-06,50,100,100,230704,10 11 3 0 1 9 4 8 7 5 2 6 
928,3.67418e-06,4.33454e-06,3.03241e-06,50,100,100,230704,10 11 3 0 1 9 4 8 7 5 2 6 
929,3.65382e-06,4.33454e-06,3.05344e-06,50,100,100,230704,10 11 3 0 1 9 4 8 7 5 2 6 
930,3.58196e-06,4.33454e-06,2.96059e-06,50,100,100,230704,10 11 3 0 1 9 4 8 7 5 2 6 
931,3.65459e-06,4.33454e-06,3.0099e-06,50,100,100,230704,10 11 3 0 1 9 4 8 7 5 2 6 
932,3.60268e-06,4.33454e-06,2.95099e-06,50,100,100,230704,10 11 3 0 1 9 4 8 7 5 2 6 
933,3.67797e-06,4.33454e-06,3.06475e-06,50,100,100,230704,10 11 3 0 1 9 4 8 7 5 2 6 
934,3.69247e-06,4.33454e-06,2.99671e-06,50,100,100,230704,10 11 3 0 1 9 4 8 7 5 2 6 
935,3.63819e-06,4.33454e-06,3.02719e-06,50,100,100,230704,10 11 3 0 1 9 4 8 7 5 2 6 
936,3.65617e-06,4.33454e-06,3.01915e-06,50,100,100,230704,10 11 3 0 1 9 4 8 7 5 2 6 
937,3.64577e-06,4.33454e-06,2.92888e-06,50,100,100,230704,10 11 3 0 1 9 4 8 7 5 2 6 
938,3.64906e-06,4.33454e-06,3.07309e-06,50,100,100,230704,10 11 3 0 1 9 4 8 7 5 2 6 
939,3.63338e-06,4.33454e-06,3.03962e-06,50,100,100,230704,10 11 3 0 1 9 4 8 7 5 2 6 
940,3.65756e-06,4.33454e-06,3.07583e-06,50,100,100,230704,10 11 3 0 1 9 4 8 7 5 2 6 
941,3.68405e-06,4.33454e-06,3.14779e-06,50,100,100,230704,10 11 3 0 1 9 4 8 7 5 2 6 
942,3.61417e-06,4.33454e-06,2.99696e-06,50,100,100,230704,10 11 3 0 1 9 4 8 7 5 2 6 
943,3.64073e-06,4.33454e-06,3.09587e-06,50,100,100,230704,10 11 3 0 1 9 4 8 7 5 2 6 
944,3.66575e-06,4.33454e-06,3.07909e-06,50,100,100,230704,10 11 3 0 1 9 4 8 7 5 2 6 
945,3.57725e-06,4.33454e-06,3.04728e-06,50,100,100,230704,10 11 3 0 1 9 4 8 7 5 2 6 
946,3.58524e-06,4.33454e-06,3.05113e-06,50,100,100,230704,10 11 3 0 1 9 4 8 7 5 2 6 
947,3.63678e-06,4.33454e-06,3.00847e-06,50,100,100,230704,10 11 3 0 1 9 4 8 7 5 2 6 
948,3.65988e-06,4.33454e-06,3.12503e-06,50,100,100,230704,10 11 3 0 1 9 4 8 7 5 2 6 
949,3.67488e-06,4.33454e-06,2.99101e-06,50,100,100,230704,10 11 3 0 1 9 4 8 7 5 2 6 
950,3.70656e-06,4.33454e-06,3.12323e-06,50,100,100,230704,10 11 3 0 1 9 4 8 7 5 2 6 
951,3.68507e-06,4.33454e-06,3.06111e-06,50,100,100,230704,10 11 3 0 1 9 4 8 7 5 2 6 
952,3.68651e-06,4.33454e-06,3.082e-06,50,100,100,230704,10 11 3 0 1 9 4 8 7 5 2 6 
953,3.65935e-06,4.33454e-06,3.04387e-06,50,100,100,230704,10 11 3 0 1 9 4 8 7 5 2 6 
954,3.71622e-06,4.33454e-06,3.04293e-06,50,100,100,230704,10 11 3 0 1 9 4 8 7 5 2 6 
955,3.70021e-06,4.33454e-06,3.09535e-06,50,100,100,230704,10 11 3 0 1 9 4 8 7 5 2 6 
956,3.77279e-06,4.33454e-06,3.0839e-06,50,100,100,230704,10 11 3 0 1 9 4 8 7 5 2 6 
957,3.79164e-06,4.33454e-06,3.07281e-06,50,100,100,230704,10 11 3 0 1 9 4 8 7 5 2 6 
958,3.82303e-06,4.33454e-06,3.08388e-06,50,100,100,230704,10 11 3 0 1 9 4 8 7 5 2 6 
959,3.77267e-06,4.33454e-06,3.0839e-06,50,100,100,230704,10 11 3 0 1 9 4 8 7 5 2 6 
960,3.69431e-06,4.33454e-06,3.10055e-06,50,100,100,230704,10 11 3 0 1 9 4 8 7 5 2 6 
961,3.66993e-06,4.33454e-06,3.05139e-06,50,100,100,230704,10 11 3 0 1 9 4 8 7 5 2 6 
962,3.67719e-06,4.33454e-06,3.15017e-06,50,100,100,230704,10 11 3 0 1 9 4 8 7 5 2 6 
963,3.63819e-06,4.33454e-06,3.09925e-06,50,100,100,230704,10 11 3 0 1 9 4 8 7 5 2 6 
964,3.69084e-06,4.33454e-06,2.99399e-06,50,100,100,230704,10 11 3 0 1 9 4 8 7 5 2 6 
965,3.61829e-06,4.33454e-06,2.98878e-06,50,100,100,230704,10 11 3 0 1 9 4 8 7 5 2 6 
966,3.633e-06,4.33454e-06,2.99494e-06,50,100,100,230704,10 11 3 0 1 9 4 8 7 5 2 6 
967,3.67186e-06,4.33454e-06,2.92477e-06,50,100,100,230704,10 11 3 0 1 9 4 8 7 5 2 6 
968,3.6572e-06,4.33454e-06,3.0794e-06,50,100,100,230704,10 11 3 0 1 9 4 8 7 5 2 6 
969,3.63034e-06,4.33454e-06,2.99049e-06,50,100,100,230704,10 11 3 0 1 9 4 8 7 5 2 6 
970,3.621e-06,4.33454e-06,3.00234e-06,50,100,100,230704,10 11 3 0 1 9 4 8 7 5 2 6 
971,3.73448e-06,4.33454e-06,3.12037e-06,50,100,100,230704,10 11 3 0 1 9 4 8 7 5 2 6 
972,3.71781e-06,4.33454e-06,3.07508e-06,50,100,100,230704,10 11 3 0 1 9 4 8 7 5 2 6 
973,3.77302e-06,4.33454e-06,3.14136e-06,50,100,100,230704,10 11 3 0 1 9 4 8 7 5 2 6 
974,3.79321e-06,4.33454e-06,3.0794e-06,50,100,100,230704,10 11 3 0 1 9 4 8 7 5 2 6 
975,3.79601e-06,4.33454e-06,3.00035e-06,50,100,100,230704,10 11 3 0 1 9 4 8 7 5 2 6 
976,3.76801e-06,4.33454e-06,3.10053e-06,50,100,100,230704,10 11 3 0 1 9 4 8 7 5 2 6 
977,3.75363e-06,4.33454e-06,3.08048e-06,50,100,100,230704,10 11 3 0 1 9 4 8 7 5 2 6 
978,3.6993e-06,4.33454e-06,3.00474e-06,50,100,100,230704,10 11 3 0 1 9 4 8 7 5 2 6 
979,3.73729e-06,4.33454e-06,3.07309e-06,50,100,100,230704,10 11 3 0 1 9 4 8 7 5 2 6 
980,3.7279e-06,4.33454e-06,3.07434e-06,50,100,100,230704,10 11 3 0 1 9 4 8 7 5 2 6 
981,3.69842e-06,4.33454e-06,3.07913e-06,50,100,100,230704,10 11 3 0 1 9 4 8 7 5 2 6 
982,3.70156e-06,4.33454e-06,3.08601e-06,50,100,100,230704,10 11 3 0 1 9 4 8 7 5 2 6 
983,3.61966e-06,4.33454e-06,3.00456e-06,50,100,100,230704,10 11 3 0 1 9 4 8 7 5 2 6 
984,3.69066e-06,4.33454e-06,3.117e-06,50,100,100,230704,10 11 3 0 1 9 4 8 7 5 2 6 
985,3.73007e-06,4.33454e-06,3.11957e-06,50,100,100,230704,10 11 3 0 1 9 4 8 7 5 2 6 
986,3.61135e-06,4.33454e-06,3.02776e-06,50,100,100,230704,10 11 3 0 1 9 4 8 7 5 2 6 
987,3.66347e-06,4.33454e-06,3.08851e-06,50,100,100,230704,10 11 3 0 1 9 4 8 7 5 2 6 
988,3.67619e-06,4.33454e-06,3.04028e-06,50,100,100,230704,10 11 3 0 1 9 4 8 7 5 2 6 
989,3.70002e-06,4.33454e-06,3.14789e-06,50,100,100,230704,10 11 3 0 1 9 4 8 7 5 2 6 
990,3.64662e-06,4.33454e-06,3.08255e-06,50,100,100,230704,10 11 3 0 1 9 4 8 7 5 2 6 
991,3.62702e-06,4.33454e-06,3.08304e-06,50,100,100,230704,10 11 3 0 1 9 4 8 7 5 2 6 
992,3.62056e-06,4.33454e-06,3.07419e-06,50,100,100,230704,10 11 3 0 1 9 4 8 7 5 2 6 
993,3.67405e-06,4.33454e-06,3.05e-06,50,100,100,230704,10 11 3 0 1 9 4 8 7 5 2 6 
994,3.71506e-06,4.33454e-06,3.12501e-06,50,100,100,230704,10 11 3 0 1 9 4 8 7 5 2 6 
995,3.67067e-06,4.33454e-06,3.03416e-06,50,100,100,230704,10 11 3 0 1 9 4 8 7 5 2 6 
996,3.65927e-06,4.33454e-06,2.97353e-06,50,100,100,230704,10 11 3 0 1 9 4 8 7 5 2 6 
997,3.68904e-06,4.33454e-06,3.09187e-06,50,100,100,230704,10 11 3 0 1 9 4 8 7 5 2 6 
998,3.72225e-06,4.33454e-06,3.09737e-06,50,100,100,230704,10 11 3 0 1 9 4 8 7 5 2 6 
999,3.73011e-06,4.33454e-06,3.08194e-06,50,100,100,230704,10 11 3 0 1 9 4 8 7 5 2 6 
