Generación,Media,Mejor,Peor,Cruzas,Mutaciones,Inversiones,Costo,Permutación
1,3.24765e-06,3.81981e-06,2.89618e-06,50,100,100,261792,6 1 11 0 2 3 10 9 5 7 8 4 
2,3.26824e-06,3.81981e-06,2.9492e-06,50,100,100,261792,6 1 11 0 2 3 10 9 5 7 8 4 
3,3.27575e-06,3.81981e-06,2.97593e-06,50,100,100,261792,6 1 11 0 2 3 10 9 5 7 8 4 
4,3.28639e-06,3.81981e-06,2.9501e-06,50,100,100,261792,6 1 11 0 2 3 10 9 5 7 8 4 
5,3.30349e-06,3.87803e-06,2.87744e-06,50,100,100,257862,2 3 1 4 9 8 7 0 6 11 5 10 
6,3.30034e-06,3.87803e-06,2.98325e-06,50,100,100,257862,2 3 1 4 9 8 7 0 6 11 5 10 
7,3.30417e-06,3.87803e-06,2.91056e-06,50,100,100,257862,2 3 1 4 9 8 7 0 6 11 5 10 
8,3.30765e-06,3.87803e-06,2.98774e-06,50,100,100,257862,2 3 1 4 9 8 7 0 6 11 5 10 
9,3.31446e-06,3.87803e-06,2.97006e-06,50,100,100,257862,2 3 1 4 9 8 7 0 6 11 5 10 
10,3.31009e-06,3.87803e-06,3.00744e-06,50,100,100,257862,2 3 1 4 9 8 7 0 6 11 5 10 
11,3.30267e-06,3.87803e-06,2.97119e-06,50,100,100,257862,2 3 1 4 9 8 7 0 6 11 5 10 
12,3.31093e-06,3.87803e-06,2.94515e-06,50,100,100,257862,2 3 1 4 9 8 7 0 6 11 5 10 
13,3.31642e-06,3.87803e-06,2.9966e-06,50,100,100,257862,2 3 1 4 9 8 7 0 6 11 5 10 
14,3.29147e-06,3.87803e-06,3.01585e-06,50,100,100,257862,2 3 1 4 9 8 7 0 6 11 5 10 
15,3.30285e-06,3.92731e-06,2.98133e-06,50,100,100,254626,2 10 3 4 9 8 5 0 6 11 7 1 
16,3.31218e-06,3.92731e-06,3.00722e-06,50,100,100,254626,2 10 3 4 9 8 5 0 6 11 7 1 
17,3.3226e-06,3.92731e-06,3.06874e-06,50,100,100,254626,2 10 3 4 9 8 5 0 6 11 7 1 
18,3.34574e-06,3.92731e-06,3.00961e-06,50,100,100,254626,2 10 3 4 9 8 5 0 6 11 7 1 
19,3.31703e-06,3.92731e-06,3.03401e-06,50,100,100,254626,2 10 3 4 9 8 5 0 6 11 7 1 
20,3.3283e-06,3.92731e-06,2.95551e-06,50,100,100,254626,2 10 3 4 9 8 5 0 6 11 7 1 
21,3.29845e-06,3.92731e-06,2.8792e-06,50,100,100,254626,2 10 3 4 9 8 5 0 6 11 7 1 
22,3.30758e-06,3.92731e-06,3.0178e-06,50,100,100,254626,2 10 3 4 9 8 5 0 6 11 7 1 
23,3.29252e-06,3.92731e-06,2.92667e-06,50,100,100,254626,2 10 3 4 9 8 5 0 6 11 7 1 
24,3.33197e-06,3.97401e-06,3.03568e-06,50,100,100,251634,10 2 3 0 9 5 8 1 6 11 7 4 
25,3.33301e-06,3.97401e-06,3.03116e-06,50,100,100,251634,10 2 3 0 9 5 8 1 6 11 7 4 
26,3.3404e-06,3.97401e-06,3.01724e-06,50,100,100,251634,10 2 3 0 9 5 8 1 6 11 7 4 
27,3.32122e-06,3.97401e-06,2.95441e-06,50,100,100,251634,10 2 3 0 9 5 8 1 6 11 7 4 
28,3.31806e-06,3.97401e-06,2.97471e-06,50,100,100,251634,10 2 3 0 9 5 8 1 6 11 7 4 
29,3.31865e-06,3.97401e-06,2.99547e-06,50,100,100,251634,10 2 3 0 9 5 8 1 6 11 7 4 
30,3.32923e-06,3.97401e-06,3.00141e-06,50,100,100,251634,10 2 3 0 9 5 8 1 6 11 7 4 
31,3.31696e-06,3.97401e-06,3.00805e-06,50,100,100,251634,10 2 3 0 9 5 8 1 6 11 7 4 
32,3.30892e-06,3.97401e-06,2.99749e-06,50,100,100,251634,10 2 3 0 9 5 8 1 6 11 7 4 
33,3.30016e-06,3.97401e-06,2.95555e-06,50,100,100,251634,10 2 3 0 9 5 8 1 6 11 7 4 
34,3.3081e-06,3.97401e-06,2.94144e-06,50,100,100,251634,10 2 3 0 9 5 8 1 6 11 7 4 
35,3.31424e-06,3.97401e-06,2.92582e-06,50,100,100,251634,10 2 3 0 9 5 8 1 6 11 7 4 
36,3.32262e-06,3.97401e-06,2.92182e-06,50,100,100,251634,10 2 3 0 9 5 8 1 6 11 7 4 
37,3.34697e-06,3.97401e-06,3.03447e-06,50,100,100,251634,10 2 3 0 9 5 8 1 6 11 7 4 
38,3.32626e-06,3.97401e-06,2.92844e-06,50,100,100,251634,10 2 3 0 9 5 8 1 6 11 7 4 
39,3.32055e-06,3.97401e-06,2.9899e-06,50,100,100,251634,10 2 3 0 9 5 8 1 6 11 7 4 
40,3.32188e-06,3.97401e-06,2.9485e-06,50,100,100,251634,10 2 3 0 9 5 8 1 6 11 7 4 
41,3.33072e-06,3.97401e-06,2.96929e-06,50,100,100,251634,10 2 3 0 9 5 8 1 6 11 7 4 
42,3.33489e-06,3.97401e-06,2.92983e-06,50,100,100,251634,10 2 3 0 9 5 8 1 6 11 7 4 
43,3.31697e-06,3.97401e-06,2.99743e-06,50,100,100,251634,10 2 3 0 9 5 8 1 6 11 7 4 
44,3.31046e-06,3.97401e-06,2.96164e-06,50,100,100,251634,10 2 3 0 9 5 8 1 6 11 7 4 
45,3.3407e-06,3.97401e-06,2.95714e-06,50,100,100,251634,10 2 3 0 9 5 8 1 6 11 7 4 
46,3.34255e-06,3.97401e-06,3.00992e-06,50,100,100,251634,10 2 3 0 9 5 8 1 6 11 7 4 
47,3.34071e-06,3.97401e-06,2.91218e-06,50,100,100,251634,10 2 3 0 9 5 8 1 6 11 7 4 
48,3.35822e-06,3.97401e-06,3.01995e-06,50,100,100,251634,10 2 3 0 9 5 8 1 6 11 7 4 
49,3.34994e-06,3.97401e-06,2.94186e-06,50,100,100,251634,10 2 3 0 9 5 8 1 6 11 7 4 
50,3.34563e-06,3.97401e-06,2.99014e-06,50,100,100,251634,10 2 3 0 9 5 8 1 6 11 7 4 
51,3.36102e-06,3.97401e-06,3.06278e-06,50,100,100,251634,10 2 3 0 9 5 8 1 6 11 7 4 
52,3.35818e-06,3.97401e-06,3.0271e-06,50,100,100,251634,10 2 3 0 9 5 8 1 6 11 7 4 
53,3.34931e-06,3.97401e-06,2.9582e-06,50,100,100,251634,10 2 3 0 9 5 8 1 6 11 7 4 
54,3.3147e-06,4.01154e-06,2.96724e-06,50,100,100,249280,10 2 3 0 9 4 8 5 6 11 7 1 
55,3.32279e-06,4.01154e-06,2.89713e-06,50,100,100,249280,10 2 3 0 9 4 8 5 6 11 7 1 
56,3.33051e-06,4.01154e-06,2.982e-06,50,100,100,249280,10 2 3 0 9 4 8 5 6 11 7 1 
57,3.31147e-06,4.01154e-06,2.94124e-06,50,100,100,249280,10 2 3 0 9 4 8 5 6 11 7 1 
58,3.30081e-06,4.01154e-06,2.94595e-06,50,100,100,249280,10 2 3 0 9 4 8 5 6 11 7 1 
59,3.31347e-06,4.01154e-06,2.94974e-06,50,100,100,249280,10 2 3 0 9 4 8 5 6 11 7 1 
60,3.31719e-06,4.01154e-06,2.98344e-06,50,100,100,249280,10 2 3 0 9 4 8 5 6 11 7 1 
61,3.32824e-06,4.01154e-06,2.95941e-06,50,100,100,249280,10 2 3 0 9 4 8 5 6 11 7 1 
62,3.33768e-06,4.01154e-06,3.03644e-06,50,100,100,249280,10 2 3 0 9 4 8 5 6 11 7 1 
63,3.33408e-06,4.01154e-06,2.96059e-06,50,100,100,249280,10 2 3 0 9 4 8 5 6 11 7 1 
64,3.33935e-06,4.01154e-06,2.99643e-06,50,100,100,249280,10 2 3 0 9 4 8 5 6 11 7 1 
65,3.33766e-06,4.01154e-06,3.0566e-06,50,100,100,249280,10 2 3 0 9 4 8 5 6 11 7 1 
66,3.35842e-06,4.01154e-06,3.0044e-06,50,100,100,249280,10 2 3 0 9 4 8 5 6 11 7 1 
67,3.34403e-06,4.01154e-06,2.96036e-06,50,100,100,249280,10 2 3 0 9 4 8 5 6 11 7 1 
68,3.32271e-06,4.01154e-06,3.0207e-06,50,100,100,249280,10 2 3 0 9 4 8 5 6 11 7 1 
69,3.31359e-06,4.01154e-06,2.96274e-06,50,100,100,249280,10 2 3 0 9 4 8 5 6 11 7 1 
70,3.35349e-06,4.01154e-06,2.9704e-06,50,100,100,249280,10 2 3 0 9 4 8 5 6 11 7 1 
71,3.35123e-06,4.01154e-06,3.00682e-06,50,100,100,249280,10 2 3 0 9 4 8 5 6 11 7 1 
72,3.37181e-06,4.01154e-06,3.02853e-06,50,100,100,249280,10 2 3 0 9 4 8 5 6 11 7 1 
73,3.33932e-06,4.01154e-06,3.03635e-06,50,100,100,249280,10 2 3 0 9 4 8 5 6 11 7 1 
74,3.32637e-06,4.01154e-06,2.96324e-06,50,100,100,249280,10 2 3 0 9 4 8 5 6 11 7 1 
75,3.3358e-06,4.01154e-06,2.96673e-06,50,100,100,249280,10 2 3 0 9 4 8 5 6 11 7 1 
76,3.34258e-06,4.01154e-06,3.0089e-06,50,100,100,249280,10 2 3 0 9 4 8 5 6 11 7 1 
77,3.34443e-06,4.01154e-06,3.0346e-06,50,100,100,249280,10 2 3 0 9 4 8 5 6 11 7 1 
78,3.33466e-06,4.01154e-06,3.08548e-06,50,100,100,249280,10 2 3 0 9 4 8 5 6 11 7 1 
79,3.34277e-06,4.01154e-06,2.95953e-06,50,100,100,249280,10 2 3 0 9 4 8 5 6 11 7 1 
80,3.31701e-06,4.01154e-06,2.96018e-06,50,100,100,249280,10 2 3 0 9 4 8 5 6 11 7 1 
81,3.30727e-06,4.01154e-06,3.01835e-06,50,100,100,249280,10 2 3 0 9 4 8 5 6 11 7 1 
82,3.32139e-06,4.01154e-06,3.00794e-06,50,100,100,249280,10 2 3 0 9 4 8 5 6 11 7 1 
83,3.33719e-06,4.01154e-06,3.03373e-06,50,100,100,249280,10 2 3 0 9 4 8 5 6 11 7 1 
84,3.32491e-06,4.01154e-06,2.95321e-06,50,100,100,249280,10 2 3 0 9 4 8 5 6 11 7 1 
85,3.32243e-06,4.01154e-06,2.9296e-06,50,100,100,249280,10 2 3 0 9 4 8 5 6 11 7 1 
86,3.30726e-06,4.01154e-06,3.00417e-06,50,100,100,249280,10 2 3 0 9 4 8 5 6 11 7 1 
87,3.29245e-06,4.01154e-06,2.96295e-06,50,100,100,249280,10 2 3 0 9 4 8 5 6 11 7 1 
88,3.30725e-06,4.01154e-06,3.00664e-06,50,100,100,249280,10 2 3 0 9 4 8 5 6 11 7 1 
89,3.32232e-06,4.01154e-06,3.03268e-06,50,100,100,249280,10 2 3 0 9 4 8 5 6 11 7 1 
90,3.29005e-06,4.01154e-06,2.96561e-06,50,100,100,249280,10 2 3 0 9 4 8 5 6 11 7 1 
91,3.30682e-06,4.01154e-06,2.96425e-06,50,100,100,249280,10 2 3 0 9 4 8 5 6 11 7 1 
92,3.32764e-06,4.01154e-06,2.96013e-06,50,100,100,249280,10 2 3 0 9 4 8 5 6 11 7 1 
93,3.32062e-06,4.01154e-06,2.99094e-06,50,100,100,249280,10 2 3 0 9 4 8 5 6 11 7 1 
94,3.34541e-06,4.01154e-06,2.98079e-06,50,100,100,249280,10 2 3 0 9 4 8 5 6 11 7 1 
95,3.34244e-06,4.01154e-06,3.01358e-06,50,100,100,249280,10 2 3 0 9 4 8 5 6 11 7 1 
96,3.33672e-06,4.01154e-06,3.02811e-06,50,100,100,249280,10 2 3 0 9 4 8 5 6 11 7 1 
97,3.32771e-06,4.01154e-06,3.00879e-06,50,100,100,249280,10 2 3 0 9 4 8 5 6 11 7 1 
98,3.3396e-06,4.06545e-06,3.04354e-06,50,100,100,245974,10 2 3 0 9 4 6 5 8 11 7 1 
99,3.33058e-06,4.06545e-06,3.00474e-06,50,100,100,245974,10 2 3 0 9 4 6 5 8 11 7 1 
100,3.33303e-06,4.06545e-06,3.01266e-06,50,100,100,245974,10 2 3 0 9 4 6 5 8 11 7 1 
101,3.33105e-06,4.06545e-06,2.85883e-06,50,100,100,245974,10 2 3 0 9 4 6 5 8 11 7 1 
102,3.32325e-06,4.06545e-06,2.95373e-06,50,100,100,245974,10 2 3 0 9 4 6 5 8 11 7 1 
103,3.33402e-06,4.06545e-06,2.96765e-06,50,100,100,245974,10 2 3 0 9 4 6 5 8 11 7 1 
104,3.35746e-06,4.06545e-06,2.95717e-06,50,100,100,245974,10 2 3 0 9 4 6 5 8 11 7 1 
105,3.34341e-06,4.06545e-06,2.95338e-06,50,100,100,245974,10 2 3 0 9 4 6 5 8 11 7 1 
106,3.36794e-06,4.06545e-06,3.06623e-06,50,100,100,245974,10 2 3 0 9 4 6 5 8 11 7 1 
107,3.35046e-06,4.06545e-06,2.92648e-06,50,100,100,245974,10 2 3 0 9 4 6 5 8 11 7 1 
108,3.37438e-06,4.06545e-06,2.97247e-06,50,100,100,245974,10 2 3 0 9 4 6 5 8 11 7 1 
109,3.35335e-06,4.06545e-06,3.00919e-06,50,100,100,245974,10 2 3 0 9 4 6 5 8 11 7 1 
110,3.3619e-06,4.06545e-06,2.96422e-06,50,100,100,245974,10 2 3 0 9 4 6 5 8 11 7 1 
111,3.35139e-06,4.06545e-06,2.95056e-06,50,100,100,245974,10 2 3 0 9 4 6 5 8 11 7 1 
112,3.36848e-06,4.06545e-06,2.96241e-06,50,100,100,245974,10 2 3 0 9 4 6 5 8 11 7 1 
113,3.35935e-06,4.06545e-06,3.00615e-06,50,100,100,245974,10 2 3 0 9 4 6 5 8 11 7 1 
114,3.3599e-06,4.06545e-06,3.06484e-06,50,100,100,245974,10 2 3 0 9 4 6 5 8 11 7 1 
115,3.32846e-06,4.06545e-06,2.96659e-06,50,100,100,245974,10 2 3 0 9 4 6 5 8 11 7 1 
116,3.37053e-06,4.06545e-06,2.96934e-06,50,100,100,245974,10 2 3 0 9 4 6 5 8 11 7 1 
117,3.33321e-06,4.06545e-06,2.98104e-06,50,100,100,245974,10 2 3 0 9 4 6 5 8 11 7 1 
118,3.34121e-06,4.06545e-06,2.95356e-06,50,100,100,245974,10 2 3 0 9 4 6 5 8 11 7 1 
119,3.33572e-06,4.06545e-06,2.99314e-06,50,100,100,245974,10 2 3 0 9 4 6 5 8 11 7 1 
120,3.33523e-06,4.06545e-06,2.95726e-06,50,100,100,245974,10 2 3 0 9 4 6 5 8 11 7 1 
121,3.36238e-06,4.06545e-06,2.99278e-06,50,100,100,245974,10 2 3 0 9 4 6 5 8 11 7 1 
122,3.36324e-06,4.06545e-06,3.03298e-06,50,100,100,245974,10 2 3 0 9 4 6 5 8 11 7 1 
123,3.348e-06,4.06545e-06,2.90508e-06,50,100,100,245974,10 2 3 0 9 4 6 5 8 11 7 1 
124,3.33613e-06,4.06545e-06,3.00494e-06,50,100,100,245974,10 2 3 0 9 4 6 5 8 11 7 1 
125,3.30931e-06,4.06545e-06,2.90418e-06,50,100,100,245974,10 2 3 0 9 4 6 5 8 11 7 1 
126,3.34191e-06,4.06545e-06,3.01915e-06,50,100,100,245974,10 2 3 0 9 4 6 5 8 11 7 1 
127,3.31878e-06,4.06545e-06,3.01578e-06,50,100,100,245974,10 2 3 0 9 4 6 5 8 11 7 1 
128,3.31514e-06,4.06545e-06,3.00972e-06,50,100,100,245974,10 2 3 0 9 4 6 5 8 11 7 1 
129,3.3154e-06,4.06545e-06,3.02165e-06,50,100,100,245974,10 2 3 0 9 4 6 5 8 11 7 1 
130,3.3065e-06,4.08035e-06,2.96325e-06,50,100,100,245076,10 3 6 4 7 2 9 0 8 5 11 1 
131,3.30664e-06,4.08035e-06,2.89893e-06,50,100,100,245076,10 3 6 4 7 2 9 0 8 5 11 1 
132,3.28265e-06,4.08035e-06,2.96071e-06,50,100,100,245076,10 3 6 4 7 2 9 0 8 5 11 1 
133,3.34383e-06,4.08035e-06,3.02379e-06,50,100,100,245076,10 3 6 4 7 2 9 0 8 5 11 1 
134,3.33739e-06,4.08035e-06,3.04169e-06,50,100,100,245076,10 3 6 4 7 2 9 0 8 5 11 1 
135,3.30605e-06,4.08035e-06,2.8948e-06,50,100,100,245076,10 3 6 4 7 2 9 0 8 5 11 1 
136,3.34101e-06,4.08035e-06,2.99954e-06,50,100,100,245076,10 3 6 4 7 2 9 0 8 5 11 1 
137,3.31289e-06,4.08035e-06,2.9401e-06,50,100,100,245076,10 3 6 4 7 2 9 0 8 5 11 1 
138,3.33327e-06,4.08035e-06,2.95577e-06,50,100,100,245076,10 3 6 4 7 2 9 0 8 5 11 1 
139,3.34156e-06,4.08035e-06,2.99939e-06,50,100,100,245076,10 3 6 4 7 2 9 0 8 5 11 1 
140,3.33274e-06,4.08035e-06,3.00388e-06,50,100,100,245076,10 3 6 4 7 2 9 0 8 5 11 1 
141,3.30435e-06,4.08035e-06,2.98325e-06,50,100,100,245076,10 3 6 4 7 2 9 0 8 5 11 1 
142,3.30568e-06,4.08035e-06,2.92023e-06,50,100,100,245076,10 3 6 4 7 2 9 0 8 5 11 1 
143,3.30645e-06,4.08035e-06,3.01053e-06,50,100,100,245076,10 3 6 4 7 2 9 0 8 5 11 1 
144,3.30835e-06,4.08035e-06,2.90759e-06,50,100,100,245076,10 3 6 4 7 2 9 0 8 5 11 1 
145,3.31643e-06,4.08035e-06,3.02571e-06,50,100,100,245076,10 3 6 4 7 2 9 0 8 5 11 1 
146,3.33226e-06,4.08035e-06,3.02822e-06,50,100,100,245076,10 3 6 4 7 2 9 0 8 5 11 1 
147,3.35559e-06,4.08035e-06,2.953e-06,50,100,100,245076,10 3 6 4 7 2 9 0 8 5 11 1 
148,3.35812e-06,4.08035e-06,3.01162e-06,50,100,100,245076,10 3 6 4 7 2 9 0 8 5 11 1 
149,3.34502e-06,4.08035e-06,2.97418e-06,50,100,100,245076,10 3 6 4 7 2 9 0 8 5 11 1 
150,3.33952e-06,4.08035e-06,3.01471e-06,50,100,100,245076,10 3 6 4 7 2 9 0 8 5 11 1 
151,3.36521e-06,4.08035e-06,2.99725e-06,50,100,100,245076,10 3 6 4 7 2 9 0 8 5 11 1 
152,3.31586e-06,4.08035e-06,3.01171e-06,50,100,100,245076,10 3 6 4 7 2 9 0 8 5 11 1 
153,3.34786e-06,4.08035e-06,2.97211e-06,50,100,100,245076,10 3 6 4 7 2 9 0 8 5 11 1 
154,3.31876e-06,4.08035e-06,2.93597e-06,50,100,100,245076,10 3 6 4 7 2 9 0 8 5 11 1 
155,3.33317e-06,4.08035e-06,2.95281e-06,50,100,100,245076,10 3 6 4 7 2 9 0 8 5 11 1 
156,3.32889e-06,4.08035e-06,2.99071e-06,50,100,100,245076,10 3 6 4 7 2 9 0 8 5 11 1 
157,3.31474e-06,4.08035e-06,2.94588e-06,50,100,100,245076,10 3 6 4 7 2 9 0 8 5 11 1 
158,3.31754e-06,4.08035e-06,2.98865e-06,50,100,100,245076,10 3 6 4 7 2 9 0 8 5 11 1 
159,3.33264e-06,4.08035e-06,2.96176e-06,50,100,100,245076,10 3 6 4 7 2 9 0 8 5 11 1 
160,3.33555e-06,4.08035e-06,2.9556e-06,50,100,100,245076,10 3 6 4 7 2 9 0 8 5 11 1 
161,3.29722e-06,4.08035e-06,2.96797e-06,50,100,100,245076,10 3 6 4 7 2 9 0 8 5 11 1 
162,3.2869e-06,4.08035e-06,2.95059e-06,50,100,100,245076,10 3 6 4 7 2 9 0 8 5 11 1 
163,3.28989e-06,4.08035e-06,2.97579e-06,50,100,100,245076,10 3 6 4 7 2 9 0 8 5 11 1 
164,3.28668e-06,4.08035e-06,2.98188e-06,50,100,100,245076,10 3 6 4 7 2 9 0 8 5 11 1 
165,3.30193e-06,4.08035e-06,2.98453e-06,50,100,100,245076,10 3 6 4 7 2 9 0 8 5 11 1 
166,3.31797e-06,4.08035e-06,2.93588e-06,50,100,100,245076,10 3 6 4 7 2 9 0 8 5 11 1 
167,3.33632e-06,4.08035e-06,2.94361e-06,50,100,100,245076,10 3 6 4 7 2 9 0 8 5 11 1 
168,3.30295e-06,4.08035e-06,2.96355e-06,50,100,100,245076,10 3 6 4 7 2 9 0 8 5 11 1 
169,3.32438e-06,4.08035e-06,2.93942e-06,50,100,100,245076,10 3 6 4 7 2 9 0 8 5 11 1 
170,3.36435e-06,4.08035e-06,3.00002e-06,50,100,100,245076,10 3 6 4 7 2 9 0 8 5 11 1 
171,3.33955e-06,4.08035e-06,2.96899e-06,50,100,100,245076,10 3 6 4 7 2 9 0 8 5 11 1 
172,3.33658e-06,4.08035e-06,2.94507e-06,50,100,100,245076,10 3 6 4 7 2 9 0 8 5 11 1 
173,3.35178e-06,4.08035e-06,3.02859e-06,50,100,100,245076,10 3 6 4 7 2 9 0 8 5 11 1 
174,3.33373e-06,4.08035e-06,3.02706e-06,50,100,100,245076,10 3 6 4 7 2 9 0 8 5 11 1 
175,3.34552e-06,4.08035e-06,3.03546e-06,50,100,100,245076,10 3 6 4 7 2 9 0 8 5 11 1 
176,3.33465e-06,4.08035e-06,2.99587e-06,50,100,100,245076,10 3 6 4 7 2 9 0 8 5 11 1 
177,3.32851e-06,4.08035e-06,2.95955e-06,50,100,100,245076,10 3 6 4 7 2 9 0 8 5 11 1 
178,3.33919e-06,4.08035e-06,2.9282e-06,50,100,100,245076,10 3 6 4 7 2 9 0 8 5 11 1 
179,3.32228e-06,4.08035e-06,3.01014e-06,50,100,100,245076,10 3 6 4 7 2 9 0 8 5 11 1 
180,3.32382e-06,4.08035e-06,2.99977e-06,50,100,100,245076,10 3 6 4 7 2 9 0 8 5 11 1 
181,3.34667e-06,4.08035e-06,2.92214e-06,50,100,100,245076,10 3 6 4 7 2 9 0 8 5 11 1 
182,3.30154e-06,4.08035e-06,2.99537e-06,50,100,100,245076,10 3 6 4 7 2 9 0 8 5 11 1 
183,3.3438e-06,4.08035e-06,2.90685e-06,50,100,100,245076,10 3 6 4 7 2 9 0 8 5 11 1 
184,3.35006e-06,4.08035e-06,3.00619e-06,50,100,100,245076,10 3 6 4 7 2 9 0 8 5 11 1 
185,3.34486e-06,4.08035e-06,3.04994e-06,50,100,100,245076,10 3 6 4 7 2 9 0 8 5 11 1 
186,3.36989e-06,4.08035e-06,3.06872e-06,50,100,100,245076,10 3 6 4 7 2 9 0 8 5 11 1 
187,3.35414e-06,4.08035e-06,3.0217e-06,50,100,100,245076,10 3 6 4 7 2 9 0 8 5 11 1 
188,3.35662e-06,4.08035e-06,2.95903e-06,50,100,100,245076,10 3 6 4 7 2 9 0 8 5 11 1 
189,3.35093e-06,4.08035e-06,3.03077e-06,50,100,100,245076,10 3 6 4 7 2 9 0 8 5 11 1 
190,3.3491e-06,4.08035e-06,3.02699e-06,50,100,100,245076,10 3 6 4 7 2 9 0 8 5 11 1 
191,3.34719e-06,4.08035e-06,3.01505e-06,50,100,100,245076,10 3 6 4 7 2 9 0 8 5 11 1 
192,3.34084e-06,4.08035e-06,2.94503e-06,50,100,100,245076,10 3 6 4 7 2 9 0 8 5 11 1 
193,3.34273e-06,4.08035e-06,3.02694e-06,50,100,100,245076,10 3 6 4 7 2 9 0 8 5 11 1 
194,3.35655e-06,4.08035e-06,3.04035e-06,50,100,100,245076,10 3 6 4 7 2 9 0 8 5 11 1 
195,3.31146e-06,4.08035e-06,3.02954e-06,50,100,100,245076,10 3 6 4 7 2 9 0 8 5 11 1 
196,3.33562e-06,4.08035e-06,3.01371e-06,50,100,100,245076,10 3 6 4 7 2 9 0 8 5 11 1 
197,3.36053e-06,4.08035e-06,3.03171e-06,50,100,100,245076,10 3 6 4 7 2 9 0 8 5 11 1 
198,3.35354e-06,4.08035e-06,3.02949e-06,50,100,100,245076,10 3 6 4 7 2 9 0 8 5 11 1 
199,3.34089e-06,4.08035e-06,2.88975e-06,50,100,100,245076,10 3 6 4 7 2 9 0 8 5 11 1 
200,3.35015e-06,4.08035e-06,2.93378e-06,50,100,100,245076,10 3 6 4 7 2 9 0 8 5 11 1 
201,3.34641e-06,4.08035e-06,2.99847e-06,50,100,100,245076,10 3 6 4 7 2 9 0 8 5 11 1 
202,3.36175e-06,4.08035e-06,2.99682e-06,50,100,100,245076,10 3 6 4 7 2 9 0 8 5 11 1 
203,3.33677e-06,4.08035e-06,3.00585e-06,50,100,100,245076,10 3 6 4 7 2 9 0 8 5 11 1 
204,3.31938e-06,4.08035e-06,3.00263e-06,50,100,100,245076,10 3 6 4 7 2 9 0 8 5 11 1 
205,3.33868e-06,4.08035e-06,2.97054e-06,50,100,100,245076,10 3 6 4 7 2 9 0 8 5 11 1 
206,3.34728e-06,4.08035e-06,2.92151e-06,50,100,100,245076,10 3 6 4 7 2 9 0 8 5 11 1 
207,3.36143e-06,4.08035e-06,2.9981e-06,50,100,100,245076,10 3 6 4 7 2 9 0 8 5 11 1 
208,3.32352e-06,4.08035e-06,2.9814e-06,50,100,100,245076,10 3 6 4 7 2 9 0 8 5 11 1 
209,3.30254e-06,4.08035e-06,2.92964e-06,50,100,100,245076,10 3 6 4 7 2 9 0 8 5 11 1 
210,3.29702e-06,4.08035e-06,2.90206e-06,50,100,100,245076,10 3 6 4 7 2 9 0 8 5 11 1 
211,3.31154e-06,4.08035e-06,2.9793e-06,50,100,100,245076,10 3 6 4 7 2 9 0 8 5 11 1 
212,3.27873e-06,4.08035e-06,3.00013e-06,50,100,100,245076,10 3 6 4 7 2 9 0 8 5 11 1 
213,3.32809e-06,4.08035e-06,2.92245e-06,50,100,100,245076,10 3 6 4 7 2 9 0 8 5 11 1 
214,3.31691e-06,4.08035e-06,2.93611e-06,50,100,100,245076,10 3 6 4 7 2 9 0 8 5 11 1 
215,3.30407e-06,4.08035e-06,2.93966e-06,50,100,100,245076,10 3 6 4 7 2 9 0 8 5 11 1 
216,3.3289e-06,4.08035e-06,2.99424e-06,50,100,100,245076,10 3 6 4 7 2 9 0 8 5 11 1 
217,3.33273e-06,4.08035e-06,3.01367e-06,50,100,100,245076,10 3 6 4 7 2 9 0 8 5 11 1 
218,3.3381e-06,4.08035e-06,2.98371e-06,50,100,100,245076,10 3 6 4 7 2 9 0 8 5 11 1 
219,3.3417e-06,4.08035e-06,2.93882e-06,50,100,100,245076,10 3 6 4 7 2 9 0 8 5 11 1 
220,3.31689e-06,4.08035e-06,3.02714e-06,50,100,100,245076,10 3 6 4 7 2 9 0 8 5 11 1 
221,3.33516e-06,4.08035e-06,3.02663e-06,50,100,100,245076,10 3 6 4 7 2 9 0 8 5 11 1 
222,3.3391e-06,4.08035e-06,2.88865e-06,50,100,100,245076,10 3 6 4 7 2 9 0 8 5 11 1 
223,3.35203e-06,4.08035e-06,2.96964e-06,50,100,100,245076,10 3 6 4 7 2 9 0 8 5 11 1 
224,3.32211e-06,4.08035e-06,2.97627e-06,50,100,100,245076,10 3 6 4 7 2 9 0 8 5 11 1 
225,3.31907e-06,4.08035e-06,3.01891e-06,50,100,100,245076,10 3 6 4 7 2 9 0 8 5 11 1 
226,3.33902e-06,4.08035e-06,3.00565e-06,50,100,100,245076,10 3 6 4 7 2 9 0 8 5 11 1 
227,3.32594e-06,4.08035e-06,3.01868e-06,50,100,100,245076,10 3 6 4 7 2 9 0 8 5 11 1 
228,3.34305e-06,4.08035e-06,3.04476e-06,50,100,100,245076,10 3 6 4 7 2 9 0 8 5 11 1 
229,3.33044e-06,4.08035e-06,2.93864e-06,50,100,100,245076,10 3 6 4 7 2 9 0 8 5 11 1 
230,3.30549e-06,4.08035e-06,2.95857e-06,50,100,100,245076,10 3 6 4 7 2 9 0 8 5 11 1 
231,3.3248e-06,4.08035e-06,2.95834e-06,50,100,100,245076,10 3 6 4 7 2 9 0 8 5 11 1 
232,3.36548e-06,4.08035e-06,2.98708e-06,50,100,100,245076,10 3 6 4 7 2 9 0 8 5 11 1 
233,3.37564e-06,4.08035e-06,2.98412e-06,50,100,100,245076,10 3 6 4 7 2 9 0 8 5 11 1 
234,3.36557e-06,4.08035e-06,2.97758e-06,50,100,100,245076,10 3 6 4 7 2 9 0 8 5 11 1 
235,3.36279e-06,4.08035e-06,2.90304e-06,50,100,100,245076,10 3 6 4 7 2 9 0 8 5 11 1 
236,3.3551e-06,4.08035e-06,2.99207e-06,50,100,100,245076,10 3 6 4 7 2 9 0 8 5 11 1 
237,3.34337e-06,4.08035e-06,2.97936e-06,50,100,100,245076,10 3 6 4 7 2 9 0 8 5 11 1 
238,3.32172e-06,4.08035e-06,2.96508e-06,50,100,100,245076,10 3 6 4 7 2 9 0 8 5 11 1 
239,3.35641e-06,4.08035e-06,2.97201e-06,50,100,100,245076,10 3 6 4 7 2 9 0 8 5 11 1 
240,3.34887e-06,4.08035e-06,2.9635e-06,50,100,100,245076,10 3 6 4 7 2 9 0 8 5 11 1 
241,3.34588e-06,4.08035e-06,2.9888e-06,50,100,100,245076,10 3 6 4 7 2 9 0 8 5 11 1 
242,3.3515e-06,4.08035e-06,2.96742e-06,50,100,100,245076,10 3 6 4 7 2 9 0 8 5 11 1 
243,3.36455e-06,4.08035e-06,3.04354e-06,50,100,100,245076,10 3 6 4 7 2 9 0 8 5 11 1 
244,3.35885e-06,4.08035e-06,3.04265e-06,50,100,100,245076,10 3 6 4 7 2 9 0 8 5 11 1 
245,3.3466e-06,4.08035e-06,3.00791e-06,50,100,100,245076,10 3 6 4 7 2 9 0 8 5 11 1 
246,3.34986e-06,4.08035e-06,2.95645e-06,50,100,100,245076,10 3 6 4 7 2 9 0 8 5 11 1 
247,3.36297e-06,4.08035e-06,3.06968e-06,50,100,100,245076,10 3 6 4 7 2 9 0 8 5 11 1 
248,3.32682e-06,4.08035e-06,2.94786e-06,50,100,100,245076,10 3 6 4 7 2 9 0 8 5 11 1 
249,3.36997e-06,4.08035e-06,2.94271e-06,50,100,100,245076,10 3 6 4 7 2 9 0 8 5 11 1 
250,3.3448e-06,4.08035e-06,3.04584e-06,50,100,100,245076,10 3 6 4 7 2 9 0 8 5 11 1 
251,3.31888e-06,4.08035e-06,3.03784e-06,50,100,100,245076,10 3 6 4 7 2 9 0 8 5 11 1 
252,3.33927e-06,4.08035e-06,3.03226e-06,50,100,100,245076,10 3 6 4 7 2 9 0 8 5 11 1 
253,3.31342e-06,4.08035e-06,2.94673e-06,50,100,100,245076,10 3 6 4 7 2 9 0 8 5 11 1 
254,3.35351e-06,4.08035e-06,3.06716e-06,50,100,100,245076,10 3 6 4 7 2 9 0 8 5 11 1 
255,3.34085e-06,4.08035e-06,3.00292e-06,50,100,100,245076,10 3 6 4 7 2 9 0 8 5 11 1 
256,3.34579e-06,4.08035e-06,2.99176e-06,50,100,100,245076,10 3 6 4 7 2 9 0 8 5 11 1 
257,3.343e-06,4.08035e-06,3.0061e-06,50,100,100,245076,10 3 6 4 7 2 9 0 8 5 11 1 
258,3.35421e-06,4.08035e-06,3.06561e-06,50,100,100,245076,10 3 6 4 7 2 9 0 8 5 11 1 
259,3.37039e-06,4.08035e-06,3.04015e-06,50,100,100,245076,10 3 6 4 7 2 9 0 8 5 11 1 
260,3.38055e-06,4.08035e-06,3.02019e-06,50,100,100,245076,10 3 6 4 7 2 9 0 8 5 11 1 
261,3.37644e-06,4.08035e-06,3.05864e-06,50,100,100,245076,10 3 6 4 7 2 9 0 8 5 11 1 
262,3.38208e-06,4.08035e-06,2.98154e-06,50,100,100,245076,10 3 6 4 7 2 9 0 8 5 11 1 
263,3.37193e-06,4.08035e-06,3.0156e-06,50,100,100,245076,10 3 6 4 7 2 9 0 8 5 11 1 
264,3.37925e-06,4.08035e-06,2.93093e-06,50,100,100,245076,10 3 6 4 7 2 9 0 8 5 11 1 
265,3.3569e-06,4.08035e-06,3.02531e-06,50,100,100,245076,10 3 6 4 7 2 9 0 8 5 11 1 
266,3.36484e-06,4.08035e-06,2.95854e-06,50,100,100,245076,10 3 6 4 7 2 9 0 8 5 11 1 
267,3.35479e-06,4.08035e-06,3.06844e-06,50,100,100,245076,10 3 6 4 7 2 9 0 8 5 11 1 
268,3.33393e-06,4.08035e-06,2.99082e-06,50,100,100,245076,10 3 6 4 7 2 9 0 8 5 11 1 
269,3.32852e-06,4.08035e-06,2.97849e-06,50,100,100,245076,10 3 6 4 7 2 9 0 8 5 11 1 
270,3.32097e-06,4.08035e-06,3.00614e-06,50,100,100,245076,10 3 6 4 7 2 9 0 8 5 11 1 
271,3.33925e-06,4.08035e-06,2.96248e-06,50,100,100,245076,10 3 6 4 7 2 9 0 8 5 11 1 
272,3.37935e-06,4.08035e-06,2.99513e-06,50,100,100,245076,10 3 6 4 7 2 9 0 8 5 11 1 
273,3.36926e-06,4.08035e-06,2.98457e-06,50,100,100,245076,10 3 6 4 7 2 9 0 8 5 11 1 
274,3.34909e-06,4.08035e-06,2.99783e-06,50,100,100,245076,10 3 6 4 7 2 9 0 8 5 11 1 
275,3.38604e-06,4.08035e-06,3.03841e-06,50,100,100,245076,10 3 6 4 7 2 9 0 8 5 11 1 
276,3.35515e-06,4.08035e-06,2.95771e-06,50,100,100,245076,10 3 6 4 7 2 9 0 8 5 11 1 
277,3.33387e-06,4.08035e-06,2.94354e-06,50,100,100,245076,10 3 6 4 7 2 9 0 8 5 11 1 
278,3.31067e-06,4.08035e-06,2.97033e-06,50,100,100,245076,10 3 6 4 7 2 9 0 8 5 11 1 
279,3.32183e-06,4.08035e-06,2.92691e-06,50,100,100,245076,10 3 6 4 7 2 9 0 8 5 11 1 
280,3.31389e-06,4.08035e-06,2.96192e-06,50,100,100,245076,10 3 6 4 7 2 9 0 8 5 11 1 
281,3.32321e-06,4.08035e-06,2.92732e-06,50,100,100,245076,10 3 6 4 7 2 9 0 8 5 11 1 
282,3.32265e-06,4.08035e-06,2.96529e-06,50,100,100,245076,10 3 6 4 7 2 9 0 8 5 11 1 
283,3.36073e-06,4.08035e-06,2.97971e-06,50,100,100,245076,10 3 6 4 7 2 9 0 8 5 11 1 
284,3.36846e-06,4.08035e-06,2.99946e-06,50,100,100,245076,10 3 6 4 7 2 9 0 8 5 11 1 
285,3.3526e-06,4.08035e-06,2.9172e-06,50,100,100,245076,10 3 6 4 7 2 9 0 8 5 11 1 
286,3.37209e-06,4.08035e-06,2.95291e-06,50,100,100,245076,10 3 6 4 7 2 9 0 8 5 11 1 
287,3.37908e-06,4.08035e-06,2.94243e-06,50,100,100,245076,10 3 6 4 7 2 9 0 8 5 11 1 
288,3.35506e-06,4.08035e-06,3.01631e-06,50,100,100,245076,10 3 6 4 7 2 9 0 8 5 11 1 
289,3.3653e-06,4.08035e-06,2.9889e-06,50,100,100,245076,10 3 6 4 7 2 9 0 8 5 11 1 
290,3.35876e-06,4.08035e-06,2.99819e-06,50,100,100,245076,10 3 6 4 7 2 9 0 8 5 11 1 
291,3.34228e-06,4.08035e-06,3.00498e-06,50,100,100,245076,10 3 6 4 7 2 9 0 8 5 11 1 
292,3.30734e-06,4.08035e-06,2.942e-06,50,100,100,245076,10 3 6 4 7 2 9 0 8 5 11 1 
293,3.34687e-06,4.08035e-06,2.96345e-06,50,100,100,245076,10 3 6 4 7 2 9 0 8 5 11 1 
294,3.34348e-06,4.08035e-06,2.96649e-06,50,100,100,245076,10 3 6 4 7 2 9 0 8 5 11 1 
295,3.32454e-06,4.08035e-06,3.0122e-06,50,100,100,245076,10 3 6 4 7 2 9 0 8 5 11 1 
296,3.30875e-06,4.08035e-06,2.98245e-06,50,100,100,245076,10 3 6 4 7 2 9 0 8 5 11 1 
297,3.31031e-06,4.08035e-06,2.98039e-06,50,100,100,245076,10 3 6 4 7 2 9 0 8 5 11 1 
298,3.3242e-06,4.08035e-06,2.9812e-06,50,100,100,245076,10 3 6 4 7 2 9 0 8 5 11 1 
299,3.31915e-06,4.08035e-06,3.01766e-06,50,100,100,245076,10 3 6 4 7 2 9 0 8 5 11 1 
300,3.33579e-06,4.08035e-06,2.92072e-06,50,100,100,245076,10 3 6 4 7 2 9 0 8 5 11 1 
301,3.35218e-06,4.08035e-06,2.99515e-06,50,100,100,245076,10 3 6 4 7 2 9 0 8 5 11 1 
302,3.36189e-06,4.08035e-06,3.01425e-06,50,100,100,245076,10 3 6 4 7 2 9 0 8 5 11 1 
303,3.35322e-06,4.08035e-06,2.98028e-06,50,100,100,245076,10 3 6 4 7 2 9 0 8 5 11 1 
304,3.334e-06,4.08035e-06,2.9287e-06,50,100,100,245076,10 3 6 4 7 2 9 0 8 5 11 1 
305,3.32514e-06,4.26263e-06,2.96871e-06,50,100,100,234596,1 3 6 4 7 2 9 0 8 5 11 10 
306,3.35892e-06,4.26263e-06,2.94962e-06,50,100,100,234596,1 3 6 4 7 2 9 0 8 5 11 10 
307,3.34064e-06,4.26263e-06,2.95953e-06,50,100,100,234596,1 3 6 4 7 2 9 0 8 5 11 10 
308,3.34543e-06,4.26263e-06,3.00668e-06,50,100,100,234596,1 3 6 4 7 2 9 0 8 5 11 10 
309,3.31762e-06,4.26263e-06,2.95162e-06,50,100,100,234596,1 3 6 4 7 2 9 0 8 5 11 10 
310,3.34377e-06,4.26263e-06,2.91663e-06,50,100,100,234596,1 3 6 4 7 2 9 0 8 5 11 10 
311,3.35299e-06,4.26263e-06,2.96385e-06,50,100,100,234596,1 3 6 4 7 2 9 0 8 5 11 10 
312,3.32657e-06,4.26263e-06,2.94387e-06,50,100,100,234596,1 3 6 4 7 2 9 0 8 5 11 10 
313,3.31824e-06,4.26263e-06,3.02017e-06,50,100,100,234596,1 3 6 4 7 2 9 0 8 5 11 10 
314,3.35217e-06,4.26263e-06,3.08447e-06,50,100,100,234596,1 3 6 4 7 2 9 0 8 5 11 10 
315,3.3186e-06,4.26263e-06,2.97888e-06,50,100,100,234596,1 3 6 4 7 2 9 0 8 5 11 10 
316,3.34974e-06,4.26263e-06,3.04207e-06,50,100,100,234596,1 3 6 4 7 2 9 0 8 5 11 10 
317,3.33078e-06,4.26263e-06,2.98787e-06,50,100,100,234596,1 3 6 4 7 2 9 0 8 5 11 10 
318,3.33204e-06,4.26263e-06,2.9689e-06,50,100,100,234596,1 3 6 4 7 2 9 0 8 5 11 10 
319,3.30594e-06,4.26263e-06,2.89408e-06,50,100,100,234596,1 3 6 4 7 2 9 0 8 5 11 10 
320,3.31278e-06,4.26263e-06,3.02765e-06,50,100,100,234596,1 3 6 4 7 2 9 0 8 5 11 10 
321,3.31855e-06,4.26263e-06,2.98021e-06,50,100,100,234596,1 3 6 4 7 2 9 0 8 5 11 10 
322,3.33686e-06,4.26263e-06,3.04626e-06,50,100,100,234596,1 3 6 4 7 2 9 0 8 5 11 10 
323,3.32736e-06,4.26263e-06,2.91766e-06,50,100,100,234596,1 3 6 4 7 2 9 0 8 5 11 10 
324,3.34031e-06,4.26263e-06,2.97307e-06,50,100,100,234596,1 3 6 4 7 2 9 0 8 5 11 10 
325,3.34969e-06,4.26263e-06,2.97615e-06,50,100,100,234596,1 3 6 4 7 2 9 0 8 5 11 10 
326,3.31737e-06,4.26263e-06,3.00116e-06,50,100,100,234596,1 3 6 4 7 2 9 0 8 5 11 10 
327,3.33525e-06,4.26263e-06,3.00316e-06,50,100,100,234596,1 3 6 4 7 2 9 0 8 5 11 10 
328,3.33805e-06,4.26263e-06,2.94887e-06,50,100,100,234596,1 3 6 4 7 2 9 0 8 5 11 10 
329,3.33441e-06,4.26263e-06,2.9639e-06,50,100,100,234596,1 3 6 4 7 2 9 0 8 5 11 10 
330,3.33492e-06,4.26263e-06,3.01651e-06,50,100,100,234596,1 3 6 4 7 2 9 0 8 5 11 10 
331,3.3145e-06,4.26263e-06,2.91169e-06,50,100,100,234596,1 3 6 4 7 2 9 0 8 5 11 10 
332,3.29449e-06,4.26263e-06,2.9798e-06,50,100,100,234596,1 3 6 4 7 2 9 0 8 5 11 10 
333,3.33072e-06,4.26263e-06,3.0325e-06,50,100,100,234596,1 3 6 4 7 2 9 0 8 5 11 10 
334,3.31136e-06,4.26263e-06,2.96797e-06,50,100,100,234596,1 3 6 4 7 2 9 0 8 5 11 10 
335,3.31458e-06,4.26263e-06,2.98401e-06,50,100,100,234596,1 3 6 4 7 2 9 0 8 5 11 10 
336,3.28196e-06,4.26263e-06,2.94359e-06,50,100,100,234596,1 3 6 4 7 2 9 0 8 5 11 10 
337,3.32431e-06,4.26263e-06,2.98819e-06,50,100,100,234596,1 3 6 4 7 2 9 0 8 5 11 10 
338,3.32032e-06,4.26263e-06,2.96327e-06,50,100,100,234596,1 3 6 4 7 2 9 0 8 5 11 10 
339,3.3169e-06,4.26263e-06,2.95626e-06,50,100,100,234596,1 3 6 4 7 2 9 0 8 5 11 10 
340,3.3262e-06,4.26263e-06,2.93816e-06,50,100,100,234596,1 3 6 4 7 2 9 0 8 5 11 10 
341,3.30969e-06,4.26263e-06,3.00153e-06,50,100,100,234596,1 3 6 4 7 2 9 0 8 5 11 10 
342,3.33208e-06,4.26263e-06,2.97259e-06,50,100,100,234596,1 3 6 4 7 2 9 0 8 5 11 10 
343,3.33209e-06,4.26263e-06,2.99364e-06,50,100,100,234596,1 3 6 4 7 2 9 0 8 5 11 10 
344,3.35461e-06,4.26263e-06,3.04302e-06,50,100,100,234596,1 3 6 4 7 2 9 0 8 5 11 10 
345,3.30843e-06,4.26263e-06,2.95642e-06,50,100,100,234596,1 3 6 4 7 2 9 0 8 5 11 10 
346,3.32933e-06,4.26263e-06,2.94202e-06,50,100,100,234596,1 3 6 4 7 2 9 0 8 5 11 10 
347,3.30314e-06,4.26263e-06,2.98949e-06,50,100,100,234596,1 3 6 4 7 2 9 0 8 5 11 10 
348,3.34487e-06,4.26263e-06,2.98603e-06,50,100,100,234596,1 3 6 4 7 2 9 0 8 5 11 10 
349,3.31243e-06,4.26263e-06,2.94922e-06,50,100,100,234596,1 3 6 4 7 2 9 0 8 5 11 10 
350,3.33891e-06,4.26263e-06,3.00409e-06,50,100,100,234596,1 3 6 4 7 2 9 0 8 5 11 10 
351,3.339e-06,4.26263e-06,3.0307e-06,50,100,100,234596,1 3 6 4 7 2 9 0 8 5 11 10 
352,3.34456e-06,4.26263e-06,3.00332e-06,50,100,100,234596,1 3 6 4 7 2 9 0 8 5 11 10 
353,3.36984e-06,4.26263e-06,3.00917e-06,50,100,100,234596,1 3 6 4 7 2 9 0 8 5 11 10 
354,3.36111e-06,4.26263e-06,2.9568e-06,50,100,100,234596,1 3 6 4 7 2 9 0 8 5 11 10 
355,3.39029e-06,4.26263e-06,2.9792e-06,50,100,100,234596,1 3 6 4 7 2 9 0 8 5 11 10 
356,3.37465e-06,4.26263e-06,2.9986e-06,50,100,100,234596,1 3 6 4 7 2 9 0 8 5 11 10 
357,3.35788e-06,4.26263e-06,3.04678e-06,50,100,100,234596,1 3 6 4 7 2 9 0 8 5 11 10 
358,3.35664e-06,4.26263e-06,3.06088e-06,50,100,100,234596,1 3 6 4 7 2 9 0 8 5 11 10 
359,3.33232e-06,4.26263e-06,2.94661e-06,50,100,100,234596,1 3 6 4 7 2 9 0 8 5 11 10 
360,3.33676e-06,4.26263e-06,2.99153e-06,50,100,100,234596,1 3 6 4 7 2 9 0 8 5 11 10 
361,3.34e-06,4.26263e-06,3.01567e-06,50,100,100,234596,1 3 6 4 7 2 9 0 8 5 11 10 
362,3.33496e-06,4.26263e-06,3.00717e-06,50,100,100,234596,1 3 6 4 7 2 9 0 8 5 11 10 
363,3.35752e-06,4.26263e-06,3.00966e-06,50,100,100,234596,1 3 6 4 7 2 9 0 8 5 11 10 
364,3.3674e-06,4.26263e-06,2.96206e-06,50,100,100,234596,1 3 6 4 7 2 9 0 8 5 11 10 
365,3.37746e-06,4.26263e-06,3.05727e-06,50,100,100,234596,1 3 6 4 7 2 9 0 8 5 11 10 
366,3.38145e-06,4.26263e-06,3.01718e-06,50,100,100,234596,1 3 6 4 7 2 9 0 8 5 11 10 
367,3.37484e-06,4.26263e-06,3.04524e-06,50,100,100,234596,1 3 6 4 7 2 9 0 8 5 11 10 
368,3.36556e-06,4.26263e-06,3.08675e-06,50,100,100,234596,1 3 6 4 7 2 9 0 8 5 11 10 
369,3.32967e-06,4.26263e-06,2.96497e-06,50,100,100,234596,1 3 6 4 7 2 9 0 8 5 11 10 
370,3.3378e-06,4.26263e-06,2.95955e-06,50,100,100,234596,1 3 6 4 7 2 9 0 8 5 11 10 
371,3.33401e-06,4.26263e-06,3.00646e-06,50,100,100,234596,1 3 6 4 7 2 9 0 8 5 11 10 
372,3.35703e-06,4.26263e-06,2.96913e-06,50,100,100,234596,1 3 6 4 7 2 9 0 8 5 11 10 
373,3.35511e-06,4.26263e-06,3.03427e-06,50,100,100,234596,1 3 6 4 7 2 9 0 8 5 11 10 
374,3.34189e-06,4.26263e-06,3.01104e-06,50,100,100,234596,1 3 6 4 7 2 9 0 8 5 11 10 
375,3.33498e-06,4.26263e-06,2.97799e-06,50,100,100,234596,1 3 6 4 7 2 9 0 8 5 11 10 
376,3.33906e-06,4.26263e-06,2.9721e-06,50,100,100,234596,1 3 6 4 7 2 9 0 8 5 11 10 
377,3.36132e-06,4.26263e-06,3.08641e-06,50,100,100,234596,1 3 6 4 7 2 9 0 8 5 11 10 
378,3.37047e-06,4.26263e-06,3.01008e-06,50,100,100,234596,1 3 6 4 7 2 9 0 8 5 11 10 
379,3.4031e-06,4.26263e-06,3.04613e-06,50,100,100,234596,1 3 6 4 7 2 9 0 8 5 11 10 
380,3.36813e-06,4.26263e-06,3.01242e-06,50,100,100,234596,1 3 6 4 7 2 9 0 8 5 11 10 
381,3.38658e-06,4.26263e-06,2.99252e-06,50,100,100,234596,1 3 6 4 7 2 9 0 8 5 11 10 
382,3.39545e-06,4.26263e-06,3.00773e-06,50,100,100,234596,1 3 6 4 7 2 9 0 8 5 11 10 
383,3.40992e-06,4.26263e-06,3.11322e-06,50,100,100,234596,1 3 6 4 7 2 9 0 8 5 11 10 
384,3.40548e-06,4.26263e-06,3.05296e-06,50,100,100,234596,1 3 6 4 7 2 9 0 8 5 11 10 
385,3.38694e-06,4.26263e-06,2.97549e-06,50,100,100,234596,1 3 6 4 7 2 9 0 8 5 11 10 
386,3.37495e-06,4.26263e-06,3.00756e-06,50,100,100,234596,1 3 6 4 7 2 9 0 8 5 11 10 
387,3.41563e-06,4.26263e-06,3.04202e-06,50,100,100,234596,1 3 6 4 7 2 9 0 8 5 11 10 
388,3.41495e-06,4.26263e-06,2.93444e-06,50,100,100,234596,1 3 6 4 7 2 9 0 8 5 11 10 
389,3.36691e-06,4.26263e-06,2.97362e-06,50,100,100,234596,1 3 6 4 7 2 9 0 8 5 11 10 
390,3.36846e-06,4.26263e-06,2.97907e-06,50,100,100,234596,1 3 6 4 7 2 9 0 8 5 11 10 
391,3.36786e-06,4.26263e-06,3.04886e-06,50,100,100,234596,1 3 6 4 7 2 9 0 8 5 11 10 
392,3.36599e-06,4.26263e-06,2.97411e-06,50,100,100,234596,1 3 6 4 7 2 9 0 8 5 11 10 
393,3.37111e-06,4.26263e-06,3.03681e-06,50,100,100,234596,1 3 6 4 7 2 9 0 8 5 11 10 
394,3.36736e-06,4.26263e-06,2.98001e-06,50,100,100,234596,1 3 6 4 7 2 9 0 8 5 11 10 
395,3.38177e-06,4.26263e-06,3.04484e-06,50,100,100,234596,1 3 6 4 7 2 9 0 8 5 11 10 
396,3.37401e-06,4.26263e-06,3.0234e-06,50,100,100,234596,1 3 6 4 7 2 9 0 8 5 11 10 
397,3.36325e-06,4.26263e-06,2.97464e-06,50,100,100,234596,1 3 6 4 7 2 9 0 8 5 11 10 
398,3.364e-06,4.26263e-06,3.02611e-06,50,100,100,234596,1 3 6 4 7 2 9 0 8 5 11 10 
399,3.36904e-06,4.26263e-06,3.00366e-06,50,100,100,234596,1 3 6 4 7 2 9 0 8 5 11 10 
400,3.32962e-06,4.26263e-06,2.98446e-06,50,100,100,234596,1 3 6 4 7 2 9 0 8 5 11 10 
401,3.3587e-06,4.26263e-06,2.98822e-06,50,100,100,234596,1 3 6 4 7 2 9 0 8 5 11 10 
402,3.37504e-06,4.26263e-06,2.98622e-06,50,100,100,234596,1 3 6 4 7 2 9 0 8 5 11 10 
403,3.36879e-06,4.26263e-06,3.01575e-06,50,100,100,234596,1 3 6 4 7 2 9 0 8 5 11 10 
404,3.39086e-06,4.26263e-06,2.97181e-06,50,100,100,234596,1 3 6 4 7 2 9 0 8 5 11 10 
405,3.35084e-06,4.26263e-06,2.99686e-06,50,100,100,234596,1 3 6 4 7 2 9 0 8 5 11 10 
406,3.34139e-06,4.26263e-06,3.00036e-06,50,100,100,234596,1 3 6 4 7 2 9 0 8 5 11 10 
407,3.38699e-06,4.26263e-06,3.00532e-06,50,100,100,234596,1 3 6 4 7 2 9 0 8 5 11 10 
408,3.38016e-06,4.26263e-06,3.07087e-06,50,100,100,234596,1 3 6 4 7 2 9 0 8 5 11 10 
409,3.36025e-06,4.26263e-06,2.94983e-06,50,100,100,234596,1 3 6 4 7 2 9 0 8 5 11 10 
410,3.36057e-06,4.26263e-06,2.98556e-06,50,100,100,234596,1 3 6 4 7 2 9 0 8 5 11 10 
411,3.34584e-06,4.26263e-06,3.00494e-06,50,100,100,234596,1 3 6 4 7 2 9 0 8 5 11 10 
412,3.3702e-06,4.26263e-06,2.98971e-06,50,100,100,234596,1 3 6 4 7 2 9 0 8 5 11 10 
413,3.38186e-06,4.26263e-06,2.98778e-06,50,100,100,234596,1 3 6 4 7 2 9 0 8 5 11 10 
414,3.35692e-06,4.26263e-06,2.98236e-06,50,100,100,234596,1 3 6 4 7 2 9 0 8 5 11 10 
415,3.3677e-06,4.26263e-06,3.00464e-06,50,100,100,234596,1 3 6 4 7 2 9 0 8 5 11 10 
416,3.35509e-06,4.26263e-06,3.01797e-06,50,100,100,234596,1 3 6 4 7 2 9 0 8 5 11 10 
417,3.35233e-06,4.26263e-06,3.03484e-06,50,100,100,234596,1 3 6 4 7 2 9 0 8 5 11 10 
418,3.32692e-06,4.26263e-06,2.93618e-06,50,100,100,234596,1 3 6 4 7 2 9 0 8 5 11 10 
419,3.32822e-06,4.26263e-06,2.96288e-06,50,100,100,234596,1 3 6 4 7 2 9 0 8 5 11 10 
420,3.35036e-06,4.26263e-06,2.94325e-06,50,100,100,234596,1 3 6 4 7 2 9 0 8 5 11 10 
421,3.35149e-06,4.26263e-06,2.96624e-06,50,100,100,234596,1 3 6 4 7 2 9 0 8 5 11 10 
422,3.34193e-06,4.26263e-06,3.00478e-06,50,100,100,234596,1 3 6 4 7 2 9 0 8 5 11 10 
423,3.34895e-06,4.26263e-06,3.05714e-06,50,100,100,234596,1 3 6 4 7 2 9 0 8 5 11 10 
424,3.30602e-06,4.26263e-06,2.97464e-06,50,100,100,234596,1 3 6 4 7 2 9 0 8 5 11 10 
425,3.35666e-06,4.26263e-06,3.02791e-06,50,100,100,234596,1 3 6 4 7 2 9 0 8 5 11 10 
426,3.31196e-06,4.26263e-06,2.99128e-06,50,100,100,234596,1 3 6 4 7 2 9 0 8 5 11 10 
427,3.30696e-06,4.26263e-06,3.0205e-06,50,100,100,234596,1 3 6 4 7 2 9 0 8 5 11 10 
428,3.328e-06,4.26263e-06,2.99819e-06,50,100,100,234596,1 3 6 4 7 2 9 0 8 5 11 10 
429,3.33144e-06,4.26263e-06,2.95132e-06,50,100,100,234596,1 3 6 4 7 2 9 0 8 5 11 10 
430,3.3594e-06,4.26263e-06,3.00314e-06,50,100,100,234596,1 3 6 4 7 2 9 0 8 5 11 10 
431,3.35619e-06,4.2822e-06,2.95852e-06,50,100,100,233524,1 3 6 0 7 2 9 11 8 5 4 10 
432,3.36159e-06,4.2822e-06,3.03784e-06,50,100,100,233524,1 3 6 0 7 2 9 11 8 5 4 10 
433,3.33551e-06,4.2822e-06,2.95481e-06,50,100,100,233524,1 3 6 0 7 2 9 11 8 5 4 10 
434,3.35903e-06,4.2822e-06,2.96971e-06,50,100,100,233524,1 3 6 0 7 2 9 11 8 5 4 10 
435,3.29513e-06,4.2822e-06,2.98515e-06,50,100,100,233524,1 3 6 0 7 2 9 11 8 5 4 10 
436,3.33785e-06,4.2822e-06,3.04008e-06,50,100,100,233524,1 3 6 0 7 2 9 11 8 5 4 10 
437,3.33769e-06,4.2822e-06,2.99711e-06,50,100,100,233524,1 3 6 0 7 2 9 11 8 5 4 10 
438,3.32021e-06,4.2822e-06,2.96515e-06,50,100,100,233524,1 3 6 0 7 2 9 11 8 5 4 10 
439,3.31276e-06,4.2822e-06,3.00923e-06,50,100,100,233524,1 3 6 0 7 2 9 11 8 5 4 10 
440,3.32019e-06,4.2822e-06,2.98003e-06,50,100,100,233524,1 3 6 0 7 2 9 11 8 5 4 10 
441,3.36587e-06,4.2822e-06,2.96017e-06,50,100,100,233524,1 3 6 0 7 2 9 11 8 5 4 10 
442,3.37412e-06,4.2822e-06,2.92539e-06,50,100,100,233524,1 3 6 0 7 2 9 11 8 5 4 10 
443,3.34718e-06,4.2822e-06,3.04298e-06,50,100,100,233524,1 3 6 0 7 2 9 11 8 5 4 10 
444,3.29373e-06,4.2822e-06,2.97277e-06,50,100,100,233524,1 3 6 0 7 2 9 11 8 5 4 10 
445,3.29871e-06,4.2822e-06,2.95298e-06,50,100,100,233524,1 3 6 0 7 2 9 11 8 5 4 10 
446,3.33019e-06,4.2822e-06,2.94781e-06,50,100,100,233524,1 3 6 0 7 2 9 11 8 5 4 10 
447,3.31195e-06,4.2822e-06,2.94976e-06,50,100,100,233524,1 3 6 0 7 2 9 11 8 5 4 10 
448,3.30169e-06,4.2822e-06,2.95962e-06,50,100,100,233524,1 3 6 0 7 2 9 11 8 5 4 10 
449,3.34883e-06,4.2822e-06,3.0652e-06,50,100,100,233524,1 3 6 0 7 2 9 11 8 5 4 10 
450,3.3436e-06,4.2822e-06,2.97797e-06,50,100,100,233524,1 3 6 0 7 2 9 11 8 5 4 10 
451,3.30803e-06,4.2822e-06,2.99357e-06,50,100,100,233524,1 3 6 0 7 2 9 11 8 5 4 10 
452,3.329e-06,4.2822e-06,2.94425e-06,50,100,100,233524,1 3 6 0 7 2 9 11 8 5 4 10 
453,3.2998e-06,4.2822e-06,2.8972e-06,50,100,100,233524,1 3 6 0 7 2 9 11 8 5 4 10 
454,3.27473e-06,4.2822e-06,2.92967e-06,50,100,100,233524,1 3 6 0 7 2 9 11 8 5 4 10 
455,3.27964e-06,4.2822e-06,2.94689e-06,50,100,100,233524,1 3 6 0 7 2 9 11 8 5 4 10 
456,3.29397e-06,4.2822e-06,2.94158e-06,50,100,100,233524,1 3 6 0 7 2 9 11 8 5 4 10 
457,3.3127e-06,4.2822e-06,3.00561e-06,50,100,100,233524,1 3 6 0 7 2 9 11 8 5 4 10 
458,3.31472e-06,4.2822e-06,2.98896e-06,50,100,100,233524,1 3 6 0 7 2 9 11 8 5 4 10 
459,3.30388e-06,4.2822e-06,2.87915e-06,50,100,100,233524,1 3 6 0 7 2 9 11 8 5 4 10 
460,3.32888e-06,4.2822e-06,3.00474e-06,50,100,100,233524,1 3 6 0 7 2 9 11 8 5 4 10 
461,3.31232e-06,4.2822e-06,2.95127e-06,50,100,100,233524,1 3 6 0 7 2 9 11 8 5 4 10 
462,3.31264e-06,4.2822e-06,2.95486e-06,50,100,100,233524,1 3 6 0 7 2 9 11 8 5 4 10 
463,3.29462e-06,4.2822e-06,2.94437e-06,50,100,100,233524,1 3 6 0 7 2 9 11 8 5 4 10 
464,3.32203e-06,4.2822e-06,3.00746e-06,50,100,100,233524,1 3 6 0 7 2 9 11 8 5 4 10 
465,3.3281e-06,4.2822e-06,3.02214e-06,50,100,100,233524,1 3 6 0 7 2 9 11 8 5 4 10 
466,3.29339e-06,4.2822e-06,2.94939e-06,50,100,100,233524,1 3 6 0 7 2 9 11 8 5 4 10 
467,3.28521e-06,4.2822e-06,2.9239e-06,50,100,100,233524,1 3 6 0 7 2 9 11 8 5 4 10 
468,3.3089e-06,4.2822e-06,2.95075e-06,50,100,100,233524,1 3 6 0 7 2 9 11 8 5 4 10 
469,3.3235e-06,4.2822e-06,2.99452e-06,50,100,100,233524,1 3 6 0 7 2 9 11 8 5 4 10 
470,3.33121e-06,4.45599e-06,2.92749e-06,50,100,100,224416,1 3 6 11 7 2 9 0 8 5 4 10 
471,3.36978e-06,4.45599e-06,2.99121e-06,50,100,100,224416,1 3 6 11 7 2 9 0 8 5 4 10 
472,3.35645e-06,4.45599e-06,3.00538e-06,50,100,100,224416,1 3 6 11 7 2 9 0 8 5 4 10 
473,3.34833e-06,4.45599e-06,2.98393e-06,50,100,100,224416,1 3 6 11 7 2 9 0 8 5 4 10 
474,3.34323e-06,4.45599e-06,2.96424e-06,50,100,100,224416,1 3 6 11 7 2 9 0 8 5 4 10 
475,3.32988e-06,4.45599e-06,2.89906e-06,50,100,100,224416,1 3 6 11 7 2 9 0 8 5 4 10 
476,3.34487e-06,4.45599e-06,2.96287e-06,50,100,100,224416,1 3 6 11 7 2 9 0 8 5 4 10 
477,3.31265e-06,4.45599e-06,2.96791e-06,50,100,100,224416,1 3 6 11 7 2 9 0 8 5 4 10 
478,3.3534e-06,4.45599e-06,3.03458e-06,50,100,100,224416,1 3 6 11 7 2 9 0 8 5 4 10 
479,3.3458e-06,4.45599e-06,2.9991e-06,50,100,100,224416,1 3 6 11 7 2 9 0 8 5 4 10 
480,3.34982e-06,4.45599e-06,3.05393e-06,50,100,100,224416,1 3 6 11 7 2 9 0 8 5 4 10 
481,3.35068e-06,4.45599e-06,3.06595e-06,50,100,100,224416,1 3 6 11 7 2 9 0 8 5 4 10 
482,3.30582e-06,4.45599e-06,2.97808e-06,50,100,100,224416,1 3 6 11 7 2 9 0 8 5 4 10 
483,3.32199e-06,4.45599e-06,2.9134e-06,50,100,100,224416,1 3 6 11 7 2 9 0 8 5 4 10 
484,3.34782e-06,4.45599e-06,3.03779e-06,50,100,100,224416,1 3 6 11 7 2 9 0 8 5 4 10 
485,3.36897e-06,4.45599e-06,3.00249e-06,50,100,100,224416,1 3 6 11 7 2 9 0 8 5 4 10 
486,3.37883e-06,4.45599e-06,2.99844e-06,50,100,100,224416,1 3 6 11 7 2 9 0 8 5 4 10 
487,3.3821e-06,4.45599e-06,2.99187e-06,50,100,100,224416,1 3 6 11 7 2 9 0 8 5 4 10 
488,3.36303e-06,4.45599e-06,3.03537e-06,50,100,100,224416,1 3 6 11 7 2 9 0 8 5 4 10 
489,3.31531e-06,4.45599e-06,2.95439e-06,50,100,100,224416,1 3 6 11 7 2 9 0 8 5 4 10 
490,3.31409e-06,4.45599e-06,3.00298e-06,50,100,100,224416,1 3 6 11 7 2 9 0 8 5 4 10 
491,3.31739e-06,4.45599e-06,3.03406e-06,50,100,100,224416,1 3 6 11 7 2 9 0 8 5 4 10 
492,3.3256e-06,4.45599e-06,2.96652e-06,50,100,100,224416,1 3 6 11 7 2 9 0 8 5 4 10 
493,3.34052e-06,4.45599e-06,2.99607e-06,50,100,100,224416,1 3 6 11 7 2 9 0 8 5 4 10 
494,3.30907e-06,4.45599e-06,3.03557e-06,50,100,100,224416,1 3 6 11 7 2 9 0 8 5 4 10 
495,3.32592e-06,4.45599e-06,3.05298e-06,50,100,100,224416,1 3 6 11 7 2 9 0 8 5 4 10 
496,3.33915e-06,4.45599e-06,3.02234e-06,50,100,100,224416,1 3 6 11 7 2 9 0 8 5 4 10 
497,3.33893e-06,4.45599e-06,3.00814e-06,50,100,100,224416,1 3 6 11 7 2 9 0 8 5 4 10 
498,3.29432e-06,4.45599e-06,2.94592e-06,50,100,100,224416,1 3 6 11 7 2 9 0 8 5 4 10 
499,3.31802e-06,4.45599e-06,2.94685e-06,50,100,100,224416,1 3 6 11 7 2 9 0 8 5 4 10 
500,3.35231e-06,4.45599e-06,2.92768e-06,50,100,100,224416,1 3 6 11 7 2 9 0 8 5 4 10 
501,3.34365e-06,4.45599e-06,3.04393e-06,50,100,100,224416,1 3 6 11 7 2 9 0 8 5 4 10 
502,3.35072e-06,4.45599e-06,2.96506e-06,50,100,100,224416,1 3 6 11 7 2 9 0 8 5 4 10 
503,3.36777e-06,4.45599e-06,2.94854e-06,50,100,100,224416,1 3 6 11 7 2 9 0 8 5 4 10 
504,3.37629e-06,4.45599e-06,2.98826e-06,50,100,100,224416,1 3 6 11 7 2 9 0 8 5 4 10 
505,3.35342e-06,4.45599e-06,3.0589e-06,50,100,100,224416,1 3 6 11 7 2 9 0 8 5 4 10 
506,3.31455e-06,4.45599e-06,3.00487e-06,50,100,100,224416,1 3 6 11 7 2 9 0 8 5 4 10 
507,3.2863e-06,4.45599e-06,2.9668e-06,50,100,100,224416,1 3 6 11 7 2 9 0 8 5 4 10 
508,3.29793e-06,4.45599e-06,2.98044e-06,50,100,100,224416,1 3 6 11 7 2 9 0 8 5 4 10 
509,3.32313e-06,4.45599e-06,2.98917e-06,50,100,100,224416,1 3 6 11 7 2 9 0 8 5 4 10 
510,3.29118e-06,4.45599e-06,2.95387e-06,50,100,100,224416,1 3 6 11 7 2 9 0 8 5 4 10 
511,3.35175e-06,4.45599e-06,2.96264e-06,50,100,100,224416,1 3 6 11 7 2 9 0 8 5 4 10 
512,3.35183e-06,4.45599e-06,2.91056e-06,50,100,100,224416,1 3 6 11 7 2 9 0 8 5 4 10 
513,3.34547e-06,4.45599e-06,3.00858e-06,50,100,100,224416,1 3 6 11 7 2 9 0 8 5 4 10 
514,3.34483e-06,4.45599e-06,2.97691e-06,50,100,100,224416,1 3 6 11 7 2 9 0 8 5 4 10 
515,3.32855e-06,4.45599e-06,2.93892e-06,50,100,100,224416,1 3 6 11 7 2 9 0 8 5 4 10 
516,3.34131e-06,4.45599e-06,2.9434e-06,50,100,100,224416,1 3 6 11 7 2 9 0 8 5 4 10 
517,3.36141e-06,4.45599e-06,3.01611e-06,50,100,100,224416,1 3 6 11 7 2 9 0 8 5 4 10 
518,3.32548e-06,4.45599e-06,2.96675e-06,50,100,100,224416,1 3 6 11 7 2 9 0 8 5 4 10 
519,3.34152e-06,4.45599e-06,2.99108e-06,50,100,100,224416,1 3 6 11 7 2 9 0 8 5 4 10 
520,3.38117e-06,4.45599e-06,2.98867e-06,50,100,100,224416,1 3 6 11 7 2 9 0 8 5 4 10 
521,3.36395e-06,4.45599e-06,2.9695e-06,50,100,100,224416,1 3 6 11 7 2 9 0 8 5 4 10 
522,3.34574e-06,4.45599e-06,2.90847e-06,50,100,100,224416,1 3 6 11 7 2 9 0 8 5 4 10 
523,3.36077e-06,4.45599e-06,2.99856e-06,50,100,100,224416,1 3 6 11 7 2 9 0 8 5 4 10 
524,3.33164e-06,4.45599e-06,2.97776e-06,50,100,100,224416,1 3 6 11 7 2 9 0 8 5 4 10 
525,3.30619e-06,4.45599e-06,2.96925e-06,50,100,100,224416,1 3 6 11 7 2 9 0 8 5 4 10 
526,3.32473e-06,4.45599e-06,2.9743e-06,50,100,100,224416,1 3 6 11 7 2 9 0 8 5 4 10 
527,3.30761e-06,4.45599e-06,2.9921e-06,50,100,100,224416,1 3 6 11 7 2 9 0 8 5 4 10 
528,3.33947e-06,4.45599e-06,2.96598e-06,50,100,100,224416,1 3 6 11 7 2 9 0 8 5 4 10 
529,3.32594e-06,4.45599e-06,2.91005e-06,50,100,100,224416,1 3 6 11 7 2 9 0 8 5 4 10 
530,3.30826e-06,4.45599e-06,2.96011e-06,50,100,100,224416,1 3 6 11 7 2 9 0 8 5 4 10 
531,3.3014e-06,4.45599e-06,2.88793e-06,50,100,100,224416,1 3 6 11 7 2 9 0 8 5 4 10 
532,3.33572e-06,4.45599e-06,2.99734e-06,50,100,100,224416,1 3 6 11 7 2 9 0 8 5 4 10 
533,3.33698e-06,4.45599e-06,3.01139e-06,50,100,100,224416,1 3 6 11 7 2 9 0 8 5 4 10 
534,3.29222e-06,4.45599e-06,2.99235e-06,50,100,100,224416,1 3 6 11 7 2 9 0 8 5 4 10 
535,3.31329e-06,4.45599e-06,2.9516e-06,50,100,100,224416,1 3 6 11 7 2 9 0 8 5 4 10 
536,3.30766e-06,4.45599e-06,2.93187e-06,50,100,100,224416,1 3 6 11 7 2 9 0 8 5 4 10 
537,3.31719e-06,4.45599e-06,3.0101e-06,50,100,100,224416,1 3 6 11 7 2 9 0 8 5 4 10 
538,3.31656e-06,4.45599e-06,2.92226e-06,50,100,100,224416,1 3 6 11 7 2 9 0 8 5 4 10 
539,3.30225e-06,4.45599e-06,2.9348e-06,50,100,100,224416,1 3 6 11 7 2 9 0 8 5 4 10 
540,3.32461e-06,4.45599e-06,2.93556e-06,50,100,100,224416,1 3 6 11 7 2 9 0 8 5 4 10 
541,3.31757e-06,4.45599e-06,3.04113e-06,50,100,100,224416,1 3 6 11 7 2 9 0 8 5 4 10 
542,3.30924e-06,4.45599e-06,2.99867e-06,50,100,100,224416,1 3 6 11 7 2 9 0 8 5 4 10 
543,3.30878e-06,4.45599e-06,2.915e-06,50,100,100,224416,1 3 6 11 7 2 9 0 8 5 4 10 
544,3.30645e-06,4.45599e-06,2.97865e-06,50,100,100,224416,1 3 6 11 7 2 9 0 8 5 4 10 
545,3.31481e-06,4.45599e-06,2.93662e-06,50,100,100,224416,1 3 6 11 7 2 9 0 8 5 4 10 
546,3.31986e-06,4.45599e-06,2.97941e-06,50,100,100,224416,1 3 6 11 7 2 9 0 8 5 4 10 
547,3.29609e-06,4.45599e-06,2.87706e-06,50,100,100,224416,1 3 6 11 7 2 9 0 8 5 4 10 
548,3.31452e-06,4.45599e-06,3.03611e-06,50,100,100,224416,1 3 6 11 7 2 9 0 8 5 4 10 
549,3.32266e-06,4.45599e-06,2.9332e-06,50,100,100,224416,1 3 6 11 7 2 9 0 8 5 4 10 
550,3.34486e-06,4.45599e-06,2.97592e-06,50,100,100,224416,1 3 6 11 7 2 9 0 8 5 4 10 
551,3.34716e-06,4.45599e-06,3.03982e-06,50,100,100,224416,1 3 6 11 7 2 9 0 8 5 4 10 
552,3.32225e-06,4.45599e-06,2.96362e-06,50,100,100,224416,1 3 6 11 7 2 9 0 8 5 4 10 
553,3.30688e-06,4.45599e-06,3.02041e-06,50,100,100,224416,1 3 6 11 7 2 9 0 8 5 4 10 
554,3.30892e-06,4.45599e-06,2.97634e-06,50,100,100,224416,1 3 6 11 7 2 9 0 8 5 4 10 
555,3.33852e-06,4.45599e-06,2.93747e-06,50,100,100,224416,1 3 6 11 7 2 9 0 8 5 4 10 
556,3.32107e-06,4.45599e-06,2.96362e-06,50,100,100,224416,1 3 6 11 7 2 9 0 8 5 4 10 
557,3.30593e-06,4.45599e-06,2.84394e-06,50,100,100,224416,1 3 6 11 7 2 9 0 8 5 4 10 
558,3.33899e-06,4.45599e-06,2.99702e-06,50,100,100,224416,1 3 6 11 7 2 9 0 8 5 4 10 
559,3.33653e-06,4.45599e-06,2.93235e-06,50,100,100,224416,1 3 6 11 7 2 9 0 8 5 4 10 
560,3.37393e-06,4.45599e-06,3.00567e-06,50,100,100,224416,1 3 6 11 7 2 9 0 8 5 4 10 
561,3.35952e-06,4.45599e-06,2.9963e-06,50,100,100,224416,1 3 6 11 7 2 9 0 8 5 4 10 
562,3.37727e-06,4.45599e-06,3.0379e-06,50,100,100,224416,1 3 6 11 7 2 9 0 8 5 4 10 
563,3.36165e-06,4.45599e-06,3.0551e-06,50,100,100,224416,1 3 6 11 7 2 9 0 8 5 4 10 
564,3.30601e-06,4.45599e-06,2.99298e-06,50,100,100,224416,1 3 6 11 7 2 9 0 8 5 4 10 
565,3.31912e-06,4.45599e-06,2.91857e-06,50,100,100,224416,1 3 6 11 7 2 9 0 8 5 4 10 
566,3.33812e-06,4.45599e-06,2.97261e-06,50,100,100,224416,1 3 6 11 7 2 9 0 8 5 4 10 
567,3.32576e-06,4.45599e-06,2.94842e-06,50,100,100,224416,1 3 6 11 7 2 9 0 8 5 4 10 
568,3.35478e-06,4.45599e-06,3.03037e-06,50,100,100,224416,1 3 6 11 7 2 9 0 8 5 4 10 
569,3.34863e-06,4.45599e-06,3.02617e-06,50,100,100,224416,1 3 6 11 7 2 9 0 8 5 4 10 
570,3.34084e-06,4.45599e-06,3.0148e-06,50,100,100,224416,1 3 6 11 7 2 9 0 8 5 4 10 
571,3.32183e-06,4.45599e-06,2.91417e-06,50,100,100,224416,1 3 6 11 7 2 9 0 8 5 4 10 
572,3.31857e-06,4.45599e-06,3.04859e-06,50,100,100,224416,1 3 6 11 7 2 9 0 8 5 4 10 
573,3.3392e-06,4.45599e-06,3.02401e-06,50,100,100,224416,1 3 6 11 7 2 9 0 8 5 4 10 
574,3.34163e-06,4.45599e-06,2.97178e-06,50,100,100,224416,1 3 6 11 7 2 9 0 8 5 4 10 
575,3.34295e-06,4.45599e-06,2.99783e-06,50,100,100,224416,1 3 6 11 7 2 9 0 8 5 4 10 
576,3.35469e-06,4.45599e-06,3.0341e-06,50,100,100,224416,1 3 6 11 7 2 9 0 8 5 4 10 
577,3.32122e-06,4.45599e-06,2.99375e-06,50,100,100,224416,1 3 6 11 7 2 9 0 8 5 4 10 
578,3.31729e-06,4.45599e-06,2.91144e-06,50,100,100,224416,1 3 6 11 7 2 9 0 8 5 4 10 
579,3.32589e-06,4.45599e-06,2.88466e-06,50,100,100,224416,1 3 6 11 7 2 9 0 8 5 4 10 
580,3.31543e-06,4.45599e-06,2.9212e-06,50,100,100,224416,1 3 6 11 7 2 9 0 8 5 4 10 
581,3.35472e-06,4.45599e-06,2.94425e-06,50,100,100,224416,1 3 6 11 7 2 9 0 8 5 4 10 
582,3.36235e-06,4.45599e-06,3.09579e-06,50,100,100,224416,1 3 6 11 7 2 9 0 8 5 4 10 
583,3.34889e-06,4.45599e-06,3.0282e-06,50,100,100,224416,1 3 6 11 7 2 9 0 8 5 4 10 
584,3.33593e-06,4.45599e-06,3.00354e-06,50,100,100,224416,1 3 6 11 7 2 9 0 8 5 4 10 
585,3.3358e-06,4.45599e-06,2.99092e-06,50,100,100,224416,1 3 6 11 7 2 9 0 8 5 4 10 
586,3.36907e-06,4.45599e-06,2.99192e-06,50,100,100,224416,1 3 6 11 7 2 9 0 8 5 4 10 
587,3.35814e-06,4.45599e-06,2.9822e-06,50,100,100,224416,1 3 6 11 7 2 9 0 8 5 4 10 
588,3.36446e-06,4.45599e-06,3.03904e-06,50,100,100,224416,1 3 6 11 7 2 9 0 8 5 4 10 
589,3.33559e-06,4.45599e-06,2.96673e-06,50,100,100,224416,1 3 6 11 7 2 9 0 8 5 4 10 
590,3.32101e-06,4.45599e-06,2.9451e-06,50,100,100,224416,1 3 6 11 7 2 9 0 8 5 4 10 
591,3.34569e-06,4.45599e-06,3.01155e-06,50,100,100,224416,1 3 6 11 7 2 9 0 8 5 4 10 
592,3.33012e-06,4.45599e-06,2.96784e-06,50,100,100,224416,1 3 6 11 7 2 9 0 8 5 4 10 
593,3.33019e-06,4.45599e-06,2.96109e-06,50,100,100,224416,1 3 6 11 7 2 9 0 8 5 4 10 
594,3.33375e-06,4.45599e-06,2.9288e-06,50,100,100,224416,1 3 6 11 7 2 9 0 8 5 4 10 
595,3.35685e-06,4.45599e-06,2.92014e-06,50,100,100,224416,1 3 6 11 7 2 9 0 8 5 4 10 
596,3.33789e-06,4.45599e-06,2.8712e-06,50,100,100,224416,1 3 6 11 7 2 9 0 8 5 4 10 
597,3.34362e-06,4.45599e-06,2.96964e-06,50,100,100,224416,1 3 6 11 7 2 9 0 8 5 4 10 
598,3.37924e-06,4.45599e-06,2.91697e-06,50,100,100,224416,1 3 6 11 7 2 9 0 8 5 4 10 
599,3.36895e-06,4.45599e-06,2.98254e-06,50,100,100,224416,1 3 6 11 7 2 9 0 8 5 4 10 
600,3.36057e-06,4.45599e-06,2.98195e-06,50,100,100,224416,1 3 6 11 7 2 9 0 8 5 4 10 
601,3.35624e-06,4.45599e-06,2.97224e-06,50,100,100,224416,1 3 6 11 7 2 9 0 8 5 4 10 
602,3.38925e-06,4.45599e-06,2.97468e-06,50,100,100,224416,1 3 6 11 7 2 9 0 8 5 4 10 
603,3.40267e-06,4.45599e-06,2.97994e-06,50,100,100,224416,1 3 6 11 7 2 9 0 8 5 4 10 
604,3.37429e-06,4.45599e-06,3.01908e-06,50,100,100,224416,1 3 6 11 7 2 9 0 8 5 4 10 
605,3.40534e-06,4.45599e-06,3.00534e-06,50,100,100,224416,1 3 6 11 7 2 9 0 8 5 4 10 
606,3.4077e-06,4.45599e-06,3.0055e-06,50,100,100,224416,1 3 6 11 7 2 9 0 8 5 4 10 
607,3.40036e-06,4.45599e-06,3.03184e-06,50,100,100,224416,1 3 6 11 7 2 9 0 8 5 4 10 
608,3.37867e-06,4.45599e-06,2.91987e-06,50,100,100,224416,1 3 6 11 7 2 9 0 8 5 4 10 
609,3.34819e-06,4.45599e-06,2.91057e-06,50,100,100,224416,1 3 6 11 7 2 9 0 8 5 4 10 
610,3.3705e-06,4.45599e-06,2.9673e-06,50,100,100,224416,1 3 6 11 7 2 9 0 8 5 4 10 
611,3.39839e-06,4.45599e-06,3.07032e-06,50,100,100,224416,1 3 6 11 7 2 9 0 8 5 4 10 
612,3.38405e-06,4.45599e-06,3.019e-06,50,100,100,224416,1 3 6 11 7 2 9 0 8 5 4 10 
613,3.33443e-06,4.45599e-06,3.03081e-06,50,100,100,224416,1 3 6 11 7 2 9 0 8 5 4 10 
614,3.34794e-06,4.45599e-06,3.0053e-06,50,100,100,224416,1 3 6 11 7 2 9 0 8 5 4 10 
615,3.3524e-06,4.45599e-06,2.93194e-06,50,100,100,224416,1 3 6 11 7 2 9 0 8 5 4 10 
616,3.33892e-06,4.45599e-06,2.98815e-06,50,100,100,224416,1 3 6 11 7 2 9 0 8 5 4 10 
617,3.30309e-06,4.45599e-06,2.94894e-06,50,100,100,224416,1 3 6 11 7 2 9 0 8 5 4 10 
618,3.35173e-06,4.45599e-06,3.02527e-06,50,100,100,224416,1 3 6 11 7 2 9 0 8 5 4 10 
619,3.35012e-06,4.45599e-06,2.91098e-06,50,100,100,224416,1 3 6 11 7 2 9 0 8 5 4 10 
620,3.34829e-06,4.45599e-06,3.01088e-06,50,100,100,224416,1 3 6 11 7 2 9 0 8 5 4 10 
621,3.34984e-06,4.45599e-06,2.87923e-06,50,100,100,224416,1 3 6 11 7 2 9 0 8 5 4 10 
622,3.33074e-06,4.45599e-06,2.97079e-06,50,100,100,224416,1 3 6 11 7 2 9 0 8 5 4 10 
623,3.33922e-06,4.45599e-06,3.05862e-06,50,100,100,224416,1 3 6 11 7 2 9 0 8 5 4 10 
624,3.33903e-06,4.45599e-06,2.94769e-06,50,100,100,224416,1 3 6 11 7 2 9 0 8 5 4 10 
625,3.33089e-06,4.45599e-06,2.9459e-06,50,100,100,224416,1 3 6 11 7 2 9 0 8 5 4 10 
626,3.33371e-06,4.45599e-06,2.97579e-06,50,100,100,224416,1 3 6 11 7 2 9 0 8 5 4 10 
627,3.31344e-06,4.45599e-06,2.98184e-06,50,100,100,224416,1 3 6 11 7 2 9 0 8 5 4 10 
628,3.33567e-06,4.45599e-06,2.95862e-06,50,100,100,224416,1 3 6 11 7 2 9 0 8 5 4 10 
629,3.30398e-06,4.45599e-06,2.92498e-06,50,100,100,224416,1 3 6 11 7 2 9 0 8 5 4 10 
630,3.3223e-06,4.45599e-06,2.95684e-06,50,100,100,224416,1 3 6 11 7 2 9 0 8 5 4 10 
631,3.32418e-06,4.45599e-06,3.01335e-06,50,100,100,224416,1 3 6 11 7 2 9 0 8 5 4 10 
632,3.35529e-06,4.45599e-06,2.96661e-06,50,100,100,224416,1 3 6 11 7 2 9 0 8 5 4 10 
633,3.34177e-06,4.45599e-06,2.99105e-06,50,100,100,224416,1 3 6 11 7 2 9 0 8 5 4 10 
634,3.33701e-06,4.45599e-06,3.00182e-06,50,100,100,224416,1 3 6 11 7 2 9 0 8 5 4 10 
635,3.343e-06,4.45599e-06,2.98548e-06,50,100,100,224416,1 3 6 11 7 2 9 0 8 5 4 10 
636,3.34668e-06,4.45599e-06,3.00959e-06,50,100,100,224416,1 3 6 11 7 2 9 0 8 5 4 10 
637,3.32628e-06,4.45599e-06,2.96978e-06,50,100,100,224416,1 3 6 11 7 2 9 0 8 5 4 10 
638,3.31705e-06,4.45599e-06,2.90359e-06,50,100,100,224416,1 3 6 11 7 2 9 0 8 5 4 10 
639,3.35605e-06,4.45599e-06,2.98831e-06,50,100,100,224416,1 3 6 11 7 2 9 0 8 5 4 10 
640,3.35667e-06,4.45599e-06,2.97386e-06,50,100,100,224416,1 3 6 11 7 2 9 0 8 5 4 10 
641,3.35256e-06,4.45599e-06,2.90631e-06,50,100,100,224416,1 3 6 11 7 2 9 0 8 5 4 10 
642,3.37117e-06,4.45599e-06,2.97655e-06,50,100,100,224416,1 3 6 11 7 2 9 0 8 5 4 10 
643,3.34804e-06,4.45599e-06,2.90209e-06,50,100,100,224416,1 3 6 11 7 2 9 0 8 5 4 10 
644,3.32627e-06,4.45599e-06,3.05328e-06,50,100,100,224416,1 3 6 11 7 2 9 0 8 5 4 10 
645,3.36282e-06,4.45599e-06,3.0189e-06,50,100,100,224416,1 3 6 11 7 2 9 0 8 5 4 10 
646,3.36862e-06,4.45599e-06,3.03799e-06,50,100,100,224416,1 3 6 11 7 2 9 0 8 5 4 10 
647,3.35737e-06,4.45599e-06,2.97356e-06,50,100,100,224416,1 3 6 11 7 2 9 0 8 5 4 10 
648,3.34495e-06,4.45599e-06,3.02699e-06,50,100,100,224416,1 3 6 11 7 2 9 0 8 5 4 10 
649,3.36416e-06,4.45599e-06,2.96992e-06,50,100,100,224416,1 3 6 11 7 2 9 0 8 5 4 10 
650,3.3298e-06,4.45599e-06,2.96134e-06,50,100,100,224416,1 3 6 11 7 2 9 0 8 5 4 10 
651,3.3693e-06,4.45599e-06,3.00733e-06,50,100,100,224416,1 3 6 11 7 2 9 0 8 5 4 10 
652,3.35816e-06,4.45599e-06,2.96367e-06,50,100,100,224416,1 3 6 11 7 2 9 0 8 5 4 10 
653,3.3722e-06,4.45599e-06,2.9287e-06,50,100,100,224416,1 3 6 11 7 2 9 0 8 5 4 10 
654,3.35914e-06,4.45599e-06,3.05231e-06,50,100,100,224416,1 3 6 11 7 2 9 0 8 5 4 10 
655,3.3474e-06,4.45599e-06,2.94439e-06,50,100,100,224416,1 3 6 11 7 2 9 0 8 5 4 10 
656,3.35844e-06,4.45599e-06,2.92688e-06,50,100,100,224416,1 3 6 11 7 2 9 0 8 5 4 10 
657,3.33138e-06,4.45599e-06,2.93804e-06,50,100,100,224416,1 3 6 11 7 2 9 0 8 5 4 10 
658,3.308e-06,4.45599e-06,2.9078e-06,50,100,100,224416,1 3 6 11 7 2 9 0 8 5 4 10 
659,3.33846e-06,4.45599e-06,3.04222e-06,50,100,100,224416,1 3 6 11 7 2 9 0 8 5 4 10 
660,3.32378e-06,4.45599e-06,2.85127e-06,50,100,100,224416,1 3 6 11 7 2 9 0 8 5 4 10 
661,3.32017e-06,4.45599e-06,3.03154e-06,50,100,100,224416,1 3 6 11 7 2 9 0 8 5 4 10 
662,3.31723e-06,4.45599e-06,2.91295e-06,50,100,100,224416,1 3 6 11 7 2 9 0 8 5 4 10 
663,3.30686e-06,4.45599e-06,2.98266e-06,50,100,100,224416,1 3 6 11 7 2 9 0 8 5 4 10 
664,3.28723e-06,4.45599e-06,2.94566e-06,50,100,100,224416,1 3 6 11 7 2 9 0 8 5 4 10 
665,3.3157e-06,4.45599e-06,2.98263e-06,50,100,100,224416,1 3 6 11 7 2 9 0 8 5 4 10 
666,3.32398e-06,4.45599e-06,2.95841e-06,50,100,100,224416,1 3 6 11 7 2 9 0 8 5 4 10 
667,3.31849e-06,4.45599e-06,3.00825e-06,50,100,100,224416,1 3 6 11 7 2 9 0 8 5 4 10 
668,3.30815e-06,4.45599e-06,3.00581e-06,50,100,100,224416,1 3 6 11 7 2 9 0 8 5 4 10 
669,3.30241e-06,4.45599e-06,2.9253e-06,50,100,100,224416,1 3 6 11 7 2 9 0 8 5 4 10 
670,3.30605e-06,4.45599e-06,2.92204e-06,50,100,100,224416,1 3 6 11 7 2 9 0 8 5 4 10 
671,3.30491e-06,4.45599e-06,2.99028e-06,50,100,100,224416,1 3 6 11 7 2 9 0 8 5 4 10 
672,3.3158e-06,4.45599e-06,2.977e-06,50,100,100,224416,1 3 6 11 7 2 9 0 8 5 4 10 
673,3.3353e-06,4.45599e-06,2.97978e-06,50,100,100,224416,1 3 6 11 7 2 9 0 8 5 4 10 
674,3.31056e-06,4.45599e-06,2.88473e-06,50,100,100,224416,1 3 6 11 7 2 9 0 8 5 4 10 
675,3.34496e-06,4.45599e-06,2.99686e-06,50,100,100,224416,1 3 6 11 7 2 9 0 8 5 4 10 
676,3.32558e-06,4.45599e-06,2.94814e-06,50,100,100,224416,1 3 6 11 7 2 9 0 8 5 4 10 
677,3.36381e-06,4.45599e-06,3.00344e-06,50,100,100,224416,1 3 6 11 7 2 9 0 8 5 4 10 
678,3.38673e-06,4.45599e-06,2.94948e-06,50,100,100,224416,1 3 6 11 7 2 9 0 8 5 4 10 
679,3.34665e-06,4.45599e-06,2.93237e-06,50,100,100,224416,1 3 6 11 7 2 9 0 8 5 4 10 
680,3.33781e-06,4.45599e-06,3.01422e-06,50,100,100,224416,1 3 6 11 7 2 9 0 8 5 4 10 
681,3.31095e-06,4.45599e-06,2.97934e-06,50,100,100,224416,1 3 6 11 7 2 9 0 8 5 4 10 
682,3.30982e-06,4.45599e-06,2.91704e-06,50,100,100,224416,1 3 6 11 7 2 9 0 8 5 4 10 
683,3.37245e-06,4.45599e-06,3.03631e-06,50,100,100,224416,1 3 6 11 7 2 9 0 8 5 4 10 
684,3.37177e-06,4.45599e-06,2.93134e-06,50,100,100,224416,1 3 6 11 7 2 9 0 8 5 4 10 
685,3.32745e-06,4.45599e-06,2.99321e-06,50,100,100,224416,1 3 6 11 7 2 9 0 8 5 4 10 
686,3.3263e-06,4.45599e-06,2.94969e-06,50,100,100,224416,1 3 6 11 7 2 9 0 8 5 4 10 
687,3.33364e-06,4.45599e-06,2.95607e-06,50,100,100,224416,1 3 6 11 7 2 9 0 8 5 4 10 
688,3.34476e-06,4.45599e-06,2.99705e-06,50,100,100,224416,1 3 6 11 7 2 9 0 8 5 4 10 
689,3.33685e-06,4.45599e-06,2.96721e-06,50,100,100,224416,1 3 6 11 7 2 9 0 8 5 4 10 
690,3.3704e-06,4.45599e-06,3.0516e-06,50,100,100,224416,1 3 6 11 7 2 9 0 8 5 4 10 
691,3.35496e-06,4.45599e-06,3.01977e-06,50,100,100,224416,1 3 6 11 7 2 9 0 8 5 4 10 
692,3.36726e-06,4.45599e-06,3.03066e-06,50,100,100,224416,1 3 6 11 7 2 9 0 8 5 4 10 
693,3.35784e-06,4.45599e-06,3.06631e-06,50,100,100,224416,1 3 6 11 7 2 9 0 8 5 4 10 
694,3.34738e-06,4.45599e-06,2.97358e-06,50,100,100,224416,1 3 6 11 7 2 9 0 8 5 4 10 
695,3.33925e-06,4.45599e-06,2.99176e-06,50,100,100,224416,1 3 6 11 7 2 9 0 8 5 4 10 
696,3.31776e-06,4.45599e-06,2.90533e-06,50,100,100,224416,1 3 6 11 7 2 9 0 8 5 4 10 
697,3.34337e-06,4.45599e-06,2.9858e-06,50,100,100,224416,1 3 6 11 7 2 9 0 8 5 4 10 
698,3.33948e-06,4.45599e-06,3.03232e-06,50,100,100,224416,1 3 6 11 7 2 9 0 8 5 4 10 
699,3.31976e-06,4.45599e-06,2.9979e-06,50,100,100,224416,1 3 6 11 7 2 9 0 8 5 4 10 
700,3.33748e-06,4.45599e-06,2.94856e-06,50,100,100,224416,1 3 6 11 7 2 9 0 8 5 4 10 
701,3.3172e-06,4.45599e-06,2.9854e-06,50,100,100,224416,1 3 6 11 7 2 9 0 8 5 4 10 
702,3.362e-06,4.45599e-06,3.01942e-06,50,100,100,224416,1 3 6 11 7 2 9 0 8 5 4 10 
703,3.30942e-06,4.45599e-06,2.95124e-06,50,100,100,224416,1 3 6 11 7 2 9 0 8 5 4 10 
704,3.30501e-06,4.45599e-06,2.9575e-06,50,100,100,224416,1 3 6 11 7 2 9 0 8 5 4 10 
705,3.30821e-06,4.45599e-06,2.97996e-06,50,100,100,224416,1 3 6 11 7 2 9 0 8 5 4 10 
706,3.33494e-06,4.45599e-06,2.99141e-06,50,100,100,224416,1 3 6 11 7 2 9 0 8 5 4 10 
707,3.36085e-06,4.45599e-06,3.05679e-06,50,100,100,224416,1 3 6 11 7 2 9 0 8 5 4 10 
708,3.30951e-06,4.45599e-06,2.874e-06,50,100,100,224416,1 3 6 11 7 2 9 0 8 5 4 10 
709,3.29905e-06,4.45599e-06,2.931e-06,50,100,100,224416,1 3 6 11 7 2 9 0 8 5 4 10 
710,3.33551e-06,4.45599e-06,2.95598e-06,50,100,100,224416,1 3 6 11 7 2 9 0 8 5 4 10 
711,3.34399e-06,4.45599e-06,2.8818e-06,50,100,100,224416,1 3 6 11 7 2 9 0 8 5 4 10 
712,3.37749e-06,4.45599e-06,3.01302e-06,50,100,100,224416,1 3 6 11 7 2 9 0 8 5 4 10 
713,3.34224e-06,4.45599e-06,2.9446e-06,50,100,100,224416,1 3 6 11 7 2 9 0 8 5 4 10 
714,3.36429e-06,4.45599e-06,2.9959e-06,50,100,100,224416,1 3 6 11 7 2 9 0 8 5 4 10 
715,3.34247e-06,4.45599e-06,3.02771e-06,50,100,100,224416,1 3 6 11 7 2 9 0 8 5 4 10 
716,3.34682e-06,4.45599e-06,2.95824e-06,50,100,100,224416,1 3 6 11 7 2 9 0 8 5 4 10 
717,3.3577e-06,4.45599e-06,3.04196e-06,50,100,100,224416,1 3 6 11 7 2 9 0 8 5 4 10 
718,3.37305e-06,4.45599e-06,3.03325e-06,50,100,100,224416,1 3 6 11 7 2 9 0 8 5 4 10 
719,3.35739e-06,4.45599e-06,2.98215e-06,50,100,100,224416,1 3 6 11 7 2 9 0 8 5 4 10 
720,3.36628e-06,4.45599e-06,3.061e-06,50,100,100,224416,1 3 6 11 7 2 9 0 8 5 4 10 
721,3.32908e-06,4.45599e-06,2.95717e-06,50,100,100,224416,1 3 6 11 7 2 9 0 8 5 4 10 
722,3.34707e-06,4.45599e-06,3.0305e-06,50,100,100,224416,1 3 6 11 7 2 9 0 8 5 4 10 
723,3.325e-06,4.45599e-06,2.94527e-06,50,100,100,224416,1 3 6 11 7 2 9 0 8 5 4 10 
724,3.33087e-06,4.45599e-06,3.03513e-06,50,100,100,224416,1 3 6 11 7 2 9 0 8 5 4 10 
725,3.36378e-06,4.45599e-06,2.84711e-06,50,100,100,224416,1 3 6 11 7 2 9 0 8 5 4 10 
726,3.36546e-06,4.45599e-06,3.00438e-06,50,100,100,224416,1 3 6 11 7 2 9 0 8 5 4 10 
727,3.36313e-06,4.45599e-06,2.98314e-06,50,100,100,224416,1 3 6 11 7 2 9 0 8 5 4 10 
728,3.35153e-06,4.45599e-06,3.02633e-06,50,100,100,224416,1 3 6 11 7 2 9 0 8 5 4 10 
729,3.38125e-06,4.45599e-06,3.00462e-06,50,100,100,224416,1 3 6 11 7 2 9 0 8 5 4 10 
730,3.38176e-06,4.45599e-06,2.93301e-06,50,100,100,224416,1 3 6 11 7 2 9 0 8 5 4 10 
731,3.33547e-06,4.45599e-06,2.95549e-06,50,100,100,224416,1 3 6 11 7 2 9 0 8 5 4 10 
732,3.35249e-06,4.45599e-06,2.9354e-06,50,100,100,224416,1 3 6 11 7 2 9 0 8 5 4 10 
733,3.35346e-06,4.45599e-06,2.98348e-06,50,100,100,224416,1 3 6 11 7 2 9 0 8 5 4 10 
734,3.33882e-06,4.45599e-06,3.03438e-06,50,100,100,224416,1 3 6 11 7 2 9 0 8 5 4 10 
735,3.36449e-06,4.45599e-06,3.04745e-06,50,100,100,224416,1 3 6 11 7 2 9 0 8 5 4 10 
736,3.34468e-06,4.45599e-06,3.00491e-06,50,100,100,224416,1 3 6 11 7 2 9 0 8 5 4 10 
737,3.34449e-06,4.45599e-06,2.92813e-06,50,100,100,224416,1 3 6 11 7 2 9 0 8 5 4 10 
738,3.37299e-06,4.45599e-06,2.98731e-06,50,100,100,224416,1 3 6 11 7 2 9 0 8 5 4 10 
739,3.39225e-06,4.45599e-06,3.09237e-06,50,100,100,224416,1 3 6 11 7 2 9 0 8 5 4 10 
740,3.39381e-06,4.45599e-06,2.98482e-06,50,100,100,224416,1 3 6 11 7 2 9 0 8 5 4 10 
741,3.39621e-06,4.45599e-06,3.06574e-06,50,100,100,224416,1 3 6 11 7 2 9 0 8 5 4 10 
742,3.37974e-06,4.45599e-06,2.93316e-06,50,100,100,224416,1 3 6 11 7 2 9 0 8 5 4 10 
743,3.3971e-06,4.45599e-06,3.015e-06,50,100,100,224416,1 3 6 11 7 2 9 0 8 5 4 10 
744,3.34833e-06,4.45599e-06,2.99481e-06,50,100,100,224416,1 3 6 11 7 2 9 0 8 5 4 10 
745,3.38907e-06,4.45599e-06,2.94616e-06,50,100,100,224416,1 3 6 11 7 2 9 0 8 5 4 10 
746,3.36439e-06,4.45599e-06,2.95754e-06,50,100,100,224416,1 3 6 11 7 2 9 0 8 5 4 10 
747,3.38243e-06,4.45599e-06,3.0543e-06,50,100,100,224416,1 3 6 11 7 2 9 0 8 5 4 10 
748,3.35361e-06,4.45599e-06,2.92806e-06,50,100,100,224416,1 3 6 11 7 2 9 0 8 5 4 10 
749,3.33915e-06,4.45599e-06,2.9354e-06,50,100,100,224416,1 3 6 11 7 2 9 0 8 5 4 10 
750,3.33741e-06,4.45599e-06,3.00386e-06,50,100,100,224416,1 3 6 11 7 2 9 0 8 5 4 10 
751,3.34017e-06,4.45599e-06,3.0063e-06,50,100,100,224416,1 3 6 11 7 2 9 0 8 5 4 10 
752,3.35644e-06,4.45599e-06,2.9767e-06,50,100,100,224416,1 3 6 11 7 2 9 0 8 5 4 10 
753,3.35855e-06,4.45599e-06,3.04413e-06,50,100,100,224416,1 3 6 11 7 2 9 0 8 5 4 10 
754,3.34822e-06,4.45599e-06,3.00316e-06,50,100,100,224416,1 3 6 11 7 2 9 0 8 5 4 10 
755,3.32876e-06,4.45599e-06,2.98946e-06,50,100,100,224416,1 3 6 11 7 2 9 0 8 5 4 10 
756,3.31753e-06,4.45599e-06,2.9707e-06,50,100,100,224416,1 3 6 11 7 2 9 0 8 5 4 10 
757,3.32349e-06,4.45599e-06,3.00245e-06,50,100,100,224416,1 3 6 11 7 2 9 0 8 5 4 10 
758,3.33586e-06,4.45599e-06,2.95403e-06,50,100,100,224416,1 3 6 11 7 2 9 0 8 5 4 10 
759,3.33242e-06,4.45599e-06,2.97585e-06,50,100,100,224416,1 3 6 11 7 2 9 0 8 5 4 10 
760,3.33506e-06,4.45599e-06,2.98336e-06,50,100,100,224416,1 3 6 11 7 2 9 0 8 5 4 10 
761,3.37621e-06,4.45599e-06,3.04485e-06,50,100,100,224416,1 3 6 11 7 2 9 0 8 5 4 10 
762,3.32679e-06,4.45599e-06,3.00988e-06,50,100,100,224416,1 3 6 11 7 2 9 0 8 5 4 10 
763,3.34995e-06,4.45599e-06,3.00836e-06,50,100,100,224416,1 3 6 11 7 2 9 0 8 5 4 10 
764,3.34869e-06,4.45599e-06,3.01438e-06,50,100,100,224416,1 3 6 11 7 2 9 0 8 5 4 10 
765,3.34974e-06,4.45599e-06,2.95826e-06,50,100,100,224416,1 3 6 11 7 2 9 0 8 5 4 10 
766,3.36537e-06,4.45599e-06,2.97324e-06,50,100,100,224416,1 3 6 11 7 2 9 0 8 5 4 10 
767,3.33075e-06,4.45599e-06,3.00134e-06,50,100,100,224416,1 3 6 11 7 2 9 0 8 5 4 10 
768,3.33555e-06,4.45599e-06,3.00595e-06,50,100,100,224416,1 3 6 11 7 2 9 0 8 5 4 10 
769,3.34035e-06,4.45599e-06,3.05969e-06,50,100,100,224416,1 3 6 11 7 2 9 0 8 5 4 10 
770,3.36323e-06,4.45599e-06,3.0428e-06,50,100,100,224416,1 3 6 11 7 2 9 0 8 5 4 10 
771,3.37502e-06,4.45599e-06,3.06195e-06,50,100,100,224416,1 3 6 11 7 2 9 0 8 5 4 10 
772,3.32857e-06,4.45599e-06,2.97089e-06,50,100,100,224416,1 3 6 11 7 2 9 0 8 5 4 10 
773,3.34837e-06,4.45599e-06,3.05125e-06,50,100,100,224416,1 3 6 11 7 2 9 0 8 5 4 10 
774,3.32875e-06,4.45599e-06,2.94755e-06,50,100,100,224416,1 3 6 11 7 2 9 0 8 5 4 10 
775,3.30929e-06,4.45599e-06,2.9792e-06,50,100,100,224416,1 3 6 11 7 2 9 0 8 5 4 10 
776,3.33845e-06,4.45599e-06,2.97305e-06,50,100,100,224416,1 3 6 11 7 2 9 0 8 5 4 10 
777,3.327e-06,4.45599e-06,2.98439e-06,50,100,100,224416,1 3 6 11 7 2 9 0 8 5 4 10 
778,3.32717e-06,4.45599e-06,3.00083e-06,50,100,100,224416,1 3 6 11 7 2 9 0 8 5 4 10 
779,3.33403e-06,4.45599e-06,2.96148e-06,50,100,100,224416,1 3 6 11 7 2 9 0 8 5 4 10 
780,3.31757e-06,4.45599e-06,2.91522e-06,50,100,100,224416,1 3 6 11 7 2 9 0 8 5 4 10 
781,3.34804e-06,4.45599e-06,2.97089e-06,50,100,100,224416,1 3 6 11 7 2 9 0 8 5 4 10 
782,3.31516e-06,4.45599e-06,3.04916e-06,50,100,100,224416,1 3 6 11 7 2 9 0 8 5 4 10 
783,3.34067e-06,4.45599e-06,3.02003e-06,50,100,100,224416,1 3 6 11 7 2 9 0 8 5 4 10 
784,3.32312e-06,4.45599e-06,3.01355e-06,50,100,100,224416,1 3 6 11 7 2 9 0 8 5 4 10 
785,3.33209e-06,4.45599e-06,2.97772e-06,50,100,100,224416,1 3 6 11 7 2 9 0 8 5 4 10 
786,3.36283e-06,4.45599e-06,3.04946e-06,50,100,100,224416,1 3 6 11 7 2 9 0 8 5 4 10 
787,3.34174e-06,4.45599e-06,3.00896e-06,50,100,100,224416,1 3 6 11 7 2 9 0 8 5 4 10 
788,3.33102e-06,4.45599e-06,2.90017e-06,50,100,100,224416,1 3 6 11 7 2 9 0 8 5 4 10 
789,3.31864e-06,4.45599e-06,3.01169e-06,50,100,100,224416,1 3 6 11 7 2 9 0 8 5 4 10 
790,3.32434e-06,4.45599e-06,2.99425e-06,50,100,100,224416,1 3 6 11 7 2 9 0 8 5 4 10 
791,3.35411e-06,4.45599e-06,2.97636e-06,50,100,100,224416,1 3 6 11 7 2 9 0 8 5 4 10 
792,3.36801e-06,4.45599e-06,2.96642e-06,50,100,100,224416,1 3 6 11 7 2 9 0 8 5 4 10 
793,3.33112e-06,4.45599e-06,2.95556e-06,50,100,100,224416,1 3 6 11 7 2 9 0 8 5 4 10 
794,3.29604e-06,4.45599e-06,2.95896e-06,50,100,100,224416,1 3 6 11 7 2 9 0 8 5 4 10 
795,3.31237e-06,4.45599e-06,2.93266e-06,50,100,100,224416,1 3 6 11 7 2 9 0 8 5 4 10 
796,3.31633e-06,4.45599e-06,2.93537e-06,50,100,100,224416,1 3 6 11 7 2 9 0 8 5 4 10 
797,3.33452e-06,4.45599e-06,2.95913e-06,50,100,100,224416,1 3 6 11 7 2 9 0 8 5 4 10 
798,3.30608e-06,4.45599e-06,2.97407e-06,50,100,100,224416,1 3 6 11 7 2 9 0 8 5 4 10 
799,3.35859e-06,4.45599e-06,3.02602e-06,50,100,100,224416,1 3 6 11 7 2 9 0 8 5 4 10 
800,3.32916e-06,4.45599e-06,2.99105e-06,50,100,100,224416,1 3 6 11 7 2 9 0 8 5 4 10 
801,3.31998e-06,4.45599e-06,2.97551e-06,50,100,100,224416,1 3 6 11 7 2 9 0 8 5 4 10 
802,3.31915e-06,4.45599e-06,2.9595e-06,50,100,100,224416,1 3 6 11 7 2 9 0 8 5 4 10 
803,3.34498e-06,4.45599e-06,3.01868e-06,50,100,100,224416,1 3 6 11 7 2 9 0 8 5 4 10 
804,3.38084e-06,4.45599e-06,3.06188e-06,50,100,100,224416,1 3 6 11 7 2 9 0 8 5 4 10 
805,3.33747e-06,4.45599e-06,3.00359e-06,50,100,100,224416,1 3 6 11 7 2 9 0 8 5 4 10 
806,3.33992e-06,4.45599e-06,2.98223e-06,50,100,100,224416,1 3 6 11 7 2 9 0 8 5 4 10 
807,3.36721e-06,4.45599e-06,3.03725e-06,50,100,100,224416,1 3 6 11 7 2 9 0 8 5 4 10 
808,3.34987e-06,4.45599e-06,3.0095e-06,50,100,100,224416,1 3 6 11 7 2 9 0 8 5 4 10 
809,3.32306e-06,4.45599e-06,2.96791e-06,50,100,100,224416,1 3 6 11 7 2 9 0 8 5 4 10 
810,3.34664e-06,4.45599e-06,3.01817e-06,50,100,100,224416,1 3 6 11 7 2 9 0 8 5 4 10 
811,3.34809e-06,4.45599e-06,2.99352e-06,50,100,100,224416,1 3 6 11 7 2 9 0 8 5 4 10 
812,3.32085e-06,4.45599e-06,2.97655e-06,50,100,100,224416,1 3 6 11 7 2 9 0 8 5 4 10 
813,3.33464e-06,4.45599e-06,2.91464e-06,50,100,100,224416,1 3 6 11 7 2 9 0 8 5 4 10 
814,3.36634e-06,4.45599e-06,3.00968e-06,50,100,100,224416,1 3 6 11 7 2 9 0 8 5 4 10 
815,3.34679e-06,4.45599e-06,2.97523e-06,50,100,100,224416,1 3 6 11 7 2 9 0 8 5 4 10 
816,3.32586e-06,4.45599e-06,2.95735e-06,50,100,100,224416,1 3 6 11 7 2 9 0 8 5 4 10 
817,3.31812e-06,4.45599e-06,2.96929e-06,50,100,100,224416,1 3 6 11 7 2 9 0 8 5 4 10 
818,3.3053e-06,4.45599e-06,2.95822e-06,50,100,100,224416,1 3 6 11 7 2 9 0 8 5 4 10 
819,3.32522e-06,4.45599e-06,2.96994e-06,50,100,100,224416,1 3 6 11 7 2 9 0 8 5 4 10 
820,3.31229e-06,4.45599e-06,2.93112e-06,50,100,100,224416,1 3 6 11 7 2 9 0 8 5 4 10 
821,3.29987e-06,4.45599e-06,2.90181e-06,50,100,100,224416,1 3 6 11 7 2 9 0 8 5 4 10 
822,3.30772e-06,4.45599e-06,2.94812e-06,50,100,100,224416,1 3 6 11 7 2 9 0 8 5 4 10 
823,3.34633e-06,4.45599e-06,2.97484e-06,50,100,100,224416,1 3 6 11 7 2 9 0 8 5 4 10 
824,3.33569e-06,4.45599e-06,2.9374e-06,50,100,100,224416,1 3 6 11 7 2 9 0 8 5 4 10 
825,3.33198e-06,4.45599e-06,2.9459e-06,50,100,100,224416,1 3 6 11 7 2 9 0 8 5 4 10 
826,3.3599e-06,4.45599e-06,2.93683e-06,50,100,100,224416,1 3 6 11 7 2 9 0 8 5 4 10 
827,3.34053e-06,4.45599e-06,3.04701e-06,50,100,100,224416,1 3 6 11 7 2 9 0 8 5 4 10 
828,3.33156e-06,4.45599e-06,2.97086e-06,50,100,100,224416,1 3 6 11 7 2 9 0 8 5 4 10 
829,3.35648e-06,4.45599e-06,2.97287e-06,50,100,100,224416,1 3 6 11 7 2 9 0 8 5 4 10 
830,3.37176e-06,4.45599e-06,2.88668e-06,50,100,100,224416,1 3 6 11 7 2 9 0 8 5 4 10 
831,3.3447e-06,4.45599e-06,2.88087e-06,50,100,100,224416,1 3 6 11 7 2 9 0 8 5 4 10 
832,3.35608e-06,4.45599e-06,3.03452e-06,50,100,100,224416,1 3 6 11 7 2 9 0 8 5 4 10 
833,3.34844e-06,4.45599e-06,3.02644e-06,50,100,100,224416,1 3 6 11 7 2 9 0 8 5 4 10 
834,3.36373e-06,4.45599e-06,3.00722e-06,50,100,100,224416,1 3 6 11 7 2 9 0 8 5 4 10 
835,3.37748e-06,4.45599e-06,3.02313e-06,50,100,100,224416,1 3 6 11 7 2 9 0 8 5 4 10 
836,3.38016e-06,4.45599e-06,3.00478e-06,50,100,100,224416,1 3 6 11 7 2 9 0 8 5 4 10 
837,3.37513e-06,4.45599e-06,3.06182e-06,50,100,100,224416,1 3 6 11 7 2 9 0 8 5 4 10 
838,3.34518e-06,4.45599e-06,2.98996e-06,50,100,100,224416,1 3 6 11 7 2 9 0 8 5 4 10 
839,3.35648e-06,4.45599e-06,2.96908e-06,50,100,100,224416,1 3 6 11 7 2 9 0 8 5 4 10 
840,3.37091e-06,4.45599e-06,3.0207e-06,50,100,100,224416,1 3 6 11 7 2 9 0 8 5 4 10 
841,3.32147e-06,4.45599e-06,2.96728e-06,50,100,100,224416,1 3 6 11 7 2 9 0 8 5 4 10 
842,3.35127e-06,4.45599e-06,3.04315e-06,50,100,100,224416,1 3 6 11 7 2 9 0 8 5 4 10 
843,3.34996e-06,4.45599e-06,3.00029e-06,50,100,100,224416,1 3 6 11 7 2 9 0 8 5 4 10 
844,3.35998e-06,4.45599e-06,3.00898e-06,50,100,100,224416,1 3 6 11 7 2 9 0 8 5 4 10 
845,3.34085e-06,4.45599e-06,2.97792e-06,50,100,100,224416,1 3 6 11 7 2 9 0 8 5 4 10 
846,3.31027e-06,4.45599e-06,2.95609e-06,50,100,100,224416,1 3 6 11 7 2 9 0 8 5 4 10 
847,3.29675e-06,4.45599e-06,2.96213e-06,50,100,100,224416,1 3 6 11 7 2 9 0 8 5 4 10 
848,3.32208e-06,4.45599e-06,2.99257e-06,50,100,100,224416,1 3 6 11 7 2 9 0 8 5 4 10 
849,3.30917e-06,4.45599e-06,3.02905e-06,50,100,100,224416,1 3 6 11 7 2 9 0 8 5 4 10 
850,3.30991e-06,4.45599e-06,2.99031e-06,50,100,100,224416,1 3 6 11 7 2 9 0 8 5 4 10 
851,3.30687e-06,4.45599e-06,2.9089e-06,50,100,100,224416,1 3 6 11 7 2 9 0 8 5 4 10 
852,3.32382e-06,4.45599e-06,2.96318e-06,50,100,100,224416,1 3 6 11 7 2 9 0 8 5 4 10 
853,3.34282e-06,4.45599e-06,2.92076e-06,50,100,100,224416,1 3 6 11 7 2 9 0 8 5 4 10 
854,3.36732e-06,4.45599e-06,2.92452e-06,50,100,100,224416,1 3 6 11 7 2 9 0 8 5 4 10 
855,3.33392e-06,4.45599e-06,2.91067e-06,50,100,100,224416,1 3 6 11 7 2 9 0 8 5 4 10 
856,3.32167e-06,4.45599e-06,3.03268e-06,50,100,100,224416,1 3 6 11 7 2 9 0 8 5 4 10 
857,3.31161e-06,4.45599e-06,3.01478e-06,50,100,100,224416,1 3 6 11 7 2 9 0 8 5 4 10 
858,3.31593e-06,4.45599e-06,2.96471e-06,50,100,100,224416,1 3 6 11 7 2 9 0 8 5 4 10 
859,3.32367e-06,4.45599e-06,2.98261e-06,50,100,100,224416,1 3 6 11 7 2 9 0 8 5 4 10 
860,3.29034e-06,4.45599e-06,2.85816e-06,50,100,100,224416,1 3 6 11 7 2 9 0 8 5 4 10 
861,3.29697e-06,4.45599e-06,2.95966e-06,50,100,100,224416,1 3 6 11 7 2 9 0 8 5 4 10 
862,3.30094e-06,4.45599e-06,2.912e-06,50,100,100,224416,1 3 6 11 7 2 9 0 8 5 4 10 
863,3.31686e-06,4.45599e-06,2.96984e-06,50,100,100,224416,1 3 6 11 7 2 9 0 8 5 4 10 
864,3.3206e-06,4.45599e-06,2.97815e-06,50,100,100,224416,1 3 6 11 7 2 9 0 8 5 4 10 
865,3.31462e-06,4.45599e-06,2.99191e-06,50,100,100,224416,1 3 6 11 7 2 9 0 8 5 4 10 
866,3.2993e-06,4.45599e-06,3.01458e-06,50,100,100,224416,1 3 6 11 7 2 9 0 8 5 4 10 
867,3.31441e-06,4.45599e-06,3.01015e-06,50,100,100,224416,1 3 6 11 7 2 9 0 8 5 4 10 
868,3.31085e-06,4.45599e-06,2.96813e-06,50,100,100,224416,1 3 6 11 7 2 9 0 8 5 4 10 
869,3.29908e-06,4.45599e-06,2.95624e-06,50,100,100,224416,1 3 6 11 7 2 9 0 8 5 4 10 
870,3.31437e-06,4.45599e-06,3.00334e-06,50,100,100,224416,1 3 6 11 7 2 9 0 8 5 4 10 
871,3.34731e-06,4.45599e-06,3.00939e-06,50,100,100,224416,1 3 6 11 7 2 9 0 8 5 4 10 
872,3.32874e-06,4.45599e-06,3.00071e-06,50,100,100,224416,1 3 6 11 7 2 9 0 8 5 4 10 
873,3.31686e-06,4.45599e-06,2.99529e-06,50,100,100,224416,1 3 6 11 7 2 9 0 8 5 4 10 
874,3.30538e-06,4.45599e-06,2.87007e-06,50,100,100,224416,1 3 6 11 7 2 9 0 8 5 4 10 
875,3.30882e-06,4.45599e-06,2.95749e-06,50,100,100,224416,1 3 6 11 7 2 9 0 8 5 4 10 
876,3.32857e-06,4.45599e-06,2.96022e-06,50,100,100,224416,1 3 6 11 7 2 9 0 8 5 4 10 
877,3.32117e-06,4.45599e-06,2.9373e-06,50,100,100,224416,1 3 6 11 7 2 9 0 8 5 4 10 
878,3.33268e-06,4.45599e-06,2.957e-06,50,100,100,224416,1 3 6 11 7 2 9 0 8 5 4 10 
879,3.31682e-06,4.45599e-06,2.99275e-06,50,100,100,224416,1 3 6 11 7 2 9 0 8 5 4 10 
880,3.30862e-06,4.45599e-06,2.94432e-06,50,100,100,224416,1 3 6 11 7 2 9 0 8 5 4 10 
881,3.3224e-06,4.45599e-06,2.99865e-06,50,100,100,224416,1 3 6 11 7 2 9 0 8 5 4 10 
882,3.32488e-06,4.45599e-06,3.02983e-06,50,100,100,224416,1 3 6 11 7 2 9 0 8 5 4 10 
883,3.30125e-06,4.45599e-06,2.92045e-06,50,100,100,224416,1 3 6 11 7 2 9 0 8 5 4 10 
884,3.29039e-06,4.45599e-06,2.96707e-06,50,100,100,224416,1 3 6 11 7 2 9 0 8 5 4 10 
885,3.32044e-06,4.45599e-06,2.92842e-06,50,100,100,224416,1 3 6 11 7 2 9 0 8 5 4 10 
886,3.32217e-06,4.45599e-06,3.02242e-06,50,100,100,224416,1 3 6 11 7 2 9 0 8 5 4 10 
887,3.34221e-06,4.45599e-06,2.98592e-06,50,100,100,224416,1 3 6 11 7 2 9 0 8 5 4 10 
888,3.33301e-06,4.45599e-06,3.05628e-06,50,100,100,224416,1 3 6 11 7 2 9 0 8 5 4 10 
889,3.31192e-06,4.45599e-06,2.97779e-06,50,100,100,224416,1 3 6 11 7 2 9 0 8 5 4 10 
890,3.32308e-06,4.45599e-06,3.05617e-06,50,100,100,224416,1 3 6 11 7 2 9 0 8 5 4 10 
891,3.35698e-06,4.45599e-06,3.02065e-06,50,100,100,224416,1 3 6 11 7 2 9 0 8 5 4 10 
892,3.35411e-06,4.45599e-06,2.9719e-06,50,100,100,224416,1 3 6 11 7 2 9 0 8 5 4 10 
893,3.38819e-06,4.45599e-06,3.03057e-06,50,100,100,224416,1 3 6 11 7 2 9 0 8 5 4 10 
894,3.36973e-06,4.45599e-06,2.9658e-06,50,100,100,224416,1 3 6 11 7 2 9 0 8 5 4 10 
895,3.36035e-06,4.45599e-06,3.03629e-06,50,100,100,224416,1 3 6 11 7 2 9 0 8 5 4 10 
896,3.33197e-06,4.45599e-06,3.02276e-06,50,100,100,224416,1 3 6 11 7 2 9 0 8 5 4 10 
897,3.3417e-06,4.45599e-06,2.98567e-06,50,100,100,224416,1 3 6 11 7 2 9 0 8 5 4 10 
898,3.33119e-06,4.45599e-06,2.97086e-06,50,100,100,224416,1 3 6 11 7 2 9 0 8 5 4 10 
899,3.34017e-06,4.45599e-06,3.0572e-06,50,100,100,224416,1 3 6 11 7 2 9 0 8 5 4 10 
900,3.35816e-06,4.45599e-06,3.03169e-06,50,100,100,224416,1 3 6 11 7 2 9 0 8 5 4 10 
901,3.37255e-06,4.45599e-06,2.93012e-06,50,100,100,224416,1 3 6 11 7 2 9 0 8 5 4 10 
902,3.37667e-06,4.45599e-06,3.01447e-06,50,100,100,224416,1 3 6 11 7 2 9 0 8 5 4 10 
903,3.37683e-06,4.45599e-06,3.00372e-06,50,100,100,224416,1 3 6 11 7 2 9 0 8 5 4 10 
904,3.35344e-06,4.45599e-06,2.98558e-06,50,100,100,224416,1 3 6 11 7 2 9 0 8 5 4 10 
905,3.36115e-06,4.45599e-06,3.01529e-06,50,100,100,224416,1 3 6 11 7 2 9 0 8 5 4 10 
906,3.37772e-06,4.45599e-06,3.05177e-06,50,100,100,224416,1 3 6 11 7 2 9 0 8 5 4 10 
907,3.34007e-06,4.45599e-06,3.03834e-06,50,100,100,224416,1 3 6 11 7 2 9 0 8 5 4 10 
908,3.351e-06,4.45599e-06,2.93507e-06,50,100,100,224416,1 3 6 11 7 2 9 0 8 5 4 10 
909,3.33746e-06,4.45599e-06,3.03364e-06,50,100,100,224416,1 3 6 11 7 2 9 0 8 5 4 10 
910,3.37739e-06,4.45599e-06,3.00715e-06,50,100,100,224416,1 3 6 11 7 2 9 0 8 5 4 10 
911,3.37821e-06,4.45599e-06,2.96308e-06,50,100,100,224416,1 3 6 11 7 2 9 0 8 5 4 10 
912,3.33416e-06,4.45599e-06,2.99049e-06,50,100,100,224416,1 3 6 11 7 2 9 0 8 5 4 10 
913,3.35567e-06,4.45599e-06,2.97031e-06,50,100,100,224416,1 3 6 11 7 2 9 0 8 5 4 10 
914,3.37446e-06,4.45599e-06,3.09038e-06,50,100,100,224416,1 3 6 11 7 2 9 0 8 5 4 10 
915,3.34903e-06,4.45599e-06,3.04825e-06,50,100,100,224416,1 3 6 11 7 2 9 0 8 5 4 10 
916,3.35834e-06,4.45599e-06,2.97788e-06,50,100,100,224416,1 3 6 11 7 2 9 0 8 5 4 10 
917,3.37759e-06,4.45599e-06,3.02945e-06,50,100,100,224416,1 3 6 11 7 2 9 0 8 5 4 10 
918,3.37368e-06,4.45599e-06,3.07166e-06,50,100,100,224416,1 3 6 11 7 2 9 0 8 5 4 10 
919,3.34217e-06,4.45599e-06,2.92868e-06,50,100,100,224416,1 3 6 11 7 2 9 0 8 5 4 10 
920,3.37476e-06,4.45599e-06,2.9984e-06,50,100,100,224416,1 3 6 11 7 2 9 0 8 5 4 10 
921,3.35952e-06,4.45599e-06,2.98996e-06,50,100,100,224416,1 3 6 11 7 2 9 0 8 5 4 10 
922,3.37238e-06,4.45599e-06,3.04634e-06,50,100,100,224416,1 3 6 11 7 2 9 0 8 5 4 10 
923,3.36386e-06,4.45599e-06,3.01086e-06,50,100,100,224416,1 3 6 11 7 2 9 0 8 5 4 10 
924,3.37351e-06,4.45599e-06,3.04751e-06,50,100,100,224416,1 3 6 11 7 2 9 0 8 5 4 10 
925,3.37394e-06,4.45599e-06,3.05221e-06,50,100,100,224416,1 3 6 11 7 2 9 0 8 5 4 10 
926,3.35788e-06,4.45599e-06,3.03191e-06,50,100,100,224416,1 3 6 11 7 2 9 0 8 5 4 10 
927,3.32766e-06,4.45599e-06,3.00206e-06,50,100,100,224416,1 3 6 11 7 2 9 0 8 5 4 10 
928,3.37548e-06,4.45599e-06,3.02249e-06,50,100,100,224416,1 3 6 11 7 2 9 0 8 5 4 10 
929,3.36697e-06,4.45599e-06,3.08224e-06,50,100,100,224416,1 3 6 11 7 2 9 0 8 5 4 10 
930,3.35052e-06,4.45599e-06,3.00215e-06,50,100,100,224416,1 3 6 11 7 2 9 0 8 5 4 10 
931,3.36006e-06,4.45599e-06,3.00377e-06,50,100,100,224416,1 3 6 11 7 2 9 0 8 5 4 10 
932,3.37594e-06,4.45599e-06,3.02388e-06,50,100,100,224416,1 3 6 11 7 2 9 0 8 5 4 10 
933,3.36015e-06,4.45599e-06,2.99395e-06,50,100,100,224416,1 3 6 11 7 2 9 0 8 5 4 10 
934,3.38753e-06,4.45599e-06,2.9639e-06,50,100,100,224416,1 3 6 11 7 2 9 0 8 5 4 10 
935,3.38773e-06,4.45599e-06,3.0267e-06,50,100,100,224416,1 3 6 11 7 2 9 0 8 5 4 10 
936,3.36055e-06,4.45599e-06,2.97015e-06,50,100,100,224416,1 3 6 11 7 2 9 0 8 5 4 10 
937,3.37174e-06,4.45599e-06,2.98505e-06,50,100,100,224416,1 3 6 11 7 2 9 0 8 5 4 10 
938,3.38504e-06,4.45599e-06,3.04304e-06,50,100,100,224416,1 3 6 11 7 2 9 0 8 5 4 10 
939,3.38894e-06,4.45599e-06,3.06053e-06,50,100,100,224416,1 3 6 11 7 2 9 0 8 5 4 10 
940,3.38131e-06,4.45599e-06,2.93497e-06,50,100,100,224416,1 3 6 11 7 2 9 0 8 5 4 10 
941,3.38714e-06,4.45599e-06,2.99429e-06,50,100,100,224416,1 3 6 11 7 2 9 0 8 5 4 10 
942,3.40759e-06,4.45599e-06,3.07028e-06,50,100,100,224416,1 3 6 11 7 2 9 0 8 5 4 10 
943,3.36303e-06,4.45599e-06,2.92342e-06,50,100,100,224416,1 3 6 11 7 2 9 0 8 5 4 10 
944,3.34072e-06,4.45599e-06,2.94034e-06,50,100,100,224416,1 3 6 11 7 2 9 0 8 5 4 10 
945,3.37326e-06,4.45599e-06,2.9636e-06,50,100,100,224416,1 3 6 11 7 2 9 0 8 5 4 10 
946,3.35471e-06,4.45599e-06,2.99846e-06,50,100,100,224416,1 3 6 11 7 2 9 0 8 5 4 10 
947,3.36732e-06,4.45599e-06,3.07302e-06,50,100,100,224416,1 3 6 11 7 2 9 0 8 5 4 10 
948,3.35495e-06,4.45599e-06,3.01875e-06,50,100,100,224416,1 3 6 11 7 2 9 0 8 5 4 10 
949,3.35319e-06,4.45599e-06,3.03727e-06,50,100,100,224416,1 3 6 11 7 2 9 0 8 5 4 10 
950,3.35355e-06,4.45599e-06,2.98193e-06,50,100,100,224416,1 3 6 11 7 2 9 0 8 5 4 10 
951,3.34297e-06,4.45599e-06,3.01828e-06,50,100,100,224416,1 3 6 11 7 2 9 0 8 5 4 10 
952,3.36242e-06,4.45599e-06,2.97512e-06,50,100,100,224416,1 3 6 11 7 2 9 0 8 5 4 10 
953,3.36204e-06,4.45599e-06,3.04524e-06,50,100,100,224416,1 3 6 11 7 2 9 0 8 5 4 10 
954,3.36577e-06,4.45599e-06,3.01753e-06,50,100,100,224416,1 3 6 11 7 2 9 0 8 5 4 10 
955,3.34055e-06,4.45599e-06,3.01649e-06,50,100,100,224416,1 3 6 11 7 2 9 0 8 5 4 10 
956,3.35945e-06,4.45599e-06,3.04944e-06,50,100,100,224416,1 3 6 11 7 2 9 0 8 5 4 10 
957,3.35236e-06,4.45599e-06,2.96067e-06,50,100,100,224416,1 3 6 11 7 2 9 0 8 5 4 10 
958,3.35021e-06,4.45599e-06,2.97328e-06,50,100,100,224416,1 3 6 11 7 2 9 0 8 5 4 10 
959,3.35787e-06,4.45599e-06,2.96682e-06,50,100,100,224416,1 3 6 11 7 2 9 0 8 5 4 10 
960,3.39729e-06,4.45599e-06,2.9446e-06,50,100,100,224416,1 3 6 11 7 2 9 0 8 5 4 10 
961,3.38528e-06,4.45599e-06,2.91454e-06,50,100,100,224416,1 3 6 11 7 2 9 0 8 5 4 10 
962,3.40391e-06,4.45599e-06,2.99795e-06,50,100,100,224416,1 3 6 11 7 2 9 0 8 5 4 10 
963,3.38986e-06,4.45599e-06,2.99632e-06,50,100,100,224416,1 3 6 11 7 2 9 0 8 5 4 10 
964,3.36079e-06,4.45599e-06,2.99327e-06,50,100,100,224416,1 3 6 11 7 2 9 0 8 5 4 10 
965,3.38949e-06,4.45599e-06,2.9743e-06,50,100,100,224416,1 3 6 11 7 2 9 0 8 5 4 10 
966,3.37176e-06,4.45599e-06,3.03949e-06,50,100,100,224416,1 3 6 11 7 2 9 0 8 5 4 10 
967,3.37306e-06,4.45599e-06,3.02474e-06,50,100,100,224416,1 3 6 11 7 2 9 0 8 5 4 10 
968,3.36302e-06,4.45599e-06,3.04283e-06,50,100,100,224416,1 3 6 11 7 2 9 0 8 5 4 10 
969,3.36826e-06,4.45599e-06,3.03624e-06,50,100,100,224416,1 3 6 11 7 2 9 0 8 5 4 10 
970,3.37738e-06,4.45599e-06,2.97111e-06,50,100,100,224416,1 3 6 11 7 2 9 0 8 5 4 10 
971,3.35849e-06,4.45599e-06,3.02996e-06,50,100,100,224416,1 3 6 11 7 2 9 0 8 5 4 10 
972,3.38216e-06,4.45599e-06,3.06883e-06,50,100,100,224416,1 3 6 11 7 2 9 0 8 5 4 10 
973,3.36549e-06,4.45599e-06,2.96899e-06,50,100,100,224416,1 3 6 11 7 2 9 0 8 5 4 10 
974,3.36864e-06,4.45599e-06,2.90454e-06,50,100,100,224416,1 3 6 11 7 2 9 0 8 5 4 10 
975,3.38774e-06,4.45599e-06,2.99477e-06,50,100,100,224416,1 3 6 11 7 2 9 0 8 5 4 10 
976,3.39328e-06,4.45599e-06,2.99526e-06,50,100,100,224416,1 3 6 11 7 2 9 0 8 5 4 10 
977,3.40402e-06,4.45599e-06,3.00493e-06,50,100,100,224416,1 3 6 11 7 2 9 0 8 5 4 10 
978,3.3859e-06,4.45599e-06,2.94878e-06,50,100,100,224416,1 3 6 11 7 2 9 0 8 5 4 10 
979,3.40049e-06,4.45599e-06,3.04502e-06,50,100,100,224416,1 3 6 11 7 2 9 0 8 5 4 10 
980,3.35776e-06,4.45599e-06,2.95157e-06,50,100,100,224416,1 3 6 11 7 2 9 0 8 5 4 10 
981,3.39249e-06,4.45599e-06,2.95445e-06,50,100,100,224416,1 3 6 11 7 2 9 0 8 5 4 10 
982,3.39832e-06,4.45599e-06,3.00945e-06,50,100,100,224416,1 3 6 11 7 2 9 0 8 5 4 10 
983,3.37687e-06,4.45599e-06,2.96867e-06,50,100,100,224416,1 3 6 11 7 2 9 0 8 5 4 10 
984,3.40041e-06,4.45599e-06,3.00188e-06,50,100,100,224416,1 3 6 11 7 2 9 0 8 5 4 10 
985,3.4224e-06,4.45599e-06,3.09482e-06,50,100,100,224416,1 3 6 11 7 2 9 0 8 5 4 10 
986,3.42126e-06,4.45599e-06,3.05651e-06,50,100,100,224416,1 3 6 11 7 2 9 0 8 5 4 10 
987,3.41422e-06,4.45599e-06,3.01415e-06,50,100,100,224416,1 3 6 11 7 2 9 0 8 5 4 10 
988,3.40226e-06,4.45599e-06,3.0126e-06,50,100,100,224416,1 3 6 11 7 2 9 0 8 5 4 10 
989,3.40315e-06,4.45599e-06,2.95324e-06,50,100,100,224416,1 3 6 11 7 2 9 0 8 5 4 10 
990,3.40081e-06,4.45599e-06,3.02461e-06,50,100,100,224416,1 3 6 11 7 2 9 0 8 5 4 10 
991,3.39465e-06,4.45599e-06,2.96908e-06,50,100,100,224416,1 3 6 11 7 2 9 0 8 5 4 10 
992,3.39951e-06,4.45599e-06,3.02884e-06,50,100,100,224416,1 3 6 11 7 2 9 0 8 5 4 10 
993,3.40718e-06,4.45599e-06,3.04639e-06,50,100,100,224416,1 3 6 11 7 2 9 0 8 5 4 10 
994,3.4043e-06,4.45599e-06,2.95777e-06,50,100,100,224416,1 3 6 11 7 2 9 0 8 5 4 10 
995,3.36948e-06,4.45599e-06,2.95822e-06,50,100,100,224416,1 3 6 11 7 2 9 0 8 5 4 10 
996,3.37746e-06,4.45599e-06,2.99085e-06,50,100,100,224416,1 3 6 11 7 2 9 0 8 5 4 10 
997,3.37644e-06,4.45599e-06,2.99641e-06,50,100,100,224416,1 3 6 11 7 2 9 0 8 5 4 10 
998,3.40889e-06,4.45599e-06,3.06975e-06,50,100,100,224416,1 3 6 11 7 2 9 0 8 5 4 10 
999,3.4015e-06,4.45599e-06,3.01358e-06,50,100,100,224416,1 3 6 11 7 2 9 0 8 5 4 10 
